0b001501 0b000101 10000 100 5000000 2000000000 3554581 423360
0b000f01 0b000101 10000 100 5000000 2000000000 5975364 423360
0b001101 0b000101 10000 100 5000000 2000000000 6104149 423360
0b001201 0b000101 10000 100 5000000 2000000000 6134869 423360
0b001001 0b000101 10000 100 5000000 2000000000 6173887 423360
0b000a01 0b000101 10000 100 5000000 2000000000 6248222 423360
0b000d01 0b000101 10000 100 5000000 2000000000 6324431 423360
0b000c01 0b000101 10000 100 5000000 2000000000 6684391 423360
0b001401 0b000101 10000 100 5000000 2000000000 6749732 423360
0b000e01 0b000101 10000 100 5000000 2000000000 6876027 423360
0b001301 0b000101 10000 100 5000000 2000000000 7159241 423360
0b000b01 0b000101 10000 100 5000000 2000000000 7711158 423360
0b000601 0b000101 10000 100 5000000 2000000000 7726532 423360
0b000801 0b000101 10000 100 5000000 2000000000 7771211 423360
0b000701 0b000101 10000 100 5000000 2000000000 7772975 423360
0b000501 0b000101 10000 100 5000000 2000000000 7825059 423360
0b000901 0b000101 10000 100 5000000 2000000000 7841260 423360
0b000201 0b000101 10000 100 200000000 2000000000 27581112 16772160
0b000301 0b000101 10000 100 200000000 2000000000 43890652 16772160
0b000401 0b000101 10000 100 150000000 2000000000 53755964 12580160