0b001201 0b000101 10000 100 5000000 2000000000 2774462 423360
0b001301 0b000101 10000 100 5000000 2000000000 3320809 423360
0b001401 0b000101 10000 100 5000000 2000000000 3469983 423360
0b001101 0b000101 10000 100 5000000 2000000000 4034801 423360
0b000201 0b000101 10000 100 200000000 2000000000 23123127 16772160
0b001501 0b000101 10000 100 5000000 2000000000 23606288 423360
0b000f01 0b000101 10000 100 5000000 2000000000 24185821 423360
0b000601 0b000101 10000 100 5000000 2000000000 24339013 423360
0b000b01 0b000101 10000 100 5000000 2000000000 24384849 423360
0b000e01 0b000101 10000 100 5000000 2000000000 24448017 423360
0b000d01 0b000101 10000 100 5000000 2000000000 24470635 423360
0b001001 0b000101 10000 100 5000000 2000000000 24621531 423360
0b000c01 0b000101 10000 100 5000000 2000000000 24677727 423360
0b000501 0b000101 10000 100 5000000 2000000000 24694947 423360
0b000901 0b000101 10000 100 5000000 2000000000 24854448 423360
0b000801 0b000101 10000 100 5000000 2000000000 24918844 423360
0b000701 0b000101 10000 100 5000000 2000000000 24926152 423360
0b000a01 0b000101 10000 100 5000000 2000000000 24962810 423360
0b000401 0b000101 10000 100 150000000 2000000000 42570283 12580160
0b000301 0b000101 10000 100 200000000 2000000000 53555904 16772160