4848.0 1.0 1.0
4848.0 1.0 1.4
4848.0 1.4 1.68
4848.0 1.68 2.016
4764.0 2.016 2.419
4680.0 2.419 2.903
4680.0 2.903 3.484
4805.0 3.484 4.18
4747.0 4.18 5.016
4817.0 5.016 6.02
4596.0 6.02 7.224
4789.0 7.224 8.668
5328.0 8.668 6.897
6456.0 6.897 6.85
7596.0 6.85 6.818
8457.0 6.818 6.803
8947.0 6.803 6.799
9351.0 6.799 6.791
10251.0 6.791 6.753
10731.0 6.753 6.751
11232.0 6.751 6.737
11985.0 6.737 6.711
12727.0 6.711 6.691
13505.0 6.691 6.668
13987.0 6.668 6.664
15007.0 6.664 6.628
15427.0 6.628 6.63
15833.0 6.63 6.623
16491.0 6.623 6.599
17304.0 6.599 6.572
17696.0 6.572 6.57
18186.0 6.57 6.555
18651.0 6.555 6.545
19155.0 6.545 6.532
19797.0 6.532 6.51
20025.0 6.51 6.513
20441.0 6.513 6.499
20773.0 6.499 6.494
21241.0 6.494 6.48
21485.0 6.48 6.476
21930.0 6.476 6.46
22274.0 6.46 6.453
22184.0 6.453 6.466
22443.0 6.466 6.454
22791.0 6.454 6.443
23019.0 6.443 6.441
23025.0 6.441 6.447
23367.0 6.447 6.432
23559.0 6.432 6.428
23613.0 6.428 6.43
23733.0 6.43 6.429
23902.0 6.429 6.423
23884.0 6.423 6.431
23931.0 6.431 6.432
24268.0 6.432 6.413
24101.0 6.413 6.426
24110.0 6.426 6.426
24260.0 6.426 6.418
24242.0 6.418 6.42
24354.0 6.42 6.416
24401.0 6.416 6.415
24429.0 6.415 6.413
24606.0 6.413 6.405
24615.0 6.405 6.408
24689.0 6.408 6.407
24595.0 6.407 6.414
24501.0 6.414 6.42
24678.0 6.42 6.412
24641.0 6.412 6.417
24818.0 6.417 6.405
24762.0 6.405 6.41
24584.0 6.41 6.418
24761.0 6.418 6.407
24705.0 6.407 6.409
24779.0 6.409 6.405
24937.0 6.405 6.398
24740.0 6.398 6.41
24608.0 6.41 6.416
24869.0 6.416 6.399
24813.0 6.399 6.405
24681.0 6.405 6.41
24820.0 6.41 6.4
24745.0 6.4 6.408
24865.0 6.408 6.401
24939.0 6.401 6.4
24910.0 6.4 6.406
24965.0 6.406 6.4
25039.0 6.4 6.397
24842.0 6.397 6.407
24878.0 6.407 6.403
24868.0 6.403 6.406
24755.0 6.406 6.41
24829.0 6.41 6.406
24922.0 6.406 6.405
24744.0 6.405 6.414
24967.0 6.414 6.401
24892.0 6.401 6.407
24779.0 6.407 6.413
24937.0 6.413 6.404
24862.0 6.404 6.409
25001.0 6.409 6.401
24991.0 6.401 6.405
24962.0 6.405 6.404
24784.0 6.404 6.414
24839.0 6.414 6.408
24932.0 6.408 6.402
24838.0 6.402 6.41
24893.0 6.41 6.401
24715.0 6.401 6.408
24854.0 6.408 6.399
24760.0 6.399 6.407
24880.0 6.407 6.398
24870.0 6.398 6.397
24822.0 6.397 6.398
24858.0 6.398 6.396
24894.0 6.396 6.394
25098.0 6.394 6.384
25031.0 6.384 6.389
24926.0 6.389 6.392
24840.0 6.392 6.394
24857.0 6.394 6.393
24958.0 6.393 6.39
24807.0 6.39 6.398
24721.0 6.398 6.403
24673.0 6.403 6.404
24812.0 6.404 6.393
24867.0 6.393 6.395
24968.0 6.395 6.392
24733.0 6.392 6.405
24750.0 6.405 6.4
24992.0 6.4 6.387
24879.0 6.387 6.396
24961.0 6.396 6.389
24997.0 6.389 6.389
24743.0 6.389 6.401
24909.0 6.401 6.389
24964.0 6.389 6.39
24962.0 6.39 6.39
24624.0 6.39 6.409
24893.0 6.409 6.393
25051.0 6.393 6.386
24900.0 6.386 6.397
24814.0 6.397 6.4
24850.0 6.4 6.401
24905.0 6.401 6.397
24876.0 6.397 6.398
24996.0 6.398 6.39
24780.0 6.39 6.404
24778.0 6.404 6.402
24833.0 6.402 6.4
25056.0 6.4 6.388
25008.0 6.388 6.392
25006.0 6.392 6.389
24771.0 6.389 6.401
24853.0 6.401 6.394
24992.0 6.394 6.388
25009.0 6.388 6.388
25007.0 6.388 6.388
24921.0 6.388 6.39
25003.0 6.39 6.384
24833.0 6.384 6.395
24980.0 6.395 6.386
24913.0 6.386 6.389
24995.0 6.389 6.383
24993.0 6.383 6.387
24888.0 6.387 6.391
24802.0 6.391 6.393
25155.0 6.393 6.376
24943.0 6.376 6.389
24903.0 6.389 6.389
24817.0 6.389 6.392
24983.0 6.392 6.381
24664.0 6.381 6.4
25044.0 6.4 6.376
25015.0 6.376 6.384
24975.0 6.384 6.385
24954.0 6.385 6.385
24933.0 6.385 6.385
24828.0 6.385 6.391
24891.0 6.391 6.387
24908.0 6.387 6.386
24990.0 6.386 6.383
24988.0 6.383 6.385
24883.0 6.385 6.389
24862.0 6.389 6.388
25028.0 6.388 6.378
25026.0 6.378 6.38
24818.0 6.38 6.394
24946.0 6.394 6.383
24879.0 6.383 6.391
24774.0 6.391 6.394
24875.0 6.394 6.389
24808.0 6.389 6.394
24806.0 6.394 6.391
24823.0 6.391 6.395
24924.0 6.395 6.386
24689.0 6.386 6.4
24771.0 6.4 6.392
25078.0 6.392 6.377
24843.0 6.377 6.391
24887.0 6.391 6.387
24904.0 6.387 6.384
24986.0 6.384 6.38
24965.0 6.38 6.382
24925.0 6.382 6.383
24904.0 6.383 6.384
24715.0 6.384 6.394
25030.0 6.394 6.377
25131.0 6.377 6.373
24923.0 6.373 6.385
24864.0 6.385 6.385
24759.0 6.385 6.391
24822.0 6.391 6.386
24839.0 6.386 6.389
24669.0 6.389 6.394
24751.0 6.394 6.389
24936.0 6.389 6.38
24850.0 6.38 6.388
24810.0 6.388 6.391
24808.0 6.391 6.39
24993.0 6.39 6.378
24907.0 6.378 6.388
24951.0 6.388 6.389
24865.0 6.389 6.393
24695.0 6.393 6.396
24964.0 6.396 6.381
24916.0 6.381 6.388
24811.0 6.388 6.393
24809.0 6.393 6.391
24826.0 6.391 6.389
24927.0 6.389 6.386
24841.0 6.386 6.389
24923.0 6.389 6.384
24753.0 6.384 6.394
24900.0 6.394 6.385
24665.0 6.385 6.402
24896.0 6.402 6.386
24867.0 6.386 6.391
24781.0 6.391 6.395
24882.0 6.395 6.391
24899.0 6.391 6.389
24916.0 6.389 6.392
24830.0 6.392 6.394
24931.0 6.394 6.388
24948.0 6.388 6.39
25114.0 6.39 6.381
24776.0 6.381 6.398
24671.0 6.398 6.402
24959.0 6.402 6.386
25014.0 6.386 6.388
24844.0 6.388 6.395
24674.0 6.395 6.403
24878.0 6.403 6.387
25101.0 6.387 6.378
24679.0 6.378 6.402
24807.0 6.402 6.388
24778.0 6.388 6.39
24692.0 6.39 6.395
24858.0 6.395 6.384
24875.0 6.384 6.387
24938.0 6.387 6.382
24936.0 6.382 6.385
24915.0 6.385 6.385
24894.0 6.385 6.387
24873.0 6.387 6.388
24703.0 6.388 6.396
23693.0 6.396 6.446
21689.0 6.446 6.521
20503.0 6.521 6.535
19355.0 6.535 6.562
18539.0 6.562 6.572
17714.0 6.572 6.59
16944.0 6.59 6.611
16230.0 6.611 6.629
15757.0 6.629 6.633
15071.0 6.633 6.655
14663.0 6.655 6.656
14219.0 6.656 6.666
13691.0 6.666 6.685
13446.0 6.685 6.683
13161.0 6.683 6.688
12781.0 6.688 6.699
12412.0 6.699 6.711
12076.0 6.711 6.721
12012.0 6.721 6.715
11716.0 6.715 6.728
11568.0 6.728 6.728
11198.0 6.728 6.745
11075.0 6.745 6.743
10895.0 6.743 6.748
10715.0 6.748 6.753
10376.0 6.753 6.767
10298.0 6.767 6.762
10238.0 6.762 6.759
10169.0 6.759 6.76
10016.0 6.76 6.764
9443.0 6.764 6.793
8523.0 6.793 6.828
