4932.0 1.0 1.0
4932.0 1.0 1.4
4932.0 1.4 1.68
4932.0 1.68 2.016
4848.0 2.016 2.419
4764.0 2.419 2.903
4764.0 2.903 3.484
4889.0 3.484 4.18
5042.0 4.18 3.339
4816.0 3.339 4.342
4468.0 4.342 5.21
4907.0 5.21 6.252
5899.0 6.252 4.952
7376.0 4.952 4.91
7923.0 4.91 4.923
9151.0 4.923 4.884
9271.0 4.884 4.894
9733.0 4.894 4.886
10633.0 4.886 4.863
11214.0 4.863 4.856
12075.0 4.856 4.832
12838.0 4.832 4.823
13218.0 4.823 4.819
13994.0 4.819 4.799
14754.0 4.799 4.783
15294.0 4.783 4.774
15864.0 4.774 4.764
16491.0 4.764 4.755
17241.0 4.755 4.739
17625.0 4.739 4.736
18201.0 4.736 4.723
18664.0 4.723 4.716
19408.0 4.716 4.696
19783.0 4.696 4.694
19795.0 4.694 4.701
20467.0 4.701 4.678
20923.0 4.678 4.674
21019.0 4.674 4.675
21511.0 4.675 4.662
21751.0 4.662 4.66
22219.0 4.66 4.645
22338.0 4.645 4.647
22560.0 4.647 4.643
22866.0 4.643 4.637
23075.0 4.637 4.634
23329.0 4.634 4.626
23402.0 4.626 4.629
23352.0 4.629 4.634
23651.0 4.634 4.621
23808.0 4.621 4.618
23752.0 4.618 4.624
23999.0 4.624 4.617
24139.0 4.617 4.617
23985.0 4.617 4.625
24251.0 4.625 4.615
24223.0 4.615 4.617
24307.0 4.617 4.616
24405.0 4.616 4.614
24405.0 4.614 4.616
24657.0 4.616 4.605
24573.0 4.605 4.609
24601.0 4.609 4.609
24573.0 4.609 4.612
24797.0 4.612 4.604
24447.0 4.604 4.621
24559.0 4.621 4.613
24755.0 4.613 4.608
24657.0 4.608 4.613
24783.0 4.613 4.608
24685.0 4.608 4.614
24727.0 4.614 4.611
24797.0 4.611 4.609
24601.0 4.609 4.616
24895.0 4.616 4.606
24727.0 4.606 4.614
24839.0 4.614 4.608
24909.0 4.608 4.605
24615.0 4.605 4.618
24811.0 4.618 4.609
24741.0 4.609 4.613
24965.0 4.613 4.604
24699.0 4.604 4.618
24881.0 4.618 4.606
24895.0 4.606 4.607
24839.0 4.607 4.612
24713.0 4.612 4.613
24867.0 4.613 4.607
24937.0 4.607 4.604
24895.0 4.604 4.606
24825.0 4.606 4.608
24853.0 4.608 4.605
24979.0 4.605 4.601
24755.0 4.601 4.607
25007.0 4.607 4.598
24797.0 4.598 4.608
25119.0 4.608 4.594
24657.0 4.594 4.614
24951.0 4.614 4.599
24867.0 4.599 4.604
24951.0 4.604 4.599
24895.0 4.599 4.602
24895.0 4.602 4.602
24741.0 4.602 4.607
24839.0 4.607 4.6
24881.0 4.6 4.601
25049.0 4.601 4.594
24797.0 4.594 4.606
24937.0 4.606 4.596
24797.0 4.596 4.603
25021.0 4.603 4.593
24951.0 4.593 4.599
24993.0 4.599 4.594
24909.0 4.594 4.598
25049.0 4.598 4.592
24699.0 4.592 4.606
25077.0 4.606 4.585
24853.0 4.585 4.599
24937.0 4.599 4.593
24853.0 4.593 4.598
25063.0 4.598 4.59
25049.0 4.59 4.593
24825.0 4.593 4.602
25035.0 4.602 4.591
24881.0 4.591 4.597
24909.0 4.597 4.595
24895.0 4.595 4.597
24951.0 4.597 4.593
24685.0 4.593 4.603
24727.0 4.603 4.6
24741.0 4.6 4.601
24825.0 4.601 4.598
24741.0 4.598 4.602
24811.0 4.602 4.599
24741.0 4.599 4.602
24825.0 4.602 4.599
25091.0 4.599 4.592
25007.0 4.592 4.598
24965.0 4.598 4.6
24867.0 4.6 4.602
24867.0 4.602 4.602
24881.0 4.602 4.601
25063.0 4.601 4.594
24979.0 4.594 4.599
24951.0 4.599 4.6
24769.0 4.6 4.608
24937.0 4.608 4.6
24811.0 4.6 4.607
24895.0 4.607 4.604
24769.0 4.604 4.608
24965.0 4.608 4.597
24839.0 4.597 4.606
24909.0 4.606 4.603
24937.0 4.603 4.602
24951.0 4.602 4.601
24881.0 4.601 4.603
24965.0 4.603 4.6
24811.0 4.6 4.607
24979.0 4.607 4.599
24937.0 4.599 4.603
25189.0 4.603 4.593
25035.0 4.593 4.601
25161.0 4.601 4.597
24839.0 4.597 4.609
25077.0 4.609 4.597
25049.0 4.597 4.601
25035.0 4.601 4.602
24867.0 4.602 4.607
24965.0 4.607 4.601
24923.0 4.601 4.603
24769.0 4.603 4.606
24951.0 4.606 4.602
24811.0 4.602 4.609
25077.0 4.609 4.597
24783.0 4.597 4.61
24853.0 4.61 4.605
24909.0 4.605 4.602
24937.0 4.602 4.602
24867.0 4.602 4.607
24797.0 4.607 4.608
24839.0 4.608 4.608
24881.0 4.608 4.605
24839.0 4.605 4.606
25035.0 4.606 4.598
24895.0 4.598 4.605
25133.0 4.605 4.592
24909.0 4.592 4.603
24951.0 4.603 4.6
24965.0 4.6 4.6
24881.0 4.6 4.602
24797.0 4.602 4.604
24895.0 4.604 4.601
24923.0 4.601 4.599
24839.0 4.599 4.6
24839.0 4.6 4.599
25007.0 4.599 4.594
24825.0 4.594 4.603
24699.0 4.603 4.607
24797.0 4.607 4.601
24923.0 4.601 4.597
24839.0 4.597 4.6
24909.0 4.6 4.597
24825.0 4.597 4.601
24979.0 4.601 4.594
24811.0 4.594 4.6
24937.0 4.6 4.592
24937.0 4.592 4.592
24895.0 4.592 4.595
25021.0 4.595 4.589
24741.0 4.589 4.601
24937.0 4.601 4.591
24853.0 4.591 4.594
24965.0 4.594 4.59
24853.0 4.59 4.597
24797.0 4.597 4.597
24951.0 4.597 4.589
24769.0 4.589 4.597
24965.0 4.597 4.587
24867.0 4.587 4.592
25049.0 4.592 4.584
25007.0 4.584 4.585
24923.0 4.585 4.587
25007.0 4.587 4.583
24853.0 4.583 4.589
24923.0 4.589 4.586
24699.0 4.586 4.596
24951.0 4.596 4.582
24755.0 4.582 4.594
24993.0 4.594 4.584
24797.0 4.584 4.595
25035.0 4.595 4.583
24839.0 4.583 4.593
24909.0 4.593 4.589
24867.0 4.589 4.591
24895.0 4.591 4.589
24839.0 4.589 4.59
24951.0 4.59 4.585
24979.0 4.585 4.585
24895.0 4.585 4.586
24811.0 4.586 4.591
24727.0 4.591 4.596
24755.0 4.596 4.595
24979.0 4.595 4.584
24951.0 4.584 4.585
24951.0 4.585 4.585
24867.0 4.585 4.588
24951.0 4.588 4.584
24713.0 4.584 4.593
24951.0 4.593 4.58
24993.0 4.58 4.58
24881.0 4.58 4.585
24937.0 4.585 4.582
24853.0 4.582 4.587
24839.0 4.587 4.586
24853.0 4.586 4.585
24853.0 4.585 4.586
24853.0 4.586 4.587
24783.0 4.587 4.591
24881.0 4.591 4.586
24825.0 4.586 4.588
24839.0 4.588 4.587
23005.0 4.587 4.653
21500.0 4.653 4.676
20468.0 4.676 4.684
19376.0 4.684 4.706
18359.0 4.706 4.723
17430.0 4.723 4.741
16686.0 4.741 4.752
16012.0 4.752 4.762
15546.0 4.762 4.768
15036.0 4.768 4.778
14217.0 4.778 4.8
13929.0 4.8 4.799
13633.0 4.799 4.802
13161.0 4.802 4.815
12781.0 4.815 4.821
12357.0 4.821 4.829
12201.0 4.829 4.827
11886.0 4.827 4.837
11900.0 4.837 4.831
11438.0 4.831 4.848
11466.0 4.848 4.839
10948.0 4.839 4.856
10829.0 4.856 4.855
10668.0 4.855 4.858
10584.0 4.858 4.857
10423.0 4.857 4.864
10153.0 4.864 4.871
10153.0 4.871 4.867
9913.0 4.867 4.875
9499.0 4.875 4.89
8935.0 4.89 4.907
7561.0 4.907 4.944
5676.0 4.944 4.994
4176.0 4.994 6.95
4306.0 6.95 8.34
4912.0 8.34 10.008
6404.0 10.008 7.887
8808.0 7.887 7.783
10677.0 7.783 7.742
12091.0 7.742 7.709
14035.0 7.709 7.634
16096.0 7.634 7.566
18154.0 7.566 7.503
20266.0 7.503 7.44
22327.0 7.44 7.381
24659.0 7.381 7.305
26875.0 7.305 7.243
28951.0 7.243 7.188
30965.0 7.188 7.132
32924.0 7.132 7.077
34548.0 7.077 7.039
35987.0 7.039 7.007
37283.0 7.007 6.975
38484.0 6.975 6.945
39548.0 6.945 6.922
40412.0 6.922 6.905
40092.0 6.905 6.947
37701.0 6.947 7.076
35497.0 7.076 7.132
34315.0 7.132 7.136
33243.0 7.136 7.158
32368.0 7.158 7.177
31500.0 7.177 7.202
30885.0 7.202 7.214
30237.0 7.214 7.229
29695.0 7.229 7.241
29315.0 7.241 7.248
28735.0 7.248 7.268
28338.0 7.268 7.281
28100.0 7.281 7.284
27996.0 7.284 7.281
27665.0 7.281 7.295
27545.0 7.295 7.291
27221.0 7.291 7.306
26981.0 7.306 7.312
26873.0 7.312 7.312
26705.0 7.312 7.32
26705.0 7.32 7.315
26477.0 7.315 7.327
26563.0 7.327 7.32
26467.0 7.32 7.324
26385.0 7.324 7.327
26242.0 7.327 7.333
26290.0 7.333 7.327
26254.0 7.327 7.325
26134.0 7.325 7.332
26075.0 7.332 7.333
26123.0 7.333 7.327
26087.0 7.327 7.329
26051.0 7.329 7.329
26015.0 7.329 7.331
26063.0 7.331 7.327
25943.0 7.327 7.335
25991.0 7.335 7.33
