5016.0 1.0 1.0
5016.0 1.0 1.0
5016.0 1.0 1.0
4176.0 1.0 1.3
4743.0 1.3 1.56
4900.0 1.56 1.872
4176.0 1.872 2.246
4176.0 2.246 2.696
4243.0 2.696 3.235
4183.0 3.235 3.882
4176.0 3.882 4.658
4786.0 4.658 5.59
5647.0 5.59 4.433
7499.0 4.433 4.38
7607.0 4.38 4.402
8295.0 4.402 4.388
9284.0 4.388 4.366
9739.0 4.366 4.364
10567.0 4.364 4.347
11053.0 4.347 4.339
11743.0 4.339 4.326
12394.0 4.326 4.318
13262.0 4.318 4.298
13682.0 4.298 4.293
14375.0 4.293 4.281
15355.0 4.281 4.256
15699.0 4.256 4.261
16291.0 4.261 4.248
17017.0 4.248 4.234
17521.0 4.234 4.23
17878.0 4.23 4.226
18553.0 4.226 4.212
19237.0 4.212 4.198
19431.0 4.198 4.201
20059.0 4.201 4.186
20287.0 4.186 4.189
20517.0 4.189 4.184
21189.0 4.184 4.168
21240.0 4.168 4.175
21718.0 4.175 4.162
22061.0 4.162 4.156
22338.0 4.156 4.152
22666.0 4.152 4.145
22702.0 4.145 4.149
23122.0 4.149 4.134
22882.0 4.134 4.149
23314.0 4.149 4.134
23494.0 4.134 4.132
23506.0 4.132 4.134
23506.0 4.134 4.133
23938.0 4.133 4.119
23854.0 4.119 4.126
24034.0 4.126 4.122
24166.0 4.122 4.119
24106.0 4.119 4.123
24118.0 4.123 4.122
24058.0 4.122 4.125
24082.0 4.125 4.123
24370.0 4.123 4.115
24490.0 4.115 4.115
24466.0 4.115 4.115
24610.0 4.115 4.111
24430.0 4.111 4.121
24646.0 4.121 4.112
24624.0 4.112 4.115
24756.0 4.115 4.108
24708.0 4.108 4.112
24776.0 4.112 4.108
24702.0 4.108 4.111
24686.0 4.111 4.112
24767.0 4.112 4.108
24777.0 4.108 4.109
24761.0 4.109 4.109
24674.0 4.109 4.113
24755.0 4.113 4.109
24694.0 4.109 4.113
24762.0 4.113 4.112
24940.0 4.112 4.104
24866.0 4.104 4.11
24824.0 4.11 4.108
24737.0 4.108 4.111
24889.0 4.111 4.107
24718.0 4.107 4.113
24941.0 4.113 4.105
24867.0 4.105 4.109
24909.0 4.109 4.106
25061.0 4.106 4.102
25032.0 4.102 4.106
24893.0 4.106 4.11
24864.0 4.11 4.11
24777.0 4.11 4.113
24942.0 4.113 4.108
24868.0 4.108 4.112
24852.0 4.112 4.111
24778.0 4.111 4.113
24943.0 4.113 4.106
24966.0 4.106 4.106
24937.0 4.106 4.106
24908.0 4.106 4.108
24879.0 4.108 4.108
24863.0 4.108 4.109
24679.0 4.109 4.114
24999.0 4.114 4.101
24938.0 4.101 4.107
24715.0 4.107 4.115
24783.0 4.115 4.112
24974.0 4.112 4.104
25068.0 4.104 4.103
24774.0 4.103 4.113
24900.0 4.113 4.107
24826.0 4.107 4.111
24881.0 4.111 4.11
24710.0 4.11 4.117
24875.0 4.117 4.11
24924.0 4.11 4.108
25005.0 4.108 4.108
24821.0 4.108 4.113
24721.0 4.113 4.113
25067.0 4.113 4.101
24993.0 4.101 4.107
25106.0 4.107 4.103
24586.0 4.103 4.121
25090.0 4.121 4.101
24913.0 4.101 4.11
24690.0 4.11 4.116
24855.0 4.116 4.108
24975.0 4.108 4.107
24791.0 4.107 4.114
24943.0 4.114 4.107
24966.0 4.107 4.108
24769.0 4.108 4.114
24837.0 4.114 4.111
24944.0 4.111 4.107
24773.0 4.107 4.115
24925.0 4.115 4.108
24948.0 4.108 4.109
24932.0 4.109 4.11
24929.0 4.11 4.109
24842.0 4.109 4.112
24839.0 4.112 4.111
24933.0 4.111 4.108
24943.0 4.108 4.107
25011.0 4.107 4.105
24982.0 4.105 4.108
24869.0 4.108 4.112
24685.0 4.112 4.118
25031.0 4.118 4.108
24996.0 4.108 4.111
24896.0 4.111 4.112
24725.0 4.112 4.121
24903.0 4.121 4.115
25133.0 4.115 4.11
24833.0 4.11 4.121
24830.0 4.121 4.119
24905.0 4.119 4.115
24967.0 4.115 4.112
24990.0 4.112 4.114
25000.0 4.114 4.113
24771.0 4.113 4.12
24949.0 4.12 4.113
24759.0 4.113 4.119
24950.0 4.119 4.113
24999.0 4.113 4.111
25009.0 4.111 4.11
24935.0 4.11 4.112
24932.0 4.112 4.112
25026.0 4.112 4.108
25120.0 4.108 4.105
24936.0 4.105 4.113
24739.0 4.113 4.117
24846.0 4.117 4.111
24979.0 4.111 4.108
24905.0 4.108 4.112
24805.0 4.112 4.114
24731.0 4.114 4.116
24838.0 4.116 4.112
24790.0 4.112 4.115
24968.0 4.115 4.111
24836.0 4.111 4.118
24917.0 4.118 4.112
24966.0 4.112 4.111
24724.0 4.111 4.119
24734.0 4.119 4.118
24880.0 4.118 4.111
24929.0 4.111 4.111
24939.0 4.111 4.111
25033.0 4.111 4.107
24862.0 4.107 4.114
24833.0 4.114 4.114
24940.0 4.114 4.109
24963.0 4.109 4.109
24876.0 4.109 4.112
24873.0 4.112 4.111
24967.0 4.111 4.108
24977.0 4.108 4.108
24877.0 4.108 4.111
24861.0 4.111 4.109
24942.0 4.109 4.107
25010.0 4.107 4.106
24826.0 4.106 4.111
24881.0 4.111 4.106
24891.0 4.106 4.106
24862.0 4.106 4.108
24917.0 4.108 4.107
25069.0 4.107 4.103
24885.0 4.103 4.111
24927.0 4.111 4.108
25092.0 4.108 4.103
24908.0 4.103 4.112
24866.0 4.112 4.111
24876.0 4.111 4.112
24886.0 4.112 4.112
24980.0 4.112 4.109
24906.0 4.109 4.111
24974.0 4.111 4.107
24732.0 4.107 4.117
24884.0 4.117 4.11
24920.0 4.11 4.109
24833.0 4.109 4.112
24578.0 4.112 4.121
24962.0 4.121 4.106
24772.0 4.106 4.116
24743.0 4.116 4.117
24779.0 4.117 4.114
24983.0 4.114 4.108
24922.0 4.108 4.109
25158.0 4.109 4.103
24903.0 4.103 4.112
24932.0 4.112 4.11
24774.0 4.11 4.116
24939.0 4.116 4.109
25059.0 4.109 4.107
24804.0 4.107 4.115
24943.0 4.115 4.109
25134.0 4.109 4.104
25034.0 4.104 4.109
24824.0 4.109 4.115
24821.0 4.115 4.113
24857.0 4.113 4.112
24964.0 4.112 4.108
24806.0 4.108 4.115
24874.0 4.115 4.113
24981.0 4.113 4.11
24907.0 4.11 4.113
24988.0 4.113 4.109
24927.0 4.109 4.112
25008.0 4.112 4.11
25018.0 4.11 4.108
24931.0 4.108 4.109
24999.0 4.109 4.106
24912.0 4.106 4.109
24799.0 4.109 4.112
24951.0 4.112 4.108
24121.0 4.108 4.137
22129.0 4.137 4.192
20919.0 4.192 4.2
19754.0 4.2 4.215
18880.0 4.215 4.226
17740.0 4.226 4.249
17221.0 4.249 4.25
16381.0 4.25 4.267
15634.0 4.267 4.28
15342.0 4.28 4.279
14594.0 4.279 4.297
14342.0 4.297 4.294
13742.0 4.294 4.305
13245.0 4.305 4.314
13035.0 4.314 4.311
12769.0 4.311 4.317
12496.0 4.317 4.321
12237.0 4.321 4.325
11740.0 4.325 4.337
11509.0 4.337 4.337
11497.0 4.337 4.333
11323.0 4.333 4.338
11053.0 4.338 4.343
10795.0 4.343 4.347
10633.0 4.347 4.349
10399.0 4.349 4.355
10171.0 4.355 4.36
10213.0 4.36 4.356
10015.0 4.356 4.36
9889.0 4.36 4.362
9187.0 4.362 4.385
8159.0 4.385 4.409
6173.0 4.409 4.461
4248.0 4.461 6.214
4254.0 6.214 7.456
4823.0 7.456 8.948
6382.0 8.948 7.046
8846.0 7.046 6.951
10686.0 6.951 6.916
12351.0 6.916 6.875
14208.0 6.875 6.815
16020.0 6.815 6.768
18057.0 6.768 6.71
20421.0 6.71 6.638
22723.0 6.638 6.576
24607.0 6.576 6.534
26815.0 6.534 6.474
28999.0 6.474 6.418
31011.0 6.418 6.369
32859.0 6.369 6.326
34569.0 6.326 6.288
36231.0 6.288 6.247
37350.0 6.247 6.231
38386.0 6.231 6.21
39663.0 6.21 6.177
40695.0 6.177 6.152
39921.0 6.152 6.214
37455.0 6.214 6.321
35607.0 6.321 6.353
34227.0 6.353 6.372
33021.0 6.372 6.401
32236.0 6.401 6.412
31433.0 6.412 6.432
30737.0 6.432 6.446
30137.0 6.446 6.46
29609.0 6.46 6.471
29116.0 6.471 6.483
28753.0 6.483 6.49
28604.0 6.49 6.486
28122.0 6.486 6.504
27786.0 6.504 6.512
27622.0 6.512 6.515
27396.0 6.515 6.52
27276.0 6.52 6.522
27094.0 6.522 6.526
27031.0 6.526 6.523
26653.0 6.523 6.541
26674.0 6.541 6.533
26611.0 6.533 6.536
26338.0 6.536 6.547
26506.0 6.547 6.535
26296.0 6.535 6.547
26296.0 6.547 6.544
26422.0 6.544 6.535
26191.0 6.535 6.549
26107.0 6.549 6.55
26170.0 6.55 6.544
26065.0 6.544 6.55
26107.0 6.55 6.547
26086.0 6.547 6.548
25960.0 6.548 6.554
26086.0 6.554 6.549
26002.0 6.549 6.55
26044.0 6.55 6.547
24343.0 6.547 6.638
22429.0 6.638 6.693
21037.0 6.693 6.72
19911.0 6.72 6.739
18867.0 6.739 6.767
17971.0 6.767 6.787
17059.0 6.787 6.811
16527.0 6.811 6.815
15799.0 6.815 6.835
15232.0 6.835 6.847
14717.0 6.847 6.858
14285.0 6.858 6.869
13961.0 6.869 6.872
13409.0 6.872 6.894
13078.0 6.894 6.899
12791.0 6.899 6.902
12515.0 6.902 6.91
12155.0 6.91 6.923
11947.0 6.923 6.925
11591.0 6.925 6.939
11245.0 6.939 6.953
11171.0 6.953 6.95
11033.0 6.95 6.953
10727.0 6.953 6.966
10553.0 6.966 6.969
10481.0 6.969 6.969
10241.0 6.969 6.978
10085.0 6.978 6.982
9863.0 6.982 6.991
9893.0 6.991 6.984
9605.0 6.984 6.999
9677.0 6.999 6.988
9491.0 6.988 7.002
9235.0 7.002 7.009
9331.0 7.009 7.003
9183.0 7.003 7.01
9027.0 7.01 7.018
9047.0 7.018 7.011
8915.0 7.011 7.016
8775.0 7.016 7.023
8803.0 7.023 7.018
8763.0 7.018 7.022
8547.0 7.022 7.033
8499.0 7.033 7.031
8383.0 7.031 7.037
8460.0 7.037 7.031
8352.0 7.031 7.037
8093.0 7.037 7.047
8177.0 7.047 7.041
8107.0 7.041 7.047
8114.0 7.047 7.045
