5100.0 1.0 1.0
5100.0 1.0 1.0
5100.0 1.0 1.02
4260.0 1.02 1.428
4826.0 1.428 1.714
4811.0 1.714 2.057
4798.0 2.057 2.468
4860.0 2.468 2.962
4758.0 2.962 3.554
5313.0 3.554 2.828
4998.0 2.828 3.965
5912.0 3.965 3.143
6998.0 3.143 3.127
8009.0 3.127 3.115
8558.0 3.115 3.114
9222.0 3.114 3.105
10050.0 3.105 3.092
10926.0 3.092 3.081
11467.0 3.081 3.078
12625.0 3.078 3.057
12849.0 3.057 3.062
13734.0 3.062 3.046
14308.0 3.046 3.042
15058.0 3.042 3.03
15868.0 3.03 3.018
16192.0 3.018 3.017
16786.0 3.017 3.01
17458.0 3.01 3.0
17976.0 3.0 2.995
18515.0 2.995 2.988
19019.0 2.988 2.983
19481.0 2.983 2.976
19824.0 2.976 2.973
20118.0 2.973 2.973
20742.0 2.973 2.961
21030.0 2.961 2.961
21306.0 2.961 2.959
21834.0 2.959 2.951
22010.0 2.951 2.95
22122.0 2.95 2.951
22402.0 2.951 2.947
22606.0 2.947 2.944
22694.0 2.944 2.946
23262.0 2.946 2.933
23247.0 2.933 2.938
23283.0 2.938 2.939
23784.0 2.939 2.928
23790.0 2.928 2.931
23697.0 2.931 2.936
23967.0 2.936 2.93
24114.0 2.93 2.928
24039.0 2.928 2.931
24114.0 2.931 2.928
24216.0 2.928 2.928
24459.0 2.928 2.922
24282.0 2.922 2.929
24471.0 2.929 2.922
24639.0 2.922 2.92
24501.0 2.92 2.925
24429.0 2.925 2.926
24729.0 2.926 2.919
24375.0 2.919 2.929
24705.0 2.929 2.918
24873.0 2.918 2.916
24774.0 2.916 2.92
24573.0 2.92 2.924
24828.0 2.924 2.916
24708.0 2.916 2.921
24591.0 2.921 2.924
24780.0 2.924 2.919
24819.0 2.919 2.92
24897.0 2.92 2.919
24900.0 2.919 2.919
24810.0 2.919 2.923
24897.0 2.923 2.919
24843.0 2.919 2.92
24837.0 2.92 2.921
24849.0 2.921 2.922
24777.0 2.922 2.924
24798.0 2.924 2.923
24837.0 2.923 2.923
24951.0 2.923 2.92
25065.0 2.92 2.918
24984.0 2.918 2.921
24969.0 2.921 2.922
24729.0 2.922 2.928
25011.0 2.928 2.921
24750.0 2.921 2.929
24762.0 2.929 2.926
24930.0 2.926 2.923
24819.0 2.923 2.927
25101.0 2.927 2.919
24915.0 2.919 2.924
24909.0 2.924 2.924
24864.0 2.924 2.925
24912.0 2.925 2.925
24708.0 2.925 2.93
24840.0 2.93 2.926
25017.0 2.926 2.922
24915.0 2.922 2.926
25020.0 2.926 2.923
24993.0 2.923 2.924
24855.0 2.924 2.927
24987.0 2.927 2.924
24978.0 2.924 2.924
24933.0 2.924 2.926
24981.0 2.926 2.925
24963.0 2.925 2.925
24843.0 2.925 2.927
24975.0 2.927 2.924
25134.0 2.924 2.92
24837.0 2.92 2.927
25101.0 2.927 2.92
24840.0 2.92 2.929
24852.0 2.929 2.927
24852.0 2.927 2.926
24750.0 2.926 2.928
25059.0 2.928 2.92
24966.0 2.92 2.924
24969.0 2.924 2.923
24924.0 2.923 2.923
24879.0 2.923 2.923
24825.0 2.923 2.925
24696.0 2.925 2.927
24828.0 2.927 2.923
24903.0 2.923 2.923
24933.0 2.923 2.923
24888.0 2.923 2.924
25002.0 2.924 2.923
25041.0 2.923 2.922
24819.0 2.922 2.927
24840.0 2.927 2.925
24831.0 2.925 2.926
24888.0 2.926 2.926
24954.0 2.926 2.925
24927.0 2.925 2.925
24984.0 2.925 2.924
25041.0 2.924 2.923
25005.0 2.923 2.923
24951.0 2.923 2.925
24990.0 2.925 2.924
24786.0 2.924 2.929
24825.0 2.929 2.926
24909.0 2.926 2.926
24966.0 2.926 2.924
25023.0 2.924 2.923
24894.0 2.923 2.926
24840.0 2.926 2.925
25065.0 2.925 2.918
25029.0 2.918 2.92
24930.0 2.92 2.922
24858.0 2.922 2.922
24879.0 2.922 2.921
24825.0 2.921 2.923
24846.0 2.923 2.922
24885.0 2.922 2.92
24906.0 2.92 2.922
24909.0 2.922 2.921
24762.0 2.921 2.924
24951.0 2.924 2.918
24906.0 2.918 2.92
24891.0 2.92 2.92
25062.0 2.92 2.915
24897.0 2.915 2.919
25023.0 2.919 2.916
24849.0 2.916 2.922
24900.0 2.922 2.921
25182.0 2.921 2.915
24942.0 2.915 2.921
24732.0 2.921 2.923
24996.0 2.923 2.916
25026.0 2.916 2.916
25002.0 2.916 2.917
24978.0 2.917 2.916
24954.0 2.916 2.916
24846.0 2.916 2.918
24990.0 2.918 2.915
25059.0 2.915 2.914
24765.0 2.914 2.923
24807.0 2.923 2.921
25005.0 2.921 2.916
24681.0 2.916 2.925
24741.0 2.925 2.921
24873.0 2.921 2.917
24810.0 2.917 2.919
24879.0 2.919 2.919
24966.0 2.919 2.916
24792.0 2.916 2.922
24936.0 2.922 2.917
24873.0 2.917 2.919
24774.0 2.919 2.92
25020.0 2.92 2.913
25023.0 2.913 2.915
25056.0 2.915 2.916
24930.0 2.916 2.917
24813.0 2.917 2.919
25125.0 2.919 2.912
24867.0 2.912 2.919
25134.0 2.919 2.912
24969.0 2.912 2.917
24816.0 2.917 2.921
24960.0 2.921 2.916
24888.0 2.916 2.918
24939.0 2.918 2.916
24933.0 2.916 2.917
24732.0 2.917 2.921
24801.0 2.921 2.919
24906.0 2.919 2.916
24900.0 2.916 2.918
24792.0 2.918 2.92
24861.0 2.92 2.917
24948.0 2.917 2.915
24849.0 2.915 2.917
24984.0 2.917 2.915
24801.0 2.915 2.919
24675.0 2.919 2.92
24846.0 2.92 2.914
24774.0 2.914 2.918
24816.0 2.918 2.916
24726.0 2.916 2.918
24786.0 2.918 2.917
24855.0 2.917 2.914
24747.0 2.914 2.916
24948.0 2.916 2.911
24924.0 2.911 2.913
24687.0 2.913 2.918
24795.0 2.918 2.915
24873.0 2.915 2.913
24831.0 2.913 2.915
24780.0 2.915 2.918
24990.0 2.918 2.91
24807.0 2.91 2.916
24813.0 2.916 2.915
24948.0 2.915 2.911
24915.0 2.911 2.913
24669.0 2.913 2.919
24954.0 2.919 2.91
24948.0 2.91 2.913
24777.0 2.913 2.917
24801.0 2.917 2.915
24777.0 2.915 2.916
24903.0 2.916 2.913
24870.0 2.913 2.914
24978.0 2.914 2.91
25095.0 2.91 2.907
24924.0 2.907 2.912
24903.0 2.912 2.912
24927.0 2.912 2.911
24858.0 2.911 2.914
24948.0 2.914 2.911
24906.0 2.911 2.914
25005.0 2.914 2.911
24786.0 2.911 2.917
24876.0 2.917 2.913
24945.0 2.913 2.911
23709.0 2.911 2.941
22044.0 2.941 2.967
20656.0 2.967 2.98
19468.0 2.98 2.993
18523.0 2.993 3.002
17585.0 3.002 3.014
16871.0 3.014 3.021
16066.0 3.021 3.033
15502.0 3.033 3.037
15004.0 3.037 3.042
14530.0 3.042 3.046
14080.0 3.046 3.051
13570.0 3.051 3.057
13333.0 3.057 3.059
13042.0 3.059 3.063
12761.0 3.063 3.066
12332.0 3.066 3.072
11997.0 3.072 3.076
11692.0 3.076 3.079
11402.0 3.079 3.084
11211.0 3.084 3.087
11040.0 3.087 3.088
10800.0 3.088 3.092
10528.0 3.092 3.096
10356.0 3.096 3.098
10364.0 3.098 3.096
10212.0 3.096 3.098
10052.0 3.098 3.101
9980.0 3.101 3.1
9080.0 3.1 3.121
7928.0 3.121 3.139
6278.0 3.139 3.168
4188.0 3.168 4.413
4227.0 4.413 5.296
4644.0 5.296 6.355
5907.0 6.355 5.02
8670.0 5.02 4.934
10422.0 4.934 4.92
12382.0 4.92 4.878
14018.0 4.878 4.849
16163.0 4.849 4.8
18567.0 4.8 4.746
20638.0 4.746 4.709
22882.0 4.709 4.667
24857.0 4.667 4.635
27153.0 4.635 4.586
29391.0 4.586 4.545
31251.0 4.545 4.518
33013.0 4.518 4.489
34633.0 4.489 4.463
36358.0 4.463 4.431
37578.0 4.431 4.418
38770.0 4.418 4.399
39862.0 4.399 4.383
40870.0 4.383 4.365
39720.0 4.365 4.424
36885.0 4.424 4.506
34993.0 4.506 4.525
33995.0 4.525 4.527
32878.0 4.527 4.548
32050.0 4.548 4.557
31132.0 4.557 4.575
30543.0 4.575 4.58
29905.0 4.58 4.592
29385.0 4.592 4.6
29109.0 4.6 4.602
28713.0 4.602 4.607
28417.0 4.607 4.609
27901.0 4.609 4.624
27905.0 4.624 4.617
27485.0 4.617 4.63
27369.0 4.63 4.628
27165.0 4.628 4.634
26922.0 4.634 4.637
26961.0 4.637 4.632
26778.0 4.632 4.638
26649.0 4.638 4.64
26550.0 4.64 4.641
26550.0 4.641 4.641
26382.0 4.641 4.645
26298.0 4.645 4.647
26328.0 4.647 4.645
26205.0 4.645 4.649
26151.0 4.649 4.65
26280.0 4.65 4.643
26172.0 4.643 4.649
26019.0 4.649 4.653
26148.0 4.653 4.648
26055.0 4.648 4.65
25848.0 4.65 4.658
25908.0 4.658 4.654
26013.0 4.654 4.65
25080.0 4.65 4.686
23428.0 4.686 4.734
21745.0 4.734 4.765
20477.0 4.765 4.781
19457.0 4.781 4.796
18329.0 4.796 4.819
17606.0 4.819 4.827
16719.0 4.827 4.846
16019.0 4.846 4.859
15389.0 4.859 4.871
14867.0 4.871 4.88
14549.0 4.88 4.881
13922.0 4.881 4.898
13388.0 4.898 4.908
13120.0 4.908 4.91
12708.0 4.91 4.92
12556.0 4.92 4.919
12176.0 4.919 4.93
11796.0 4.93 4.94
11733.0 4.94 4.935
11607.0 4.935 4.939
11306.0 4.939 4.947
10928.0 4.947 4.957
10823.0 4.957 4.954
10487.0 4.954 4.965
10396.0 4.965 4.964
10249.0 4.964 4.968
10179.0 4.968 4.967
9975.0 4.967 4.973
9771.0 4.973 4.978
9747.0 4.978 4.977
9477.0 4.977 4.986
9459.0 4.986 4.983
9375.0 4.983 4.983
9201.0 4.983 4.987
8943.0 4.987 4.994
8949.0 4.994 4.989
8883.0 4.989 4.989
8889.0 4.989 4.988
8643.0 4.988 4.996
8649.0 4.996 4.991
8589.0 4.991 4.993
8601.0 4.993 4.992
8535.0 4.992 4.994
8379.0 4.994 5.0
8324.0 5.0 5.001
8447.0 5.001 4.996
8141.0 4.996 5.007
8091.0 5.007 5.007
8224.0 5.007 4.999
7517.0 4.999 5.027
7052.0 5.027 5.036
6380.0 5.036 5.05
5972.0 5.05 5.052
5752.0 5.052 5.054
5112.0 5.054 5.073
4896.0 5.073 7.092
5025.0 7.092 5.666
7386.0 5.666 4.994
9759.0 4.994 4.937
11457.0 4.937 4.922
13340.0 4.922 4.882
15656.0 4.882 4.829
18348.0 4.829 4.769
20949.0 4.769 4.717
23721.0 4.717 4.662
26633.0 4.662 4.605
29189.0 4.605 4.563
31849.0 4.563 4.515
33055.0 4.515 4.521
32389.0 4.521 4.576
32113.0 4.576 4.576
31747.0 4.576 4.581
30355.0 4.581 4.627
27483.0 4.627 4.708
25079.0 4.708 4.746
23651.0 4.746 4.757
21999.0 4.757 4.79
20932.0 4.79 4.801
19768.0 4.801 4.824
18820.0 4.824 4.838
18039.0 4.838 4.85
17145.0 4.85 4.869
16619.0 4.869 4.874
15901.0 4.874 4.889
15539.0 4.889 4.893
15032.0 4.893 4.903
14618.0 4.903 4.911
14315.0 4.911 4.913
13703.0 4.913 4.931
13475.0 4.931 4.93
13127.0 4.93 4.939
12863.0 4.939 4.943
12623.0 4.943 4.948
12391.0 4.948 4.951
12091.0 4.951 4.957
11295.0 4.957 4.983
10203.0 4.983 5.014
9342.0 5.014 5.028
8562.0 5.028 5.042
7806.0 5.042 5.057
7159.0 5.057 5.068
6621.0 5.068 5.078
6173.0 5.078 5.086
5737.0 5.086 5.094
5225.0 5.094 5.105
4977.0 5.105 7.137
4745.0 7.137 8.565
7146.0 8.565 6.687
10682.0 6.687 6.56
13427.0 6.56 6.505
16238.0 6.505 6.429
19608.0 6.429 6.327
23013.0 6.327 6.238
25779.0 6.238 6.185
28015.0 6.185 6.145
29926.0 6.145 6.103
31786.0 6.103 6.059
33638.0 6.059 6.016
35328.0 6.016 5.978
36624.0 5.978 5.956
37938.0 5.956 5.926
39048.0 5.926 5.903
40056.0 5.903 5.884
40896.0 5.884 5.866
41449.0 5.866 5.862
42109.0 5.862 5.846
42727.0 5.846 5.832
43141.0 5.832 5.826
43633.0 5.826 5.813
43707.0 5.813 5.82
42092.0 5.82 5.899
39386.0 5.899 5.99
37370.0 5.99 6.023
35840.0 6.023 6.045
34752.0 6.045 6.062
33763.0 6.062 6.082
32874.0 6.082 6.102
32154.0 6.102 6.115
31530.0 6.115 6.126
31015.0 6.126 6.137
30485.0 6.137 6.148
30169.0 6.148 6.152
29761.0 6.152 6.162
29459.0 6.162 6.167
29139.0 6.167 6.175
28841.0 6.175 6.184
