5184.0 1.0 1.0
5184.0 1.0 1.0
5184.0 1.0 1.021
4344.0 1.021 1.429
4745.0 1.429 1.715
4732.0 1.715 2.057
4720.0 2.057 2.469
4784.0 2.469 2.963
4684.0 2.963 3.555
5241.0 3.555 2.828
4926.0 2.828 3.966
5842.0 3.966 3.144
6928.0 3.144 3.126
7939.0 3.126 3.116
8485.0 3.116 3.115
9153.0 3.115 3.105
9981.0 3.105 3.091
10857.0 3.091 3.079
11185.0 3.079 3.083
12002.0 3.083 3.066
12666.0 3.066 3.059
13171.0 3.059 3.056
14066.0 3.056 3.04
14954.0 3.04 3.027
15254.0 3.027 3.029
16154.0 3.029 3.012
16814.0 3.012 3.006
17462.0 3.006 2.999
17952.0 2.999 2.995
18393.0 2.995 2.99
19065.0 2.99 2.98
19450.0 2.98 2.978
19688.0 2.978 2.978
20332.0 2.978 2.966
20576.0 2.966 2.966
21396.0 2.966 2.951
21468.0 2.951 2.955
21672.0 2.955 2.954
22068.0 2.954 2.948
22212.0 2.948 2.948
22476.0 2.948 2.945
22740.0 2.945 2.941
22888.0 2.941 2.941
23348.0 2.941 2.932
23288.0 2.932 2.936
23399.0 2.936 2.936
23714.0 2.936 2.928
23777.0 2.928 2.928
23852.0 2.928 2.926
23843.0 2.926 2.928
23984.0 2.928 2.925
24143.0 2.925 2.923
24023.0 2.923 2.928
24137.0 2.928 2.925
24380.0 2.925 2.92
24428.0 2.92 2.92
24263.0 2.92 2.924
24527.0 2.924 2.918
24575.0 2.918 2.92
24560.0 2.92 2.92
24647.0 2.92 2.918
24566.0 2.918 2.92
24635.0 2.92 2.919
24638.0 2.919 2.918
24725.0 2.918 2.916
24710.0 2.916 2.918
24770.0 2.918 2.917
24587.0 2.917 2.921
24815.0 2.921 2.915
24836.0 2.915 2.916
24710.0 2.916 2.918
24761.0 2.918 2.917
24923.0 2.917 2.915
24731.0 2.915 2.919
24605.0 2.919 2.92
24767.0 2.92 2.917
24854.0 2.917 2.915
24830.0 2.915 2.915
24788.0 2.915 2.914
24662.0 2.914 2.917
24956.0 2.917 2.909
24941.0 2.909 2.912
24929.0 2.912 2.913
24776.0 2.913 2.916
24809.0 2.916 2.914
24860.0 2.914 2.911
24902.0 2.911 2.911
24749.0 2.911 2.915
24932.0 2.915 2.909
24974.0 2.909 2.91
24794.0 2.91 2.914
24707.0 2.914 2.914
24917.0 2.914 2.909
24791.0 2.909 2.914
25031.0 2.914 2.907
24812.0 2.907 2.914
24782.0 2.914 2.913
24983.0 2.913 2.908
24932.0 2.908 2.911
24920.0 2.911 2.912
24851.0 2.912 2.913
25127.0 2.913 2.907
24992.0 2.907 2.912
24971.0 2.912 2.911
24818.0 2.911 2.915
24992.0 2.915 2.91
24866.0 2.91 2.914
25031.0 2.914 2.91
24821.0 2.91 2.913
24650.0 2.913 2.918
24851.0 2.918 2.913
25088.0 2.913 2.909
24944.0 2.909 2.912
24773.0 2.912 2.916
24797.0 2.916 2.915
24848.0 2.915 2.913
24890.0 2.913 2.913
25007.0 2.913 2.911
24947.0 2.911 2.913
24785.0 2.913 2.916
24809.0 2.916 2.914
24860.0 2.914 2.912
24893.0 2.912 2.912
24917.0 2.912 2.911
24848.0 2.911 2.913
24863.0 2.913 2.911
24812.0 2.911 2.913
24827.0 2.913 2.912
24851.0 2.912 2.912
24782.0 2.912 2.913
24890.0 2.913 2.912
24839.0 2.912 2.914
24938.0 2.914 2.911
24887.0 2.911 2.913
24902.0 2.913 2.913
24851.0 2.913 2.914
24791.0 2.914 2.914
24833.0 2.914 2.913
24791.0 2.913 2.914
24815.0 2.914 2.912
24764.0 2.912 2.914
25031.0 2.914 2.908
24728.0 2.908 2.916
24707.0 2.916 2.915
25010.0 2.915 2.909
24968.0 2.909 2.911
24704.0 2.911 2.916
24794.0 2.916 2.911
24770.0 2.911 2.911
24953.0 2.911 2.906
24875.0 2.906 2.909
24845.0 2.909 2.91
24842.0 2.91 2.91
24923.0 2.91 2.907
24920.0 2.907 2.907
24890.0 2.907 2.908
24944.0 2.908 2.907
24839.0 2.907 2.91
24902.0 2.91 2.908
24899.0 2.908 2.908
24887.0 2.908 2.908
24782.0 2.908 2.911
24854.0 2.911 2.909
24776.0 2.909 2.911
24857.0 2.911 2.908
24872.0 2.908 2.907
24935.0 2.907 2.906
24746.0 2.906 2.911
24716.0 2.911 2.911
24815.0 2.911 2.908
24821.0 2.908 2.908
24725.0 2.908 2.911
24965.0 2.911 2.906
24803.0 2.906 2.911
25025.0 2.911 2.906
24872.0 2.906 2.911
24749.0 2.911 2.912
24839.0 2.912 2.909
25022.0 2.909 2.906
24758.0 2.906 2.913
24812.0 2.913 2.91
24845.0 2.91 2.909
25010.0 2.909 2.904
24923.0 2.904 2.908
24875.0 2.908 2.909
24770.0 2.909 2.911
24926.0 2.911 2.907
25025.0 2.907 2.904
24911.0 2.904 2.908
24863.0 2.908 2.908
24842.0 2.908 2.908
24821.0 2.908 2.909
24800.0 2.909 2.909
24872.0 2.909 2.907
24953.0 2.907 2.907
25016.0 2.907 2.906
24986.0 2.906 2.907
24779.0 2.907 2.911
24917.0 2.911 2.906
25016.0 2.906 2.905
24893.0 2.905 2.909
25013.0 2.909 2.905
24833.0 2.905 2.911
24953.0 2.911 2.907
24800.0 2.907 2.91
25022.0 2.91 2.905
24692.0 2.905 2.913
24896.0 2.913 2.906
24752.0 2.906 2.911
24974.0 2.911 2.904
24728.0 2.904 2.911
24764.0 2.911 2.909
25031.0 2.909 2.903
24683.0 2.903 2.912
24962.0 2.912 2.904
24818.0 2.904 2.909
25097.0 2.909 2.902
25001.0 2.902 2.906
24926.0 2.906 2.907
25064.0 2.907 2.905
24875.0 2.905 2.91
24920.0 2.91 2.907
24917.0 2.907 2.908
24887.0 2.908 2.909
24782.0 2.909 2.911
25022.0 2.911 2.904
24869.0 2.904 2.91
24821.0 2.91 2.909
24827.0 2.909 2.908
24908.0 2.908 2.906
24803.0 2.906 2.908
24941.0 2.908 2.905
25013.0 2.905 2.904
24974.0 2.904 2.905
24926.0 2.905 2.904
24794.0 2.904 2.908
24998.0 2.908 2.904
24977.0 2.904 2.905
24836.0 2.905 2.907
24956.0 2.907 2.904
24758.0 2.904 2.908
24878.0 2.908 2.903
24773.0 2.903 2.907
24884.0 2.907 2.905
24854.0 2.905 2.906
24890.0 2.906 2.905
25019.0 2.905 2.903
24896.0 2.903 2.906
24830.0 2.906 2.907
24791.0 2.907 2.907
24761.0 2.907 2.908
24908.0 2.908 2.904
24887.0 2.904 2.906
24755.0 2.906 2.909
24716.0 2.909 2.908
22781.0 2.908 2.952
21213.0 2.952 2.968
20081.0 2.968 2.976
18817.0 2.976 2.991
17935.0 2.991 2.998
17151.0 2.998 3.006
16493.0 3.006 3.011
15929.0 3.011 3.017
15059.0 3.017 3.031
14723.0 3.031 3.032
14303.0 3.032 3.038
13889.0 3.038 3.042
13429.0 3.042 3.049
13152.0 3.049 3.051
12742.0 3.051 3.057
12421.0 3.057 3.06
12046.0 3.06 3.064
11849.0 3.064 3.065
11672.0 3.065 3.067
11332.0 3.067 3.074
11086.0 3.074 3.078
10786.0 3.078 3.082
10478.0 3.082 3.086
10606.0 3.086 3.082
10410.0 3.082 3.087
10282.0 3.087 3.087
10090.0 3.087 3.09
10066.0 3.09 3.089
9882.0 3.089 3.093
8690.0 3.093 3.12
7342.0 3.12 3.142
5101.0 3.142 3.181
4176.0 3.181 4.426
4360.0 4.426 5.311
4774.0 5.311 6.374
7150.0 6.374 5.627
9616.0 5.627 5.567
11037.0 5.567 5.557
12929.0 5.557 5.507
14873.0 5.507 5.459
16763.0 5.459 5.418
18898.0 5.418 5.366
21143.0 5.366 5.315
23551.0 5.315 5.262
25672.0 5.262 5.218
27628.0 5.218 5.182
29752.0 5.182 5.138
32046.0 5.138 5.087
33690.0 5.087 5.063
35202.0 5.063 5.037
36810.0 5.037 5.004
37968.0 5.004 4.988
39128.0 4.988 4.967
40328.0 4.967 4.941
41024.0 4.941 4.936
38535.0 4.936 5.049
36226.0 5.049 5.098
34700.0 5.098 5.111
33503.0 5.111 5.128
32579.0 5.128 5.143
31811.0 5.143 5.154
30975.0 5.154 5.171
30242.0 5.171 5.184
29875.0 5.184 5.186
29416.0 5.186 5.195
29125.0 5.195 5.197
28585.0 5.197 5.213
28231.0 5.213 5.218
27799.0 5.218 5.23
27721.0 5.23 5.226
27295.0 5.226 5.242
27207.0 5.242 5.238
27204.0 5.238 5.236
26848.0 5.236 5.248
26811.0 5.248 5.243
26758.0 5.243 5.243
26671.0 5.243 5.245
26332.0 5.245 5.256
26598.0 5.256 5.241
26495.0 5.241 5.25
26408.0 5.25 5.251
26271.0 5.251 5.256
26235.0 5.256 5.254
26132.0 5.254 5.258
26197.0 5.258 5.255
26027.0 5.255 5.263
26176.0 5.263 5.252
26023.0 5.252 5.258
25987.0 5.258 5.256
25985.0 5.256 5.255
25966.0 5.255 5.256
25947.0 5.256 5.256
24752.0 5.256 5.307
22896.0 5.307 5.359
21543.0 5.359 5.379
20143.0 5.379 5.409
19053.0 5.409 5.428
18080.0 5.428 5.446
17384.0 5.446 5.457
16412.0 5.457 5.484
16016.0 5.484 5.484
15204.0 5.484 5.508
14840.0 5.508 5.507
14294.0 5.507 5.521
13738.0 5.521 5.536
13576.0 5.536 5.534
13114.0 5.534 5.55
12820.0 5.55 5.552
12562.0 5.552 5.554
12145.0 5.554 5.567
11905.0 5.567 5.571
11781.0 5.571 5.571
11413.0 5.571 5.584
11213.0 5.584 5.587
11045.0 5.587 5.588
10877.0 5.588 5.592
10549.0 5.592 5.601
10563.0 5.601 5.593
10343.0 5.593 5.599
10189.0 5.599 5.603
9965.0 5.603 5.61
9916.0 5.61 5.61
9629.0 5.61 5.622
9510.0 5.622 5.622
9328.0 5.622 5.627
9482.0 5.627 5.617
9475.0 5.617 5.619
9111.0 5.619 5.633
8922.0 5.633 5.641
8832.0 5.641 5.641
9174.0 5.641 5.622
8607.0 5.622 5.649
8751.0 5.649 5.635
8685.0 5.635 5.639
8679.0 5.639 5.639
8427.0 5.639 5.649
8427.0 5.649 5.647
8277.0 5.647 5.653
8541.0 5.653 5.637
8145.0 5.637 5.659
8229.0 5.659 5.652
8181.0 5.652 5.654
8205.0 5.654 5.652
7557.0 5.652 5.681
6825.0 5.681 5.699
6362.0 5.699 5.706
6008.0 5.706 5.711
5496.0 5.711 5.725
5040.0 5.725 5.734
4516.0 5.734 8.015
5428.0 8.015 6.354
8350.0 6.354 6.225
10471.0 6.225 6.191
12215.0 6.191 6.153
14555.0 6.153 6.078
16599.0 6.078 6.032
19083.0 6.032 5.964
21743.0 5.964 5.898
24623.0 5.898 5.824
27491.0 5.824 5.756
30097.0 5.756 5.701
32722.0 5.701 5.641
32847.0 5.641 5.692
32253.0 5.692 5.725
31693.0 5.725 5.735
31751.0 5.735 5.723
29669.0 5.723 5.816
26813.0 5.816 5.901
24845.0 5.901 5.931
23111.0 5.931 5.966
21835.0 5.966 5.985
20599.0 5.985 6.014
19594.0 6.014 6.034
18586.0 6.034 6.059
17970.0 6.059 6.066
17236.0 6.066 6.084
16612.0 6.084 6.099
15832.0 6.099 6.123
15340.0 6.123 6.128
14920.0 6.128 6.138
14462.0 6.138 6.15
14026.0 6.15 6.16
13623.0 6.16 6.171
13437.0 6.171 6.168
13029.0 6.168 6.183
12863.0 6.183 6.182
12475.0 6.182 6.195
12339.0 6.195 6.194
12065.0 6.194 6.203
11306.0 6.203 6.233
10220.0 6.233 6.268
9376.0 6.268 6.283
8515.0 6.283 6.304
7927.0 6.304 6.313
7279.0 6.313 6.332
6643.0 6.332 6.348
6273.0 6.348 6.353
5755.0 6.353 6.365
5410.0 6.365 6.373
4907.0 6.373 8.912
4731.0 8.912 11.579
5288.0 11.579 9.212
7940.0 9.212 8.105
11111.0 8.105 7.982
13593.0 7.982 7.93
16471.0 7.93 7.831
19927.0 7.831 7.703
23385.0 7.703 7.595
25985.0 7.595 7.541
28025.0 7.541 7.499
29985.0 7.499 7.446
31923.0 7.446 7.388
33813.0 7.388 7.332
35307.0 7.332 7.3
36891.0 7.3 7.254
37919.0 7.254 7.236
38987.0 7.236 7.208
40049.0 7.208 7.178
40945.0 7.178 7.158
41617.0 7.158 7.143
42229.0 7.143 7.127
42769.0 7.127 7.113
43276.0 7.113 7.098
43625.0 7.098 7.094
43863.0 7.094 7.093
