5268.0 1.0 1.0
5268.0 1.0 1.0
5268.0 1.0 1.021
4428.0 1.021 1.429
4663.0 1.429 1.715
4652.0 1.715 2.058
4642.0 2.058 2.47
4710.0 2.47 2.964
4612.0 2.964 3.556
5171.0 3.556 2.829
4859.0 2.829 3.967
5525.0 3.967 3.153
6866.0 3.153 3.127
7817.0 3.127 3.12
8282.0 3.12 3.12
9130.0 3.12 3.105
9894.0 3.105 3.095
10858.0 3.095 3.081
11030.0 3.081 3.089
11768.0 3.089 3.073
12714.0 3.073 3.058
13165.0 3.058 3.058
14055.0 3.058 3.042
14703.0 3.042 3.036
15177.0 3.036 3.032
15957.0 3.032 3.02
16713.0 3.02 3.011
17403.0 3.011 3.001
17760.0 3.001 3.0
18390.0 3.0 2.991
19006.0 2.991 2.984
19482.0 2.984 2.978
19832.0 2.978 2.976
20224.0 2.976 2.972
20704.0 2.972 2.966
20732.0 2.966 2.97
21384.0 2.97 2.957
21732.0 2.957 2.955
21900.0 2.955 2.955
22220.0 2.955 2.95
22372.0 2.95 2.948
22820.0 2.948 2.941
22832.0 2.941 2.945
22872.0 2.945 2.945
23364.0 2.945 2.936
23088.0 2.936 2.946
23571.0 2.946 2.934
23799.0 2.934 2.932
23676.0 2.932 2.936
23955.0 2.936 2.931
24018.0 2.931 2.932
23952.0 2.932 2.934
24231.0 2.934 2.928
24108.0 2.928 2.931
24351.0 2.931 2.925
24285.0 2.925 2.927
24501.0 2.927 2.922
24408.0 2.922 2.924
24438.0 2.924 2.922
24477.0 2.922 2.923
24591.0 2.923 2.92
24537.0 2.92 2.921
24540.0 2.921 2.921
24636.0 2.921 2.919
24741.0 2.919 2.918
24735.0 2.918 2.919
24804.0 2.919 2.917
24723.0 2.917 2.919
24615.0 2.919 2.922
24777.0 2.922 2.918
24798.0 2.918 2.919
24783.0 2.919 2.919
24777.0 2.919 2.919
24780.0 2.919 2.918
24774.0 2.918 2.918
24843.0 2.918 2.916
24744.0 2.916 2.919
24804.0 2.919 2.916
24798.0 2.916 2.915
24849.0 2.915 2.914
24816.0 2.914 2.916
24681.0 2.916 2.918
24732.0 2.918 2.915
24885.0 2.915 2.911
25095.0 2.911 2.907
24681.0 2.907 2.918
25071.0 2.918 2.906
24981.0 2.906 2.912
24951.0 2.912 2.911
24798.0 2.911 2.915
24804.0 2.915 2.914
25014.0 2.914 2.91
25047.0 2.91 2.91
24969.0 2.91 2.912
24891.0 2.912 2.913
24906.0 2.913 2.913
24855.0 2.913 2.914
24963.0 2.914 2.912
24921.0 2.912 2.912
24768.0 2.912 2.916
24867.0 2.916 2.912
24918.0 2.912 2.912
24765.0 2.912 2.916
24957.0 2.916 2.911
24840.0 2.911 2.914
24771.0 2.914 2.915
24888.0 2.915 2.913
24846.0 2.913 2.914
24963.0 2.914 2.911
24828.0 2.911 2.915
24834.0 2.915 2.913
24876.0 2.913 2.912
24900.0 2.912 2.911
24924.0 2.911 2.913
25098.0 2.913 2.909
24954.0 2.909 2.912
24867.0 2.912 2.914
24975.0 2.914 2.912
24840.0 2.912 2.915
25023.0 2.915 2.91
24906.0 2.91 2.914
24903.0 2.914 2.912
24777.0 2.912 2.916
24969.0 2.916 2.911
25029.0 2.911 2.91
24867.0 2.91 2.915
24864.0 2.915 2.914
24915.0 2.914 2.913
24705.0 2.913 2.918
24990.0 2.918 2.91
24984.0 2.91 2.911
24822.0 2.911 2.915
24921.0 2.915 2.911
25056.0 2.911 2.91
24903.0 2.91 2.914
24993.0 2.914 2.912
24951.0 2.912 2.913
24807.0 2.913 2.916
24915.0 2.916 2.913
24975.0 2.913 2.913
24747.0 2.913 2.917
24939.0 2.917 2.912
24840.0 2.912 2.914
25023.0 2.914 2.909
24888.0 2.909 2.914
24885.0 2.914 2.913
24927.0 2.913 2.913
24876.0 2.913 2.913
24816.0 2.913 2.914
25101.0 2.914 2.908
24882.0 2.908 2.914
24777.0 2.914 2.915
24903.0 2.915 2.911
24945.0 2.911 2.911
24783.0 2.911 2.915
24798.0 2.915 2.914
24924.0 2.914 2.911
24789.0 2.911 2.915
24879.0 2.915 2.913
24753.0 2.913 2.916
24954.0 2.916 2.912
25089.0 2.912 2.911
24852.0 2.911 2.917
24858.0 2.917 2.915
24918.0 2.915 2.912
24960.0 2.912 2.912
24984.0 2.912 2.912
24924.0 2.912 2.915
24939.0 2.915 2.914
24981.0 2.914 2.914
25014.0 2.914 2.914
24795.0 2.914 2.919
24744.0 2.919 2.92
24831.0 2.92 2.917
24834.0 2.917 2.917
24819.0 2.917 2.918
24795.0 2.918 2.917
24780.0 2.917 2.917
24765.0 2.917 2.918
24834.0 2.918 2.916
24651.0 2.916 2.919
24870.0 2.919 2.914
24621.0 2.914 2.92
24915.0 2.92 2.912
24759.0 2.912 2.916
24774.0 2.916 2.915
24918.0 2.915 2.911
24801.0 2.911 2.915
24816.0 2.915 2.915
24783.0 2.915 2.916
25002.0 2.916 2.91
24969.0 2.91 2.912
24798.0 2.912 2.915
24981.0 2.915 2.91
24948.0 2.91 2.912
24870.0 2.912 2.914
24894.0 2.914 2.914
24768.0 2.914 2.917
24978.0 2.917 2.912
24879.0 2.912 2.916
25062.0 2.916 2.91
24861.0 2.91 2.917
24783.0 2.917 2.917
25011.0 2.917 2.911
24996.0 2.911 2.914
24843.0 2.914 2.917
24960.0 2.917 2.914
25029.0 2.914 2.913
24642.0 2.913 2.923
24843.0 2.923 2.916
24957.0 2.916 2.914
24924.0 2.914 2.915
24789.0 2.915 2.918
24840.0 2.918 2.916
25002.0 2.916 2.913
24969.0 2.913 2.914
25002.0 2.914 2.914
24876.0 2.914 2.917
24825.0 2.917 2.917
24810.0 2.917 2.916
24786.0 2.916 2.915
24930.0 2.915 2.913
25065.0 2.913 2.909
24837.0 2.909 2.915
24918.0 2.915 2.912
24960.0 2.912 2.911
25059.0 2.911 2.908
24813.0 2.908 2.914
24960.0 2.914 2.909
24834.0 2.909 2.914
24747.0 2.914 2.913
24864.0 2.913 2.91
24813.0 2.91 2.913
24819.0 2.913 2.912
24843.0 2.912 2.912
24858.0 2.912 2.912
24966.0 2.912 2.908
24813.0 2.908 2.912
24885.0 2.912 2.91
24993.0 2.91 2.907
24822.0 2.907 2.913
24801.0 2.913 2.911
24825.0 2.911 2.911
25008.0 2.911 2.907
24678.0 2.907 2.915
24816.0 2.915 2.909
24942.0 2.909 2.908
24846.0 2.908 2.91
24741.0 2.91 2.912
24990.0 2.912 2.906
25014.0 2.906 2.908
24975.0 2.908 2.908
24702.0 2.908 2.915
25017.0 2.915 2.905
25059.0 2.905 2.907
23667.0 2.907 2.94
21789.0 2.94 2.967
20309.0 2.967 2.98
19457.0 2.98 2.985
18351.0 2.985 2.998
17609.0 2.998 3.006
16538.0 3.006 3.022
16058.0 3.022 3.023
15500.0 3.023 3.029
15032.0 3.029 3.034
14516.0 3.034 3.04
13940.0 3.04 3.046
13316.0 3.046 3.055
13059.0 3.055 3.054
12758.0 3.054 3.059
12536.0 3.059 3.06
12334.0 3.06 3.062
11806.0 3.062 3.071
11703.0 3.071 3.07
11477.0 3.07 3.072
11246.0 3.072 3.074
11025.0 3.074 3.076
10898.0 3.076 3.076
10750.0 3.076 3.079
10434.0 3.079 3.085
10210.0 3.085 3.086
10094.0 3.086 3.087
9982.0 3.087 3.09
9874.0 3.09 3.092
8766.0 3.092 3.117
7750.0 3.117 3.13
5584.0 3.13 3.171
4265.0 3.171 4.413
4374.0 4.413 5.295
5274.0 5.295 4.198
7546.0 4.198 4.138
9662.0 4.138 4.105
11469.0 4.105 4.081
12987.0 4.081 4.058
15220.0 4.058 4.013
17304.0 4.013 3.978
19695.0 3.978 3.935
21985.0 3.935 3.898
24167.0 3.898 3.866
26387.0 3.866 3.831
28810.0 3.831 3.792
30700.0 3.792 3.768
32702.0 3.768 3.739
34535.0 3.739 3.712
36023.0 3.712 3.696
37339.0 3.696 3.678
38730.0 3.678 3.657
39598.0 3.657 3.65
40522.0 3.65 3.639
39778.0 3.639 3.672
37312.0 3.672 3.733
35508.0 3.733 3.75
34092.0 3.75 3.765
32920.0 3.765 3.78
31951.0 3.78 3.791
31270.0 3.791 3.797
30526.0 3.797 3.809
30134.0 3.809 3.81
29672.0 3.81 3.815
28958.0 3.815 3.83
28706.0 3.83 3.83
28412.0 3.83 3.834
28055.0 3.834 3.84
27724.0 3.84 3.845
27613.0 3.845 3.843
27360.0 3.843 3.848
27010.0 3.848 3.855
27119.0 3.855 3.847
26944.0 3.847 3.851
26620.0 3.851 3.859
26587.0 3.859 3.857
26606.0 3.857 3.855
26444.0 3.855 3.86
26353.0 3.86 3.863
26301.0 3.863 3.863
26275.0 3.863 3.864
26320.0 3.864 3.862
26210.0 3.862 3.868
26090.0 3.868 3.869
26018.0 3.869 3.872
26114.0 3.872 3.869
26150.0 3.869 3.868
25910.0 3.868 3.876
25994.0 3.876 3.871
26054.0 3.871 3.868
25994.0 3.868 3.871
24998.0 3.871 3.902
23258.0 3.902 3.942
21630.0 3.942 3.966
20149.0 3.966 3.987
19177.0 3.987 3.997
18063.0 3.997 4.017
17358.0 4.017 4.023
16743.0 4.023 4.029
15911.0 4.029 4.045
15523.0 4.045 4.046
14947.0 4.046 4.055
14287.0 4.055 4.067
13986.0 4.067 4.067
13559.0 4.067 4.073
12964.0 4.073 4.084
12558.0 4.084 4.091
12362.0 4.091 4.091
12068.0 4.091 4.098
11864.0 4.098 4.099
11510.0 4.099 4.106
11498.0 4.106 4.101
11252.0 4.101 4.106
10988.0 4.106 4.11
10826.0 4.11 4.112
10508.0 4.112 4.119
10280.0 4.119 4.121
10406.0 4.121 4.114
10124.0 4.114 4.123
9855.0 4.123 4.128
9774.0 4.128 4.128
9624.0 4.128 4.13
9558.0 4.13 4.131
9413.0 4.131 4.134
9436.0 4.134 4.13
9133.0 4.13 4.14
9072.0 4.14 4.138
8952.0 4.138 4.14
8911.0 4.14 4.141
8791.0 4.141 4.146
8755.0 4.146 4.145
8818.0 4.145 4.141
8372.0 4.141 4.156
8588.0 4.156 4.143
8424.0 4.143 4.149
8309.0 4.149 4.15
8209.0 4.15 4.152
8282.0 4.152 4.148
8192.0 4.148 4.152
8092.0 4.152 4.154
7600.0 4.154 4.168
7028.0 4.168 4.182
6484.0 4.182 4.19
5964.0 4.19 4.199
5628.0 4.199 4.201
5223.0 4.201 4.21
4821.0 4.21 5.887
5187.0 5.887 4.693
7767.0 4.693 4.6
9939.0 4.6 4.566
11943.0 4.566 4.534
14197.0 4.534 4.485
16513.0 4.485 4.442
18886.0 4.442 4.399
21548.0 4.399 4.348
24380.0 4.348 4.298
27190.0 4.298 4.249
29836.0 4.249 4.207
32636.0 4.207 4.158
32940.0 4.158 4.193
32097.0 4.193 4.225
31793.0 4.225 4.223
31645.0 4.223 4.223
29633.0 4.223 4.287
27185.0 4.287 4.337
24889.0 4.337 4.371
23182.0 4.371 4.394
21838.0 4.394 4.412
20698.0 4.412 4.428
19720.0 4.428 4.444
18735.0 4.444 4.46
17869.0 4.46 4.474
17325.0 4.474 4.478
16589.0 4.478 4.492
15911.0 4.492 4.504
15203.0 4.504 4.516
14876.0 4.516 4.517
14364.0 4.517 4.529
14188.0 4.529 4.527
13632.0 4.527 4.541
13404.0 4.541 4.541
12972.0 4.541 4.552
12636.0 4.552 4.556
12503.0 4.556 4.557
12209.0 4.557 4.563
12083.0 4.563 4.562
11222.0 4.562 4.59
10109.0 4.59 4.615
9149.0 4.615 4.63
8483.0 4.63 4.637
7679.0 4.637 4.653
7142.0 4.653 4.659
6602.0 4.659 4.668
6070.0 4.668 4.678
5638.0 4.678 4.685
5302.0 4.685 4.69
4765.0 4.69 6.558
4654.0 6.558 7.87
6054.0 7.87 6.207
9276.0 6.207 6.079
12104.0 6.079 6.017
14723.0 6.017 5.961
17854.0 5.961 5.873
21273.0 5.873 5.783
24735.0 5.783 5.7
26795.0 5.7 5.688
28877.0 5.688 5.643
30845.0 5.643 5.601
32777.0 5.601 5.557
34461.0 5.557 5.524
35957.0 5.524 5.496
37313.0 5.496 5.47
38536.0 5.47 5.446
39500.0 5.446 5.432
40418.0 5.432 5.413
41316.0 5.413 5.395
41868.0 5.395 5.391
42369.0 5.391 5.382
42845.0 5.382 5.374
43349.0 5.374 5.363
43685.0 5.363 5.36
43769.0 5.36 5.363
40885.0 5.363 5.489
38323.0 5.489 5.537
36665.0 5.537 5.555
35416.0 5.555 5.573
34300.0 5.573 5.593
33475.0 5.593 5.609
32597.0 5.609 5.627
31973.0 5.627 5.637
31207.0 5.637 5.658
30745.0 5.658 5.663
30388.0 5.663 5.669
29905.0 5.669 5.682
29527.0 5.682 5.69
29291.0 5.69 5.692
29095.0 5.692 5.694
28815.0 5.694 5.702
26455.0 5.702 5.804
22813.0 5.804 5.922
20029.0 5.922 5.968
17791.0 5.968 6.008
16112.0 6.008 6.036
14444.0 6.036 6.077
13251.0 6.077 6.097
12035.0 6.097 6.127
11162.0 6.127 6.14
10268.0 6.14 6.162
9432.0 6.162 6.182
8746.0 6.182 6.196
8088.0 6.196 6.212
7554.0 6.212 6.223
7212.0 6.223 6.227
6714.0 6.227 6.241
6234.0 6.241 6.253
5853.0 6.253 6.261
5566.0 6.261 6.266
5121.0 6.266 6.28
4937.0 6.28 8.784
4933.0 8.784 10.541
7315.0 10.541 8.232
10981.0 8.232 8.058
13807.0 8.058 7.995
17027.0 7.995 7.877
20915.0 7.877 7.729
25011.0 7.729 7.59
29440.0 7.59 7.444
34165.0 7.444 7.291
