5352.0 1.0 1.0
5352.0 1.0 1.0
5352.0 1.0 1.021
4512.0 1.021 1.43
4582.0 1.43 1.716
4573.0 1.716 2.059
4565.0 2.059 2.471
4635.0 2.471 2.965
4539.0 2.965 3.558
5100.0 3.558 2.83
4791.0 2.83 3.969
5457.0 3.969 3.154
6801.0 3.154 3.131
7671.0 3.131 3.129
8229.0 3.129 3.121
8941.0 3.121 3.111
9793.0 3.111 3.097
10861.0 3.097 3.08
11041.0 3.08 3.085
11695.0 3.085 3.076
12537.0 3.076 3.064
13171.0 3.064 3.059
14007.0 3.059 3.046
14487.0 3.046 3.044
15153.0 3.044 3.036
15981.0 3.036 3.023
16509.0 3.023 3.02
16965.0 3.02 3.017
17714.0 3.017 3.004
18358.0 3.004 2.995
18673.0 2.995 2.993
19177.0 2.993 2.985
19919.0 2.985 2.973
20127.0 2.973 2.974
20583.0 2.974 2.968
21047.0 2.968 2.961
21463.0 2.961 2.957
21579.0 2.957 2.958
22075.0 2.958 2.949
22335.0 2.949 2.947
22431.0 2.947 2.947
22855.0 2.947 2.939
22859.0 2.939 2.943
22967.0 2.943 2.942
23345.0 2.942 2.936
23462.0 2.936 2.935
23357.0 2.935 2.94
23663.0 2.94 2.933
23762.0 2.933 2.932
23798.0 2.932 2.932
23918.0 2.932 2.93
24113.0 2.93 2.926
23954.0 2.926 2.932
24179.0 2.932 2.925
24374.0 2.925 2.922
24263.0 2.922 2.926
24368.0 2.926 2.924
24425.0 2.924 2.923
24548.0 2.923 2.922
24578.0 2.922 2.922
24515.0 2.922 2.924
24536.0 2.924 2.923
24575.0 2.923 2.922
24614.0 2.922 2.922
24719.0 2.922 2.919
24497.0 2.919 2.926
24668.0 2.926 2.92
24809.0 2.92 2.918
24569.0 2.918 2.924
24647.0 2.924 2.922
24938.0 2.922 2.916
24875.0 2.916 2.92
24674.0 2.92 2.924
24761.0 2.924 2.921
24716.0 2.921 2.922
24821.0 2.922 2.92
24758.0 2.92 2.923
24770.0 2.923 2.923
24893.0 2.923 2.92
24923.0 2.92 2.92
24758.0 2.92 2.923
24677.0 2.923 2.926
24968.0 2.926 2.918
24941.0 2.918 2.92
24842.0 2.92 2.921
24929.0 2.921 2.919
24857.0 2.919 2.921
24767.0 2.921 2.924
24947.0 2.924 2.919
24902.0 2.919 2.92
24728.0 2.92 2.925
24740.0 2.925 2.923
24872.0 2.923 2.921
24743.0 2.921 2.924
24839.0 2.924 2.921
24971.0 2.921 2.919
24824.0 2.919 2.923
25079.0 2.923 2.916
24866.0 2.916 2.923
24842.0 2.923 2.922
24872.0 2.922 2.921
24893.0 2.921 2.921
24914.0 2.921 2.921
24851.0 2.921 2.923
25031.0 2.923 2.92
25061.0 2.92 2.92
24980.0 2.92 2.923
24908.0 2.923 2.925
24938.0 2.925 2.923
24818.0 2.923 2.928
24680.0 2.928 2.932
24839.0 2.932 2.926
24950.0 2.926 2.925
24932.0 2.925 2.926
24980.0 2.926 2.925
24878.0 2.925 2.928
24842.0 2.928 2.928
24833.0 2.928 2.928
24656.0 2.928 2.932
24899.0 2.932 2.925
24851.0 2.925 2.927
24899.0 2.927 2.928
24890.0 2.928 2.927
24797.0 2.927 2.928
24863.0 2.928 2.925
24863.0 2.925 2.926
24836.0 2.926 2.926
25145.0 2.926 2.919
24950.0 2.919 2.925
24944.0 2.925 2.923
24917.0 2.923 2.925
24788.0 2.925 2.928
24845.0 2.928 2.926
24761.0 2.926 2.928
24902.0 2.928 2.924
24893.0 2.924 2.925
24932.0 2.925 2.923
24896.0 2.923 2.924
24935.0 2.924 2.923
24806.0 2.923 2.927
24920.0 2.927 2.923
24818.0 2.923 2.926
25016.0 2.926 2.92
24821.0 2.92 2.925
24824.0 2.925 2.926
24965.0 2.926 2.923
24686.0 2.923 2.93
24968.0 2.93 2.922
24977.0 2.922 2.925
24839.0 2.925 2.928
24803.0 2.928 2.927
24878.0 2.927 2.925
25028.0 2.925 2.922
24908.0 2.922 2.926
24770.0 2.926 2.927
25079.0 2.927 2.92
24986.0 2.92 2.924
24830.0 2.924 2.927
25037.0 2.927 2.922
24944.0 2.922 2.924
24881.0 2.924 2.925
25013.0 2.925 2.923
24902.0 2.923 2.925
24932.0 2.925 2.924
24644.0 2.924 2.929
24767.0 2.929 2.927
24860.0 2.927 2.926
24935.0 2.926 2.925
24824.0 2.925 2.929
24881.0 2.929 2.926
24881.0 2.926 2.926
24938.0 2.926 2.926
24920.0 2.926 2.928
24977.0 2.928 2.925
24968.0 2.925 2.926
24848.0 2.926 2.928
24905.0 2.928 2.926
25148.0 2.926 2.92
24962.0 2.92 2.926
24974.0 2.926 2.925
24947.0 2.925 2.926
24827.0 2.926 2.928
24968.0 2.928 2.925
24959.0 2.925 2.928
24764.0 2.928 2.93
24839.0 2.93 2.928
24932.0 2.928 2.925
24839.0 2.925 2.929
24896.0 2.929 2.926
24812.0 2.926 2.93
24962.0 2.93 2.925
24887.0 2.925 2.929
24683.0 2.929 2.932
24860.0 2.932 2.928
24971.0 2.928 2.926
24794.0 2.926 2.931
24776.0 2.931 2.93
24971.0 2.93 2.925
24812.0 2.925 2.929
24701.0 2.929 2.932
25037.0 2.932 2.924
24905.0 2.924 2.929
24944.0 2.929 2.928
24785.0 2.928 2.932
24860.0 2.932 2.929
24887.0 2.929 2.928
24887.0 2.928 2.93
24971.0 2.93 2.927
25064.0 2.927 2.925
24878.0 2.925 2.928
24926.0 2.928 2.926
25178.0 2.926 2.92
24992.0 2.92 2.924
24911.0 2.924 2.926
24791.0 2.926 2.93
24764.0 2.93 2.93
24689.0 2.93 2.931
24698.0 2.931 2.929
24800.0 2.929 2.929
24884.0 2.929 2.926
24800.0 2.926 2.929
24773.0 2.929 2.929
24773.0 2.929 2.929
24941.0 2.929 2.925
24857.0 2.925 2.927
24905.0 2.927 2.925
24980.0 2.925 2.923
24944.0 2.923 2.925
24899.0 2.925 2.926
24947.0 2.926 2.925
24920.0 2.925 2.927
24884.0 2.927 2.928
24950.0 2.928 2.927
24866.0 2.927 2.929
25025.0 2.929 2.924
24941.0 2.924 2.926
24728.0 2.926 2.933
24953.0 2.933 2.925
24821.0 2.925 2.93
24701.0 2.93 2.934
24803.0 2.934 2.931
25025.0 2.931 2.927
24959.0 2.927 2.931
24857.0 2.931 2.933
24875.0 2.933 2.932
24827.0 2.932 2.932
24854.0 2.932 2.93
24797.0 2.93 2.932
24890.0 2.932 2.93
25001.0 2.93 2.927
24674.0 2.927 2.935
24833.0 2.935 2.929
24887.0 2.929 2.929
24896.0 2.929 2.93
24989.0 2.93 2.928
24755.0 2.928 2.933
22898.0 2.933 2.975
21454.0 2.975 2.987
20078.0 2.987 3.002
18958.0 3.002 3.014
17992.0 3.014 3.023
17103.0 3.023 3.035
16361.0 3.035 3.044
15707.0 3.044 3.052
15269.0 3.052 3.053
14621.0 3.053 3.063
14399.0 3.063 3.06
13733.0 3.06 3.072
13457.0 3.072 3.073
13068.0 3.073 3.079
12847.0 3.079 3.081
12404.0 3.081 3.089
12134.0 3.089 3.091
11904.0 3.091 3.094
11600.0 3.094 3.098
11390.0 3.098 3.1
11111.0 3.1 3.105
10926.0 3.105 3.106
10682.0 3.106 3.109
10642.0 3.109 3.107
10358.0 3.107 3.112
10150.0 3.112 3.114
10046.0 3.114 3.115
9866.0 3.115 3.117
9606.0 3.117 3.121
8846.0 3.121 3.136
7430.0 3.136 3.161
5399.0 3.161 3.195
4264.0 3.195 4.141
4484.0 4.141 4.969
5672.0 4.969 3.928
8448.0 3.928 3.859
10180.0 3.859 3.848
11840.0 3.848 3.824
13706.0 3.824 3.792
15715.0 3.792 3.76
17891.0 3.76 3.723
20083.0 3.723 3.689
22174.0 3.689 3.66
24474.0 3.66 3.623
26722.0 3.623 3.59
28822.0 3.59 3.561
30825.0 3.561 3.536
32665.0 3.536 3.512
34345.0 3.512 3.492
35902.0 3.492 3.471
37333.0 3.471 3.452
38641.0 3.452 3.434
39557.0 3.434 3.425
40661.0 3.425 3.41
39731.0 3.41 3.45
37102.0 3.45 3.511
35214.0 3.511 3.528
34068.0 3.528 3.534
32934.0 3.534 3.548
32066.0 3.548 3.556
31156.0 3.556 3.569
30498.0 3.569 3.577
29896.0 3.577 3.584
29514.0 3.584 3.588
29029.0 3.588 3.595
28667.0 3.595 3.6
28370.0 3.6 3.604
28028.0 3.604 3.61
27716.0 3.61 3.612
27440.0 3.612 3.618
27356.0 3.618 3.618
27068.0 3.618 3.624
26936.0 3.624 3.624
26768.0 3.624 3.628
26696.0 3.628 3.627
26564.0 3.627 3.629
26504.0 3.629 3.629
26456.0 3.629 3.629
26408.0 3.629 3.63
26372.0 3.63 3.629
26168.0 3.629 3.634
26216.0 3.634 3.631
26216.0 3.631 3.631
26108.0 3.631 3.633
26084.0 3.633 3.634
25988.0 3.634 3.637
25988.0 3.637 3.636
26168.0 3.636 3.63
25844.0 3.63 3.641
25808.0 3.641 3.639
25940.0 3.639 3.635
24380.0 3.635 3.681
22599.0 3.681 3.712
21079.0 3.712 3.73
19833.0 3.73 3.745
18777.0 3.745 3.76
17970.0 3.76 3.77
17076.0 3.77 3.784
16376.0 3.784 3.792
15824.0 3.792 3.799
14968.0 3.799 3.817
14695.0 3.817 3.815
14072.0 3.815 3.827
13694.0 3.827 3.831
13365.0 3.831 3.836
12882.0 3.836 3.845
12606.0 3.845 3.848
12282.0 3.848 3.853
11964.0 3.853 3.858
11748.0 3.858 3.861
11550.0 3.861 3.864
11280.0 3.864 3.869
10932.0 3.869 3.876
10770.0 3.876 3.877
10711.0 3.877 3.876
10484.0 3.876 3.882
10257.0 3.882 3.886
10129.0 3.886 3.886
10016.0 3.886 3.888
9819.0 3.888 3.892
9706.0 3.892 3.893
9608.0 3.893 3.893
9347.0 3.893 3.901
9254.0 3.901 3.901
9265.0 3.901 3.899
9108.0 3.899 3.902
9030.0 3.902 3.904
9046.0 3.904 3.903
8894.0 3.903 3.906
8826.0 3.906 3.905
8679.0 3.905 3.909
8616.0 3.909 3.909
8456.0 3.909 3.913
8548.0 3.913 3.907
8396.0 3.907 3.913
8484.0 3.913 3.907
8248.0 3.907 3.915
8256.0 3.915 3.912
8112.0 3.912 3.917
8212.0 3.917 3.913
7568.0 3.913 3.935
7168.0 3.935 3.937
6396.0 3.937 3.955
6009.0 3.955 3.955
5649.0 3.955 3.96
5208.0 3.96 3.968
4689.0 3.968 5.547
5106.0 5.547 4.419
7834.0 4.419 4.33
10207.0 4.33 4.294
12109.0 4.294 4.266
14468.0 4.266 4.217
16856.0 4.217 4.175
19577.0 4.175 4.122
22195.0 4.122 4.078
24940.0 4.078 4.031
27921.0 4.031 3.98
30763.0 3.98 3.935
33289.0 3.935 3.899
32805.0 3.899 3.955
32169.0 3.955 3.97
31845.0 3.97 3.97
31608.0 3.97 3.974
28668.0 3.974 4.064
26134.0 4.064 4.1
24236.0 4.1 4.12
22700.0 4.12 4.139
21452.0 4.139 4.154
20348.0 4.154 4.17
19069.0 4.17 4.194
18223.0 4.194 4.203
17403.0 4.203 4.217
16701.0 4.217 4.227
16146.0 4.227 4.236
15552.0 4.236 4.245
15056.0 4.245 4.252
14516.0 4.252 4.261
14168.0 4.261 4.264
13852.0 4.264 4.269
13509.0 4.269 4.274
13264.0 4.274 4.276
13040.0 4.276 4.279
12655.0 4.279 4.289
12361.0 4.289 4.294
12018.0 4.294 4.3
11353.0 4.3 4.318
10405.0 4.318 4.342
9505.0 4.342 4.356
8684.0 4.356 4.369
7809.0 4.369 4.385
7216.0 4.385 4.393
6736.0 4.393 4.401
6188.0 4.401 4.411
5652.0 4.411 4.421
5199.0 4.421 4.429
4842.0 4.429 6.194
4497.0 6.194 7.432
6013.0 7.432 5.856
9361.0 5.856 5.733
12203.0 5.733 5.678
14990.0 5.678 5.616
18289.0 5.616 5.528
22005.0 5.528 5.437
25209.0 5.437 5.376
27368.0 5.376 5.351
29330.0 5.351 5.313
31268.0 5.313 5.273
33152.0 5.273 5.233
34874.0 5.233 5.2
36326.0 5.2 5.176
37530.0 5.176 5.157
38802.0 5.157 5.13
39642.0 5.13 5.12
40660.0 5.12 5.098
41435.0 5.098 5.086
42033.0 5.086 5.075
42527.0 5.075 5.068
43027.0 5.068 5.06
43559.0 5.06 5.046
43856.0 5.046 5.045
42926.0 5.045 5.089
40142.0 5.089 5.187
37643.0 5.187 5.233
36119.0 5.233 5.245
34949.0 5.245 5.262
33885.0 5.262 5.28
33099.0 5.28 5.292
32280.0 5.292 5.308
31692.0 5.308 5.317
31036.0 5.317 5.332
30608.0 5.332 5.338
30092.0 5.338 5.351
29700.0 5.351 5.356
29370.0 5.356 5.362
29227.0 5.362 5.362
28954.0 5.362 5.37
28345.0 5.37 5.389
24918.0 5.389 5.529
21602.0 5.529 5.604
19109.0 5.604 5.641
17074.0 5.641 5.675
15322.0 5.675 5.708
13990.0 5.708 5.729
12798.0 5.729 5.75
11712.0 5.75 5.772
10880.0 5.772 5.784
9928.0 5.784 5.808
9200.0 5.808 5.822
8598.0 5.822 5.834
7956.0 5.834 5.849
7500.0 5.849 5.856
6900.0 5.856 5.874
6494.0 5.874 5.88
6108.0 5.88 5.89
5648.0 5.89 5.902
5372.0 5.902 5.906
5024.0 5.906 5.915
4764.0 5.915 8.271
5688.0 8.271 6.556
8802.0 6.556 5.749
11966.0 5.749 5.667
15041.0 5.667 5.599
18559.0 5.599 5.506
22643.0 5.506 5.403
26933.0 5.403 5.302
31559.0 5.302 5.197
35735.0 5.197 5.118
37449.0 5.118 5.137
38643.0 5.137 5.124
40179.0 5.124 5.086
41651.0 5.086 5.056
42759.0 5.056 5.039
43691.0 5.039 5.025
44471.0 5.025 5.012
