5520.0 1.0 1.0
5520.0 1.0 1.0
5520.0 1.0 1.022
4680.0 1.022 1.431
4420.0 1.431 1.717
4415.0 1.717 2.06
4410.0 2.06 2.472
4486.0 2.472 2.967
4394.0 2.967 3.56
4959.0 3.56 4.272
4653.0 4.272 5.126
5190.0 5.126 4.079
7170.0 4.079 4.023
8294.0 4.023 4.019
8802.0 4.019 4.021
9296.0 4.021 4.013
9963.0 4.013 4.002
10358.0 4.002 4.0
11316.0 4.0 3.976
12084.0 3.976 3.967
12612.0 3.967 3.962
13194.0 3.962 3.952
14146.0 3.952 3.931
14811.0 3.931 3.925
15140.0 3.925 3.926
16068.0 3.926 3.902
16836.0 3.902 3.892
17240.0 3.892 3.892
17688.0 3.892 3.883
18234.0 3.883 3.873
18819.0 3.873 3.864
19266.0 3.864 3.859
19752.0 3.859 3.851
20122.0 3.851 3.849
20452.0 3.849 3.842
20930.0 3.842 3.833
21126.0 3.833 3.835
21440.0 3.835 3.83
21848.0 3.83 3.822
21974.0 3.822 3.823
22386.0 3.823 3.815
22363.0 3.815 3.82
22957.0 3.82 3.803
22744.0 3.803 3.815
23261.0 3.815 3.8
23351.0 3.8 3.801
23510.0 3.801 3.798
23596.0 3.798 3.796
23660.0 3.796 3.798
23713.0 3.798 3.798
23777.0 3.798 3.797
23925.0 3.797 3.794
24146.0 3.794 3.789
24020.0 3.789 3.796
24281.0 3.796 3.787
24334.0 3.787 3.788
24416.0 3.788 3.786
24341.0 3.786 3.789
24580.0 3.789 3.782
24460.0 3.782 3.788
24593.0 3.788 3.783
24377.0 3.783 3.791
24521.0 3.791 3.786
24413.0 3.786 3.79
24652.0 3.79 3.782
24616.0 3.782 3.785
24688.0 3.785 3.784
24712.0 3.784 3.783
24724.0 3.783 3.783
24736.0 3.783 3.783
24664.0 3.783 3.785
24748.0 3.785 3.784
24772.0 3.784 3.783
24784.0 3.783 3.782
24700.0 3.782 3.785
24784.0 3.785 3.782
24808.0 3.782 3.782
24892.0 3.782 3.78
24808.0 3.78 3.782
24868.0 3.782 3.78
24784.0 3.78 3.784
24688.0 3.784 3.786
24952.0 3.786 3.778
24892.0 3.778 3.781
24856.0 3.781 3.782
24928.0 3.782 3.778
25012.0 3.778 3.777
24892.0 3.777 3.782
24940.0 3.782 3.78
24856.0 3.78 3.783
25000.0 3.783 3.776
24832.0 3.776 3.78
24784.0 3.78 3.78
24856.0 3.78 3.78
24748.0 3.78 3.784
24892.0 3.784 3.777
24820.0 3.777 3.78
24868.0 3.78 3.779
24940.0 3.779 3.777
24832.0 3.777 3.782
24712.0 3.782 3.783
24964.0 3.783 3.777
24808.0 3.777 3.784
24772.0 3.784 3.783
24868.0 3.783 3.781
24952.0 3.781 3.778
24940.0 3.778 3.779
25072.0 3.779 3.775
24964.0 3.775 3.779
24736.0 3.779 3.784
25132.0 3.784 3.768
25060.0 3.768 3.775
24712.0 3.775 3.783
25084.0 3.783 3.772
25084.0 3.772 3.774
24928.0 3.774 3.779
24868.0 3.779 3.781
25012.0 3.781 3.775
25000.0 3.775 3.777
24688.0 3.777 3.786
24904.0 3.786 3.777
25096.0 3.777 3.773
24808.0 3.773 3.783
24916.0 3.783 3.779
25096.0 3.779 3.775
24988.0 3.775 3.78
25108.0 3.78 3.774
25096.0 3.774 3.776
24952.0 3.776 3.78
24904.0 3.78 3.781
24880.0 3.781 3.78
24868.0 3.78 3.78
24772.0 3.78 3.783
24844.0 3.783 3.777
24940.0 3.777 3.772
24904.0 3.772 3.775
24916.0 3.775 3.774
24856.0 3.774 3.776
25048.0 3.776 3.769
24916.0 3.769 3.774
24652.0 3.774 3.779
24760.0 3.779 3.776
24904.0 3.776 3.773
24772.0 3.773 3.778
25036.0 3.778 3.771
25000.0 3.771 3.775
24832.0 3.775 3.781
25036.0 3.781 3.775
25024.0 3.775 3.776
24880.0 3.776 3.782
24916.0 3.782 3.78
25000.0 3.78 3.778
24988.0 3.778 3.779
24796.0 3.779 3.783
25024.0 3.783 3.777
24856.0 3.777 3.782
24820.0 3.782 3.782
24736.0 3.782 3.785
24988.0 3.785 3.777
25000.0 3.777 3.78
24880.0 3.78 3.784
24868.0 3.784 3.783
24880.0 3.783 3.782
24796.0 3.782 3.786
24880.0 3.786 3.78
24988.0 3.78 3.778
24976.0 3.778 3.78
24868.0 3.78 3.783
24928.0 3.783 3.781
24928.0 3.781 3.782
24832.0 3.782 3.786
24916.0 3.786 3.783
24940.0 3.783 3.784
24772.0 3.784 3.789
24952.0 3.789 3.782
25084.0 3.782 3.779
24832.0 3.779 3.788
24892.0 3.788 3.784
24940.0 3.784 3.782
24952.0 3.782 3.783
24784.0 3.783 3.786
24868.0 3.786 3.782
24724.0 3.782 3.788
24808.0 3.788 3.784
24856.0 3.784 3.784
24784.0 3.784 3.787
24796.0 3.787 3.785
24832.0 3.785 3.783
24844.0 3.783 3.784
24688.0 3.784 3.789
24868.0 3.789 3.782
24832.0 3.782 3.784
25000.0 3.784 3.78
24844.0 3.78 3.786
24916.0 3.786 3.782
24772.0 3.782 3.787
24856.0 3.787 3.784
24892.0 3.784 3.785
24904.0 3.785 3.786
24916.0 3.786 3.784
25024.0 3.784 3.781
24784.0 3.781 3.788
24772.0 3.788 3.788
24724.0 3.788 3.79
24928.0 3.79 3.782
24820.0 3.782 3.787
24820.0 3.787 3.786
24856.0 3.786 3.784
24880.0 3.784 3.783
24724.0 3.783 3.789
24808.0 3.789 3.786
25024.0 3.786 3.78
24880.0 3.78 3.785
24784.0 3.785 3.789
24796.0 3.789 3.786
25096.0 3.786 3.778
25036.0 3.778 3.78
24916.0 3.78 3.783
24820.0 3.783 3.785
24736.0 3.785 3.788
24844.0 3.788 3.784
24712.0 3.784 3.787
24892.0 3.787 3.781
24676.0 3.781 3.79
24748.0 3.79 3.785
24880.0 3.785 3.781
24892.0 3.781 3.782
24712.0 3.782 3.788
24796.0 3.788 3.784
24748.0 3.784 3.787
24760.0 3.787 3.787
24796.0 3.787 3.785
24820.0 3.785 3.786
24664.0 3.786 3.789
24688.0 3.789 3.789
24652.0 3.789 3.789
24616.0 3.789 3.789
24832.0 3.789 3.782
24712.0 3.782 3.79
24712.0 3.79 3.791
24760.0 3.791 3.792
24736.0 3.792 3.791
24640.0 3.791 3.795
24952.0 3.795 3.785
24796.0 3.785 3.792
24976.0 3.792 3.785
24796.0 3.785 3.792
24904.0 3.792 3.787
24724.0 3.787 3.794
24928.0 3.794 3.785
25012.0 3.785 3.784
23596.0 3.784 3.828
22060.0 3.828 3.853
20570.0 3.853 3.873
19566.0 3.873 3.881
18669.0 3.881 3.892
17649.0 3.892 3.91
16851.0 3.91 3.918
16203.0 3.918 3.924
15503.0 3.924 3.937
15003.0 3.937 3.942
14604.0 3.942 3.948
13974.0 3.948 3.961
13610.0 3.961 3.963
13218.0 3.963 3.969
12917.0 3.969 3.972
12553.0 3.972 3.98
12397.0 3.98 3.978
12013.0 3.978 3.987
11791.0 3.987 3.99
11431.0 3.99 3.998
11245.0 3.998 3.999
10999.0 3.999 4.003
10927.0 4.003 4.002
10699.0 4.002 4.007
10633.0 4.007 4.006
10333.0 4.006 4.014
10125.0 4.014 4.017
10105.0 4.017 4.017
9838.0 4.017 4.022
9487.0 4.022 4.031
8815.0 4.031 4.049
7160.0 4.049 4.091
5032.0 4.091 4.136
4287.0 4.136 5.756
4176.0 5.756 6.907
5151.0 6.907 5.472
7352.0 5.472 5.394
9549.0 5.394 5.347
11271.0 5.347 5.321
13087.0 5.321 5.281
15100.0 5.281 5.235
16918.0 5.235 5.201
19335.0 5.201 5.139
21351.0 5.139 5.103
23596.0 5.103 5.054
25735.0 5.054 5.015
27895.0 5.015 4.971
30095.0 4.971 4.927
31769.0 4.927 4.901
33727.0 4.901 4.861
35387.0 4.861 4.831
36773.0 4.831 4.808
38133.0 4.808 4.782
39211.0 4.782 4.765
40257.0 4.765 4.747
40829.0 4.747 4.746
38468.0 4.746 4.848
36374.0 4.848 4.882
34736.0 4.882 4.903
33518.0 4.903 4.92
32490.0 4.92 4.935
31703.0 4.935 4.949
30946.0 4.949 4.963
30349.0 4.963 4.971
29953.0 4.971 4.975
29359.0 4.975 4.991
28783.0 4.991 5.004
28567.0 5.004 5.002
28347.0 5.002 5.006
28043.0 5.006 5.014
27588.0 5.014 5.026
27352.0 5.026 5.03
27268.0 5.03 5.027
27033.0 5.027 5.032
26949.0 5.032 5.032
26647.0 5.032 5.041
26679.0 5.041 5.036
26591.0 5.036 5.037
26639.0 5.037 5.035
26435.0 5.035 5.042
26315.0 5.042 5.044
26395.0 5.044 5.039
26239.0 5.039 5.047
26135.0 5.047 5.049
26163.0 5.049 5.046
26191.0 5.046 5.045
25867.0 5.045 5.057
26047.0 5.057 5.049
26123.0 5.049 5.045
26067.0 5.045 5.049
25827.0 5.049 5.057
25939.0 5.057 5.048
26015.0 5.048 5.047
25203.0 5.047 5.08
22879.0 5.08 5.154
21619.0 5.154 5.164
20345.0 5.164 5.187
19166.0 5.187 5.207
18194.0 5.207 5.225
17378.0 5.225 5.237
16738.0 5.237 5.243
16131.0 5.243 5.252
15378.0 5.252 5.27
14838.0 5.27 5.278
14274.0 5.278 5.292
14070.0 5.292 5.286
13566.0 5.286 5.299
13212.0 5.299 5.307
12642.0 5.307 5.322
12598.0 5.322 5.312
12250.0 5.312 5.324
12046.0 5.324 5.327
11790.0 5.327 5.331
11366.0 5.331 5.345
11210.0 5.345 5.345
10918.0 5.345 5.353
10778.0 5.353 5.354
10484.0 5.354 5.366
10365.0 5.366 5.363
10267.0 5.363 5.365
10078.0 5.365 5.369
9980.0 5.369 5.373
9805.0 5.373 5.377
9553.0 5.377 5.385
9728.0 5.385 5.374
9420.0 5.374 5.388
9312.0 5.388 5.386
9150.0 5.386 5.39
9234.0 5.39 5.384
8988.0 5.384 5.395
8814.0 5.395 5.398
8916.0 5.398 5.39
8766.0 5.39 5.396
8772.0 5.396 5.392
8622.0 5.392 5.398
8466.0 5.398 5.403
8484.0 5.403 5.4
8514.0 5.4 5.399
8370.0 5.399 5.402
8142.0 5.402 5.408
8256.0 5.408 5.404
8124.0 5.404 5.412
8070.0 5.412 5.414
8118.0 5.414 5.412
7662.0 5.412 5.432
7086.0 5.432 5.447
6283.0 5.447 5.468
5836.0 5.468 5.473
5620.0 5.473 5.474
5160.0 5.474 5.486
4700.0 5.486 7.127
5768.0 7.127 5.64
8747.0 5.64 5.531
10601.0 5.531 5.514
12092.0 5.514 5.495
14368.0 5.495 5.434
16722.0 5.434 5.381
19200.0 5.381 5.322
21903.0 5.322 5.258
24717.0 5.258 5.196
27497.0 5.196 5.139
30112.0 5.139 5.09
32831.0 5.09 5.033
32915.0 5.033 5.083
32283.0 5.083 5.113
31739.0 5.113 5.124
31543.0 5.124 5.12
29243.0 5.12 5.213
26693.0 5.213 5.276
24605.0 5.276 5.307
23097.0 5.307 5.328
21576.0 5.328 5.358
20470.0 5.358 5.375
19470.0 5.375 5.394
18619.0 5.394 5.409
17803.0 5.409 5.425
17131.0 5.425 5.438
16339.0 5.438 5.458
15888.0 5.458 5.461
15335.0 5.461 5.472
14817.0 5.472 5.481
14507.0 5.481 5.486
13965.0 5.486 5.5
13601.0 5.5 5.508
13394.0 5.508 5.507
12953.0 5.507 5.523
12764.0 5.523 5.521
12443.0 5.521 5.531
12197.0 5.531 5.537
11909.0 5.537 5.546
11217.0 5.546 5.572
10121.0 5.572 5.605
9253.0 5.605 5.619
8448.0 5.619 5.635
7662.0 5.635 5.654
7152.0 5.654 5.662
6570.0 5.662 5.677
6171.0 5.677 5.682
5619.0 5.682 5.697
5219.0 5.697 5.704
4835.0 5.704 7.977
4623.0 7.977 9.572
6216.0 9.572 7.536
9744.0 7.536 7.37
12507.0 7.37 7.308
15105.0 7.308 7.238
18255.0 7.238 7.134
21843.0 7.134 7.019
