5604.0 1.0 1.0
5604.0 1.0 1.0
5604.0 1.0 1.022
4764.0 1.022 1.431
4338.0 1.431 1.717
4335.0 1.717 2.061
4331.0 2.061 2.473
4409.0 2.473 2.968
4319.0 2.968 3.561
4886.0 3.561 4.273
4583.0 4.273 5.128
5123.0 5.128 4.08
7103.0 4.08 4.024
8231.0 4.024 4.02
8739.0 4.02 4.021
9238.0 4.021 4.014
9826.0 4.014 4.005
10310.0 4.005 3.999
11273.0 3.999 3.977
12041.0 3.977 3.967
12569.0 3.967 3.963
13067.0 3.963 3.955
14026.0 3.955 3.933
14782.0 3.933 3.923
15118.0 3.923 3.924
16038.0 3.924 3.901
16798.0 3.901 3.891
17034.0 3.891 3.894
17558.0 3.894 3.883
18197.0 3.883 3.871
18698.0 3.871 3.864
19220.0 3.864 3.856
19706.0 3.856 3.851
20072.0 3.851 3.847
20738.0 3.847 3.833
20796.0 3.833 3.837
21352.0 3.837 3.823
21686.0 3.823 3.819
21772.0 3.819 3.822
22164.0 3.822 3.813
22466.0 3.813 3.808
22545.0 3.808 3.811
22843.0 3.811 3.803
23079.0 3.803 3.802
23092.0 3.802 3.802
23357.0 3.802 3.798
23443.0 3.798 3.798
23507.0 3.798 3.798
23907.0 3.798 3.787
23887.0 3.787 3.791
23969.0 3.791 3.789
23989.0 3.789 3.789
24166.0 3.789 3.785
24259.0 3.785 3.785
24078.0 3.785 3.791
24317.0 3.791 3.78
24337.0 3.78 3.784
24375.0 3.784 3.783
24435.0 3.783 3.781
24652.0 3.781 3.774
24556.0 3.774 3.78
24382.0 3.78 3.784
24577.0 3.784 3.777
24589.0 3.777 3.779
24689.0 3.779 3.777
24749.0 3.777 3.776
24629.0 3.776 3.781
24665.0 3.781 3.778
24653.0 3.778 3.78
24629.0 3.78 3.78
24869.0 3.78 3.774
24929.0 3.774 3.773
24953.0 3.773 3.772
24977.0 3.772 3.772
24737.0 3.772 3.778
24749.0 3.778 3.774
24797.0 3.774 3.774
24653.0 3.774 3.779
24761.0 3.779 3.774
24905.0 3.774 3.771
24761.0 3.771 3.777
24929.0 3.777 3.77
24809.0 3.77 3.775
24893.0 3.775 3.773
24677.0 3.773 3.781
24773.0 3.781 3.775
24845.0 3.775 3.773
24881.0 3.773 3.775
24905.0 3.775 3.773
24929.0 3.773 3.773
25037.0 3.773 3.77
24893.0 3.77 3.776
24881.0 3.776 3.774
25001.0 3.774 3.772
24941.0 3.772 3.775
24953.0 3.775 3.773
24977.0 3.773 3.772
24749.0 3.772 3.778
24845.0 3.778 3.774
24737.0 3.774 3.779
24845.0 3.779 3.774
24821.0 3.774 3.774
25013.0 3.774 3.768
24953.0 3.768 3.77
24929.0 3.77 3.771
25001.0 3.771 3.768
25001.0 3.768 3.769
24905.0 3.769 3.771
24893.0 3.771 3.772
24977.0 3.772 3.772
24989.0 3.772 3.77
24749.0 3.77 3.781
24665.0 3.781 3.779
24737.0 3.779 3.775
24881.0 3.775 3.774
24917.0 3.774 3.774
24857.0 3.774 3.775
24881.0 3.775 3.775
24833.0 3.775 3.777
24785.0 3.777 3.777
24749.0 3.777 3.775
24881.0 3.775 3.769
24833.0 3.769 3.773
24989.0 3.773 3.768
24929.0 3.768 3.772
24989.0 3.772 3.771
24749.0 3.771 3.778
24749.0 3.778 3.777
24881.0 3.777 3.773
24845.0 3.773 3.776
24773.0 3.776 3.779
24893.0 3.779 3.773
25121.0 3.773 3.768
24965.0 3.768 3.774
24857.0 3.774 3.774
24965.0 3.774 3.77
25073.0 3.77 3.768
24905.0 3.768 3.775
24977.0 3.775 3.772
25085.0 3.772 3.771
24929.0 3.771 3.775
24845.0 3.775 3.775
24713.0 3.775 3.776
25001.0 3.776 3.767
24869.0 3.767 3.772
24677.0 3.772 3.779
25109.0 3.779 3.764
25001.0 3.764 3.77
24869.0 3.77 3.774
24857.0 3.774 3.774
24881.0 3.774 3.774
24905.0 3.774 3.774
24761.0 3.774 3.779
24953.0 3.779 3.771
24845.0 3.771 3.774
25013.0 3.774 3.77
24953.0 3.77 3.773
24941.0 3.773 3.771
25121.0 3.771 3.765
24869.0 3.765 3.776
24917.0 3.776 3.775
24881.0 3.775 3.776
24989.0 3.776 3.773
25025.0 3.773 3.772
25121.0 3.772 3.771
24881.0 3.771 3.78
24797.0 3.78 3.782
24869.0 3.782 3.778
24869.0 3.778 3.779
24833.0 3.779 3.782
24809.0 3.782 3.783
24893.0 3.783 3.78
24893.0 3.78 3.781
24785.0 3.781 3.785
24773.0 3.785 3.785
24965.0 3.785 3.78
24905.0 3.78 3.785
24809.0 3.785 3.786
24653.0 3.786 3.791
25013.0 3.791 3.78
24905.0 3.78 3.787
24809.0 3.787 3.791
24845.0 3.791 3.788
24989.0 3.788 3.785
24941.0 3.785 3.787
24797.0 3.787 3.792
25085.0 3.792 3.781
24977.0 3.781 3.787
24881.0 3.787 3.79
24749.0 3.79 3.791
24713.0 3.791 3.792
24941.0 3.792 3.785
24749.0 3.785 3.791
24857.0 3.791 3.786
24665.0 3.786 3.794
24941.0 3.794 3.782
24941.0 3.782 3.785
24857.0 3.785 3.787
24965.0 3.787 3.784
24833.0 3.784 3.788
25013.0 3.788 3.782
24893.0 3.782 3.785
24977.0 3.785 3.78
24917.0 3.78 3.784
24905.0 3.784 3.785
24917.0 3.785 3.784
24845.0 3.784 3.787
24941.0 3.787 3.785
24965.0 3.785 3.784
24725.0 3.784 3.788
24821.0 3.788 3.783
25025.0 3.783 3.779
25109.0 3.779 3.776
24833.0 3.776 3.783
24785.0 3.783 3.783
25049.0 3.783 3.775
24893.0 3.775 3.784
24677.0 3.784 3.79
24857.0 3.79 3.782
24833.0 3.782 3.784
25001.0 3.784 3.778
24845.0 3.778 3.784
24725.0 3.784 3.785
24821.0 3.785 3.783
24761.0 3.783 3.786
24857.0 3.786 3.784
24797.0 3.784 3.784
24725.0 3.784 3.787
24905.0 3.787 3.781
25025.0 3.781 3.778
25097.0 3.778 3.777
24905.0 3.777 3.784
25121.0 3.784 3.777
24881.0 3.777 3.786
24845.0 3.786 3.785
24869.0 3.785 3.783
24965.0 3.783 3.78
24881.0 3.78 3.783
24785.0 3.783 3.785
24953.0 3.785 3.779
24809.0 3.779 3.785
24953.0 3.785 3.779
24809.0 3.779 3.786
24869.0 3.786 3.783
24893.0 3.783 3.783
24809.0 3.783 3.785
24893.0 3.785 3.783
24905.0 3.783 3.784
24833.0 3.784 3.786
24845.0 3.786 3.785
24701.0 3.785 3.789
23033.0 3.789 3.84
21446.0 3.84 3.864
20362.0 3.864 3.871
19166.0 3.871 3.888
18344.0 3.888 3.898
17444.0 3.898 3.913
16505.0 3.913 3.929
15949.0 3.929 3.931
15473.0 3.931 3.938
14829.0 3.938 3.95
14262.0 3.95 3.959
13744.0 3.959 3.967
13513.0 3.967 3.967
13310.0 3.967 3.968
12939.0 3.968 3.975
12491.0 3.975 3.984
12257.0 3.984 3.985
11885.0 3.985 3.993
11849.0 3.993 3.989
11591.0 3.989 3.997
11321.0 3.997 4.0
11159.0 4.0 4.001
11003.0 4.001 4.003
10601.0 4.003 4.014
10625.0 4.014 4.01
10265.0 4.01 4.021
10235.0 4.021 4.017
9894.0 4.017 4.027
9963.0 4.027 4.019
9306.0 4.019 4.041
8377.0 4.041 4.063
6663.0 4.063 4.106
4245.0 4.106 5.721
4176.0 5.721 6.865
4673.0 6.865 8.238
5717.0 8.238 6.521
8387.0 6.521 6.41
10158.0 6.41 6.387
11802.0 6.387 6.351
13512.0 6.351 6.304
15514.0 6.304 6.252
17494.0 6.252 6.201
19587.0 6.201 6.148
21837.0 6.148 6.089
24045.0 6.089 6.037
26379.0 6.037 5.979
28190.0 5.979 5.946
30274.0 5.946 5.896
32298.0 5.896 5.846
33970.0 5.846 5.813
35602.0 5.813 5.779
36993.0 5.779 5.75
38403.0 5.75 5.717
39228.0 5.717 5.713
40425.0 5.713 5.678
40453.0 5.678 5.701
38213.0 5.701 5.808
36079.0 5.808 5.852
34505.0 5.852 5.874
33389.0 5.874 5.891
32561.0 5.891 5.906
31751.0 5.906 5.921
30865.0 5.921 5.942
30153.0 5.942 5.958
29635.0 5.958 5.967
29110.0 5.967 5.979
28963.0 5.979 5.975
28627.0 5.975 5.985
28270.0 5.985 5.993
27955.0 5.993 6.001
27579.0 6.001 6.011
27411.0 6.011 6.012
27199.0 6.012 6.019
26987.0 6.019 6.023
27067.0 6.023 6.014
26747.0 6.014 6.029
26639.0 6.029 6.027
26759.0 6.027 6.017
26543.0 6.017 6.029
26514.0 6.029 6.026
26439.0 6.026 6.028
26364.0 6.028 6.029
26037.0 6.029 6.044
26298.0 6.044 6.027
26047.0 6.027 6.041
26224.0 6.041 6.028
26206.0 6.028 6.03
26131.0 6.03 6.033
25991.0 6.033 6.041
26103.0 6.041 6.035
26085.0 6.035 6.035
25880.0 6.035 6.046
26095.0 6.046 6.034
24920.0 6.034 6.095
23174.0 6.095 6.153
21452.0 6.153 6.195
20416.0 6.195 6.204
19375.0 6.204 6.227
18448.0 6.227 6.248
17272.0 6.248 6.284
16664.0 6.284 6.288
16076.0 6.288 6.301
15500.0 6.301 6.312
14960.0 6.312 6.325
14360.0 6.325 6.337
14039.0 6.337 6.343
13656.0 6.343 6.35
13295.0 6.35 6.359
12847.0 6.359 6.373
12503.0 6.373 6.378
12273.0 6.378 6.382
11969.0 6.382 6.39
11675.0 6.39 6.397
11453.0 6.397 6.404
11165.0 6.404 6.412
10970.0 6.412 6.41
10877.0 6.41 6.413
10532.0 6.413 6.429
10496.0 6.429 6.423
10316.0 6.423 6.428
9960.0 6.428 6.442
10116.0 6.442 6.427
9876.0 6.427 6.441
9696.0 6.441 6.444
9624.0 6.444 6.443
9476.0 6.443 6.45
9236.0 6.45 6.459
9264.0 6.459 6.454
9056.0 6.454 6.463
9049.0 6.463 6.461
9056.0 6.461 6.458
8979.0 6.458 6.463
8811.0 6.463 6.468
8818.0 6.468 6.463
8664.0 6.463 6.472
8755.0 6.472 6.464
8608.0 6.464 6.471
8286.0 6.471 6.48
8307.0 6.48 6.474
8342.0 6.474 6.473
8286.0 6.473 6.477
8307.0 6.477 6.475
7999.0 6.475 6.492
8279.0 6.492 6.473
8076.0 6.473 6.484
7425.0 6.484 6.513
6669.0 6.513 6.537
6279.0 6.537 6.543
5783.0 6.543 6.553
5376.0 6.553 6.56
4895.0 6.56 9.175
4619.0 9.175 11.919
5735.0 11.919 9.429
8687.0 9.429 9.249
10573.0 9.249 9.218
12469.0 9.218 9.152
14429.0 9.152 9.075
16881.0 9.075 8.974
19371.0 8.974 8.882
22038.0 8.882 8.781
24750.0 8.781 8.684
27542.0 8.684 8.586
30182.0 8.586 8.501
32889.0 8.501 8.407
32811.0 8.407 8.503
32355.0 8.503 8.534
31758.0 8.534 8.553
31713.0 8.553 8.536
