4176.0 1.0 1.0
4176.0 1.0 1.4
4176.0 1.4 1.82
4176.0 1.82 2.387
4176.0 2.387 3.103
4176.0 3.103 3.724
5011.0 3.724 2.954
4183.0 2.954 3.845
4252.0 3.845 4.614
4536.0 4.614 5.537
4880.0 5.537 7.2
4582.0 7.2 8.64
4820.0 8.64 10.368
4975.0 10.368 12.442
7089.0 12.442 10.992
8104.0 10.992 10.985
8644.0 10.985 10.985
9244.0 10.985 10.96
9663.0 10.96 10.944
10405.0 10.944 10.903
11119.0 10.903 10.872
11437.0 10.872 10.873
12130.0 10.873 10.836
12902.0 10.836 10.805
13771.0 10.805 10.757
14161.0 10.757 10.75
14786.0 10.75 10.715
15327.0 10.715 10.701
16199.0 10.701 10.651
16598.0 10.651 10.65
17165.0 10.65 10.624
17611.0 10.624 10.615
18226.0 10.615 10.581
18757.0 10.581 10.56
19345.0 10.56 10.534
19614.0 10.534 10.533
19917.0 10.533 10.521
20447.0 10.521 10.49
20931.0 10.49 10.475
21120.0 10.475 10.474
21450.0 10.474 10.455
21612.0 10.455 10.459
21888.0 10.459 10.449
22224.0 10.449 10.427
22532.0 10.427 10.418
22700.0 10.418 10.409
22898.0 10.409 10.398
23067.0 10.398 10.396
23207.0 10.396 10.394
23347.0 10.394 10.385
23571.0 10.385 10.372
23514.0 10.372 10.391
23680.0 10.391 10.377
23986.0 10.377 10.364
23926.0 10.364 10.375
24172.0 10.375 10.355
24112.0 10.355 10.365
24358.0 10.365 10.347
24352.0 10.347 10.355
24400.0 10.355 10.353
24394.0 10.353 10.359
24610.0 10.359 10.338
24293.0 10.338 10.372
24563.0 10.372 10.347
24529.0 10.347 10.352
24685.0 10.352 10.337
24505.0 10.337 10.361
24691.0 10.361 10.343
24542.0 10.343 10.36
24614.0 10.36 10.351
24717.0 10.351 10.348
24705.0 10.348 10.349
24693.0 10.349 10.351
24849.0 10.351 10.337
24837.0 10.337 10.339
24878.0 10.339 10.339
24835.0 10.339 10.339
24792.0 10.339 10.348
24665.0 10.348 10.357
24905.0 10.357 10.331
25008.0 10.331 10.329
24713.0 10.329 10.359
24754.0 10.359 10.345
25025.0 10.345 10.329
24761.0 10.329 10.354
24718.0 10.354 10.351
24989.0 10.351 10.332
24641.0 10.332 10.366
25018.0 10.366 10.328
24900.0 10.328 10.344
24857.0 10.344 10.345
24845.0 10.345 10.346
24665.0 10.346 10.363
24737.0 10.363 10.35
25092.0 10.35 10.322
24828.0 10.322 10.353
24838.0 10.353 10.349
24941.0 10.349 10.338
24761.0 10.338 10.361
24970.0 10.361 10.338
24821.0 10.338 10.358
24946.0 10.358 10.345
25049.0 10.345 10.338
24869.0 10.338 10.352
24910.0 10.352 10.35
24898.0 10.35 10.348
24970.0 10.348 10.345
24874.0 10.345 10.354
25030.0 10.354 10.344
24797.0 10.344 10.365
24785.0 10.365 10.359
25056.0 10.359 10.337
24907.0 10.337 10.359
24864.0 10.359 10.358
24967.0 10.358 10.346
24818.0 10.346 10.359
25058.0 10.359 10.333
24825.0 10.333 10.359
24866.0 10.359 10.347
25053.0 10.347 10.336
24873.0 10.336 10.36
24662.0 10.36 10.379
24849.0 10.379 10.358
24930.0 10.358 10.351
24949.0 10.351 10.349
24937.0 10.349 10.354
25093.0 10.354 10.341
24944.0 10.341 10.354
24848.0 10.354 10.358
24783.0 10.358 10.36
24802.0 10.36 10.356
25073.0 10.356 10.335
24840.0 10.335 10.364
24713.0 10.364 10.372
24900.0 10.372 10.353
24782.0 10.353 10.366
25053.0 10.366 10.341
25019.0 10.341 10.351
24755.0 10.351 10.368
24911.0 10.368 10.35
25045.0 10.35 10.344
24865.0 10.344 10.356
24937.0 10.356 10.353
24956.0 10.353 10.349
24860.0 10.349 10.36
24848.0 10.36 10.358
24783.0 10.358 10.361
24970.0 10.361 10.342
24905.0 10.342 10.353
24725.0 10.353 10.367
24881.0 10.367 10.352
25183.0 10.352 10.33
25003.0 10.33 10.354
24876.0 10.354 10.358
24895.0 10.358 10.357
24830.0 10.357 10.358
24765.0 10.358 10.363
24868.0 10.363 10.352
24971.0 10.352 10.35
25043.0 10.35 10.342
24947.0 10.342 10.356
24767.0 10.356 10.37
24954.0 10.37 10.351
24752.0 10.351 10.369
24824.0 10.369 10.363
25042.0 10.363 10.344
24809.0 10.344 10.367
24965.0 10.367 10.348
25099.0 10.348 10.345
24835.0 10.345 10.368
24907.0 10.368 10.359
24789.0 10.359 10.366
24892.0 10.366 10.355
24827.0 10.355 10.365
24846.0 10.365 10.358
25033.0 10.358 10.345
24884.0 10.345 10.363
24872.0 10.363 10.361
24975.0 10.361 10.351
25078.0 10.351 10.342
24898.0 10.342 10.36
24886.0 10.36 10.359
24905.0 10.359 10.356
24672.0 10.356 10.37
24859.0 10.37 10.348
25077.0 10.348 10.34
24813.0 10.34 10.363
24854.0 10.363 10.351
24957.0 10.351 10.348
25029.0 10.348 10.344
24849.0 10.344 10.359
24753.0 10.359 10.371
24772.0 10.371 10.365
24906.0 10.365 10.352
24841.0 10.352 10.357
24913.0 10.357 10.349
25016.0 10.349 10.345
24920.0 10.345 10.36
24824.0 10.36 10.367
24927.0 10.367 10.357
24893.0 10.357 10.356
24912.0 10.356 10.349
24931.0 10.349 10.346
24835.0 10.346 10.356
24991.0 10.356 10.341
25010.0 10.341 10.342
24998.0 10.342 10.345
24818.0 10.345 10.354
24974.0 10.354 10.343
24909.0 10.343 10.349
24897.0 10.349 10.347
24969.0 10.347 10.343
24705.0 10.343 10.366
24861.0 10.366 10.35
25079.0 10.35 10.336
24899.0 10.336 10.352
24940.0 10.352 10.347
24760.0 10.347 10.362
24916.0 10.362 10.346
24935.0 10.346 10.348
24671.0 10.348 10.374
24827.0 10.374 10.354
25129.0 10.354 10.334
24980.0 10.334 10.353
24769.0 10.353 10.36
24925.0 10.36 10.348
25028.0 10.348 10.34
25016.0 10.34 10.337
24721.0 10.337 10.36
24846.0 10.36 10.349
24781.0 10.349 10.356
24937.0 10.356 10.339
24872.0 10.339 10.347
24913.0 10.347 10.344
24985.0 10.344 10.338
24721.0 10.338 10.361
24930.0 10.361 10.34
24865.0 10.34 10.351
24990.0 10.351 10.341
24726.0 10.341 10.365
24966.0 10.365 10.338
25069.0 10.338 10.339
24774.0 10.339 10.37
24983.0 10.37 10.348
24949.0 10.348 10.357
24769.0 10.357 10.373
24872.0 10.373 10.357
24838.0 10.357 10.362
24941.0 10.362 10.35
24792.0 10.35 10.365
24864.0 10.365 10.353
24883.0 10.353 10.355
24902.0 10.355 10.359
24921.0 10.359 10.354
24772.0 10.354 10.368
24791.0 10.368 10.364
25009.0 10.364 10.352
24860.0 10.352 10.367
24848.0 10.367 10.363
24982.0 10.363 10.356
25001.0 10.356 10.357
24852.0 10.357 10.368
24787.0 10.368 10.371
24921.0 10.371 10.358
24887.0 10.358 10.362
24906.0 10.362 10.363
23329.0 10.363 10.493
22038.0 10.493 10.539
20498.0 10.539 10.609
19496.0 10.609 10.636
18580.0 10.636 10.671
17836.0 10.671 10.695
16947.0 10.695 10.741
16221.0 10.741 10.765
15591.0 10.765 10.788
15283.0 10.788 10.791
14659.0 10.791 10.823
14249.0 10.823 10.838
13877.0 10.838 10.852
13463.0 10.852 10.874
13067.0 10.874 10.893
12727.0 10.893 10.905
12488.0 10.905 10.913
12098.0 10.913 10.933
11978.0 10.933 10.93
11806.0 10.93 10.936
11550.0 10.936 10.954
11310.0 10.954 10.964
11001.0 10.964 10.978
10707.0 10.978 10.986
10777.0 10.986 10.966
10513.0 10.966 10.989
10317.0 10.989 10.989
10317.0 10.989 10.982
9981.0 10.982 11.008
10064.0 11.008 10.991
9826.0 10.991 11.011
8998.0 11.011 11.077
8026.0 11.077 11.127
6280.0 11.127 11.236
4489.0 11.236 15.651
4176.0 15.651 20.28
4442.0 20.28 24.336
4828.0 24.336 29.203
6354.0 29.203 23.006
8816.0 23.006 22.689
10477.0 22.689 22.625
11953.0 22.625 22.499
13924.0 22.499 22.288
15634.0 22.288 22.141
17776.0 22.141 21.928
20029.0 21.928 21.713
22052.0 21.713 21.564
24239.0 21.564 21.372
26373.0 21.372 21.195
28468.0 21.195 21.028
30304.0 21.028 20.883
32420.0 20.883 20.693
34220.0 20.693 20.567
35648.0 20.567 20.475
37022.0 20.475 20.375
38330.0 20.375 20.278
39560.0 20.278 20.181
40112.0 20.181 20.183
40808.0 20.183 20.133
38400.0 20.133 20.566
36224.0 20.566 20.733
34678.0 20.733 20.801
33360.0 20.801 20.888
32590.0 20.888 20.912
31786.0 20.912 20.976
31029.0 20.976 21.037
30417.0 21.037 21.073
29845.0 21.073 21.112
29329.0 21.112 21.152
28961.0 21.152 21.164
28562.0 21.164 21.209
28394.0 21.209 21.207
28130.0 21.207 21.232
27844.0 21.232 21.255
27545.0 21.255 21.28
27475.0 21.28 21.261
27223.0 21.261 21.296
26962.0 21.296 21.321
26854.0 21.321 21.333
26722.0 21.333 21.353
26590.0 21.353 21.363
26694.0 21.363 21.339
26462.0 21.339 21.385
26541.0 21.385 21.352
26309.0 21.352 21.396
26220.0 21.396 21.391
26282.0 21.391 21.382
26092.0 21.382 21.411
26171.0 21.411 21.389
26065.0 21.389 21.408
26043.0 21.408 21.401
26189.0 21.401 21.376
25999.0 21.376 21.413
25969.0 21.413 21.415
26089.0 21.415 21.387
26067.0 21.387 21.402
25953.0 21.402 21.419
24225.0 21.419 21.715
22645.0 21.715 21.847
21198.0 21.847 21.953
20128.0 21.953 22.018
19012.0 22.018 22.111
18006.0 22.111 22.198
17310.0 22.198 22.234
16630.0 22.234 22.293
15998.0 22.293 22.332
15200.0 22.332 22.409
14738.0 22.409 22.422
14398.0 22.422 22.447
13846.0 22.447 22.504
13458.0 22.504 22.534
13230.0 22.534 22.54
12786.0 22.54 22.594
12548.0 22.594 22.597
12130.0 22.597 22.646
12001.0 22.646 22.636
11956.0 22.636 22.626
11659.0 22.626 22.654
11063.0 22.654 22.741
11075.0 22.741 22.704
11033.0 22.704 22.701
10793.0 22.701 22.73
10553.0 22.73 22.756
10378.0 22.756 22.761
10154.0 22.761 22.79
10014.0 22.79 22.794
9902.0 22.794 22.801
9824.0 22.801 22.8
9662.0 22.8 22.82
9752.0 22.82 22.783
9422.0 22.783 22.842
9294.0 22.842 22.842
9192.0 22.842 22.85
9207.0 22.85 22.837
8970.0 22.837 22.879
9069.0 22.879 22.845
8832.0 22.845 22.895
8964.0 22.895 22.856
8836.0 22.856 22.885
8800.0 22.885 22.885
8596.0 22.885 22.92
8392.0 22.92 22.952
8580.0 22.952 22.907
8484.0 22.907 22.943
8304.0 22.943 22.973
8324.0 22.973 22.962
8115.0 22.962 22.997
8158.0 22.997 22.978
8201.0 22.978 22.968
8076.0 22.968 23.0
7699.0 23.0 23.056
7048.0 23.056 23.136
6448.0 23.136 23.198
6262.0 23.198 23.171
5758.0 23.171 23.237
5226.0 23.237 23.29
4821.0 23.29 32.556
4541.0 32.556 39.067
5675.0 39.067 30.899
8495.0 30.899 30.328
10259.0 30.328 30.237
12069.0 30.237 30.037
14241.0 30.037 29.744
16374.0 29.744 29.49
18886.0 29.49 29.16
21564.0 29.16 28.839
23997.0 28.839 28.582
26977.0 28.582 28.198
29657.0 28.198 27.926
32181.0 27.926 27.654
32963.0 27.654 27.768
32394.0 27.768 28.005
31870.0 28.005 28.053
31716.0 28.053 28.043
30302.0 28.043 28.333
27621.0 28.333 28.847
25527.0 28.847 29.006
23771.0 29.006 29.145
22337.0 29.145 29.267
21131.0 29.267 29.375
20063.0 29.375 29.482
18957.0 29.482 29.615
18275.0 29.615 29.635
17390.0 29.635 29.756
16940.0 29.756 29.761
16256.0 29.761 29.852
15634.0 29.852 29.924
15298.0 29.924 29.93
14656.0 29.93 30.039
14356.0 30.039 30.046
13940.0 30.046 30.102
13666.0 30.102 30.114
13302.0 30.114 30.154
13050.0 30.154 30.179
12826.0 30.179 30.202
12508.0 30.202 30.245
12217.0 30.245 30.288
11953.0 30.288 30.32
11423.0 30.32 30.412
10331.0 30.412 30.605
9465.0 30.605 30.687
8625.0 30.687 30.777
8141.0 30.777 30.795
7481.0 30.795 30.883
7033.0 30.883 30.904
6319.0 30.904 31.013
6067.0 31.013 30.995
5523.0 30.995 31.078
5187.0 31.078 31.101
4891.0 31.101 43.495
4530.0 43.495 52.194
5670.0 52.194 41.279
8694.0 41.279 40.421
11682.0 40.421 39.913
14174.0 39.913 39.609
17046.0 39.609 39.093
20289.0 39.093 38.529
24009.0 38.529 37.898
26379.0 37.898 37.724
28437.0 37.724 37.478
30217.0 37.478 37.251
32098.0 37.251 36.969
33884.0 36.969 36.723
35444.0 36.723 36.535
36754.0 36.535 36.375
38098.0 36.375 36.195
39046.0 36.195 36.092
40138.0 36.092 35.922
40882.0 35.922 35.859
41572.0 35.859 35.775
42145.0 35.775 35.7
42573.0 35.7 35.666
43201.0 35.666 35.561
43541.0 35.561 35.538
43865.0 35.538 35.508
42287.0 35.508 36.001
39764.0 36.001 36.547
37448.0 36.547 36.836
35999.0 36.836 36.908
34845.0 36.908 37.03
33897.0 37.03 37.138
32937.0 37.138 37.274
32219.0 37.274 37.358
31569.0 37.358 37.434
31093.0 37.434 37.487
30646.0 37.487 37.535
30061.0 37.535 37.635
29731.0 37.635 37.673
29507.0 37.673 37.677
29255.0 37.677 37.709
28891.0 37.709 37.786
28807.0 37.786 37.768
25773.0 37.768 38.657
22417.0 38.657 39.278
19703.0 39.278 39.581
17647.0 39.581 39.797
16012.0 39.797 39.976
14600.0 39.976 40.152
13354.0 40.152 40.31
12178.0 40.31 40.491
11271.0 40.491 40.594
10415.0 40.594 40.723
9635.0 40.723 40.837
8978.0 40.837 40.922
8398.0 40.922 41.002
7848.0 41.002 41.082
7374.0 41.082 41.148
6882.0 41.148 41.234
6548.0 41.234 41.254
6116.0 41.254 41.33
5792.0 41.33 41.371
5420.0 41.371 41.437
5204.0 41.437 41.454
4798.0 41.454 57.996
4798.0 57.996 69.595
6504.0 69.595 54.726
10218.0 54.726 53.451
12920.0 53.451 53.084
15840.0 53.084 52.428
19344.0 52.428 51.583
23383.0 51.583 50.631
27547.0 50.631 49.751
32079.0 49.751 48.789
36005.0 48.789 48.144
37564.0 48.144 48.307
38831.0 48.307 48.12
40343.0 48.12 47.788
41666.0 47.788 47.564
42794.0 47.564 47.401
43724.0 47.401 47.26
44456.0 47.26 47.161
43384.0 47.161 47.703
41803.0 47.703 48.107
40678.0 48.107 48.232
39971.0 48.232 48.285
39376.0 48.285 48.393
38938.0 48.393 48.44
38602.0 48.44 48.483
38110.0 48.483 48.604
37798.0 48.604 48.636
37543.0 48.636 48.661
37377.0 48.661 48.675
37216.0 48.675 48.705
36976.0 48.705 48.766
36830.0 48.766 48.788
36689.0 48.788 48.808
36548.0 48.808 48.835
36412.0 48.835 48.86
36404.0 48.86 48.836
36396.0 48.836 48.84
36388.0 48.84 48.829
36464.0 48.829 48.8
36249.0 48.8 48.894
36123.0 48.894 48.916
36119.0 48.916 48.892
36203.0 48.892 48.858
36199.0 48.858 48.867
36195.0 48.867 48.867
36191.0 48.867 48.868
36187.0 48.868 48.868
36183.0 48.868 48.869
36263.0 48.869 48.836
36259.0 48.836 48.853
36255.0 48.853 48.854
36251.0 48.854 48.854
36247.0 48.854 48.855
36243.0 48.855 48.855
36239.0 48.855 48.856
36235.0 48.856 48.856
36231.0 48.856 48.857
36227.0 48.857 48.857
36223.0 48.857 48.858
36219.0 48.858 48.858
36215.0 48.858 48.867
36211.0 48.867 48.876
36207.0 48.876 48.876
36203.0 48.876 48.868
36283.0 48.868 48.844
36279.0 48.844 48.853
36275.0 48.853 48.853
36271.0 48.853 48.854
36267.0 48.854 48.854
36179.0 48.854 48.888
36259.0 48.888 48.847
36255.0 48.847 48.856
36167.0 48.856 48.889
36163.0 48.889 48.881
36159.0 48.881 48.882
36155.0 48.882 48.882
36151.0 48.882 48.883
36147.0 48.883 48.883
36143.0 48.883 48.884
36139.0 48.884 48.893
36135.0 48.893 48.893
36131.0 48.893 48.894
36127.0 48.894 48.894
36123.0 48.894 48.894
36119.0 48.894 48.895
36203.0 48.895 48.853
36199.0 48.853 48.87
36195.0 48.87 48.871
36191.0 48.871 48.871
36187.0 48.871 48.872
36183.0 48.872 48.872
36179.0 48.872 48.873
36175.0 48.873 48.873
36171.0 48.873 48.874
36167.0 48.874 48.874
36163.0 48.874 48.875
36159.0 48.875 48.875
36155.0 48.875 48.875
36151.0 48.875 48.876
36147.0 48.876 48.876
36143.0 48.876 48.877
36223.0 48.877 48.845
36219.0 48.845 48.862
36215.0 48.862 48.862
36211.0 48.862 48.862
36207.0 48.862 48.863
36203.0 48.863 48.863
36199.0 48.863 48.864
36195.0 48.864 48.864
36275.0 48.864 48.832
36271.0 48.832 48.849
36145.0 48.849 48.897
36141.0 48.897 48.877
36137.0 48.877 48.878
36217.0 48.878 48.846
36213.0 48.846 48.863
36209.0 48.863 48.863
36205.0 48.863 48.864
36201.0 48.864 48.864
36197.0 48.864 48.864
36193.0 48.864 48.865
36189.0 48.865 48.865
36185.0 48.865 48.866
36181.0 48.866 48.866
36177.0 48.866 48.867
36173.0 48.867 48.867
36169.0 48.867 48.868
36165.0 48.868 48.868
36161.0 48.868 48.869
36073.0 48.869 48.91
36157.0 48.91 48.868
36153.0 48.868 48.886
36149.0 48.886 48.886
36145.0 48.886 48.887
36225.0 48.887 48.854
36221.0 48.854 48.863
36133.0 48.863 48.896
36213.0 48.896 48.856
36209.0 48.856 48.864
36205.0 48.864 48.873
36201.0 48.873 48.873
36197.0 48.873 48.874
36193.0 48.874 48.874
36189.0 48.874 48.875
36185.0 48.875 48.875
36181.0 48.875 48.876
36177.0 48.876 48.876
36257.0 48.876 48.844
36253.0 48.844 48.853
36165.0 48.853 48.886
36245.0 48.886 48.846
36241.0 48.846 48.854
36237.0 48.854 48.863
36233.0 48.863 48.863
36229.0 48.863 48.864
36225.0 48.864 48.864
36221.0 48.864 48.865
36217.0 48.865 48.865
36213.0 48.865 48.866
36209.0 48.866 48.866
36205.0 48.866 48.867
36201.0 48.867 48.867
36197.0 48.867 48.868
36193.0 48.868 48.868
36273.0 48.868 48.836
36269.0 48.836 48.845
36265.0 48.845 48.853
36261.0 48.853 48.846
36257.0 48.846 48.854
36253.0 48.854 48.855
36249.0 48.855 48.855
36245.0 48.855 48.856
36241.0 48.856 48.856
36153.0 48.856 48.89
36149.0 48.89 48.882
36145.0 48.882 48.882
36141.0 48.882 48.883
36137.0 48.883 48.883
36217.0 48.883 48.851
36129.0 48.851 48.901
36125.0 48.901 48.893
36121.0 48.893 48.893
36117.0 48.893 48.886
36201.0 48.886 48.852
36197.0 48.852 48.861
36193.0 48.861 48.861
36189.0 48.861 48.862
36185.0 48.862 48.871
36181.0 48.871 48.879
36177.0 48.879 48.88
36257.0 48.88 48.847
36169.0 48.847 48.889
36165.0 48.889 48.881
36245.0 48.881 48.849
36241.0 48.849 48.857
36237.0 48.857 48.858
36233.0 48.858 48.867
36229.0 48.867 48.867
36225.0 48.867 48.868
36221.0 48.868 48.868
36217.0 48.868 48.869
36213.0 48.869 48.869
36209.0 48.869 48.87
36205.0 48.87 48.87
36201.0 48.87 48.871
36197.0 48.871 48.871
36193.0 48.871 48.872
36273.0 48.872 48.839
36269.0 48.839 48.848
36181.0 48.848 48.881
36177.0 48.881 48.874
36173.0 48.874 48.874
36169.0 48.874 48.874
36165.0 48.874 48.875
36161.0 48.875 48.875
36241.0 48.875 48.843
36237.0 48.843 48.852
36233.0 48.852 48.86
36145.0 48.86 48.894
36141.0 48.894 48.886
36137.0 48.886 48.887
36133.0 48.887 48.887
36129.0 48.887 48.888
36125.0 48.888 48.888
36121.0 48.888 48.889
36117.0 48.889 48.889
36201.0 48.889 48.855
36197.0 48.855 48.864
36193.0 48.864 48.865
36189.0 48.865 48.865
36185.0 48.865 48.866
36181.0 48.866 48.866
36177.0 48.866 48.875
36173.0 48.875 48.867
36169.0 48.867 48.876
36249.0 48.876 48.843
36245.0 48.843 48.852
36241.0 48.852 48.853
36237.0 48.853 48.853
36149.0 48.853 48.886
36145.0 48.886 48.879
36225.0 48.879 48.846
36221.0 48.846 48.855
36217.0 48.855 48.856
36213.0 48.856 48.856
36209.0 48.856 48.865
36205.0 48.865 48.865
36201.0 48.865 48.874
36281.0 48.874 48.842
36277.0 48.842 48.85
36273.0 48.85 48.851
36269.0 48.851 48.851
36181.0 48.851 48.885
36177.0 48.885 48.877
36257.0 48.877 48.844
36253.0 48.844 48.853
36249.0 48.853 48.854
36245.0 48.854 48.862
36241.0 48.862 48.855
36237.0 48.855 48.863
36233.0 48.863 48.864
36313.0 48.864 48.831
36221.0 48.831 48.875
36095.0 48.875 48.914
36179.0 48.914 48.86
36175.0 48.86 48.869
36171.0 48.869 48.878
36167.0 48.878 48.878
36163.0 48.878 48.879
36243.0 48.879 48.846
36239.0 48.846 48.855
36235.0 48.855 48.856
36231.0 48.856 48.856
36227.0 48.856 48.865
36223.0 48.865 48.865
36135.0 48.865 48.899
36131.0 48.899 48.891
36127.0 48.891 48.891
36207.0 48.891 48.859
36203.0 48.859 48.868
36199.0 48.868 48.868
36195.0 48.868 48.869
36107.0 48.869 48.902
36191.0 48.902 48.86
36187.0 48.86 48.869
36183.0 48.869 48.869
36179.0 48.869 48.87
36175.0 48.87 48.87
36171.0 48.87 48.879
36167.0 48.879 48.88
36163.0 48.88 48.88
36159.0 48.88 48.881
36155.0 48.881 48.881
36151.0 48.881 48.882
36147.0 48.882 48.882
36143.0 48.882 48.883
36139.0 48.883 48.883
36219.0 48.883 48.851
36215.0 48.851 48.859
36211.0 48.859 48.86
36207.0 48.86 48.86
36203.0 48.86 48.869
36199.0 48.869 48.87
36195.0 48.87 48.87
36191.0 48.87 48.87
36187.0 48.87 48.871
36183.0 48.871 48.863
36179.0 48.863 48.864
36175.0 48.864 48.872
36171.0 48.872 48.873
36167.0 48.873 48.873
36163.0 48.873 48.874
36243.0 48.874 48.842
36239.0 48.842 48.85
36235.0 48.85 48.851
36231.0 48.851 48.859
36227.0 48.859 48.868
36223.0 48.868 48.869
36219.0 48.869 48.869
36131.0 48.869 48.902
36127.0 48.902 48.895
36123.0 48.895 48.895
36119.0 48.895 48.896
36203.0 48.896 48.862
36115.0 48.862 48.904
36115.0 48.904 48.894
36199.0 48.894 48.861
36195.0 48.861 48.87
36191.0 48.87 48.87
36187.0 48.87 48.871
36183.0 48.871 48.871
36179.0 48.871 48.872
36175.0 48.872 48.872
36171.0 48.872 48.873
36251.0 48.873 48.841
36247.0 48.841 48.857
36243.0 48.857 48.858
36239.0 48.858 48.858
36235.0 48.858 48.859
36231.0 48.859 48.859
36227.0 48.859 48.86
36223.0 48.86 48.86
36219.0 48.86 48.861
36215.0 48.861 48.861
36211.0 48.861 48.862
36207.0 48.862 48.862
36203.0 48.862 48.863
36283.0 48.863 48.839
36279.0 48.839 48.847
36275.0 48.847 48.848
36187.0 48.848 48.881
36183.0 48.881 48.873
36179.0 48.873 48.874
36175.0 48.874 48.874
36171.0 48.874 48.875
36167.0 48.875 48.875
36163.0 48.875 48.876
36159.0 48.876 48.876
36155.0 48.876 48.877
36151.0 48.877 48.877
36147.0 48.877 48.878
36143.0 48.878 48.878
36139.0 48.878 48.879
36135.0 48.879 48.879
36131.0 48.879 48.88
36127.0 48.88 48.88
36123.0 48.88 48.881
36119.0 48.881 48.881
36119.0 48.881 48.88
36119.0 48.88 48.879
36203.0 48.879 48.846
36199.0 48.846 48.863
36195.0 48.863 48.864
36191.0 48.864 48.872
36187.0 48.872 48.873
36183.0 48.873 48.873
36179.0 48.873 48.874
36259.0 48.874 48.842
36255.0 48.842 48.858
36251.0 48.858 48.859
36247.0 48.859 48.859
36243.0 48.859 48.86
36155.0 48.86 48.893
36151.0 48.893 48.886
36147.0 48.886 48.886
36143.0 48.886 48.886
36139.0 48.886 48.887
36135.0 48.887 48.887
36131.0 48.887 48.888
36127.0 48.888 48.888
36123.0 48.888 48.889
36119.0 48.889 48.889
36203.0 48.889 48.855
36199.0 48.855 48.865
36195.0 48.865 48.865
36191.0 48.865 48.866
36187.0 48.866 48.866
36183.0 48.866 48.875
36263.0 48.875 48.842
36259.0 48.842 48.851
36255.0 48.851 48.852
36167.0 48.852 48.885
36163.0 48.885 48.877
36159.0 48.877 48.878
36155.0 48.878 48.878
36151.0 48.878 48.879
36231.0 48.879 48.846
36227.0 48.846 48.855
36223.0 48.855 48.855
36219.0 48.855 48.856
36215.0 48.856 48.856
36211.0 48.856 48.865
36207.0 48.865 48.866
36203.0 48.866 48.866
36199.0 48.866 48.867
36195.0 48.867 48.867
36191.0 48.867 48.868
36187.0 48.868 48.868
36183.0 48.868 48.869
36179.0 48.869 48.869
36259.0 48.869 48.837
36255.0 48.837 48.845
36251.0 48.845 48.846
36247.0 48.846 48.846
36243.0 48.846 48.855
36239.0 48.855 48.856
36151.0 48.856 48.889
36147.0 48.889 48.881
36143.0 48.881 48.882
36223.0 48.882 48.849
36219.0 48.849 48.866
36131.0 48.866 48.899
36127.0 48.899 48.892
36123.0 48.892 48.892
36119.0 48.892 48.893
36203.0 48.893 48.859
36199.0 48.859 48.868
36195.0 48.868 48.868
36191.0 48.868 48.869
36187.0 48.869 48.878
36183.0 48.878 48.878
36179.0 48.878 48.879
36175.0 48.879 48.879
36171.0 48.879 48.88
36167.0 48.88 48.88
36163.0 48.88 48.881
36159.0 48.881 48.881
36155.0 48.881 48.881
36151.0 48.881 48.882
36147.0 48.882 48.882
36227.0 48.882 48.85
36223.0 48.85 48.859
36219.0 48.859 48.859
36215.0 48.859 48.86
36211.0 48.86 48.86
36207.0 48.86 48.861
36203.0 48.861 48.869
36199.0 48.869 48.87
36195.0 48.87 48.87
36191.0 48.87 48.871
36187.0 48.871 48.871
36183.0 48.871 48.872
36179.0 48.872 48.872
36175.0 48.872 48.873
36171.0 48.873 48.873
36167.0 48.873 48.874
36163.0 48.874 48.874
36243.0 48.874 48.842
36239.0 48.842 48.851
36235.0 48.851 48.859
36147.0 48.859 48.893
36143.0 48.893 48.885
36139.0 48.885 48.885
36135.0 48.885 48.886
36131.0 48.886 48.886
36127.0 48.886 48.887
36123.0 48.887 48.887
36119.0 48.887 48.888
36203.0 48.888 48.854
36199.0 48.854 48.863
36195.0 48.863 48.864
36191.0 48.864 48.864
36187.0 48.864 48.865
36183.0 48.865 48.865
36179.0 48.865 48.874
36175.0 48.874 48.874
36171.0 48.874 48.875
36167.0 48.875 48.883
36163.0 48.883 48.884
36159.0 48.884 48.884
36155.0 48.884 48.885
36235.0 48.885 48.852
36231.0 48.852 48.861
36227.0 48.861 48.862
36223.0 48.862 48.862
36219.0 48.862 48.863
36215.0 48.863 48.863
36211.0 48.863 48.872
36207.0 48.872 48.872
36203.0 48.872 48.873
36199.0 48.873 48.873
36195.0 48.873 48.874
36191.0 48.874 48.874
36187.0 48.874 48.875
36183.0 48.875 48.875
36179.0 48.875 48.876
36259.0 48.876 48.843
36255.0 48.843 48.852
36251.0 48.852 48.853
36247.0 48.853 48.853
36243.0 48.853 48.854
36239.0 48.854 48.862
36235.0 48.862 48.855
36231.0 48.855 48.855
36227.0 48.855 48.864
36139.0 48.864 48.897
36219.0 48.897 48.856
36131.0 48.856 48.898
36127.0 48.898 48.89
36207.0 48.89 48.858
36203.0 48.858 48.867
36199.0 48.867 48.867
36195.0 48.867 48.868
36191.0 48.868 48.868
36187.0 48.868 48.869
36183.0 48.869 48.869
36179.0 48.869 48.87
36175.0 48.87 48.87
36171.0 48.87 48.87
36167.0 48.87 48.879
36163.0 48.879 48.88
36159.0 48.88 48.88
36155.0 48.88 48.881
36151.0 48.881 48.881
36147.0 48.881 48.873
36143.0 48.873 48.874
36139.0 48.874 48.874
36135.0 48.874 48.875
36131.0 48.875 48.884
36127.0 48.884 48.884
36123.0 48.884 48.885
36119.0 48.885 48.885
36203.0 48.885 48.851
36199.0 48.851 48.86
36195.0 48.86 48.861
36191.0 48.861 48.869
36187.0 48.869 48.87
36183.0 48.87 48.87
36179.0 48.87 48.879
36175.0 48.879 48.88
36171.0 48.88 48.88
36167.0 48.88 48.881
36163.0 48.881 48.881
36159.0 48.881 48.882
36155.0 48.882 48.882
36151.0 48.882 48.883
36231.0 48.883 48.85
36227.0 48.85 48.859
36223.0 48.859 48.859
36135.0 48.859 48.893
36131.0 48.893 48.885
36127.0 48.885 48.885
36123.0 48.885 48.894
36119.0 48.894 48.895
36203.0 48.895 48.861
36199.0 48.861 48.87
36195.0 48.87 48.87
36191.0 48.87 48.871
36187.0 48.871 48.871
36183.0 48.871 48.872
36179.0 48.872 48.872
36175.0 48.872 48.873
36171.0 48.873 48.873
36167.0 48.873 48.874
36163.0 48.874 48.874
36243.0 48.874 48.85
36239.0 48.85 48.859
36151.0 48.859 48.892
36231.0 48.892 48.851
36227.0 48.851 48.86
36223.0 48.86 48.861
36219.0 48.861 48.861
36215.0 48.861 48.862
36211.0 48.862 48.862
36207.0 48.862 48.863
36203.0 48.863 48.863
36199.0 48.863 48.864
36195.0 48.864 48.864
36275.0 48.864 48.84
36271.0 48.84 48.849
36267.0 48.849 48.849
36263.0 48.849 48.85
36259.0 48.85 48.85
36255.0 48.85 48.851
36251.0 48.851 48.851
36247.0 48.851 48.852
36243.0 48.852 48.852
36239.0 48.852 48.853
36235.0 48.853 48.853
36231.0 48.853 48.853
36227.0 48.853 48.854
36223.0 48.854 48.854
36219.0 48.854 48.863
36131.0 48.863 48.896
36127.0 48.896 48.889
36123.0 48.889 48.889
36119.0 48.889 48.89
36203.0 48.89 48.864
36199.0 48.864 48.873
36195.0 48.873 48.865
36191.0 48.865 48.866
36187.0 48.866 48.875
36183.0 48.875 48.875
36179.0 48.875 48.876
36175.0 48.876 48.876
36171.0 48.876 48.877
36167.0 48.877 48.877
36163.0 48.877 48.878
36159.0 48.878 48.878
36155.0 48.878 48.878
36151.0 48.878 48.879
36231.0 48.879 48.847
36227.0 48.847 48.855
36223.0 48.855 48.864
36219.0 48.864 48.865
36215.0 48.865 48.865
36211.0 48.865 48.865
36207.0 48.865 48.866
36203.0 48.866 48.866
36199.0 48.866 48.867
36195.0 48.867 48.867
36191.0 48.867 48.868
36187.0 48.868 48.868
36183.0 48.868 48.869
36263.0 48.869 48.837
36259.0 48.837 48.853
36255.0 48.853 48.854
36167.0 48.854 48.887
36163.0 48.887 48.88
36159.0 48.88 48.88
36155.0 48.88 48.872
36151.0 48.872 48.873
36147.0 48.873 48.873
36227.0 48.873 48.841
36223.0 48.841 48.858
36219.0 48.858 48.858
36215.0 48.858 48.859
36211.0 48.859 48.859
36123.0 48.859 48.893
36119.0 48.893 48.885
36119.0 48.885 48.884
36119.0 48.884 48.883
36119.0 48.883 48.882
36119.0 48.882 48.882
36203.0 48.882 48.848
36199.0 48.848 48.857
36195.0 48.857 48.858
36191.0 48.858 48.858
36187.0 48.858 48.859
36183.0 48.859 48.876
36179.0 48.876 48.876
36175.0 48.876 48.877
36171.0 48.877 48.877
36251.0 48.877 48.845
36247.0 48.845 48.853
36243.0 48.853 48.854
36155.0 48.854 48.887
36151.0 48.887 48.88
36063.0 48.88 48.913
36147.0 48.913 48.871
36143.0 48.871 48.88
36139.0 48.88 48.88
36135.0 48.88 48.889
36131.0 48.889 48.89
36211.0 48.89 48.857
36207.0 48.857 48.866
36203.0 48.866 48.866
36199.0 48.866 48.867
36195.0 48.867 48.867
36191.0 48.867 48.868
36187.0 48.868 48.868
36183.0 48.868 48.869
36179.0 48.869 48.869
36175.0 48.869 48.878
36171.0 48.878 48.878
36167.0 48.878 48.879
36163.0 48.879 48.879
36243.0 48.879 48.847
36239.0 48.847 48.856
36235.0 48.856 48.856
36231.0 48.856 48.857
36227.0 48.857 48.857
36223.0 48.857 48.858
36219.0 48.858 48.858
36215.0 48.858 48.859
36211.0 48.859 48.867
36207.0 48.867 48.868
36203.0 48.868 48.868
36199.0 48.868 48.869
36195.0 48.869 48.869
36191.0 48.869 48.862
36187.0 48.862 48.862
36183.0 48.862 48.871
36179.0 48.871 48.871
36259.0 48.871 48.839
36255.0 48.839 48.848
36251.0 48.848 48.848
36247.0 48.848 48.849
36243.0 48.849 48.849
36239.0 48.849 48.85
36151.0 48.85 48.883
36147.0 48.883 48.883
36143.0 48.883 48.884
36139.0 48.884 48.884
36135.0 48.884 48.885
36131.0 48.885 48.885
36127.0 48.885 48.886
36123.0 48.886 48.895
36119.0 48.895 48.895
36203.0 48.895 48.861
36199.0 48.861 48.87
36195.0 48.87 48.871
36191.0 48.871 48.871
36187.0 48.871 48.872
36183.0 48.872 48.872
36179.0 48.872 48.873
36175.0 48.873 48.881
36171.0 48.881 48.882
36167.0 48.882 48.882
36163.0 48.882 48.883
36243.0 48.883 48.85
36155.0 48.85 48.892
36151.0 48.892 48.884
36147.0 48.884 48.885
36227.0 48.885 48.852
36223.0 48.852 48.861
36219.0 48.861 48.862
36215.0 48.862 48.862
36211.0 48.862 48.863
36207.0 48.863 48.863
36203.0 48.863 48.872
36199.0 48.872 48.872
36195.0 48.872 48.873
36191.0 48.873 48.873
36187.0 48.873 48.874
36183.0 48.874 48.874
36179.0 48.874 48.866
36175.0 48.866 48.875
36255.0 48.875 48.843
36167.0 48.843 48.884
36163.0 48.884 48.877
36159.0 48.877 48.877
36239.0 48.877 48.845
36235.0 48.845 48.853
36147.0 48.853 48.887
36143.0 48.887 48.879
36139.0 48.879 48.879
36135.0 48.879 48.88
36131.0 48.88 48.88
36127.0 48.88 48.889
36123.0 48.889 48.89
36119.0 48.89 48.89
36203.0 48.89 48.856
36199.0 48.856 48.865
36195.0 48.865 48.866
36191.0 48.866 48.866
36187.0 48.866 48.867
36183.0 48.867 48.867
36179.0 48.867 48.868
36175.0 48.868 48.868
36171.0 48.868 48.869
36167.0 48.869 48.869
36247.0 48.869 48.845
36159.0 48.845 48.887
36155.0 48.887 48.887
36235.0 48.887 48.855
36231.0 48.855 48.863
36227.0 48.863 48.864
36223.0 48.864 48.864
36219.0 48.864 48.865
36215.0 48.865 48.865
36211.0 48.865 48.866
36207.0 48.866 48.866
36203.0 48.866 48.867
36199.0 48.867 48.867
36195.0 48.867 48.868
36191.0 48.868 48.868
36187.0 48.868 48.869
36183.0 48.869 48.869
36179.0 48.869 48.878
36259.0 48.878 48.846
36171.0 48.846 48.887
36251.0 48.887 48.847
36247.0 48.847 48.855
36243.0 48.855 48.856
36239.0 48.856 48.856
36235.0 48.856 48.857
36231.0 48.857 48.857
36227.0 48.857 48.858
36139.0 48.858 48.891
36135.0 48.891 48.883
36131.0 48.883 48.884
36127.0 48.884 48.884
36123.0 48.884 48.885
36119.0 48.885 48.893
36203.0 48.893 48.86
36199.0 48.86 48.869
36195.0 48.869 48.869
36191.0 48.869 48.87
36187.0 48.87 48.87
36183.0 48.87 48.871
36179.0 48.871 48.871
36175.0 48.871 48.872
36171.0 48.872 48.872
36167.0 48.872 48.873
36163.0 48.873 48.873
36159.0 48.873 48.873
36239.0 48.873 48.841
36235.0 48.841 48.85
36231.0 48.85 48.859
36227.0 48.859 48.859
36223.0 48.859 48.859
36219.0 48.859 48.86
36215.0 48.86 48.86
36211.0 48.86 48.861
36207.0 48.861 48.861
36203.0 48.861 48.862
36199.0 48.862 48.862
36195.0 48.862 48.863
36191.0 48.863 48.863
36271.0 48.863 48.831
36267.0 48.831 48.856
36141.0 48.856 48.904
36137.0 48.904 48.876
36133.0 48.876 48.877
36129.0 48.877 48.877
36125.0 48.877 48.878
36121.0 48.878 48.878
36201.0 48.878 48.846
