4260.0 1.0 1.0
4260.0 1.0 1.4
4260.0 1.4 1.68
4260.0 1.68 2.016
4176.0 2.016 2.419
4176.0 2.419 2.903
4176.0 2.903 3.484
4479.0 3.484 4.18
4397.0 4.18 5.016
4253.0 5.016 6.02
4291.0 6.02 7.224
4770.0 7.224 8.668
5066.0 8.668 7.791
5270.0 7.791 7.004
6906.0 7.004 6.922
7818.0 6.922 6.911
8434.0 6.911 6.908
9036.0 6.908 6.895
9676.0 6.895 6.875
10292.0 6.875 6.855
10748.0 6.855 6.851
11504.0 6.851 6.822
12026.0 6.822 6.811
12666.0 6.811 6.789
13390.0 6.789 6.766
14070.0 6.766 6.745
14886.0 6.745 6.72
15486.0 6.72 6.71
15861.0 6.71 6.703
16630.0 6.703 6.672
16882.0 6.672 6.68
17638.0 6.68 6.647
18422.0 6.647 6.621
18776.0 6.621 6.619
19139.0 6.619 6.611
19655.0 6.611 6.596
20055.0 6.596 6.585
20659.0 6.585 6.563
20705.0 6.563 6.574
21086.0 6.574 6.559
21585.0 6.559 6.539
21697.0 6.539 6.546
22010.0 6.546 6.537
22394.0 6.537 6.523
22490.0 6.523 6.527
23036.0 6.527 6.502
22844.0 6.502 6.523
23234.0 6.523 6.503
23276.0 6.503 6.506
23582.0 6.506 6.491
23784.0 6.491 6.485
23761.0 6.485 6.491
23803.0 6.491 6.489
23780.0 6.489 6.492
24009.0 6.492 6.479
24322.0 6.479 6.467
24177.0 6.467 6.477
24227.0 6.477 6.476
24315.0 6.476 6.471
24487.0 6.471 6.465
24304.0 6.465 6.479
24438.0 6.479 6.471
24358.0 6.471 6.477
24427.0 6.477 6.474
24683.0 6.474 6.463
24519.0 6.463 6.472
24550.0 6.472 6.471
24787.0 6.471 6.461
24856.0 6.461 6.458
24672.0 6.458 6.467
24684.0 6.467 6.464
24650.0 6.464 6.468
24868.0 6.468 6.457
24788.0 6.457 6.462
24884.0 6.462 6.454
24700.0 6.454 6.468
24712.0 6.468 6.465
24846.0 6.465 6.46
24850.0 6.46 6.462
24918.0 6.462 6.457
24902.0 6.457 6.461
24698.0 6.461 6.471
24813.0 6.471 6.461
24837.0 6.461 6.459
24737.0 6.459 6.466
24768.0 6.466 6.466
25070.0 6.466 6.449
24906.0 6.449 6.462
24934.0 6.462 6.458
24918.0 6.458 6.463
24798.0 6.463 6.468
24997.0 6.468 6.456
25085.0 6.456 6.452
24713.0 6.452 6.472
24790.0 6.472 6.463
24943.0 6.463 6.455
24927.0 6.455 6.458
24807.0 6.458 6.463
24819.0 6.463 6.461
24934.0 6.461 6.456
24834.0 6.456 6.462
24846.0 6.462 6.462
24914.0 6.462 6.458
25066.0 6.458 6.454
24862.0 6.454 6.466
25107.0 6.466 6.451
24775.0 6.451 6.471
24768.0 6.471 6.469
24837.0 6.469 6.464
25029.0 6.464 6.456
25033.0 6.456 6.457
24829.0 6.457 6.47
24673.0 6.47 6.476
24742.0 6.476 6.467
24914.0 6.467 6.461
25086.0 6.461 6.453
24986.0 6.453 6.463
24930.0 6.463 6.466
24830.0 6.466 6.469
25086.0 6.469 6.454
25026.0 6.454 6.459
24802.0 6.459 6.47
25001.0 6.47 6.456
24941.0 6.456 6.462
24821.0 6.462 6.468
24768.0 6.468 6.469
24902.0 6.469 6.464
25010.0 6.464 6.458
24826.0 6.458 6.468
24838.0 6.468 6.464
24758.0 6.464 6.47
24892.0 6.47 6.46
25000.0 6.46 6.46
24900.0 6.46 6.465
24968.0 6.465 6.461
24972.0 6.461 6.464
24956.0 6.464 6.465
24792.0 6.465 6.472
24926.0 6.472 6.465
24950.0 6.465 6.464
24786.0 6.464 6.474
25088.0 6.474 6.456
24944.0 6.456 6.469
24824.0 6.469 6.473
25016.0 6.473 6.463
24788.0 6.463 6.477
24903.0 6.477 6.468
25031.0 6.468 6.463
25035.0 6.463 6.468
25019.0 6.468 6.467
24855.0 6.467 6.475
24943.0 6.475 6.467
25155.0 6.467 6.457
24823.0 6.457 6.474
24835.0 6.474 6.47
24879.0 6.47 6.469
24903.0 6.469 6.469
24927.0 6.469 6.469
24783.0 6.469 6.475
24936.0 6.475 6.466
24980.0 6.466 6.464
24900.0 6.464 6.467
24904.0 6.467 6.466
24992.0 6.466 6.462
24912.0 6.462 6.468
25148.0 6.468 6.453
24984.0 6.453 6.467
24928.0 6.467 6.469
25100.0 6.469 6.458
24956.0 6.458 6.47
24836.0 6.47 6.476
24860.0 6.476 6.47
24904.0 6.47 6.468
24928.0 6.468 6.466
24932.0 6.466 6.467
24852.0 6.467 6.469
24940.0 6.469 6.465
24880.0 6.465 6.465
24968.0 6.465 6.459
24804.0 6.459 6.468
24919.0 6.468 6.461
24839.0 6.461 6.464
24907.0 6.464 6.461
24827.0 6.461 6.466
25026.0 6.466 6.457
24946.0 6.457 6.463
24910.0 6.463 6.468
24894.0 6.468 6.464
24982.0 6.464 6.46
24986.0 6.46 6.457
24886.0 6.457 6.463
24934.0 6.463 6.457
24834.0 6.457 6.465
24846.0 6.465 6.465
24850.0 6.465 6.464
24854.0 6.464 6.466
24942.0 6.466 6.461
24862.0 6.461 6.469
24930.0 6.469 6.464
25038.0 6.464 6.458
24874.0 6.458 6.467
24922.0 6.467 6.461
24926.0 6.461 6.46
25078.0 6.46 6.454
24894.0 6.454 6.464
24838.0 6.464 6.467
24842.0 6.467 6.465
24930.0 6.465 6.463
24934.0 6.463 6.461
25002.0 6.461 6.457
24818.0 6.457 6.468
24998.0 6.468 6.456
25002.0 6.456 6.456
24966.0 6.456 6.46
24930.0 6.46 6.462
24830.0 6.462 6.462
24777.0 6.462 6.463
24976.0 6.463 6.453
25044.0 6.453 6.452
24988.0 6.452 6.456
24848.0 6.456 6.464
24608.0 6.464 6.475
24994.0 6.475 6.451
24702.0 6.451 6.476
24947.0 6.476 6.46
24907.0 6.46 6.462
24807.0 6.462 6.469
24838.0 6.469 6.463
24946.0 6.463 6.461
24846.0 6.461 6.465
24746.0 6.465 6.469
24796.0 6.469 6.463
25072.0 6.463 6.449
24888.0 6.449 6.461
24748.0 6.461 6.467
24947.0 6.467 6.453
24783.0 6.453 6.46
24860.0 6.46 6.458
24928.0 6.458 6.455
24892.0 6.455 6.46
24772.0 6.46 6.465
24971.0 6.465 6.453
24807.0 6.453 6.463
24968.0 6.463 6.453
24700.0 6.453 6.472
24693.0 6.472 6.464
24846.0 6.464 6.461
24682.0 6.461 6.473
24713.0 6.473 6.469
24950.0 6.469 6.456
24890.0 6.456 6.463
24938.0 6.463 6.459
25006.0 6.459 6.458
24906.0 6.458 6.463
24786.0 6.463 6.468
24817.0 6.468 6.465
24737.0 6.465 6.47
24955.0 6.47 6.458
24895.0 6.458 6.462
24775.0 6.462 6.467
24806.0 6.467 6.466
24940.0 6.466 6.459
23432.0 6.459 6.538
21728.0 6.538 6.59
20512.0 6.59 6.609
19214.0 6.609 6.644
18590.0 6.644 6.645
17417.0 6.645 6.685
16759.0 6.685 6.692
16213.0 6.692 6.702
15599.0 6.702 6.713
15179.0 6.713 6.722
14533.0 6.722 6.745
14161.0 6.745 6.751
13669.0 6.751 6.764
13264.0 6.764 6.776
12965.0 6.776 6.783
12615.0 6.783 6.792
12360.0 6.792 6.797
12194.0 6.797 6.798
11786.0 6.798 6.816
11798.0 6.816 6.805
11420.0 6.805 6.82
11190.0 6.82 6.827
10906.0 6.827 6.835
10861.0 6.835 6.83
10582.0 6.83 6.842
10462.0 6.842 6.84
10444.0 6.84 6.835
9997.0 6.835 6.857
9961.0 6.857 6.852
9793.0 6.852 6.856
9345.0 6.856 6.879
8561.0 6.879 6.907
7105.0 6.907 6.964
5059.0 6.964 7.038
4176.0 7.038 9.798
4309.0 9.798 11.758
4625.0 11.758 14.11
6067.0 14.11 11.125
8897.0 11.125 10.933
10373.0 10.933 10.927
12081.0 10.927 10.848
13657.0 10.848 10.784
15697.0 10.784 10.679
17734.0 10.679 10.591
20037.0 10.591 10.484
22079.0 10.484 10.409
24151.0 10.409 10.321
26617.0 10.321 10.205
28603.0 10.205 10.137
30570.0 10.137 10.062
32425.0 10.062 9.989
34228.0 9.989 9.924
35703.0 9.924 9.878
37257.0 9.878 9.813
38277.0 9.813 9.791
39393.0 9.791 9.751
40313.0 9.751 9.717
40687.0 9.717 9.729
38232.0 9.729 9.936
35964.0 9.936 10.023
34442.0 10.023 10.056
33520.0 10.056 10.068
32428.0 10.068 10.12
31459.0 10.12 10.152
30847.0 10.152 10.167
30227.0 10.167 10.189
29757.0 10.189 10.201
29313.0 10.201 10.219
28905.0 10.219 10.231
28555.0 10.231 10.246
28324.0 10.246 10.246
28044.0 10.246 10.257
27932.0 10.257 10.252
27586.0 10.252 10.272
27374.0 10.272 10.276
27314.0 10.276 10.275
27086.0 10.275 10.293
26840.0 10.293 10.301
26744.0 10.301 10.303
26480.0 10.303 10.316
26417.0 10.316 10.315
26555.0 10.315 10.301
26441.0 10.301 10.312
26429.0 10.312 10.31
26282.0 10.31 10.321
26303.0 10.321 10.312
26189.0 10.312 10.322
26021.0 10.322 10.332
26053.0 10.332 10.328
26201.0 10.328 10.315
25952.0 10.315 10.338
26036.0 10.338 10.329
26016.0 10.329 10.328
25996.0 10.328 10.325
25976.0 10.325 10.33
25504.0 10.33 10.363
23720.0 10.363 10.502
21950.0 10.502 10.577
20690.0 10.577 10.606
19598.0 10.606 10.643
18682.0 10.643 10.673
17794.0 10.673 10.707
17073.0 10.707 10.733
16201.0 10.733 10.773
15718.0 10.773 10.781
15130.0 10.781 10.805
14590.0 10.805 10.827
14199.0 10.827 10.838
13827.0 10.838 10.853
13329.0 10.853 10.873
12933.0 10.873 10.885
12677.0 10.885 10.892
12505.0 10.892 10.892
12014.0 10.892 10.925
11878.0 10.925 10.918
11606.0 10.918 10.935
11418.0 10.935 10.937
11094.0 10.937 10.961
10938.0 10.961 10.966
10728.0 10.966 10.973
10616.0 10.973 10.976
10350.0 10.976 10.996
10252.0 10.996 10.999
10168.0 10.999 10.999
9832.0 10.999 11.024
9844.0 11.024 11.013
9630.0 11.013 11.025
9655.0 11.025 11.018
9441.0 11.018 11.031
9311.0 11.031 11.037
9194.0 11.037 11.039
9161.0 11.039 11.035
8969.0 11.035 11.044
8945.0 11.044 11.042
8849.0 11.042 11.048
8741.0 11.048 11.056
8729.0 11.056 11.054
8717.0 11.054 11.05
8705.0 11.05 11.048
8609.0 11.048 11.052
8429.0 11.052 11.061
8333.0 11.061 11.07
8256.0 11.07 11.072
8263.0 11.072 11.066
8281.0 11.066 11.063
8288.0 11.063 11.065
8211.0 11.065 11.072
8134.0 11.072 11.076
7480.0 11.076 11.13
7000.0 11.13 11.15
6550.0 11.15 11.166
6037.0 11.166 11.189
5617.0 11.189 11.211
5205.0 11.211 11.23
4722.0 11.23 15.701
4666.0 15.701 18.841
5872.0 18.841 14.891
8924.0 14.891 14.602
10688.0 14.602 14.568
12390.0 14.568 14.475
14772.0 14.475 14.303
17002.0 14.303 14.184
19380.0 14.184 14.047
22005.0 14.047 13.888
24800.0 13.888 13.725
27592.0 13.725 13.57
30241.0 13.57 13.433
32607.0 13.433 13.32
32963.0 13.32 13.42
32251.0 13.42 13.517
31883.0 13.517 13.518
31607.0 13.518 13.528
29687.0 13.528 13.724
26867.0 13.724 13.931
25007.0 13.931 13.984
23327.0 13.984 14.061
21947.0 14.061 14.122
20915.0 14.122 14.16
19809.0 14.16 14.229
18865.0 14.229 14.272
18033.0 14.272 14.315
17352.0 14.315 14.342
16536.0 14.342 14.396
16171.0 14.396 14.397
15555.0 14.397 14.442
15189.0 14.442 14.456
14625.0 14.456 14.497
14225.0 14.497 14.511
13787.0 14.511 14.536
13427.0 14.536 14.552
13091.0 14.552 14.571
12939.0 14.571 14.571
12726.0 14.571 14.582
12336.0 14.582 14.615
12114.0 14.615 14.621
11820.0 14.621 14.647
10791.0 14.647 14.75
9759.0 14.75 14.808
8955.0 14.808 14.846
8235.0 14.846 14.884
7764.0 14.884 14.895
7218.0 14.895 14.922
6651.0 14.922 14.958
6159.0 14.958 14.984
5835.0 14.984 14.992
5354.0 14.992 15.029
5016.0 15.029 15.045
4578.0 15.045 21.043
4989.0 21.043 25.251
7252.0 25.251 19.744
10488.0 19.744 19.397
13169.0 19.397 19.237
15896.0 19.237 19.024
19057.0 19.024 18.747
22477.0 18.747 18.466
25429.0 18.466 18.293
27473.0 18.293 18.219
29381.0 18.219 18.094
31333.0 18.094 17.952
33077.0 17.952 17.841
34735.0 17.841 17.734
36273.0 17.734 17.635
37589.0 17.635 17.553
38724.0 17.553 17.492
39747.0 17.492 17.423
40649.0 17.423 17.372
41237.0 17.372 17.349
41927.0 17.349 17.303
42569.0 17.303 17.255
43053.0 17.255 17.238
43380.0 17.238 17.223
43702.0 17.223 17.209
43282.0 17.209 17.285
40496.0 17.285 17.659
38128.0 17.659 17.793
36512.0 17.793 17.848
35240.0 17.848 17.913
34289.0 17.913 17.959
33254.0 17.959 18.033
32392.0 18.033 18.09
31804.0 18.09 18.112
31234.0 18.112 18.149
30794.0 18.149 18.173
30299.0 18.173 18.211
29999.0 18.211 18.213
29640.0 18.213 18.249
29281.0 18.249 18.276
29029.0 18.276 18.282
28819.0 18.282 18.295
26761.0 18.295 18.58
23166.0 18.58 18.989
20306.0 18.989 19.148
18194.0 19.148 19.244
16388.0 19.244 19.355
14780.0 19.355 19.467
13564.0 19.467 19.531
12392.0 19.531 19.612
11456.0 19.612 19.666
10598.0 19.666 19.725
9785.0 19.725 19.786
9097.0 19.786 19.825
8461.0 19.825 19.87
7921.0 19.87 19.907
7490.0 19.907 19.928
6998.0 19.928 19.972
6527.0 19.972 20.003
6159.0 20.003 20.027
5793.0 20.027 20.057
5443.0 20.057 20.084
5178.0 20.084 20.095
4926.0 20.095 28.111
4758.0 28.111 33.733
6258.0 33.733 26.581
9922.0 26.581 25.942
12714.0 25.942 25.72
15758.0 25.72 25.4
19174.0 25.4 25.017
23102.0 25.017 24.578
27401.0 24.578 24.126
31965.0 24.126 23.66
35969.0 23.66 23.337
37544.0 23.337 23.425
38872.0 23.425 23.33
40312.0 23.33 23.179
41600.0 23.179 23.078
42748.0 23.078 22.991
43690.0 22.991 22.925
44422.0 22.925 22.878
43406.0 22.878 23.135
41780.0 23.135 23.364
40629.0 23.364 23.427
40072.0 23.427 23.42
39400.0 23.42 23.483
38944.0 23.483 23.509
38537.0 23.509 23.544
38153.0 23.544 23.582
37731.0 23.582 23.62
37583.0 23.62 23.613
37373.0 23.613 23.634
37184.0 23.634 23.652
37079.0 23.652 23.655
36827.0 23.655 23.687
36659.0 23.687 23.7
36531.0 23.7 23.709
36403.0 23.709 23.721
36443.0 23.721 23.701
36399.0 23.701 23.71
36439.0 23.71 23.7
36395.0 23.7 23.71
36267.0 23.71 23.736
36159.0 23.736 23.74
36153.0 23.74 23.73
36231.0 23.73 23.715
36207.0 23.715 23.727
36183.0 23.727 23.73
36159.0 23.73 23.734
36153.0 23.734 23.734
36231.0 23.734 23.718
36206.0 23.718 23.726
36182.0 23.726 23.734
36242.0 23.734 23.721
36133.0 23.721 23.744
36193.0 23.744 23.728
36187.0 23.728 23.731
36163.0 23.731 23.735
36241.0 23.735 23.719
36216.0 23.719 23.728
36192.0 23.728 23.731
36252.0 23.731 23.718
36227.0 23.718 23.725
36203.0 23.725 23.729
36179.0 23.729 23.732
36155.0 23.732 23.735
36233.0 23.735 23.719
36292.0 23.719 23.711
36268.0 23.711 23.722
36244.0 23.722 23.726
36220.0 23.726 23.729
36196.0 23.729 23.732
36172.0 23.732 23.735
36250.0 23.735 23.715
36225.0 23.715 23.727
36201.0 23.727 23.731
36177.0 23.731 23.73
36171.0 23.73 23.73
36147.0 23.73 23.734
36123.0 23.734 23.737
36201.0 23.737 23.721
36195.0 23.721 23.725
36171.0 23.725 23.729
36231.0 23.729 23.717
36207.0 23.717 23.724
36183.0 23.724 23.727
36159.0 23.727 23.73
36135.0 23.73 23.734
36213.0 23.734 23.717
36188.0 23.717 23.73
36164.0 23.73 23.733
36140.0 23.733 23.736
36218.0 23.736 23.72
36193.0 23.72 23.728
36253.0 23.728 23.716
36229.0 23.716 23.723
36205.0 23.723 23.726
36181.0 23.726 23.729
36157.0 23.729 23.733
36133.0 23.733 23.736
36211.0 23.736 23.72
36186.0 23.72 23.728
36162.0 23.728 23.731
36138.0 23.731 23.734
36132.0 23.734 23.734
36210.0 23.734 23.723
36204.0 23.723 23.727
36180.0 23.727 23.732
36156.0 23.732 23.735
36234.0 23.735 23.719
36125.0 23.719 23.743
36269.0 23.743 23.71
36160.0 23.71 23.737
36136.0 23.737 23.741
36130.0 23.741 23.74
36124.0 23.74 23.735
36202.0 23.735 23.72
36112.0 23.72 23.741
36088.0 23.741 23.745
36166.0 23.745 23.729
36160.0 23.729 23.733
36136.0 23.733 23.737
36214.0 23.737 23.721
36189.0 23.721 23.729
36249.0 23.729 23.717
36225.0 23.717 23.724
36201.0 23.724 23.727
36177.0 23.727 23.73
36153.0 23.73 23.734
36129.0 23.734 23.737
36207.0 23.737 23.721
36117.0 23.721 23.741
36093.0 23.741 23.741
36171.0 23.741 23.721
36165.0 23.721 23.73
36141.0 23.73 23.734
36201.0 23.734 23.721
36195.0 23.721 23.725
36171.0 23.725 23.733
36147.0 23.733 23.736
36141.0 23.736 23.732
36135.0 23.732 23.737
36213.0 23.737 23.722
36272.0 23.722 23.714
36248.0 23.714 23.721
36224.0 23.721 23.724
36200.0 23.724 23.728
36176.0 23.728 23.731
36152.0 23.731 23.734
36230.0 23.734 23.718
36205.0 23.718 23.726
36181.0 23.726 23.733
36157.0 23.733 23.737
36235.0 23.737 23.716
36210.0 23.716 23.729
36186.0 23.729 23.732
36246.0 23.732 23.719
36137.0 23.719 23.742
36113.0 23.742 23.742
36191.0 23.742 23.725
36269.0 23.725 23.714
36245.0 23.714 23.722
36221.0 23.722 23.725
36197.0 23.725 23.729
36173.0 23.729 23.732
36149.0 23.732 23.735
36227.0 23.735 23.719
36202.0 23.719 23.727
36178.0 23.727 23.734
36154.0 23.734 23.738
36232.0 23.738 23.722
36291.0 23.722 23.714
36267.0 23.714 23.721
36243.0 23.721 23.724
36219.0 23.724 23.727
36195.0 23.727 23.731
36171.0 23.731 23.734
36249.0 23.734 23.714
36140.0 23.714 23.738
36116.0 23.738 23.737
36194.0 23.737 23.721
36188.0 23.721 23.726
36248.0 23.726 23.718
36224.0 23.718 23.721
36200.0 23.721 23.724
36176.0 23.724 23.727
36152.0 23.727 23.731
36128.0 23.731 23.738
36206.0 23.738 23.722
36200.0 23.722 23.727
36176.0 23.727 23.731
36152.0 23.731 23.734
36230.0 23.734 23.718
36205.0 23.718 23.726
36181.0 23.726 23.733
36157.0 23.733 23.732
36151.0 23.732 23.732
36229.0 23.732 23.721
36204.0 23.721 23.729
36264.0 23.729 23.716
36240.0 23.716 23.724
36216.0 23.724 23.727
36192.0 23.727 23.73
36168.0 23.73 23.733
36144.0 23.733 23.737
36222.0 23.737 23.72
36197.0 23.72 23.729
36173.0 23.729 23.732
36149.0 23.732 23.735
36227.0 23.735 23.719
36202.0 23.719 23.727
36262.0 23.727 23.718
36238.0 23.718 23.726
36214.0 23.726 23.725
36190.0 23.725 23.728
36166.0 23.728 23.731
36142.0 23.731 23.735
36220.0 23.735 23.718
36111.0 23.718 23.743
36087.0 23.743 23.746
36165.0 23.746 23.73
36243.0 23.73 23.718
36219.0 23.718 23.722
36195.0 23.722 23.726
36171.0 23.726 23.729
36147.0 23.729 23.732
36123.0 23.732 23.735
36201.0 23.735 23.719
36195.0 23.719 23.724
36171.0 23.724 23.728
36147.0 23.728 23.735
36123.0 23.735 23.739
36201.0 23.739 23.722
36195.0 23.722 23.727
36171.0 23.727 23.731
36147.0 23.731 23.734
36141.0 23.734 23.734
36219.0 23.734 23.719
36194.0 23.719 23.727
36254.0 23.727 23.718
36230.0 23.718 23.726
36206.0 23.726 23.729
36182.0 23.729 23.732
36158.0 23.732 23.731
36236.0 23.731 23.715
36211.0 23.715 23.727
36187.0 23.727 23.731
36163.0 23.731 23.734
36157.0 23.734 23.734
36151.0 23.734 23.734
36229.0 23.734 23.719
36204.0 23.719 23.727
36264.0 23.727 23.718
36240.0 23.718 23.726
36216.0 23.726 23.729
36192.0 23.729 23.732
36168.0 23.732 23.731
36246.0 23.731 23.715
36221.0 23.715 23.727
36197.0 23.727 23.731
36173.0 23.731 23.734
36167.0 23.734 23.734
36161.0 23.734 23.734
36239.0 23.734 23.719
36298.0 23.719 23.711
36190.0 23.711 23.738
36166.0 23.738 23.733
36160.0 23.733 23.727
36154.0 23.727 23.732
36130.0 23.732 23.736
36124.0 23.736 23.736
36202.0 23.736 23.721
36196.0 23.721 23.726
36172.0 23.726 23.734
36232.0 23.734 23.721
36207.0 23.721 23.728
36183.0 23.728 23.732
36159.0 23.732 23.735
36153.0 23.735 23.735
36147.0 23.735 23.731
36225.0 23.731 23.716
36284.0 23.716 23.708
36260.0 23.708 23.719
36236.0 23.719 23.723
36212.0 23.723 23.726
36188.0 23.726 23.729
36164.0 23.729 23.728
36140.0 23.728 23.736
36116.0 23.736 23.739
36194.0 23.739 23.723
36188.0 23.723 23.727
36164.0 23.727 23.732
36224.0 23.732 23.719
36199.0 23.719 23.726
36175.0 23.726 23.729
36151.0 23.729 23.733
36211.0 23.733 23.72
36186.0 23.72 23.727
36162.0 23.727 23.73
36138.0 23.73 23.734
36132.0 23.734 23.734
36126.0 23.734 23.738
36204.0 23.738 23.723
36198.0 23.723 23.728
36258.0 23.728 23.716
36234.0 23.716 23.723
36210.0 23.723 23.726
36186.0 23.726 23.729
36162.0 23.729 23.733
36138.0 23.733 23.736
36216.0 23.736 23.72
36191.0 23.72 23.728
36167.0 23.728 23.731
36143.0 23.731 23.734
36137.0 23.734 23.734
36215.0 23.734 23.719
36190.0 23.719 23.731
36166.0 23.731 23.734
36244.0 23.734 23.718
36219.0 23.718 23.726
36195.0 23.726 23.73
36255.0 23.73 23.717
36231.0 23.717 23.724
36207.0 23.724 23.723
36183.0 23.723 23.727
36159.0 23.727 23.73
36135.0 23.73 23.733
36111.0 23.733 23.74
36189.0 23.74 23.72
36183.0 23.72 23.725
36159.0 23.725 23.733
36219.0 23.733 23.721
36194.0 23.721 23.728
36170.0 23.728 23.731
36146.0 23.731 23.734
36140.0 23.734 23.734
36134.0 23.734 23.735
36212.0 23.735 23.72
36271.0 23.72 23.716
36247.0 23.716 23.723
36223.0 23.723 23.726
36199.0 23.726 23.73
36175.0 23.73 23.733
36151.0 23.733 23.736
36229.0 23.736 23.72
36204.0 23.72 23.728
36180.0 23.728 23.731
36156.0 23.731 23.735
36150.0 23.735 23.734
36228.0 23.734 23.719
36203.0 23.719 23.727
36179.0 23.727 23.734
36155.0 23.734 23.738
36233.0 23.738 23.722
36208.0 23.722 23.726
36268.0 23.726 23.713
36244.0 23.713 23.72
36220.0 23.72 23.723
36196.0 23.723 23.727
36172.0 23.727 23.73
36148.0 23.73 23.733
36124.0 23.733 23.736
36202.0 23.736 23.72
36196.0 23.72 23.725
36172.0 23.725 23.729
36232.0 23.729 23.716
36208.0 23.716 23.723
36184.0 23.723 23.727
36160.0 23.727 23.73
36136.0 23.73 23.733
36112.0 23.733 23.736
36190.0 23.736 23.72
36100.0 23.72 23.741
36076.0 23.741 23.741
36154.0 23.741 23.729
36148.0 23.729 23.734
36124.0 23.734 23.738
36202.0 23.738 23.722
36112.0 23.722 23.743
36172.0 23.743 23.727
36166.0 23.727 23.73
36142.0 23.73 23.739
36220.0 23.739 23.722
36195.0 23.722 23.731
36171.0 23.731 23.734
36249.0 23.734 23.718
36224.0 23.718 23.722
36284.0 23.722 23.709
36260.0 23.709 23.716
36236.0 23.716 23.72
36212.0 23.72 23.723
36188.0 23.723 23.726
36164.0 23.726 23.729
36140.0 23.729 23.733
36200.0 23.733 23.72
36194.0 23.72 23.724
36170.0 23.724 23.732
36146.0 23.732 23.735
36140.0 23.735 23.735
36134.0 23.735 23.736
36212.0 23.736 23.72
36187.0 23.72 23.729
36247.0 23.729 23.72
36223.0 23.72 23.727
36199.0 23.727 23.73
36175.0 23.73 23.729
36151.0 23.729 23.733
36127.0 23.733 23.736
36205.0 23.736 23.72
36199.0 23.72 23.724
36175.0 23.724 23.732
36151.0 23.732 23.736
36145.0 23.736 23.735
36139.0 23.735 23.736
36217.0 23.736 23.721
36276.0 23.721 23.713
36252.0 23.713 23.72
36228.0 23.72 23.724
36204.0 23.724 23.727
36180.0 23.727 23.73
36156.0 23.73 23.733
36132.0 23.733 23.736
36210.0 23.736 23.72
36204.0 23.72 23.725
36180.0 23.725 23.733
36240.0 23.733 23.72
36215.0 23.72 23.728
36191.0 23.728 23.731
36167.0 23.731 23.734
36161.0 23.734 23.734
36155.0 23.734 23.731
36233.0 23.731 23.715
36292.0 23.715 23.708
36268.0 23.708 23.719
36244.0 23.719 23.722
36220.0 23.722 23.721
36196.0 23.721 23.724
36172.0 23.724 23.728
36148.0 23.728 23.731
36124.0 23.731 23.738
36202.0 23.738 23.722
36196.0 23.722 23.727
36172.0 23.727 23.731
36232.0 23.731 23.718
36207.0 23.718 23.726
36183.0 23.726 23.729
36159.0 23.729 23.732
36219.0 23.732 23.719
36194.0 23.719 23.727
36170.0 23.727 23.73
36146.0 23.73 23.733
36122.0 23.733 23.736
36116.0 23.736 23.736
36194.0 23.736 23.721
36188.0 23.721 23.729
36164.0 23.729 23.734
36140.0 23.734 23.737
36218.0 23.737 23.721
36193.0 23.721 23.729
36253.0 23.729 23.716
36229.0 23.716 23.723
36205.0 23.723 23.727
36181.0 23.727 23.73
36157.0 23.73 23.733
36133.0 23.733 23.736
36211.0 23.736 23.72
36186.0 23.72 23.728
36162.0 23.728 23.732
36138.0 23.732 23.735
36132.0 23.735 23.735
36126.0 23.735 23.735
36204.0 23.735 23.724
36282.0 23.724 23.713
36258.0 23.713 23.721
36234.0 23.721 23.72
36210.0 23.72 23.723
36186.0 23.723 23.726
36162.0 23.726 23.73
36138.0 23.73 23.733
36114.0 23.733 23.736
36192.0 23.736 23.72
36102.0 23.72 23.741
36162.0 23.741 23.729
36156.0 23.729 23.733
36132.0 23.733 23.737
36210.0 23.737 23.721
36204.0 23.721 23.725
36180.0 23.725 23.729
36156.0 23.729 23.733
36216.0 23.733 23.72
36191.0 23.72 23.727
36167.0 23.727 23.73
36143.0 23.73 23.734
36221.0 23.734 23.718
36112.0 23.718 23.742
36172.0 23.742 23.729
36166.0 23.729 23.733
36142.0 23.733 23.737
36220.0 23.737 23.721
36195.0 23.721 23.729
36171.0 23.729 23.732
36231.0 23.732 23.719
36206.0 23.719 23.727
36182.0 23.727 23.73
36158.0 23.73 23.733
36218.0 23.733 23.72
36193.0 23.72 23.728
36169.0 23.728 23.731
36145.0 23.731 23.734
36223.0 23.734 23.718
36198.0 23.718 23.73
36258.0 23.73 23.718
36233.0 23.718 23.725
36209.0 23.725 23.728
36185.0 23.728 23.731
36161.0 23.731 23.735
36155.0 23.735 23.734
36233.0 23.734 23.719
36208.0 23.719 23.727
36184.0 23.727 23.727
36160.0 23.727 23.734
36136.0 23.734 23.733
36214.0 23.733 23.717
36273.0 23.717 23.713
36249.0 23.713 23.72
36225.0 23.72 23.724
36201.0 23.724 23.727
36177.0 23.727 23.73
36153.0 23.73 23.733
36129.0 23.733 23.737
36207.0 23.737 23.72
36201.0 23.72 23.725
36177.0 23.725 23.729
36237.0 23.729 23.716
36213.0 23.716 23.724
36189.0 23.724 23.727
36165.0 23.727 23.73
36141.0 23.73 23.733
36117.0 23.733 23.737
36195.0 23.737 23.72
36105.0 23.72 23.741
36165.0 23.741 23.725
36159.0 23.725 23.729
36135.0 23.729 23.733
36111.0 23.733 23.736
36189.0 23.736 23.72
36183.0 23.72 23.729
36159.0 23.729 23.733
36135.0 23.733 23.736
36213.0 23.736 23.72
36188.0 23.72 23.728
36248.0 23.728 23.716
36224.0 23.716 23.723
36200.0 23.723 23.726
36176.0 23.726 23.729
36152.0 23.729 23.732
36128.0 23.732 23.736
36206.0 23.736 23.72
36116.0 23.72 23.74
36092.0 23.74 23.74
36170.0 23.74 23.728
36164.0 23.728 23.733
36140.0 23.733 23.737
36218.0 23.737 23.717
36193.0 23.717 23.725
36253.0 23.725 23.712
36229.0 23.712 23.719
36205.0 23.719 23.723
36181.0 23.723 23.73
36157.0 23.73 23.733
36133.0 23.733 23.736
36211.0 23.736 23.72
36102.0 23.72 23.745
36162.0 23.745 23.728
36156.0 23.728 23.732
36132.0 23.732 23.736
36210.0 23.736 23.719
36204.0 23.719 23.724
36180.0 23.724 23.728
36156.0 23.728 23.735
36216.0 23.735 23.723
36191.0 23.723 23.726
36167.0 23.726 23.733
36143.0 23.733 23.737
36221.0 23.737 23.72
36112.0 23.72 23.745
36172.0 23.745 23.728
36166.0 23.728 23.732
36142.0 23.732 23.736
36220.0 23.736 23.72
36195.0 23.72 23.728
36171.0 23.728 23.731
36231.0 23.731 23.722
36206.0 23.722 23.73
36182.0 23.73 23.733
36158.0 23.733 23.736
36236.0 23.736 23.72
36211.0 23.72 23.728
36271.0 23.728 23.715
36247.0 23.715 23.723
36223.0 23.723 23.726
36199.0 23.726 23.729
36175.0 23.729 23.732
36151.0 23.732 23.736
36229.0 23.736 23.719
36204.0 23.719 23.728
36180.0 23.728 23.731
36240.0 23.731 23.714
36215.0 23.714 23.721
36191.0 23.721 23.725
36167.0 23.725 23.728
36143.0 23.728 23.735
36203.0 23.735 23.723
36113.0 23.723 23.742
36173.0 23.742 23.726
36167.0 23.726 23.73
36143.0 23.73 23.734
36119.0 23.734 23.738
36197.0 23.738 23.721
36191.0 23.721 23.726
36167.0 23.726 23.73
36143.0 23.73 23.733
36119.0 23.733 23.737
36197.0 23.737 23.72
36107.0 23.72 23.741
36167.0 23.741 23.729
36161.0 23.729 23.733
36137.0 23.733 23.737
36215.0 23.737 23.721
36190.0 23.721 23.729
36166.0 23.729 23.732
36226.0 23.732 23.72
36201.0 23.72 23.727
36177.0 23.727 23.73
36153.0 23.73 23.733
36129.0 23.733 23.737
36207.0 23.737 23.721
36201.0 23.721 23.725
36261.0 23.725 23.717
36237.0 23.717 23.725
36213.0 23.725 23.728
36189.0 23.728 23.727
36165.0 23.727 23.73
36141.0 23.73 23.733
36117.0 23.733 23.737
36195.0 23.737 23.721
36105.0 23.721 23.741
36081.0 23.741 23.745
36159.0 23.745 23.729
36237.0 23.729 23.718
36213.0 23.718 23.726
36189.0 23.726 23.729
36165.0 23.729 23.728
36141.0 23.728 23.732
36117.0 23.732 23.735
36195.0 23.735 23.719
36189.0 23.719 23.724
36165.0 23.724 23.728
36141.0 23.728 23.735
36201.0 23.735 23.723
36111.0 23.723 23.743
36087.0 23.743 23.743
36165.0 23.743 23.726
36159.0 23.726 23.731
36135.0 23.731 23.735
36213.0 23.735 23.719
36188.0 23.719 23.727
36248.0 23.727 23.719
36224.0 23.719 23.726
36200.0 23.726 23.729
36176.0 23.729 23.728
36152.0 23.728 23.731
36128.0 23.731 23.731
36206.0 23.731 23.719
36116.0 23.719 23.739
36092.0 23.739 23.739
36170.0 23.739 23.723
36164.0 23.723 23.728
36140.0 23.728 23.736
36200.0 23.736 23.723
36194.0 23.723 23.727
36170.0 23.727 23.731
36146.0 23.731 23.734
36224.0 23.734 23.718
36115.0 23.718 23.742
36175.0 23.742 23.726
36169.0 23.726 23.729
36145.0 23.729 23.734
36121.0 23.734 23.737
36199.0 23.737 23.721
36193.0 23.721 23.725
36169.0 23.725 23.733
36229.0 23.733 23.721
36204.0 23.721 23.728
36180.0 23.728 23.731
36156.0 23.731 23.734
36234.0 23.734 23.718
36209.0 23.718 23.727
36185.0 23.727 23.73
36245.0 23.73 23.717
36221.0 23.717 23.724
36197.0 23.724 23.727
36173.0 23.727 23.731
36149.0 23.731 23.734
36143.0 23.734 23.734
36137.0 23.734 23.734
36215.0 23.734 23.719
36190.0 23.719 23.727
36166.0 23.727 23.734
36226.0 23.734 23.722
36201.0 23.722 23.729
36177.0 23.729 23.732
36153.0 23.732 23.736
36231.0 23.736 23.719
36290.0 23.719 23.708
36266.0 23.708 23.715
36242.0 23.715 23.718
36218.0 23.718 23.721
36194.0 23.721 23.725
36170.0 23.725 23.728
36146.0 23.728 23.731
36122.0 23.731 23.734
36200.0 23.734 23.718
36110.0 23.718 23.743
36170.0 23.743 23.727
36164.0 23.727 23.731
36140.0 23.731 23.735
36218.0 23.735 23.719
36193.0 23.719 23.727
36169.0 23.727 23.73
36145.0 23.73 23.733
36205.0 23.733 23.721
36199.0 23.721 23.725
36175.0 23.725 23.729
36151.0 23.729 23.736
36127.0 23.736 23.735
36205.0 23.735 23.719
36199.0 23.719 23.724
36175.0 23.724 23.732
36151.0 23.732 23.735
36145.0 23.735 23.735
36223.0 23.735 23.719
36198.0 23.719 23.728
36258.0 23.728 23.715
36234.0 23.715 23.722
36210.0 23.722 23.725
36186.0 23.725 23.729
36162.0 23.729 23.732
36138.0 23.732 23.735
36216.0 23.735 23.719
36191.0 23.719 23.727
36167.0 23.727 23.73
36143.0 23.73 23.737
36203.0 23.737 23.721
36197.0 23.721 23.725
36173.0 23.725 23.729
36149.0 23.729 23.736
36125.0 23.736 23.739
36119.0 23.739 23.735
36113.0 23.735 23.736
36191.0 23.736 23.72
36269.0 23.72 23.709
36245.0 23.709 23.717
36221.0 23.717 23.72
36197.0 23.72 23.724
36173.0 23.724 23.727
36149.0 23.727 23.734
36125.0 23.734 23.737
36203.0 23.737 23.721
36113.0 23.721 23.742
36089.0 23.742 23.742
36167.0 23.742 23.726
36161.0 23.726 23.73
36221.0 23.73 23.719
36196.0 23.719 23.726
36172.0 23.726 23.729
36148.0 23.729 23.736
36124.0 23.736 23.736
36202.0 23.736 23.719
36196.0 23.719 23.728
36256.0 23.728 23.716
36232.0 23.716 23.723
36208.0 23.723 23.727
36184.0 23.727 23.73
36160.0 23.73 23.733
36136.0 23.733 23.736
36214.0 23.736 23.72
36105.0 23.72 23.744
36081.0 23.744 23.744
36159.0 23.744 23.727
36153.0 23.727 23.732
36213.0 23.732 23.72
36188.0 23.72 23.728
36164.0 23.728 23.731
36140.0 23.731 23.738
36218.0 23.738 23.718
36277.0 23.718 23.714
36253.0 23.714 23.721
36229.0 23.721 23.725
36205.0 23.725 23.728
36181.0 23.728 23.731
36157.0 23.731 23.734
36235.0 23.734 23.718
36126.0 23.718 23.738
36102.0 23.738 23.738
36180.0 23.738 23.721
36174.0 23.721 23.726
36234.0 23.726 23.714
36210.0 23.714 23.721
36186.0 23.721 23.729
36162.0 23.729 23.732
36138.0 23.732 23.735
36132.0 23.735 23.735
36210.0 23.735 23.72
36204.0 23.72 23.724
36180.0 23.724 23.728
36156.0 23.728 23.732
36216.0 23.732 23.719
36107.0 23.719 23.742
36167.0 23.742 23.726
36161.0 23.726 23.729
36137.0 23.729 23.737
36113.0 23.737 23.741
36191.0 23.741 23.725
36185.0 23.725 23.729
36245.0 23.729 23.717
36221.0 23.717 23.725
36197.0 23.725 23.728
36173.0 23.728 23.731
36149.0 23.731 23.734
36143.0 23.734 23.734
36137.0 23.734 23.735
36215.0 23.735 23.719
36190.0 23.719 23.728
36166.0 23.728 23.735
36058.0 23.735 23.754
36136.0 23.754 23.728
36130.0 23.728 23.733
36106.0 23.733 23.737
36100.0 23.737 23.737
36094.0 23.737 23.737
26932.0 23.737 25.477
13728.0 25.477 27.705
7386.0 27.705 27.443
4322.0 27.443 37.559
4176.0 37.559 48.507
4176.0 48.507 58.209
4219.0 58.209 69.851
4909.0 69.851 83.821
6793.0 83.821 65.793
10325.0 65.793 64.345
12557.0 64.345 64.054
14597.0 64.054 63.663
16893.0 63.663 63.011
19401.0 63.011 62.302
21979.0 62.302 61.641
24670.0 61.641 60.942
27425.0 60.942 60.249
30203.0 60.249 59.576
32807.0 59.576 58.999
35318.0 58.999 58.428
37461.0 58.428 58.024
39525.0 58.024 57.582
41352.0 57.582 57.225
42980.0 57.225 56.906
44345.0 56.906 56.663
45473.0 56.663 56.469
46331.0 56.469 56.354
47116.0 56.354 56.205
48015.0 56.205 55.979
48585.0 55.979 55.917
49125.0 55.917 55.831
49375.0 55.831 55.837
49642.0 55.837 55.79
49943.0 55.79 55.716
50194.0 55.716 33.49
46699.0 33.49 41.124
26623.0 41.124 51.554
16521.0 51.554 52.067
12663.0 52.067 51.009
9945.0 51.009 51.15
7692.0 51.15 51.492
5901.0 51.492 51.743
4617.0 51.743 72.056
4199.0 72.056 93.446
4353.0 93.446 100.0
5823.0 100.0 78.824
8175.0 78.824 77.73
9260.0 77.73 77.773
10052.0 77.773 77.689
10988.0 77.689 77.357
11900.0 77.357 77.076
12846.0 77.076 76.775
13844.0 76.775 76.452
14852.0 76.452 76.146
15852.0 76.146 75.843
16954.0 75.843 75.481
17947.0 75.481 75.209
19033.0 75.209 74.855
19985.0 74.855 74.613
20937.0 74.613 74.339
21843.0 74.339 74.085
22685.0 74.085 73.852
23435.0 73.852 73.665
24143.0 73.665 73.463
24923.0 73.463 73.218
25661.0 73.218 73.018
26277.0 73.018 72.873
26822.0 72.873 72.737
27464.0 72.737 72.528
27860.0 72.528 72.478
28212.0 72.478 72.394
28636.0 72.394 72.255
28964.0 72.255 72.183
29364.0 72.183 72.05
29565.0 72.05 72.048
29700.0 72.048 72.036
29886.0 72.036 71.966
30090.0 71.966 71.905
30228.0 71.905 71.878
30417.0 71.878 71.813
30573.0 71.813 71.768
30747.0 71.768 71.72
30888.0 71.72 71.686
30996.0 71.686 71.665
31155.0 71.665 71.605
31248.0 71.605 71.601
31392.0 71.601 71.553
31503.0 71.553 71.528
31413.0 71.528 71.602
31323.0 71.602 71.641
31467.0 71.641 71.533
31578.0 71.533 71.496
31538.0 71.496 71.562
31498.0 71.562 71.568
31408.0 71.568 71.601
31318.0 71.601 71.634
31462.0 71.634 71.533
31573.0 71.533 71.505
31533.0 71.505 71.559
31493.0 71.559 71.564
31403.0 71.564 71.61
31313.0 71.61 71.637
31457.0 71.637 71.523
31568.0 71.523 71.502
31528.0 71.502 71.568
31404.0 71.568 71.621
31398.0 71.621 71.595
31509.0 71.595 71.512
31587.0 71.512 71.502
31547.0 71.502 71.563
31507.0 71.563 71.568
31383.0 71.568 71.622
31327.0 71.622 71.624
31471.0 71.624 71.527
31582.0 71.527 71.5
31542.0 71.5 71.554
31418.0 71.554 71.619
31412.0 71.619 71.593
31523.0 71.593 71.516
31483.0 71.516 71.573
31393.0 71.573 71.61
31303.0 71.61 71.637
31447.0 71.637 71.524
31558.0 71.524 71.468
31518.0 71.468 71.528
31394.0 71.528 71.621
31388.0 71.621 71.594
31499.0 71.594 71.518
31661.0 71.518 71.435
31587.0 71.435 71.516
31463.0 71.516 71.604
31457.0 71.604 71.577
31568.0 71.577 71.501
31444.0 71.501 71.576
31354.0 71.576 71.627
31298.0 71.627 71.635
31442.0 71.635 71.532
31637.0 71.532 71.435
31563.0 71.435 71.521
31439.0 71.521 71.596
31433.0 71.596 71.57
31544.0 71.57 71.494
31504.0 71.494 71.536
31414.0 71.536 71.597
31324.0 71.597 71.624
31468.0 71.624 71.522
31663.0 71.522 71.423
31589.0 71.423 71.514
31465.0 71.514 71.59
31375.0 71.59 71.612
31319.0 71.612 71.631
31463.0 71.631 71.528
31574.0 71.528 71.467
31534.0 71.467 71.524
31410.0 71.524 71.617
31404.0 71.617 71.59
31515.0 71.59 71.514
31391.0 71.514 71.589
31385.0 71.589 71.593
31245.0 71.593 71.663
31223.0 71.663 71.638
31400.0 71.638 71.527
31511.0 71.527 71.486
31471.0 71.486 71.546
31381.0 71.546 71.608
31325.0 71.608 71.615
31469.0 71.615 71.518
31580.0 71.518 71.467
31540.0 71.467 71.527
31500.0 71.527 71.559
31410.0 71.559 71.593
31320.0 71.593 71.632
31264.0 71.632 71.639
31408.0 71.639 71.53
31519.0 71.53 71.485
31479.0 71.485 71.545
31389.0 71.545 71.606
31383.0 71.606 71.584
31494.0 71.584 71.514
31404.0 71.514 71.585
31398.0 71.585 71.591
31308.0 71.591 71.63
31252.0 71.63 71.631
31396.0 71.631 71.534
31507.0 71.534 71.488
31467.0 71.488 71.549
31377.0 71.549 71.61
31321.0 71.61 71.617
31465.0 71.617 71.52
31576.0 71.52 71.469
31536.0 71.469 71.529
31496.0 71.529 71.562
31406.0 71.562 71.595
31316.0 71.595 71.622
31460.0 71.622 71.521
31571.0 71.521 71.481
31531.0 71.481 71.535
31491.0 71.535 71.564
31401.0 71.564 71.598
31311.0 71.598 71.625
31455.0 71.625 71.523
31650.0 71.523 71.424
31576.0 71.424 71.515
31452.0 71.515 71.591
31362.0 71.591 71.613
31306.0 71.613 71.62
31450.0 71.62 71.523
31645.0 71.523 71.436
31571.0 71.436 71.521
31447.0 71.521 71.594
31357.0 71.594 71.616
31552.0 71.616 71.479
31630.0 71.479 71.456
31556.0 71.456 71.537
31516.0 71.537 71.565
31476.0 71.565 71.57
31386.0 71.57 71.604
31330.0 71.604 71.611
31474.0 71.611 71.514
31636.0 71.514 71.434
31562.0 71.434 71.521
31438.0 71.521 71.596
31348.0 71.596 71.618
31492.0 71.618 71.511
31654.0 71.511 71.445
31580.0 71.445 71.525
31456.0 71.525 71.598
31450.0 71.598 71.572
31561.0 71.572 71.495
31437.0 71.495 71.582
31347.0 71.582 71.616
31291.0 71.616 71.623
31435.0 71.623 71.526
31630.0 71.526 71.439
31556.0 71.439 71.524
31432.0 71.524 71.597
31342.0 71.597 71.618
31486.0 71.618 71.511
31648.0 71.511 71.445
31574.0 71.445 71.526
31450.0 71.526 71.598
31360.0 71.598 71.62
31471.0 71.62 71.531
31666.0 71.531 71.436
31592.0 71.436 71.518
31468.0 71.518 71.59
31378.0 71.59 71.612
31322.0 71.612 71.619
31466.0 71.619 71.517
31577.0 71.517 71.468
31537.0 71.468 71.528
31497.0 71.528 71.56
31407.0 71.56 71.594
31317.0 71.594 71.621
31461.0 71.621 71.519
31572.0 71.519 71.48
31532.0 71.48 71.534
31408.0 71.534 71.611
31402.0 71.611 71.585
31513.0 71.585 71.509
31473.0 71.509 71.541
31383.0 71.541 71.602
31327.0 71.602 71.61
31471.0 71.61 71.501
31582.0 71.501 71.467
31542.0 71.467 71.534
31418.0 71.534 71.599
31328.0 71.599 71.621
31472.0 71.621 71.513
31583.0 71.513 71.476
31543.0 71.476 71.531
31419.0 71.531 71.596
31413.0 71.596 71.581
31524.0 71.581 71.505
31400.0 71.505 71.586
31310.0 71.586 71.626
31254.0 71.626 71.639
31398.0 71.639 71.53
31593.0 71.53 71.448
31469.0 71.448 71.569
31379.0 71.569 71.602
31323.0 71.602 71.609
31467.0 71.609 71.513
31662.0 71.513 71.425
31504.0 71.425 71.571
31498.0 71.571 71.552
31408.0 71.552 71.59
31318.0 71.59 71.617
31262.0 71.617 71.63
31406.0 71.63 71.531
31601.0 71.531 71.449
31477.0 71.449 71.564
31387.0 71.564 71.597
31331.0 71.597 71.605
31475.0 71.605 71.508
31637.0 71.508 71.451
31563.0 71.451 71.532
31439.0 71.532 71.593
31433.0 71.593 71.566
31343.0 71.566 71.605
31287.0 71.605 71.618
31431.0 71.618 71.519
31542.0 71.519 71.485
31502.0 71.485 71.552
31412.0 71.552 71.585
31322.0 71.585 71.624
31266.0 71.624 71.631
31410.0 71.631 71.523
31521.0 71.523 71.489
31481.0 71.489 71.549
31391.0 71.549 71.595
31301.0 71.595 71.621
31445.0 71.621 71.52
31640.0 71.52 71.444
31566.0 71.444 71.53
31442.0 71.53 71.59
31352.0 71.59 71.612
31296.0 71.612 71.619
31440.0 71.619 71.523
31635.0 71.523 71.435
31561.0 71.435 71.533
31437.0 71.533 71.593
31347.0 71.593 71.615
31291.0 71.615 71.622
31435.0 71.622 71.514
31546.0 71.514 71.492
31506.0 71.492 71.546
31416.0 71.546 71.592
31326.0 71.592 71.619
31270.0 71.619 71.626
31414.0 71.626 71.529
31609.0 71.529 71.448
31485.0 71.448 71.562
31395.0 71.562 71.595
31389.0 71.595 71.574
31500.0 71.574 71.504
31410.0 71.504 71.586
31404.0 71.586 71.568
31314.0 71.568 71.613
31258.0 71.613 71.626
31402.0 71.626 71.521
31513.0 71.521 71.499
31473.0 71.499 71.553
31383.0 71.553 71.599
31327.0 71.599 71.606
30211.0 71.606 72.22
21664.0 72.22 76.988
15680.0 76.988 79.186
12080.0 79.186 79.165
9572.0 79.165 79.236
7570.0 79.236 79.537
5986.0 79.537 79.828
4732.0 79.828 100.0
4176.0 100.0 100.0
4176.0 100.0 100.0
4176.0 100.0 100.0
4176.0 100.0 100.0
4176.0 100.0 100.0
4176.0 100.0 100.0
4176.0 100.0 100.0
4176.0 100.0 100.0
4176.0 100.0 100.0
4176.0 100.0 100.0
4176.0 100.0 100.0
4176.0 100.0 100.0
4176.0 100.0 100.0
4176.0 100.0 100.0
4176.0 100.0 100.0
4176.0 100.0 100.0
4176.0 100.0 100.0
4176.0 100.0 100.0
4176.0 100.0 100.0
4176.0 100.0 100.0
4176.0 100.0 100.0
4176.0 100.0 100.0
4176.0 100.0 100.0
4176.0 100.0 100.0
4176.0 100.0 100.0
4176.0 100.0 100.0
4176.0 100.0 100.0
4176.0 100.0 100.0
4176.0 100.0 100.0
4176.0 100.0 100.0
4176.0 100.0 100.0
4176.0 100.0 100.0
4176.0 100.0 100.0
4176.0 100.0 100.0
4176.0 100.0 100.0
4176.0 100.0 100.0
4176.0 100.0 100.0
4176.0 100.0 100.0
4176.0 100.0 100.0
4176.0 100.0 100.0
4176.0 100.0 100.0
4176.0 100.0 100.0
4176.0 100.0 100.0
4176.0 100.0 100.0
4176.0 100.0 100.0
4176.0 100.0 100.0
4176.0 100.0 100.0
4176.0 100.0 100.0
4176.0 100.0 100.0
4176.0 100.0 100.0
4176.0 100.0 100.0
4176.0 100.0 100.0
4176.0 100.0 100.0
4176.0 100.0 100.0
4176.0 100.0 100.0
4176.0 100.0 100.0
4176.0 100.0 100.0
4176.0 100.0 100.0
4176.0 100.0 100.0
4176.0 100.0 100.0
4176.0 100.0 100.0
4176.0 100.0 100.0
4176.0 100.0 100.0
4176.0 100.0 100.0
4176.0 100.0 100.0
4176.0 100.0 100.0
4176.0 100.0 100.0
4176.0 100.0 100.0
4176.0 100.0 100.0
4176.0 100.0 100.0
4176.0 100.0 100.0
4176.0 100.0 100.0
4176.0 100.0 100.0
4176.0 100.0 100.0
4176.0 100.0 100.0
4176.0 100.0 100.0
4176.0 100.0 100.0
4176.0 100.0 100.0
4176.0 100.0 100.0
4176.0 100.0 100.0
4176.0 100.0 100.0
4176.0 100.0 100.0
4176.0 100.0 100.0
4176.0 100.0 100.0
4176.0 100.0 100.0
4176.0 100.0 100.0
4176.0 100.0 100.0
4176.0 100.0 100.0
4176.0 100.0 100.0
4176.0 100.0 100.0
4176.0 100.0 100.0
4176.0 100.0 100.0
4176.0 100.0 100.0
4176.0 100.0 100.0
4176.0 100.0 100.0
4176.0 100.0 100.0
4176.0 100.0 100.0
4176.0 100.0 100.0
4176.0 100.0 100.0
4176.0 100.0 100.0
4176.0 100.0 100.0
4176.0 100.0 100.0
4176.0 100.0 100.0
4176.0 100.0 100.0
4176.0 100.0 100.0
4176.0 100.0 100.0
4176.0 100.0 100.0
4176.0 100.0 100.0
4176.0 100.0 100.0
4176.0 100.0 100.0
4176.0 100.0 100.0
4176.0 100.0 100.0
4176.0 100.0 100.0
4176.0 100.0 100.0
4176.0 100.0 100.0
4176.0 100.0 100.0
4176.0 100.0 100.0
4176.0 100.0 100.0
4176.0 100.0 100.0
4176.0 100.0 100.0
4176.0 100.0 100.0
4176.0 100.0 100.0
4176.0 100.0 100.0
4176.0 100.0 100.0
4176.0 100.0 100.0
4176.0 100.0 100.0
4176.0 100.0 100.0
4176.0 100.0 100.0
4176.0 100.0 100.0
4176.0 100.0 100.0
4176.0 100.0 100.0
4176.0 100.0 100.0
4176.0 100.0 100.0
4176.0 100.0 100.0
4176.0 100.0 100.0
4176.0 100.0 100.0
4176.0 100.0 100.0
4176.0 100.0 100.0
4176.0 100.0 100.0
4176.0 100.0 100.0
4176.0 100.0 100.0
4176.0 100.0 100.0
4176.0 100.0 100.0
4176.0 100.0 100.0
4176.0 100.0 100.0
4176.0 100.0 100.0
4176.0 100.0 100.0
4176.0 100.0 100.0
4176.0 100.0 100.0
4176.0 100.0 100.0
4176.0 100.0 100.0
4176.0 100.0 100.0
4176.0 100.0 100.0
4176.0 100.0 100.0
4176.0 100.0 100.0
4176.0 100.0 100.0
4176.0 100.0 100.0
4176.0 100.0 100.0
4176.0 100.0 100.0
4176.0 100.0 100.0
4176.0 100.0 100.0
4176.0 100.0 100.0
4176.0 100.0 100.0
4176.0 100.0 100.0
4176.0 100.0 100.0
4176.0 100.0 100.0
4176.0 100.0 100.0
4176.0 100.0 100.0
4176.0 100.0 100.0
4176.0 100.0 100.0
4176.0 100.0 100.0
4176.0 100.0 100.0
4176.0 100.0 100.0
4176.0 100.0 100.0
4176.0 100.0 100.0
4176.0 100.0 100.0
4176.0 100.0 100.0
4176.0 100.0 100.0
4176.0 100.0 100.0
4176.0 100.0 100.0
4176.0 100.0 100.0
4176.0 100.0 100.0
4176.0 100.0 100.0
4176.0 100.0 100.0
4176.0 100.0 100.0
4176.0 100.0 100.0
4176.0 100.0 100.0
4176.0 100.0 100.0
4176.0 100.0 100.0
4176.0 100.0 100.0
4176.0 100.0 100.0
4176.0 100.0 100.0
4176.0 100.0 100.0
4176.0 100.0 100.0
4176.0 100.0 100.0
4176.0 100.0 100.0
4176.0 100.0 100.0
4176.0 100.0 100.0
4176.0 100.0 100.0
4176.0 100.0 100.0
4176.0 100.0 100.0
4176.0 100.0 100.0
4176.0 100.0 100.0
4176.0 100.0 100.0
4176.0 100.0 100.0
4176.0 100.0 100.0
4176.0 100.0 100.0
4176.0 100.0 100.0
4176.0 100.0 100.0
4176.0 100.0 100.0
4176.0 100.0 100.0
4176.0 100.0 100.0
4176.0 100.0 100.0
4176.0 100.0 100.0
4176.0 100.0 100.0
4176.0 100.0 100.0
4176.0 100.0 100.0
4176.0 100.0 100.0
4176.0 100.0 100.0
4176.0 100.0 100.0
4176.0 100.0 100.0
4176.0 100.0 100.0
4176.0 100.0 100.0
4176.0 100.0 100.0
4176.0 100.0 100.0
4176.0 100.0 100.0
4176.0 100.0 100.0
4176.0 100.0 100.0
4176.0 100.0 100.0
4176.0 100.0 100.0
4176.0 100.0 100.0
4176.0 100.0 100.0
4176.0 100.0 100.0
4176.0 100.0 100.0
4176.0 100.0 100.0
4176.0 100.0 100.0
4176.0 100.0 100.0
4176.0 100.0 100.0
4176.0 100.0 100.0
4176.0 100.0 100.0
4176.0 100.0 100.0
4176.0 100.0 100.0
4176.0 100.0 100.0
4176.0 100.0 100.0
4176.0 100.0 100.0
4176.0 100.0 100.0
4176.0 100.0 100.0
4176.0 100.0 100.0
4176.0 100.0 100.0
4176.0 100.0 100.0
4176.0 100.0 100.0
4176.0 100.0 100.0
4176.0 100.0 100.0
4176.0 100.0 100.0
4176.0 100.0 100.0
4176.0 100.0 100.0
4176.0 100.0 100.0
4176.0 100.0 100.0
4176.0 100.0 100.0
4176.0 100.0 100.0
4176.0 100.0 100.0
4176.0 100.0 100.0
4176.0 100.0 100.0
4176.0 100.0 100.0
4176.0 100.0 100.0
4176.0 100.0 100.0
4176.0 100.0 100.0
4176.0 100.0 100.0
4176.0 100.0 100.0
4176.0 100.0 100.0
4176.0 100.0 100.0
4176.0 100.0 100.0
4176.0 100.0 100.0
4176.0 100.0 100.0
4176.0 100.0 100.0
4176.0 100.0 100.0
4176.0 100.0 100.0
4176.0 100.0 100.0
4176.0 100.0 100.0
4176.0 100.0 100.0
4176.0 100.0 100.0
4176.0 100.0 100.0
4176.0 100.0 100.0
4176.0 100.0 100.0
4176.0 100.0 100.0
4176.0 100.0 100.0
4176.0 100.0 100.0
4176.0 100.0 100.0
4176.0 100.0 100.0
4176.0 100.0 100.0
4176.0 100.0 100.0
4176.0 100.0 100.0
4176.0 100.0 100.0
4176.0 100.0 100.0
4176.0 100.0 100.0
4176.0 100.0 100.0
4176.0 100.0 100.0
4176.0 100.0 100.0
4176.0 100.0 100.0
4176.0 100.0 100.0
4176.0 100.0 100.0
4176.0 100.0 100.0
4176.0 100.0 100.0
4176.0 100.0 100.0
4176.0 100.0 100.0
4176.0 100.0 100.0
4176.0 100.0 100.0
4176.0 100.0 100.0
4176.0 100.0 100.0
4176.0 100.0 100.0
4176.0 100.0 100.0
4176.0 100.0 100.0
4176.0 100.0 100.0
4176.0 100.0 100.0
4176.0 100.0 100.0
4176.0 100.0 100.0
4176.0 100.0 100.0
4176.0 100.0 100.0
4176.0 100.0 100.0
4176.0 100.0 100.0
