4344.0 1.0 1.0
4344.0 1.0 1.4
4344.0 1.4 1.68
4344.0 1.68 2.016
4260.0 2.016 2.419
4176.0 2.419 2.903
4176.0 2.903 3.484
4301.0 3.484 4.535
4243.0 4.535 5.441
4784.0 5.441 6.53
4919.0 6.53 7.836
4712.0 7.836 9.403
5118.0 9.403 7.492
6618.0 7.492 7.417
7332.0 7.417 7.412
8186.0 7.412 7.394
8650.0 7.394 7.386
9678.0 7.386 7.35
9975.0 7.35 7.35
10722.0 7.35 7.317
11160.0 7.317 7.315
12388.0 7.315 7.255
12714.0 7.255 7.265
13434.0 7.265 7.237
14022.0 7.237 7.222
14475.0 7.222 7.218
15238.0 7.218 7.19
16078.0 7.19 7.157
16610.0 7.157 7.147
17222.0 7.147 7.129
17720.0 7.129 7.12
18257.0 7.12 7.102
18685.0 7.102 7.094
18981.0 7.094 7.09
19513.0 7.09 7.074
19930.0 7.074 7.066
20548.0 7.066 7.041
20710.0 7.041 7.047
20884.0 7.047 7.05
21412.0 7.05 7.026
21856.0 7.026 7.009
21866.0 7.009 7.021
22323.0 7.021 7.0
22650.0 7.0 6.995
22500.0 6.995 7.014
22919.0 7.014 6.992
23199.0 6.992 6.983
23231.0 6.983 6.993
23579.0 6.993 6.976
23611.0 6.976 6.981
23499.0 6.981 6.991
23911.0 6.991 6.969
24027.0 6.969 6.971
24063.0 6.971 6.975
24119.0 6.975 6.971
24091.0 6.971 6.977
24231.0 6.977 6.968
24189.0 6.968 6.976
24309.0 6.976 6.969
24498.0 6.969 6.96
24330.0 6.96 6.972
24477.0 6.972 6.965
24414.0 6.965 6.966
24498.0 6.966 6.962
24582.0 6.962 6.956
24561.0 6.956 6.961
24771.0 6.961 6.948
24498.0 6.948 6.971
24687.0 6.971 6.959
24708.0 6.959 6.96
24771.0 6.96 6.956
24750.0 6.956 6.957
24624.0 6.957 6.968
24834.0 6.968 6.957
24834.0 6.957 6.959
24624.0 6.959 6.971
24834.0 6.971 6.958
24687.0 6.958 6.969
24897.0 6.969 6.957
24729.0 6.957 6.967
24771.0 6.967 6.965
24855.0 6.965 6.96
24771.0 6.96 6.966
25002.0 6.966 6.953
24834.0 6.953 6.963
24603.0 6.963 6.978
24918.0 6.978 6.955
24960.0 6.955 6.958
25002.0 6.958 6.956
24960.0 6.956 6.963
24750.0 6.963 6.974
24813.0 6.974 6.967
25002.0 6.967 6.956
24918.0 6.956 6.964
24792.0 6.964 6.971
24771.0 6.971 6.97
24960.0 6.97 6.957
24960.0 6.957 6.959
24834.0 6.959 6.963
24813.0 6.963 6.961
24708.0 6.961 6.967
24939.0 6.967 6.956
24939.0 6.956 6.96
24897.0 6.96 6.961
24792.0 6.961 6.966
24939.0 6.966 6.954
24855.0 6.954 6.962
24981.0 6.962 6.955
24876.0 6.955 6.959
24918.0 6.959 6.956
24813.0 6.956 6.965
24855.0 6.965 6.959
24939.0 6.959 6.958
24834.0 6.958 6.964
25044.0 6.964 6.951
25023.0 6.951 6.954
24624.0 6.954 6.976
24834.0 6.976 6.958
24792.0 6.958 6.961
24918.0 6.961 6.951
24813.0 6.951 6.959
24918.0 6.959 6.953
24981.0 6.953 6.951
24918.0 6.951 6.955
24855.0 6.955 6.956
24897.0 6.956 6.953
24939.0 6.953 6.951
24897.0 6.951 6.954
24750.0 6.954 6.966
24960.0 6.966 6.954
24960.0 6.954 6.959
25002.0 6.959 6.958
24876.0 6.958 6.963
24750.0 6.963 6.969
25065.0 6.969 6.946
24897.0 6.946 6.962
24897.0 6.962 6.96
24960.0 6.96 6.956
24939.0 6.956 6.953
24897.0 6.953 6.959
24855.0 6.959 6.963
24834.0 6.963 6.963
24981.0 6.963 6.953
25044.0 6.953 6.954
24981.0 6.954 6.959
24939.0 6.959 6.96
24897.0 6.96 6.963
24960.0 6.963 6.956
24939.0 6.956 6.958
24981.0 6.958 6.956
24939.0 6.956 6.958
24897.0 6.958 6.957
24939.0 6.957 6.959
24729.0 6.959 6.97
24939.0 6.97 6.954
24876.0 6.954 6.959
24918.0 6.959 6.956
24897.0 6.956 6.957
24939.0 6.957 6.951
24981.0 6.951 6.952
24834.0 6.952 6.961
25023.0 6.961 6.948
24918.0 6.948 6.956
25023.0 6.956 6.946
24813.0 6.946 6.962
24897.0 6.962 6.951
24960.0 6.951 6.951
24813.0 6.951 6.958
25002.0 6.958 6.941
24876.0 6.941 6.952
24771.0 6.952 6.954
25044.0 6.954 6.939
24834.0 6.939 6.955
24813.0 6.955 6.954
25023.0 6.954 6.941
25065.0 6.941 6.941
24876.0 6.941 6.949
25023.0 6.949 6.94
24876.0 6.94 6.951
24771.0 6.951 6.954
24876.0 6.954 6.948
24918.0 6.948 6.947
25023.0 6.947 6.941
24771.0 6.941 6.956
24834.0 6.956 6.95
24960.0 6.95 6.942
24897.0 6.942 6.949
24981.0 6.949 6.941
24918.0 6.941 6.948
24897.0 6.948 6.949
24750.0 6.949 6.955
25107.0 6.955 6.934
24813.0 6.934 6.956
24855.0 6.956 6.951
24813.0 6.951 6.954
24750.0 6.954 6.955
24876.0 6.955 6.951
24918.0 6.951 6.951
24855.0 6.951 6.955
24792.0 6.955 6.956
24750.0 6.956 6.957
24960.0 6.957 6.946
24750.0 6.946 6.961
25002.0 6.961 6.943
24729.0 6.943 6.958
24813.0 6.958 6.952
24939.0 6.952 6.945
24792.0 6.945 6.955
25128.0 6.955 6.934
25002.0 6.934 6.947
24708.0 6.947 6.961
24876.0 6.961 6.948
24939.0 6.948 6.946
25044.0 6.946 6.944
24876.0 6.944 6.955
24708.0 6.955 6.961
24918.0 6.961 6.947
24813.0 6.947 6.954
24897.0 6.954 6.95
24855.0 6.95 6.953
24876.0 6.953 6.949
24729.0 6.949 6.959
24834.0 6.959 6.948
25149.0 6.948 6.932
24918.0 6.932 6.952
24792.0 6.952 6.955
24897.0 6.955 6.947
24771.0 6.947 6.955
24855.0 6.955 6.947
24897.0 6.947 6.946
24981.0 6.946 6.946
24813.0 6.946 6.955
24897.0 6.955 6.946
24855.0 6.946 6.95
24771.0 6.95 6.952
24960.0 6.952 6.941
24645.0 6.941 6.961
24960.0 6.961 6.939
24939.0 6.939 6.944
24750.0 6.944 6.952
24582.0 6.952 6.959
24855.0 6.959 6.94
24918.0 6.94 6.94
24897.0 6.94 6.941
25044.0 6.941 6.932
24687.0 6.932 6.953
25065.0 6.953 6.924
24750.0 6.924 6.945
24750.0 6.945 6.941
24834.0 6.941 6.94
24897.0 6.94 6.938
24876.0 6.938 6.942
25023.0 6.942 6.93
24918.0 6.93 6.942
24939.0 6.942 6.939
24939.0 6.939 6.941
24834.0 6.941 6.945
24729.0 6.945 6.95
24813.0 6.95 6.943
24834.0 6.943 6.944
24834.0 6.944 6.944
25002.0 6.944 6.935
24918.0 6.935 6.941
23532.0 6.941 7.015
21872.0 7.015 7.069
20500.0 7.069 7.105
19402.0 7.105 7.126
18341.0 7.126 7.157
17693.0 7.157 7.166
16709.0 7.166 7.202
16343.0 7.202 7.205
15643.0 7.205 7.228
15111.0 7.228 7.241
14627.0 7.241 7.255
14085.0 7.255 7.27
13905.0 7.27 7.266
13485.0 7.266 7.281
13065.0 7.281 7.293
12837.0 7.293 7.296
12297.0 7.296 7.318
12170.0 7.318 7.312
11908.0 7.312 7.322
11467.0 7.322 7.337
11529.0 7.337 7.323
11216.0 7.323 7.338
10942.0 7.338 7.347
10772.0 7.347 7.349
10790.0 7.349 7.344
10472.0 7.344 7.36
10312.0 7.36 7.362
10153.0 7.362 7.364
9910.0 7.364 7.374
9919.0 7.374 7.37
9442.0 7.37 7.397
8704.0 7.397 7.426
7296.0 7.426 7.488
5301.0 7.488 7.565
4176.0 7.565 10.53
4257.0 10.53 12.637
4538.0 12.637 15.164
5742.0 15.164 11.985
8351.0 11.985 11.789
9983.0 11.789 11.754
11719.0 11.754 11.679
13373.0 11.679 11.602
15176.0 11.602 11.508
17276.0 11.508 11.403
19400.0 11.403 11.301
21512.0 11.301 11.212
23537.0 11.212 11.123
25901.0 11.123 11.008
28148.0 11.008 10.909
30009.0 10.909 10.838
31995.0 10.838 10.753
33633.0 10.753 10.704
35242.0 10.704 10.636
36613.0 10.636 10.591
38019.0 10.591 10.535
38991.0 10.535 10.508
40062.0 10.508 10.462
40904.0 10.462 10.438
38975.0 10.438 10.638
36462.0 10.638 10.786
34882.0 10.786 10.807
33835.0 10.807 10.823
32735.0 10.823 10.874
31811.0 10.874 10.906
30991.0 10.906 10.939
30421.0 10.939 10.951
29865.0 10.951 10.974
29196.0 10.974 11.007
29038.0 11.007 10.995
28704.0 10.995 11.01
28332.0 11.01 11.027
28177.0 11.027 11.026
27807.0 11.026 11.048
27521.0 11.048 11.057
27309.0 11.057 11.064
27189.0 11.064 11.07
27105.0 11.07 11.07
26853.0 11.07 11.083
26685.0 11.083 11.092
26721.0 11.092 11.08
26709.0 11.08 11.082
26493.0 11.082 11.1
26535.0 11.1 11.085
26276.0 11.085 11.113
26402.0 11.113 11.091
26262.0 11.091 11.106
26255.0 11.106 11.106
26199.0 11.106 11.106
26059.0 11.106 11.115
26087.0 11.115 11.111
26031.0 11.111 11.115
26143.0 11.115 11.104
25919.0 11.104 11.126
26115.0 11.126 11.103
25842.0 11.103 11.134
25954.0 11.134 11.116
24120.0 11.116 11.28
22512.0 11.28 11.344
20828.0 11.344 11.425
19820.0 11.425 11.444
19019.0 11.444 11.465
18059.0 11.465 11.51
17131.0 11.51 11.55
16567.0 11.55 11.564
15966.0 11.564 11.59
15278.0 11.59 11.631
14690.0 11.631 11.661
14396.0 11.661 11.666
13860.0 11.666 11.696
13492.0 11.696 11.705
13214.0 11.705 11.71
12703.0 11.71 11.741
12493.0 11.741 11.74
12319.0 11.74 11.751
11893.0 11.751 11.779
11699.0 11.779 11.78
11522.0 11.78 11.787
11177.0 11.787 11.81
10977.0 11.81 11.816
11045.0 11.816 11.8
10541.0 11.8 11.847
10484.0 11.847 11.834
10205.0 11.834 11.854
10094.0 11.854 11.853
9914.0 11.853 11.859
9858.0 11.859 11.863
9634.0 11.863 11.878
9662.0 11.878 11.865
9536.0 11.865 11.877
9494.0 11.877 11.872
9368.0 11.872 11.882
9158.0 11.882 11.897
9168.0 11.897 11.887
9094.0 11.887 11.888
8936.0 11.888 11.897
8694.0 11.897 11.914
8788.0 11.914 11.907
8727.0 11.907 11.902
8666.0 11.902 11.907
8521.0 11.907 11.921
8544.0 11.921 11.914
8580.0 11.914 11.907
8435.0 11.907 11.923
8243.0 11.923 11.934
8399.0 11.934 11.909
8315.0 11.909 11.912
8291.0 11.912 11.905
8183.0 11.905 11.913
7991.0 11.913 11.931
7127.0 11.931 11.994
6395.0 11.994 12.026
6075.0 12.026 12.021
5721.0 12.021 12.038
5115.0 12.038 12.076
4883.0 12.076 16.881
4610.0 16.881 20.258
5910.0 20.258 15.995
8727.0 15.995 15.711
10587.0 15.711 15.659
12363.0 15.659 15.554
14498.0 15.554 15.402
16889.0 15.402 15.234
19221.0 15.234 15.094
21839.0 15.094 14.924
24595.0 14.924 14.752
27411.0 14.752 14.58
30027.0 14.58 14.438
32595.0 14.438 14.293
33015.0 14.293 14.391
32343.0 14.391 14.503
31811.0 14.503 14.528
31637.0 14.528 14.518
29838.0 14.518 14.711
27094.0 14.711 14.94
24994.0 14.94 15.023
23341.0 15.023 15.087
21913.0 15.087 15.166
20973.0 15.166 15.187
19799.0 15.187 15.268
18935.0 15.268 15.306
17976.0 15.306 15.363
17265.0 15.363 15.395
16665.0 15.395 15.421
16141.0 15.421 15.446
15775.0 15.446 15.458
15229.0 15.458 15.496
14725.0 15.496 15.531
14249.0 15.531 15.554
13784.0 15.554 15.588
13442.0 15.588 15.603
13189.0 15.603 15.615
12852.0 15.615 15.642
12636.0 15.642 15.641
12360.0 15.641 15.662
12288.0 15.662 15.658
11987.0 15.658 15.68
10846.0 15.68 15.81
9964.0 15.81 15.858
9142.0 15.858 15.899
8386.0 15.899 15.944
7702.0 15.944 15.982
7243.0 15.982 15.991
6739.0 15.991 16.02
6175.0 16.02 16.056
5815.0 16.056 16.072
5467.0 16.072 16.088
5152.0 16.088 16.1
4606.0 16.1 22.514
4930.0 22.514 27.016
6820.0 27.016 21.205
10204.0 21.205 20.778
12876.0 20.778 20.628
15508.0 20.628 20.411
18530.0 20.411 20.134
22037.0 20.134 19.823
25114.0 19.823 19.606
27196.0 19.606 19.527
29244.0 19.527 19.369
31200.0 19.369 19.228
32904.0 19.228 19.117
34671.0 19.117 18.986
36036.0 18.986 18.909
37344.0 18.909 18.82
38604.0 18.82 18.73
39612.0 18.73 18.672
40496.0 18.672 18.614
41228.0 18.614 18.572
41888.0 18.572 18.534
42506.0 18.534 18.488
42912.0 18.488 18.469
43440.0 18.469 18.423
43668.0 18.423 18.428
43800.0 18.428 18.429
40740.0 18.429 18.888
38282.0 18.888 19.083
36632.0 19.083 19.138
35226.0 19.138 19.213
34470.0 19.213 19.216
33389.0 19.216 19.311
32598.0 19.311 19.353
31911.0 19.353 19.395
31399.0 19.395 19.42
30892.0 19.42 19.454
30232.0 19.454 19.517
30092.0 19.517 19.493
29756.0 19.493 19.527
29279.0 19.527 19.573
29051.0 19.573 19.578
28807.0 19.578 19.595
27482.0 19.595 19.782
23838.0 19.782 20.282
20758.0 20.282 20.495
18522.0 20.495 20.6
16782.0 20.6 20.692
15176.0 20.692 20.801
13784.0 20.801 20.893
12580.0 20.893 20.981
11580.0 20.981 21.048
10674.0 21.048 21.113
9927.0 21.113 21.164
9251.0 21.164 21.209
8579.0 21.209 21.259
8055.0 21.259 21.29
7614.0 21.29 21.315
7002.0 21.315 21.378
6594.0 21.378 21.407
6263.0 21.407 21.424
5923.0 21.424 21.448
5499.0 21.448 21.49
5205.0 21.49 21.502
4911.0 21.502 30.078
4687.0 30.078 39.081
5807.0 39.081 30.915
9047.0 30.915 30.24
12197.0 30.24 29.862
14957.0 29.862 29.61
18377.0 29.61 29.13
22112.0 29.13 28.647
26410.0 28.647 28.099
30862.0 28.099 27.57
35410.0 27.57 27.056
37210.0 27.056 27.158
38494.0 27.158 27.19
39914.0 27.19 27.036
41336.0 27.036 26.873
42512.0 26.873 26.778
43488.0 26.778 26.703
44307.0 26.703 26.64
43767.0 26.64 26.849
42124.0 26.849 27.212
40894.0 27.212 27.332
40126.0 27.332 27.346
39520.0 27.346 27.375
39100.0 27.375 27.395
38708.0 27.395 27.426
38288.0 27.426 27.472
37840.0 27.472 27.525
37572.0 27.525 27.539
37398.0 27.539 27.539
37224.0 27.539 27.559
37104.0 27.559 27.565
36900.0 27.565 27.593
36750.0 27.593 27.609
36600.0 27.609 27.62
36456.0 27.62 27.634
36480.0 27.634 27.614
36336.0 27.614 27.64
36360.0 27.64 27.629
36384.0 27.629 27.622
36324.0 27.622 27.639
36180.0 27.639 27.665
36173.0 27.665 27.652
36166.0 27.652 27.647
36159.0 27.647 27.648
36152.0 27.648 27.653
36145.0 27.653 27.653
36138.0 27.653 27.653
36131.0 27.653 27.653
36208.0 27.653 27.635
36201.0 27.635 27.645
36194.0 27.645 27.645
36187.0 27.645 27.645
36180.0 27.645 27.649
36173.0 27.649 27.644
36166.0 27.644 27.649
36159.0 27.649 27.649
36152.0 27.649 27.649
36145.0 27.649 27.655
36138.0 27.655 27.655
36215.0 27.655 27.636
36292.0 27.636 27.626
36285.0 27.626 27.631
36194.0 27.631 27.649
36271.0 27.649 27.626
36264.0 27.626 27.63
36257.0 27.63 27.636
36250.0 27.636 27.64
36243.0 27.64 27.64
36236.0 27.64 27.64
36229.0 27.64 27.64
36222.0 27.64 27.64
36215.0 27.64 27.639
36208.0 27.639 27.645
36201.0 27.645 27.645
36194.0 27.645 27.644
36187.0 27.644 27.644
36180.0 27.644 27.645
36173.0 27.645 27.645
36250.0 27.645 27.626
36243.0 27.626 27.636
36236.0 27.636 27.637
36229.0 27.637 27.637
36222.0 27.637 27.641
36215.0 27.641 27.641
36124.0 27.641 27.66
36201.0 27.66 27.636
36194.0 27.636 27.641
36187.0 27.641 27.646
36180.0 27.646 27.646
36173.0 27.646 27.646
36166.0 27.646 27.646
36159.0 27.646 27.651
36152.0 27.651 27.651
36145.0 27.651 27.655
36138.0 27.655 27.655
36131.0 27.655 27.655
36124.0 27.655 27.655
36117.0 27.655 27.655
36110.0 27.655 27.655
36103.0 27.655 27.66
36096.0 27.66 27.66
36173.0 27.66 27.641
36166.0 27.641 27.646
36159.0 27.646 27.646
36152.0 27.646 27.652
36145.0 27.652 27.653
36138.0 27.653 27.653
36131.0 27.653 27.652
36124.0 27.652 27.658
36201.0 27.658 27.634
36194.0 27.634 27.648
36103.0 27.648 27.662
36096.0 27.662 27.657
36089.0 27.657 27.658
36166.0 27.658 27.64
36159.0 27.64 27.65
36152.0 27.65 27.646
36145.0 27.646 27.646
36138.0 27.646 27.652
36131.0 27.652 27.653
36124.0 27.653 27.652
36117.0 27.652 27.658
36110.0 27.658 27.658
36103.0 27.658 27.662
36096.0 27.662 27.662
36089.0 27.662 27.662
36082.0 27.662 27.662
36075.0 27.662 27.661
36152.0 27.661 27.643
36145.0 27.643 27.653
36222.0 27.653 27.63
36215.0 27.63 27.635
36208.0 27.635 27.64
36201.0 27.64 27.641
36194.0 27.641 27.641
36187.0 27.641 27.646
36180.0 27.646 27.646
36173.0 27.646 27.646
36250.0 27.646 27.627
36243.0 27.627 27.633
36236.0 27.633 27.634
36229.0 27.634 27.639
36222.0 27.639 27.644
36215.0 27.644 27.643
36208.0 27.643 27.643
36201.0 27.643 27.643
36194.0 27.643 27.643
36187.0 27.643 27.643
36180.0 27.643 27.648
36173.0 27.648 27.648
36166.0 27.648 27.648
36243.0 27.648 27.629
36236.0 27.629 27.639
36229.0 27.639 27.639
36222.0 27.639 27.639
36215.0 27.639 27.643
36208.0 27.643 27.638
36201.0 27.638 27.638
36194.0 27.638 27.644
36187.0 27.644 27.649
36180.0 27.649 27.649
36173.0 27.649 27.649
36166.0 27.649 27.649
36159.0 27.649 27.649
36152.0 27.649 27.648
36229.0 27.648 27.635
36138.0 27.635 27.658
36215.0 27.658 27.635
36208.0 27.635 27.639
36201.0 27.639 27.645
36194.0 27.645 27.649
36187.0 27.649 27.649
36180.0 27.649 27.649
36173.0 27.649 27.649
36166.0 27.649 27.649
36159.0 27.649 27.648
36152.0 27.648 27.654
36145.0 27.654 27.649
36222.0 27.649 27.63
36215.0 27.63 27.64
36208.0 27.64 27.641
36117.0 27.641 27.664
36110.0 27.664 27.659
36103.0 27.659 27.659
36096.0 27.659 27.659
36089.0 27.659 27.659
36166.0 27.659 27.64
36243.0 27.64 27.632
36236.0 27.632 27.637
36229.0 27.637 27.637
36222.0 27.637 27.637
36215.0 27.637 27.642
36208.0 27.642 27.642
36201.0 27.642 27.642
36194.0 27.642 27.642
36271.0 27.642 27.624
36264.0 27.624 27.634
36257.0 27.634 27.634
36250.0 27.634 27.638
36243.0 27.638 27.638
36236.0 27.638 27.638
36229.0 27.638 27.638
36222.0 27.638 27.638
36215.0 27.638 27.638
36208.0 27.638 27.643
36201.0 27.643 27.643
36194.0 27.643 27.643
36187.0 27.643 27.643
36180.0 27.643 27.648
36173.0 27.648 27.648
36166.0 27.648 27.652
36159.0 27.652 27.652
36152.0 27.652 27.652
36145.0 27.652 27.652
36138.0 27.652 27.652
36131.0 27.652 27.651
36208.0 27.651 27.638
36201.0 27.638 27.638
36194.0 27.638 27.638
36187.0 27.638 27.643
36180.0 27.643 27.649
36173.0 27.649 27.649
36166.0 27.649 27.649
36159.0 27.649 27.648
36152.0 27.648 27.648
36145.0 27.648 27.648
36138.0 27.648 27.654
36131.0 27.654 27.654
36124.0 27.654 27.654
36117.0 27.654 27.654
36110.0 27.654 27.654
36187.0 27.654 27.641
36096.0 27.641 27.665
36173.0 27.665 27.641
36166.0 27.641 27.646
36159.0 27.646 27.647
36152.0 27.647 27.652
36145.0 27.652 27.652
36138.0 27.652 27.656
36131.0 27.656 27.656
36124.0 27.656 27.656
36117.0 27.656 27.656
36110.0 27.656 27.656
36103.0 27.656 27.661
36180.0 27.661 27.642
36173.0 27.642 27.647
36250.0 27.647 27.628
36243.0 27.628 27.634
36236.0 27.634 27.634
36229.0 27.634 27.64
36222.0 27.64 27.64
36215.0 27.64 27.644
36208.0 27.644 27.644
36201.0 27.644 27.644
36194.0 27.644 27.644
36187.0 27.644 27.644
36264.0 27.644 27.63
36173.0 27.63 27.653
36250.0 27.653 27.63
36243.0 27.63 27.635
36236.0 27.635 27.635
36229.0 27.635 27.636
36222.0 27.636 27.642
36131.0 27.642 27.665
36124.0 27.665 27.655
36201.0 27.655 27.636
36194.0 27.636 27.642
36187.0 27.642 27.643
36180.0 27.643 27.643
36173.0 27.643 27.643
36166.0 27.643 27.649
36159.0 27.649 27.65
36236.0 27.65 27.631
36229.0 27.631 27.64
36222.0 27.64 27.64
36215.0 27.64 27.64
36208.0 27.64 27.64
36201.0 27.64 27.64
36194.0 27.64 27.641
36187.0 27.641 27.647
36180.0 27.647 27.651
36173.0 27.651 27.651
36166.0 27.651 27.651
36159.0 27.651 27.651
36152.0 27.651 27.65
36145.0 27.65 27.65
36138.0 27.65 27.65
36215.0 27.65 27.631
36208.0 27.631 27.641
36201.0 27.641 27.642
36194.0 27.642 27.642
36187.0 27.642 27.647
36180.0 27.647 27.646
36173.0 27.646 27.646
36166.0 27.646 27.646
36159.0 27.646 27.651
36152.0 27.651 27.65
36145.0 27.65 27.65
36138.0 27.65 27.65
36131.0 27.65 27.651
36208.0 27.651 27.633
36201.0 27.633 27.643
36194.0 27.643 27.644
36187.0 27.644 27.648
36180.0 27.648 27.648
36089.0 27.648 27.667
36082.0 27.667 27.662
36159.0 27.662 27.643
36152.0 27.643 27.648
36145.0 27.648 27.653
36138.0 27.653 27.653
36131.0 27.653 27.653
36124.0 27.653 27.653
36117.0 27.653 27.653
36194.0 27.653 27.64
36271.0 27.64 27.626
36264.0 27.626 27.631
36257.0 27.631 27.636
36250.0 27.636 27.636
36243.0 27.636 27.636
36236.0 27.636 27.64
36229.0 27.64 27.64
36222.0 27.64 27.64
36215.0 27.64 27.64
36208.0 27.64 27.639
36201.0 27.639 27.639
36194.0 27.639 27.639
36187.0 27.639 27.645
36180.0 27.645 27.645
36173.0 27.645 27.645
36166.0 27.645 27.65
36159.0 27.65 27.65
36152.0 27.65 27.649
36145.0 27.649 27.649
36222.0 27.649 27.631
36215.0 27.631 27.637
36208.0 27.637 27.642
36201.0 27.642 27.647
36194.0 27.647 27.647
36187.0 27.647 27.647
36180.0 27.647 27.646
36173.0 27.646 27.646
36166.0 27.646 27.646
36159.0 27.646 27.651
36152.0 27.651 27.651
36145.0 27.651 27.651
36222.0 27.651 27.632
36215.0 27.632 27.638
36208.0 27.638 27.643
36201.0 27.643 27.643
36194.0 27.643 27.643
36187.0 27.643 27.643
36180.0 27.643 27.648
36173.0 27.648 27.648
36166.0 27.648 27.652
36159.0 27.652 27.652
36152.0 27.652 27.652
36145.0 27.652 27.652
36138.0 27.652 27.652
36131.0 27.652 27.652
36124.0 27.652 27.651
36117.0 27.651 27.657
36110.0 27.657 27.658
36103.0 27.658 27.658
36096.0 27.658 27.662
36089.0 27.662 27.662
36082.0 27.662 27.662
36075.0 27.662 27.662
36068.0 27.662 27.661
36061.0 27.661 27.661
36138.0 27.661 27.648
36131.0 27.648 27.649
36208.0 27.649 27.63
36201.0 27.63 27.64
36194.0 27.64 27.641
36187.0 27.641 27.641
36180.0 27.641 27.646
36257.0 27.646 27.624
36250.0 27.624 27.633
36243.0 27.633 27.634
36236.0 27.634 27.634
36229.0 27.634 27.639
36222.0 27.639 27.639
36215.0 27.639 27.639
36208.0 27.639 27.644
36201.0 27.644 27.644
36194.0 27.644 27.649
36187.0 27.649 27.649
36180.0 27.649 27.648
36173.0 27.648 27.648
36166.0 27.648 27.648
36159.0 27.648 27.648
36152.0 27.648 27.648
36145.0 27.648 27.652
36138.0 27.652 27.653
36131.0 27.653 27.653
36208.0 27.653 27.634
36201.0 27.634 27.64
36194.0 27.64 27.64
36187.0 27.64 27.646
36180.0 27.646 27.646
36173.0 27.646 27.65
36166.0 27.65 27.65
36159.0 27.65 27.65
36152.0 27.65 27.65
36145.0 27.65 27.649
36138.0 27.649 27.649
36131.0 27.649 27.655
36124.0 27.655 27.656
36117.0 27.656 27.655
36194.0 27.655 27.637
36187.0 27.637 27.642
36180.0 27.642 27.643
36173.0 27.643 27.648
36166.0 27.648 27.653
36159.0 27.653 27.653
36152.0 27.653 27.653
36145.0 27.653 27.652
36138.0 27.652 27.652
36131.0 27.652 27.652
36124.0 27.652 27.652
36117.0 27.652 27.657
36110.0 27.657 27.658
36187.0 27.658 27.639
36180.0 27.639 27.649
36173.0 27.649 27.648
36166.0 27.648 27.648
36159.0 27.648 27.648
36152.0 27.648 27.649
36229.0 27.649 27.631
36222.0 27.631 27.641
36215.0 27.641 27.646
36208.0 27.646 27.645
36201.0 27.645 27.645
36194.0 27.645 27.645
36187.0 27.645 27.645
36180.0 27.645 27.645
36173.0 27.645 27.645
36250.0 27.645 27.626
36243.0 27.626 27.636
36236.0 27.636 27.637
36229.0 27.637 27.637
36222.0 27.637 27.641
36215.0 27.641 27.641
36208.0 27.641 27.641
36201.0 27.641 27.641
36194.0 27.641 27.645
36187.0 27.645 27.645
36180.0 27.645 27.645
36173.0 27.645 27.644
36166.0 27.644 27.644
36159.0 27.644 27.645
36152.0 27.645 27.651
36145.0 27.651 27.651
36138.0 27.651 27.651
36215.0 27.651 27.633
36208.0 27.633 27.643
36201.0 27.643 27.642
36194.0 27.642 27.647
36187.0 27.647 27.647
36180.0 27.647 27.647
36173.0 27.647 27.646
36166.0 27.646 27.646
36159.0 27.646 27.646
36152.0 27.646 27.652
36145.0 27.652 27.651
36138.0 27.651 27.651
36131.0 27.651 27.651
36208.0 27.651 27.633
36201.0 27.633 27.639
36194.0 27.639 27.644
36187.0 27.644 27.65
36180.0 27.65 27.65
36173.0 27.65 27.649
36166.0 27.649 27.649
36159.0 27.649 27.649
36152.0 27.649 27.649
36145.0 27.649 27.649
36138.0 27.649 27.649
36131.0 27.649 27.654
36124.0 27.654 27.65
36117.0 27.65 27.655
36110.0 27.655 27.655
36187.0 27.655 27.637
36180.0 27.637 27.647
36173.0 27.647 27.648
36250.0 27.648 27.629
36243.0 27.629 27.633
36236.0 27.633 27.638
36229.0 27.638 27.638
36222.0 27.638 27.637
36215.0 27.637 27.637
36208.0 27.637 27.643
36201.0 27.643 27.638
36194.0 27.638 27.642
36187.0 27.642 27.643
36264.0 27.643 27.625
36257.0 27.625 27.635
36250.0 27.635 27.634
36243.0 27.634 27.634
36236.0 27.634 27.639
36229.0 27.639 27.638
36222.0 27.638 27.638
36215.0 27.638 27.638
36208.0 27.638 27.643
36201.0 27.643 27.642
36194.0 27.642 27.642
36187.0 27.642 27.642
36180.0 27.642 27.648
36173.0 27.648 27.647
36250.0 27.647 27.633
36159.0 27.633 27.656
36152.0 27.656 27.651
36229.0 27.651 27.633
36222.0 27.633 27.637
36215.0 27.637 27.638
36208.0 27.638 27.643
36201.0 27.643 27.643
36194.0 27.643 27.643
36187.0 27.643 27.643
36180.0 27.643 27.643
36173.0 27.643 27.648
36166.0 27.648 27.653
36159.0 27.653 27.652
36152.0 27.652 27.652
36145.0 27.652 27.652
36138.0 27.652 27.652
36131.0 27.652 27.652
36208.0 27.652 27.633
36201.0 27.633 27.643
36194.0 27.643 27.644
36187.0 27.644 27.644
36180.0 27.644 27.648
36089.0 27.648 27.667
36082.0 27.667 27.662
36075.0 27.662 27.662
36068.0 27.662 27.662
36145.0 27.662 27.643
36138.0 27.643 27.653
36131.0 27.653 27.649
36124.0 27.649 27.654
36117.0 27.654 27.654
36110.0 27.654 27.654
36103.0 27.654 27.654
36180.0 27.654 27.641
36173.0 27.641 27.646
36166.0 27.646 27.646
36243.0 27.646 27.628
36236.0 27.628 27.638
36229.0 27.638 27.637
36222.0 27.637 27.642
36215.0 27.642 27.642
36208.0 27.642 27.642
36201.0 27.642 27.641
36194.0 27.641 27.641
36187.0 27.641 27.641
36180.0 27.641 27.647
36173.0 27.647 27.643
36166.0 27.643 27.643
36159.0 27.643 27.648
36152.0 27.648 27.649
36229.0 27.649 27.63
36222.0 27.63 27.64
36215.0 27.64 27.64
36208.0 27.64 27.644
36201.0 27.644 27.644
36194.0 27.644 27.644
36187.0 27.644 27.644
36180.0 27.644 27.644
36173.0 27.644 27.644
36166.0 27.644 27.649
36159.0 27.649 27.644
36152.0 27.644 27.649
36145.0 27.649 27.65
36222.0 27.65 27.631
36215.0 27.631 27.641
36208.0 27.641 27.642
36201.0 27.642 27.642
36194.0 27.642 27.641
36187.0 27.641 27.646
36180.0 27.646 27.646
36173.0 27.646 27.646
36166.0 27.646 27.645
36159.0 27.645 27.651
36152.0 27.651 27.646
36145.0 27.646 27.65
36138.0 27.65 27.651
36215.0 27.651 27.633
36208.0 27.633 27.643
36201.0 27.643 27.642
36194.0 27.642 27.642
36187.0 27.642 27.647
36180.0 27.647 27.647
36173.0 27.647 27.646
36166.0 27.646 27.646
36159.0 27.646 27.652
36152.0 27.652 27.651
36145.0 27.651 27.656
36138.0 27.656 27.656
36131.0 27.656 27.656
36124.0 27.656 27.655
36201.0 27.655 27.637
36194.0 27.637 27.641
36187.0 27.641 27.647
36180.0 27.647 27.646
36173.0 27.646 27.646
36250.0 27.646 27.632
36243.0 27.632 27.637
36152.0 27.637 27.655
36145.0 27.655 27.65
36222.0 27.65 27.631
36215.0 27.631 27.641
36208.0 27.641 27.637
36201.0 27.637 27.641
36194.0 27.641 27.642
36187.0 27.642 27.642
36180.0 27.642 27.642
36173.0 27.642 27.647
36166.0 27.647 27.648
36159.0 27.648 27.648
36152.0 27.648 27.648
36145.0 27.648 27.647
36222.0 27.647 27.634
36215.0 27.634 27.635
36208.0 27.635 27.64
36201.0 27.64 27.641
36194.0 27.641 27.64
36187.0 27.64 27.646
36180.0 27.646 27.646
36173.0 27.646 27.645
36166.0 27.645 27.65
36159.0 27.65 27.65
36152.0 27.65 27.65
36145.0 27.65 27.649
36222.0 27.649 27.631
36215.0 27.631 27.641
36208.0 27.641 27.642
36201.0 27.642 27.646
36194.0 27.646 27.646
36103.0 27.646 27.664
36096.0 27.664 27.659
36089.0 27.659 27.659
36082.0 27.659 27.659
36159.0 27.659 27.64
36152.0 27.64 27.651
36145.0 27.651 27.647
36138.0 27.647 27.647
36131.0 27.647 27.652
36124.0 27.652 27.657
36117.0 27.657 27.657
36110.0 27.657 27.657
36103.0 27.657 27.657
36096.0 27.657 27.657
36089.0 27.657 27.657
36082.0 27.657 27.662
36075.0 27.662 27.663
36068.0 27.663 27.663
36061.0 27.663 27.663
36222.0 27.663 27.63
36215.0 27.63 27.635
36208.0 27.635 27.635
36201.0 27.635 27.641
36194.0 27.641 27.642
36187.0 27.642 27.641
36180.0 27.641 27.647
36173.0 27.647 27.647
36166.0 27.647 27.651
36159.0 27.651 27.651
36152.0 27.651 27.651
36145.0 27.651 27.651
36138.0 27.651 27.65
36215.0 27.65 27.632
36208.0 27.632 27.642
36201.0 27.642 27.638
36194.0 27.638 27.638
36187.0 27.638 27.643
36180.0 27.643 27.644
36173.0 27.644 27.644
36166.0 27.644 27.648
36159.0 27.648 27.649
36152.0 27.649 27.649
36145.0 27.649 27.649
36222.0 27.649 27.636
36215.0 27.636 27.636
36208.0 27.636 27.64
36201.0 27.64 27.641
36194.0 27.641 27.641
36187.0 27.641 27.641
36180.0 27.641 27.646
36173.0 27.646 27.647
36166.0 27.647 27.647
36159.0 27.647 27.651
36152.0 27.651 27.651
36145.0 27.651 27.651
36222.0 27.651 27.632
36215.0 27.632 27.642
36208.0 27.642 27.642
36201.0 27.642 27.642
36194.0 27.642 27.646
36103.0 27.646 27.665
36096.0 27.665 27.66
36173.0 27.66 27.641
36166.0 27.641 27.646
36159.0 27.646 27.646
36152.0 27.646 27.647
36145.0 27.647 27.653
36138.0 27.653 27.652
36131.0 27.652 27.652
36124.0 27.652 27.657
36117.0 27.657 27.657
36194.0 27.657 27.638
36187.0 27.638 27.642
36180.0 27.642 27.648
36173.0 27.648 27.652
36166.0 27.652 27.652
36159.0 27.652 27.652
36236.0 27.652 27.633
36229.0 27.633 27.638
36222.0 27.638 27.637
36215.0 27.637 27.637
36208.0 27.637 27.637
36201.0 27.637 27.643
36194.0 27.643 27.639
36187.0 27.639 27.643
36180.0 27.643 27.644
36257.0 27.644 27.625
36250.0 27.625 27.635
36243.0 27.635 27.635
36236.0 27.635 27.635
36229.0 27.635 27.635
36222.0 27.635 27.639
36215.0 27.639 27.64
36208.0 27.64 27.64
36201.0 27.64 27.64
36194.0 27.64 27.64
36187.0 27.64 27.645
36180.0 27.645 27.646
36173.0 27.646 27.646
36166.0 27.646 27.646
36243.0 27.646 27.628
36236.0 27.628 27.638
36229.0 27.638 27.638
36222.0 27.638 27.642
36215.0 27.642 27.642
36208.0 27.642 27.642
36117.0 27.642 27.66
36194.0 27.66 27.637
36187.0 27.637 27.641
36180.0 27.641 27.647
36173.0 27.647 27.647
36166.0 27.647 27.647
36159.0 27.647 27.646
36152.0 27.646 27.651
36145.0 27.651 27.652
36138.0 27.652 27.651
36131.0 27.651 27.651
36124.0 27.651 27.651
36117.0 27.651 27.652
36194.0 27.652 27.634
36187.0 27.634 27.644
36180.0 27.644 27.65
36173.0 27.65 27.65
36166.0 27.65 27.649
36159.0 27.649 27.649
36152.0 27.649 27.649
36145.0 27.649 27.649
36138.0 27.649 27.649
36131.0 27.649 27.654
36124.0 27.654 27.65
36117.0 27.65 27.65
36110.0 27.65 27.656
36187.0 27.656 27.638
36180.0 27.638 27.647
36257.0 27.647 27.628
36250.0 27.628 27.633
36243.0 27.633 27.633
36236.0 27.633 27.633
36229.0 27.633 27.638
36222.0 27.638 27.639
36215.0 27.639 27.643
36208.0 27.643 27.643
36201.0 27.643 27.643
36194.0 27.643 27.643
36187.0 27.643 27.643
36180.0 27.643 27.642
36173.0 27.642 27.648
36166.0 27.648 27.643
36159.0 27.643 27.643
36236.0 27.643 27.63
36229.0 27.63 27.635
36222.0 27.635 27.64
36215.0 27.64 27.64
36208.0 27.64 27.639
36201.0 27.639 27.639
36194.0 27.639 27.645
36187.0 27.645 27.649
36180.0 27.649 27.649
36173.0 27.649 27.649
36166.0 27.649 27.649
36159.0 27.649 27.648
36152.0 27.648 27.648
36145.0 27.648 27.654
36138.0 27.654 27.649
36215.0 27.649 27.63
36208.0 27.63 27.64
36201.0 27.64 27.641
36194.0 27.641 27.646
36187.0 27.646 27.645
36180.0 27.645 27.645
36173.0 27.645 27.645
36166.0 27.645 27.645
36159.0 27.645 27.646
36152.0 27.646 27.651
36145.0 27.651 27.652
36138.0 27.652 27.652
36131.0 27.652 27.652
36124.0 27.652 27.656
36117.0 27.656 27.651
36194.0 27.651 27.637
36187.0 27.637 27.643
36180.0 27.643 27.642
36173.0 27.642 27.642
36166.0 27.642 27.648
36159.0 27.648 27.649
36152.0 27.649 27.653
36145.0 27.653 27.653
36138.0 27.653 27.653
36131.0 27.653 27.653
36124.0 27.653 27.652
36117.0 27.652 27.653
36278.0 27.653 27.617
36271.0 27.617 27.632
36096.0 27.632 27.669
36089.0 27.669 27.659
36082.0 27.659 27.654
36075.0 27.654 27.66
36068.0 27.66 27.661
36061.0 27.661 27.66
36138.0 27.66 27.643
19247.0 27.643 31.382
9891.0 31.382 32.096
5650.0 32.096 31.736
4190.0 31.736 43.759
4176.0 43.759 52.511
4181.0 52.511 63.013
4428.0 63.013 75.616
5668.0 75.616 59.743
8800.0 59.743 52.42
11677.0 52.42 51.739
13700.0 51.739 51.565
15805.0 51.565 51.135
18306.0 51.135 50.536
20823.0 50.536 50.003
23468.0 50.003 49.448
26240.0 49.448 48.868
29038.0 48.868 48.308
31638.0 48.308 47.84
34242.0 47.84 47.358
36546.0 47.358 46.978
38686.0 46.978 46.626
40583.0 46.626 46.318
42278.0 46.318 46.057
43720.0 46.057 45.85
45007.0 45.85 45.659
45959.0 45.659 45.554
46766.0 45.554 45.449
47589.0 45.449 45.301
48411.0 45.301 45.149
48921.0 45.149 45.12
49319.0 45.12 45.074
49595.0 45.074 45.059
49833.0 45.059 45.021
50136.0 45.021 27.058
50401.0 27.058 18.957
35053.0 18.957 25.076
19554.0 25.076 27.24
13926.0 27.24 26.528
10980.0 26.528 26.319
8502.0 26.319 26.483
6582.0 26.483 26.614
5007.0 26.614 26.727
4176.0 26.727 37.238
4186.0 37.238 44.686
5184.0 44.686 35.392
7452.0 35.392 31.281
8992.0 31.281 31.13
9808.0 31.13 31.169
10701.0 31.169 31.065
11621.0 31.065 30.941
12568.0 30.941 30.821
13597.0 30.821 30.682
14597.0 30.682 30.558
15623.0 30.558 30.429
16691.0 30.429 30.293
17686.0 30.293 30.177
18794.0 30.177 30.036
19814.0 30.036 29.917
20779.0 29.917 29.812
21667.0 29.812 29.715
22556.0 29.715 29.613
23272.0 29.613 29.55
24010.0 29.55 29.467
24817.0 29.467 29.365
25555.0 29.365 29.28
26185.0 29.28 29.222
26773.0 29.222 29.164
27364.0 29.164 29.096
27797.0 29.096 29.062
28181.0 29.062 29.035
28573.0 29.035 28.989
28927.0 28.989 28.95
29311.0 28.95 28.906
29572.0 28.906 28.887
29692.0 28.887 28.898
29896.0 28.898 28.869
30060.0 28.869 28.851
30224.0 28.851 28.833
30348.0 28.833 28.826
30556.0 28.826 28.793
30703.0 28.793 28.782
30850.0 28.782 28.765
30956.0 28.765 28.759
31146.0 28.759 28.73
31295.0 28.73 28.713
31421.0 28.713 28.701
31463.0 28.701 28.704
31463.0 28.704 28.715
31379.0 28.715 28.741
31421.0 28.741 28.721
31613.0 28.721 28.674
31529.0 28.674 28.713
31445.0 28.713 28.734
31403.0 28.734 28.736
31361.0 28.736 28.741
31469.0 28.741 28.709
31577.0 28.709 28.685
31493.0 28.685 28.719
31493.0 28.719 28.72
31409.0 28.72 28.737
31283.0 28.737 28.759
31432.0 28.759 28.712
31624.0 28.712 28.672
31540.0 28.672 28.71
31456.0 28.71 28.731
31330.0 28.731 28.753
31456.0 28.753 28.709
31648.0 28.709 28.672
31564.0 28.672 28.709
31480.0 28.709 28.728
31396.0 28.728 28.74
31354.0 28.74 28.743
31462.0 28.743 28.708
31570.0 28.708 28.686
31570.0 28.686 28.701
31486.0 28.701 28.726
31402.0 28.726 28.739
31528.0 28.739 28.698
31468.0 28.698 28.718
31384.0 28.718 28.741
31258.0 28.741 28.762
31407.0 28.762 28.716
31599.0 28.716 28.688
31515.0 28.688 28.725
31431.0 28.725 28.737
31389.0 28.737 28.735
31497.0 28.735 28.707
31689.0 28.707 28.676
31605.0 28.676 28.715
31521.0 28.715 28.726
31437.0 28.726 28.733
31563.0 28.733 28.699
31479.0 28.699 28.732
31395.0 28.732 28.739
31353.0 28.739 28.739
31461.0 28.739 28.708
31569.0 28.708 28.698
31485.0 28.698 28.735
31401.0 28.735 28.745
31425.0 28.745 28.727
31533.0 28.727 28.704
31449.0 28.704 28.736
31407.0 28.736 28.738
31347.0 28.738 28.744
31496.0 28.744 28.701
31604.0 28.701 28.693
31520.0 28.693 28.73
31520.0 28.73 28.721
31436.0 28.721 28.733
31310.0 28.733 28.752
31436.0 28.752 28.713
31628.0 28.713 28.684
31544.0 28.684 28.721
31460.0 28.721 28.733
31376.0 28.733 28.74
31502.0 28.74 28.706
31442.0 28.706 28.734
31316.0 28.734 28.752
31274.0 28.752 28.754
31255.0 28.754 28.748
31404.0 28.748 28.711
31512.0 28.711 28.705
31428.0 28.705 28.737
31386.0 28.737 28.74
31326.0 28.74 28.746
31475.0 28.746 28.705
31583.0 28.705 28.697
31499.0 28.697 28.729
31499.0 28.729 28.722
31415.0 28.722 28.739
31289.0 28.739 28.758
31270.0 28.758 28.75
31419.0 28.75 28.711
31527.0 28.711 28.703
31443.0 28.703 28.735
31401.0 28.735 28.737
31425.0 28.737 28.724
31533.0 28.724 28.7
31449.0 28.7 28.732
31323.0 28.732 28.751
31281.0 28.751 28.753
31262.0 28.753 28.75
31411.0 28.75 28.712
31519.0 28.712 28.704
31435.0 28.704 28.735
31393.0 28.735 28.738
31333.0 28.738 28.744
31482.0 28.744 28.703
31590.0 28.703 28.695
31506.0 28.695 28.727
31422.0 28.727 28.739
31380.0 28.739 28.742
31404.0 28.742 28.729
31512.0 28.729 28.7
31596.0 28.7 28.695
31512.0 28.695 28.726
31428.0 28.726 28.738
31386.0 28.738 28.74
31326.0 28.74 28.747
31475.0 28.747 28.704
31583.0 28.704 28.696
31499.0 28.696 28.732
31415.0 28.732 28.743
31373.0 28.743 28.74
31397.0 28.74 28.727
31505.0 28.727 28.701
31589.0 28.701 28.696
31505.0 28.696 28.731
31421.0 28.731 28.741
31379.0 28.741 28.739
31571.0 28.739 28.687
31679.0 28.687 28.685
31595.0 28.685 28.715
31511.0 28.715 28.725
31427.0 28.725 28.737
31385.0 28.737 28.74
31325.0 28.74 28.746
31474.0 28.746 28.705
31582.0 28.705 28.697
31498.0 28.697 28.732
31414.0 28.732 28.742
31456.0 28.742 28.72
31564.0 28.72 28.693
31648.0 28.693 28.688
31564.0 28.688 28.721
31480.0 28.721 28.731
31480.0 28.731 28.72
31480.0 28.72 28.719
31396.0 28.719 28.745
31354.0 28.745 28.743
31378.0 28.743 28.729
31486.0 28.729 28.703
31570.0 28.703 28.698
31486.0 28.698 28.733
31402.0 28.733 28.744
31444.0 28.744 28.722
31552.0 28.722 28.694
31636.0 28.694 28.69
31552.0 28.69 28.723
31468.0 28.723 28.733
31468.0 28.733 28.721
31552.0 28.721 28.697
31636.0 28.697 28.689
31552.0 28.689 28.724
31468.0 28.724 28.734
31384.0 28.734 28.741
31342.0 28.741 28.741
31491.0 28.741 28.701
31599.0 28.701 28.693
31515.0 28.693 28.725
31431.0 28.725 28.737
31389.0 28.737 28.74
31413.0 28.74 28.727
31521.0 28.727 28.698
31605.0 28.698 28.693
31521.0 28.693 28.724
31437.0 28.724 28.736
31395.0 28.736 28.734
31503.0 28.734 28.706
31419.0 28.706 28.738
31293.0 28.738 28.76
31358.0 28.76 28.732
31550.0 28.732 28.689
31550.0 28.689 28.708
31466.0 28.708 28.734
31382.0 28.734 28.746
31424.0 28.746 28.724
31532.0 28.724 28.697
31532.0 28.697 28.711
31532.0 28.711 28.718
31448.0 28.718 28.735
31406.0 28.735 28.732
31448.0 28.732 28.72
31406.0 28.72 28.738
31280.0 28.738 28.758
31345.0 28.758 28.73
31494.0 28.73 28.697
31494.0 28.697 28.713
31410.0 28.713 28.744
31368.0 28.744 28.742
31392.0 28.742 28.728
31584.0 28.728 28.683
31584.0 28.683 28.702
31500.0 28.702 28.732
31416.0 28.732 28.738
31374.0 28.738 28.742
31314.0 28.742 28.748
31379.0 28.748 28.725
31487.0 28.725 28.7
31487.0 28.7 28.715
31403.0 28.715 28.745
31361.0 28.745 28.743
31469.0 28.743 28.711
31577.0 28.711 28.689
31577.0 28.689 28.703
31493.0 28.703 28.732
31409.0 28.732 28.742
31367.0 28.742 28.74
31307.0 28.74 28.751
31372.0 28.751 28.727
31564.0 28.727 28.684
31480.0 28.684 28.722
31480.0 28.722 28.724
31396.0 28.724 28.741
31270.0 28.741 28.76
31335.0 28.76 28.732
31484.0 28.732 28.699
31484.0 28.699 28.716
31400.0 28.716 28.741
31358.0 28.741 28.744
31466.0 28.744 28.711
31574.0 28.711 28.688
31574.0 28.688 28.702
31490.0 28.702 28.732
31406.0 28.732 28.743
31364.0 28.743 28.74
31388.0 28.74 28.727
31580.0 28.727 28.681
31580.0 28.681 28.701
31496.0 28.701 28.731
31412.0 28.731 28.741
31286.0 28.741 28.758
31435.0 28.758 28.712
31543.0 28.712 28.692
31543.0 28.692 28.707
31459.0 28.707 28.732
31375.0 28.732 28.744
31333.0 28.744 28.744
31398.0 28.744 28.722
31506.0 28.722 28.697
31506.0 28.697 28.712
31422.0 28.712 28.742
31380.0 28.742 28.74
31488.0 28.74 28.708
31428.0 28.708 28.727
31386.0 28.727 28.74
31344.0 28.74 28.742
31241.0 28.742 28.763
31390.0 28.763 28.717
31498.0 28.717 28.698
31498.0 28.698 28.712
31414.0 28.712 28.738
31288.0 28.738 28.76
31437.0 28.76 28.713
