4428.0 1.0 1.0
4428.0 1.0 1.4
4428.0 1.4 1.68
4428.0 1.68 2.016
4344.0 2.016 2.419
4260.0 2.419 2.903
4260.0 2.903 3.484
4385.0 3.484 4.18
4327.0 4.18 5.016
4397.0 5.016 6.02
4176.0 6.02 7.224
4176.0 7.224 8.668
4540.0 8.668 10.402
5634.0 10.402 8.231
6754.0 8.231 7.352
7888.0 7.352 7.333
8581.0 7.333 7.322
8941.0 7.322 7.32
9629.0 7.32 7.294
10331.0 7.294 7.272
10913.0 7.272 7.258
11735.0 7.258 7.225
12371.0 7.225 7.205
13036.0 7.205 7.186
13672.0 7.186 7.17
14104.0 7.17 7.166
15004.0 7.166 7.133
15398.0 7.133 7.131
16294.0 7.131 7.098
16770.0 7.098 7.096
17316.0 7.096 7.078
18114.0 7.078 7.05
18346.0 7.05 7.058
18666.0 7.058 7.056
19186.0 7.056 7.038
19753.0 7.038 7.016
20269.0 7.016 7.001
20633.0 7.001 7.001
21017.0 7.001 6.984
21401.0 6.984 6.975
21731.0 6.975 6.968
22025.0 6.968 6.96
21929.0 6.96 6.973
22318.0 6.973 6.954
22577.0 6.954 6.946
22779.0 6.946 6.939
23195.0 6.939 6.923
23131.0 6.923 6.936
23387.0 6.936 6.922
23303.0 6.922 6.932
23683.0 6.932 6.914
23851.0 6.914 6.912
23875.0 6.912 6.914
24047.0 6.914 6.905
24155.0 6.905 6.902
24223.0 6.902 6.903
24123.0 6.903 6.908
24107.0 6.908 6.904
24447.0 6.904 6.891
24347.0 6.891 6.902
24355.0 6.902 6.903
24487.0 6.903 6.897
24340.0 6.897 6.909
24472.0 6.909 6.9
24514.0 6.9 6.899
24514.0 6.899 6.901
24598.0 6.901 6.899
24514.0 6.899 6.9
24682.0 6.9 6.89
24598.0 6.89 6.898
24556.0 6.898 6.9
24724.0 6.9 6.887
24724.0 6.887 6.891
24850.0 6.891 6.885
24724.0 6.885 6.894
24829.0 6.894 6.886
24724.0 6.886 6.893
24934.0 6.893 6.881
24661.0 6.881 6.896
24850.0 6.896 6.884
24598.0 6.884 6.9
24871.0 6.9 6.883
24787.0 6.883 6.891
24724.0 6.891 6.892
24934.0 6.892 6.88
24913.0 6.88 6.883
24934.0 6.883 6.88
24703.0 6.88 6.897
24976.0 6.897 6.884
24808.0 6.884 6.895
25081.0 6.895 6.879
24892.0 6.879 6.893
25060.0 6.893 6.878
24703.0 6.878 6.901
25039.0 6.901 6.879
24787.0 6.879 6.895
25039.0 6.895 6.878
24766.0 6.878 6.898
25018.0 6.898 6.88
24934.0 6.88 6.892
24871.0 6.892 6.899
24850.0 6.899 6.898
24934.0 6.898 6.894
24850.0 6.894 6.899
24829.0 6.899 6.899
24997.0 6.899 6.889
24745.0 6.889 6.906
24871.0 6.906 6.893
24892.0 6.893 6.897
24955.0 6.897 6.893
24871.0 6.893 6.901
25018.0 6.901 6.891
24766.0 6.891 6.909
25060.0 6.909 6.888
24850.0 6.888 6.905
25060.0 6.905 6.888
24745.0 6.888 6.911
24871.0 6.911 6.903
24913.0 6.903 6.906
24850.0 6.906 6.906
24871.0 6.906 6.904
24976.0 6.904 6.902
24913.0 6.902 6.905
24997.0 6.905 6.904
24766.0 6.904 6.915
25039.0 6.915 6.9
24766.0 6.9 6.918
25018.0 6.918 6.9
24913.0 6.9 6.907
24997.0 6.907 6.904
24934.0 6.904 6.907
25039.0 6.907 6.901
24976.0 6.901 6.906
24976.0 6.906 6.908
24997.0 6.908 6.905
25102.0 6.905 6.903
24871.0 6.903 6.915
24892.0 6.915 6.914
25039.0 6.914 6.906
24682.0 6.906 6.927
24955.0 6.927 6.907
24892.0 6.907 6.913
24913.0 6.913 6.911
24640.0 6.911 6.929
24934.0 6.929 6.91
24787.0 6.91 6.922
24829.0 6.922 6.916
24913.0 6.916 6.914
24892.0 6.914 6.916
25039.0 6.916 6.908
24850.0 6.908 6.924
24640.0 6.924 6.931
25060.0 6.931 6.903
24934.0 6.903 6.914
25123.0 6.914 6.905
25018.0 6.905 6.91
25039.0 6.91 6.91
24913.0 6.91 6.921
24955.0 6.921 6.912
24787.0 6.912 6.923
25081.0 6.923 6.905
24829.0 6.905 6.924
24850.0 6.924 6.921
24850.0 6.921 6.92
25018.0 6.92 6.912
25018.0 6.912 6.915
24976.0 6.915 6.919
24955.0 6.919 6.916
25018.0 6.916 6.911
24997.0 6.911 6.914
24871.0 6.914 6.92
24934.0 6.92 6.916
24934.0 6.916 6.917
24913.0 6.917 6.919
24892.0 6.919 6.917
24787.0 6.917 6.922
24850.0 6.922 6.918
25102.0 6.918 6.908
24829.0 6.908 6.925
24850.0 6.925 6.921
24787.0 6.921 6.924
24871.0 6.924 6.919
24871.0 6.919 6.919
24934.0 6.919 6.915
24829.0 6.915 6.92
25144.0 6.92 6.904
24808.0 6.904 6.928
24829.0 6.928 6.92
24766.0 6.92 6.927
24682.0 6.927 6.933
24955.0 6.933 6.919
24829.0 6.919 6.929
24997.0 6.929 6.919
25018.0 6.919 6.921
24850.0 6.921 6.93
24934.0 6.93 6.924
24871.0 6.924 6.927
24955.0 6.927 6.92
24892.0 6.92 6.924
24976.0 6.924 6.915
24976.0 6.915 6.919
24787.0 6.919 6.931
24871.0 6.931 6.921
24661.0 6.921 6.935
24829.0 6.935 6.92
24871.0 6.92 6.924
25039.0 6.924 6.916
24787.0 6.916 6.93
24934.0 6.93 6.919
24871.0 6.919 6.923
24955.0 6.923 6.916
24787.0 6.916 6.928
25018.0 6.928 6.909
24787.0 6.909 6.925
24829.0 6.925 6.92
24829.0 6.92 6.92
24997.0 6.92 6.911
24913.0 6.911 6.916
25039.0 6.916 6.909
25018.0 6.909 6.913
24724.0 6.913 6.932
24766.0 6.932 6.924
24808.0 6.924 6.919
24892.0 6.919 6.917
24808.0 6.917 6.927
25039.0 6.927 6.912
24976.0 6.912 6.914
24850.0 6.914 6.918
24829.0 6.918 6.917
24892.0 6.917 6.912
24955.0 6.912 6.908
24997.0 6.908 6.905
24871.0 6.905 6.915
24892.0 6.915 6.909
24703.0 6.909 6.919
24913.0 6.919 6.904
24892.0 6.904 6.91
24913.0 6.91 6.91
24955.0 6.91 6.904
24913.0 6.904 6.908
24850.0 6.908 6.911
24808.0 6.911 6.912
24850.0 6.912 6.91
24892.0 6.91 6.907
25018.0 6.907 6.902
24955.0 6.902 6.905
25123.0 6.905 6.894
24892.0 6.894 6.912
24955.0 6.912 6.905
24913.0 6.905 6.909
24850.0 6.909 6.911
24724.0 6.911 6.919
24934.0 6.919 6.908
24850.0 6.908 6.913
24892.0 6.913 6.908
24766.0 6.908 6.912
24976.0 6.912 6.898
24850.0 6.898 6.908
25018.0 6.908 6.895
24724.0 6.895 6.915
24955.0 6.915 6.897
24766.0 6.897 6.91
