4596.0 1.0 1.0
4596.0 1.0 1.4
4596.0 1.4 1.68
4596.0 1.68 2.016
4512.0 2.016 2.419
4428.0 2.419 2.903
4428.0 2.903 3.484
4553.0 3.484 4.18
4495.0 4.18 5.016
4565.0 5.016 6.02
4344.0 6.02 7.224
4537.0 7.224 8.668
5153.0 8.668 6.892
6281.0 6.892 6.847
7667.0 6.847 6.802
8192.0 6.802 6.811
8906.0 6.811 6.791
9402.0 6.791 6.781
10118.0 6.781 6.763
10841.0 6.763 6.737
11528.0 6.737 6.72
12270.0 6.72 6.696
12888.0 6.696 6.683
13465.0 6.683 6.671
14177.0 6.671 6.651
15029.0 6.651 6.621
15329.0 6.621 6.63
15974.0 6.63 6.608
16632.0 6.608 6.587
17304.0 6.587 6.567
17920.0 6.567 6.547
18228.0 6.547 6.546
18702.0 6.546 6.537
19344.0 6.537 6.515
19872.0 6.515 6.501
19968.0 6.501 6.507
20604.0 6.507 6.48
21004.0 6.48 6.476
21197.0 6.476 6.472
21373.0 6.472 6.472
21700.0 6.472 6.462
21859.0 6.462 6.461
22236.0 6.461 6.447
22566.0 6.447 6.44
22758.0 6.44 6.436
22764.0 6.436 6.44
23088.0 6.44 6.428
23346.0 6.428 6.42
23382.0 6.42 6.422
23400.0 6.422 6.425
23670.0 6.425 6.414
23904.0 6.414 6.405
23829.0 6.405 6.411
23903.0 6.411 6.407
24080.0 6.407 6.4
24154.0 6.4 6.401
24209.0 6.401 6.4
24264.0 6.4 6.4
24487.0 6.4 6.393
24206.0 6.393 6.409
24391.0 6.409 6.396
24465.0 6.396 6.395
24417.0 6.395 6.397
24369.0 6.397 6.401
24573.0 6.401 6.39
24544.0 6.39 6.395
24542.0 6.395 6.394
24643.0 6.394 6.391
24744.0 6.391 6.386
24677.0 6.386 6.391
24675.0 6.391 6.391
24776.0 6.391 6.386
24709.0 6.386 6.39
24623.0 6.39 6.394
24705.0 6.394 6.392
24806.0 6.392 6.389
24823.0 6.389 6.386
24821.0 6.386 6.388
24735.0 6.388 6.39
24817.0 6.39 6.385
24983.0 6.385 6.378
24813.0 6.378 6.386
24857.0 6.386 6.382
24771.0 6.382 6.386
25086.0 6.386 6.369
24748.0 6.369 6.39
24670.0 6.39 6.387
24687.0 6.387 6.389
24937.0 6.389 6.379
24935.0 6.379 6.381
24895.0 6.381 6.383
24790.0 6.383 6.391
24853.0 6.391 6.385
24954.0 6.385 6.381
24933.0 6.381 6.384
24828.0 6.384 6.391
24723.0 6.391 6.398
24824.0 6.398 6.389
24860.0 6.389 6.392
24774.0 6.392 6.397
24959.0 6.397 6.386
24911.0 6.386 6.39
24993.0 6.39 6.385
24907.0 6.385 6.391
24886.0 6.391 6.39
24903.0 6.39 6.389
24733.0 6.389 6.397
24983.0 6.397 6.385
24935.0 6.385 6.389
24830.0 6.389 6.394
24828.0 6.394 6.392
25013.0 6.392 6.383
24862.0 6.383 6.395
24841.0 6.395 6.391
25110.0 6.391 6.379
25150.0 6.379 6.379
24858.0 6.379 6.392
24818.0 6.392 6.39
25003.0 6.39 6.38
24833.0 6.38 6.392
24877.0 6.392 6.388
24978.0 6.388 6.382
25060.0 6.382 6.378
24787.0 6.378 6.394
24999.0 6.394 6.379
25100.0 6.379 6.376
24892.0 6.376 6.388
24852.0 6.388 6.39
25018.0 6.39 6.381
24764.0 6.381 6.395
24827.0 6.395 6.39
24928.0 6.39 6.385
24674.0 6.385 6.401
24756.0 6.401 6.395
24895.0 6.395 6.39
24931.0 6.39 6.39
24845.0 6.39 6.394
24927.0 6.394 6.39
24944.0 6.39 6.387
24942.0 6.387 6.385
24940.0 6.385 6.387
25003.0 6.387 6.384
24917.0 6.384 6.391
24896.0 6.391 6.39
24913.0 6.39 6.389
24995.0 6.389 6.389
24993.0 6.389 6.387
24907.0 6.387 6.392
24905.0 6.392 6.39
24922.0 6.39 6.387
24836.0 6.387 6.393
24918.0 6.393 6.39
24767.0 6.39 6.396
24681.0 6.396 6.397
24885.0 6.397 6.386
24669.0 6.386 6.398
24919.0 6.398 6.382
24703.0 6.382 6.395
24934.0 6.395 6.378
24951.0 6.378 6.38
24995.0 6.38 6.378
24955.0 6.378 6.382
24915.0 6.382 6.383
24894.0 6.383 6.383
24873.0 6.383 6.384
24768.0 6.384 6.39
24915.0 6.39 6.381
24848.0 6.381 6.385
24827.0 6.385 6.388
24722.0 6.388 6.393
24888.0 6.393 6.385
24821.0 6.385 6.391
25052.0 6.391 6.375
24985.0 6.375 6.378
25010.0 6.378 6.377
25054.0 6.377 6.373
25014.0 6.373 6.376
24871.0 6.376 6.384
24915.0 6.384 6.38
25062.0 6.38 6.371
25106.0 6.371 6.37
24795.0 6.37 6.384
24717.0 6.384 6.387
25032.0 6.387 6.367
24862.0 6.367 6.382
24700.0 6.382 6.389
24931.0 6.389 6.374
24929.0 6.374 6.38
24870.0 6.38 6.381
24998.0 6.381 6.372
25061.0 6.372 6.371
24918.0 6.371 6.377
24924.0 6.377 6.374
25052.0 6.374 6.367
24825.0 6.367 6.381
24747.0 6.381 6.383
24959.0 6.383 6.372
24854.0 6.372 6.38
24879.0 6.38 6.376
24839.0 6.376 6.378
25051.0 6.378 6.369
24759.0 6.369 6.386
24765.0 6.386 6.383
24847.0 6.383 6.379
24910.0 6.379 6.374
24618.0 6.374 6.392
24895.0 6.392 6.371
25080.0 6.371 6.363
24853.0 6.363 6.378
24840.0 6.378 6.374
24884.0 6.374 6.374
24909.0 6.374 6.372
24850.0 6.372 6.375
24707.0 6.375 6.383
24900.0 6.383 6.37
24963.0 6.37 6.372
24969.0 6.372 6.368
24826.0 6.368 6.375
24832.0 6.375 6.375
24857.0 6.375 6.378
24798.0 6.378 6.378
24758.0 6.378 6.381
25054.0 6.381 6.37
24697.0 6.37 6.393
24955.0 6.393 6.378
25056.0 6.378 6.376
24848.0 6.376 6.389
24957.0 6.389 6.38
25039.0 6.38 6.378
24747.0 6.378 6.393
24707.0 6.393 6.39
24976.0 6.39 6.377
24974.0 6.377 6.381
24850.0 6.381 6.391
24829.0 6.391 6.389
24846.0 6.389 6.391
24844.0 6.391 6.392
24945.0 6.392 6.388
24710.0 6.388 6.401
24876.0 6.401 6.391
24931.0 6.391 6.39
24948.0 6.39 6.389
24881.0 6.389 6.394
24963.0 6.394 6.39
24980.0 6.39 6.387
24978.0 6.387 6.39
24892.0 6.39 6.395
24722.0 6.395 6.403
24907.0 6.403 6.393
25046.0 6.393 6.389
24811.0 6.389 6.404
24893.0 6.404 6.395
24864.0 6.395 6.397
24797.0 6.397 6.399
24917.0 6.399 6.392
24953.0 6.392 6.393
24886.0 6.393 6.396
24651.0 6.396 6.407
24687.0 6.407 6.403
24929.0 6.403 6.392
24900.0 6.392 6.397
24917.0 6.397 6.396
24785.0 6.396 6.404
24905.0 6.404 6.395
25128.0 6.395 6.386
24348.0 6.386 6.43
22666.0 6.43 6.503
21292.0 6.503 6.528
19873.0 6.528 6.566
18657.0 6.566 6.595
18099.0 6.595 6.594
17379.0 6.594 6.609
16497.0 6.609 6.633
16011.0 6.633 6.638
15338.0 6.638 6.658
14762.0 6.658 6.674
14246.0 6.674 6.687
13766.0 6.687 6.698
13565.0 6.698 6.699
13134.0 6.699 6.715
12703.0 6.715 6.726
12305.0 6.726 6.739
12187.0 6.739 6.735
11921.0 6.735 6.743
11813.0 6.743 6.742
11473.0 6.742 6.755
11207.0 6.755 6.762
11045.0 6.762 6.765
10892.0 6.765 6.769
10832.0 6.769 6.771
10688.0 6.771 6.775
10385.0 6.775 6.786
10343.0 6.786 6.782
10067.0 6.782 6.791
10118.0 6.791 6.783
9842.0 6.783 6.796
9038.0 6.796 6.834
7998.0 6.834 6.87
