4680.0 1.0 1.0
4680.0 1.0 1.4
4680.0 1.4 1.68
4680.0 1.68 2.016
4596.0 2.016 2.419
4512.0 2.419 2.903
4512.0 2.903 3.484
4637.0 3.484 4.18
4579.0 4.18 5.016
4649.0 5.016 6.02
4428.0 6.02 7.224
4621.0 7.224 8.668
5237.0 8.668 6.892
6365.0 6.892 6.847
7751.0 6.847 6.802
8276.0 6.802 6.811
8990.0 6.811 6.786
9486.0 6.786 6.779
10202.0 6.779 6.753
10916.0 6.753 6.734
11594.0 6.734 6.717
12578.0 6.717 6.68
13031.0 6.68 6.685
13743.0 6.685 6.656
14214.0 6.656 6.652
14694.0 6.652 6.641
15666.0 6.641 6.605
16350.0 6.605 6.586
16788.0 6.586 6.582
17236.0 6.582 6.573
17586.0 6.573 6.571
18496.0 6.571 6.533
18961.0 6.533 6.53
19138.0 6.53 6.529
19567.0 6.529 6.518
20467.0 6.518 6.482
20479.0 6.482 6.495
20967.0 6.495 6.474
21379.0 6.474 6.465
21639.0 6.465 6.459
21949.0 6.459 6.451
22242.0 6.451 6.443
22417.0 6.443 6.443
22591.0 6.443 6.44
22681.0 6.44 6.443
23023.0 6.443 6.427
23113.0 6.427 6.433
23233.0 6.433 6.428
23539.0 6.428 6.415
23743.0 6.415 6.41
23771.0 6.41 6.412
23780.0 6.412 6.413
23873.0 6.413 6.412
24050.0 6.412 6.402
24143.0 6.402 6.402
24450.0 6.402 6.388
24253.0 6.388 6.406
24419.0 6.406 6.397
24409.0 6.397 6.403
24529.0 6.403 6.397
24416.0 6.397 6.405
24536.0 6.405 6.4
24442.0 6.4 6.405
24497.0 6.405 6.4
24571.0 6.4 6.395
24710.0 6.395 6.389
24643.0 6.389 6.395
24725.0 6.395 6.389
24742.0 6.389 6.391
24908.0 6.391 6.384
24757.0 6.384 6.393
24820.0 6.393 6.387
24753.0 6.387 6.392
24919.0 6.392 6.383
24768.0 6.383 6.392
24915.0 6.392 6.383
24764.0 6.383 6.394
24911.0 6.394 6.385
24844.0 6.385 6.39
24991.0 6.39 6.381
24905.0 6.381 6.387
24884.0 6.387 6.388
24966.0 6.388 6.384
24880.0 6.384 6.389
24859.0 6.389 6.389
24857.0 6.389 6.387
24687.0 6.387 6.399
24937.0 6.399 6.382
24889.0 6.382 6.39
24868.0 6.39 6.392
25034.0 6.392 6.378
24883.0 6.378 6.385
24927.0 6.385 6.382
24822.0 6.382 6.39
24885.0 6.39 6.385
24799.0 6.385 6.388
25114.0 6.388 6.371
24860.0 6.371 6.386
24782.0 6.386 6.388
24780.0 6.388 6.381
25030.0 6.381 6.372
24841.0 6.372 6.385
24866.0 6.385 6.382
24929.0 6.382 6.378
24740.0 6.378 6.389
24868.0 6.389 6.377
24950.0 6.377 6.379
25078.0 6.379 6.37
24786.0 6.37 6.388
24960.0 6.388 6.376
24874.0 6.376 6.381
25067.0 6.381 6.37
24691.0 6.37 6.39
24949.0 6.39 6.373
24863.0 6.373 6.38
24720.0 6.38 6.384
24680.0 6.384 6.385
25079.0 6.385 6.364
24890.0 6.364 6.378
24625.0 6.378 6.388
24753.0 6.388 6.376
24835.0 6.376 6.374
24860.0 6.374 6.375
24885.0 6.375 6.378
24910.0 6.378 6.374
25038.0 6.374 6.37
24895.0 6.37 6.381
24901.0 6.381 6.378
24861.0 6.378 6.382
24905.0 6.382 6.375
24968.0 6.375 6.369
24825.0 6.369 6.378
24831.0 6.378 6.377
24875.0 6.377 6.371
24751.0 6.371 6.379
25009.0 6.379 6.365
24885.0 6.365 6.375
25040.0 6.375 6.364
24813.0 6.364 6.377
24968.0 6.377 6.368
25012.0 6.368 6.367
24850.0 6.367 6.376
24772.0 6.376 6.377
24797.0 6.377 6.377
24925.0 6.377 6.372
24969.0 6.372 6.37
24910.0 6.37 6.375
24832.0 6.375 6.379
24773.0 6.379 6.379
25069.0 6.379 6.365
25029.0 6.365 6.37
24764.0 6.37 6.384
25022.0 6.384 6.368
25085.0 6.368 6.366
25007.0 6.366 6.376
24910.0 6.376 6.378
24870.0 6.378 6.381
24998.0 6.381 6.373
24977.0 6.373 6.376
24750.0 6.376 6.386
24794.0 6.386 6.381
24876.0 6.381 6.377
24939.0 6.377 6.377
24899.0 6.377 6.378
24943.0 6.378 6.376
24987.0 6.376 6.377
24928.0 6.377 6.38
24804.0 6.38 6.386
24932.0 6.386 6.378
24846.0 6.378 6.383
24974.0 6.383 6.378
24785.0 6.378 6.387
24745.0 6.387 6.385
24911.0 6.385 6.38
24890.0 6.38 6.38
24682.0 6.38 6.394
24810.0 6.394 6.382
24911.0 6.382 6.376
25142.0 6.376 6.366
24934.0 6.366 6.38
24921.0 6.38 6.376
24881.0 6.376 6.378
24925.0 6.378 6.375
24885.0 6.375 6.375
24658.0 6.375 6.389
25019.0 6.389 6.37
24765.0 6.37 6.384
24687.0 6.384 6.385
24834.0 6.385 6.378
24897.0 6.378 6.378
24773.0 6.378 6.383
24817.0 6.383 6.378
24964.0 6.378 6.371
24924.0 6.371 6.376
24762.0 6.376 6.385
24974.0 6.385 6.374
25037.0 6.374 6.374
24894.0 6.374 6.381
24835.0 6.381 6.382
24963.0 6.382 6.377
24858.0 6.377 6.383
24818.0 6.383 6.384
24881.0 6.384 6.383
24860.0 6.383 6.383
24923.0 6.383 6.378
24986.0 6.378 6.38
24946.0 6.38 6.385
24822.0 6.385 6.389
24885.0 6.389 6.384
24883.0 6.384 6.389
24946.0 6.389 6.384
25028.0 6.384 6.381
24923.0 6.381 6.387
24902.0 6.387 6.387
24900.0 6.387 6.385
24982.0 6.385 6.382
24961.0 6.382 6.385
24940.0 6.385 6.389
24835.0 6.389 6.392
24917.0 6.392 6.389
24934.0 6.389 6.386
24848.0 6.386 6.39
24846.0 6.39 6.389
24844.0 6.389 6.39
24674.0 6.39 6.401
24756.0 6.401 6.393
24895.0 6.393 6.386
24660.0 6.386 6.402
24826.0 6.402 6.39
24881.0 6.39 6.389
24646.0 6.389 6.404
24812.0 6.404 6.39
24783.0 6.39 6.393
24800.0 6.393 6.392
24901.0 6.392 6.389
24834.0 6.389 6.395
24832.0 6.395 6.392
25185.0 6.392 6.372
24805.0 6.372 6.394
24830.0 6.394 6.39
24847.0 6.39 6.388
24780.0 6.388 6.392
25030.0 6.392 6.38
24963.0 6.38 6.384
24923.0 6.384 6.386
24902.0 6.386 6.387
24900.0 6.387 6.387
24730.0 6.387 6.398
24896.0 6.398 6.388
24680.0 6.388 6.403
24930.0 6.403 6.389
24817.0 6.389 6.395
24899.0 6.395 6.391
24683.0 6.391 6.403
24952.0 6.403 6.389
24923.0 6.389 6.39
24837.0 6.39 6.395
24835.0 6.395 6.392
24871.0 6.392 6.391
24888.0 6.391 6.389
24821.0 6.389 6.393
24735.0 6.393 6.395
24836.0 6.395 6.391
24788.0 6.391 6.391
24805.0 6.391 6.391
24318.0 6.391 6.415
22487.0 6.415 6.495
20891.0 6.495 6.532
19791.0 6.532 6.55
18843.0 6.55 6.567
17988.0 6.567 6.583
17036.0 6.583 6.61
16378.0 6.61 6.621
15905.0 6.621 6.627
15374.0 6.627 6.641
14772.0 6.641 6.66
14460.0 6.66 6.666
14028.0 6.666 6.678
13440.0 6.678 6.696
13049.0 6.696 6.7
12870.0 6.7 6.702
12450.0 6.702 6.717
12114.0 6.717 6.727
11808.0 6.727 6.733
11690.0 6.733 6.731
11582.0 6.731 6.733
11296.0 6.733 6.743
10936.0 6.743 6.754
10840.0 6.754 6.752
10678.0 6.752 6.757
10507.0 6.757 6.762
10261.0 6.762 6.768
10108.0 6.768 6.772
10132.0 6.772 6.768
9997.0 6.768 6.775
9433.0 6.775 6.801
8537.0 6.801 6.835
7319.0 6.835 6.873
