4764.0 1.0 1.0
4764.0 1.0 1.4
4764.0 1.4 1.68
4764.0 1.68 2.016
4680.0 2.016 2.419
4596.0 2.419 2.903
4596.0 2.903 3.484
4721.0 3.484 4.18
4663.0 4.18 5.016
4733.0 5.016 6.02
4512.0 6.02 7.224
4705.0 7.224 8.668
5244.0 8.668 6.897
6372.0 6.897 6.852
7512.0 6.852 6.821
8380.0 6.821 6.808
8870.0 6.808 6.8
9282.0 6.8 6.794
10182.0 6.794 6.767
10671.0 6.767 6.758
11199.0 6.758 6.746
11961.0 6.746 6.725
12629.0 6.725 6.71
13429.0 6.71 6.691
13955.0 6.691 6.68
14771.0 6.68 6.655
15479.0 6.655 6.639
15866.0 6.639 6.635
16634.0 6.635 6.611
16956.0 6.611 6.61
17558.0 6.61 6.59
18398.0 6.59 6.563
18824.0 6.563 6.562
19259.0 6.562 6.55
19526.0 6.55 6.548
20322.0 6.548 6.516
20514.0 6.516 6.517
20778.0 6.517 6.513
21090.0 6.513 6.506
21469.0 6.506 6.496
21831.0 6.496 6.488
21991.0 6.488 6.486
22285.0 6.486 6.477
22453.0 6.477 6.471
22837.0 6.471 6.456
22867.0 6.456 6.466
23347.0 6.466 6.439
23359.0 6.439 6.45
23365.0 6.45 6.45
23575.0 6.45 6.444
23568.0 6.444 6.445
23574.0 6.445 6.445
23850.0 6.445 6.429
23992.0 6.429 6.424
24058.0 6.424 6.425
24273.0 6.425 6.417
24255.0 6.417 6.421
24199.0 6.421 6.427
24330.0 6.427 6.418
24480.0 6.418 6.412
24508.0 6.412 6.414
24433.0 6.414 6.418
24526.0 6.418 6.414
24554.0 6.414 6.415
24647.0 6.415 6.414
24843.0 6.414 6.403
24684.0 6.403 6.414
24487.0 6.414 6.425
24496.0 6.425 6.425
24646.0 6.425 6.42
24628.0 6.42 6.423
24927.0 6.423 6.407
24722.0 6.407 6.423
24712.0 6.423 6.419
24843.0 6.419 6.415
24787.0 6.415 6.423
24983.0 6.423 6.412
24694.0 6.412 6.43
24703.0 6.43 6.426
24872.0 6.426 6.417
24686.0 6.417 6.43
24882.0 6.43 6.42
24883.0 6.42 6.421
24762.0 6.421 6.426
24977.0 6.426 6.41
24821.0 6.41 6.423
24830.0 6.423 6.421
24709.0 6.421 6.427
24756.0 6.427 6.42
24906.0 6.42 6.416
24785.0 6.416 6.422
24897.0 6.422 6.416
24944.0 6.416 6.413
24888.0 6.413 6.417
24897.0 6.417 6.42
24841.0 6.42 6.421
24972.0 6.421 6.412
25019.0 6.412 6.412
24944.0 6.412 6.414
24953.0 6.414 6.416
24878.0 6.416 6.419
24822.0 6.419 6.418
24934.0 6.418 6.411
24878.0 6.411 6.413
25055.0 6.413 6.403
25007.0 6.403 6.409
24978.0 6.409 6.411
24884.0 6.411 6.414
24809.0 6.414 6.417
24818.0 6.417 6.414
25014.0 6.414 6.405
25023.0 6.405 6.408
25097.0 6.408 6.406
25029.0 6.406 6.41
24851.0 6.41 6.418
24944.0 6.418 6.411
24888.0 6.411 6.416
24729.0 6.416 6.426
25009.0 6.426 6.409
24937.0 6.409 6.415
24927.0 6.415 6.413
24871.0 6.413 6.416
24964.0 6.416 6.411
25076.0 6.411 6.406
25112.0 6.406 6.404
24960.0 6.404 6.412
24931.0 6.412 6.413
24856.0 6.413 6.417
24865.0 6.417 6.416
24725.0 6.416 6.421
24921.0 6.421 6.409
25052.0 6.409 6.404
24984.0 6.404 6.41
24955.0 6.41 6.41
24945.0 6.41 6.412
25038.0 6.412 6.406
24822.0 6.406 6.418
24980.0 6.418 6.405
25008.0 6.405 6.403
24727.0 6.403 6.419
25034.0 6.419 6.403
24838.0 6.403 6.419
24977.0 6.419 6.41
24921.0 6.41 6.413
24827.0 6.413 6.415
24920.0 6.415 6.406
24780.0 6.406 6.418
24938.0 6.418 6.408
24966.0 6.408 6.408
24956.0 6.408 6.409
25114.0 6.409 6.401
24962.0 6.401 6.411
25101.0 6.411 6.401
24885.0 6.401 6.414
24940.0 6.414 6.409
24865.0 6.409 6.411
24939.0 6.411 6.404
24864.0 6.404 6.408
24667.0 6.408 6.416
24825.0 6.416 6.405
24853.0 6.405 6.405
24908.0 6.405 6.404
24814.0 6.404 6.41
24869.0 6.41 6.405
24878.0 6.405 6.407
24868.0 6.407 6.406
25026.0 6.406 6.399
24848.0 6.399 6.412
24968.0 6.412 6.403
24893.0 6.403 6.41
24696.0 6.41 6.42
25125.0 6.42 6.393
24865.0 6.393 6.413
24966.0 6.413 6.405
24807.0 6.405 6.412
24862.0 6.412 6.404
24955.0 6.404 6.397
24926.0 6.397 6.404
24962.0 6.404 6.4
24849.0 6.4 6.407
24717.0 6.407 6.413
24959.0 6.413 6.399
24716.0 6.399 6.414
24920.0 6.414 6.4
24929.0 6.4 6.402
24881.0 6.402 6.405
24852.0 6.405 6.407
24926.0 6.407 6.406
24916.0 6.406 6.408
24990.0 6.408 6.405
24812.0 6.405 6.415
24867.0 6.415 6.411
24792.0 6.411 6.419
24885.0 6.419 6.411
24913.0 6.411 6.409
25090.0 6.409 6.403
25022.0 6.403 6.406
24909.0 6.406 6.413
24815.0 6.413 6.417
24740.0 6.417 6.422
24936.0 6.422 6.41
24983.0 6.41 6.412
24992.0 6.412 6.412
24917.0 6.412 6.419
25094.0 6.419 6.41
24898.0 6.41 6.421
24907.0 6.421 6.419
24786.0 6.419 6.427
24898.0 6.427 6.418
25048.0 6.418 6.411
24936.0 6.411 6.418
24861.0 6.418 6.42
24973.0 6.42 6.413
25020.0 6.413 6.414
24945.0 6.414 6.418
24954.0 6.418 6.417
24898.0 6.417 6.421
24758.0 6.421 6.426
25057.0 6.426 6.407
24817.0 6.407 6.423
24975.0 6.423 6.412
24854.0 6.412 6.42
24947.0 6.42 6.412
24742.0 6.412 6.424
24751.0 6.424 6.419
24966.0 6.419 6.406
24994.0 6.406 6.412
24732.0 6.412 6.422
24909.0 6.422 6.408
24704.0 6.408 6.421
24946.0 6.421 6.405
24993.0 6.405 6.405
24899.0 6.405 6.412
24805.0 6.412 6.415
24730.0 6.415 6.42
24842.0 6.42 6.411
24889.0 6.411 6.409
24898.0 6.409 6.407
24972.0 6.407 6.403
24794.0 6.403 6.414
24849.0 6.414 6.407
24858.0 6.407 6.407
24848.0 6.407 6.41
24838.0 6.41 6.41
24847.0 6.41 6.409
24772.0 6.409 6.412
24762.0 6.412 6.412
24771.0 6.412 6.415
24696.0 6.415 6.419
24892.0 6.419 6.406
24920.0 6.406 6.407
24910.0 6.407 6.409
24648.0 6.409 6.425
24974.0 6.425 6.404
24734.0 6.404 6.419
24957.0 6.419 6.403
24985.0 6.403 6.409
25040.0 6.409 6.404
24778.0 6.404 6.418
24917.0 6.418 6.407
24777.0 6.407 6.418
24851.0 6.418 6.408
24879.0 6.408 6.407
24953.0 6.407 6.403
25027.0 6.403 6.401
24830.0 6.401 6.411
23121.0 6.411 6.495
21339.0 6.495 6.543
20323.0 6.543 6.553
19239.0 6.553 6.582
18384.0 6.582 6.597
17619.0 6.597 6.611
16835.0 6.611 6.629
16177.0 6.629 6.644
15659.0 6.644 6.652
14928.0 6.652 6.677
14484.0 6.677 6.681
14088.0 6.681 6.692
13620.0 6.692 6.706
13262.0 6.706 6.712
13105.0 6.712 6.71
12623.0 6.71 6.728
12298.0 6.728 6.735
12180.0 6.735 6.729
11904.0 6.729 6.74
11450.0 6.74 6.758
11352.0 6.758 6.753
10948.0 6.753 6.769
11029.0 6.769 6.757
10801.0 6.757 6.766
10723.0 6.766 6.767
10579.0 6.767 6.77
10183.0 6.77 6.79
10132.0 6.79 6.787
10024.0 6.787 6.79
9748.0 6.79 6.802
