4848.0 1.0 1.1
4848.0 1.1 1.2
4848.0 1.2 1.3
4848.0 1.3 1.4
4848.0 1.4 1.5
4848.0 1.5 2.0
4848.0 2.0 2.5
4764.0 2.5 3.0
4764.0 3.0 3.5
4764.0 3.5 4.0
4847.0 4.0 4.5
4764.0 4.5 5.0
4764.0 5.0 5.5
4764.0 5.5 6.0
4920.0 6.0 6.5
5592.0 6.5 5.871
6489.0 5.871 5.062
7279.0 5.062 4.415
6583.0 4.415 4.515
5315.0 4.515 4.615
4493.0 4.615 4.715
4824.0 4.715 4.815
4519.0 4.815 4.915
4503.0 4.915 5.415
4309.0 5.415 5.915
4428.0 5.915 6.415
5352.0 6.415 5.575
6164.0 5.575 4.85
7157.0 4.85 4.097
6600.0 4.097 4.197
5492.0 4.197 4.297
4657.0 4.297 4.397
4495.0 4.397 4.497
4444.0 4.497 4.597
4317.0 4.597 5.097
4363.0 5.097 5.597
4593.0 5.597 6.097
4941.0 6.097 6.597
5869.0 6.597 5.696
7449.0 5.696 4.339
7539.0 4.339 4.155
6055.0 4.155 4.255
4828.0 4.255 4.355
4210.0 4.355 4.455
4225.0 4.455 4.555
4221.0 4.555 4.655
4330.0 4.655 5.155
4364.0 5.155 5.655
4217.0 5.655 6.155
4610.0 6.155 6.655
5254.0 6.655 6.011
6973.0 6.011 4.492
7844.0 4.492 3.802
7012.0 3.802 3.902
4764.0 3.902 4.002
4244.0 4.002 4.102
4327.0 4.102 4.202
4294.0 4.202 4.302
4257.0 4.302 4.802
4300.0 4.802 5.302
4333.0 5.302 5.802
4762.0 5.802 6.302
5662.0 6.302 5.46
7110.0 5.46 4.262
7523.0 4.262 3.899
6231.0 3.899 3.999
4773.0 3.999 4.099
4176.0 4.099 4.199
4319.0 4.199 4.299
4431.0 4.299 4.399
4274.0 4.399 4.899
4182.0 4.899 5.399
4238.0 5.399 5.899
4586.0 5.899 6.399
5746.0 6.399 5.32
6958.0 5.32 4.305
7507.0 4.305 3.872
6211.0 3.872 3.972
4792.0 3.972 4.072
4176.0 4.072 4.172
4355.0 4.172 4.272
4265.0 4.272 4.372
4350.0 4.372 4.872
4207.0 4.872 5.372
4615.0 5.372 5.872
4939.0 5.872 6.372
6159.0 6.372 5.242
7262.0 5.242 4.316
7355.0 4.316 4.165
5911.0 4.165 4.265
4615.0 4.265 4.365
4434.0 4.365 4.465
4224.0 4.465 4.565
4259.0 4.565 4.665
4222.0 4.665 5.165
4646.0 5.165 5.665
4445.0 5.665 6.165
4760.0 6.165 6.665
5916.0 6.665 5.552
7225.0 5.552 4.418
7768.0 4.418 3.97
6020.0 3.97 4.07
4508.0 4.07 4.17
4209.0 4.17 4.27
4322.0 4.27 4.37
4176.0 4.37 4.47
4368.0 4.47 4.97
4465.0 4.97 5.47
4726.0 5.47 5.97
5186.0 5.97 5.556
6414.0 5.556 4.553
7550.0 4.553 3.726
6759.0 3.726 3.826
5502.0 3.826 3.926
4269.0 3.926 4.026
4244.0 4.026 4.126
4262.0 4.126 4.226
4377.0 4.226 4.726
4324.0 4.726 5.226
4453.0 5.226 5.726
4645.0 5.726 6.226
5633.0 6.226 5.342
7001.0 5.342 4.224
7412.0 4.224 3.871
6892.0 3.871 3.971
4884.0 3.971 4.071
4327.0 4.071 4.171
4176.0 4.171 4.271
4431.0 4.271 4.371
4293.0 4.371 4.871
4176.0 4.871 5.371
4343.0 5.371 5.871
4919.0 5.871 6.371
6223.0 6.371 5.141
7321.0 5.141 4.227
7254.0 4.227 4.173
5814.0 4.173 4.273
4614.0 4.273 4.373
4203.0 4.373 4.473
4199.0 4.473 4.573
4261.0 4.573 4.673
4257.0 4.673 5.173
4299.0 5.173 5.673
4458.0 5.673 6.173
4695.0 6.173 6.673
5775.0 6.673 5.634
7593.0 5.634 4.09
8007.0 4.09 3.713
6467.0 3.713 3.813
4514.0 3.813 3.913
4176.0 3.913 4.013
4271.0 4.013 4.113
4219.0 4.113 4.213
4221.0 4.213 4.713
4176.0 4.713 5.213
4251.0 5.213 5.713
4767.0 5.713 6.213
5911.0 6.213 5.161
7432.0 5.161 3.953
7820.0 3.953 3.622
6244.0 3.622 3.722
4372.0 3.722 3.822
4176.0 3.822 3.922
4176.0 3.922 4.022
4306.0 4.022 4.122
4289.0 4.122 4.622
4322.0 4.622 5.122
4468.0 5.122 5.622
4683.0 5.622 6.122
5563.0 6.122 5.343
6816.0 5.343 4.321
7479.0 4.321 3.816
6379.0 3.816 3.916
5032.0 3.916 4.016
4304.0 4.016 4.116
4242.0 4.116 4.216
4248.0 4.216 4.316
4346.0 4.316 4.816
4176.0 4.816 5.316
4434.0 5.316 5.816
4707.0 5.816 6.316
5703.0 6.316 5.402
7250.0 5.402 4.134
7667.0 4.134 3.772
6299.0 3.772 3.872
4538.0 3.872 3.972
4209.0 3.972 4.072
4193.0 4.072 4.172
4176.0 4.172 4.272
4195.0 4.272 4.772
4380.0 4.772 5.272
4412.0 5.272 5.772
4478.0 5.772 6.272
5598.0 6.272 5.28
7436.0 5.28 3.817
7841.0 3.817 3.469
6381.0 3.469 3.569
4620.0 3.569 3.669
4176.0 3.669 3.769
4176.0 3.769 3.869
4251.0 3.869 3.969
4176.0 3.969 4.469
4176.0 4.469 4.969
4241.0 4.969 5.469
4176.0 5.469 5.969
4290.0 5.969 6.469
5350.0 6.469 5.497
6805.0 5.497 4.274
7777.0 4.274 3.573
6845.0 3.573 3.673
5129.0 3.673 3.773
4282.0 3.773 3.873
4204.0 3.873 3.973
4258.0 3.973 4.073
4176.0 4.073 4.573
4193.0 4.573 5.073
4176.0 5.073 5.573
4404.0 5.573 6.073
5067.0 6.073 5.486
6223.0 5.486 4.531
7679.0 4.531 3.509
7431.0 3.509 3.609
5111.0 3.609 3.709
4250.0 3.709 3.809
4255.0 3.809 3.909
4201.0 3.909 4.009
4176.0 4.009 4.509
4321.0 4.509 5.009
4237.0 5.009 5.509
4293.0 5.509 6.009
4650.0 6.009 6.509
5330.0 6.509 5.848
6825.0 5.848 4.55
7921.0 4.55 3.726
6705.0 3.726 3.826
5280.0 3.826 3.926
4438.0 3.926 4.026
4176.0 4.026 4.126
4180.0 4.126 4.226
4176.0 4.226 4.726
4176.0 4.726 5.226
4387.0 5.226 5.726
4433.0 5.726 6.226
5169.0 6.226 5.576
6465.0 5.576 4.492
7878.0 4.492 3.494
6962.0 3.494 3.594
5423.0 3.594 3.694
4314.0 3.694 3.794
4264.0 3.794 3.894
4176.0 3.894 3.994
4419.0 3.994 4.494
4308.0 4.494 4.994
4245.0 4.994 5.494
4352.0 5.494 5.994
4697.0 5.994 6.494
5697.0 6.494 5.544
7177.0 5.544 4.294
7794.0 4.294 3.802
6646.0 3.802 3.902
4939.0 3.902 4.002
4206.0 4.002 4.102
4176.0 4.102 4.202
4225.0 4.202 4.302
4357.0 4.302 4.802
4281.0 4.802 5.302
4480.0 5.302 5.802
4657.0 5.802 6.302
5637.0 6.302 5.415
7337.0 5.415 4.031
7937.0 4.031 3.564
6445.0 3.564 3.664
4711.0 3.664 3.764
4338.0 3.764 3.864
4242.0 3.864 3.964
4176.0 3.964 4.064
4176.0 4.064 4.564
4176.0 4.564 5.064
4289.0 5.064 5.564
4435.0 5.564 6.064
4921.0 6.064 6.564
5901.0 6.564 5.605
7530.0 5.605 4.224
7807.0 4.224 3.931
6531.0 3.931 4.031
4217.0 4.031 4.131
4238.0 4.131 4.231
4176.0 4.231 4.331
4176.0 4.331 4.431
4176.0 4.431 4.931
4276.0 4.931 5.431
4497.0 5.431 5.931
4956.0 5.931 6.431
5980.0 6.431 5.454
7647.0 5.454 4.077
7882.0 4.077 3.815
6234.0 3.815 3.915
4380.0 3.915 4.015
4176.0 4.015 4.115
4311.0 4.115 4.215
4393.0 4.215 4.315
4320.0 4.315 4.815
4294.0 4.815 5.315
4265.0 5.315 5.815
4706.0 5.815 6.315
5702.0 6.315 5.386
7501.0 5.386 3.93
7893.0 3.93 3.582
6269.0 3.582 3.682
4319.0 3.682 3.782
4187.0 3.782 3.882
4176.0 3.882 3.982
4269.0 3.982 4.082
4349.0 4.082 4.582
4260.0 4.582 5.082
4248.0 5.082 5.582
4383.0 5.582 6.082
4716.0 6.082 6.582
5964.0 6.582 5.392
7529.0 5.392 4.088
7763.0 4.088 3.831
6303.0 3.831 3.931
4560.0 3.931 4.031
4272.0 4.031 4.131
4323.0 4.131 4.231
4241.0 4.231 4.331
4235.0 4.331 4.831
4313.0 4.831 5.331
4361.0 5.331 5.831
4649.0 5.831 6.331
5829.0 6.331 5.252
7055.0 5.252 4.239
7583.0 4.239 3.823
6167.0 3.823 3.923
4832.0 3.923 4.023
4459.0 4.023 4.123
4463.0 4.123 4.223
4278.0 4.223 4.323
4354.0 4.323 4.823
4306.0 4.823 5.323
4545.0 5.323 5.823
4911.0 5.823 6.323
6167.0 6.323 5.168
7472.0 5.168 4.106
7366.0 4.106 4.061
5942.0 4.061 4.161
4574.0 4.161 4.261
4251.0 4.261 4.361
4176.0 4.361 4.461
4176.0 4.461 4.561
4197.0 4.561 5.061
4545.0 5.061 5.561
4503.0 5.561 6.061
4650.0 6.061 6.561
5798.0 6.561 5.49
6923.0 5.49 4.513
7213.0 4.513 4.229
6281.0 4.229 4.329
4761.0 4.329 4.429
4330.0 4.429 4.529
4246.0 4.529 4.629
4176.0 4.629 4.729
4257.0 4.729 5.229
4176.0 5.229 5.729
4334.0 5.729 6.229
4616.0 6.229 6.729
5828.0 6.729 5.552
7365.0 5.552 4.236
7908.0 4.236 3.788
6904.0 3.788 3.888
4540.0 3.888 3.988
4268.0 3.988 4.088
4311.0 4.088 4.188
4176.0 4.188 4.288
4268.0 4.288 4.788
4246.0 4.788 5.288
4288.0 5.288 5.788
4789.0 5.788 6.288
5925.0 6.288 5.233
7358.0 5.233 4.073
7436.0 4.073 3.916
6196.0 3.916 4.016
4681.0 4.016 4.116
4352.0 4.116 4.216
4227.0 4.216 4.316
4249.0 4.316 4.416
4397.0 4.416 4.916
4308.0 4.916 5.416
4239.0 5.416 5.916
4770.0 5.916 6.416
6114.0 6.416 5.15
7514.0 5.15 4.014
7714.0 4.014 3.791
6270.0 3.791 3.891
4626.0 3.891 3.991
4314.0 3.991 4.091
4276.0 4.091 4.191
4320.0 4.191 4.291
4324.0 4.291 4.791
4229.0 4.791 5.291
4436.0 5.291 5.791
4856.0 5.791 6.291
6164.0 6.291 5.09
7434.0 5.09 4.063
7287.0 4.063 4.044
5943.0 4.044 4.144
4383.0 4.144 4.244
4191.0 4.244 4.344
4186.0 4.344 4.444
4291.0 4.444 4.544
4478.0 4.544 5.044
4485.0 5.044 5.544
4525.0 5.544 6.044
4828.0 6.044 6.544
5960.0 6.544 5.472
7490.0 5.472 4.188
7839.0 4.188 3.86
6407.0 3.86 3.96
4631.0 3.96 4.06
4218.0 4.06 4.16
4176.0 4.16 4.26
4176.0 4.26 4.36
4196.0 4.36 4.86
4219.0 4.86 5.36
4320.0 5.36 5.86
4380.0 5.86 6.36
5504.0 6.36 5.351
7348.0 5.351 3.864
8026.0 3.864 3.363
6170.0 3.363 3.463
4246.0 3.463 3.563
4256.0 3.563 3.663
4216.0 3.663 3.763
4324.0 3.763 3.863
4260.0 3.863 4.363
4202.0 4.363 4.863
4203.0 4.863 5.363
4456.0 5.363 5.863
4855.0 5.863 6.363
5899.0 6.363 5.385
7412.0 5.385 4.141
7552.0 4.141 3.94
6280.0 3.94 4.04
4636.0 4.04 4.14
4176.0 4.14 4.24
4345.0 4.24 4.34
4456.0 4.34 4.44
4323.0 4.44 4.94
4547.0 4.94 5.44
4691.0 5.44 5.94
5035.0 5.94 5.636
6235.0 5.636 4.653
7397.0 4.653 3.795
7142.0 3.795 3.895
5378.0 3.895 3.995
4176.0 3.995 4.095
4176.0 4.095 4.195
4176.0 4.195 4.295
4176.0 4.295 4.795
4176.0 4.795 5.295
4295.0 5.295 5.795
4545.0 5.795 6.295
5269.0 6.295 5.628
6369.0 5.628 4.686
7348.0 4.686 3.946
6990.0 3.946 4.046
5150.0 4.046 4.146
4486.0 4.146 4.246
4392.0 4.246 4.346
4189.0 4.346 4.446
4333.0 4.446 4.946
4253.0 4.946 5.446
4205.0 5.446 5.946
4622.0 5.946 6.446
5326.0 6.446 5.765
6924.0 5.765 4.399
7495.0 4.399 3.917
6871.0 3.917 4.017
5051.0 4.017 4.117
4242.0 4.117 4.217
4185.0 4.217 4.317
4320.0 4.317 4.417
4250.0 4.417 4.917
4234.0 4.917 5.417
4260.0 5.417 5.917
4539.0 5.917 6.417
5635.0 6.417 5.401
7203.0 5.401 4.108
7951.0 4.108 3.555
6699.0 3.555 3.655
4779.0 3.655 3.755
4374.0 3.755 3.855
4341.0 3.855 3.955
4254.0 3.955 4.055
4176.0 4.055 4.555
4176.0 4.555 5.055
4358.0 5.055 5.555
4590.0 5.555 6.055
5230.0 6.055 5.486
6286.0 5.486 4.61
7490.0 4.61 3.741
6982.0 3.741 3.841
4838.0 3.841 3.941
4221.0 3.941 4.041
4277.0 4.041 4.141
4410.0 4.141 4.241
4483.0 4.241 4.741
4321.0 4.741 5.241
4368.0 5.241 5.741
4743.0 5.741 6.241
5579.0 6.241 5.469
7046.0 5.469 4.261
7558.0 4.261 3.838
6350.0 3.838 3.938
4874.0 3.938 4.038
4360.0 4.038 4.138
4280.0 4.138 4.238
4254.0 4.238 4.338
4176.0 4.338 4.838
4298.0 4.838 5.338
4470.0 5.338 5.838
4764.0 5.838 6.338
5616.0 6.338 5.547
7188.0 5.547 4.24
7474.0 4.24 3.945
6310.0 3.945 4.045
4927.0 4.045 4.145
4176.0 4.145 4.245
4176.0 4.245 4.345
4295.0 4.345 4.445
4488.0 4.445 4.945
4386.0 4.945 5.445
4310.0 5.445 5.945
4613.0 5.945 6.445
5733.0 6.445 5.402
7499.0 5.402 3.957
7827.0 3.957 3.643
6175.0 3.643 3.743
4594.0 3.743 3.843
4217.0 3.843 3.943
4345.0 3.943 4.043
4205.0 4.043 4.143
4237.0 4.143 4.643
4176.0 4.643 5.143
4461.0 5.143 5.643
4995.0 5.643 6.143
5979.0 6.143 5.235
7336.0 5.235 4.144
7587.0 4.144 3.89
5987.0 3.89 3.99
4346.0 3.99 4.09
4176.0 4.09 4.19
4322.0 4.19 4.29
4422.0 4.29 4.39
4282.0 4.39 4.89
4295.0 4.89 5.39
4395.0 5.39 5.89
4902.0 5.89 6.39
5886.0 6.39 5.452
7429.0 5.452 4.174
7832.0 4.174 3.816
6460.0 3.816 3.916
4525.0 3.916 4.016
4285.0 4.016 4.116
4176.0 4.116 4.216
4176.0 4.216 4.316
4307.0 4.316 4.816
4314.0 4.816 5.316
4370.0 5.316 5.816
4811.0 5.816 6.316
5975.0 6.316 5.238
7438.0 5.238 4.053
7442.0 4.053 3.936
5994.0 3.936 4.036
4428.0 4.036 4.136
4176.0 4.136 4.236
4389.0 4.236 4.336
4262.0 4.336 4.436
4271.0 4.436 4.936
4414.0 4.936 5.436
4503.0 5.436 5.936
4881.0 5.936 6.436
6161.0 6.436 5.239
7497.0 5.239 4.137
7501.0 4.137 4.026
6053.0 4.026 4.126
4547.0 4.126 4.226
4498.0 4.226 4.326
4360.0 4.326 4.426
4276.0 4.426 4.526
4376.0 4.526 5.026
4395.0 5.026 5.526
4226.0 5.526 6.026
4766.0 6.026 6.526
5714.0 6.526 5.601
7308.0 5.601 4.251
7832.0 4.251 3.812
6520.0 3.812 3.912
4912.0 3.912 4.012
4285.0 4.012 4.112
4227.0 4.112 4.212
4458.0 4.212 4.312
4176.0 4.312 4.812
4275.0 4.812 5.312
4474.0 5.312 5.812
4670.0 5.812 6.312
5494.0 6.312 5.559
7288.0 5.559 4.08
7841.0 4.08 3.628
6449.0 3.628 3.728
4589.0 3.728 3.828
4272.0 3.828 3.928
4176.0 3.928 4.028
4472.0 4.028 4.128
4454.0 4.128 4.628
4816.0 4.628 5.128
4654.0 5.128 5.628
4753.0 5.628 6.128
5473.0 6.128 5.502
6597.0 5.502 4.565
7742.0 4.565 3.737
6892.0 3.737 3.837
4824.0 3.837 3.937
4256.0 3.937 4.037
4236.0 4.037 4.137
4176.0 4.137 4.237
4600.0 4.237 4.737
4240.0 4.737 5.237
4390.0 5.237 5.737
4927.0 5.737 6.237
6095.0 6.237 5.157
7641.0 5.157 3.929
8019.0 3.929 3.604
6391.0 3.604 3.704
4399.0 3.704 3.804
4176.0 3.804 3.904
4176.0 3.904 4.004
4176.0 4.004 4.104
4249.0 4.104 4.604
4198.0 4.604 5.104
4474.0 5.104 5.604
4414.0 5.604 6.104
4849.0 6.104 6.604
5785.0 6.604 5.689
7118.0 5.689 4.529
7505.0 4.529 4.168
6160.0 4.168 4.268
4272.0 4.268 4.368
4211.0 4.368 4.468
4176.0 4.468 4.568
4343.0 4.568 4.668
4349.0 4.668 5.168
4279.0 5.168 5.668
4347.0 5.668 6.168
4833.0 6.168 6.668
5657.0 6.668 5.841
7559.0 5.841 4.195
7871.0 4.195 3.864
6623.0 3.864 3.964
4199.0 3.964 4.064
4176.0 4.064 4.164
4419.0 4.164 4.264
4686.0 4.264 4.364
4615.0 4.364 4.864
4452.0 4.864 5.364
4498.0 5.364 5.864
4648.0 5.864 6.364
5776.0 6.364 5.342
7457.0 5.342 3.978
7868.0 3.978 3.622
6432.0 3.622 3.722
4560.0 3.722 3.822
4229.0 3.822 3.922
4176.0 3.922 4.022
4176.0 4.022 4.122
4176.0 4.122 4.622
4311.0 4.622 5.122
4176.0 5.122 5.622
4242.0 5.622 6.122
4608.0 6.122 6.622
5556.0 6.622 5.7
7161.0 5.7 4.32
7815.0 4.32 3.794
6715.0 3.794 3.894
4363.0 3.894 3.994
4340.0 3.994 4.094
4246.0 4.094 4.194
4176.0 4.194 4.294
4318.0 4.294 4.794
4176.0 4.794 5.294
4432.0 5.294 5.794
5023.0 5.794 5.29
6247.0 5.29 4.326
7167.0 4.326 3.67
7339.0 3.67 3.512
5443.0 3.512 3.612
4211.0 3.612 3.712
4176.0 3.712 3.812
4187.0 3.812 3.912
4558.0 3.912 4.012
4340.0 4.012 4.512
4235.0 4.512 5.012
4239.0 5.012 5.512
5064.0 5.512 4.877
6160.0 4.877 4.058
7548.0 4.058 3.184
7372.0 3.184 3.177
5380.0 3.177 3.277
4176.0 3.277 3.377
4271.0 3.377 3.477
4275.0 3.477 3.577
4176.0 3.577 3.677
4361.0 3.677 4.177
4176.0 4.177 4.677
4360.0 4.677 5.177
4738.0 5.177 5.677
5473.0 5.677 5.053
6913.0 5.053 3.965
7798.0 3.965 3.367
6586.0 3.367 3.467
4774.0 3.467 3.567
4310.0 3.567 3.667
4319.0 3.667 3.767
4309.0 3.767 3.867
4178.0 3.867 4.367
4415.0 4.367 4.867
4253.0 4.867 5.367
4423.0 5.367 5.867
4528.0 5.867 6.367
5324.0 6.367 5.644
6758.0 5.644 4.431
7426.0 4.431 3.897
6522.0 3.897 3.997
4742.0 3.997 4.097
4334.0 4.097 4.197
4407.0 4.197 4.297
4435.0 4.297 4.397
4470.0 4.397 4.897
4520.0 4.897 5.397
4426.0 5.397 5.897
5023.0 5.897 5.413
5931.0 5.413 4.67
6999.0 4.67 3.891
7407.0 3.891 3.588
6031.0 3.588 3.688
4513.0 3.688 3.788
4247.0 3.788 3.888
4176.0 3.888 3.988
4218.0 3.988 4.088
4210.0 4.088 4.588
4176.0 4.588 5.088
4304.0 5.088 5.588
4532.0 5.588 6.088
5291.0 6.088 5.415
6295.0 5.415 4.579
7819.0 4.579 3.514
6915.0 3.514 3.614
5583.0 3.614 3.714
4176.0 3.714 3.814
4257.0 3.814 3.914
4287.0 3.914 4.014
4509.0 4.014 4.514
4516.0 4.514 5.014
4553.0 5.014 5.514
4568.0 5.514 6.014
4844.0 6.014 6.514
5864.0 6.514 5.552
7280.0 5.552 4.349
7739.0 4.349 3.952
6271.0 3.952 4.052
4816.0 4.052 4.152
4261.0 4.152 4.252
4277.0 4.252 4.352
4275.0 4.352 4.452
4227.0 4.452 4.952
4212.0 4.952 5.452
4347.0 5.452 5.952
4656.0 5.952 6.452
5616.0 6.452 5.548
7135.0 5.548 4.271
7589.0 4.271 3.876
6565.0 3.876 3.976
4317.0 3.976 4.076
4416.0 4.076 4.176
4425.0 4.176 4.276
4344.0 4.276 4.376
4294.0 4.376 4.876
4355.0 4.876 5.376
4514.0 5.376 5.876
5009.0 5.876 5.452
6317.0 5.452 4.405
7728.0 4.405 3.429
7042.0 3.429 3.529
5533.0 3.529 3.629
4210.0 3.629 3.729
4212.0 3.729 3.829
4176.0 3.829 3.929
4295.0 3.929 4.429
4310.0 4.429 4.929
4241.0 4.929 5.429
4283.0 5.429 5.929
4571.0 5.929 6.429
5343.0 6.429 5.701
6837.0 5.701 4.428
7832.0 4.428 3.688
6445.0 3.688 3.788
4615.0 3.788 3.888
4332.0 3.888 3.988
4267.0 3.988 4.088
4280.0 4.088 4.188
4311.0 4.188 4.688
4211.0 4.688 5.188
4289.0 5.188 5.688
4538.0 5.688 6.188
5570.0 6.188 5.266
7397.0 5.266 3.821
8029.0 3.821 3.352
6577.0 3.352 3.452
4309.0 3.452 3.552
4216.0 3.552 3.652
4227.0 3.652 3.752
4176.0 3.752 3.852
4285.0 3.852 4.352
4176.0 4.352 4.852
4304.0 4.852 5.352
4434.0 5.352 5.852
4908.0 5.852 6.352
6024.0 6.352 5.305
7438.0 5.305 4.145
7458.0 4.145 4.02
5942.0 4.02 4.12
4511.0 4.12 4.22
4176.0 4.22 4.32
4287.0 4.32 4.42
4215.0 4.42 4.52
4176.0 4.52 5.02
4433.0 5.02 5.52
4274.0 5.52 6.02
4724.0 6.02 6.52
5832.0 6.52 5.459
7337.0 5.459 4.198
7750.0 4.198 3.834
6170.0 3.834 3.934
4685.0 3.934 4.034
4344.0 4.034 4.134
4463.0 4.134 4.234
4425.0 4.234 4.334
4274.0 4.334 4.834
4230.0 4.834 5.334
4364.0 5.334 5.834
4655.0 5.834 6.334
5751.0 6.334 5.328
7486.0 5.328 3.928
7709.0 3.928 3.677
5913.0 3.677 3.777
4230.0 3.777 3.877
4248.0 3.877 3.977
4176.0 3.977 4.077
4217.0 4.077 4.177
4176.0 4.177 4.677
4176.0 4.677 5.177
4379.0 5.177 5.677
4442.0 5.677 6.177
5102.0 6.177 5.596
6186.0 5.596 4.681
7629.0 4.681 3.64
7261.0 3.64 3.74
5289.0 3.74 3.84
4231.0 3.84 3.94
4353.0 3.94 4.04
4334.0 4.04 4.14
4387.0 4.14 4.64
4590.0 4.64 5.14
4220.0 5.14 5.64
4334.0 5.64 6.14
4967.0 6.14 6.64
6103.0 6.64 5.509
7387.0 5.509 4.402
7534.0 4.402 4.2
6074.0 4.2 4.3
4207.0 4.3 4.4
4258.0 4.4 4.5
4457.0 4.5 4.6
4176.0 4.6 4.7
4449.0 4.7 5.2
4176.0 5.2 5.7
4397.0 5.7 6.2
4574.0 6.2 6.7
5678.0 6.7 5.641
7190.0 5.641 4.336
7769.0 4.336 3.859
6613.0 3.859 3.959
4409.0 3.959 4.059
4176.0 4.059 4.159
4334.0 4.159 4.259
4302.0 4.259 4.359
4350.0 4.359 4.859
4428.0 4.859 5.359
4483.0 5.359 5.859
4711.0 5.859 6.359
5751.0 6.359 5.407
7427.0 5.407 4.037
7933.0 4.037 3.623
6537.0 3.623 3.723
4752.0 3.723 3.823
4251.0 3.823 3.923
4213.0 3.923 4.023
4257.0 4.023 4.123
4285.0 4.123 4.623
4287.0 4.623 5.123
4303.0 5.123 5.623
4480.0 5.623 6.123
5182.0 6.123 5.502
6386.0 5.502 4.505
7783.0 4.505 3.522
6724.0 3.522 3.622
4990.0 3.622 3.722
4355.0 3.722 3.822
4309.0 3.822 3.922
4236.0 3.922 4.022
4396.0 4.022 4.522
4328.0 4.522 5.022
4176.0 5.022 5.522
4328.0 5.522 6.022
4707.0 6.022 6.522
5567.0 6.522 5.691
6988.0 5.691 4.469
7716.0 4.469 3.893
6498.0 3.893 3.993
4863.0 3.993 4.093
4207.0 4.093 4.193
4509.0 4.193 4.293
4334.0 4.293 4.393
4372.0 4.393 4.893
4201.0 4.893 5.393
4280.0 5.393 5.893
4744.0 5.893 6.393
5564.0 6.393 5.606
7107.0 5.606 4.309
7641.0 4.309 3.862
6689.0 3.862 3.962
4829.0 3.962 4.062
4339.0 4.062 4.162
4439.0 4.162 4.262
4307.0 4.262 4.362
4336.0 4.362 4.862
4292.0 4.862 5.362
4295.0 5.362 5.862
4610.0 5.862 6.362
5566.0 6.362 5.476
7331.0 5.476 4.027
7853.0 4.027 3.6
6521.0 3.6 3.7
4691.0 3.7 3.8
4368.0 3.8 3.9
4425.0 3.9 4.0
4323.0 4.0 4.1
4263.0 4.1 4.6
4459.0 4.6 5.1
4397.0 5.1 5.6
4889.0 5.6 6.1
5913.0 6.1 5.173
7561.0 5.173 3.882
7885.0 3.882 3.584
6489.0 3.584 3.684
4629.0 3.684 3.784
4314.0 3.784 3.884
4247.0 3.884 3.984
4247.0 3.984 4.084
4358.0 4.084 4.584
4176.0 4.584 5.084
4222.0 5.084 5.584
4783.0 5.584 6.084
5623.0 6.084 5.309
7335.0 5.309 3.952
7528.0 3.952 3.719
6372.0 3.719 3.819
4599.0 3.819 3.919
4176.0 3.919 4.019
4239.0 4.019 4.119
4244.0 4.119 4.219
4254.0 4.219 4.719
4633.0 4.719 5.219
4463.0 5.219 5.719
4901.0 5.719 6.219
5965.0 6.219 5.246
7239.0 5.246 4.208
7673.0 4.208 3.848
6281.0 3.848 3.948
4652.0 3.948 4.048
4176.0 4.048 4.148
4218.0 4.148 4.248
4358.0 4.248 4.348
4657.0 4.348 4.848
4474.0 4.848 5.348
4547.0 5.348 5.848
4766.0 5.848 6.348
5626.0 6.348 5.559
7292.0 5.559 4.176
7593.0 4.176 3.87
6137.0 3.87 3.97
4715.0 3.97 4.07
4240.0 4.07 4.17
4269.0 4.17 4.27
4268.0 4.27 4.37
4290.0 4.37 4.87
4207.0 4.87 5.37
4239.0 5.37 5.87
4644.0 5.87 6.37
5692.0 6.37 5.39
7210.0 5.39 4.141
7859.0 4.141 3.645
6503.0 3.645 3.745
4844.0 3.745 3.845
4277.0 3.845 3.945
4176.0 3.945 4.045
4176.0 4.045 4.145
4176.0 4.145 4.645
4219.0 4.645 5.145
4403.0 5.145 5.645
4540.0 5.645 6.145
5360.0 6.145 5.422
6752.0 5.422 4.286
7698.0 4.286 3.606
7206.0 3.606 3.706
4726.0 3.706 3.806
4235.0 3.806 3.906
4176.0 3.906 4.006
4176.0 4.006 4.106
4255.0 4.106 4.606
4202.0 4.606 5.106
4332.0 5.106 5.606
4399.0 5.606 6.106
4750.0 6.106 6.606
5686.0 6.606 5.698
7192.0 5.698 4.399
7762.0 4.399 3.923
6310.0 3.923 4.023
4555.0 4.023 4.123
4176.0 4.123 4.223
4245.0 4.223 4.323
4176.0 4.323 4.423
4241.0 4.423 4.923
4176.0 4.923 5.423
4252.0 5.423 5.923
4621.0 5.923 6.423
5553.0 6.423 5.542
7210.0 5.542 4.162
7822.0 4.162 3.675
6338.0 3.675 3.775
4568.0 3.775 3.875
4191.0 3.875 3.975
4342.0 3.975 4.075
4347.0 4.075 4.175
4223.0 4.175 4.675
4344.0 4.675 5.175
4436.0 5.175 5.675
4916.0 5.675 6.175
5768.0 6.175 5.386
7160.0 5.386 4.25
7804.0 4.25 3.755
6660.0 3.755 3.855
4953.0 3.855 3.955
4221.0 3.955 4.055
4214.0 4.055 4.155
4253.0 4.155 4.255
4257.0 4.255 4.755
4280.0 4.755 5.255
4359.0 5.255 5.755
4599.0 5.755 6.255
5615.0 6.255 5.338
7265.0 5.338 4.007
8007.0 4.007 3.466
6715.0 3.466 3.566
4864.0 3.566 3.666
4222.0 3.666 3.766
4387.0 3.766 3.866
4210.0 3.866 3.966
4176.0 3.966 4.466
4327.0 4.466 4.966
4176.0 4.966 5.466
4176.0 5.466 5.966
4592.0 5.966 6.466
5480.0 6.466 5.615
7098.0 5.615 4.251
7978.0 4.251 3.598
6359.0 3.598 3.698
4442.0 3.698 3.798
4176.0 3.798 3.898
4176.0 3.898 3.998
4200.0 3.998 4.098
4337.0 4.098 4.598
4397.0 4.598 5.098
4337.0 5.098 5.598
4222.0 5.598 6.098
4567.0 6.098 6.598
5579.0 6.598 5.625
6991.0 5.625 4.409
7298.0 4.409 4.101
6442.0 4.101 4.201
4670.0 4.201 4.301
4211.0 4.301 4.401
4206.0 4.401 4.501
4365.0 4.501 4.601
4394.0 4.601 5.101
4445.0 5.101 5.601
4527.0 5.601 6.101
4963.0 6.101 6.601
6063.0 6.601 5.533
7732.0 5.533 4.128
7984.0 4.128 3.851
6352.0 3.851 3.951
4309.0 3.951 4.051
4176.0 4.051 4.151
4176.0 4.151 4.251
4206.0 4.251 4.351
4225.0 4.351 4.851
4390.0 4.851 5.351
4460.0 5.351 5.851
4868.0 5.851 6.351
5816.0 6.351 5.462
7398.0 5.462 4.156
7732.0 4.156 3.838
6408.0 3.838 3.938
4593.0 3.938 4.038
4176.0 4.038 4.138
4262.0 4.138 4.238
4176.0 4.238 4.338
4394.0 4.338 4.838
4235.0 4.838 5.338
4176.0 5.338 5.838
4470.0 5.838 6.338
5486.0 6.338 5.405
6974.0 5.405 4.179
7475.0 4.179 3.768
6363.0 3.768 3.868
5013.0 3.868 3.968
4238.0 3.968 4.068
4293.0 4.068 4.168
4176.0 4.168 4.268
4230.0 4.268 4.768
4263.0 4.768 5.268
4412.0 5.268 5.768
4727.0 5.768 6.268
5675.0 6.268 5.399
7424.0 5.399 3.984
8088.0 3.984 3.483
6496.0 3.483 3.583
4597.0 3.583 3.683
4176.0 3.683 3.783
4325.0 3.783 3.883
4233.0 3.883 3.983
4176.0 3.983 4.483
4273.0 4.483 4.983
4208.0 4.983 5.483
4213.0 5.483 5.983
4465.0 5.983 6.483
5117.0 6.483 5.863
6289.0 5.863 4.83
7400.0 4.83 3.973
7228.0 3.973 4.073
5528.0 4.073 4.173
4251.0 4.173 4.273
4213.0 4.273 4.373
4368.0 4.373 4.473
4235.0 4.473 4.973
4241.0 4.973 5.473
4241.0 5.473 5.973
4545.0 5.973 6.473
5273.0 6.473 5.779
6476.0 5.779 4.728
7319.0 4.728 4.063
6705.0 4.063 4.163
5109.0 4.163 4.263
4245.0 4.263 4.363
4176.0 4.363 4.463
4176.0 4.463 4.563
4299.0 4.563 5.063
4348.0 5.063 5.563
4605.0 5.563 6.063
5001.0 6.063 5.698
5813.0 5.698 5.008
7025.0 5.008 4.082
7751.0 4.082 3.573
6279.0 3.573 3.673
4647.0 3.673 3.773
4297.0 3.773 3.873
4285.0 3.873 3.973
4176.0 3.973 4.073
4176.0 4.073 4.573
4176.0 4.573 5.073
4400.0 5.073 5.573
4543.0 5.573 6.073
5038.0 6.073 5.634
6194.0 5.634 4.671
7267.0 4.671 3.87
7131.0 3.87 3.86
5371.0 3.86 3.96
4202.0 3.96 4.06
4306.0 4.06 4.16
4227.0 4.16 4.26
4176.0 4.26 4.36
4229.0 4.36 4.86
4233.0 4.86 5.36
4724.0 5.36 5.86
5123.0 5.86 5.483
6415.0 5.483 4.447
7535.0 4.447 3.644
7079.0 3.644 3.744
5115.0 3.744 3.844
4238.0 3.844 3.944
4289.0 3.944 4.044
4325.0 4.044 4.144
4259.0 4.144 4.644
4360.0 4.644 5.144
4229.0 5.144 5.644
4427.0 5.644 6.144
5147.0 6.144 5.505
6203.0 5.505 4.62
7605.0 4.62 3.62
7201.0 3.62 3.72
5009.0 3.72 3.82
4176.0 3.82 3.92
4176.0 3.92 4.02
4247.0 4.02 4.12
4220.0 4.12 4.62
4346.0 4.62 5.12
4310.0 5.12 5.62
4446.0 5.62 6.12
4977.0 6.12 6.62
6345.0 6.62 5.289
7357.0 5.289 4.407
7688.0 4.407 4.111
5495.0 4.111 4.211
4202.0 4.211 4.311
4225.0 4.311 4.411
4293.0 4.411 4.511
4345.0 4.511 4.611
4579.0 4.611 5.111
4562.0 5.111 5.611
4475.0 5.611 6.111
4832.0 6.111 6.611
5940.0 6.611 5.545
7031.0 5.545 4.586
7480.0 4.586 4.199
6003.0 4.199 4.299
4842.0 4.299 4.399
4243.0 4.399 4.499
4369.0 4.499 4.599
4287.0 4.599 4.699
4254.0 4.699 5.199
4273.0 5.199 5.699
4341.0 5.699 6.199
4767.0 6.199 6.699
5787.0 6.699 5.691
7042.0 5.691 4.584
7770.0 4.584 4.006
6288.0 4.006 4.106
4752.0 4.106 4.206
4176.0 4.206 4.306
4214.0 4.306 4.406
4176.0 4.406 4.506
4331.0 4.506 5.006
4309.0 5.006 5.506
4389.0 5.506 6.006
4704.0 6.006 6.506
5548.0 6.506 5.7
6870.0 5.7 4.557
7608.0 4.557 3.972
6407.0 3.972 4.072
4451.0 4.072 4.172
4359.0 4.172 4.272
4331.0 4.272 4.372
4233.0 4.372 4.472
4315.0 4.472 4.972
4232.0 4.972 5.472
4460.0 5.472 5.972
4955.0 5.972 6.472
6187.0 6.472 5.296
7558.0 5.296 4.16
7563.0 4.16 4.045
5907.0 4.045 4.145
4515.0 4.145 4.245
4372.0 4.245 4.345
4176.0 4.345 4.445
4176.0 4.445 4.545
4310.0 4.545 5.045
4458.0 5.045 5.545
4347.0 5.545 6.045
4566.0 6.045 6.545
5446.0 6.545 5.715
7144.0 5.715 4.266
7650.0 4.266 3.828
6786.0 3.828 3.928
4514.0 3.928 4.028
4251.0 4.028 4.128
4204.0 4.128 4.228
4286.0 4.228 4.328
4271.0 4.328 4.828
4359.0 4.828 5.328
4480.0 5.328 5.828
4765.0 5.828 6.328
5605.0 6.328 5.551
7335.0 5.551 4.121
7794.0 4.121 3.724
6486.0 3.724 3.824
4806.0 3.824 3.924
4176.0 3.924 4.024
4178.0 4.024 4.124
4396.0 4.124 4.224
4276.0 4.224 4.724
4242.0 4.724 5.224
4220.0 5.224 5.724
4305.0 5.724 6.224
4836.0 6.224 6.724
6044.0 6.724 5.523
7660.0 5.523 4.15
7474.0 4.15 4.129
5886.0 4.129 4.229
4287.0 4.229 4.329
4356.0 4.329 4.429
4176.0 4.429 4.529
4251.0 4.529 4.629
4186.0 4.629 5.129
4238.0 5.129 5.629
4456.0 5.629 6.129
4660.0 6.129 6.629
5532.0 6.629 5.793
7394.0 5.793 4.192
7634.0 4.192 3.906
6378.0 3.906 4.006
4764.0 4.006 4.106
4176.0 4.106 4.206
4348.0 4.206 4.306
4545.0 4.306 4.406
4346.0 4.406 4.906
4219.0 4.906 5.406
4176.0 5.406 5.906
4542.0 5.906 6.406
5458.0 6.406 5.544
6764.0 5.544 4.437
7549.0 4.437 3.839
6741.0 3.839 3.939
4745.0 3.939 4.039
4176.0 4.039 4.139
4176.0 4.139 4.239
4176.0 4.239 4.339
4267.0 4.339 4.839
4176.0 4.839 5.339
4413.0 5.339 5.839
4590.0 5.839 6.339
5526.0 6.339 5.485
6930.0 5.485 4.315
7714.0 4.315 3.726
6858.0 3.726 3.826
4594.0 3.826 3.926
4576.0 3.926 4.026
4329.0 4.026 4.126
4326.0 4.126 4.226
4341.0 4.226 4.726
4379.0 4.726 5.226
4599.0 5.226 5.726
4875.0 5.726 6.226
6115.0 6.226 5.112
7315.0 5.112 4.139
7371.0 4.139 4.008
6011.0 4.008 4.108
4394.0 4.108 4.208
4176.0 4.208 4.308
4299.0 4.308 4.408
4327.0 4.408 4.508
4183.0 4.508 5.008
4251.0 5.008 5.508
4332.0 5.508 6.008
4941.0 6.008 6.508
6037.0 6.508 5.439
7527.0 5.439 4.193
7742.0 4.193 3.946
6406.0 3.946 4.046
4690.0 4.046 4.146
4285.0 4.146 4.246
4176.0 4.246 4.346
4248.0 4.346 4.446
4176.0 4.446 4.946
4176.0 4.946 5.446
4391.0 5.446 5.946
4694.0 5.946 6.446
5482.0 6.446 5.698
6912.0 5.698 4.475
7650.0 4.475 3.892
6358.0 3.892 3.992
4636.0 3.992 4.092
4299.0 4.092 4.192
4454.0 4.192 4.292
4435.0 4.292 4.392
4226.0 4.392 4.892
4176.0 4.892 5.392
4610.0 5.392 5.892
4952.0 5.892 6.392
5856.0 6.392 5.539
7315.0 5.539 4.315
7838.0 4.315 3.88
5781.0 3.88 3.98
4458.0 3.98 4.08
4231.0 4.08 4.18
4176.0 4.18 4.28
4266.0 4.28 4.38
4293.0 4.38 4.88
4296.0 4.88 5.38
4601.0 5.38 5.88
5099.0 5.88 5.439
6327.0 5.439 4.453
7382.0 4.453 3.694
7186.0 3.694 3.794
4930.0 3.794 3.894
4232.0 3.894 3.994
4255.0 3.994 4.094
4176.0 4.094 4.194
4242.0 4.194 4.694
4218.0 4.694 5.194
4238.0 5.194 5.694
4380.0 5.694 6.194
4635.0 6.194 6.694
5651.0 6.694 5.71
6901.0 5.71 4.606
7486.0 4.606 4.117
6464.0 4.117 4.217
4644.0 4.217 4.317
4332.0 4.317 4.417
4271.0 4.417 4.517
4241.0 4.517 4.617
4338.0 4.617 5.117
4199.0 5.117 5.617
4540.0 5.617 6.117
4996.0 6.117 6.617
6192.0 6.617 5.452
7372.0 5.452 4.431
7439.0 4.431 4.286
5779.0 4.286 4.386
4318.0 4.386 4.486
4438.0 4.486 4.586
4179.0 4.586 4.686
4176.0 4.686 4.786
4235.0 4.786 5.286
4176.0 5.286 5.786
4345.0 5.786 6.286
4191.0 6.286 6.786
4323.0 6.786 7.286
4666.0 7.286 7.786
5255.0 7.786 7.095
6382.0 7.095 5.897
7222.0 5.897 5.079
6694.0 5.079 5.179
4847.0 5.179 5.279
4375.0 5.279 5.379
4421.0 5.379 5.479
4176.0 5.479 5.579
4206.0 5.579 6.079
4211.0 6.079 6.579
