4932.0 1.0 1.1
4932.0 1.1 1.2
4932.0 1.2 1.3
4932.0 1.3 1.4
4932.0 1.4 1.5
4932.0 1.5 2.0
4932.0 2.0 2.5
4848.0 2.5 3.0
4848.0 3.0 3.5
4848.0 3.5 4.0
4629.0 4.0 4.5
4312.0 4.5 5.0
4292.0 5.0 5.5
4176.0 5.5 6.0
4294.0 6.0 6.5
4798.0 6.5 7.0
5902.0 7.0 5.855
7096.0 5.855 4.756
6858.0 4.756 4.856
5886.0 4.856 4.956
4558.0 4.956 5.056
4737.0 5.056 5.156
4176.0 5.156 5.256
4210.0 5.256 5.756
4243.0 5.756 6.256
4251.0 6.256 6.756
4571.0 6.756 7.256
4863.0 7.256 7.756
6183.0 7.756 6.278
6957.0 6.278 5.448
6867.0 5.448 5.427
5753.0 5.427 5.527
4653.0 5.527 5.627
4545.0 5.627 5.727
4341.0 5.727 5.827
4287.0 5.827 5.927
4425.0 5.927 6.427
4256.0 6.427 6.927
4547.0 6.927 7.427
4963.0 7.427 7.927
6166.0 7.927 6.529
7504.0 6.529 5.162
7642.0 5.162 4.927
6014.0 4.927 5.027
4282.0 5.027 5.127
4193.0 5.127 5.227
4176.0 5.227 5.327
4392.0 5.327 5.427
4387.0 5.427 5.927
4258.0 5.927 6.427
4259.0 6.427 6.927
4442.0 6.927 7.427
4774.0 7.427 7.927
5725.0 7.927 6.823
7315.0 6.823 5.185
7783.0 5.185 4.69
6610.0 4.69 4.79
4782.0 4.79 4.89
4346.0 4.89 4.99
4176.0 4.99 5.09
4249.0 5.09 5.19
4263.0 5.19 5.69
4176.0 5.69 6.19
4537.0 6.19 6.69
4559.0 6.69 7.19
4719.0 7.19 7.69
5569.0 7.69 6.752
7045.0 6.752 5.254
7855.0 5.254 4.512
6792.0 4.512 4.612
4764.0 4.612 4.712
4245.0 4.712 4.812
4512.0 4.812 4.912
4301.0 4.912 5.012
4401.0 5.012 5.512
4274.0 5.512 6.012
4279.0 6.012 6.512
4474.0 6.512 7.012
4914.0 7.012 7.512
6286.0 7.512 6.008
7438.0 6.008 4.889
7150.0 4.889 4.989
5655.0 4.989 5.089
4206.0 5.089 5.189
4303.0 5.189 5.289
4389.0 5.289 5.389
4227.0 5.389 5.889
4176.0 5.889 6.389
4241.0 6.389 6.889
4527.0 6.889 7.389
4495.0 7.389 7.889
5215.0 7.889 7.093
6585.0 7.093 5.643
7503.0 5.643 4.774
7005.0 4.774 4.874
5641.0 4.874 4.974
4176.0 4.974 5.074
4522.0 5.074 5.174
4176.0 5.174 5.274
4237.0 5.274 5.774
4187.0 5.774 6.274
4362.0 6.274 6.774
4303.0 6.774 7.274
4607.0 7.274 7.774
5591.0 7.774 6.662
6887.0 6.662 5.334
7595.0 5.334 4.673
6652.0 4.673 4.773
5052.0 4.773 4.873
4254.0 4.873 4.973
4331.0 4.973 5.073
4176.0 5.073 5.173
4176.0 5.173 5.673
4375.0 5.673 6.173
4462.0 6.173 6.673
4385.0 6.673 7.173
4781.0 7.173 7.673
5784.0 7.673 6.543
7326.0 6.543 5.01
7308.0 5.01 4.876
6018.0 4.876 4.976
4718.0 4.976 5.076
4266.0 5.076 5.176
4416.0 5.176 5.276
4463.0 5.276 5.376
4397.0 5.376 5.876
4201.0 5.876 6.376
4284.0 6.376 6.876
4364.0 6.876 7.376
4912.0 7.376 7.876
6075.0 7.876 6.517
7455.0 6.517 5.117
7659.0 5.117 4.834
5961.0 4.834 4.934
4349.0 4.934 5.034
4281.0 5.034 5.134
4417.0 5.134 5.234
4432.0 5.234 5.334
4231.0 5.334 5.834
4335.0 5.834 6.334
4256.0 6.334 6.834
4377.0 6.834 7.334
4893.0 7.334 7.834
6278.0 7.834 6.242
7370.0 6.242 5.129
7400.0 5.129 4.993
5801.0 4.993 5.093
4329.0 5.093 5.193
4203.0 5.193 5.293
4176.0 5.293 5.393
4241.0 5.393 5.493
4379.0 5.493 5.993
4184.0 5.993 6.493
4191.0 6.493 6.993
4297.0 6.993 7.493
4925.0 7.493 7.993
6094.0 7.993 6.595
7822.0 6.595 4.856
7682.0 4.856 4.791
5959.0 4.791 4.891
4224.0 4.891 4.991
4267.0 4.991 5.091
4180.0 5.091 5.191
4300.0 5.191 5.291
4370.0 5.291 5.791
4179.0 5.791 6.291
4176.0 6.291 6.791
4621.0 6.791 7.291
5189.0 7.291 6.655
6455.0 6.655 5.403
7661.0 5.403 4.363
7322.0 4.363 4.463
5542.0 4.463 4.563
4176.0 4.563 4.663
4539.0 4.663 4.763
4176.0 4.763 4.863
4176.0 4.863 5.363
4248.0 5.363 5.863
4226.0 5.863 6.363
4457.0 6.363 6.863
4647.0 6.863 7.363
5019.0 7.363 6.952
6340.0 6.952 5.617
7366.0 5.617 4.676
7075.0 4.676 4.776
5479.0 4.776 4.876
4372.0 4.876 4.976
4200.0 4.976 5.076
4344.0 5.076 5.176
4304.0 5.176 5.676
4255.0 5.676 6.176
4308.0 6.176 6.676
4231.0 6.676 7.176
4600.0 7.176 7.676
5352.0 7.676 6.819
6572.0 6.819 5.559
7880.0 5.559 4.413
7082.0 4.413 4.513
5138.0 4.513 4.613
4219.0 4.613 4.713
4216.0 4.713 4.813
4176.0 4.813 4.913
4241.0 4.913 5.413
4270.0 5.413 5.913
4353.0 5.913 6.413
4403.0 6.413 6.913
4847.0 6.913 7.413
5755.0 7.413 6.412
7237.0 6.412 4.973
7651.0 4.973 4.546
6469.0 4.546 4.646
4581.0 4.646 4.746
4305.0 4.746 4.846
4238.0 4.846 4.946
4176.0 4.946 5.046
4176.0 5.046 5.546
4190.0 5.546 6.046
4232.0 6.046 6.546
4593.0 6.546 7.046
5145.0 7.046 6.456
6374.0 6.456 5.278
7562.0 5.278 4.28
7290.0 4.28 4.38
5778.0 4.38 4.48
4278.0 4.48 4.58
4244.0 4.58 4.68
4273.0 4.68 4.78
4190.0 4.78 5.28
4314.0 5.28 5.78
4176.0 5.78 6.28
4435.0 6.28 6.78
4614.0 6.78 7.28
5426.0 7.28 6.425
6682.0 6.425 5.201
8122.0 5.201 4.029
6862.0 4.029 4.129
5030.0 4.129 4.229
4295.0 4.229 4.329
4191.0 4.329 4.429
4176.0 4.429 4.529
4325.0 4.529 5.029
4265.0 5.029 5.529
4342.0 5.529 6.029
4630.0 6.029 6.529
5326.0 6.529 5.859
6925.0 5.859 4.472
7952.0 4.472 3.697
6739.0 3.697 3.797
5176.0 3.797 3.897
4367.0 3.897 3.997
4239.0 3.997 4.097
4176.0 4.097 4.197
4188.0 4.197 4.697
4176.0 4.697 5.197
4298.0 5.197 5.697
4547.0 5.697 6.197
5843.0 6.197 5.044
7428.0 5.044 3.807
7794.0 3.807 3.495
5810.0 3.495 3.595
4405.0 3.595 3.695
4218.0 3.695 3.795
4286.0 3.795 3.895
4176.0 3.895 3.995
4322.0 3.995 4.495
4241.0 4.495 4.995
4243.0 4.995 5.495
4470.0 5.495 5.995
5067.0 5.995 5.471
6235.0 5.471 4.516
7503.0 4.516 3.616
6889.0 3.616 3.716
5593.0 3.716 3.816
4278.0 3.816 3.916
4203.0 3.916 4.016
4176.0 4.016 4.116
4271.0 4.116 4.616
4361.0 4.616 5.116
4432.0 5.116 5.616
4283.0 5.616 6.116
4643.0 6.116 6.616
5587.0 6.616 5.702
7187.0 5.702 4.326
7762.0 4.326 3.848
6926.0 3.848 3.948
4614.0 3.948 4.048
4372.0 4.048 4.148
4176.0 4.148 4.248
4247.0 4.248 4.348
4176.0 4.348 4.848
4310.0 4.848 5.348
4434.0 5.348 5.848
4737.0 5.848 6.348
5765.0 6.348 5.398
7515.0 5.398 3.975
7843.0 3.975 3.661
6399.0 3.661 3.761
4602.0 3.761 3.861
4176.0 3.861 3.961
4204.0 3.961 4.061
4176.0 4.061 4.161
4291.0 4.161 4.661
4176.0 4.661 5.161
4290.0 5.161 5.661
4449.0 5.661 6.161
5013.0 6.161 5.656
6249.0 5.656 4.62
7772.0 4.62 3.529
7116.0 3.529 3.629
5562.0 3.629 3.729
4225.0 3.729 3.829
4350.0 3.829 3.929
4176.0 3.929 4.029
4240.0 4.029 4.529
4176.0 4.529 5.029
4359.0 5.029 5.529
4219.0 5.529 6.029
4423.0 6.029 6.529
5455.0 6.529 5.564
6718.0 5.564 4.477
7780.0 4.477 3.702
6666.0 3.702 3.802
4947.0 3.802 3.902
4371.0 3.902 4.002
4391.0 4.002 4.102
4395.0 4.102 4.202
4303.0 4.202 4.702
4176.0 4.702 5.202
4254.0 5.202 5.702
4593.0 5.702 6.202
5557.0 6.202 5.328
7399.0 5.328 3.86
7790.0 3.86 3.516
6010.0 3.516 3.616
4281.0 3.616 3.716
4267.0 3.716 3.816
4214.0 3.816 3.916
4461.0 3.916 4.016
4324.0 4.016 4.516
4256.0 4.516 5.016
4319.0 5.016 5.516
4687.0 5.516 6.016
5535.0 6.016 5.262
6723.0 5.262 4.304
7602.0 4.304 3.677
7062.0 3.677 3.777
4594.0 3.777 3.877
4308.0 3.877 3.977
4268.0 3.977 4.077
4364.0 4.077 4.177
4277.0 4.177 4.677
4360.0 4.677 5.177
4509.0 5.177 5.677
4740.0 5.677 6.177
5928.0 6.177 5.122
7409.0 5.122 3.951
7480.0 3.951 3.799
5984.0 3.799 3.899
4355.0 3.899 3.999
4380.0 3.999 4.099
4557.0 4.099 4.199
4176.0 4.199 4.299
4176.0 4.299 4.799
4350.0 4.799 5.299
4665.0 5.299 5.799
5343.0 5.799 5.214
6155.0 5.214 4.556
7319.0 4.556 3.741
7211.0 3.741 3.714
5407.0 3.714 3.814
4309.0 3.814 3.914
4258.0 3.914 4.014
4176.0 4.014 4.114
4299.0 4.114 4.214
4319.0 4.214 4.714
4389.0 4.714 5.214
4370.0 5.214 5.714
4886.0 5.714 6.214
5862.0 6.214 5.309
7467.0 5.309 4.02
7828.0 4.02 3.694
6396.0 3.694 3.794
4662.0 3.794 3.894
4208.0 3.894 3.994
4176.0 3.994 4.094
4329.0 4.094 4.194
4189.0 4.194 4.694
4241.0 4.694 5.194
4352.0 5.194 5.694
4487.0 5.694 6.194
5191.0 6.194 5.568
6459.0 5.568 4.509
7694.0 4.509 3.622
7149.0 3.622 3.722
4709.0 3.722 3.822
4302.0 3.822 3.922
4290.0 3.922 4.022
4176.0 4.022 4.122
4176.0 4.122 4.622
4317.0 4.622 5.122
4319.0 5.122 5.622
4625.0 5.622 6.122
5337.0 6.122 5.479
6373.0 5.479 4.612
7488.0 4.612 3.801
6985.0 3.801 3.901
4901.0 3.901 4.001
4176.0 4.001 4.101
4216.0 4.101 4.201
4183.0 4.201 4.301
4234.0 4.301 4.801
4227.0 4.801 5.301
4275.0 5.301 5.801
4404.0 5.801 6.301
5132.0 6.301 5.644
6324.0 5.644 4.629
7580.0 4.629 3.711
7191.0 3.711 3.811
5143.0 3.811 3.911
4270.0 3.911 4.011
4361.0 4.011 4.111
4340.0 4.111 4.211
4321.0 4.211 4.711
4216.0 4.711 5.211
4481.0 5.211 5.711
4742.0 5.711 6.211
5630.0 6.211 5.407
7482.0 5.407 3.917
7904.0 3.917 3.551
6588.0 3.551 3.651
4743.0 3.651 3.751
4294.0 3.751 3.851
4244.0 3.851 3.951
4215.0 3.951 4.051
4354.0 4.051 4.551
4226.0 4.551 5.051
4176.0 5.051 5.551
4280.0 5.551 6.051
4757.0 6.051 6.551
5809.0 6.551 5.53
7428.0 5.53 4.169
7941.0 4.169 3.741
6305.0 3.741 3.841
4571.0 3.841 3.941
4442.0 3.941 4.041
4255.0 4.041 4.141
4214.0 4.141 4.241
4294.0 4.241 4.741
4176.0 4.741 5.241
4335.0 5.241 5.741
4794.0 5.741 6.241
6050.0 6.241 5.092
7349.0 5.092 4.048
7370.0 4.048 3.933
5746.0 3.933 4.033
4434.0 4.033 4.133
4176.0 4.133 4.233
4336.0 4.233 4.333
4626.0 4.333 4.433
4487.0 4.433 4.933
4426.0 4.933 5.433
4595.0 5.433 5.933
5225.0 5.933 5.393
6337.0 5.393 4.492
7663.0 4.492 3.564
6915.0 3.564 3.664
5601.0 3.664 3.764
4223.0 3.764 3.864
4316.0 3.864 3.964
4318.0 3.964 4.064
4288.0 4.064 4.564
4281.0 4.564 5.064
4328.0 5.064 5.564
4405.0 5.564 6.064
4807.0 6.064 6.564
6039.0 6.564 5.385
7421.0 5.385 4.222
7729.0 4.222 3.926
6113.0 3.926 4.026
4532.0 4.026 4.126
4401.0 4.126 4.226
4373.0 4.226 4.326
4316.0 4.326 4.426
4351.0 4.426 4.926
4365.0 4.926 5.426
4460.0 5.426 5.926
4832.0 5.926 6.426
5936.0 6.426 5.39
7430.0 5.39 4.154
7659.0 4.154 3.901
6163.0 3.901 4.001
4540.0 4.001 4.101
4176.0 4.101 4.201
4271.0 4.201 4.301
4409.0 4.301 4.401
4237.0 4.401 4.901
4200.0 4.901 5.401
4379.0 5.401 5.901
4811.0 5.901 6.401
5639.0 6.401 5.609
7276.0 5.609 4.236
7978.0 4.236 3.69
6156.0 3.69 3.79
4413.0 3.79 3.89
4301.0 3.89 3.99
4256.0 3.99 4.09
4209.0 4.09 4.19
4176.0 4.19 4.69
4352.0 4.69 5.19
4379.0 5.19 5.69
4801.0 5.69 6.19
5837.0 6.19 5.246
7165.0 5.246 4.171
7683.0 4.171 3.761
6135.0 3.761 3.861
4608.0 3.861 3.961
4176.0 3.961 4.061
4176.0 4.061 4.161
4286.0 4.161 4.261
4214.0 4.261 4.761
4176.0 4.761 5.261
4472.0 5.261 5.761
4949.0 5.761 6.261
5973.0 6.261 5.308
7376.0 5.308 4.164
7569.0 4.164 3.939
6093.0 3.939 4.039
4617.0 4.039 4.139
4359.0 4.139 4.239
4176.0 4.239 4.339
4216.0 4.339 4.439
4218.0 4.439 4.939
4611.0 4.939 5.439
4723.0 5.439 5.939
5315.0 5.939 5.43
6515.0 5.43 4.46
7392.0 4.46 3.813
7040.0 3.813 3.913
5404.0 3.913 4.013
4238.0 4.013 4.113
4315.0 4.113 4.213
4229.0 4.213 4.313
4456.0 4.313 4.813
4558.0 4.813 5.313
4355.0 5.313 5.813
4625.0 5.813 6.313
5533.0 6.313 5.483
7159.0 5.483 4.145
7691.0 4.145 3.71
6679.0 3.71 3.81
4888.0 3.81 3.91
4176.0 3.91 4.01
4295.0 4.01 4.11
4228.0 4.11 4.21
4176.0 4.21 4.71
4213.0 4.71 5.21
4466.0 5.21 5.71
4591.0 5.71 6.21
5395.0 6.21 5.494
6759.0 5.494 4.365
7642.0 4.365 3.714
7126.0 3.714 3.814
4918.0 3.814 3.914
4176.0 3.914 4.014
4218.0 4.014 4.114
4440.0 4.114 4.214
4461.0 4.214 4.714
4330.0 4.714 5.214
4353.0 5.214 5.714
4602.0 5.714 6.214
5410.0 6.214 5.484
6610.0 5.484 4.482
7730.0 4.482 3.677
6962.0 3.677 3.777
4662.0 3.777 3.877
4176.0 3.877 3.977
4176.0 3.977 4.077
4210.0 4.077 4.177
4191.0 4.177 4.677
4176.0 4.677 5.177
4295.0 5.177 5.677
4610.0 5.677 6.177
5630.0 6.177 5.259
7195.0 5.259 4.009
7649.0 4.009 3.635
6445.0 3.635 3.735
4768.0 3.735 3.835
4176.0 3.835 3.935
4256.0 3.935 4.035
4268.0 4.035 4.135
4176.0 4.135 4.635
4211.0 4.635 5.135
4301.0 5.135 5.635
4490.0 5.635 6.135
5117.0 6.135 5.575
6501.0 5.575 4.431
7662.0 4.431 3.597
6868.0 3.597 3.697
5452.0 3.697 3.797
4306.0 3.797 3.897
4176.0 3.897 3.997
4226.0 3.997 4.097
4310.0 4.097 4.597
4287.0 4.597 5.097
4309.0 5.097 5.597
4377.0 5.597 6.097
4806.0 6.097 6.597
5902.0 6.597 5.535
7398.0 5.535 4.264
7832.0 4.264 3.882
6460.0 3.882 3.982
4891.0 3.982 4.082
4210.0 4.082 4.182
4260.0 4.182 4.282
4176.0 4.282 4.382
4176.0 4.382 4.882
4176.0 4.882 5.382
4290.0 5.382 5.882
4469.0 5.882 6.382
5529.0 6.382 5.414
7062.0 5.414 4.149
7914.0 4.149 3.533
6658.0 3.533 3.633
4777.0 3.633 3.733
4364.0 3.733 3.833
4180.0 3.833 3.933
4176.0 3.933 4.033
4464.0 4.033 4.533
4580.0 4.533 5.033
4666.0 5.033 5.533
4507.0 5.533 6.033
5053.0 6.033 5.587
5921.0 5.587 4.857
7349.0 4.857 3.806
7390.0 3.806 3.682
5990.0 3.682 3.782
4484.0 3.782 3.882
4257.0 3.882 3.982
4176.0 3.982 4.082
4176.0 4.082 4.182
4461.0 4.182 4.682
4264.0 4.682 5.182
4446.0 5.182 5.682
4764.0 5.682 6.182
6044.0 6.182 5.037
7698.0 5.037 3.754
8049.0 3.754 3.45
5937.0 3.45 3.55
4186.0 3.55 3.65
4382.0 3.65 3.75
4176.0 3.75 3.85
4274.0 3.85 3.95
4233.0 3.95 4.45
4176.0 4.45 4.95
4428.0 4.95 5.45
4551.0 5.45 5.95
4689.0 5.95 6.45
5817.0 6.45 5.414
7336.0 5.414 4.154
7684.0 4.154 3.831
6104.0 3.831 3.931
4613.0 3.931 4.031
4176.0 4.031 4.131
4340.0 4.131 4.231
4363.0 4.231 4.331
4219.0 4.331 4.831
4266.0 4.831 5.331
4371.0 5.331 5.831
4743.0 5.831 6.331
5419.0 6.331 5.689
7065.0 5.689 4.306
7872.0 4.306 3.688
6462.0 3.688 3.788
4632.0 3.788 3.888
4196.0 3.888 3.988
4337.0 3.988 4.088
4250.0 4.088 4.188
4428.0 4.188 4.688
4442.0 4.688 5.188
4545.0 5.188 5.688
4701.0 5.688 6.188
5733.0 6.188 5.276
7224.0 5.276 4.077
7955.0 4.077 3.544
6391.0 3.544 3.644
4618.0 3.644 3.744
4234.0 3.744 3.844
4240.0 3.844 3.944
4524.0 3.944 4.044
4340.0 4.044 4.544
4272.0 4.544 5.044
4295.0 5.044 5.544
4370.0 5.544 6.044
4757.0 6.044 6.544
5889.0 6.544 5.462
7419.0 5.462 4.179
7753.0 4.179 3.861
6221.0 3.861 3.961
4361.0 3.961 4.061
4260.0 4.061 4.161
4279.0 4.161 4.261
4341.0 4.261 4.361
4340.0 4.361 4.861
4204.0 4.861 5.361
4334.0 5.361 5.861
4817.0 5.861 6.361
5941.0 6.361 5.305
7029.0 5.305 4.386
7217.0 4.386 4.176
5901.0 4.176 4.276
4371.0 4.276 4.376
4289.0 4.376 4.476
4463.0 4.476 4.576
4463.0 4.576 4.676
4176.0 4.676 5.176
4295.0 5.176 5.676
4264.0 5.676 6.176
4672.0 6.176 6.676
5588.0 6.676 5.773
6907.0 5.773 4.609
7824.0 4.609 3.901
6812.0 3.901 4.001
4368.0 4.001 4.101
4285.0 4.101 4.201
4229.0 4.201 4.301
4176.0 4.301 4.401
4263.0 4.401 4.901
4285.0 4.901 5.401
4260.0 5.401 5.901
4608.0 5.901 6.401
5772.0 6.401 5.319
7409.0 5.319 3.988
7701.0 3.988 3.7
6117.0 3.7 3.8
4392.0 3.8 3.9
4242.0 3.9 4.0
4347.0 4.0 4.1
4264.0 4.1 4.2
4185.0 4.2 4.7
4323.0 4.7 5.2
4307.0 5.2 5.7
4595.0 5.7 6.2
5471.0 6.2 5.408
7061.0 5.408 4.118
7483.0 4.118 3.752
6335.0 3.752 3.852
4790.0 3.852 3.952
4310.0 3.952 4.052
4239.0 4.052 4.152
4555.0 4.152 4.252
4467.0 4.252 4.752
4658.0 4.752 5.252
4576.0 5.252 5.752
5044.0 5.752 5.381
6144.0 5.381 4.509
7092.0 4.509 3.819
7160.0 3.819 3.71
5540.0 3.71 3.81
4228.0 3.81 3.91
4226.0 3.91 4.01
4582.0 4.01 4.11
4305.0 4.11 4.21
4176.0 4.21 4.71
4236.0 4.71 5.21
4447.0 5.21 5.71
4960.0 5.71 6.21
6520.0 6.21 4.795
7532.0 4.795 3.979
7043.0 3.979 4.079
5439.0 4.079 4.179
4237.0 4.179 4.279
4320.0 4.279 4.379
4447.0 4.379 4.479
4262.0 4.479 4.979
4394.0 4.979 5.479
4176.0 5.479 5.979
4284.0 5.979 6.479
5272.0 6.479 5.574
6653.0 5.574 4.399
7814.0 4.399 3.568
6362.0 3.568 3.668
4889.0 3.668 3.768
4176.0 3.768 3.868
4290.0 3.868 3.968
4324.0 3.968 4.068
4325.0 4.068 4.568
4468.0 4.568 5.068
4271.0 5.068 5.568
4646.0 5.568 6.068
5550.0 6.068 5.262
7038.0 5.262 4.079
7665.0 4.079 3.606
6521.0 3.606 3.706
4871.0 3.706 3.806
4435.0 3.806 3.906
4360.0 3.906 4.006
4176.0 4.006 4.106
4255.0 4.106 4.606
4252.0 4.606 5.106
4351.0 5.106 5.606
4625.0 5.606 6.106
5405.0 6.106 5.409
6845.0 5.409 4.241
7860.0 4.241 3.524
6868.0 3.524 3.624
5389.0 3.624 3.724
4423.0 3.724 3.824
4209.0 3.824 3.924
4278.0 3.924 4.024
4176.0 4.024 4.524
4287.0 4.524 5.024
4176.0 5.024 5.524
4317.0 5.524 6.024
4434.0 6.024 6.524
5126.0 6.524 5.877
6502.0 5.877 4.672
7465.0 4.672 3.922
6993.0 3.922 4.022
5185.0 4.022 4.122
4186.0 4.122 4.222
4182.0 4.222 4.322
4213.0 4.322 4.422
4412.0 4.422 4.922
4381.0 4.922 5.422
4297.0 5.422 5.922
4504.0 5.922 6.422
5352.0 6.422 5.638
6841.0 5.638 4.376
7919.0 4.376 3.593
6585.0 3.593 3.693
4827.0 3.693 3.793
4279.0 3.793 3.893
4176.0 3.893 3.993
4193.0 3.993 4.093
4204.0 4.093 4.593
4227.0 4.593 5.093
4406.0 5.093 5.593
4449.0 5.593 6.093
4959.0 6.093 6.593
5967.0 6.593 5.603
7206.0 5.603 4.526
7483.0 4.526 4.242
6049.0 4.242 4.342
4180.0 4.342 4.442
4423.0 4.442 4.542
4220.0 4.542 4.642
4176.0 4.642 4.742
4302.0 4.742 5.242
4568.0 5.242 5.742
4538.0 5.742 6.242
5122.0 6.242 5.731
6346.0 5.731 4.69
7460.0 4.69 3.852
7023.0 3.852 3.952
5395.0 3.952 4.052
4329.0 4.052 4.152
4387.0 4.152 4.252
4447.0 4.252 4.352
4390.0 4.352 4.852
4363.0 4.852 5.352
4236.0 5.352 5.852
4528.0 5.852 6.352
5476.0 6.352 5.479
6979.0 5.479 4.232
7837.0 4.232 3.603
6825.0 3.603 3.703
5169.0 3.703 3.803
4233.0 3.803 3.903
4176.0 3.903 4.003
4176.0 4.003 4.103
4225.0 4.103 4.603
4277.0 4.603 5.103
4267.0 5.103 5.603
4320.0 5.603 6.103
4587.0 6.103 6.603
5687.0 6.603 5.554
7104.0 5.554 4.342
7568.0 4.342 3.942
6592.0 3.942 4.042
4656.0 4.042 4.142
4200.0 4.142 4.242
4176.0 4.242 4.342
4176.0 4.342 4.442
4207.0 4.442 4.942
4253.0 4.942 5.442
4276.0 5.442 5.942
4660.0 5.942 6.442
5528.0 6.442 5.615
7289.0 5.615 4.141
7917.0 4.141 3.641
6645.0 3.641 3.741
4809.0 3.741 3.841
4247.0 3.841 3.941
4209.0 3.941 4.041
4319.0 4.041 4.141
4214.0 4.141 4.641
4332.0 4.641 5.141
4185.0 5.141 5.641
4478.0 5.641 6.141
4943.0 6.141 6.641
6079.0 6.641 5.527
7363.0 5.527 4.417
7535.0 4.417 4.2
6355.0 4.2 4.3
4275.0 4.3 4.4
4465.0 4.4 4.5
4278.0 4.5 4.6
4363.0 4.6 4.7
4176.0 4.7 5.2
4226.0 5.2 5.7
4490.0 5.7 6.2
4778.0 6.2 6.7
5714.0 6.7 5.784
7394.0 5.784 4.325
8042.0 4.325 3.796
6089.0 3.796 3.896
4286.0 3.896 3.996
4203.0 3.996 4.096
4305.0 4.096 4.196
4238.0 4.196 4.296
4176.0 4.296 4.796
4268.0 4.796 5.296
4230.0 5.296 5.796
4485.0 5.796 6.296
5461.0 6.296 5.408
6904.0 5.408 4.22
7746.0 4.22 3.607
6630.0 3.607 3.707
5064.0 3.707 3.807
4507.0 3.807 3.907
4419.0 3.907 4.007
4419.0 4.007 4.107
4411.0 4.107 4.607
4334.0 4.607 5.107
4328.0 5.107 5.607
4742.0 5.607 6.107
6026.0 6.107 4.965
7511.0 4.965 3.817
7574.0 3.817 3.673
5610.0 3.673 3.773
4176.0 3.773 3.873
4324.0 3.873 3.973
4570.0 3.973 4.073
4647.0 4.073 4.173
4448.0 4.173 4.673
4176.0 4.673 5.173
4398.0 5.173 5.673
4913.0 5.673 6.173
5845.0 6.173 5.309
7321.0 5.309 4.119
7682.0 4.119 3.796
6286.0 3.796 3.896
4651.0 3.896 3.996
4221.0 3.996 4.096
4289.0 4.096 4.196
4246.0 4.196 4.296
4187.0 4.296 4.796
4209.0 4.796 5.296
4236.0 5.296 5.796
4575.0 5.796 6.296
5299.0 6.296 5.62
6655.0 5.62 4.478
7792.0 4.478 3.651
6930.0 3.651 3.751
4947.0 3.751 3.851
4299.0 3.851 3.951
4263.0 3.951 4.051
4261.0 4.051 4.151
4395.0 4.151 4.651
4359.0 4.651 5.151
4274.0 5.151 5.651
4256.0 5.651 6.151
4898.0 6.151 6.651
5790.0 6.651 5.746
7252.0 5.746 4.472
8050.0 4.472 3.849
6422.0 3.849 3.949
4709.0 3.949 4.049
4256.0 4.049 4.149
4252.0 4.149 4.249
4252.0 4.249 4.349
4369.0 4.349 4.849
4283.0 4.849 5.349
4297.0 5.349 5.849
4936.0 5.849 6.349
6048.0 6.349 5.289
7378.0 5.289 4.194
7625.0 4.194 3.941
6121.0 3.941 4.041
4648.0 4.041 4.141
4211.0 4.141 4.241
4187.0 4.241 4.341
4187.0 4.341 4.441
4176.0 4.441 4.941
4351.0 4.941 5.441
4256.0 5.441 5.941
4724.0 5.941 6.441
5840.0 6.441 5.383
7349.0 5.383 4.135
7820.0 4.135 3.742
6536.0 3.742 3.842
4973.0 3.842 3.942
4176.0 3.942 4.042
4202.0 4.042 4.142
4308.0 4.142 4.242
4536.0 4.242 4.742
4520.0 4.742 5.242
4493.0 5.242 5.742
4532.0 5.742 6.242
5368.0 6.242 5.508
6592.0 5.508 4.483
7579.0 4.483 3.759
6727.0 3.759 3.859
5110.0 3.859 3.959
4431.0 3.959 4.059
4325.0 4.059 4.159
4327.0 4.159 4.259
4184.0 4.259 4.759
4176.0 4.759 5.259
4517.0 5.259 5.759
4655.0 5.759 6.259
5427.0 6.259 5.563
6998.0 5.563 4.262
7808.0 4.262 3.654
6768.0 3.654 3.754
4959.0 3.754 3.854
4211.0 3.854 3.954
4233.0 3.954 4.054
4241.0 4.054 4.154
4275.0 4.154 4.654
4466.0 4.654 5.154
4591.0 5.154 5.654
4491.0 5.654 6.154
5235.0 6.154 5.522
6551.0 5.522 4.434
7642.0 4.434 3.647
7021.0 3.647 3.747
4729.0 3.747 3.847
4176.0 3.847 3.947
4176.0 3.947 4.047
4176.0 4.047 4.147
4242.0 4.147 4.647
4272.0 4.647 5.147
4358.0 5.147 5.647
4441.0 5.647 6.147
4912.0 6.147 6.647
6220.0 6.647 5.374
7430.0 5.374 4.335
7382.0 4.335 4.259
5974.0 4.259 4.359
4220.0 4.359 4.459
4413.0 4.459 4.559
4176.0 4.559 4.659
4192.0 4.659 4.759
4176.0 4.759 5.259
4176.0 5.259 5.759
4243.0 5.759 6.259
4549.0 6.259 6.759
5453.0 6.759 5.867
6936.0 5.867 4.552
7716.0 4.552 3.927
6668.0 3.927 4.027
4532.0 4.027 4.127
4323.0 4.127 4.227
4373.0 4.227 4.327
4263.0 4.327 4.427
4176.0 4.427 4.927
4176.0 4.927 5.427
4402.0 5.427 5.927
4774.0 5.927 6.427
5794.0 6.427 5.464
7288.0 5.464 4.219
7874.0 4.219 3.753
6586.0 3.753 3.853
4957.0 3.853 3.953
4306.0 3.953 4.053
4176.0 4.053 4.153
4227.0 4.153 4.253
4254.0 4.253 4.753
4176.0 4.753 5.253
4414.0 5.253 5.753
5050.0 5.753 5.218
6066.0 5.218 4.415
7654.0 4.415 3.348
7497.0 3.348 3.321
5976.0 3.321 3.421
4209.0 3.421 3.521
4263.0 3.521 3.621
4251.0 3.621 3.721
4304.0 3.721 3.821
4255.0 3.821 4.321
4176.0 4.321 4.821
4281.0 4.821 5.321
4588.0 5.321 5.821
4951.0 5.821 6.321
6119.0 6.321 5.243
7587.0 5.243 4.053
7596.0 4.053 3.933
5980.0 3.933 4.033
4411.0 4.033 4.133
4424.0 4.133 4.233
4184.0 4.233 4.333
4195.0 4.333 4.433
4255.0 4.433 4.933
4322.0 4.933 5.433
4346.0 5.433 5.933
4892.0 5.933 6.433
6004.0 6.433 5.37
7167.0 5.37 4.385
7282.0 4.385 4.213
5878.0 4.213 4.313
4567.0 4.313 4.413
4176.0 4.413 4.513
4328.0 4.513 4.613
4379.0 4.613 4.713
4459.0 4.713 5.213
4222.0 5.213 5.713
4244.0 5.713 6.213
4430.0 6.213 6.713
5294.0 6.713 5.88
7152.0 5.88 4.259
8204.0 4.259 3.485
6773.0 3.485 3.585
5045.0 3.585 3.685
4261.0 3.685 3.785
4176.0 3.785 3.885
4261.0 3.885 3.985
4176.0 3.985 4.485
4176.0 4.485 4.985
4334.0 4.985 5.485
4332.0 5.485 5.985
4554.0 5.985 6.485
5126.0 6.485 5.94
6722.0 5.94 4.551
7760.0 4.551 3.756
6880.0 3.756 3.856
4940.0 3.856 3.956
4291.0 3.956 4.056
4192.0 4.056 4.156
4176.0 4.156 4.256
4176.0 4.256 4.756
4234.0 4.756 5.256
4498.0 5.256 5.756
4969.0 5.756 6.256
6157.0 6.256 5.16
7219.0 5.16 4.28
7266.0 4.28 4.161
6010.0 4.161 4.261
4708.0 4.261 4.361
4392.0 4.361 4.461
4349.0 4.461 4.561
4323.0 4.561 4.661
4324.0 4.661 5.161
4278.0 5.161 5.661
4465.0 5.661 6.161
4609.0 6.161 6.661
5677.0 6.661 5.645
7317.0 5.645 4.242
7817.0 4.242 3.813
6741.0 3.813 3.913
4517.0 3.913 4.013
4176.0 4.013 4.113
4194.0 4.113 4.213
4176.0 4.213 4.313
4275.0 4.313 4.813
4240.0 4.813 5.313
4317.0 5.313 5.813
4587.0 5.813 6.313
5495.0 6.313 5.48
6869.0 5.48 4.335
7480.0 4.335 3.851
6744.0 3.851 3.951
4692.0 3.951 4.051
4242.0 4.051 4.151
4211.0 4.151 4.251
4176.0 4.251 4.351
4176.0 4.351 4.851
4180.0 4.851 5.351
4176.0 5.351 5.851
4699.0 5.851 6.351
5983.0 6.351 5.151
7313.0 5.151 4.071
7182.0 4.071 4.038
5854.0 4.038 4.138
4537.0 4.138 4.238
4267.0 4.238 4.338
4202.0 4.338 4.438
4176.0 4.438 4.538
4258.0 4.538 5.038
4256.0 5.038 5.538
4264.0 5.538 6.038
4897.0 6.038 6.538
6021.0 6.538 5.437
7289.0 5.437 4.357
7756.0 4.357 3.964
5794.0 3.964 4.064
4357.0 4.064 4.164
4284.0 4.164 4.264
4176.0 4.264 4.364
4176.0 4.364 4.464
4176.0 4.464 4.964
4176.0 4.964 5.464
4310.0 5.464 5.964
4964.0 5.964 6.464
6188.0 6.464 5.281
7302.0 5.281 4.336
7455.0 4.336 4.146
6131.0 4.146 4.246
4240.0 4.246 4.346
4217.0 4.346 4.446
4297.0 4.446 4.546
4289.0 4.546 4.646
4176.0 4.646 5.146
4316.0 5.146 5.646
4527.0 5.646 6.146
5179.0 6.146 5.561
6319.0 5.561 4.607
7544.0 4.607 3.718
7031.0 3.718 3.818
5003.0 3.818 3.918
4176.0 3.918 4.018
4245.0 4.018 4.118
4176.0 4.118 4.218
4246.0 4.218 4.718
4462.0 4.718 5.218
4415.0 5.218 5.718
4349.0 5.718 6.218
4874.0 6.218 6.718
6162.0 6.718 5.446
7689.0 5.446 4.153
7410.0 4.153 4.253
5910.0 4.253 4.353
4488.0 4.353 4.453
4478.0 4.453 4.553
4318.0 4.553 4.653
4176.0 4.653 5.153
4407.0 5.153 5.653
4362.0 5.653 6.153
4254.0 6.153 6.653
4521.0 6.653 7.153
5409.0 7.153 6.232
6560.0 6.232 5.127
7597.0 5.127 4.269
7174.0 4.269 4.369
5394.0 4.369 4.469
4176.0 4.469 4.569
4250.0 4.569 4.669
4315.0 4.669 4.769
4349.0 4.769 5.269
4176.0 5.269 5.769
4589.0 5.769 6.269
4572.0 6.269 6.769
4980.0 6.769 7.269
6040.0 7.269 6.138
7384.0 6.138 4.864
7360.0 4.864 4.754
5820.0 4.754 4.854
4216.0 4.854 4.954
4176.0 4.954 5.054
4431.0 5.054 5.154
4295.0 5.154 5.254
4292.0 5.254 5.754
4320.0 5.754 6.254
4428.0 6.254 6.754
4694.0 6.754 7.254
5490.0 7.254 6.41
6810.0 6.41 5.132
7728.0 5.132 4.345
7058.0 4.345 4.445
5414.0 4.445 4.545
4203.0 4.545 4.645
4176.0 4.645 4.745
4328.0 4.745 4.845
4252.0 4.845 5.345
4193.0 5.345 5.845
4259.0 5.845 6.345
4331.0 6.345 6.845
5055.0 6.845 6.142
6025.0 6.142 5.229
7298.0 5.229 4.2
7455.0 4.2 4.004
5879.0 4.004 4.104
4340.0 4.104 4.204
4296.0 4.204 4.304
4316.0 4.304 4.404
4347.0 4.404 4.504
4176.0 4.504 5.004
4262.0 5.004 5.504
4607.0 5.504 6.004
5275.0 6.004 5.405
6367.0 5.405 4.512
7629.0 4.512 3.621
7005.0 3.621 3.721
4733.0 3.721 3.821
4176.0 3.821 3.921
4181.0 3.921 4.021
4176.0 4.021 4.121
4176.0 4.121 4.621
4223.0 4.621 5.121
4345.0 5.121 5.621
4309.0 5.621 6.121
4675.0 6.121 6.621
5707.0 6.621 5.623
7396.0 5.623 4.187
7866.0 4.187 3.778
6602.0 3.778 3.878
4934.0 3.878 3.978
4369.0 3.978 4.078
4350.0 4.078 4.178
4225.0 4.178 4.278
4287.0 4.278 4.778
4176.0 4.778 5.278
4208.0 5.278 5.778
4534.0 5.778 6.278
5742.0 6.278 5.18
7333.0 5.18 3.913
7919.0 3.913 3.472
6511.0 3.472 3.572
4423.0 3.572 3.672
4219.0 3.672 3.772
4382.0 3.772 3.872
4176.0 3.872 3.972
4254.0 3.972 4.472
4186.0 4.472 4.972
4288.0 4.972 5.472
4176.0 5.472 5.972
4587.0 5.972 6.472
5735.0 6.472 5.387
7274.0 5.387 4.113
7750.0 4.113 3.718
6342.0 3.718 3.818
4734.0 3.818 3.918
4208.0 3.918 4.018
4256.0 4.018 4.118
4203.0 4.118 4.218
4275.0 4.218 4.718
4324.0 4.718 5.218
4365.0 5.218 5.718
4716.0 5.718 6.218
5696.0 6.218 5.326
7222.0 5.326 4.093
7776.0 4.093 3.657
6408.0 3.657 3.757
4602.0 3.757 3.857
4176.0 3.857 3.957
4297.0 3.957 4.057
4365.0 4.057 4.157
4475.0 4.157 4.657
4255.0 4.657 5.157
4452.0 5.157 5.657
4662.0 5.657 6.157
5578.0 6.157 5.342
7034.0 5.342 4.165
7529.0 4.165 3.762
6473.0 3.762 3.862
4778.0 3.862 3.962
4204.0 3.962 4.062
4176.0 4.062 4.162
4249.0 4.162 4.262
4306.0 4.262 4.762
4393.0 4.762 5.262
4594.0 5.262 5.762
4928.0 5.762 6.262
5784.0 6.262 5.472
7187.0 5.472 4.311
7704.0 4.311 3.884
6672.0 3.884 3.984
4528.0 3.984 4.084
4519.0 4.084 4.184
4521.0 4.184 4.284
4338.0 4.284 4.384
4312.0 4.384 4.884
4331.0 4.884 5.384
4305.0 5.384 5.884
4722.0 5.884 6.384
5786.0 6.384 5.387
7403.0 5.387 4.062
7543.0 4.062 3.858
6199.0 3.858 3.958
4588.0 3.958 4.058
4217.0 4.058 4.158
4289.0 4.158 4.258
4524.0 4.258 4.358
4344.0 4.358 4.858
4301.0 4.858 5.358
4391.0 5.358 5.858
4871.0 5.858 6.358
5991.0 6.358 5.306
7499.0 5.306 4.076
7603.0 4.076 3.899
6119.0 3.899 3.999
4577.0 3.999 4.099
4214.0 4.099 4.199
4367.0 4.199 4.299
4303.0 4.299 4.399
4312.0 4.399 4.899
4350.0 4.899 5.399
4557.0 5.399 5.899
4905.0 5.899 6.399
5897.0 6.399 5.468
7277.0 5.468 4.312
7621.0 4.312 3.991
6425.0 3.991 4.091
4261.0 4.091 4.191
4307.0 4.191 4.291
4377.0 4.291 4.391
4267.0 4.391 4.491
4268.0 4.491 4.991
4260.0 4.991 5.491
4448.0 5.491 5.991
4874.0 5.991 6.491
6038.0 6.491 5.382
7513.0 5.382 4.156
7312.0 4.156 4.154
5988.0 4.154 4.254
4761.0 4.254 4.354
4479.0 4.354 4.454
4207.0 4.454 4.554
4240.0 4.554 4.654
4393.0 4.654 5.154
4244.0 5.154 5.654
4276.0 5.654 6.154
4754.0 6.154 6.654
5398.0 6.654 5.998
6949.0 5.998 4.622
7721.0 4.622 3.99
