5016.0 1.0 1.1
5016.0 1.1 1.2
5016.0 1.2 1.3
5016.0 1.3 1.4
5016.0 1.4 1.5
5016.0 1.5 2.0
5016.0 2.0 2.5
4932.0 2.5 3.0
4932.0 3.0 3.5
4932.0 3.5 4.0
4713.0 4.0 4.5
4396.0 4.5 5.0
4376.0 5.0 5.5
4260.0 5.5 6.0
4378.0 6.0 6.5
4882.0 6.5 7.0
5986.0 7.0 5.855
7180.0 5.855 4.756
6942.0 4.756 4.856
5970.0 4.856 4.956
4642.0 4.956 5.056
4821.0 5.056 5.156
4260.0 5.156 5.256
4294.0 5.256 5.756
4327.0 5.756 6.256
4335.0 6.256 6.756
4655.0 6.756 7.256
4947.0 7.256 7.756
6267.0 7.756 6.278
7041.0 6.278 5.448
6951.0 5.448 5.427
5837.0 5.427 5.527
4737.0 5.527 5.627
4629.0 5.627 5.727
4425.0 5.727 5.827
4240.0 5.827 5.927
4294.0 5.927 6.427
4548.0 6.427 6.927
4668.0 6.927 7.427
5420.0 7.427 6.625
6539.0 6.625 5.498
7625.0 5.498 4.545
7337.0 4.545 4.645
5449.0 4.645 4.745
4447.0 4.745 4.845
4191.0 4.845 4.945
4227.0 4.945 5.045
4263.0 5.045 5.545
4576.0 5.545 6.045
4380.0 6.045 6.545
4399.0 6.545 7.045
4699.0 7.045 7.545
5615.0 7.545 6.538
7133.0 6.538 5.039
7865.0 5.039 4.378
6289.0 4.378 4.478
4705.0 4.478 4.578
4320.0 4.578 4.678
4301.0 4.678 4.778
4186.0 4.778 4.878
4312.0 4.878 5.378
4243.0 5.378 5.878
4251.0 5.878 6.378
4346.0 6.378 6.878
4762.0 6.878 7.378
5646.0 7.378 6.41
6898.0 6.41 5.181
7732.0 5.181 4.452
6806.0 4.452 4.552
4678.0 4.552 4.652
4215.0 4.652 4.752
4285.0 4.752 4.852
4176.0 4.852 4.952
4462.0 4.952 5.452
4359.0 5.452 5.952
4229.0 5.952 6.452
4275.0 6.452 6.952
4919.0 6.952 7.452
6152.0 7.452 6.081
7418.0 6.081 4.864
7484.0 4.864 4.697
5860.0 4.697 4.797
4296.0 4.797 4.897
4373.0 4.897 4.997
4252.0 4.997 5.097
4231.0 5.097 5.197
4309.0 5.197 5.697
4176.0 5.697 6.197
4530.0 6.197 6.697
4790.0 6.697 7.197
5458.0 7.197 6.486
6901.0 6.486 5.095
7573.0 5.095 4.48
6512.0 4.48 4.58
5104.0 4.58 4.68
4184.0 4.68 4.78
4209.0 4.78 4.88
4339.0 4.88 4.98
4371.0 4.98 5.48
4406.0 5.48 5.98
4235.0 5.98 6.48
4451.0 6.48 6.98
5035.0 6.98 6.385
6209.0 6.385 5.268
7574.0 5.268 4.146
7539.0 4.146 4.056
5943.0 4.056 4.156
4485.0 4.156 4.256
4226.0 4.256 4.356
4383.0 4.356 4.456
4354.0 4.456 4.556
4321.0 4.556 5.056
4694.0 5.056 5.556
4790.0 5.556 6.056
5094.0 6.056 5.783
6150.0 5.783 4.895
7250.0 4.895 4.048
6941.0 4.048 4.148
5313.0 4.148 4.248
4257.0 4.248 4.348
4226.0 4.348 4.448
4216.0 4.448 4.548
4452.0 4.548 5.048
4402.0 5.048 5.548
4369.0 5.548 6.048
4507.0 6.048 6.548
5223.0 6.548 5.876
6753.0 5.876 4.542
7380.0 4.542 4.014
7084.0 4.014 4.114
5556.0 4.114 4.214
4176.0 4.214 4.314
4379.0 4.314 4.414
4211.0 4.414 4.514
4205.0 4.514 5.014
4201.0 5.014 5.514
4331.0 5.514 6.014
4358.0 6.014 6.514
5210.0 6.514 5.732
6626.0 5.732 4.51
7577.0 4.51 3.789
6696.0 3.789 3.889
4584.0 3.889 3.989
4176.0 3.989 4.089
4365.0 4.089 4.189
4204.0 4.189 4.289
4579.0 4.289 4.789
4307.0 4.789 5.289
4496.0 5.289 5.789
4997.0 5.789 6.289
6133.0 6.289 5.232
7566.0 5.232 4.072
7896.0 4.072 3.771
6404.0 3.771 3.871
4724.0 3.871 3.971
4176.0 3.971 4.071
4306.0 4.071 4.171
4176.0 4.171 4.271
4262.0 4.271 4.771
4176.0 4.771 5.271
4176.0 5.271 5.771
4592.0 5.771 6.271
5712.0 6.271 5.242
7461.0 5.242 3.851
7638.0 3.851 3.628
6174.0 3.628 3.728
4398.0 3.728 3.828
4198.0 3.828 3.928
4244.0 3.928 4.028
4277.0 4.028 4.128
4176.0 4.128 4.628
4218.0 4.628 5.128
4286.0 5.128 5.628
4507.0 5.628 6.128
5559.0 6.128 5.201
6901.0 5.201 4.125
7349.0 4.125 3.76
6469.0 3.76 3.86
4855.0 3.86 3.96
4370.0 3.96 4.06
4554.0 4.06 4.16
4308.0 4.16 4.26
4253.0 4.26 4.76
4181.0 4.76 5.26
4359.0 5.26 5.76
4917.0 5.76 6.26
5941.0 6.26 5.299
7596.0 5.299 3.97
7690.0 3.97 3.793
5982.0 3.793 3.893
4257.0 3.893 3.993
4299.0 3.993 4.093
4184.0 4.093 4.193
4397.0 4.193 4.293
4176.0 4.293 4.793
4220.0 4.793 5.293
4360.0 5.293 5.793
4780.0 5.793 6.293
5836.0 6.293 5.314
7274.0 5.314 4.141
7729.0 4.141 3.763
6541.0 3.763 3.863
4681.0 3.863 3.963
4196.0 3.963 4.063
4186.0 4.063 4.163
4502.0 4.163 4.263
4375.0 4.263 4.763
4335.0 4.763 5.263
4387.0 5.263 5.763
4654.0 5.763 6.263
5682.0 6.263 5.332
7342.0 5.332 3.994
7822.0 3.994 3.6
6250.0 3.6 3.7
4504.0 3.7 3.8
4224.0 3.8 3.9
4176.0 3.9 4.0
4176.0 4.0 4.1
4176.0 4.1 4.6
4176.0 4.6 5.1
4319.0 5.1 5.6
4310.0 5.6 6.1
4742.0 6.1 6.6
5758.0 6.6 5.611
7422.0 5.611 4.199
8213.0 4.199 3.602
6390.0 3.602 3.702
4395.0 3.702 3.802
4176.0 3.802 3.902
4176.0 3.902 4.002
4215.0 4.002 4.102
4176.0 4.102 4.602
4176.0 4.602 5.102
4358.0 5.102 5.602
4339.0 5.602 6.102
4687.0 6.102 6.602
5367.0 6.602 5.933
7036.0 5.933 4.472
7901.0 4.472 3.792
6604.0 3.792 3.892
5131.0 3.892 3.992
4319.0 3.992 4.092
4176.0 4.092 4.192
4176.0 4.192 4.292
4232.0 4.292 4.792
4239.0 4.792 5.292
4178.0 5.292 5.792
4682.0 5.792 6.292
5738.0 6.292 5.307
7260.0 5.307 4.073
7873.0 4.073 3.605
6633.0 3.605 3.705
4812.0 3.705 3.805
4294.0 3.805 3.905
4242.0 3.905 4.005
4187.0 4.005 4.105
4352.0 4.105 4.605
4283.0 4.605 5.105
4331.0 5.105 5.605
4494.0 5.605 6.105
4845.0 6.105 6.605
5949.0 6.605 5.541
7282.0 5.541 4.395
7306.0 4.395 4.267
6086.0 4.267 4.367
4470.0 4.367 4.467
4210.0 4.467 4.567
4176.0 4.567 4.667
4408.0 4.667 4.767
4176.0 4.767 5.267
4342.0 5.267 5.767
4259.0 5.767 6.267
4739.0 6.267 6.767
5479.0 6.767 6.01
7219.0 6.01 4.462
7861.0 4.462 3.917
6208.0 3.917 4.017
4696.0 4.017 4.117
4176.0 4.117 4.217
4247.0 4.217 4.317
4312.0 4.317 4.417
4176.0 4.417 4.917
4176.0 4.917 5.417
4342.0 5.417 5.917
4873.0 5.917 6.417
5801.0 6.417 5.522
7537.0 5.522 4.083
7872.0 4.083 3.759
6404.0 3.759 3.859
4535.0 3.859 3.959
4282.0 3.959 4.059
4425.0 4.059 4.159
4338.0 4.159 4.259
4402.0 4.259 4.759
4202.0 4.759 5.259
4176.0 5.259 5.759
4734.0 5.759 6.259
5842.0 6.259 5.228
7413.0 5.228 3.97
7901.0 3.97 3.58
6113.0 3.58 3.68
4577.0 3.68 3.78
4245.0 3.78 3.88
4259.0 3.88 3.98
4305.0 3.98 4.08
4256.0 4.08 4.58
4176.0 4.58 5.08
4322.0 5.08 5.58
4541.0 5.58 6.08
5039.0 6.08 5.631
6539.0 5.631 4.396
7607.0 4.396 3.618
7315.0 3.618 3.718
5203.0 3.718 3.818
4176.0 3.818 3.918
4176.0 3.918 4.018
4185.0 4.018 4.118
4176.0 4.118 4.618
4250.0 4.618 5.118
4330.0 5.118 5.618
4249.0 5.618 6.118
4350.0 6.118 6.618
5046.0 6.618 5.963
6158.0 5.963 4.961
7394.0 4.961 3.998
7368.0 3.998 3.916
5300.0 3.916 4.016
4251.0 4.016 4.116
4186.0 4.116 4.216
4242.0 4.216 4.316
4216.0 4.316 4.416
4517.0 4.416 4.916
4535.0 4.916 5.416
4633.0 5.416 5.916
5248.0 5.916 5.395
6508.0 5.395 4.384
7671.0 4.384 3.568
6939.0 3.568 3.668
5718.0 3.668 3.768
4176.0 3.768 3.868
4176.0 3.868 3.968
4204.0 3.968 4.068
4247.0 4.068 4.568
4300.0 4.568 5.068
4296.0 5.068 5.568
4516.0 5.568 6.068
4804.0 6.068 6.568
5620.0 6.568 5.781
6834.0 5.781 4.712
7593.0 4.712 4.102
6865.0 4.102 4.202
4677.0 4.202 4.302
4312.0 4.302 4.402
4176.0 4.402 4.502
4213.0 4.502 4.602
4494.0 4.602 5.102
4176.0 5.102 5.602
4285.0 5.602 6.102
4855.0 6.102 6.602
5115.0 6.602 6.295
6383.0 6.295 5.141
7238.0 5.141 4.408
6835.0 4.408 4.508
5303.0 4.508 4.608
4397.0 4.608 4.708
4196.0 4.708 4.808
4209.0 4.808 4.908
4313.0 4.908 5.408
4178.0 5.408 5.908
4271.0 5.908 6.408
4202.0 6.408 6.908
4602.0 6.908 7.408
5426.0 7.408 6.502
7034.0 6.502 4.939
8060.0 4.939 4.081
7238.0 4.081 4.181
5010.0 4.181 4.281
4190.0 4.281 4.381
4266.0 4.381 4.481
4269.0 4.481 4.581
4252.0 4.581 5.081
4290.0 5.081 5.581
4392.0 5.581 6.081
4446.0 6.081 6.581
5022.0 6.581 6.043
6106.0 6.043 5.064
7264.0 5.064 4.14
7324.0 4.14 4.011
5884.0 4.011 4.111
4438.0 4.111 4.211
4215.0 4.211 4.311
4252.0 4.311 4.411
4321.0 4.411 4.511
4176.0 4.511 5.011
4227.0 5.011 5.511
4425.0 5.511 6.011
5121.0 6.011 5.404
6053.0 5.404 4.631
7445.0 4.631 3.646
7481.0 3.646 3.53
5437.0 3.53 3.63
4467.0 3.63 3.73
4341.0 3.73 3.83
4203.0 3.83 3.93
4239.0 3.93 4.03
4221.0 4.03 4.53
4322.0 4.53 5.03
4223.0 5.03 5.53
4346.0 5.53 6.03
4889.0 6.03 6.53
6093.0 6.53 5.366
7356.0 5.366 4.297
7466.0 4.297 4.124
5990.0 4.124 4.224
4634.0 4.224 4.324
4219.0 4.324 4.424
4176.0 4.424 4.524
4270.0 4.524 4.624
4388.0 4.624 5.124
4468.0 5.124 5.624
4206.0 5.624 6.124
4740.0 6.124 6.624
5692.0 6.624 5.683
7129.0 5.683 4.439
7931.0 4.439 3.819
6564.0 3.819 3.919
4716.0 3.919 4.019
4176.0 4.019 4.119
4176.0 4.119 4.219
4206.0 4.219 4.319
4191.0 4.319 4.819
4251.0 4.819 5.319
4276.0 5.319 5.819
4416.0 5.819 6.319
5332.0 6.319 5.493
6456.0 5.493 4.539
7418.0 4.539 3.829
7030.0 3.829 3.929
5094.0 3.929 4.029
4176.0 4.029 4.129
4219.0 4.129 4.229
4261.0 4.229 4.329
4319.0 4.329 4.829
4176.0 4.829 5.329
4176.0 5.329 5.829
4389.0 5.829 6.329
5061.0 6.329 5.71
6025.0 5.71 4.87
7702.0 4.87 3.637
7432.0 3.637 3.737
5200.0 3.737 3.837
4370.0 3.837 3.937
4250.0 3.937 4.037
4213.0 4.037 4.137
4251.0 4.137 4.637
4181.0 4.637 5.137
4291.0 5.137 5.637
4465.0 5.637 6.137
5095.0 6.137 5.575
5975.0 5.575 4.825
7139.0 4.825 3.957
7629.0 3.957 3.597
5897.0 3.597 3.697
4565.0 3.697 3.797
4176.0 3.797 3.897
4176.0 3.897 3.997
4244.0 3.997 4.097
4280.0 4.097 4.597
4328.0 4.597 5.097
4303.0 5.097 5.597
4535.0 5.597 6.097
5555.0 6.097 5.202
6862.0 5.202 4.154
7898.0 4.154 3.447
6906.0 3.447 3.547
4932.0 3.547 3.647
4540.0 3.647 3.747
4224.0 3.747 3.847
4194.0 3.847 3.947
4328.0 3.947 4.447
4443.0 4.447 4.947
4338.0 4.947 5.447
4623.0 5.447 5.947
5265.0 5.947 5.384
6473.0 5.384 4.41
7532.0 4.41 3.656
7348.0 3.656 3.756
5080.0 3.756 3.856
4256.0 3.856 3.956
4210.0 3.956 4.056
4279.0 4.056 4.156
4453.0 4.156 4.656
4295.0 4.656 5.156
4204.0 5.156 5.656
4285.0 5.656 6.156
4762.0 6.156 6.656
5742.0 6.656 5.687
7209.0 5.687 4.415
7848.0 4.415 3.897
6179.0 3.897 3.997
4382.0 3.997 4.097
4265.0 4.097 4.197
4176.0 4.197 4.297
4177.0 4.297 4.397
4212.0 4.397 4.897
4271.0 4.897 5.397
4529.0 5.397 5.897
5042.0 5.897 5.446
6118.0 5.446 4.573
7222.0 4.573 3.775
7646.0 3.775 3.468
6174.0 3.468 3.568
4413.0 3.568 3.668
4272.0 3.668 3.768
4176.0 3.768 3.868
4294.0 3.868 3.968
4176.0 3.968 4.468
4390.0 4.468 4.968
4298.0 4.968 5.468
4564.0 5.468 5.968
4888.0 5.968 6.468
5864.0 6.468 5.544
7230.0 5.544 4.385
7595.0 4.385 4.046
6443.0 4.046 4.146
4227.0 4.146 4.246
4176.0 4.246 4.346
4176.0 4.346 4.446
4176.0 4.446 4.546
4347.0 4.546 5.046
4536.0 5.046 5.546
4588.0 5.546 6.046
5216.0 6.046 5.506
6012.0 5.506 4.831
7352.0 4.831 3.851
7264.0 3.851 3.801
5632.0 3.801 3.901
4176.0 3.901 4.001
4193.0 4.001 4.101
4298.0 4.101 4.201
4386.0 4.201 4.301
4378.0 4.301 4.801
4336.0 4.801 5.301
4443.0 5.301 5.801
4872.0 5.801 6.301
5852.0 6.301 5.388
7552.0 5.388 4.008
7776.0 4.008 3.754
6236.0 3.754 3.854
4526.0 3.854 3.954
4176.0 3.954 4.054
4176.0 4.054 4.154
4176.0 4.154 4.254
4176.0 4.254 4.754
4176.0 4.754 5.254
4247.0 5.254 5.754
4715.0 5.754 6.254
5647.0 6.254 5.386
7297.0 5.386 4.048
7689.0 4.048 3.7
6233.0 3.7 3.8
4424.0 3.8 3.9
4323.0 3.9 4.0
4370.0 4.0 4.1
4176.0 4.1 4.2
4176.0 4.2 4.7
4192.0 4.7 5.2
4284.0 5.2 5.7
4437.0 5.7 6.2
4947.0 6.2 6.7
5967.0 6.7 5.681
7479.0 5.681 4.371
7461.0 4.371 4.256
5949.0 4.256 4.356
4614.0 4.356 4.456
4272.0 4.456 4.556
4176.0 4.556 4.656
4218.0 4.656 4.756
4241.0 4.756 5.256
4307.0 5.256 5.756
4351.0 5.756 6.256
4486.0 6.256 6.756
5386.0 6.756 5.888
6612.0 5.888 4.783
7590.0 4.783 4.015
6824.0 4.015 4.115
4796.0 4.115 4.215
4176.0 4.215 4.315
4176.0 4.315 4.415
4176.0 4.415 4.515
4176.0 4.515 5.015
4188.0 5.015 5.515
4331.0 5.515 6.015
4610.0 6.015 6.515
5378.0 6.515 5.781
6878.0 5.781 4.486
7721.0 4.486 3.831
6454.0 3.831 3.931
4879.0 3.931 4.031
4389.0 4.031 4.131
4544.0 4.131 4.231
4602.0 4.231 4.331
4415.0 4.331 4.831
4273.0 4.831 5.331
4393.0 5.331 5.831
4681.0 5.831 6.331
5861.0 6.331 5.251
7339.0 5.251 4.053
7783.0 4.053 3.685
6503.0 3.685 3.785
4751.0 3.785 3.885
4228.0 3.885 3.985
4197.0 3.985 4.085
4176.0 4.085 4.185
4204.0 4.185 4.685
4176.0 4.685 5.185
4187.0 5.185 5.685
4284.0 5.685 6.185
4869.0 6.185 6.685
6045.0 6.685 5.515
7458.0 5.515 4.303
7531.0 4.303 4.141
6231.0 4.141 4.241
4201.0 4.241 4.341
4176.0 4.341 4.441
4244.0 4.441 4.541
4390.0 4.541 4.641
4200.0 4.641 5.141
4280.0 5.141 5.641
4529.0 5.641 6.141
5093.0 6.141 5.629
6313.0 5.629 4.609
7717.0 4.609 3.598
7204.0 3.598 3.698
5376.0 3.698 3.798
4252.0 3.798 3.898
4244.0 3.898 3.998
4225.0 3.998 4.098
4350.0 4.098 4.598
4332.0 4.598 5.098
4251.0 5.098 5.598
4379.0 5.598 6.098
5060.0 6.098 5.504
6324.0 5.504 4.463
7726.0 4.463 3.482
7506.0 3.482 3.582
5110.0 3.582 3.682
4378.0 3.682 3.782
4176.0 3.782 3.882
4176.0 3.882 3.982
4208.0 3.982 4.482
4232.0 4.482 4.982
4456.0 4.982 5.482
4414.0 5.482 5.982
4601.0 5.982 6.482
5505.0 6.482 5.64
7054.0 5.64 4.326
7633.0 4.326 3.849
6793.0 3.849 3.949
4653.0 3.949 4.049
4290.0 4.049 4.149
4176.0 4.149 4.249
4190.0 4.249 4.349
4253.0 4.349 4.849
4402.0 4.849 5.349
4398.0 5.349 5.849
4869.0 5.849 6.349
5981.0 6.349 5.308
7479.0 5.308 4.086
7924.0 4.086 3.714
6208.0 3.714 3.814
4426.0 3.814 3.914
4274.0 3.914 4.014
4251.0 4.014 4.114
4623.0 4.114 4.214
4604.0 4.214 4.714
4430.0 4.714 5.214
4301.0 5.214 5.714
4260.0 5.714 6.214
4866.0 6.214 6.714
5982.0 6.714 5.595
7504.0 5.595 4.286
7598.0 4.286 4.104
6014.0 4.104 4.204
4628.0 4.204 4.304
4176.0 4.304 4.404
4622.0 4.404 4.504
4296.0 4.504 4.604
4250.0 4.604 5.104
4327.0 5.104 5.604
4338.0 5.604 6.104
4524.0 6.104 6.604
5208.0 6.604 5.95
6541.0 5.95 4.766
7678.0 4.766 3.889
7050.0 3.889 3.989
5082.0 3.989 4.089
4466.0 4.089 4.189
4239.0 4.189 4.289
4203.0 4.289 4.389
4276.0 4.389 4.889
4365.0 4.889 5.389
4281.0 5.389 5.889
4536.0 5.889 6.389
5352.0 6.389 5.631
6806.0 5.631 4.402
7454.0 4.402 3.882
6414.0 3.882 3.982
5010.0 3.982 4.082
4347.0 4.082 4.182
4331.0 4.182 4.282
4184.0 4.282 4.382
4176.0 4.382 4.882
4199.0 4.882 5.382
4294.0 5.382 5.882
4543.0 5.882 6.382
5435.0 6.382 5.556
7136.0 5.556 4.143
7768.0 4.143 3.645
6584.0 3.645 3.745
4757.0 3.745 3.845
4176.0 3.845 3.945
4220.0 3.945 4.045
4176.0 4.045 4.145
4204.0 4.145 4.645
4305.0 4.645 5.145
4298.0 5.145 5.645
4412.0 5.645 6.145
4880.0 6.145 6.645
6188.0 6.645 5.372
7561.0 5.372 4.211
7681.0 4.211 4.026
5957.0 4.026 4.126
4451.0 4.126 4.226
4206.0 4.226 4.326
4301.0 4.326 4.426
4176.0 4.426 4.526
4176.0 4.526 5.026
4325.0 5.026 5.526
4439.0 5.526 6.026
4480.0 6.026 6.526
5512.0 6.526 5.577
6938.0 5.577 4.362
7432.0 4.362 3.941
6408.0 3.941 4.041
5019.0 4.041 4.141
4176.0 4.141 4.241
4176.0 4.241 4.341
4206.0 4.341 4.441
4341.0 4.441 4.941
4541.0 4.941 5.441
4730.0 5.441 5.941
5242.0 5.941 5.493
6194.0 5.493 4.709
7161.0 4.709 3.988
7045.0 3.988 3.976
5461.0 3.976 4.076
4297.0 4.076 4.176
4218.0 4.176 4.276
4176.0 4.276 4.376
4176.0 4.376 4.476
4317.0 4.476 4.976
4191.0 4.976 5.476
4644.0 5.476 5.976
5448.0 5.976 5.257
6936.0 5.257 4.083
7558.0 4.083 3.614
6426.0 3.614 3.714
4875.0 3.714 3.814
4268.0 3.814 3.914
4271.0 3.914 4.014
4301.0 4.014 4.114
4176.0 4.114 4.614
4510.0 4.614 5.114
4475.0 5.114 5.614
4670.0 5.614 6.114
5626.0 6.114 5.274
7289.0 5.274 3.956
7684.0 3.956 3.614
6368.0 3.614 3.714
4565.0 3.714 3.814
4371.0 3.814 3.914
4207.0 3.914 4.014
4176.0 4.014 4.114
4356.0 4.114 4.614
4276.0 4.614 5.114
4320.0 5.114 5.614
4510.0 5.614 6.114
5038.0 6.114 5.641
5982.0 5.641 4.841
7302.0 4.841 3.86
7313.0 3.86 3.757
5449.0 3.757 3.857
4223.0 3.857 3.957
4240.0 3.957 4.057
4305.0 4.057 4.157
4262.0 4.157 4.257
4421.0 4.257 4.757
4257.0 4.757 5.257
4435.0 5.257 5.757
4682.0 5.757 6.257
5954.0 6.257 5.113
7520.0 5.113 3.875
7576.0 3.875 3.728
6084.0 3.728 3.828
4410.0 3.828 3.928
4176.0 3.928 4.028
4252.0 4.028 4.128
4281.0 4.128 4.228
4176.0 4.228 4.728
4204.0 4.728 5.228
4340.0 5.228 5.728
4535.0 5.728 6.228
5611.0 6.228 5.267
7315.0 5.267 3.909
7695.0 3.909 3.575
6275.0 3.575 3.675
4562.0 3.675 3.775
4388.0 3.775 3.875
4244.0 3.875 3.975
4176.0 3.975 4.075
4312.0 4.075 4.575
4307.0 4.575 5.075
4439.0 5.075 5.575
4437.0 5.575 6.075
4848.0 6.075 6.575
5840.0 6.575 5.614
7232.0 5.614 4.417
7944.0 4.417 3.859
6532.0 3.859 3.959
4504.0 3.959 4.059
4225.0 4.059 4.159
4189.0 4.159 4.259
4176.0 4.259 4.359
4279.0 4.359 4.859
4335.0 4.859 5.359
4474.0 5.359 5.859
4870.0 5.859 6.359
5910.0 6.359 5.387
7334.0 5.387 4.21
7474.0 4.21 4.013
5918.0 4.013 4.113
4559.0 4.113 4.213
4208.0 4.213 4.313
4311.0 4.313 4.413
4398.0 4.413 4.513
4350.0 4.513 5.013
4346.0 5.013 5.513
4346.0 5.513 6.013
4706.0 6.013 6.513
5978.0 6.513 5.312
7641.0 5.312 3.953
7755.0 3.953 3.763
6347.0 3.763 3.863
4571.0 3.863 3.963
4176.0 3.963 4.063
4250.0 4.063 4.163
4176.0 4.163 4.263
4227.0 4.263 4.763
4200.0 4.763 5.263
4422.0 5.263 5.763
4734.0 5.763 6.263
5594.0 6.263 5.472
7338.0 5.472 4.05
7855.0 4.05 3.625
6399.0 3.625 3.725
4533.0 3.725 3.825
4176.0 3.825 3.925
4176.0 3.925 4.025
4176.0 4.025 4.125
4292.0 4.125 4.625
4377.0 4.625 5.125
4310.0 5.125 5.625
4384.0 5.625 6.125
4669.0 6.125 6.625
5621.0 6.625 5.708
7058.0 5.708 4.461
7638.0 4.461 3.977
6489.0 3.977 4.077
4377.0 4.077 4.177
4330.0 4.177 4.277
4307.0 4.277 4.377
4369.0 4.377 4.477
4409.0 4.477 4.977
4255.0 4.977 5.477
4189.0 5.477 5.977
4603.0 5.977 6.477
5755.0 6.477 5.386
7299.0 5.386 4.109
7607.0 4.109 3.81
6187.0 3.81 3.91
4492.0 3.91 4.01
4260.0 4.01 4.11
4214.0 4.11 4.21
4198.0 4.21 4.31
4518.0 4.31 4.81
4512.0 4.81 5.31
4505.0 5.31 5.81
4856.0 5.81 6.31
5928.0 6.31 5.324
7386.0 5.324 4.133
7604.0 4.133 3.892
6068.0 3.892 3.992
4598.0 3.992 4.092
4500.0 4.092 4.192
4298.0 4.192 4.292
4389.0 4.292 4.392
4398.0 4.392 4.892
4353.0 4.892 5.392
4441.0 5.392 5.892
4867.0 5.892 6.392
5687.0 6.392 5.609
7482.0 5.609 4.114
8016.0 4.114 3.669
6524.0 3.669 3.769
4574.0 3.769 3.869
4229.0 3.869 3.969
4177.0 3.969 4.069
4295.0 4.069 4.169
4176.0 4.169 4.669
4247.0 4.669 5.169
4332.0 5.169 5.669
4386.0 5.669 6.169
5040.0 6.169 5.597
6284.0 5.597 4.557
7475.0 4.557 3.692
6946.0 3.692 3.792
5102.0 3.792 3.892
4446.0 3.892 3.992
4337.0 3.992 4.092
4475.0 4.092 4.192
4347.0 4.192 4.692
4266.0 4.692 5.192
4402.0 5.192 5.692
4813.0 5.692 6.192
5849.0 6.192 5.247
7345.0 5.247 4.048
7616.0 4.048 3.779
6160.0 3.779 3.879
4495.0 3.879 3.979
4276.0 3.979 4.079
4307.0 4.079 4.179
4498.0 4.179 4.279
4405.0 4.279 4.779
4346.0 4.779 5.279
4322.0 5.279 5.779
4898.0 5.779 6.279
6110.0 6.279 5.151
7617.0 5.151 3.948
7565.0 3.948 3.862
5813.0 3.862 3.962
4425.0 3.962 4.062
4480.0 4.062 4.162
4446.0 4.162 4.262
4237.0 4.262 4.362
4189.0 4.362 4.862
4217.0 4.862 5.362
4430.0 5.362 5.862
4913.0 5.862 6.362
6037.0 6.362 5.304
7298.0 5.304 4.257
7570.0 4.257 3.99
6018.0 3.99 4.09
4455.0 4.09 4.19
4282.0 4.19 4.29
4424.0 4.29 4.39
4272.0 4.39 4.49
4176.0 4.49 4.99
4379.0 4.99 5.49
4497.0 5.49 5.99
4587.0 5.99 6.49
5583.0 6.49 5.573
7226.0 5.573 4.193
7967.0 4.193 3.628
6799.0 3.628 3.728
5275.0 3.728 3.828
4176.0 3.828 3.928
4176.0 3.928 4.028
4176.0 4.028 4.128
4176.0 4.128 4.628
4176.0 4.628 5.128
4176.0 5.128 5.628
4404.0 5.628 6.128
4689.0 6.128 6.628
5729.0 6.628 5.627
7003.0 5.627 4.517
7730.0 4.517 3.946
6444.0 3.946 4.046
4432.0 4.046 4.146
4297.0 4.146 4.246
4198.0 4.246 4.346
4281.0 4.346 4.446
4251.0 4.446 4.946
4178.0 4.946 5.446
4415.0 5.446 5.946
4718.0 5.946 6.446
6178.0 6.446 5.091
7440.0 5.091 4.058
7713.0 4.058 3.8
6021.0 3.8 3.9
4392.0 3.9 4.0
4416.0 4.0 4.1
4293.0 4.1 4.2
4176.0 4.2 4.3
4176.0 4.3 4.8
4383.0 4.8 5.3
4371.0 5.3 5.8
4881.0 5.8 6.3
5777.0 6.3 5.453
7388.0 5.453 4.131
7707.0 4.131 3.822
6083.0 3.822 3.922
4409.0 3.922 4.022
4288.0 4.022 4.122
4253.0 4.122 4.222
4176.0 4.222 4.322
4309.0 4.322 4.822
4320.0 4.822 5.322
4527.0 5.322 5.822
4890.0 5.822 6.322
6058.0 6.322 5.245
7526.0 5.245 4.055
7708.0 4.055 3.837
6012.0 3.837 3.937
4213.0 3.937 4.037
4176.0 4.037 4.137
4244.0 4.137 4.237
4457.0 4.237 4.337
4576.0 4.337 4.837
4486.0 4.837 5.337
4557.0 5.337 5.837
4515.0 5.837 6.337
5447.0 6.337 5.514
7098.0 5.514 4.15
7754.0 4.15 3.641
6670.0 3.641 3.741
5002.0 3.741 3.841
4190.0 3.841 3.941
4316.0 3.941 4.041
4425.0 4.041 4.141
4280.0 4.141 4.641
4176.0 4.641 5.141
4299.0 5.141 5.641
4693.0 5.641 6.141
5509.0 6.141 5.395
7118.0 5.395 4.098
7693.0 4.098 3.645
6505.0 3.645 3.745
4762.0 3.745 3.845
4211.0 3.845 3.945
4279.0 3.945 4.045
4261.0 4.045 4.145
4176.0 4.145 4.645
4196.0 4.645 5.145
4251.0 5.145 5.645
4474.0 5.645 6.145
5026.0 6.145 5.645
6082.0 5.645 4.753
7506.0 4.753 3.712
7357.0 3.712 3.688
5229.0 3.688 3.788
4193.0 3.788 3.888
4176.0 3.888 3.988
4511.0 3.988 4.088
4377.0 4.088 4.188
4401.0 4.188 4.688
4349.0 4.688 5.188
4507.0 5.188 5.688
4999.0 5.688 6.188
6367.0 6.188 4.947
7354.0 4.947 4.14
7303.0 4.14 4.085
5527.0 4.085 4.185
4363.0 4.185 4.285
4211.0 4.285 4.385
4320.0 4.385 4.485
4176.0 4.485 4.585
4379.0 4.585 5.085
4365.0 5.085 5.585
4447.0 5.585 6.085
4951.0 6.085 6.585
6035.0 6.585 5.526
7437.0 5.526 4.33
7777.0 4.33 4.007
6613.0 4.007 4.107
4565.0 4.107 4.207
4295.0 4.207 4.307
4226.0 4.307 4.407
4299.0 4.407 4.507
4199.0 4.507 5.007
4267.0 5.007 5.507
4393.0 5.507 6.007
4593.0 6.007 6.507
5605.0 6.507 5.561
7095.0 5.561 4.3
7816.0 4.3 3.744
6764.0 3.744 3.844
5036.0 3.844 3.944
4259.0 3.944 4.044
4176.0 4.044 4.144
4176.0 4.144 4.244
4233.0 4.244 4.744
4338.0 4.744 5.244
4176.0 5.244 5.744
4519.0 5.744 6.244
5275.0 6.244 5.547
6079.0 5.547 4.846
7047.0 4.846 4.112
7068.0 4.112 4.022
5656.0 4.022 4.122
4312.0 4.122 4.222
4225.0 4.222 4.322
4338.0 4.322 4.422
4371.0 4.422 4.522
4378.0 4.522 5.022
4392.0 5.022 5.522
4238.0 5.522 6.022
4943.0 6.022 6.522
6223.0 6.522 5.275
7728.0 5.275 4.038
7955.0 4.038 3.791
6391.0 3.791 3.891
4243.0 3.891 3.991
4421.0 3.991 4.091
4176.0 4.091 4.191
4188.0 4.191 4.291
4176.0 4.291 4.791
4278.0 4.791 5.291
4252.0 5.291 5.791
4642.0 5.791 6.291
5530.0 6.291 5.466
7304.0 5.466 4.019
7895.0 4.019 3.553
6543.0 3.553 3.653
4956.0 3.653 3.753
4206.0 3.753 3.853
4231.0 3.853 3.953
4179.0 3.953 4.053
4241.0 4.053 4.553
4242.0 4.553 5.053
4366.0 5.053 5.553
4609.0 5.553 6.053
5329.0 6.053 5.416
6385.0 5.416 4.544
7410.0 4.544 3.8
7114.0 3.8 3.9
5198.0 3.9 4.0
4475.0 4.0 4.1
4224.0 4.1 4.2
4368.0 4.2 4.3
4254.0 4.3 4.8
4332.0 4.8 5.3
4181.0 5.3 5.8
4694.0 5.8 6.3
5674.0 6.3 5.381
7374.0 5.381 4.002
7761.0 4.002 3.657
6461.0 3.657 3.757
4658.0 3.757 3.857
4218.0 3.857 3.957
4176.0 3.957 4.057
4176.0 4.057 4.157
4241.0 4.157 4.657
4293.0 4.657 5.157
4280.0 5.157 5.657
4322.0 5.657 6.157
4967.0 6.157 6.657
6203.0 6.657 5.43
7423.0 5.43 4.377
7544.0 4.377 4.197
6292.0 4.197 4.297
4292.0 4.297 4.397
4176.0 4.397 4.497
4335.0 4.497 4.597
4482.0 4.597 4.697
4235.0 4.697 5.197
4290.0 5.197 5.697
4450.0 5.697 6.197
5055.0 6.197 5.654
6071.0 5.654 4.788
7253.0 4.788 3.904
7085.0 3.904 4.004
5405.0 4.004 4.104
4176.0 4.104 4.204
4176.0 4.204 4.304
4335.0 4.304 4.404
4286.0 4.404 4.904
4302.0 4.904 5.404
4397.0 5.404 5.904
4496.0 5.904 6.404
5412.0 6.404 5.57
6797.0 5.57 4.4
7701.0 4.4 3.727
6753.0 3.727 3.827
4911.0 3.827 3.927
4180.0 3.927 4.027
4253.0 4.027 4.127
4207.0 4.127 4.227
4183.0 4.227 4.727
4498.0 4.727 5.227
4834.0 5.227 5.727
4942.0 5.727 6.227
5510.0 6.227 5.715
6878.0 5.715 4.562
7384.0 4.562 4.124
6532.0 4.124 4.224
4892.0 4.224 4.324
4268.0 4.324 4.424
4192.0 4.424 4.524
4297.0 4.524 4.624
4251.0 4.624 5.124
4231.0 5.124 5.624
4219.0 5.624 6.124
4662.0 6.124 6.624
5194.0 6.624 6.079
6799.0 6.079 4.651
7582.0 4.651 4.004
6818.0 4.004 4.104
4682.0 4.104 4.204
4176.0 4.204 4.304
4256.0 4.304 4.404
4280.0 4.404 4.504
4222.0 4.504 5.004
4387.0 5.004 5.504
4263.0 5.504 6.004
4449.0 6.004 6.504
5209.0 6.504 5.793
6867.0 5.793 4.369
7893.0 4.369 3.607
6712.0 3.607 3.707
4894.0 3.707 3.807
4176.0 3.807 3.907
4273.0 3.907 4.007
4244.0 4.007 4.107
4280.0 4.107 4.607
4388.0 4.607 5.107
4337.0 5.107 5.607
4374.0 5.607 6.107
5064.0 6.107 5.514
6252.0 5.514 4.53
7496.0 4.53 3.64
6907.0 3.64 3.74
5572.0 3.74 3.84
4176.0 3.84 3.94
4183.0 3.94 4.04
4176.0 4.04 4.14
4349.0 4.14 4.64
4226.0 4.64 5.14
4448.0 5.14 5.64
4324.0 5.64 6.14
4621.0 6.14 6.64
5337.0 6.64 5.941
6621.0 5.941 4.795
7580.0 4.795 4.036
6923.0 4.036 4.136
5187.0 4.136 4.236
4372.0 4.236 4.336
4334.0 4.336 4.436
4232.0 4.436 4.536
4176.0 4.536 5.036
4447.0 5.036 5.536
4470.0 5.536 6.036
4680.0 6.036 6.536
5468.0 6.536 5.79
6988.0 5.79 4.475
7841.0 4.475 3.814
6470.0 3.814 3.914
4865.0 3.914 4.014
4238.0 4.014 4.114
4374.0 4.114 4.214
4231.0 4.214 4.314
4247.0 4.314 4.814
4412.0 4.814 5.314
4562.0 5.314 5.814
5003.0 5.814 5.437
6079.0 5.437 4.574
7175.0 4.574 3.782
7351.0 3.782 3.607
5979.0 3.607 3.707
4413.0 3.707 3.807
4537.0 3.807 3.907
4176.0 3.907 4.007
4233.0 4.007 4.107
4322.0 4.107 4.607
4309.0 4.607 5.107
4249.0 5.107 5.607
4747.0 5.607 6.107
5947.0 6.107 5.028
7516.0 5.028 3.813
7516.0 3.813 3.698
5880.0 3.698 3.798
4444.0 3.798 3.898
4331.0 3.898 3.998
4294.0 3.998 4.098
4176.0 4.098 4.198
4176.0 4.198 4.698
4349.0 4.698 5.198
4286.0 5.198 5.698
4703.0 5.698 6.198
5663.0 6.198 5.32
7164.0 5.32 4.108
7545.0 4.108 3.772
6125.0 3.772 3.872
4448.0 3.872 3.972
4176.0 3.972 4.072
4176.0 4.072 4.172
4176.0 4.172 4.272
4249.0 4.272 4.772
4290.0 4.772 5.272
4367.0 5.272 5.772
4687.0 5.772 6.272
5555.0 6.272 5.473
7141.0 5.473 4.171
7826.0 4.171 3.647
6782.0 3.647 3.747
4958.0 3.747 3.847
4232.0 3.847 3.947
4176.0 3.947 4.047
4176.0 4.047 4.147
4255.0 4.147 4.647
4367.0 4.647 5.147
4257.0 5.147 5.647
4523.0 5.647 6.147
5259.0 6.147 5.486
6315.0 5.486 4.601
7608.0 4.601 3.676
7253.0 3.676 3.776
5117.0 3.776 3.876
4183.0 3.876 3.976
4250.0 3.976 4.076
4250.0 4.076 4.176
4176.0 4.176 4.676
4260.0 4.676 5.176
4384.0 5.176 5.676
4615.0 5.676 6.176
5551.0 6.176 5.34
7116.0 5.34 4.079
7858.0 4.079 3.535
6550.0 3.535 3.635
4843.0 3.635 3.735
4201.0 3.735 3.835
4255.0 3.835 3.935
4302.0 3.935 4.035
4411.0 4.035 4.535
4350.0 4.535 5.035
4310.0 5.035 5.535
4473.0 5.535 6.035
5019.0 6.035 5.557
6227.0 5.557 4.562
7531.0 4.562 3.627
7012.0 3.627 3.727
5008.0 3.727 3.827
4312.0 3.827 3.927
4176.0 3.927 4.027
4209.0 4.027 4.127
4176.0 4.127 4.627
4226.0 4.627 5.127
4543.0 5.127 5.627
4525.0 5.627 6.127
5325.0 6.127 5.439
6449.0 5.439 4.507
7672.0 4.507 3.638
6954.0 3.638 3.738
5199.0 3.738 3.838
4362.0 3.838 3.938
4494.0 3.938 4.038
4551.0 4.038 4.138
4208.0 4.138 4.638
4236.0 4.638 5.138
4361.0 5.138 5.638
4521.0 5.638 6.138
5333.0 6.138 5.422
6549.0 5.422 4.42
7579.0 4.42 3.68
7075.0 3.68 3.78
5035.0 3.78 3.88
4212.0 3.88 3.98
4272.0 3.98 4.08
4263.0 4.08 4.18
4216.0 4.18 4.68
4214.0 4.68 5.18
4528.0 5.18 5.68
4678.0 5.68 6.18
5618.0 6.18 5.346
7104.0 5.346 4.144
7940.0 4.144 3.542
6676.0 3.542 3.642
4732.0 3.642 3.742
4176.0 3.742 3.842
4176.0 3.842 3.942
4311.0 3.942 4.042
4235.0 4.042 4.542
4212.0 4.542 5.042
4198.0 5.042 5.542
4457.0 5.542 6.042
5177.0 6.042 5.406
6305.0 5.406 4.481
7651.0 4.481 3.541
6878.0 3.541 3.641
5267.0 3.641 3.741
4258.0 3.741 3.841
4176.0 3.841 3.941
4176.0 3.941 4.041
4331.0 4.041 4.541
4176.0 4.541 5.041
4282.0 5.041 5.541
4398.0 5.541 6.041
4614.0 6.041 6.541
5574.0 6.541 5.635
7015.0 5.635 4.401
7500.0 4.401 3.982
6628.0 3.982 4.082
4780.0 4.082 4.182
4330.0 4.182 4.282
4220.0 4.282 4.382
4176.0 4.382 4.482
4315.0 4.482 4.982
4200.0 4.982 5.482
4404.0 5.482 5.982
4737.0 5.982 6.482
5725.0 6.482 5.545
7106.0 5.545 4.372
7807.0 4.372 3.828
5875.0 3.828 3.928
4304.0 3.928 4.028
4281.0 4.028 4.128
4294.0 4.128 4.228
4721.0 4.228 4.328
4609.0 4.328 4.828
4236.0 4.828 5.328
4191.0 5.328 5.828
4728.0 5.828 6.328
5736.0 6.328 5.377
7041.0 5.377 4.293
7418.0 4.293 3.959
6438.0 3.959 4.059
4538.0 4.059 4.159
4412.0 4.159 4.259
4378.0 4.259 4.359
4176.0 4.359 4.459
4176.0 4.459 4.959
4287.0 4.959 5.459
4548.0 5.459 5.959
5115.0 5.959 5.457
6167.0 5.457 4.596
7451.0 4.596 3.679
6913.0 3.679 3.779
5121.0 3.779 3.879
4479.0 3.879 3.979
4267.0 3.979 4.079
4259.0 4.079 4.179
4351.0 4.179 4.679
4181.0 4.679 5.179
