5184.0 1.0 1.1
5184.0 1.1 1.2
5184.0 1.2 1.3
5184.0 1.3 1.4
5184.0 1.4 1.5
5184.0 1.5 2.0
5184.0 2.0 2.5
5100.0 2.5 3.0
5100.0 3.0 3.5
5100.0 3.5 4.0
4881.0 4.0 4.5
4564.0 4.5 5.0
4544.0 5.0 5.5
4428.0 5.5 6.0
4546.0 6.0 6.5
5050.0 6.5 6.03
6154.0 6.03 5.043
6961.0 5.043 4.37
6482.0 4.37 4.47
5302.0 4.47 4.57
4507.0 4.57 4.67
4784.0 4.67 4.77
4176.0 4.77 4.87
4176.0 4.87 5.37
4206.0 5.37 5.87
4367.0 5.87 6.37
4911.0 6.37 6.87
5739.0 6.87 6.006
6986.0 6.006 4.863
7096.0 4.863 4.672
6307.0 4.672 4.772
4703.0 4.772 4.872
4439.0 4.872 4.972
4210.0 4.972 5.072
4321.0 5.072 5.172
4329.0 5.172 5.672
4399.0 5.672 6.172
4377.0 6.172 6.672
4869.0 6.672 7.172
5433.0 7.172 6.545
6940.0 6.545 5.092
7516.0 5.092 4.54
6949.0 4.54 4.64
5221.0 4.64 4.74
4270.0 4.74 4.84
4225.0 4.84 4.94
4238.0 4.94 5.04
4176.0 5.04 5.54
4433.0 5.54 6.04
4219.0 6.04 6.54
4313.0 6.54 7.04
4777.0 7.04 7.54
5693.0 7.54 6.511
7205.0 6.511 5.022
7739.0 5.022 4.503
6553.0 4.503 4.603
4761.0 4.603 4.703
4193.0 4.703 4.803
4405.0 4.803 4.903
4176.0 4.903 5.003
4182.0 5.003 5.503
4326.0 5.503 6.003
4207.0 6.003 6.503
4456.0 6.503 7.003
4636.0 7.003 7.503
5272.0 7.503 6.807
6698.0 6.807 5.369
7568.0 5.369 4.573
7011.0 4.573 4.673
5167.0 4.673 4.773
4187.0 4.773 4.873
4179.0 4.873 4.973
4176.0 4.973 5.073
4540.0 5.073 5.573
4200.0 5.573 6.073
4396.0 6.073 6.573
4478.0 6.573 7.073
4882.0 7.073 7.573
5632.0 7.573 6.723
7174.0 6.723 5.177
7618.0 5.177 4.707
6519.0 4.707 4.807
4803.0 4.807 4.907
4365.0 4.907 5.007
4590.0 5.007 5.107
4360.0 5.107 5.207
4228.0 5.207 5.707
4253.0 5.707 6.207
4272.0 6.207 6.707
4522.0 6.707 7.207
4946.0 7.207 7.707
6310.0 7.707 6.174
7378.0 6.174 5.097
7318.0 5.097 5.029
5837.0 5.029 5.129
4245.0 5.129 5.229
4391.0 5.229 5.329
4217.0 5.329 5.429
4221.0 5.429 5.529
4241.0 5.529 6.029
4267.0 6.029 6.529
4375.0 6.529 7.029
4495.0 7.029 7.529
5235.0 7.529 6.731
6597.0 6.731 5.358
7635.0 5.358 4.443
6979.0 4.443 4.543
5591.0 4.543 4.643
4263.0 4.643 4.743
4176.0 4.743 4.843
4378.0 4.843 4.943
4176.0 4.943 5.443
4212.0 5.443 5.943
4523.0 5.943 6.443
4701.0 6.443 6.943
5085.0 6.943 6.544
6229.0 6.544 5.448
7502.0 5.448 4.363
7312.0 4.363 4.463
5868.0 4.463 4.563
4322.0 4.563 4.663
4233.0 4.663 4.763
4176.0 4.763 4.863
4290.0 4.863 5.363
4374.0 5.363 5.863
4441.0 5.863 6.363
4499.0 6.363 6.863
4903.0 6.863 7.363
6031.0 7.363 6.147
7213.0 6.147 5.003
7705.0 5.003 4.542
6153.0 4.542 4.642
4429.0 4.642 4.742
4285.0 4.742 4.842
4176.0 4.842 4.942
4273.0 4.942 5.042
4207.0 5.042 5.542
4187.0 5.542 6.042
4293.0 6.042 6.542
4581.0 6.542 7.042
5549.0 7.042 6.051
6694.0 6.051 4.974
7526.0 4.974 4.284
6680.0 4.284 4.384
4928.0 4.384 4.484
4176.0 4.484 4.584
4269.0 4.584 4.684
4178.0 4.684 4.784
4303.0 4.784 5.284
4223.0 5.284 5.784
4189.0 5.784 6.284
4634.0 6.284 6.784
5222.0 6.784 6.174
6725.0 6.174 4.805
7781.0 4.805 3.962
7307.0 3.962 4.062
5247.0 4.062 4.162
4178.0 4.162 4.262
4225.0 4.262 4.362
4319.0 4.362 4.462
4215.0 4.462 4.962
4263.0 4.962 5.462
4426.0 5.462 5.962
4341.0 5.962 6.462
5141.0 6.462 5.745
6381.0 5.745 4.668
7683.0 4.668 3.708
7290.0 3.708 3.808
5234.0 3.808 3.908
4176.0 3.908 4.008
4176.0 4.008 4.108
4176.0 4.108 4.208
4329.0 4.208 4.708
4316.0 4.708 5.208
4352.0 5.208 5.708
4561.0 5.708 6.208
5277.0 6.208 5.562
5969.0 5.562 4.951
7205.0 4.951 4.026
7243.0 4.026 3.911
5487.0 3.911 4.011
4176.0 4.011 4.111
4176.0 4.111 4.211
4319.0 4.211 4.311
4295.0 4.311 4.411
4432.0 4.411 4.911
4236.0 4.911 5.411
4421.0 5.411 5.911
4862.0 5.911 6.411
5782.0 6.411 5.534
7513.0 5.534 4.098
7779.0 4.098 3.812
6087.0 3.812 3.912
4650.0 3.912 4.012
4303.0 4.012 4.112
4451.0 4.112 4.212
4278.0 4.212 4.312
4373.0 4.312 4.812
4485.0 4.812 5.312
4512.0 5.312 5.812
4950.0 5.812 6.312
6110.0 6.312 5.238
7400.0 5.238 4.181
7572.0 4.181 3.975
6044.0 3.975 4.075
4541.0 4.075 4.175
4176.0 4.175 4.275
4232.0 4.275 4.375
4216.0 4.375 4.475
4252.0 4.475 4.975
4372.0 4.975 5.475
4425.0 5.475 5.975
4930.0 5.975 6.475
5830.0 6.475 5.601
7290.0 5.601 4.361
7898.0 4.361 3.87
6109.0 3.87 3.97
4432.0 3.97 4.07
4176.0 4.07 4.17
4251.0 4.17 4.27
4176.0 4.27 4.37
4228.0 4.37 4.87
4269.0 4.87 5.37
4436.0 5.37 5.87
5009.0 5.87 5.381
6309.0 5.381 4.346
8040.0 4.346 3.188
7392.0 3.188 3.288
5493.0 3.288 3.388
4176.0 3.388 3.488
4274.0 3.488 3.588
4354.0 3.588 3.688
4176.0 3.688 4.188
4259.0 4.188 4.688
4355.0 4.688 5.188
4302.0 5.188 5.688
4878.0 5.688 6.188
5994.0 6.188 5.159
7485.0 5.159 3.975
7784.0 3.975 3.695
6088.0 3.695 3.795
4270.0 3.795 3.895
4176.0 3.895 3.995
4276.0 3.995 4.095
4269.0 4.095 4.195
4306.0 4.195 4.695
4299.0 4.695 5.195
4241.0 5.195 5.695
4403.0 5.695 6.195
5078.0 6.195 5.593
6346.0 5.593 4.532
7784.0 4.532 3.512
7032.0 3.512 3.612
5361.0 3.612 3.712
4204.0 3.712 3.812
4176.0 3.812 3.912
4266.0 3.912 4.012
4203.0 4.012 4.512
4176.0 4.512 5.012
4308.0 5.012 5.512
4260.0 5.512 6.012
4402.0 6.012 6.512
5166.0 6.512 5.8
6446.0 5.8 4.681
7566.0 4.681 3.834
6946.0 3.834 3.934
5022.0 3.934 4.034
4210.0 4.034 4.134
4193.0 4.134 4.234
4361.0 4.234 4.334
4370.0 4.334 4.834
4246.0 4.834 5.334
4319.0 5.334 5.834
4778.0 5.834 6.334
5878.0 6.334 5.307
7529.0 5.307 3.973
7890.0 3.973 3.647
6274.0 3.647 3.747
4450.0 3.747 3.847
4176.0 3.847 3.947
4176.0 3.947 4.047
4205.0 4.047 4.147
4258.0 4.147 4.647
4300.0 4.647 5.147
4431.0 5.147 5.647
4490.0 5.647 6.147
5230.0 6.147 5.502
6286.0 5.502 4.617
7767.0 4.617 3.566
7106.0 3.566 3.666
4942.0 3.666 3.766
4176.0 3.766 3.866
4176.0 3.866 3.966
4417.0 3.966 4.066
4332.0 4.066 4.566
4176.0 4.566 5.066
4176.0 5.066 5.566
4326.0 5.566 6.066
4899.0 6.066 6.566
6219.0 6.566 5.285
7433.0 5.285 4.258
7591.0 4.258 4.06
6207.0 4.06 4.16
4503.0 4.16 4.26
4176.0 4.26 4.36
4395.0 4.36 4.46
4176.0 4.46 4.56
4272.0 4.56 5.06
4389.0 5.06 5.56
4282.0 5.56 6.06
4597.0 6.06 6.56
5741.0 6.56 5.475
7370.0 5.475 4.113
7719.0 4.113 3.784
6559.0 3.784 3.884
4987.0 3.884 3.984
4465.0 3.984 4.084
4449.0 4.084 4.184
4243.0 4.184 4.284
4183.0 4.284 4.784
4176.0 4.784 5.284
4348.0 5.284 5.784
4594.0 5.784 6.284
5558.0 6.284 5.407
7070.0 5.407 4.168
7828.0 4.168 3.606
6444.0 3.606 3.706
4878.0 3.706 3.806
4200.0 3.806 3.906
4388.0 3.906 4.006
4371.0 4.006 4.106
4176.0 4.106 4.606
4408.0 4.606 5.106
4534.0 5.106 5.606
4948.0 5.606 6.106
5812.0 6.106 5.321
7129.0 5.321 4.255
7510.0 4.255 3.921
6206.0 3.921 4.021
4784.0 4.021 4.121
4318.0 4.121 4.221
4220.0 4.221 4.321
4176.0 4.321 4.421
4266.0 4.421 4.921
4184.0 4.921 5.421
4308.0 5.421 5.921
4926.0 5.921 6.421
6026.0 6.421 5.361
7263.0 5.361 4.322
7536.0 4.322 4.052
6440.0 4.052 4.152
4656.0 4.152 4.252
4321.0 4.252 4.352
4234.0 4.352 4.452
4222.0 4.452 4.552
4315.0 4.552 5.052
4570.0 5.052 5.552
4603.0 5.552 6.052
4903.0 6.052 6.552
6127.0 6.552 5.394
7242.0 5.394 4.433
6972.0 4.433 4.533
5736.0 4.533 4.633
4344.0 4.633 4.733
4176.0 4.733 4.833
4232.0 4.833 4.933
4347.0 4.933 5.433
4176.0 5.433 5.933
4356.0 5.933 6.433
4438.0 6.433 6.933
4898.0 6.933 7.433
6284.0 7.433 5.929
8036.0 5.929 4.325
7976.0 4.325 4.215
5771.0 4.215 4.315
4176.0 4.315 4.415
4317.0 4.415 4.515
4176.0 4.515 4.615
4264.0 4.615 4.715
4494.0 4.715 5.215
4176.0 5.215 5.715
4307.0 5.715 6.215
4577.0 6.215 6.715
5357.0 6.715 5.949
6963.0 5.949 4.526
7675.0 4.526 3.94
6493.0 3.94 4.04
4553.0 4.04 4.14
4176.0 4.14 4.24
4251.0 4.24 4.34
4176.0 4.34 4.44
4306.0 4.44 4.94
4229.0 4.94 5.44
4431.0 5.44 5.94
4855.0 5.94 6.44
5887.0 6.44 5.459
7144.0 5.459 4.394
7809.0 4.394 3.878
6347.0 3.878 3.978
4601.0 3.978 4.078
4433.0 4.078 4.178
4365.0 4.178 4.278
4286.0 4.278 4.378
4413.0 4.378 4.878
4286.0 4.878 5.378
4402.0 5.378 5.878
4732.0 5.878 6.378
5956.0 6.378 5.247
7400.0 5.247 4.07
7666.0 4.07 3.804
6002.0 3.804 3.904
4550.0 3.904 4.004
4288.0 4.004 4.104
4293.0 4.104 4.204
4392.0 4.204 4.304
4336.0 4.304 4.804
4367.0 4.804 5.304
4575.0 5.304 5.804
5007.0 5.804 5.432
6243.0 5.432 4.448
7792.0 4.448 3.383
6949.0 3.383 3.483
5338.0 3.483 3.583
4181.0 3.583 3.683
4408.0 3.683 3.783
4261.0 3.783 3.883
4176.0 3.883 4.383
4201.0 4.383 4.883
4256.0 4.883 5.383
4176.0 5.383 5.883
4530.0 5.883 6.383
5422.0 6.383 5.547
7123.0 5.547 4.135
7661.0 4.135 3.692
6885.0 3.692 3.792
4625.0 3.792 3.892
4328.0 3.892 3.992
4270.0 3.992 4.092
4176.0 4.092 4.192
4176.0 4.192 4.692
4200.0 4.692 5.192
4256.0 5.192 5.692
4594.0 5.692 6.192
5882.0 6.192 5.038
7378.0 5.038 3.866
7734.0 3.866 3.561
5798.0 3.561 3.661
4234.0 3.661 3.761
4333.0 3.761 3.861
4210.0 3.861 3.961
4176.0 3.961 4.061
4250.0 4.061 4.561
4211.0 4.561 5.061
4225.0 5.061 5.561
4439.0 5.561 6.061
4922.0 6.061 6.561
5818.0 6.561 5.679
7195.0 5.679 4.489
7572.0 4.489 4.134
6063.0 4.134 4.234
4554.0 4.234 4.334
4287.0 4.334 4.434
4274.0 4.434 4.534
4415.0 4.534 4.634
4213.0 4.634 5.134
4176.0 5.134 5.634
4238.0 5.634 6.134
4865.0 6.134 6.634
5741.0 6.634 5.747
7440.0 5.747 4.284
7530.0 4.284 4.094
6282.0 4.094 4.194
4176.0 4.194 4.294
4185.0 4.294 4.394
4285.0 4.394 4.494
4417.0 4.494 4.594
4335.0 4.594 5.094
4304.0 5.094 5.594
4399.0 5.594 6.094
4741.0 6.094 6.594
5833.0 6.594 5.545
7408.0 5.545 4.212
7689.0 4.212 3.92
6641.0 3.92 4.02
4573.0 4.02 4.12
4229.0 4.12 4.22
4238.0 4.22 4.32
4271.0 4.32 4.42
4344.0 4.42 4.92
4434.0 4.92 5.42
4226.0 5.42 5.92
4760.0 5.92 6.42
5856.0 6.42 5.377
7597.0 5.377 3.958
7727.0 3.958 3.755
6079.0 3.755 3.855
4204.0 3.855 3.955
4250.0 3.955 4.055
4227.0 4.055 4.155
4210.0 4.155 4.255
4176.0 4.255 4.755
4242.0 4.755 5.255
4176.0 5.255 5.755
4406.0 5.755 6.255
5426.0 6.255 5.337
7160.0 5.337 3.944
7566.0 3.944 3.591
6474.0 3.591 3.691
4626.0 3.691 3.791
4176.0 3.791 3.891
4287.0 3.891 3.991
4345.0 3.991 4.091
4526.0 4.091 4.591
4394.0 4.591 5.091
4516.0 5.091 5.591
4663.0 5.591 6.091
5675.0 6.091 5.211
7313.0 5.211 3.922
7608.0 3.922 3.639
6048.0 3.639 3.739
4293.0 3.739 3.839
4436.0 3.839 3.939
4176.0 3.939 4.039
4176.0 4.039 4.139
4176.0 4.139 4.639
4409.0 4.639 5.139
4619.0 5.139 5.639
4848.0 5.639 6.139
5492.0 6.139 5.557
6792.0 5.557 4.48
7424.0 4.48 3.975
6856.0 3.975 4.075
5160.0 4.075 4.175
4176.0 4.175 4.275
4247.0 4.275 4.375
4303.0 4.375 4.475
4419.0 4.475 4.975
4398.0 4.975 5.475
4282.0 5.475 5.975
4528.0 5.975 6.475
5344.0 6.475 5.709
7056.0 5.709 4.256
7977.0 4.256 3.572
6709.0 3.572 3.672
4741.0 3.672 3.772
4176.0 3.772 3.872
4227.0 3.872 3.972
4215.0 3.972 4.072
4176.0 4.072 4.572
4176.0 4.572 5.072
4309.0 5.072 5.572
4552.0 5.572 6.072
5040.0 6.072 5.63
6196.0 5.63 4.667
7516.0 4.667 3.705
7202.0 3.705 3.805
4970.0 3.805 3.905
4251.0 3.905 4.005
4304.0 4.005 4.105
4284.0 4.105 4.205
4377.0 4.205 4.705
4234.0 4.705 5.205
4332.0 5.205 5.705
4488.0 5.705 6.205
5372.0 6.205 5.419
6648.0 5.419 4.365
7762.0 4.365 3.578
6823.0 3.578 3.678
5203.0 3.678 3.778
4233.0 3.778 3.878
4178.0 3.878 3.978
4366.0 3.978 4.078
4205.0 4.078 4.578
4263.0 4.578 5.078
4602.0 5.078 5.578
4742.0 5.578 6.078
5406.0 6.078 5.494
6738.0 5.494 4.403
7621.0 4.403 3.75
7173.0 3.75 3.85
5221.0 3.85 3.95
4257.0 3.95 4.05
4274.0 4.05 4.15
4176.0 4.15 4.25
4280.0 4.25 4.75
4176.0 4.75 5.25
4176.0 5.25 5.75
4473.0 5.75 6.25
5233.0 6.25 5.552
6549.0 5.552 4.452
7764.0 4.452 3.584
7099.0 3.584 3.684
4563.0 3.684 3.784
4256.0 3.784 3.884
4358.0 3.884 3.984
4432.0 3.984 4.084
4185.0 4.084 4.584
4176.0 4.584 5.084
4350.0 5.084 5.584
4575.0 5.584 6.084
5583.0 6.084 5.2
7379.0 5.2 3.798
7911.0 3.798 3.387
6323.0 3.387 3.487
4385.0 3.487 3.587
4176.0 3.587 3.687
4310.0 3.687 3.787
4281.0 3.787 3.887
4176.0 3.887 4.387
4248.0 4.387 4.887
4281.0 4.887 5.387
4309.0 5.387 5.887
4487.0 5.887 6.387
5299.0 6.387 5.64
7089.0 5.64 4.145
7836.0 4.145 3.574
6740.0 3.574 3.674
4607.0 3.674 3.774
4356.0 3.774 3.874
4222.0 3.874 3.974
4272.0 3.974 4.074
4246.0 4.074 4.574
4443.0 4.574 5.074
4635.0 5.074 5.574
4680.0 5.574 6.074
5508.0 6.074 5.362
6836.0 5.362 4.287
7697.0 4.287 3.662
6789.0 3.662 3.762
5499.0 3.762 3.862
4325.0 3.862 3.962
4176.0 3.962 4.062
4259.0 4.062 4.162
4176.0 4.162 4.662
4323.0 4.662 5.162
4320.0 5.162 5.662
4427.0 5.662 6.162
4742.0 6.162 6.662
5898.0 6.662 5.546
7706.0 5.546 4.026
7976.0 4.026 3.736
6388.0 3.736 3.836
4477.0 3.836 3.936
4247.0 3.936 4.036
4264.0 4.036 4.136
4176.0 4.136 4.236
4260.0 4.236 4.736
4403.0 4.736 5.236
4379.0 5.236 5.736
4748.0 5.736 6.236
5832.0 6.236 5.249
7126.0 5.249 4.194
7313.0 4.194 3.979
6145.0 3.979 4.079
4567.0 4.079 4.179
4199.0 4.179 4.279
4330.0 4.279 4.379
4188.0 4.379 4.479
4176.0 4.479 4.979
4325.0 4.979 5.479
4375.0 5.479 5.979
4876.0 5.979 6.479
5948.0 6.479 5.449
7329.0 5.449 4.287
7811.0 4.287 3.884
6399.0 3.884 3.984
4830.0 3.984 4.084
4512.0 4.084 4.184
4682.0 4.184 4.284
4388.0 4.284 4.384
4176.0 4.384 4.884
4205.0 4.884 5.384
4176.0 5.384 5.884
4521.0 5.884 6.384
5501.0 6.384 5.47
7034.0 5.47 4.198
7798.0 4.198 3.627
6638.0 3.627 3.727
5027.0 3.727 3.827
4245.0 3.827 3.927
4517.0 3.927 4.027
4423.0 4.027 4.127
4315.0 4.127 4.627
4263.0 4.627 5.127
4268.0 5.127 5.627
4454.0 5.627 6.127
5159.0 6.127 5.502
6535.0 5.502 4.372
7680.0 4.372 3.559
7260.0 3.559 3.659
4824.0 3.659 3.759
4307.0 3.759 3.859
4353.0 3.859 3.959
4367.0 3.959 4.059
4176.0 4.059 4.559
4176.0 4.559 5.059
4231.0 5.059 5.559
4430.0 5.559 6.059
4913.0 6.059 6.559
6057.0 6.559 5.45
7350.0 5.45 4.348
7244.0 4.348 4.303
5860.0 4.303 4.403
4507.0 4.403 4.503
4176.0 4.503 4.603
4512.0 4.603 4.703
4332.0 4.703 4.803
4227.0 4.803 5.303
4346.0 5.303 5.803
4376.0 5.803 6.303
4688.0 6.303 6.803
5544.0 6.803 5.95
6983.0 5.95 4.658
7784.0 4.658 4.009
6867.0 4.009 4.109
4403.0 4.109 4.209
4320.0 4.209 4.309
4176.0 4.309 4.409
4200.0 4.409 4.509
4176.0 4.509 5.009
4176.0 5.009 5.509
4244.0 5.509 6.009
4517.0 6.009 6.509
5449.0 6.509 5.628
7280.0 5.628 4.09
7923.0 4.09 3.582
6635.0 3.582 3.682
4853.0 3.682 3.782
4247.0 3.782 3.882
4228.0 3.882 3.982
4176.0 3.982 4.082
4223.0 4.082 4.582
4202.0 4.582 5.082
4176.0 5.082 5.582
4546.0 5.582 6.082
5219.0 6.082 5.47
6219.0 5.47 4.635
7319.0 4.635 3.833
7029.0 3.833 3.933
5105.0 3.933 4.033
4176.0 4.033 4.133
4176.0 4.133 4.233
4263.0 4.233 4.333
4343.0 4.333 4.833
4349.0 4.833 5.333
4669.0 5.333 5.833
4621.0 5.833 6.333
5381.0 6.333 5.66
6780.0 5.66 4.476
7300.0 4.476 4.033
6472.0 4.033 4.133
4984.0 4.133 4.233
4439.0 4.233 4.333
4725.0 4.333 4.433
4415.0 4.433 4.533
4176.0 4.533 5.033
4261.0 5.033 5.533
4437.0 5.533 6.033
4731.0 6.033 6.533
5851.0 6.533 5.473
7198.0 5.473 4.33
7631.0 4.33 3.954
6295.0 3.954 4.054
4927.0 4.054 4.154
4221.0 4.154 4.254
4225.0 4.254 4.354
4427.0 4.354 4.454
4590.0 4.454 4.954
4468.0 4.954 5.454
4588.0 5.454 5.954
4984.0 5.954 6.454
5864.0 6.454 5.613
7304.0 5.613 4.39
7759.0 4.39 3.991
5783.0 3.991 4.091
4475.0 4.091 4.191
4236.0 4.191 4.291
4344.0 4.291 4.391
4176.0 4.391 4.491
4245.0 4.491 4.991
4251.0 4.991 5.491
4321.0 5.491 5.991
4747.0 5.991 6.491
5995.0 6.491 5.307
7302.0 5.307 4.215
7579.0 4.215 3.943
6115.0 3.943 4.043
4309.0 4.043 4.143
4176.0 4.143 4.243
4243.0 4.243 4.343
4300.0 4.343 4.443
4241.0 4.443 4.943
4185.0 4.943 5.443
4268.0 5.443 5.943
4764.0 5.943 6.443
5884.0 6.443 5.376
7477.0 5.376 4.066
7854.0 4.066 3.727
6266.0 3.727 3.827
4424.0 3.827 3.927
4317.0 3.927 4.027
4261.0 4.027 4.127
4283.0 4.127 4.227
4179.0 4.227 4.727
4176.0 4.727 5.227
4527.0 5.227 5.727
5307.0 5.727 5.067
6463.0 5.067 4.174
7439.0 4.174 3.512
7155.0 3.512 3.612
5568.0 3.612 3.712
4188.0 3.712 3.812
4315.0 3.812 3.912
4358.0 3.912 4.012
4304.0 4.012 4.512
4371.0 4.512 5.012
4257.0 5.012 5.512
4360.0 5.512 6.012
4636.0 6.012 6.512
5736.0 6.512 5.476
7315.0 5.476 4.157
7921.0 4.157 3.679
6513.0 3.679 3.779
4749.0 3.779 3.879
4176.0 3.879 3.979
4255.0 3.979 4.079
4204.0 4.079 4.179
4250.0 4.179 4.679
4209.0 4.679 5.179
4385.0 5.179 5.679
4700.0 5.679 6.179
5556.0 6.179 5.402
7037.0 5.402 4.197
7622.0 4.197 3.736
6294.0 3.736 3.836
4635.0 3.836 3.936
4176.0 3.936 4.036
4176.0 4.036 4.136
4239.0 4.136 4.236
4279.0 4.236 4.736
4184.0 4.736 5.236
4311.0 5.236 5.736
4527.0 5.736 6.236
5443.0 6.236 5.411
7073.0 5.411 4.087
7920.0 4.087 3.477
6708.0 3.477 3.577
4713.0 3.577 3.677
4412.0 3.677 3.777
4302.0 3.777 3.877
4248.0 3.877 3.977
4176.0 3.977 4.477
4176.0 4.477 4.977
4176.0 4.977 5.477
4502.0 5.477 5.977
4314.0 5.977 6.477
5298.0 6.477 5.602
6842.0 5.602 4.296
7786.0 4.296 3.603
7062.0 3.603 3.703
4826.0 3.703 3.803
4237.0 3.803 3.903
4206.0 3.903 4.003
4288.0 4.003 4.103
4195.0 4.103 4.603
4255.0 4.603 5.103
4483.0 5.103 5.603
4474.0 5.603 6.103
5077.0 6.103 5.586
6261.0 5.586 4.601
7521.0 4.601 3.688
6909.0 3.688 3.788
4973.0 3.788 3.888
4284.0 3.888 3.988
4270.0 3.988 4.088
4404.0 4.088 4.188
4280.0 4.188 4.688
4300.0 4.688 5.188
4236.0 5.188 5.688
4479.0 5.688 6.188
5259.0 6.188 5.487
6771.0 5.487 4.247
7644.0 4.247 3.608
7084.0 3.608 3.708
4608.0 3.708 3.808
4274.0 3.808 3.908
4176.0 3.908 4.008
4176.0 4.008 4.108
4227.0 4.108 4.608
4481.0 4.608 5.108
4436.0 5.108 5.608
4486.0 5.608 6.108
4756.0 6.108 6.608
5776.0 6.608 5.633
7198.0 5.633 4.408
7767.0 4.408 3.937
6251.0 3.937 4.037
4769.0 4.037 4.137
4239.0 4.137 4.237
4262.0 4.237 4.337
4341.0 4.337 4.437
4242.0 4.437 4.937
4422.0 4.937 5.437
4390.0 5.437 5.937
4687.0 5.937 6.437
5715.0 6.437 5.477
7555.0 5.477 3.964
8245.0 3.964 3.444
6525.0 3.444 3.544
4629.0 3.544 3.644
4280.0 3.644 3.744
4185.0 3.744 3.844
4248.0 3.844 3.944
4296.0 3.944 4.444
4352.0 4.444 4.944
4254.0 4.944 5.444
4262.0 5.444 5.944
4649.0 5.944 6.444
5685.0 6.444 5.466
7199.0 5.466 4.204
7706.0 4.204 3.784
6222.0 3.784 3.884
4314.0 3.884 3.984
4176.0 3.984 4.084
4217.0 4.084 4.184
4300.0 4.184 4.284
4467.0 4.284 4.784
4367.0 4.784 5.284
4176.0 5.284 5.784
4354.0 5.784 6.284
4930.0 6.284 6.784
5602.0 6.784 6.075
7105.0 6.075 4.717
7753.0 4.717 4.158
6111.0 4.158 4.258
4176.0 4.258 4.358
4219.0 4.358 4.458
4645.0 4.458 4.558
4185.0 4.558 4.658
4176.0 4.658 5.158
4280.0 5.158 5.658
4256.0 5.658 6.158
4519.0 6.158 6.658
5587.0 6.658 5.632
7059.0 5.632 4.363
7707.0 4.363 3.844
6767.0 3.844 3.944
4951.0 3.944 4.044
4602.0 4.044 4.144
4504.0 4.144 4.244
4429.0 4.244 4.344
4266.0 4.344 4.844
4282.0 4.844 5.344
4264.0 5.344 5.844
4564.0 5.844 6.344
5588.0 6.344 5.401
7249.0 5.401 4.045
7661.0 4.045 3.685
6365.0 3.685 3.785
4613.0 3.785 3.885
4359.0 3.885 3.985
4363.0 3.985 4.085
4308.0 4.085 4.185
4257.0 4.185 4.685
4406.0 4.685 5.185
4571.0 5.185 5.685
4976.0 5.685 6.185
6340.0 6.185 4.957
7747.0 4.957 3.858
7627.0 3.858 3.816
5759.0 3.816 3.916
4428.0 3.916 4.016
4223.0 4.016 4.116
4234.0 4.116 4.216
4384.0 4.216 4.316
4282.0 4.316 4.816
4389.0 4.816 5.316
4561.0 5.316 5.816
5254.0 5.816 5.233
6670.0 5.233 4.13
7672.0 4.13 3.442
6968.0 3.442 3.542
5234.0 3.542 3.642
4307.0 3.642 3.742
4307.0 3.742 3.842
4176.0 3.842 3.942
4284.0 3.942 4.442
4227.0 4.442 4.942
4346.0 4.942 5.442
4228.0 5.442 5.942
4528.0 5.942 6.442
5480.0 6.442 5.551
6821.0 5.551 4.413
7784.0 4.413 3.705
6866.0 3.705 3.805
4382.0 3.805 3.905
4260.0 3.905 4.005
4295.0 4.005 4.105
4257.0 4.105 4.205
4344.0 4.205 4.705
4358.0 4.705 5.205
4205.0 5.205 5.705
4460.0 5.705 6.205
5260.0 6.205 5.484
6536.0 5.484 4.425
7488.0 4.425 3.728
7160.0 3.728 3.828
5240.0 3.828 3.928
4176.0 3.928 4.028
4176.0 4.028 4.128
4230.0 4.128 4.228
4176.0 4.228 4.728
4249.0 4.728 5.228
4227.0 5.228 5.728
4364.0 5.728 6.228
4646.0 6.228 6.728
5522.0 6.728 5.868
7143.0 5.868 4.442
7928.0 4.442 3.819
6487.0 3.819 3.919
4558.0 3.919 4.019
4176.0 4.019 4.119
4176.0 4.119 4.219
4365.0 4.219 4.319
4457.0 4.319 4.819
4343.0 4.819 5.319
4480.0 5.319 5.819
4672.0 5.819 6.319
5504.0 6.319 5.56
7140.0 5.56 4.203
7693.0 4.203 3.75
6629.0 3.75 3.85
5078.0 3.85 3.95
4176.0 3.95 4.05
4176.0 4.05 4.15
4176.0 4.15 4.25
4323.0 4.25 4.75
4248.0 4.75 5.25
4367.0 5.25 5.75
4462.0 5.75 6.25
5306.0 6.25 5.499
6286.0 5.499 4.662
7594.0 4.662 3.72
6934.0 3.72 3.82
4822.0 3.82 3.92
4235.0 3.92 4.02
4387.0 4.02 4.12
4176.0 4.12 4.22
4176.0 4.22 4.72
4176.0 4.72 5.22
4268.0 5.22 5.72
4454.0 5.72 6.22
5354.0 6.22 5.415
6726.0 5.415 4.287
7746.0 4.287 3.563
7006.0 3.563 3.663
5104.0 3.663 3.763
4272.0 3.763 3.863
4227.0 3.863 3.963
4536.0 3.963 4.063
4363.0 4.063 4.563
4348.0 4.563 5.063
4458.0 5.063 5.563
4598.0 5.563 6.063
5162.0 6.063 5.568
6394.0 5.568 4.551
7797.0 4.551 3.553
7169.0 3.553 3.653
5053.0 3.653 3.753
4210.0 3.753 3.853
4227.0 3.853 3.953
4181.0 3.953 4.053
4308.0 4.053 4.553
4301.0 4.553 5.053
4194.0 5.053 5.553
4384.0 5.553 6.053
4861.0 6.053 6.553
5917.0 6.553 5.527
7368.0 5.527 4.296
7876.0 4.296 3.871
6194.0 3.871 3.971
4520.0 3.971 4.071
4373.0 4.071 4.171
4184.0 4.171 4.271
4224.0 4.271 4.371
4176.0 4.371 4.871
4277.0 4.871 5.371
4333.0 5.371 5.871
4752.0 5.871 6.371
5972.0 6.371 5.235
7322.0 5.235 4.129
7657.0 4.129 3.826
6197.0 3.826 3.926
4448.0 3.926 4.026
4176.0 4.026 4.126
4271.0 4.126 4.226
4205.0 4.226 4.326
4202.0 4.326 4.826
4217.0 4.826 5.326
4327.0 5.326 5.826
4525.0 5.826 6.326
5533.0 6.326 5.41
6922.0 5.41 4.26
7349.0 4.26 3.892
6221.0 3.892 3.992
4835.0 3.992 4.092
4176.0 4.092 4.192
4176.0 4.192 4.292
4383.0 4.292 4.392
4304.0 4.392 4.892
4262.0 4.892 5.392
4302.0 5.392 5.892
4896.0 5.892 6.392
5968.0 6.392 5.366
7763.0 5.366 3.91
8209.0 3.91 3.533
6457.0 3.533 3.633
4324.0 3.633 3.733
4278.0 3.733 3.833
4289.0 3.833 3.933
4302.0 3.933 4.033
4196.0 4.033 4.533
4199.0 4.533 5.033
4379.0 5.033 5.533
4606.0 5.533 6.033
5306.0 6.033 5.416
6594.0 5.416 4.37
7787.0 4.37 3.534
6858.0 3.534 3.634
5232.0 3.634 3.734
4176.0 3.734 3.834
4200.0 3.834 3.934
4176.0 3.934 4.034
4477.0 4.034 4.534
4260.0 4.534 5.034
4274.0 5.034 5.534
4370.0 5.534 6.034
4748.0 6.034 6.534
5704.0 6.534 5.615
6972.0 5.615 4.52
7516.0 4.52 4.065
6151.0 4.065 4.165
4789.0 4.165 4.265
4251.0 4.265 4.365
4226.0 4.365 4.465
4192.0 4.465 4.565
4315.0 4.565 5.065
4323.0 5.065 5.565
4333.0 5.565 6.065
4654.0 6.065 6.565
5722.0 6.565 5.547
7356.0 5.547 4.17
7973.0 4.17 3.681
6677.0 3.681 3.781
5168.0 3.781 3.881
4176.0 3.881 3.981
4176.0 3.981 4.081
4194.0 4.081 4.181
4374.0 4.181 4.681
4246.0 4.681 5.181
4477.0 5.181 5.681
4375.0 5.681 6.181
4702.0 6.181 6.681
5874.0 6.681 5.547
7030.0 5.547 4.532
7568.0 4.532 4.087
6312.0 4.087 4.187
4428.0 4.187 4.287
4176.0 4.287 4.387
4234.0 4.387 4.487
4597.0 4.487 4.587
4383.0 4.587 5.087
4542.0 5.087 5.587
4681.0 5.587 6.087
5185.0 6.087 5.641
6273.0 5.641 4.73
7524.0 4.73 3.806
7078.0 3.806 3.906
5174.0 3.906 4.006
4331.0 4.006 4.106
4380.0 4.106 4.206
4467.0 4.206 4.306
4337.0 4.306 4.806
4435.0 4.806 5.306
4601.0 5.306 5.806
4865.0 5.806 6.306
5933.0 6.306 5.332
7218.0 5.332 4.269
7782.0 4.269 3.826
6506.0 3.826 3.926
4754.0 3.926 4.026
4263.0 4.026 4.126
4176.0 4.126 4.226
4181.0 4.226 4.326
4378.0 4.326 4.826
4374.0 4.826 5.326
4485.0 5.326 5.826
4851.0 5.826 6.326
6023.0 6.326 5.246
7412.0 5.246 4.114
7426.0 4.114 3.995
5934.0 3.995 4.095
4548.0 4.095 4.195
4176.0 4.195 4.295
4378.0 4.295 4.395
4176.0 4.395 4.495
4257.0 4.495 4.995
4410.0 4.995 5.495
4471.0 5.495 5.995
4984.0 5.995 6.495
5984.0 6.495 5.526
7464.0 5.526 4.278
7804.0 4.278 3.954
6208.0 3.954 4.054
4672.0 4.054 4.154
4315.0 4.154 4.254
4176.0 4.254 4.354
4218.0 4.354 4.454
4176.0 4.454 4.954
4295.0 4.954 5.454
4271.0 5.454 5.954
4664.0 5.954 6.454
5544.0 6.454 5.614
7063.0 5.614 4.329
7775.0 4.329 3.774
6775.0 3.774 3.874
4627.0 3.874 3.974
4401.0 3.974 4.074
4313.0 4.074 4.174
4176.0 4.174 4.274
4184.0 4.274 4.774
4255.0 4.774 5.274
4451.0 5.274 5.774
5024.0 5.774 5.29
6228.0 5.29 4.343
7400.0 4.343 3.533
7768.0 3.533 3.269
5428.0 3.269 3.369
4188.0 3.369 3.469
4331.0 3.469 3.569
4314.0 3.569 3.669
4189.0 3.669 3.769
4275.0 3.769 4.269
4495.0 4.269 4.769
4623.0 4.769 5.269
4602.0 5.269 5.769
5505.0 5.769 5.04
6621.0 5.04 4.173
7645.0 4.173 3.485
6773.0 3.485 3.585
5465.0 3.585 3.685
4257.0 3.685 3.785
4255.0 3.785 3.885
4311.0 3.885 3.985
4252.0 3.985 4.485
4291.0 4.485 4.985
4176.0 4.985 5.485
4414.0 5.485 5.985
4834.0 5.985 6.485
5910.0 6.485 5.457
7296.0 5.457 4.29
7788.0 4.29 3.88
6464.0 3.88 3.98
4721.0 3.98 4.08
4202.0 4.08 4.18
4440.0 4.18 4.28
4309.0 4.28 4.38
4250.0 4.38 4.88
4337.0 4.88 5.38
4559.0 5.38 5.88
4973.0 5.88 6.38
5949.0 6.38 5.459
7393.0 5.459 4.257
7302.0 4.257 4.194
6002.0 4.194 4.294
4832.0 4.294 4.394
4453.0 4.394 4.494
4298.0 4.494 4.594
4399.0 4.594 4.694
4176.0 4.694 5.194
4292.0 5.194 5.694
4326.0 5.694 6.194
4688.0 6.194 6.694
5368.0 6.694 6.013
6786.0 6.013 4.743
7662.0 4.743 4.036
6989.0 4.036 4.136
4917.0 4.136 4.236
4245.0 4.236 4.336
4253.0 4.336 4.436
4194.0 4.436 4.536
4382.0 4.536 5.036
4443.0 5.036 5.536
4176.0 5.536 6.036
4557.0 6.036 6.536
5429.0 6.536 5.698
6697.0 5.698 4.595
7519.0 4.595 3.955
6561.0 3.955 4.055
4489.0 4.055 4.155
4176.0 4.155 4.255
4295.0 4.255 4.355
4176.0 4.355 4.455
4221.0 4.455 4.955
4223.0 4.955 5.455
4414.0 5.455 5.955
4644.0 5.955 6.455
5440.0 6.455 5.707
7216.0 5.707 4.206
7880.0 4.206 3.676
7072.0 3.676 3.776
4940.0 3.776 3.876
4176.0 3.876 3.976
4176.0 3.976 4.076
4176.0 4.076 4.176
4320.0 4.176 4.676
4304.0 4.676 5.176
4396.0 5.176 5.676
4436.0 5.676 6.176
5012.0 6.176 5.673
6264.0 5.673 4.621
7723.0 4.621 3.57
7403.0 3.57 3.67
5247.0 3.67 3.77
4246.0 3.77 3.87
4229.0 3.87 3.97
4176.0 3.97 4.07
4245.0 4.07 4.57
4339.0 4.57 5.07
4235.0 5.07 5.57
4312.0 5.57 6.07
4636.0 6.07 6.57
5456.0 6.57 5.777
7263.0 5.777 4.229
7933.0 4.229 3.69
6917.0 3.69 3.79
4481.0 3.79 3.89
4209.0 3.89 3.99
4526.0 3.99 4.09
4480.0 4.09 4.19
4473.0 4.19 4.69
4301.0 4.69 5.19
4453.0 5.19 5.69
4780.0 5.69 6.19
5732.0 6.19 5.328
7144.0 5.328 4.182
7619.0 4.182 3.792
6511.0 3.792 3.892
4699.0 3.892 3.992
4176.0 3.992 4.092
4176.0 4.092 4.192
4176.0 4.192 4.292
4319.0 4.292 4.792
4364.0 4.792 5.292
4430.0 5.292 5.792
4455.0 5.792 6.292
5595.0 6.292 5.284
7201.0 5.284 3.99
7695.0 3.99 3.592
6535.0 3.592 3.692
4687.0 3.692 3.792
4258.0 3.792 3.892
4194.0 3.892 3.992
4397.0 3.992 4.092
4399.0 4.092 4.592
4190.0 4.592 5.092
4261.0 5.092 5.592
4796.0 5.592 6.092
5476.0 6.092 5.454
6484.0 5.454 4.613
7564.0 4.613 3.827
6809.0 3.827 3.927
4701.0 3.927 4.027
4176.0 4.027 4.127
4176.0 4.127 4.227
4176.0 4.227 4.327
4332.0 4.327 4.827
4262.0 4.827 5.327
4405.0 5.327 5.827
4690.0 5.827 6.327
5530.0 6.327 5.549
7171.0 5.549 4.189
7793.0 4.189 3.696
6869.0 3.696 3.796
4533.0 3.796 3.896
4251.0 3.896 3.996
4176.0 3.996 4.096
4176.0 4.096 4.196
4231.0 4.196 4.696
4176.0 4.696 5.196
4270.0 5.196 5.696
4427.0 5.696 6.196
5102.0 6.196 5.592
6202.0 5.592 4.663
7556.0 4.663 3.682
7321.0 3.682 3.782
5033.0 3.782 3.882
4345.0 3.882 3.982
4215.0 3.982 4.082
4448.0 4.082 4.182
4414.0 4.182 4.682
4239.0 4.682 5.182
4307.0 5.182 5.682
4429.0 5.682 6.182
4927.0 6.182 6.682
6015.0 6.682 5.604
7339.0 5.604 4.452
7616.0 4.452 4.165
6027.0 4.165 4.265
4395.0 4.265 4.365
4254.0 4.365 4.465
4357.0 4.465 4.565
4226.0 4.565 4.665
4176.0 4.665 5.165
4286.0 5.165 5.665
4334.0 5.665 6.165
4649.0 6.165 6.665
5721.0 6.665 5.627
7282.0 5.627 4.288
7505.0 4.288 4.027
6177.0 4.027 4.127
4839.0 4.127 4.227
4258.0 4.227 4.327
4218.0 4.327 4.427
4359.0 4.427 4.527
4322.0 4.527 5.027
4234.0 5.027 5.527
4279.0 5.527 6.027
4295.0 6.027 6.527
4991.0 6.527 7.027
5863.0 7.027 6.083
7161.0 6.083 4.875
7485.0 4.875 4.533
5965.0 4.533 4.633
4561.0 4.633 4.733
4176.0 4.733 4.833
4279.0 4.833 4.933
4504.0 4.933 5.033
4312.0 5.033 5.533
4232.0 5.533 6.033
4205.0 6.033 6.533
4647.0 6.533 7.033
5187.0 7.033 6.448
6742.0 6.448 4.977
7534.0 4.977 4.283
