5268.0 1.0 1.1
5268.0 1.1 1.2
5268.0 1.2 1.3
5268.0 1.3 1.4
5268.0 1.4 1.5
5268.0 1.5 2.0
5268.0 2.0 2.5
5184.0 2.5 3.0
5184.0 3.0 3.5
5184.0 3.5 4.0
4965.0 4.0 4.5
4648.0 4.5 5.0
4628.0 5.0 5.5
4512.0 5.5 6.0
4630.0 6.0 6.5
5134.0 6.5 6.03
6238.0 6.03 5.043
7045.0 5.043 4.37
6566.0 4.37 4.47
5386.0 4.47 4.57
4591.0 4.57 4.67
4868.0 4.67 4.77
4260.0 4.77 4.87
4260.0 4.87 5.37
4290.0 5.37 5.87
4451.0 5.87 6.37
4995.0 6.37 6.87
5823.0 6.87 6.006
7070.0 6.006 4.863
6950.0 4.863 4.829
5741.0 4.829 4.929
4541.0 4.929 5.029
4176.0 5.029 5.129
4381.0 5.129 5.229
4184.0 5.229 5.329
4176.0 5.329 5.829
4345.0 5.829 6.329
4191.0 6.329 6.829
4903.0 6.829 7.329
5499.0 7.329 6.628
6879.0 6.628 5.269
7635.0 5.269 4.576
6844.0 4.576 4.676
5088.0 4.676 4.776
4176.0 4.776 4.876
4176.0 4.876 4.976
4202.0 4.976 5.076
4189.0 5.076 5.576
4246.0 5.576 6.076
4306.0 6.076 6.576
4521.0 6.576 7.076
4677.0 7.076 7.576
5533.0 7.576 6.644
7014.0 6.644 5.164
7788.0 5.164 4.461
7005.0 4.461 4.561
5145.0 4.561 4.661
4184.0 4.661 4.761
4351.0 4.761 4.861
4176.0 4.861 4.961
4226.0 4.961 5.461
4307.0 5.461 5.961
4220.0 5.961 6.461
4288.0 6.461 6.961
4688.0 6.961 7.461
5044.0 7.461 7.036
6272.0 7.036 5.776
7556.0 5.776 4.608
7016.0 4.608 4.708
5648.0 4.708 4.808
4257.0 4.808 4.908
4288.0 4.908 5.008
4311.0 5.008 5.108
4385.0 5.108 5.608
4240.0 5.608 6.108
4556.0 6.108 6.608
4834.0 6.608 7.108
5014.0 7.108 6.89
5878.0 6.89 6.03
7056.0 6.03 4.942
7560.0 4.942 4.481
6323.0 4.481 4.581
4579.0 4.581 4.681
4219.0 4.681 4.781
4208.0 4.781 4.881
4274.0 4.881 4.981
4244.0 4.981 5.481
4225.0 5.481 5.981
4420.0 5.981 6.481
4484.0 6.481 6.981
5488.0 6.981 5.989
6914.0 5.989 4.687
7676.0 4.687 4.06
6646.0 4.06 4.16
4710.0 4.16 4.26
4176.0 4.26 4.36
4277.0 4.36 4.46
4176.0 4.46 4.56
4176.0 4.56 5.06
4309.0 5.06 5.56
4426.0 5.56 6.06
4825.0 6.06 6.56
5885.0 6.56 5.539
7178.0 5.539 4.428
7701.0 4.428 3.993
6146.0 3.993 4.093
4673.0 4.093 4.193
4176.0 4.193 4.293
4307.0 4.293 4.393
4362.0 4.393 4.493
4416.0 4.493 4.993
4543.0 4.993 5.493
4660.0 5.493 5.993
5148.0 5.993 5.57
6316.0 5.57 4.61
7304.0 4.61 3.873
7200.0 3.873 3.852
5532.0 3.852 3.952
4257.0 3.952 4.052
4176.0 4.052 4.152
4233.0 4.152 4.252
4176.0 4.252 4.352
4202.0 4.352 4.852
4541.0 4.852 5.352
4610.0 5.352 5.852
5336.0 5.852 5.246
6536.0 5.246 4.296
7726.0 4.296 3.483
7170.0 3.483 3.583
5607.0 3.583 3.683
4268.0 3.683 3.783
4176.0 3.783 3.883
4176.0 3.883 3.983
4288.0 3.983 4.483
4229.0 4.483 4.983
4176.0 4.983 5.483
4371.0 5.483 5.983
4707.0 5.983 6.483
5783.0 6.483 5.466
7164.0 5.466 4.302
7587.0 4.302 3.933
6287.0 3.933 4.033
4967.0 4.033 4.133
4293.0 4.133 4.233
4176.0 4.233 4.333
4236.0 4.333 4.433
4381.0 4.433 4.933
4217.0 4.933 5.433
4559.0 5.433 5.933
4850.0 5.933 6.433
6130.0 6.433 5.243
7377.0 5.243 4.206
7974.0 4.206 3.751
6410.0 3.751 3.851
4610.0 3.851 3.951
4263.0 3.951 4.051
4176.0 4.051 4.151
4176.0 4.151 4.251
4201.0 4.251 4.751
4306.0 4.751 5.251
4310.0 5.251 5.751
4711.0 5.751 6.251
5807.0 6.251 5.247
7368.0 5.247 3.995
7975.0 3.995 3.537
6407.0 3.537 3.637
4535.0 3.637 3.737
4475.0 3.737 3.837
4245.0 3.837 3.937
4176.0 3.937 4.037
4250.0 4.037 4.537
4176.0 4.537 5.037
4176.0 5.037 5.537
4304.0 5.537 6.037
4601.0 6.037 6.537
5557.0 6.537 5.626
6993.0 5.626 4.397
7468.0 4.397 3.985
6420.0 3.985 4.085
4408.0 4.085 4.185
4405.0 4.185 4.285
4510.0 4.285 4.385
4176.0 4.385 4.485
4205.0 4.485 4.985
4357.0 4.985 5.485
4452.0 5.485 5.985
4788.0 5.985 6.485
6200.0 6.485 5.163
7502.0 5.163 4.09
7638.0 4.09 3.906
5930.0 3.906 4.006
4316.0 4.006 4.106
4356.0 4.106 4.206
4330.0 4.206 4.306
4379.0 4.306 4.406
4438.0 4.406 4.906
4256.0 4.906 5.406
4469.0 5.406 5.906
4823.0 5.906 6.406
5823.0 6.406 5.467
7549.0 5.467 4.046
7720.0 4.046 3.817
6256.0 3.817 3.917
4489.0 3.917 4.017
4295.0 4.017 4.117
4176.0 4.117 4.217
4377.0 4.217 4.317
4322.0 4.317 4.817
4242.0 4.817 5.317
4176.0 5.317 5.817
4872.0 5.817 6.317
6204.0 6.317 5.063
7499.0 5.063 4.02
7559.0 4.02 3.882
5623.0 3.882 3.982
4176.0 3.982 4.082
4176.0 4.082 4.182
4283.0 4.182 4.282
4440.0 4.282 4.382
4176.0 4.382 4.882
4176.0 4.882 5.382
4439.0 5.382 5.882
4940.0 5.882 6.382
6000.0 6.382 5.376
7701.0 5.376 3.99
7994.0 3.99 3.697
6582.0 3.697 3.797
4434.0 3.797 3.897
4247.0 3.897 3.997
4176.0 3.997 4.097
4248.0 4.097 4.197
4239.0 4.197 4.697
4276.0 4.697 5.197
4382.0 5.197 5.697
4265.0 5.697 6.197
4607.0 6.197 6.697
5623.0 6.697 5.706
7130.0 5.706 4.397
7794.0 4.397 3.862
6421.0 3.862 3.962
4564.0 3.962 4.062
4176.0 4.062 4.162
4248.0 4.162 4.262
4196.0 4.262 4.362
4279.0 4.362 4.862
4410.0 4.862 5.362
4295.0 5.362 5.862
4694.0 5.862 6.362
5902.0 6.362 5.243
7331.0 5.243 4.079
7928.0 4.079 3.625
6364.0 3.625 3.725
4582.0 3.725 3.825
4176.0 3.825 3.925
4289.0 3.925 4.025
4206.0 4.025 4.125
4261.0 4.125 4.625
4176.0 4.625 5.125
4343.0 5.125 5.625
4691.0 5.625 6.125
5491.0 6.125 5.399
7031.0 5.399 4.155
7443.0 4.155 3.796
6535.0 3.796 3.896
5152.0 3.896 3.996
4176.0 3.996 4.096
4203.0 4.096 4.196
4176.0 4.196 4.296
4189.0 4.296 4.796
4176.0 4.796 5.296
4472.0 5.296 5.796
4643.0 5.796 6.296
5619.0 6.296 5.413
7062.0 5.413 4.224
7746.0 4.224 3.704
6722.0 3.704 3.804
5006.0 3.804 3.904
4176.0 3.904 4.004
4176.0 4.004 4.104
4329.0 4.104 4.204
4220.0 4.204 4.704
4176.0 4.704 5.204
4372.0 5.204 5.704
4233.0 5.704 6.204
4746.0 6.204 6.704
5854.0 6.704 5.605
7450.0 5.605 4.238
7895.0 4.238 3.845
6391.0 3.845 3.945
5008.0 3.945 4.045
4176.0 4.045 4.145
4403.0 4.145 4.245
4230.0 4.245 4.345
4209.0 4.345 4.845
4291.0 4.845 5.345
4213.0 5.345 5.845
4517.0 5.845 6.345
5541.0 6.345 5.403
7118.0 5.403 4.109
7703.0 4.109 3.65
6707.0 3.65 3.75
5057.0 3.75 3.85
4239.0 3.85 3.95
4212.0 3.95 4.05
4176.0 4.05 4.15
4304.0 4.15 4.65
4179.0 4.65 5.15
4272.0 5.15 5.65
4560.0 5.65 6.15
5384.0 6.15 5.408
6612.0 5.408 4.397
7874.0 4.397 3.517
6837.0 3.517 3.617
5010.0 3.617 3.717
4176.0 3.717 3.817
4608.0 3.817 3.917
4465.0 3.917 4.017
4296.0 4.017 4.517
4316.0 4.517 5.017
4207.0 5.017 5.517
4480.0 5.517 6.017
5263.0 6.017 5.33
6371.0 5.33 4.428
7607.0 4.428 3.568
6947.0 3.568 3.668
5306.0 3.668 3.768
4323.0 3.768 3.868
4176.0 3.868 3.968
4224.0 3.968 4.068
4389.0 4.068 4.568
4230.0 4.568 5.068
4385.0 5.068 5.568
4469.0 5.568 6.068
4414.0 6.068 6.568
5146.0 6.568 5.899
6780.0 5.899 4.475
7689.0 4.475 3.77
6654.0 3.77 3.87
5142.0 3.87 3.97
4500.0 3.97 4.07
4215.0 4.07 4.17
4290.0 4.17 4.27
4176.0 4.27 4.77
4307.0 4.77 5.27
4480.0 5.27 5.77
4882.0 5.77 6.27
5662.0 6.27 5.539
7243.0 5.539 4.232
7766.0 4.232 3.797
6250.0 3.797 3.897
4618.0 3.897 3.997
4790.0 3.997 4.097
4546.0 4.097 4.197
4304.0 4.197 4.297
4304.0 4.297 4.797
4313.0 4.797 5.297
4250.0 5.297 5.797
4676.0 5.797 6.297
5736.0 6.297 5.317
7095.0 5.317 4.202
7219.0 4.202 4.019
5815.0 4.019 4.119
4549.0 4.119 4.219
4322.0 4.219 4.319
4187.0 4.319 4.419
4176.0 4.419 4.519
4295.0 4.519 5.019
4360.0 5.019 5.519
4314.0 5.519 6.019
4932.0 6.019 6.519
6292.0 6.519 5.208
7881.0 5.208 3.918
8087.0 3.918 3.684
6099.0 3.684 3.784
4176.0 3.784 3.884
4257.0 3.884 3.984
4245.0 3.984 4.084
4344.0 4.084 4.184
4289.0 4.184 4.684
4241.0 4.684 5.184
4203.0 5.184 5.684
4440.0 5.684 6.184
5106.0 6.184 5.582
6194.0 5.582 4.664
7449.0 4.664 3.749
6878.0 3.749 3.849
5090.0 3.849 3.949
4358.0 3.949 4.049
4240.0 4.049 4.149
4294.0 4.149 4.249
4354.0 4.249 4.749
4271.0 4.749 5.249
4350.0 5.249 5.749
4858.0 5.749 6.249
5954.0 6.249 5.233
7515.0 5.233 3.983
7593.0 3.983 3.821
6253.0 3.821 3.921
4663.0 3.921 4.021
4318.0 4.021 4.121
4331.0 4.121 4.221
4336.0 4.221 4.321
4382.0 4.321 4.821
4429.0 4.821 5.321
4482.0 5.321 5.821
4929.0 5.821 6.321
6013.0 6.321 5.311
7481.0 5.311 4.114
7595.0 4.114 3.932
5935.0 3.932 4.032
4615.0 4.032 4.132
4305.0 4.132 4.232
4337.0 4.232 4.332
4286.0 4.332 4.432
4323.0 4.432 4.932
4186.0 4.932 5.432
4448.0 5.432 5.932
4907.0 5.932 6.432
5931.0 6.432 5.455
7514.0 5.455 4.142
7754.0 4.142 3.879
6150.0 3.879 3.979
4572.0 3.979 4.079
4273.0 4.079 4.179
4212.0 4.179 4.279
4201.0 4.279 4.379
4176.0 4.379 4.879
4208.0 4.879 5.379
4246.0 5.379 5.879
4660.0 5.879 6.379
5548.0 6.379 5.539
7412.0 5.539 4.002
8019.0 4.002 3.523
6551.0 3.523 3.623
4400.0 3.623 3.723
4213.0 3.723 3.823
4223.0 3.823 3.923
4379.0 3.923 4.023
4265.0 4.023 4.523
4390.0 4.523 5.023
4288.0 5.023 5.523
4465.0 5.523 6.023
5002.0 6.023 5.553
6282.0 5.553 4.504
7497.0 4.504 3.631
7557.0 3.631 3.513
5225.0 3.513 3.613
4467.0 3.613 3.713
4257.0 3.713 3.813
4223.0 3.813 3.913
4176.0 3.913 4.013
4565.0 4.013 4.513
4313.0 4.513 5.013
4447.0 5.013 5.513
4622.0 5.513 6.013
5802.0 6.013 5.0
7350.0 5.0 3.811
7641.0 3.811 3.542
6001.0 3.542 3.642
4309.0 3.642 3.742
4297.0 3.742 3.842
4397.0 3.842 3.942
4384.0 3.942 4.042
4176.0 4.042 4.542
4314.0 4.542 5.042
4411.0 5.042 5.542
4610.0 5.542 6.042
5822.0 6.042 4.995
6980.0 4.995 4.077
7933.0 4.077 3.439
6281.0 3.439 3.539
4387.0 3.539 3.639
4334.0 3.639 3.739
4219.0 3.739 3.839
4176.0 3.839 3.939
4176.0 3.939 4.439
4346.0 4.439 4.939
4207.0 4.939 5.439
4314.0 5.439 5.939
4695.0 5.939 6.439
5811.0 6.439 5.389
7399.0 5.389 4.081
7796.0 4.081 3.73
6152.0 3.73 3.83
4568.0 3.83 3.93
4296.0 3.93 4.03
4246.0 4.03 4.13
4270.0 4.13 4.23
4185.0 4.23 4.73
4250.0 4.73 5.23
4327.0 5.23 5.73
4522.0 5.73 6.23
5514.0 6.23 5.343
7307.0 5.343 3.906
7886.0 3.906 3.458
6210.0 3.458 3.558
4428.0 3.558 3.658
4276.0 3.658 3.758
4375.0 3.758 3.858
4176.0 3.858 3.958
4176.0 3.958 4.458
4375.0 4.458 4.958
4335.0 4.958 5.458
4480.0 5.458 5.958
4722.0 5.958 6.458
5690.0 6.458 5.554
7214.0 5.554 4.272
7589.0 4.272 3.924
6485.0 3.924 4.024
4429.0 4.024 4.124
4176.0 4.124 4.224
4411.0 4.224 4.324
4258.0 4.324 4.424
4231.0 4.424 4.924
4250.0 4.924 5.424
4303.0 5.424 5.924
5008.0 5.924 5.334
6108.0 5.334 4.446
7336.0 4.446 3.589
7548.0 3.589 3.396
5696.0 3.396 3.496
4176.0 3.496 3.596
4523.0 3.596 3.696
4176.0 3.696 3.796
4254.0 3.796 3.896
4386.0 3.896 4.396
4375.0 4.396 4.896
4667.0 4.896 5.396
4952.0 5.396 5.896
5664.0 5.896 5.275
6908.0 5.275 4.287
7387.0 4.287 3.899
6311.0 3.899 3.999
4853.0 3.999 4.099
4276.0 4.099 4.199
4205.0 4.199 4.299
4356.0 4.299 4.399
4318.0 4.399 4.899
4240.0 4.899 5.399
4200.0 5.399 5.899
4716.0 5.899 6.399
5792.0 6.399 5.378
7424.0 5.378 4.042
8142.0 4.042 3.51
6586.0 3.51 3.61
4408.0 3.61 3.71
4188.0 3.71 3.81
4210.0 3.81 3.91
4221.0 3.91 4.01
4214.0 4.01 4.51
4279.0 4.51 5.01
4314.0 5.01 5.51
4392.0 5.51 6.01
4665.0 6.01 6.51
5597.0 6.51 5.628
7092.0 5.628 4.355
7656.0 4.355 3.888
6620.0 3.888 3.988
4568.0 3.988 4.088
4248.0 4.088 4.188
4202.0 4.188 4.288
4259.0 4.288 4.388
4176.0 4.388 4.888
4176.0 4.888 5.388
4176.0 5.388 5.888
4515.0 5.888 6.388
5499.0 6.388 5.47
7205.0 5.47 4.065
7717.0 4.065 3.644
6461.0 3.644 3.744
4547.0 3.744 3.844
4262.0 3.844 3.944
4301.0 3.944 4.044
4218.0 4.044 4.144
4189.0 4.144 4.644
4427.0 4.644 5.144
4456.0 5.144 5.644
4822.0 5.644 6.144
6062.0 6.144 5.037
7419.0 5.037 3.967
7518.0 3.967 3.806
5890.0 3.806 3.906
4364.0 3.906 4.006
4338.0 4.006 4.106
4176.0 4.106 4.206
4380.0 4.206 4.306
4208.0 4.306 4.806
4336.0 4.806 5.306
4693.0 5.306 5.806
5377.0 5.806 5.213
6533.0 5.213 4.302
7757.0 4.302 3.471
6877.0 3.471 3.571
5374.0 3.571 3.671
4321.0 3.671 3.771
4200.0 3.771 3.871
4424.0 3.871 3.971
4322.0 3.971 4.471
4344.0 4.471 4.971
4302.0 4.971 5.471
4329.0 5.471 5.971
4989.0 5.971 6.471
6221.0 6.471 5.28
7592.0 5.28 4.145
7656.0 4.145 3.997
5972.0 3.997 4.097
4337.0 4.097 4.197
4176.0 4.197 4.297
4252.0 4.297 4.397
4176.0 4.397 4.497
4264.0 4.497 4.997
4186.0 4.997 5.497
4328.0 5.497 5.997
4686.0 5.997 6.497
5774.0 6.497 5.464
7254.0 5.464 4.224
7840.0 4.224 3.757
6560.0 3.757 3.857
4856.0 3.857 3.957
4176.0 3.957 4.057
4250.0 4.057 4.157
4191.0 4.157 4.257
4263.0 4.257 4.757
4307.0 4.757 5.257
4379.0 5.257 5.757
4769.0 5.757 6.257
5621.0 6.257 5.467
7103.0 5.467 4.247
7610.0 4.247 3.827
6626.0 3.827 3.927
4854.0 3.927 4.027
4184.0 4.027 4.127
4176.0 4.127 4.227
4225.0 4.227 4.327
4387.0 4.327 4.827
4310.0 4.827 5.327
4318.0 5.327 5.827
4768.0 5.827 6.327
5776.0 6.327 5.384
7753.0 5.384 3.793
8224.0 3.793 3.403
6460.0 3.403 3.503
4558.0 3.503 3.603
4230.0 3.603 3.703
4245.0 3.703 3.803
4429.0 3.803 3.903
4297.0 3.903 4.403
4298.0 4.403 4.903
4249.0 4.903 5.403
4324.0 5.403 5.903
4675.0 5.903 6.403
5671.0 6.403 5.47
6888.0 5.47 4.438
7400.0 4.438 4.016
6508.0 4.016 4.116
4480.0 4.116 4.216
4250.0 4.216 4.316
4267.0 4.316 4.416
4176.0 4.416 4.516
4279.0 4.516 5.016
4234.0 5.016 5.516
4411.0 5.516 6.016
4690.0 6.016 6.516
5626.0 6.516 5.628
7546.0 5.628 4.019
7780.0 4.019 3.744
6260.0 3.744 3.844
4364.0 3.844 3.944
4248.0 3.944 4.044
4257.0 4.044 4.144
4338.0 4.144 4.244
4364.0 4.244 4.744
4232.0 4.744 5.244
4222.0 5.244 5.744
4461.0 5.744 6.244
5217.0 6.244 5.557
6441.0 5.557 4.528
7493.0 4.528 3.757
6904.0 3.757 3.857
4968.0 3.857 3.957
4330.0 3.957 4.057
4488.0 4.057 4.157
4426.0 4.157 4.257
4176.0 4.257 4.757
4291.0 4.757 5.257
4447.0 5.257 5.757
4582.0 5.757 6.257
5854.0 6.257 5.125
7336.0 5.125 3.946
7832.0 3.946 3.559
6244.0 3.559 3.659
4417.0 3.659 3.759
4176.0 3.759 3.859
4176.0 3.859 3.959
4295.0 3.959 4.059
4382.0 4.059 4.559
4348.0 4.559 5.059
4360.0 5.059 5.559
4727.0 5.559 6.059
5455.0 6.059 5.402
6683.0 5.402 4.4
7352.0 4.4 3.886
6564.0 3.886 3.986
4928.0 3.986 4.086
4439.0 4.086 4.186
4429.0 4.186 4.286
4624.0 4.286 4.386
4298.0 4.386 4.886
4393.0 4.886 5.386
4578.0 5.386 5.886
4914.0 5.886 6.386
5978.0 6.386 5.395
7264.0 5.395 4.319
7582.0 4.319 4.019
6226.0 4.019 4.119
4876.0 4.119 4.219
4202.0 4.219 4.319
4299.0 4.319 4.419
4217.0 4.419 4.519
4232.0 4.519 5.019
4425.0 5.019 5.519
4450.0 5.519 6.019
4564.0 6.019 6.519
5336.0 6.519 5.8
6925.0 5.8 4.43
7793.0 4.43 3.761
6579.0 3.761 3.861
4965.0 3.861 3.961
4293.0 3.961 4.061
4481.0 4.061 4.161
4421.0 4.161 4.261
4254.0 4.261 4.761
4176.0 4.761 5.261
4176.0 5.261 5.761
4742.0 5.761 6.261
5850.0 6.261 5.228
7337.0 5.228 4.032
7494.0 4.032 3.828
6002.0 3.828 3.928
4340.0 3.928 4.028
4176.0 4.028 4.128
4291.0 4.128 4.228
4176.0 4.228 4.328
4197.0 4.328 4.828
4207.0 4.828 5.328
4192.0 5.328 5.828
4729.0 5.828 6.328
5905.0 6.328 5.227
7378.0 5.227 4.035
7110.0 4.035 4.135
5710.0 4.135 4.235
4372.0 4.235 4.335
4477.0 4.335 4.435
4305.0 4.435 4.535
4403.0 4.535 5.035
4370.0 5.035 5.535
4208.0 5.535 6.035
4383.0 6.035 6.535
5087.0 6.535 5.873
6219.0 5.873 4.868
7345.0 4.868 3.997
7406.0 3.997 3.873
5674.0 3.873 3.973
4176.0 3.973 4.073
4221.0 4.073 4.173
4274.0 4.173 4.273
4218.0 4.273 4.373
4442.0 4.373 4.873
4559.0 4.873 5.373
4617.0 5.373 5.873
5025.0 5.873 5.53
6497.0 5.53 4.35
7514.0 4.35 3.614
7054.0 3.614 3.714
5518.0 3.714 3.814
4202.0 3.814 3.914
4279.0 3.914 4.014
4329.0 4.014 4.114
4341.0 4.114 4.614
4639.0 4.614 5.114
4266.0 5.114 5.614
4459.0 5.614 6.114
4987.0 6.114 6.614
6267.0 6.614 5.366
7358.0 5.366 4.42
7552.0 4.42 4.202
5956.0 4.202 4.302
4630.0 4.302 4.402
4386.0 4.402 4.502
4378.0 4.502 4.602
4182.0 4.602 4.702
4443.0 4.702 5.202
4244.0 5.202 5.702
4388.0 5.702 6.202
4593.0 6.202 6.702
5109.0 6.702 6.192
6789.0 6.192 4.677
7697.0 4.677 3.939
6983.0 3.939 4.039
4875.0 4.039 4.139
4196.0 4.139 4.239
4252.0 4.239 4.339
4256.0 4.339 4.439
4205.0 4.439 4.939
4245.0 4.939 5.439
4357.0 5.439 5.939
4654.0 5.939 6.439
5602.0 6.439 5.55
7027.0 5.55 4.347
7649.0 4.347 3.85
6597.0 3.85 3.95
4541.0 3.95 4.05
4203.0 4.05 4.15
4176.0 4.15 4.25
4283.0 4.25 4.35
4210.0 4.35 4.85
4309.0 4.85 5.35
4412.0 5.35 5.85
4970.0 5.85 6.35
6082.0 6.35 5.298
7664.0 5.298 4.015
7758.0 4.015 3.841
5978.0 3.841 3.941
4337.0 3.941 4.041
4252.0 4.041 4.141
4216.0 4.141 4.241
4272.0 4.241 4.341
4208.0 4.341 4.841
4265.0 4.841 5.341
4400.0 5.341 5.841
5117.0 5.841 5.24
6221.0 5.24 4.363
7501.0 4.363 3.49
7233.0 3.49 3.59
6021.0 3.59 3.69
4506.0 3.69 3.79
4254.0 3.79 3.89
4303.0 3.89 3.99
4336.0 3.99 4.49
4287.0 4.49 4.99
4447.0 4.99 5.49
4424.0 5.49 5.99
4445.0 5.99 6.49
5273.0 6.49 5.735
6748.0 5.735 4.467
7783.0 4.467 3.697
6896.0 3.697 3.797
4560.0 3.797 3.897
4176.0 3.897 3.997
4176.0 3.997 4.097
4176.0 4.097 4.197
4176.0 4.197 4.697
4176.0 4.697 5.197
4214.0 5.197 5.697
4533.0 5.697 6.197
5409.0 6.197 5.402
6761.0 5.402 4.292
7761.0 4.292 3.581
6945.0 3.581 3.681
5163.0 3.681 3.781
4209.0 3.781 3.881
4176.0 3.881 3.981
4176.0 3.981 4.081
4218.0 4.081 4.581
4323.0 4.581 5.081
4348.0 5.081 5.581
4212.0 5.581 6.081
4629.0 6.081 6.581
5457.0 6.581 5.772
7022.0 5.772 4.419
7771.0 4.419 3.826
6532.0 3.826 3.926
5032.0 3.926 4.026
4328.0 4.026 4.126
4272.0 4.126 4.226
4471.0 4.226 4.326
4481.0 4.326 4.826
4374.0 4.826 5.326
4274.0 5.326 5.826
4556.0 5.826 6.326
5560.0 6.326 5.407
7285.0 5.407 4.003
7959.0 4.003 3.496
6407.0 3.496 3.596
4367.0 3.596 3.696
4183.0 3.696 3.796
4325.0 3.796 3.896
4439.0 3.896 3.996
4236.0 3.996 4.496
4176.0 4.496 4.996
4176.0 4.996 5.496
4661.0 5.496 5.996
5233.0 5.996 5.465
6485.0 5.465 4.446
7748.0 4.446 3.557
6732.0 3.557 3.657
5235.0 3.657 3.757
4539.0 3.757 3.857
4342.0 3.857 3.957
4176.0 3.957 4.057
4244.0 4.057 4.557
4176.0 4.557 5.057
4603.0 5.057 5.557
4483.0 5.557 6.057
4879.0 6.057 6.557
6023.0 6.557 5.462
7647.0 5.462 4.106
8149.0 4.106 3.69
6473.0 3.69 3.79
4394.0 3.79 3.89
4176.0 3.89 3.99
4176.0 3.99 4.09
4223.0 4.09 4.19
4264.0 4.19 4.69
4176.0 4.69 5.19
4192.0 5.19 5.69
4275.0 5.69 6.19
4779.0 6.19 6.69
5875.0 6.69 5.603
7293.0 5.603 4.377
7654.0 4.377 4.036
6322.0 4.036 4.136
4586.0 4.136 4.236
4429.0 4.236 4.336
4201.0 4.336 4.436
4286.0 4.436 4.536
4302.0 4.536 5.036
4252.0 5.036 5.536
4335.0 5.536 6.036
4474.0 6.036 6.536
5598.0 6.536 5.491
7118.0 5.491 4.213
7912.0 4.213 3.622
6696.0 3.622 3.722
5076.0 3.722 3.822
4210.0 3.822 3.922
4304.0 3.922 4.022
4521.0 4.022 4.122
4286.0 4.122 4.622
4176.0 4.622 5.122
4214.0 5.122 5.622
4401.0 5.622 6.122
4683.0 6.122 6.622
5967.0 6.622 5.396
7320.0 5.396 4.249
7643.0 4.249 3.944
6411.0 3.944 4.044
4857.0 4.044 4.144
4328.0 4.144 4.244
4299.0 4.244 4.344
4368.0 4.344 4.444
4259.0 4.444 4.944
4320.0 4.944 5.444
4242.0 5.444 5.944
4545.0 5.944 6.444
5413.0 6.444 5.628
6927.0 5.628 4.346
7738.0 4.346 3.729
6938.0 3.729 3.829
4682.0 3.829 3.929
4422.0 3.929 4.029
4246.0 4.029 4.129
4176.0 4.129 4.229
4176.0 4.229 4.729
4235.0 4.729 5.229
4367.0 5.229 5.729
4730.0 5.729 6.229
6058.0 6.229 5.029
7510.0 5.029 3.886
7767.0 3.886 3.636
5791.0 3.636 3.736
4466.0 3.736 3.836
4176.0 3.836 3.936
4267.0 3.936 4.036
4258.0 4.036 4.136
4281.0 4.136 4.636
4176.0 4.636 5.136
4238.0 5.136 5.636
4569.0 5.636 6.136
5293.0 6.136 5.477
6509.0 5.477 4.471
7703.0 4.471 3.621
6490.0 3.621 3.721
5122.0 3.721 3.821
4204.0 3.821 3.921
4281.0 3.921 4.021
4176.0 4.021 4.121
4213.0 4.121 4.621
4313.0 4.621 5.121
4290.0 5.121 5.621
4291.0 5.621 6.121
4657.0 6.121 6.621
5521.0 6.621 5.778
7042.0 5.778 4.456
7964.0 4.456 3.753
6548.0 3.753 3.853
5006.0 3.853 3.953
4227.0 3.953 4.053
4263.0 4.053 4.153
4384.0 4.153 4.253
4459.0 4.253 4.753
4374.0 4.753 5.253
4443.0 5.253 5.753
4407.0 5.753 6.253
5339.0 6.253 5.44
6571.0 5.44 4.414
7631.0 4.414 3.654
7115.0 3.654 3.754
5095.0 3.754 3.854
4251.0 3.854 3.954
4409.0 3.954 4.054
4330.0 4.054 4.154
4419.0 4.154 4.654
4355.0 4.654 5.154
4314.0 5.154 5.654
4692.0 5.654 6.154
5352.0 6.154 5.546
6752.0 5.546 4.39
7621.0 4.39 3.742
6981.0 3.742 3.842
4841.0 3.842 3.942
4204.0 3.942 4.042
4196.0 4.042 4.142
4396.0 4.142 4.242
4293.0 4.242 4.742
4407.0 4.742 5.242
4541.0 5.242 5.742
4748.0 5.742 6.242
5584.0 6.242 5.487
6967.0 5.487 4.341
7756.0 4.341 3.748
6780.0 3.748 3.848
4488.0 3.848 3.948
4176.0 3.948 4.048
4303.0 4.048 4.148
4176.0 4.148 4.248
4176.0 4.248 4.748
4289.0 4.748 5.248
4233.0 5.248 5.748
4698.0 5.748 6.248
5626.0 6.248 5.386
7266.0 5.386 4.057
7658.0 4.057 3.709
6386.0 3.709 3.809
4511.0 3.809 3.909
4285.0 3.909 4.009
4241.0 4.009 4.109
4176.0 4.109 4.209
4333.0 4.209 4.709
4384.0 4.709 5.209
4365.0 5.209 5.709
4626.0 5.709 6.209
5514.0 6.209 5.409
7366.0 5.409 3.919
7961.0 3.919 3.458
6229.0 3.458 3.558
4360.0 3.558 3.658
4220.0 3.658 3.758
4214.0 3.758 3.858
4360.0 3.858 3.958
4358.0 3.958 4.458
4346.0 4.458 4.958
4408.0 4.958 5.458
4275.0 5.458 5.958
4842.0 5.958 6.458
5894.0 6.458 5.445
7250.0 5.445 4.304
7643.0 4.304 3.955
6431.0 3.955 4.055
4355.0 4.055 4.155
4176.0 4.155 4.255
4267.0 4.255 4.355
4176.0 4.355 4.455
4230.0 4.455 4.955
4306.0 4.955 5.455
4592.0 5.455 5.955
4988.0 5.955 6.455
6204.0 6.455 5.307
7644.0 5.307 4.119
7753.0 4.119 3.941
6105.0 3.941 4.041
4380.0 4.041 4.141
4176.0 4.141 4.241
4176.0 4.241 4.341
4240.0 4.341 4.441
4470.0 4.441 4.941
4454.0 4.941 5.441
4598.0 5.441 5.941
4657.0 5.941 6.441
5525.0 6.441 5.65
7202.0 5.65 4.236
7791.0 4.236 3.755
6535.0 3.755 3.855
4825.0 3.855 3.955
4241.0 3.955 4.055
4337.0 4.055 4.155
4302.0 4.155 4.255
4301.0 4.255 4.755
4361.0 4.755 5.255
4454.0 5.255 5.755
4421.0 5.755 6.255
5437.0 6.255 5.367
6835.0 5.367 4.222
7281.0 4.222 3.845
6417.0 3.845 3.945
5037.0 3.945 4.045
4324.0 4.045 4.145
4453.0 4.145 4.245
4204.0 4.245 4.345
4398.0 4.345 4.845
4293.0 4.845 5.345
4198.0 5.345 5.845
4582.0 5.845 6.345
5942.0 6.345 5.096
7603.0 5.096 3.786
8222.0 3.786 3.336
6186.0 3.336 3.436
4386.0 3.436 3.536
4362.0 3.536 3.636
4176.0 3.636 3.736
4211.0 3.736 3.836
4243.0 3.836 4.336
4259.0 4.336 4.836
4319.0 4.836 5.336
4458.0 5.336 5.836
4851.0 5.836 6.336
5783.0 6.336 5.463
7350.0 5.463 4.171
7852.0 4.171 3.754
6640.0 3.754 3.854
4846.0 3.854 3.954
4194.0 3.954 4.054
4176.0 4.054 4.154
4176.0 4.154 4.254
4343.0 4.254 4.754
4322.0 4.754 5.254
4341.0 5.254 5.754
4476.0 5.754 6.254
5492.0 6.254 5.35
6890.0 5.35 4.206
7395.0 4.206 3.796
6335.0 3.796 3.896
4700.0 3.896 3.996
4246.0 3.996 4.096
4176.0 4.096 4.196
4483.0 4.196 4.296
4249.0 4.296 4.796
4309.0 4.796 5.296
4481.0 5.296 5.796
4904.0 5.796 6.296
6132.0 6.296 5.165
7407.0 5.165 4.127
7716.0 4.127 3.845
5912.0 3.845 3.945
4361.0 3.945 4.045
4176.0 4.045 4.145
4176.0 4.145 4.245
4428.0 4.245 4.345
4390.0 4.345 4.845
4537.0 4.845 5.345
4432.0 5.345 5.845
4984.0 5.845 6.345
6260.0 6.345 5.151
7501.0 5.151 4.135
7533.0 4.135 4.015
5997.0 4.015 4.115
4473.0 4.115 4.215
4208.0 4.215 4.315
4342.0 4.315 4.415
4501.0 4.415 4.515
4362.0 4.515 5.015
4263.0 5.015 5.515
4246.0 5.515 6.015
4777.0 6.015 6.515
5713.0 6.515 5.601
7213.0 5.601 4.326
7401.0 4.326 4.09
6397.0 4.09 4.19
4353.0 4.19 4.29
4243.0 4.29 4.39
4501.0 4.39 4.49
4350.0 4.49 4.59
4176.0 4.59 5.09
4256.0 5.09 5.59
4476.0 5.59 6.09
4899.0 6.09 6.59
6071.0 6.59 5.456
7221.0 5.456 4.461
7629.0 4.461 4.104
5892.0 4.104 4.204
4506.0 4.204 4.304
4273.0 4.304 4.404
4176.0 4.404 4.504
4314.0 4.504 4.604
4547.0 4.604 5.104
4225.0 5.104 5.604
4201.0 5.604 6.104
4636.0 6.104 6.604
5652.0 6.604 5.615
7069.0 5.615 4.396
7613.0 4.396 3.942
6481.0 3.942 4.042
4545.0 4.042 4.142
4176.0 4.142 4.242
4176.0 4.242 4.342
4176.0 4.342 4.442
4287.0 4.442 4.942
4293.0 4.942 5.442
4216.0 5.442 5.942
4600.0 5.942 6.442
5720.0 6.442 5.39
7229.0 5.39 4.141
7710.0 4.141 3.742
6270.0 3.742 3.842
4539.0 3.842 3.942
4406.0 3.942 4.042
4264.0 4.042 4.142
4283.0 4.142 4.242
4176.0 4.242 4.742
4443.0 4.742 5.242
4450.0 5.242 5.742
4909.0 5.742 6.242
6081.0 6.242 5.167
7548.0 5.167 3.995
7526.0 3.995 3.894
5874.0 3.894 3.994
4397.0 3.994 4.094
4344.0 4.094 4.194
4299.0 4.194 4.294
4365.0 4.294 4.394
4404.0 4.394 4.894
4254.0 4.894 5.394
4579.0 5.394 5.894
5005.0 5.894 5.511
6245.0 5.511 4.509
7568.0 4.509 3.572
6855.0 3.572 3.672
5556.0 3.672 3.772
4176.0 3.772 3.872
4419.0 3.872 3.972
4176.0 3.972 4.072
4269.0 4.072 4.572
4401.0 4.572 5.072
4507.0 5.072 5.572
4552.0 5.572 6.072
5208.0 6.072 5.508
6280.0 5.508 4.617
7435.0 4.617 3.777
6942.0 3.777 3.877
5222.0 3.877 3.977
4212.0 3.977 4.077
4176.0 4.077 4.177
4297.0 4.177 4.277
4321.0 4.277 4.777
4407.0 4.777 5.277
4493.0 5.277 5.777
4733.0 5.777 6.277
5773.0 6.277 5.335
7532.0 5.335 3.922
7681.0 3.922 3.71
6457.0 3.71 3.81
4834.0 3.81 3.91
4176.0 3.91 4.01
4176.0 4.01 4.11
4192.0 4.11 4.21
4176.0 4.21 4.71
4319.0 4.71 5.21
4393.0 5.21 5.71
4531.0 5.71 6.21
5503.0 6.21 5.349
6935.0 5.349 4.184
7356.0 4.184 3.823
6588.0 3.823 3.923
4749.0 3.923 4.023
4232.0 4.023 4.123
4302.0 4.123 4.223
4232.0 4.223 4.323
4176.0 4.323 4.823
4252.0 4.823 5.323
4371.0 5.323 5.823
4650.0 5.823 6.323
5906.0 6.323 5.179
7458.0 5.179 3.936
7703.0 3.936 3.683
6007.0 3.683 3.783
4336.0 3.783 3.883
4246.0 3.883 3.983
4241.0 3.983 4.083
4326.0 4.083 4.183
4321.0 4.183 4.683
4247.0 4.683 5.183
4274.0 5.183 5.683
4427.0 5.683 6.183
5345.0 6.183 5.372
6517.0 5.372 4.402
7813.0 4.402 3.504
6618.0 3.504 3.604
5016.0 3.604 3.704
4208.0 3.704 3.804
4374.0 3.804 3.904
4295.0 3.904 4.004
4258.0 4.004 4.504
4221.0 4.504 5.004
4369.0 5.004 5.504
4419.0 5.504 6.004
4691.0 6.004 6.504
5531.0 6.504 5.707
7021.0 5.707 4.429
7853.0 4.429 3.789
6550.0 3.789 3.889
4819.0 3.889 3.989
4255.0 3.989 4.089
4285.0 4.089 4.189
4176.0 4.189 4.289
4311.0 4.289 4.789
4213.0 4.789 5.289
4242.0 5.289 5.789
4827.0 5.789 6.289
5963.0 6.289 5.225
7480.0 5.225 4.004
7716.0 4.004 3.755
6168.0 3.755 3.855
4545.0 3.855 3.955
4368.0 3.955 4.055
4234.0 4.055 4.155
4366.0 4.155 4.255
4299.0 4.255 4.755
4294.0 4.755 5.255
4450.0 5.255 5.755
5005.0 5.755 5.292
6361.0 5.292 4.235
7705.0 4.235 3.332
7621.0 3.332 3.282
5209.0 3.282 3.382
4329.0 3.382 3.482
4176.0 3.482 3.582
4176.0 3.582 3.682
4521.0 3.682 3.782
4510.0 3.782 4.282
4206.0 4.282 4.782
4334.0 4.782 5.282
4916.0 5.282 5.782
6164.0 5.782 4.712
7516.0 4.712 3.711
7040.0 3.711 3.811
5160.0 3.811 3.911
4255.0 3.911 4.011
4202.0 4.011 4.111
4176.0 4.111 4.211
4318.0 4.211 4.711
4393.0 4.711 5.211
4469.0 5.211 5.711
4176.0 5.711 6.211
4695.0 6.211 6.711
5807.0 6.711 5.61
7329.0 5.61 4.299
7611.0 4.299 4.004
6555.0 4.004 4.104
4587.0 4.104 4.204
4176.0 4.204 4.304
4176.0 4.304 4.404
4176.0 4.404 4.504
4176.0 4.504 5.004
4244.0 5.004 5.504
4406.0 5.504 6.004
4508.0 6.004 6.504
5600.0 6.504 5.496
7090.0 5.496 4.243
7637.0 4.243 3.797
6729.0 3.797 3.897
4717.0 3.897 3.997
4256.0 3.997 4.097
4307.0 4.097 4.197
4281.0 4.197 4.297
4176.0 4.297 4.797
4241.0 4.797 5.297
4334.0 5.297 5.797
4928.0 5.797 6.297
6240.0 6.297 5.073
7683.0 5.073 3.925
7674.0 3.925 3.819
5870.0 3.819 3.919
4247.0 3.919 4.019
4176.0 4.019 4.119
4176.0 4.119 4.219
4176.0 4.219 4.319
4275.0 4.319 4.819
4263.0 4.819 5.319
4487.0 5.319 5.819
4511.0 5.819 6.319
5427.0 6.319 5.503
6979.0 5.503 4.219
7704.0 4.219 3.667
6752.0 3.667 3.767
5051.0 3.767 3.867
4336.0 3.867 3.967
4190.0 3.967 4.067
4323.0 4.067 4.167
4349.0 4.167 4.667
4321.0 4.667 5.167
4371.0 5.167 5.667
4481.0 5.667 6.167
5325.0 6.167 5.426
6401.0 5.426 4.527
7441.0 4.527 3.774
7117.0 3.774 3.874
5473.0 3.874 3.974
4195.0 3.974 4.074
4176.0 4.074 4.174
4200.0 4.174 4.274
4176.0 4.274 4.774
4176.0 4.774 5.274
4364.0 5.274 5.774
4555.0 5.774 6.274
5255.0 6.274 5.636
6423.0 5.636 4.643
7501.0 4.643 3.84
6974.0 3.84 3.94
4474.0 3.94 4.04
4249.0 4.04 4.14
4176.0 4.14 4.24
4176.0 4.24 4.34
4255.0 4.34 4.84
4501.0 4.84 5.34
4458.0 5.34 5.84
4431.0 5.84 6.34
5283.0 6.34 5.587
6507.0 5.587 4.546
7683.0 4.546 3.692
6961.0 3.692 3.792
4949.0 3.792 3.892
4176.0 3.892 3.992
4176.0 3.992 4.092
4244.0 4.092 4.192
4316.0 4.192 4.692
4454.0 4.692 5.192
4312.0 5.192 5.692
4514.0 5.692 6.192
5466.0 6.192 5.347
7046.0 5.347 4.073
7546.0 4.073 3.666
6390.0 3.666 3.766
4266.0 3.766 3.866
4331.0 3.866 3.966
4441.0 3.966 4.066
4399.0 4.066 4.166
4241.0 4.166 4.666
4350.0 4.666 5.166
4176.0 5.166 5.666
4176.0 5.666 6.166
4337.0 6.166 6.666
4622.0 6.666 7.166
5266.0 7.166 6.482
6348.0 6.482 5.423
7225.0 5.423 4.646
6664.0 4.646 4.746
5440.0 4.746 4.846
4240.0 4.846 4.946
4210.0 4.946 5.046
4391.0 5.046 5.146
4176.0 5.146 5.646
4217.0 5.646 6.146
4176.0 6.146 6.646
4380.0 6.646 7.146
