5436.0 1.0 1.1
5436.0 1.1 1.2
5436.0 1.2 1.3
5436.0 1.3 1.4
5436.0 1.4 1.5
5436.0 1.5 2.0
5436.0 2.0 2.5
5352.0 2.5 3.0
5352.0 3.0 3.5
5352.0 3.5 4.0
5133.0 4.0 4.5
4816.0 4.5 5.0
4796.0 5.0 5.5
4680.0 5.5 6.0
4859.0 6.0 6.5
5951.0 6.5 5.488
6680.0 5.488 4.821
6965.0 4.821 4.555
6089.0 4.555 4.655
4805.0 4.655 4.755
4364.0 4.755 4.855
4236.0 4.855 4.955
4176.0 4.955 5.055
4797.0 5.055 5.555
4576.0 5.555 6.055
4636.0 6.055 6.555
5272.0 6.555 5.967
6392.0 5.967 4.964
6961.0 4.964 4.464
6688.0 4.464 4.564
5336.0 4.564 4.664
4231.0 4.664 4.764
4176.0 4.764 4.864
4366.0 4.864 4.964
4537.0 4.964 5.464
4339.0 5.464 5.964
4176.0 5.964 6.464
4434.0 6.464 6.964
4838.0 6.964 7.464
5866.0 7.464 6.334
7312.0 6.334 4.931
7462.0 4.931 4.691
6121.0 4.691 4.791
4381.0 4.791 4.891
4176.0 4.891 4.991
4176.0 4.991 5.091
4176.0 5.091 5.191
4198.0 5.191 5.691
4242.0 5.691 6.191
4376.0 6.191 6.691
4440.0 6.691 7.191
5020.0 7.191 6.597
6542.0 6.597 5.123
7682.0 5.123 4.163
7170.0 4.163 4.263
5354.0 4.263 4.363
4342.0 4.363 4.463
4389.0 4.463 4.563
4309.0 4.563 4.663
4310.0 4.663 5.163
4250.0 5.163 5.663
4416.0 5.663 6.163
4245.0 6.163 6.663
4645.0 6.663 7.163
5457.0 7.163 6.301
6786.0 6.301 5.034
7734.0 5.034 4.239
6736.0 4.239 4.339
4816.0 4.339 4.439
4369.0 4.439 4.539
4176.0 4.539 4.639
4278.0 4.639 4.739
4393.0 4.739 5.239
4176.0 5.239 5.739
4540.0 5.739 6.239
4354.0 6.239 6.739
5406.0 6.739 5.763
6869.0 5.763 4.479
7608.0 4.479 3.89
6494.0 3.89 3.99
5105.0 3.99 4.09
4259.0 4.09 4.19
4250.0 4.19 4.29
4209.0 4.29 4.39
4392.0 4.39 4.89
4196.0 4.89 5.39
4409.0 5.39 5.89
4748.0 5.89 6.39
5816.0 6.39 5.394
7191.0 5.394 4.251
7761.0 4.251 3.799
6281.0 3.799 3.899
4652.0 3.899 3.999
4249.0 3.999 4.099
4176.0 4.099 4.199
4219.0 4.199 4.299
4176.0 4.299 4.799
4581.0 4.799 5.299
4509.0 5.299 5.799
5103.0 5.799 5.319
6335.0 5.319 4.347
7543.0 4.347 3.512
7247.0 3.512 3.612
5523.0 3.612 3.712
4281.0 3.712 3.812
4236.0 3.812 3.912
4332.0 3.912 4.012
4284.0 4.012 4.512
4357.0 4.512 5.012
4460.0 5.012 5.512
4529.0 5.512 6.012
5057.0 6.012 5.559
5989.0 5.559 4.781
7137.0 4.781 3.929
7211.0 3.929 3.801
5499.0 3.801 3.901
4267.0 3.901 4.001
4206.0 4.001 4.101
4176.0 4.101 4.201
4176.0 4.201 4.301
4236.0 4.301 4.801
4418.0 4.801 5.301
4433.0 5.301 5.801
4778.0 5.801 6.301
5926.0 6.301 5.25
7542.0 5.25 3.953
7393.0 3.953 3.913
5985.0 3.913 4.013
4380.0 4.013 4.113
4325.0 4.113 4.213
4471.0 4.213 4.313
4195.0 4.313 4.413
4276.0 4.413 4.913
4220.0 4.913 5.413
4355.0 5.413 5.913
5051.0 5.913 5.323
6395.0 5.323 4.255
7705.0 4.255 3.368
7157.0 3.368 3.468
5429.0 3.468 3.568
4230.0 3.568 3.668
4205.0 3.668 3.768
4364.0 3.768 3.868
4176.0 3.868 4.368
4291.0 4.368 4.868
4176.0 4.868 5.368
4463.0 5.368 5.868
4868.0 5.868 6.368
5916.0 6.368 5.385
7434.0 5.385 4.137
7994.0 4.137 3.692
6714.0 3.692 3.792
4893.0 3.792 3.892
4212.0 3.892 3.992
4250.0 3.992 4.092
4278.0 4.092 4.192
4390.0 4.192 4.692
4243.0 4.692 5.192
4433.0 5.192 5.692
4780.0 5.692 6.192
5648.0 6.192 5.4
7312.0 5.4 4.056
7808.0 4.056 3.648
6532.0 3.648 3.748
4627.0 3.748 3.848
4185.0 3.848 3.948
4335.0 3.948 4.048
4211.0 4.048 4.148
4343.0 4.148 4.648
4317.0 4.648 5.148
4260.0 5.148 5.648
4545.0 5.648 6.148
6125.0 6.148 4.758
7319.0 4.758 3.828
7180.0 3.828 3.809
5580.0 3.809 3.909
4277.0 3.909 4.009
4420.0 4.009 4.109
4426.0 4.109 4.209
4260.0 4.209 4.309
4176.0 4.309 4.809
4303.0 4.809 5.309
4380.0 5.309 5.809
5067.0 5.809 5.241
6307.0 5.241 4.267
7423.0 4.267 3.501
7403.0 3.501 3.433
5315.0 3.433 3.533
4294.0 3.533 3.633
4316.0 3.633 3.733
4285.0 3.733 3.833
4267.0 3.833 3.933
4176.0 3.933 4.433
4255.0 4.433 4.933
4323.0 4.933 5.433
4592.0 5.433 5.933
4967.0 5.933 6.433
6247.0 6.433 5.234
7494.0 5.234 4.198
7488.0 4.198 4.098
5908.0 4.098 4.198
4429.0 4.198 4.298
4176.0 4.298 4.398
4287.0 4.398 4.498
4461.0 4.498 4.598
4320.0 4.598 5.098
4422.0 5.098 5.598
4262.0 5.598 6.098
4533.0 6.098 6.598
5629.0 6.598 5.556
6957.0 5.556 4.414
7757.0 4.414 3.806
6251.0 3.806 3.906
4550.0 3.906 4.006
4176.0 4.006 4.106
4181.0 4.106 4.206
4176.0 4.206 4.306
4348.0 4.306 4.806
4201.0 4.806 5.306
4361.0 5.306 5.806
4877.0 5.806 6.306
5693.0 6.306 5.527
7650.0 5.527 3.927
8058.0 3.927 3.561
6258.0 3.561 3.661
4518.0 3.661 3.761
4383.0 3.761 3.861
4366.0 3.861 3.961
4410.0 3.961 4.061
4378.0 4.061 4.561
4330.0 4.561 5.061
4475.0 5.061 5.561
4592.0 5.561 6.061
5404.0 6.061 5.357
6804.0 5.357 4.23
7996.0 4.23 3.413
6663.0 3.413 3.513
4446.0 3.513 3.613
4242.0 3.613 3.713
4280.0 3.713 3.813
4176.0 3.813 3.913
4243.0 3.913 4.413
4195.0 4.413 4.913
4176.0 4.913 5.413
4247.0 5.413 5.913
4523.0 5.913 6.413
5195.0 6.413 5.777
6479.0 5.777 4.667
7569.0 4.667 3.843
7255.0 3.843 3.943
5183.0 3.943 4.043
4194.0 4.043 4.143
4292.0 4.143 4.243
4225.0 4.243 4.343
4209.0 4.343 4.843
4176.0 4.843 5.343
4385.0 5.343 5.843
4598.0 5.843 6.343
5622.0 6.343 5.407
7031.0 5.407 4.241
7789.0 4.241 3.676
6625.0 3.676 3.776
4858.0 3.776 3.876
4176.0 3.876 3.976
4328.0 3.976 4.076
4264.0 4.076 4.176
4294.0 4.176 4.676
4203.0 4.676 5.176
4351.0 5.176 5.676
4747.0 5.676 6.176
6103.0 6.176 4.959
7500.0 4.959 3.867
7553.0 3.867 3.732
5789.0 3.732 3.832
4378.0 3.832 3.932
4242.0 3.932 4.032
4254.0 4.032 4.132
4305.0 4.132 4.232
4359.0 4.232 4.732
4243.0 4.732 5.232
4264.0 5.232 5.732
4546.0 5.732 6.232
5542.0 6.232 5.332
7167.0 5.332 4.023
7815.0 4.023 3.534
6387.0 3.534 3.634
4677.0 3.634 3.734
4190.0 3.734 3.834
4339.0 3.834 3.934
4251.0 3.934 4.034
4258.0 4.034 4.534
4176.0 4.534 5.034
4310.0 5.034 5.534
4468.0 5.534 6.034
4930.0 6.034 6.534
5970.0 6.534 5.528
7574.0 5.528 4.18
7830.0 4.18 3.903
6130.0 3.903 4.003
4510.0 4.003 4.103
4360.0 4.103 4.203
4267.0 4.203 4.303
4178.0 4.303 4.403
4176.0 4.403 4.903
4309.0 4.903 5.403
4292.0 5.403 5.903
4727.0 5.903 6.403
5891.0 6.403 5.311
7360.0 5.311 4.105
7810.0 4.105 3.73
6302.0 3.73 3.83
4382.0 3.83 3.93
4176.0 3.93 4.03
4176.0 4.03 4.13
4176.0 4.13 4.23
4176.0 4.23 4.73
4250.0 4.73 5.23
4322.0 5.23 5.73
4196.0 5.73 6.23
4646.0 6.23 6.73
5526.0 6.73 5.85
6895.0 5.85 4.633
7655.0 4.633 4.019
6604.0 4.019 4.119
4416.0 4.119 4.219
4341.0 4.219 4.319
4251.0 4.319 4.419
4271.0 4.419 4.519
4381.0 4.519 5.019
4421.0 5.019 5.519
4328.0 5.519 6.019
4526.0 6.019 6.519
5550.0 6.519 5.563
6887.0 5.563 4.42
7613.0 4.42 3.857
6521.0 3.857 3.957
5243.0 3.957 4.057
4409.0 4.057 4.157
4259.0 4.157 4.257
4182.0 4.257 4.357
4368.0 4.357 4.857
4276.0 4.857 5.357
4317.0 5.357 5.857
4545.0 5.857 6.357
5665.0 6.357 5.335
7005.0 5.335 4.227
7742.0 4.227 3.681
6638.0 3.681 3.781
4877.0 3.781 3.881
4344.0 3.881 3.981
4625.0 3.981 4.081
4414.0 4.081 4.181
4449.0 4.181 4.681
4416.0 4.681 5.181
4518.0 5.181 5.681
4615.0 5.681 6.181
5723.0 6.181 5.21
7041.0 5.21 4.147
7168.0 4.147 3.967
6076.0 3.967 4.067
4477.0 4.067 4.167
4176.0 4.167 4.267
4232.0 4.267 4.367
4324.0 4.367 4.467
4243.0 4.467 4.967
4351.0 4.967 5.467
4422.0 5.467 5.967
4995.0 5.967 6.467
6223.0 6.467 5.289
7757.0 5.289 4.033
8256.0 4.033 3.631
6348.0 3.631 3.731
4662.0 3.731 3.831
4259.0 3.831 3.931
4468.0 3.931 4.031
4435.0 4.031 4.131
4233.0 4.131 4.631
4406.0 4.631 5.131
4352.0 5.131 5.631
4790.0 5.631 6.131
5846.0 6.131 5.178
7361.0 5.178 3.979
7522.0 3.979 3.775
6006.0 3.775 3.875
4332.0 3.875 3.975
4239.0 3.975 4.075
4176.0 4.075 4.175
4176.0 4.175 4.275
4320.0 4.275 4.775
4260.0 4.775 5.275
4389.0 5.275 5.775
4628.0 5.775 6.275
5500.0 6.275 5.481
7002.0 5.481 4.241
7697.0 4.241 3.709
6537.0 3.709 3.809
4830.0 3.809 3.909
4285.0 3.909 4.009
4225.0 4.009 4.109
4359.0 4.109 4.209
4297.0 4.209 4.709
4413.0 4.709 5.209
4440.0 5.209 5.709
4401.0 5.709 6.209
5004.0 6.209 5.688
6032.0 5.688 4.81
7511.0 4.81 3.721
7299.0 3.721 3.821
5359.0 3.821 3.921
4340.0 3.921 4.021
4232.0 4.021 4.121
4176.0 4.121 4.221
4176.0 4.221 4.721
4329.0 4.721 5.221
4484.0 5.221 5.721
4841.0 5.721 6.221
5657.0 6.221 5.469
7356.0 5.469 4.086
7868.0 4.086 3.664
6572.0 3.664 3.764
4613.0 3.764 3.864
4203.0 3.864 3.964
4285.0 3.964 4.064
4394.0 4.064 4.164
4257.0 4.164 4.664
4176.0 4.664 5.164
4502.0 5.164 5.664
4718.0 5.664 6.164
5558.0 6.164 5.411
7276.0 5.411 4.027
7955.0 4.027 3.516
6455.0 3.516 3.616
4373.0 3.616 3.716
4176.0 3.716 3.816
4176.0 3.816 3.916
4322.0 3.916 4.016
4196.0 4.016 4.516
4346.0 4.516 5.016
4377.0 5.016 5.516
4537.0 5.516 6.016
4900.0 6.016 6.516
5752.0 6.516 5.695
7084.0 5.695 4.543
7733.0 4.543 4.015
6418.0 4.015 4.115
4398.0 4.115 4.215
4266.0 4.215 4.315
4378.0 4.315 4.415
4362.0 4.415 4.515
4331.0 4.515 5.015
4543.0 5.015 5.515
4712.0 5.515 6.015
5308.0 6.015 5.493
6496.0 5.493 4.52
7463.0 4.52 3.808
7211.0 3.808 3.908
5395.0 3.908 4.008
4214.0 4.008 4.108
4184.0 4.108 4.208
4176.0 4.208 4.308
4318.0 4.308 4.808
4486.0 4.808 5.308
4385.0 5.308 5.808
4500.0 5.808 6.308
5404.0 6.308 5.498
7361.0 5.498 3.903
8081.0 3.903 3.368
6565.0 3.368 3.468
4669.0 3.468 3.568
4236.0 3.568 3.668
4176.0 3.668 3.768
4241.0 3.768 3.868
4363.0 3.868 4.368
4376.0 4.368 4.868
4533.0 4.868 5.368
4599.0 5.368 5.868
4836.0 5.868 6.368
5716.0 6.368 5.556
7066.0 5.556 4.417
7530.0 4.417 4.017
6602.0 4.017 4.117
4494.0 4.117 4.217
4264.0 4.217 4.317
4489.0 4.317 4.417
4369.0 4.417 4.517
4269.0 4.517 5.017
4211.0 5.017 5.517
4258.0 5.517 6.017
4537.0 6.017 6.517
5645.0 6.517 5.474
7229.0 5.474 4.151
7914.0 4.151 3.627
6746.0 3.627 3.727
4883.0 3.727 3.827
4361.0 3.827 3.927
4328.0 3.927 4.027
4202.0 4.027 4.127
4218.0 4.127 4.627
4396.0 4.627 5.127
4427.0 5.127 5.627
4621.0 5.627 6.127
5673.0 6.127 5.203
7267.0 5.203 3.944
7468.0 3.944 3.714
6040.0 3.714 3.814
4426.0 3.814 3.914
4253.0 3.914 4.014
4406.0 4.014 4.114
4176.0 4.114 4.214
4363.0 4.214 4.714
4176.0 4.714 5.214
4344.0 5.214 5.714
4692.0 5.714 6.214
5836.0 6.214 5.179
7273.0 5.179 4.029
7686.0 4.029 3.684
6106.0 3.684 3.784
4267.0 3.784 3.884
4212.0 3.884 3.984
4360.0 3.984 4.084
4322.0 4.084 4.184
4176.0 4.184 4.684
4416.0 4.684 5.184
4726.0 5.184 5.684
4963.0 5.684 6.184
5823.0 6.184 5.409
7057.0 5.409 4.39
7652.0 4.39 3.921
6340.0 3.921 4.021
4834.0 4.021 4.121
4377.0 4.121 4.221
4255.0 4.221 4.321
4436.0 4.321 4.421
4176.0 4.421 4.921
4212.0 4.921 5.421
4196.0 5.421 5.921
4562.0 5.921 6.421
5746.0 6.421 5.316
7319.0 5.316 4.031
8110.0 4.031 3.463
6534.0 3.463 3.563
4509.0 3.563 3.663
4227.0 3.663 3.763
4273.0 3.763 3.863
4228.0 3.863 3.963
4344.0 3.963 4.463
4241.0 4.463 4.963
4282.0 4.963 5.463
4330.0 5.463 5.963
4648.0 5.963 6.463
5704.0 6.463 5.47
7233.0 5.47 4.194
7745.0 4.194 3.772
6493.0 3.772 3.872
4816.0 3.872 3.972
4176.0 3.972 4.072
4176.0 4.072 4.172
4235.0 4.172 4.272
4190.0 4.272 4.772
4224.0 4.772 5.272
4313.0 5.272 5.772
4532.0 5.772 6.272
5400.0 6.272 5.484
6897.0 5.484 4.249
7765.0 4.249 3.613
6953.0 3.613 3.713
5315.0 3.713 3.813
4240.0 3.813 3.913
4225.0 3.913 4.013
4283.0 4.013 4.113
4176.0 4.113 4.613
4285.0 4.613 5.113
4246.0 5.113 5.613
4335.0 5.613 6.113
4776.0 6.113 6.613
5968.0 6.613 5.457
7479.0 5.457 4.183
7551.0 4.183 4.019
6111.0 4.019 4.119
4764.0 4.119 4.219
4217.0 4.219 4.319
4323.0 4.319 4.419
4176.0 4.419 4.519
4215.0 4.519 5.019
4363.0 5.019 5.519
4329.0 5.519 6.019
4611.0 6.019 6.519
5467.0 6.519 5.706
7056.0 5.706 4.348
7720.0 4.348 3.814
6500.0 3.814 3.914
4898.0 3.914 4.014
4297.0 4.014 4.114
4341.0 4.114 4.214
4459.0 4.214 4.314
4416.0 4.314 4.814
4250.0 4.814 5.314
4268.0 5.314 5.814
4625.0 5.814 6.314
5617.0 6.314 5.398
7332.0 5.398 4.004
7907.0 4.004 3.552
6611.0 3.552 3.652
4853.0 3.652 3.752
4504.0 3.752 3.852
4309.0 3.852 3.952
4353.0 3.952 4.052
4515.0 4.052 4.552
4239.0 4.552 5.052
4232.0 5.052 5.552
4676.0 5.552 6.052
5984.0 6.052 4.897
7493.0 4.897 3.746
7609.0 3.746 3.575
5645.0 3.575 3.675
4176.0 3.675 3.775
4277.0 3.775 3.875
4311.0 3.875 3.975
4182.0 3.975 4.075
4176.0 4.075 4.575
4251.0 4.575 5.075
4194.0 5.075 5.575
4494.0 5.575 6.075
5157.0 6.075 5.48
6149.0 5.48 4.652
7377.0 4.652 3.764
7201.0 3.764 3.864
5449.0 3.864 3.964
4284.0 3.964 4.064
4178.0 4.064 4.164
4201.0 4.164 4.264
4176.0 4.264 4.764
4231.0 4.764 5.264
4372.0 5.264 5.764
4768.0 5.764 6.264
5544.0 6.264 5.538
7288.0 5.538 4.106
8063.0 4.106 3.528
6723.0 3.528 3.628
5001.0 3.628 3.728
4202.0 3.728 3.828
4194.0 3.828 3.928
4358.0 3.928 4.028
4259.0 4.028 4.528
4625.0 4.528 5.028
4325.0 5.028 5.528
4515.0 5.528 6.028
5307.0 6.028 5.343
6423.0 5.343 4.432
7506.0 4.432 3.666
7190.0 3.666 3.766
5030.0 3.766 3.866
4176.0 3.866 3.966
4176.0 3.966 4.066
4254.0 4.066 4.166
4334.0 4.166 4.666
4217.0 4.666 5.166
4315.0 5.166 5.666
4245.0 5.666 6.166
4812.0 6.166 6.666
6052.0 6.666 5.443
7277.0 5.443 4.385
7749.0 4.385 3.989
5931.0 3.989 4.089
4449.0 4.089 4.189
4429.0 4.189 4.289
4303.0 4.289 4.389
4176.0 4.389 4.489
4236.0 4.489 4.989
4243.0 4.989 5.489
4407.0 5.489 5.989
4914.0 5.989 6.489
5826.0 6.489 5.6
7385.0 5.6 4.282
7657.0 4.282 3.993
6573.0 3.993 4.093
4497.0 4.093 4.193
4277.0 4.193 4.293
4338.0 4.293 4.393
4285.0 4.393 4.493
4278.0 4.493 4.993
4252.0 4.993 5.493
4276.0 5.493 5.993
4705.0 5.993 6.493
5453.0 6.493 5.764
7096.0 5.764 4.357
8003.0 4.357 3.671
6125.0 3.671 3.771
4430.0 3.771 3.871
4176.0 3.871 3.971
4297.0 3.971 4.071
4214.0 4.071 4.171
4181.0 4.171 4.671
4315.0 4.671 5.171
4378.0 5.171 5.671
4685.0 5.671 6.171
5365.0 6.171 5.549
6613.0 5.549 4.51
7487.0 4.51 3.852
6883.0 3.852 3.952
5087.0 3.952 4.052
4460.0 4.052 4.152
4483.0 4.152 4.252
4462.0 4.252 4.352
4259.0 4.352 4.852
4312.0 4.852 5.352
4293.0 5.352 5.852
4767.0 5.852 6.352
5883.0 6.352 5.307
7302.0 5.307 4.144
7579.0 4.144 3.87
6147.0 3.87 3.97
4638.0 3.97 4.07
4176.0 4.07 4.17
4176.0 4.17 4.27
4231.0 4.27 4.37
4176.0 4.37 4.87
4408.0 4.87 5.37
4518.0 5.37 5.87
4755.0 5.87 6.37
5803.0 6.37 5.407
7405.0 5.407 4.092
7659.0 4.092 3.822
6375.0 3.822 3.922
4785.0 3.922 4.022
4182.0 4.022 4.122
4177.0 4.122 4.222
4181.0 4.222 4.322
4182.0 4.322 4.822
4296.0 4.822 5.322
4502.0 5.322 5.822
4733.0 5.822 6.322
5397.0 6.322 5.706
6865.0 5.706 4.464
7529.0 4.464 3.927
6513.0 3.927 4.027
4797.0 4.027 4.127
4269.0 4.127 4.227
4387.0 4.227 4.327
4289.0 4.327 4.427
4279.0 4.427 4.927
4284.0 4.927 5.427
4391.0 5.427 5.927
4763.0 5.927 6.427
5951.0 6.427 5.315
7193.0 5.315 4.276
7060.0 4.276 4.251
5964.0 4.251 4.351
4176.0 4.351 4.451
4176.0 4.451 4.551
4222.0 4.551 4.651
4296.0 4.651 4.751
4307.0 4.751 5.251
4232.0 5.251 5.751
4369.0 5.751 6.251
5005.0 6.251 5.68
6237.0 5.68 4.636
7790.0 4.636 3.521
7080.0 3.521 3.621
5679.0 3.621 3.721
4232.0 3.721 3.821
4325.0 3.821 3.921
4309.0 3.921 4.021
4340.0 4.021 4.521
4275.0 4.521 5.021
4176.0 5.021 5.521
4342.0 5.521 6.021
4708.0 6.021 6.521
6068.0 6.521 5.236
7321.0 5.236 4.188
7320.0 4.188 4.084
5888.0 4.084 4.184
4640.0 4.184 4.284
4275.0 4.284 4.384
4176.0 4.384 4.484
4288.0 4.484 4.584
4540.0 4.584 5.084
4270.0 5.084 5.584
4372.0 5.584 6.084
4540.0 6.084 6.584
5624.0 6.584 5.564
7105.0 5.564 4.303
7663.0 4.303 3.845
6615.0 3.845 3.945
4379.0 3.945 4.045
4343.0 4.045 4.145
4304.0 4.145 4.245
4259.0 4.245 4.345
4248.0 4.345 4.845
4351.0 4.845 5.345
4393.0 5.345 5.845
4945.0 5.845 6.345
6389.0 6.345 5.0
7546.0 5.0 4.058
7501.0 4.058 3.988
5645.0 3.988 4.088
4253.0 4.088 4.188
4231.0 4.188 4.288
4252.0 4.288 4.388
4304.0 4.388 4.488
4311.0 4.488 4.988
4178.0 4.988 5.488
4365.0 5.488 5.988
5040.0 5.988 5.404
6204.0 5.404 4.458
7344.0 4.458 3.649
7492.0 3.649 3.49
5624.0 3.49 3.59
4176.0 3.59 3.69
4394.0 3.69 3.79
4291.0 3.79 3.89
4199.0 3.89 3.99
4209.0 3.99 4.49
4176.0 4.49 4.99
4259.0 4.99 5.49
4341.0 5.49 5.99
4683.0 5.99 6.49
5595.0 6.49 5.621
7406.0 5.621 4.102
7960.0 4.102 3.645
6444.0 3.645 3.745
4533.0 3.745 3.845
4176.0 3.845 3.945
4176.0 3.945 4.045
4244.0 4.045 4.145
4292.0 4.145 4.645
4203.0 4.645 5.145
4256.0 5.145 5.645
4373.0 5.645 6.145
5093.0 6.145 5.513
6401.0 5.513 4.432
7561.0 4.432 3.604
6993.0 3.604 3.704
5421.0 3.704 3.804
4176.0 3.804 3.904
4190.0 3.904 4.004
4176.0 4.004 4.104
4246.0 4.104 4.604
4176.0 4.604 5.104
4176.0 5.104 5.604
4281.0 5.604 6.104
4731.0 6.104 6.604
5411.0 6.604 5.922
6828.0 5.922 4.67
7762.0 4.67 3.936
6618.0 3.936 4.036
4586.0 4.036 4.136
4197.0 4.136 4.236
4265.0 4.236 4.336
4176.0 4.336 4.436
4250.0 4.436 4.936
4176.0 4.936 5.436
4358.0 5.436 5.936
4742.0 5.936 6.436
5770.0 6.436 5.464
7190.0 5.464 4.275
7860.0 4.275 3.758
6592.0 3.758 3.858
4804.0 3.858 3.958
4176.0 3.958 4.058
4176.0 4.058 4.158
4285.0 4.158 4.258
4269.0 4.258 4.758
4281.0 4.758 5.258
4472.0 5.258 5.758
4694.0 5.758 6.258
5714.0 6.258 5.337
6944.0 5.337 4.32
7602.0 4.32 3.819
6754.0 3.819 3.919
4626.0 3.919 4.019
4176.0 4.019 4.119
4329.0 4.119 4.219
4286.0 4.219 4.319
4371.0 4.319 4.819
4255.0 4.819 5.319
4227.0 5.319 5.819
4506.0 5.819 6.319
5254.0 6.319 5.627
6714.0 5.627 4.4
7861.0 4.4 3.573
6661.0 3.573 3.673
4861.0 3.673 3.773
4176.0 3.773 3.873
4228.0 3.873 3.973
4346.0 3.973 4.073
4301.0 4.073 4.573
4488.0 4.573 5.073
4512.0 5.073 5.573
4571.0 5.573 6.073
5399.0 6.073 5.362
6643.0 5.362 4.35
7588.0 4.35 3.672
6960.0 3.672 3.772
4984.0 3.772 3.872
4333.0 3.872 3.972
4176.0 3.972 4.072
4176.0 4.072 4.172
4176.0 4.172 4.672
4262.0 4.672 5.172
4511.0 5.172 5.672
4250.0 5.672 6.172
4823.0 6.172 6.672
5819.0 6.672 5.678
7385.0 5.678 4.327
8014.0 4.327 3.818
6402.0 3.818 3.918
4554.0 3.918 4.018
4176.0 4.018 4.118
4327.0 4.118 4.218
4176.0 4.218 4.318
4176.0 4.318 4.818
4178.0 4.818 5.318
4188.0 5.318 5.818
4548.0 5.818 6.318
5712.0 6.318 5.248
7175.0 5.248 4.062
7782.0 4.062 3.602
6270.0 3.602 3.702
4611.0 3.702 3.802
4493.0 3.802 3.902
4457.0 3.902 4.002
4441.0 4.002 4.102
4263.0 4.102 4.602
4392.0 4.602 5.102
4505.0 5.102 5.602
5084.0 5.602 5.136
6532.0 5.136 4.041
7516.0 4.041 3.377
7220.0 3.377 3.477
5597.0 3.477 3.577
4216.0 3.577 3.677
4176.0 3.677 3.777
4198.0 3.777 3.877
4176.0 3.877 4.377
4276.0 4.377 4.877
4176.0 4.877 5.377
4299.0 5.377 5.877
4468.0 5.877 6.377
5020.0 6.377 5.864
6192.0 5.864 4.843
7560.0 4.843 3.81
7240.0 3.81 3.91
5344.0 3.91 4.01
4279.0 4.01 4.11
4176.0 4.11 4.21
4322.0 4.21 4.31
4231.0 4.31 4.81
4223.0 4.81 5.31
4272.0 5.31 5.81
4465.0 5.81 6.31
5285.0 6.31 5.563
6317.0 5.563 4.677
7631.0 4.677 3.724
7085.0 3.724 3.824
4901.0 3.824 3.924
4176.0 3.924 4.024
4176.0 4.024 4.124
4176.0 4.124 4.224
4411.0 4.224 4.724
4312.0 4.724 5.224
4227.0 5.224 5.724
4362.0 5.724 6.224
4977.0 6.224 6.724
5597.0 6.724 6.066
7213.0 6.066 4.619
7933.0 4.619 4.016
6269.0 4.016 4.116
4916.0 4.116 4.216
4204.0 4.216 4.316
4176.0 4.316 4.416
4176.0 4.416 4.516
4262.0 4.516 5.016
4254.0 5.016 5.516
4522.0 5.516 6.016
4717.0 6.016 6.516
5401.0 6.516 5.866
6817.0 5.866 4.63
7597.0 4.63 4.002
6793.0 4.002 4.102
4737.0 4.102 4.202
4302.0 4.202 4.302
4176.0 4.302 4.402
4210.0 4.402 4.502
4283.0 4.502 5.002
4452.0 5.002 5.502
4336.0 5.502 6.002
4603.0 6.002 6.502
5611.0 6.502 5.556
7096.0 5.556 4.3
7728.0 4.3 3.798
6760.0 3.798 3.898
4500.0 3.898 3.998
4185.0 3.998 4.098
4176.0 4.098 4.198
4176.0 4.198 4.298
4211.0 4.298 4.798
4189.0 4.798 5.298
4393.0 5.298 5.798
4651.0 5.798 6.298
5459.0 6.298 5.554
7070.0 5.554 4.219
7781.0 4.219 3.673
6661.0 3.673 3.773
5137.0 3.773 3.873
4326.0 3.873 3.973
4336.0 3.973 4.073
4203.0 4.073 4.173
4319.0 4.173 4.673
4282.0 4.673 5.173
4265.0 5.173 5.673
4490.0 5.673 6.173
5338.0 6.173 5.416
6754.0 5.416 4.259
7695.0 4.259 3.584
6903.0 3.584 3.684
5295.0 3.684 3.784
4395.0 3.784 3.884
4268.0 3.884 3.984
4176.0 3.984 4.084
4176.0 4.084 4.584
4176.0 4.584 5.084
4210.0 5.084 5.584
4536.0 5.584 6.084
4956.0 6.084 6.584
5872.0 6.584 5.687
7437.0 5.687 4.344
7851.0 4.344 3.964
5691.0 3.964 4.064
4356.0 4.064 4.164
4176.0 4.164 4.264
4407.0 4.264 4.364
4332.0 4.364 4.464
4285.0 4.464 4.964
4369.0 4.964 5.464
4440.0 5.464 5.964
4926.0 5.964 6.464
5982.0 6.464 5.452
7348.0 5.452 4.303
7499.0 4.303 4.099
6367.0 4.099 4.199
4217.0 4.199 4.299
4353.0 4.299 4.399
4176.0 4.399 4.499
4486.0 4.499 4.599
4275.0 4.599 5.099
4176.0 5.099 5.599
4414.0 5.599 6.099
4762.0 6.099 6.599
5606.0 6.599 5.775
7186.0 5.775 4.408
7772.0 4.408 3.916
6172.0 3.916 4.016
4657.0 4.016 4.116
4178.0 4.116 4.216
4546.0 4.216 4.316
4253.0 4.316 4.416
4176.0 4.416 4.916
4246.0 4.916 5.416
4518.0 5.416 5.916
4713.0 5.916 6.416
5721.0 6.416 5.485
7205.0 5.485 4.246
7737.0 4.246 3.809
6669.0 3.809 3.909
4353.0 3.909 4.009
4176.0 4.009 4.109
4215.0 4.109 4.209
4218.0 4.209 4.309
4176.0 4.309 4.809
4380.0 4.809 5.309
4315.0 5.309 5.809
4834.0 5.809 6.309
6074.0 6.309 5.157
7532.0 5.157 3.987
7910.0 3.987 3.663
6074.0 3.663 3.763
4448.0 3.763 3.863
4406.0 3.863 3.963
4302.0 3.963 4.063
4292.0 4.063 4.163
4308.0 4.163 4.663
4499.0 4.663 5.163
4421.0 5.163 5.663
4732.0 5.663 6.163
5740.0 6.163 5.26
7458.0 5.26 3.899
7749.0 3.899 3.614
5973.0 3.614 3.714
4338.0 3.714 3.814
4176.0 3.814 3.914
4208.0 3.914 4.014
4176.0 4.014 4.114
4176.0 4.114 4.614
4176.0 4.614 5.114
4265.0 5.114 5.614
4504.0 5.614 6.114
5032.0 6.114 5.635
5640.0 5.635 5.1
6868.0 5.1 4.163
7324.0 4.163 3.802
6096.0 3.802 3.902
4638.0 3.902 4.002
4176.0 4.002 4.102
4176.0 4.102 4.202
4365.0 4.202 4.302
4328.0 4.302 4.802
4418.0 4.802 5.302
4359.0 5.302 5.802
4620.0 5.802 6.302
5600.0 6.302 5.409
7468.0 5.409 3.899
8063.0 3.899 3.438
6539.0 3.438 3.538
4292.0 3.538 3.638
4206.0 3.638 3.738
4435.0 3.738 3.838
4418.0 3.838 3.938
4176.0 3.938 4.438
4280.0 4.438 4.938
4391.0 4.938 5.438
4470.0 5.438 5.938
4953.0 5.938 6.438
5901.0 6.438 5.528
7321.0 5.528 4.331
7829.0 4.331 3.906
5891.0 3.906 4.006
4361.0 4.006 4.106
4320.0 4.106 4.206
4210.0 4.206 4.306
4251.0 4.306 4.406
4189.0 4.406 4.906
4264.0 4.906 5.406
4522.0 5.406 5.906
4960.0 5.906 6.406
6128.0 6.406 5.305
7098.0 5.305 4.471
7370.0 4.471 4.213
6114.0 4.213 4.313
4394.0 4.313 4.413
4264.0 4.413 4.513
4185.0 4.513 4.613
4211.0 4.613 4.713
4360.0 4.713 5.213
4294.0 5.213 5.713
4445.0 5.713 6.213
5001.0 6.213 5.714
6285.0 5.714 4.629
7799.0 4.629 3.538
7331.0 3.538 3.638
5175.0 3.638 3.738
4368.0 3.738 3.838
4315.0 3.838 3.938
4203.0 3.938 4.038
4290.0 4.038 4.538
4322.0 4.538 5.038
4375.0 5.038 5.538
4351.0 5.538 6.038
4564.0 6.038 6.538
5604.0 6.538 5.562
7040.0 5.562 4.34
7682.0 4.34 3.831
6786.0 3.831 3.931
4686.0 3.931 4.031
4455.0 4.031 4.131
4176.0 4.131 4.231
4176.0 4.231 4.331
4176.0 4.331 4.831
4176.0 4.831 5.331
4471.0 5.331 5.831
5011.0 5.831 5.36
6023.0 5.36 4.546
7279.0 4.546 3.661
7575.0 3.661 3.42
5907.0 3.42 3.52
4377.0 3.52 3.62
4254.0 3.62 3.72
4491.0 3.72 3.82
4215.0 3.82 3.92
4176.0 3.92 4.42
4326.0 4.42 4.92
4445.0 4.92 5.42
4743.0 5.42 5.92
5231.0 5.92 5.483
6579.0 5.483 4.397
7783.0 4.397 3.547
6746.0 3.547 3.647
5315.0 3.647 3.747
4359.0 3.747 3.847
4238.0 3.847 3.947
4210.0 3.947 4.047
4176.0 4.047 4.547
4613.0 4.547 5.047
4390.0 5.047 5.547
4396.0 5.547 6.047
4786.0 6.047 6.547
5670.0 6.547 5.693
7032.0 5.693 4.514
7508.0 4.514 4.097
6133.0 4.097 4.197
4735.0 4.197 4.297
4324.0 4.297 4.397
4259.0 4.397 4.497
4297.0 4.497 4.597
4283.0 4.597 5.097
4317.0 5.097 5.597
4271.0 5.597 6.097
4448.0 6.097 6.597
5376.0 6.597 5.72
6872.0 5.72 4.427
7640.0 4.427 3.826
6416.0 3.826 3.926
4664.0 3.926 4.026
4215.0 4.026 4.126
4176.0 4.126 4.226
4176.0 4.226 4.326
4252.0 4.326 4.826
4539.0 4.826 5.326
4296.0 5.326 5.826
4662.0 5.826 6.326
5750.0 6.326 5.325
7223.0 5.325 4.121
7693.0 4.121 3.734
6301.0 3.734 3.834
4639.0 3.834 3.934
4176.0 3.934 4.034
4303.0 4.034 4.134
4336.0 4.134 4.234
4353.0 4.234 4.734
4332.0 4.734 5.234
4288.0 5.234 5.734
4687.0 5.734 6.234
5515.0 6.234 5.468
7140.0 5.468 4.14
7736.0 4.14 3.669
6548.0 3.669 3.769
4934.0 3.769 3.869
4210.0 3.869 3.969
4264.0 3.969 4.069
4176.0 4.069 4.169
4366.0 4.169 4.669
4560.0 4.669 5.169
4552.0 5.169 5.669
4858.0 5.669 6.169
5954.0 6.169 5.189
7257.0 5.189 4.14
7349.0 4.14 3.982
6077.0 3.982 4.082
4670.0 4.082 4.182
4347.0 4.182 4.282
4341.0 4.282 4.382
4176.0 4.382 4.482
4250.0 4.482 4.982
4297.0 4.982 5.482
4532.0 5.482 5.982
5033.0 5.982 5.537
6189.0 5.537 4.589
7636.0 4.589 3.561
7256.0 3.561 3.661
5412.0 3.661 3.761
4225.0 3.761 3.861
4176.0 3.861 3.961
4259.0 3.961 4.061
4176.0 4.061 4.561
4216.0 4.561 5.061
4176.0 5.061 5.561
4603.0 5.561 6.061
4995.0 6.061 6.561
6059.0 6.561 5.533
7268.0 5.533 4.488
7534.0 4.488 4.215
5684.0 4.215 4.315
4544.0 4.315 4.415
4383.0 4.415 4.515
4271.0 4.515 4.615
4407.0 4.615 4.715
4213.0 4.715 5.215
4250.0 5.215 5.715
4298.0 5.715 6.215
4652.0 6.215 6.715
5768.0 6.715 5.623
7206.0 5.623 4.377
7592.0 4.377 4.019
6676.0 4.019 4.119
4824.0 4.119 4.219
4250.0 4.219 4.319
4259.0 4.319 4.419
4176.0 4.419 4.519
4397.0 4.519 5.019
4176.0 5.019 5.519
4206.0 5.519 6.019
4488.0 6.019 6.519
5512.0 6.519 5.552
6849.0 5.552 4.41
7644.0 4.41 3.806
6620.0 3.806 3.906
4835.0 3.906 4.006
4216.0 4.006 4.106
4205.0 4.106 4.206
4176.0 4.206 4.306
4235.0 4.306 4.806
4304.0 4.806 5.306
4358.0 5.306 5.806
4540.0 5.806 6.306
5440.0 6.306 5.49
6893.0 5.49 4.285
7939.0 4.285 3.54
6568.0 3.54 3.64
4870.0 3.64 3.74
4240.0 3.74 3.84
4224.0 3.84 3.94
4300.0 3.94 4.04
4176.0 4.04 4.54
4332.0 4.54 5.04
4429.0 5.04 5.54
4422.0 5.54 6.04
4890.0 6.04 6.54
6018.0 6.54 5.453
7627.0 5.453 4.112
7610.0 4.112 3.995
6198.0 3.995 4.095
4644.0 4.095 4.195
4229.0 4.195 4.295
4176.0 4.295 4.395
4266.0 4.395 4.495
4222.0 4.495 4.995
4286.0 4.995 5.495
4288.0 5.495 5.995
4465.0 5.995 6.495
5381.0 6.495 5.642
7533.0 5.642 3.849
7959.0 3.849 3.467
6155.0 3.467 3.567
4223.0 3.567 3.667
4176.0 3.667 3.767
4176.0 3.767 3.867
4323.0 3.867 3.967
4176.0 3.967 4.467
4327.0 4.467 4.967
4176.0 4.967 5.467
4327.0 5.467 5.967
4634.0 5.967 6.467
5274.0 6.467 5.851
6892.0 5.851 4.456
7741.0 4.456 3.793
6498.0 3.793 3.893
5109.0 3.893 3.993
4345.0 3.993 4.093
4190.0 4.093 4.193
4370.0 4.193 4.293
4308.0 4.293 4.793
4185.0 4.793 5.293
4422.0 5.293 5.793
4786.0 5.793 6.293
5842.0 6.293 5.32
7196.0 5.32 4.209
7656.0 4.209 3.828
6432.0 3.828 3.928
4683.0 3.928 4.028
4199.0 4.028 4.128
4176.0 4.128 4.228
4236.0 4.228 4.328
4277.0 4.328 4.828
4391.0 4.828 5.328
4484.0 5.328 5.828
4685.0 5.828 6.328
5609.0 6.328 5.485
7166.0 5.485 4.198
7698.0 4.198 3.763
6454.0 3.763 3.863
5011.0 3.863 3.963
4176.0 3.963 4.063
4195.0 4.063 4.163
4176.0 4.163 4.263
4193.0 4.263 4.763
4288.0 4.763 5.263
4446.0 5.263 5.763
4671.0 5.763 6.263
5527.0 6.263 5.485
7271.0 5.485 4.061
7971.0 4.061 3.531
6707.0 3.531 3.631
4739.0 3.631 3.731
4176.0 3.731 3.831
4248.0 3.831 3.931
4521.0 3.931 4.031
4176.0 4.031 4.531
4185.0 4.531 5.031
4176.0 5.031 5.531
4428.0 5.531 6.031
4719.0 6.031 6.531
5839.0 6.531 5.47
7270.0 5.47 4.263
7614.0 4.263 3.94
6494.0 3.94 4.04
4352.0 4.04 4.14
4189.0 4.14 4.24
4352.0 4.24 4.34
4297.0 4.34 4.44
4176.0 4.44 4.94
4370.0 4.94 5.44
4504.0 5.44 5.94
5056.0 5.94 5.465
6172.0 5.465 4.556
7468.0 4.556 3.635
7102.0 3.635 3.735
5450.0 3.735 3.835
4265.0 3.835 3.935
4512.0 3.935 4.035
4317.0 4.035 4.135
4263.0 4.135 4.635
4407.0 4.635 5.135
4365.0 5.135 5.635
4474.0 5.635 6.135
5017.0 6.135 5.657
6565.0 5.657 4.376
7584.0 4.376 3.628
7172.0 3.628 3.728
4748.0 3.728 3.828
4350.0 3.828 3.928
4176.0 3.928 4.028
4176.0 4.028 4.128
4327.0 4.128 4.628
4496.0 4.628 5.128
4265.0 5.128 5.628
4264.0 5.628 6.128
4312.0 6.128 6.628
5100.0 6.628 5.892
6626.0 5.892 4.551
7441.0 4.551 3.902
6729.0 3.902 4.002
4877.0 4.002 4.102
4283.0 4.102 4.202
4421.0 4.202 4.302
4445.0 4.302 4.402
4256.0 4.402 4.902
4306.0 4.902 5.402
4176.0 5.402 5.902
4527.0 5.902 6.402
5607.0 6.402 5.397
6908.0 5.397 4.308
7483.0 4.308 3.852
6359.0 3.852 3.952
4403.0 3.952 4.052
4394.0 4.052 4.152
4246.0 4.152 4.252
4234.0 4.252 4.352
4222.0 4.352 4.852
4283.0 4.852 5.352
4249.0 5.352 5.852
4485.0 5.852 6.352
4314.0 6.352 6.852
5130.0 6.852 6.087
6026.0 6.087 5.238
7071.0 5.238 4.38
6655.0 4.38 4.48
5495.0 4.48 4.58
4292.0 4.58 4.68
4351.0 4.68 4.78
4221.0 4.78 4.88
4248.0 4.88 5.38
4176.0 5.38 5.88
4249.0 5.88 6.38
4343.0 6.38 6.88
4424.0 6.88 7.38
4227.0 7.38 7.88
