5520.0 1.0 1.1
5520.0 1.1 1.2
5520.0 1.2 1.3
5520.0 1.3 1.4
5520.0 1.4 1.5
5520.0 1.5 2.0
5520.0 2.0 2.5
5436.0 2.5 3.0
5436.0 3.0 3.5
5436.0 3.5 4.0
5217.0 4.0 4.5
4900.0 4.5 5.0
4880.0 5.0 5.5
4764.0 5.5 6.0
4943.0 6.0 6.5
6035.0 6.5 5.488
6764.0 5.488 4.821
7049.0 4.821 4.555
5849.0 4.555 4.655
4565.0 4.655 4.755
4498.0 4.755 4.855
4375.0 4.855 4.955
4464.0 4.955 5.055
4604.0 5.055 5.555
4453.0 5.555 6.055
4488.0 6.055 6.555
5124.0 6.555 5.969
6272.0 5.969 4.943
7345.0 4.943 4.095
6449.0 4.095 4.195
5337.0 4.195 4.295
4496.0 4.295 4.395
4331.0 4.395 4.495
4277.0 4.495 4.595
4399.0 4.595 5.095
4442.0 5.095 5.595
4669.0 5.595 6.095
5013.0 6.095 5.776
5937.0 5.776 4.991
7363.0 4.991 3.91
7555.0 3.91 3.699
6055.0 3.699 3.799
4498.0 3.799 3.899
4279.0 3.899 3.999
4396.0 3.999 4.099
4257.0 4.099 4.199
4198.0 4.199 4.699
4292.0 4.699 5.199
4421.0 5.199 5.699
5093.0 5.699 5.149
6221.0 5.149 4.274
7473.0 4.274 3.434
7465.0 3.434 3.353
5437.0 3.353 3.453
4308.0 3.453 3.553
4446.0 3.553 3.653
4176.0 3.653 3.753
4239.0 3.753 3.853
4237.0 3.853 4.353
4491.0 4.353 4.853
4418.0 4.853 5.353
4490.0 5.353 5.853
5048.0 5.853 5.389
6164.0 5.389 4.494
7372.0 4.494 3.64
7164.0 3.64 3.74
5864.0 3.74 3.84
4287.0 3.84 3.94
4257.0 3.94 4.04
4235.0 4.04 4.14
4362.0 4.14 4.64
4316.0 4.64 5.14
4188.0 5.14 5.64
4403.0 5.64 6.14
4952.0 6.14 6.64
5584.0 6.64 5.986
7036.0 5.986 4.696
7373.0 4.696 4.348
6610.0 4.348 4.448
4970.0 4.448 4.548
4276.0 4.548 4.648
4247.0 4.648 4.748
4176.0 4.748 4.848
4176.0 4.848 5.348
4268.0 5.348 5.848
4265.0 5.848 6.348
4637.0 6.348 6.848
5281.0 6.848 6.185
6424.0 6.185 5.121
7579.0 5.121 4.183
6894.0 4.183 4.283
5370.0 4.283 4.383
4176.0 4.383 4.483
4328.0 4.483 4.583
4176.0 4.583 4.683
4376.0 4.683 5.183
4255.0 5.183 5.683
4405.0 5.683 6.183
4315.0 6.183 6.683
4899.0 6.683 7.183
6227.0 7.183 5.775
7235.0 5.775 4.819
7485.0 4.819 4.55
5944.0 4.55 4.65
4295.0 4.65 4.75
4345.0 4.75 4.85
4224.0 4.85 4.95
4452.0 4.95 5.05
4401.0 5.05 5.55
4275.0 5.55 6.05
4516.0 6.05 6.55
4728.0 6.55 7.05
5788.0 7.05 5.974
7022.0 5.974 4.828
7428.0 4.828 4.438
6411.0 4.438 4.538
4763.0 4.538 4.638
4176.0 4.638 4.738
4422.0 4.738 4.838
4520.0 4.838 4.938
4187.0 4.938 5.438
4494.0 5.438 5.938
4401.0 5.938 6.438
4593.0 6.438 6.938
5561.0 6.938 5.975
6868.0 5.975 4.778
7531.0 4.778 4.215
6928.0 4.215 4.315
5380.0 4.315 4.415
4401.0 4.415 4.515
4260.0 4.515 4.615
4353.0 4.615 4.715
4176.0 4.715 5.215
4244.0 5.215 5.715
4272.0 5.715 6.215
4503.0 6.215 6.715
5031.0 6.715 6.191
6215.0 6.191 5.105
7543.0 5.105 4.043
7416.0 4.043 4.01
5696.0 4.01 4.11
4250.0 4.11 4.21
4176.0 4.21 4.31
4176.0 4.31 4.41
4213.0 4.41 4.51
4246.0 4.51 5.01
4186.0 5.01 5.51
4625.0 5.51 6.01
5549.0 6.01 5.187
6901.0 5.187 4.117
7917.0 4.117 3.425
6849.0 3.425 3.525
5163.0 3.525 3.625
4311.0 3.625 3.725
4365.0 3.725 3.825
4257.0 3.825 3.925
4404.0 3.925 4.425
4187.0 4.425 4.925
4448.0 4.925 5.425
4456.0 5.425 5.925
4825.0 5.925 6.425
6013.0 6.425 5.314
7507.0 5.314 4.088
7878.0 4.088 3.758
6082.0 3.758 3.858
4462.0 3.858 3.958
4257.0 3.958 4.058
4228.0 4.058 4.158
4176.0 4.158 4.258
4249.0 4.258 4.758
4211.0 4.758 5.258
4280.0 5.258 5.758
4586.0 5.758 6.258
5774.0 6.258 5.183
7172.0 5.183 4.057
7422.0 4.057 3.805
5730.0 3.805 3.905
4362.0 3.905 4.005
4410.0 4.005 4.105
4410.0 4.105 4.205
4235.0 4.205 4.305
4246.0 4.305 4.805
4266.0 4.805 5.305
4589.0 5.305 5.805
5273.0 5.805 5.216
6509.0 5.216 4.247
7822.0 4.247 3.368
7006.0 3.368 3.468
5362.0 3.468 3.568
4416.0 3.568 3.668
4176.0 3.668 3.768
4176.0 3.768 3.868
4439.0 3.868 4.368
4218.0 4.368 4.868
4405.0 4.868 5.368
4324.0 5.368 5.868
4813.0 5.868 6.368
5945.0 6.368 5.305
7379.0 5.305 4.129
7735.0 4.129 3.809
6443.0 3.809 3.909
4580.0 3.909 4.009
4176.0 4.009 4.109
4208.0 4.109 4.209
4428.0 4.209 4.309
4367.0 4.309 4.809
4306.0 4.809 5.309
4241.0 5.309 5.809
4634.0 5.809 6.309
5454.0 6.309 5.542
6991.0 5.542 4.266
7687.0 4.266 3.727
6655.0 3.727 3.827
4981.0 3.827 3.927
4296.0 3.927 4.027
4176.0 4.027 4.127
4176.0 4.127 4.227
4214.0 4.227 4.727
4189.0 4.727 5.227
4308.0 5.227 5.727
4409.0 5.727 6.227
4940.0 6.227 6.727
5900.0 6.727 5.759
7605.0 5.759 4.281
8049.0 4.281 3.877
5660.0 3.877 3.977
4176.0 3.977 4.077
4176.0 4.077 4.177
4340.0 4.177 4.277
4259.0 4.277 4.377
4176.0 4.377 4.877
4215.0 4.877 5.377
4204.0 5.377 5.877
4951.0 5.877 6.377
5923.0 6.377 5.426
7451.0 5.426 4.164
7735.0 4.164 3.878
6175.0 3.878 3.978
4513.0 3.978 4.078
4208.0 4.078 4.178
4205.0 4.178 4.278
4204.0 4.278 4.378
4240.0 4.378 4.878
4224.0 4.878 5.378
4292.0 5.378 5.878
4706.0 5.878 6.378
5594.0 6.378 5.538
7290.0 5.538 4.132
7813.0 4.132 3.698
6609.0 3.698 3.798
4713.0 3.798 3.898
4176.0 3.898 3.998
4176.0 3.998 4.098
4176.0 4.098 4.198
4176.0 4.198 4.698
4176.0 4.698 5.198
4366.0 5.198 5.698
4481.0 5.698 6.198
5189.0 6.198 5.569
6457.0 5.569 4.509
7524.0 4.509 3.729
6895.0 3.729 3.829
4723.0 3.829 3.929
4213.0 3.929 4.029
4176.0 4.029 4.129
4213.0 4.129 4.229
4375.0 4.229 4.729
4279.0 4.729 5.229
4238.0 5.229 5.729
4601.0 5.729 6.229
5593.0 6.229 5.325
7297.0 5.325 3.958
8019.0 3.958 3.431
6623.0 3.431 3.531
4613.0 3.531 3.631
4444.0 3.631 3.731
4219.0 3.731 3.831
4254.0 3.831 3.931
4241.0 3.931 4.431
4184.0 4.431 4.931
4256.0 4.931 5.431
4316.0 5.431 5.931
4483.0 5.931 6.431
5255.0 6.431 5.716
6754.0 5.716 4.437
7685.0 4.437 3.735
6738.0 3.735 3.835
5076.0 3.835 3.935
4176.0 3.935 4.035
4176.0 4.035 4.135
4187.0 4.135 4.235
4176.0 4.235 4.735
4234.0 4.735 5.235
4195.0 5.235 5.735
4315.0 5.735 6.235
4688.0 6.235 6.735
5568.0 6.735 5.859
7110.0 5.859 4.499
7717.0 4.499 3.986
6564.0 3.986 4.086
4388.0 4.086 4.186
4289.0 4.186 4.286
4301.0 4.286 4.386
4238.0 4.386 4.486
4176.0 4.486 4.986
4355.0 4.986 5.486
4425.0 5.486 5.986
4932.0 5.986 6.486
5924.0 6.486 5.527
7310.0 5.527 4.352
7818.0 4.352 3.927
5925.0 3.927 4.027
4428.0 4.027 4.127
4507.0 4.127 4.227
4176.0 4.227 4.327
4176.0 4.327 4.427
4284.0 4.427 4.927
4176.0 4.927 5.427
4239.0 5.427 5.927
4695.0 5.927 6.427
5631.0 6.427 5.533
7461.0 5.533 4.019
7643.0 4.019 3.779
6291.0 3.779 3.879
4626.0 3.879 3.979
4338.0 3.979 4.079
4473.0 4.079 4.179
4304.0 4.179 4.279
4176.0 4.279 4.779
4188.0 4.779 5.279
4229.0 5.279 5.779
4889.0 5.779 6.279
5933.0 6.279 5.288
7440.0 5.288 4.068
7435.0 4.068 3.954
5935.0 3.954 4.054
4483.0 4.054 4.154
4236.0 4.154 4.254
4270.0 4.254 4.354
4274.0 4.354 4.454
4362.0 4.454 4.954
4317.0 4.954 5.454
4526.0 5.454 5.954
5087.0 5.954 5.465
5967.0 5.465 4.735
7599.0 4.735 3.575
7504.0 3.575 3.513
5612.0 3.513 3.613
4248.0 3.613 3.713
4780.0 3.713 3.813
4300.0 3.813 3.913
4176.0 3.913 4.013
4257.0 4.013 4.513
4241.0 4.513 5.013
4183.0 5.013 5.513
5092.0 5.513 4.817
6020.0 4.817 4.115
7072.0 4.115 3.434
7260.0 3.434 3.273
5928.0 3.273 3.373
4329.0 3.373 3.473
4199.0 3.473 3.573
4328.0 3.573 3.673
4402.0 3.673 3.773
4502.0 3.773 4.273
4371.0 4.273 4.773
4382.0 4.773 5.273
5036.0 5.273 4.79
6524.0 4.79 3.737
7872.0 3.737 2.929
7484.0 2.929 3.029
5471.0 3.029 3.129
4258.0 3.129 3.229
4254.0 3.229 3.329
4176.0 3.329 3.429
4290.0 3.429 3.929
4370.0 3.929 4.429
4315.0 4.429 4.929
4422.0 4.929 5.429
4659.0 5.429 5.929
5286.0 5.929 5.383
6646.0 5.383 4.296
7705.0 4.296 3.551
6981.0 3.551 3.651
5304.0 3.651 3.751
4299.0 3.751 3.851
4274.0 3.851 3.951
4255.0 3.951 4.051
4248.0 4.051 4.551
4245.0 4.551 5.051
4222.0 5.051 5.551
4286.0 5.551 6.051
4554.0 6.051 6.551
5606.0 6.551 5.554
7309.0 5.554 4.124
7773.0 4.124 3.724
6637.0 3.724 3.824
5041.0 3.824 3.924
4352.0 3.924 4.024
4310.0 4.024 4.124
4270.0 4.124 4.224
4431.0 4.224 4.724
4277.0 4.724 5.224
4257.0 5.224 5.724
4782.0 5.724 6.224
5686.0 6.224 5.379
7217.0 5.379 4.135
7683.0 4.135 3.746
6487.0 3.746 3.846
4762.0 3.846 3.946
4176.0 3.946 4.046
4176.0 4.046 4.146
4176.0 4.146 4.246
4373.0 4.246 4.746
4300.0 4.746 5.246
4482.0 5.246 5.746
4776.0 5.746 6.246
5700.0 6.246 5.403
7424.0 5.403 4.008
7841.0 4.008 3.645
6469.0 3.645 3.745
4642.0 3.745 3.845
4283.0 3.845 3.945
4343.0 3.945 4.045
4209.0 4.045 4.145
4196.0 4.145 4.645
4252.0 4.645 5.145
4197.0 5.145 5.645
4479.0 5.645 6.145
5367.0 6.145 5.351
6759.0 5.351 4.222
7605.0 4.222 3.611
6745.0 3.611 3.711
5188.0 3.711 3.811
4312.0 3.811 3.911
4349.0 3.911 4.011
4176.0 4.011 4.111
4176.0 4.111 4.611
4176.0 4.611 5.111
4190.0 5.111 5.611
4367.0 5.611 6.111
4808.0 6.111 6.611
6000.0 6.611 5.454
7427.0 5.454 4.245
7578.0 4.245 4.038
6254.0 4.038 4.138
4766.0 4.138 4.238
4317.0 4.238 4.338
4176.0 4.338 4.438
4235.0 4.438 4.538
4242.0 4.538 5.038
4272.0 5.038 5.538
4400.0 5.538 6.038
4719.0 6.038 6.538
5591.0 6.538 5.701
6943.0 5.701 4.531
7602.0 4.531 3.997
6430.0 3.997 4.097
4446.0 4.097 4.197
4230.0 4.197 4.297
4193.0 4.297 4.397
4235.0 4.397 4.497
4363.0 4.497 4.997
4410.0 4.997 5.497
4421.0 5.497 5.997
4685.0 5.997 6.497
5857.0 6.497 5.4
7337.0 5.4 4.167
7665.0 4.167 3.857
6109.0 3.857 3.957
4579.0 3.957 4.057
4508.0 4.057 4.157
4291.0 4.157 4.257
4303.0 4.257 4.357
4410.0 4.357 4.857
4502.0 4.857 5.357
4522.0 5.357 5.857
4918.0 5.857 6.357
6038.0 6.357 5.316
7546.0 5.316 4.085
7413.0 4.085 4.043
6113.0 4.043 4.143
4634.0 4.143 4.243
4272.0 4.243 4.343
4365.0 4.343 4.443
4362.0 4.443 4.543
4295.0 4.543 5.043
4186.0 5.043 5.543
4341.0 5.543 6.043
4473.0 6.043 6.543
5601.0 6.543 5.492
7294.0 5.492 4.08
8004.0 4.08 3.544
6696.0 3.544 3.644
4836.0 3.644 3.744
4180.0 3.744 3.844
4215.0 3.844 3.944
4363.0 3.944 4.044
4350.0 4.044 4.544
4176.0 4.544 5.044
4307.0 5.044 5.544
4585.0 5.544 6.044
5717.0 6.044 5.055
7216.0 5.055 3.891
7681.0 3.891 3.525
6053.0 3.525 3.625
4325.0 3.625 3.725
4258.0 3.725 3.825
4176.0 3.825 3.925
4248.0 3.925 4.025
4258.0 4.025 4.525
4176.0 4.525 5.025
4430.0 5.025 5.525
4603.0 5.525 6.025
5379.0 6.025 5.349
6659.0 5.349 4.316
7584.0 4.316 3.653
6896.0 3.653 3.753
5420.0 3.753 3.853
4252.0 3.853 3.953
4311.0 3.953 4.053
4382.0 4.053 4.153
4365.0 4.153 4.653
4285.0 4.653 5.153
4429.0 5.153 5.653
4589.0 5.653 6.153
5249.0 6.153 5.565
6393.0 5.565 4.607
7539.0 4.607 3.769
6858.0 3.769 3.869
5034.0 3.869 3.969
4250.0 3.969 4.069
4176.0 4.069 4.169
4268.0 4.169 4.269
4225.0 4.269 4.769
4222.0 4.769 5.269
4307.0 5.269 5.769
4538.0 5.769 6.269
5822.0 6.269 5.116
7487.0 5.116 3.806
7884.0 3.806 3.472
6316.0 3.472 3.572
4309.0 3.572 3.672
4275.0 3.672 3.772
4211.0 3.772 3.872
4205.0 3.872 3.972
4189.0 3.972 4.472
4176.0 4.472 4.972
4263.0 4.972 5.472
4546.0 5.472 5.972
4653.0 5.972 6.472
5465.0 6.472 5.72
7004.0 5.72 4.405
7688.0 4.405 3.856
6503.0 3.856 3.956
4721.0 3.956 4.056
4176.0 4.056 4.156
4353.0 4.156 4.256
4422.0 4.256 4.356
4420.0 4.356 4.856
4443.0 4.856 5.356
4419.0 5.356 5.856
4713.0 5.856 6.356
5665.0 6.356 5.477
7168.0 5.477 4.23
7942.0 4.23 3.651
6674.0 3.651 3.751
4940.0 3.751 3.851
4176.0 3.851 3.951
4214.0 3.951 4.051
4176.0 4.051 4.151
4176.0 4.151 4.651
4182.0 4.651 5.151
4440.0 5.151 5.651
4565.0 5.651 6.151
5305.0 6.151 5.497
6617.0 5.497 4.414
7589.0 4.414 3.705
7329.0 3.705 3.805
5181.0 3.805 3.905
4176.0 3.905 4.005
4243.0 4.005 4.105
4241.0 4.105 4.205
4179.0 4.205 4.705
4338.0 4.705 5.205
4425.0 5.205 5.705
4512.0 5.705 6.205
5564.0 6.205 5.28
7159.0 5.28 4.003
7643.0 4.003 3.61
6427.0 3.61 3.71
4786.0 3.71 3.81
4176.0 3.81 3.91
4176.0 3.91 4.01
4223.0 4.01 4.11
4321.0 4.11 4.61
4291.0 4.61 5.11
4420.0 5.11 5.61
4501.0 5.61 6.11
5278.0 6.11 5.435
6386.0 5.435 4.517
7940.0 4.517 3.439
7074.0 3.439 3.539
5418.0 3.539 3.639
4244.0 3.639 3.739
4401.0 3.739 3.839
4261.0 3.839 3.939
4289.0 3.939 4.439
4514.0 4.439 4.939
4361.0 4.939 5.439
4359.0 5.439 5.939
4666.0 5.939 6.439
5362.0 6.439 5.777
7034.0 5.777 4.351
7788.0 4.351 3.757
6315.0 3.757 3.857
4527.0 3.857 3.957
4267.0 3.957 4.057
4315.0 4.057 4.157
4176.0 4.157 4.257
4400.0 4.257 4.757
4281.0 4.757 5.257
4386.0 5.257 5.757
4776.0 5.757 6.257
5628.0 6.257 5.467
7026.0 5.467 4.311
7533.0 4.311 3.891
6249.0 3.891 3.991
4944.0 3.991 4.091
4210.0 4.091 4.191
4220.0 4.191 4.291
4307.0 4.291 4.391
4533.0 4.391 4.891
4372.0 4.891 5.391
4365.0 5.391 5.891
4704.0 5.891 6.391
5604.0 6.391 5.548
7567.0 5.548 3.932
8021.0 3.932 3.539
6569.0 3.539 3.639
4532.0 3.639 3.739
4234.0 3.739 3.839
4323.0 3.839 3.939
4282.0 3.939 4.039
4256.0 4.039 4.539
4253.0 4.539 5.039
4543.0 5.039 5.539
4252.0 5.539 6.039
4717.0 6.039 6.539
5593.0 6.539 5.687
7113.0 5.687 4.384
7752.0 4.384 3.867
6186.0 3.867 3.967
4758.0 3.967 4.067
4257.0 4.067 4.167
4176.0 4.167 4.267
4211.0 4.267 4.367
4298.0 4.367 4.867
4471.0 4.867 5.367
4320.0 5.367 5.867
4722.0 5.867 6.367
5850.0 6.367 5.318
7368.0 5.318 4.078
7912.0 4.078 3.649
6180.0 3.649 3.749
4443.0 3.749 3.849
4299.0 3.849 3.949
4624.0 3.949 4.049
4723.0 4.049 4.149
4605.0 4.149 4.649
4419.0 4.649 5.149
4467.0 5.149 5.649
4702.0 5.649 6.149
5526.0 6.149 5.414
6977.0 5.414 4.233
7913.0 4.233 3.563
6569.0 3.563 3.663
5087.0 3.663 3.763
4353.0 3.763 3.863
4551.0 3.863 3.963
4352.0 3.963 4.063
4310.0 4.063 4.563
4232.0 4.563 5.063
4176.0 5.063 5.563
4632.0 5.563 6.063
5616.0 6.063 5.18
7303.0 5.18 3.863
7889.0 3.863 3.423
6281.0 3.423 3.523
4337.0 3.523 3.623
4176.0 3.623 3.723
4270.0 3.723 3.823
4176.0 3.823 3.923
4273.0 3.923 4.423
4176.0 4.423 4.923
4188.0 4.923 5.423
4644.0 5.423 5.923
4929.0 5.923 6.423
5609.0 6.423 5.773
7266.0 5.773 4.361
7511.0 4.361 4.078
6315.0 4.078 4.178
4667.0 4.178 4.278
4176.0 4.278 4.378
4176.0 4.378 4.478
4276.0 4.478 4.578
4289.0 4.578 5.078
4459.0 5.078 5.578
4419.0 5.578 6.078
4497.0 6.078 6.578
5493.0 6.578 5.652
7137.0 5.652 4.252
7983.0 4.252 3.616
6117.0 3.616 3.716
4485.0 3.716 3.816
4242.0 3.816 3.916
4176.0 3.916 4.016
4192.0 4.016 4.116
4265.0 4.116 4.616
4324.0 4.616 5.116
4280.0 5.116 5.616
4219.0 5.616 6.116
4579.0 6.116 6.616
5523.0 6.616 5.701
7123.0 5.701 4.326
7866.0 4.326 3.745
6417.0 3.745 3.845
4776.0 3.845 3.945
4333.0 3.945 4.045
4251.0 4.045 4.145
4390.0 4.145 4.245
4378.0 4.245 4.745
4176.0 4.745 5.245
4520.0 5.245 5.745
5150.0 5.745 5.206
6242.0 5.206 4.349
7314.0 4.349 3.607
7106.0 3.607 3.707
5382.0 3.707 3.807
4314.0 3.807 3.907
4239.0 3.907 4.007
4231.0 4.007 4.107
4403.0 4.107 4.607
4333.0 4.607 5.107
4395.0 5.107 5.607
4346.0 5.607 6.107
4700.0 6.107 6.607
5804.0 6.607 5.546
7142.0 5.546 4.395
7339.0 4.395 4.16
5955.0 4.16 4.26
4905.0 4.26 4.36
4375.0 4.36 4.46
4583.0 4.46 4.56
4354.0 4.56 4.66
4176.0 4.66 5.16
4260.0 5.16 5.66
4475.0 5.66 6.16
4619.0 6.16 6.66
5519.0 6.66 5.801
7075.0 5.801 4.444
7607.0 4.444 3.983
6418.0 3.983 4.083
4570.0 4.083 4.183
4261.0 4.183 4.283
4395.0 4.283 4.383
4495.0 4.383 4.483
4617.0 4.483 4.983
4539.0 4.983 5.483
4543.0 5.483 5.983
4963.0 5.983 6.483
6287.0 6.483 5.234
7332.0 5.234 4.342
7326.0 4.342 4.253
5846.0 4.253 4.353
4340.0 4.353 4.453
4176.0 4.453 4.553
4182.0 4.553 4.653
4240.0 4.653 4.753
4447.0 4.753 5.253
4204.0 5.253 5.753
4297.0 5.753 6.253
4429.0 6.253 6.753
5745.0 6.753 5.492
6887.0 5.492 4.486
7681.0 4.486 3.885
6498.0 3.885 3.985
4932.0 3.985 4.085
4469.0 4.085 4.185
4518.0 4.185 4.285
4331.0 4.285 4.385
4337.0 4.385 4.885
4263.0 4.885 5.385
4498.0 5.385 5.885
4862.0 5.885 6.385
5674.0 6.385 5.615
7375.0 5.615 4.193
7835.0 4.193 3.79
6667.0 3.79 3.89
4939.0 3.89 3.99
4281.0 3.99 4.09
4248.0 4.09 4.19
4176.0 4.19 4.29
4350.0 4.29 4.79
4176.0 4.79 5.29
4337.0 5.29 5.79
4673.0 5.79 6.29
5981.0 6.29 5.1
7335.0 5.1 4.012
7455.0 4.012 3.838
5755.0 3.838 3.938
4192.0 3.938 4.038
4209.0 4.038 4.138
4217.0 4.138 4.238
4265.0 4.238 4.338
4248.0 4.338 4.838
4329.0 4.838 5.338
4333.0 5.338 5.838
4795.0 5.838 6.338
5727.0 6.338 5.46
7467.0 5.46 4.035
8048.0 4.035 3.575
6480.0 3.575 3.675
4602.0 3.675 3.775
4220.0 3.775 3.875
4255.0 3.875 3.975
4208.0 3.975 4.075
4218.0 4.075 4.575
4211.0 4.575 5.075
4268.0 5.075 5.575
4562.0 5.575 6.075
5390.0 6.075 5.339
6466.0 5.339 4.454
7712.0 4.454 3.585
6548.0 3.585 3.685
4940.0 3.685 3.785
4238.0 3.785 3.885
4281.0 3.885 3.985
4308.0 3.985 4.085
4334.0 4.085 4.585
4353.0 4.585 5.085
4219.0 5.085 5.585
4543.0 5.585 6.085
5551.0 6.085 5.193
7055.0 5.193 4.005
7577.0 4.005 3.597
6869.0 3.597 3.697
5201.0 3.697 3.797
4289.0 3.797 3.897
4212.0 3.897 3.997
4309.0 3.997 4.097
4413.0 4.097 4.597
4176.0 4.597 5.097
4212.0 5.097 5.597
4435.0 5.597 6.097
4864.0 6.097 6.597
6044.0 6.597 5.455
7456.0 5.455 4.258
7612.0 4.258 4.049
6064.0 4.049 4.149
4510.0 4.149 4.249
4299.0 4.249 4.349
4176.0 4.349 4.449
4248.0 4.449 4.549
4353.0 4.549 5.049
4361.0 5.049 5.549
4612.0 5.549 6.049
4992.0 6.049 6.549
6044.0 6.549 5.537
7574.0 5.537 4.244
7593.0 4.244 4.109
6185.0 4.109 4.209
4261.0 4.209 4.309
4325.0 4.309 4.409
4236.0 4.409 4.509
4307.0 4.509 4.609
4266.0 4.609 5.109
4274.0 5.109 5.609
4340.0 5.609 6.109
4526.0 6.109 6.609
5634.0 6.609 5.561
7224.0 5.561 4.213
7861.0 4.213 3.71
6645.0 3.71 3.81
4854.0 3.81 3.91
4229.0 3.91 4.01
4455.0 4.01 4.11
4431.0 4.11 4.21
4317.0 4.21 4.71
4368.0 4.71 5.21
4297.0 5.21 5.71
4558.0 5.71 6.21
5362.0 6.21 5.483
6810.0 5.483 4.292
7762.0 4.292 3.603
6946.0 3.603 3.703
5374.0 3.703 3.803
4195.0 3.803 3.903
4176.0 3.903 4.003
4176.0 4.003 4.103
4271.0 4.103 4.603
4317.0 4.603 5.103
4293.0 5.103 5.603
4176.0 5.603 6.103
4527.0 6.103 6.603
5207.0 6.603 5.936
6876.0 5.936 4.474
8077.0 4.474 3.584
7121.0 3.584 3.684
4833.0 3.684 3.784
4176.0 3.784 3.884
4176.0 3.884 3.984
4176.0 3.984 4.084
4333.0 4.084 4.584
4296.0 4.584 5.084
4208.0 5.084 5.584
4296.0 5.584 6.084
4884.0 6.084 6.584
5884.0 6.584 5.593
7449.0 5.593 4.262
7627.0 4.262 4.03
6255.0 4.03 4.13
4419.0 4.13 4.23
4176.0 4.23 4.33
4383.0 4.33 4.43
4176.0 4.43 4.53
4231.0 4.53 5.03
4259.0 5.03 5.53
4285.0 5.53 6.03
4502.0 6.03 6.53
5198.0 6.53 5.868
6881.0 5.868 4.411
7750.0 4.411 3.738
6659.0 3.738 3.838
5087.0 3.838 3.938
4257.0 3.938 4.038
4229.0 4.038 4.138
4176.0 4.138 4.238
4395.0 4.238 4.738
4358.0 4.738 5.238
4244.0 5.238 5.738
4626.0 5.738 6.238
5290.0 6.238 5.618
6426.0 5.618 4.654
7647.0 4.654 3.759
6972.0 3.759 3.859
4788.0 3.859 3.959
4250.0 3.959 4.059
4176.0 4.059 4.159
4225.0 4.159 4.259
4311.0 4.259 4.759
4234.0 4.759 5.259
4310.0 5.259 5.759
4374.0 5.759 6.259
5016.0 6.259 5.689
6088.0 5.689 4.77
7567.0 4.77 3.686
7196.0 3.686 3.786
5256.0 3.786 3.886
4251.0 3.886 3.986
4255.0 3.986 4.086
4295.0 4.086 4.186
4176.0 4.186 4.686
4274.0 4.686 5.186
4600.0 5.186 5.686
4702.0 5.686 6.186
4978.0 6.186 6.686
6322.0 6.686 5.394
7816.0 5.394 4.135
7546.0 4.135 4.235
5678.0 4.235 4.335
4248.0 4.335 4.435
4277.0 4.435 4.535
4377.0 4.535 4.635
4361.0 4.635 5.135
4351.0 5.135 5.635
4320.0 5.635 6.135
4387.0 6.135 6.635
4679.0 6.635 7.135
5551.0 7.135 6.227
6939.0 6.227 4.918
7791.0 4.918 4.202
6682.0 4.202 4.302
4606.0 4.302 4.402
4176.0 4.402 4.502
4176.0 4.502 4.602
4263.0 4.602 4.702
4465.0 4.702 5.202
4563.0 5.202 5.702
4237.0 5.702 6.202
4541.0 6.202 6.702
5393.0 6.702 5.871
6821.0 5.871 4.607
7863.0 4.607 3.811
7014.0 3.811 3.911
5034.0 3.911 4.011
4300.0 4.011 4.111
4225.0 4.111 4.211
4176.0 4.211 4.311
4176.0 4.311 4.811
4176.0 4.811 5.311
4266.0 5.311 5.811
4536.0 5.811 6.311
5444.0 6.311 5.477
7238.0 5.477 4.011
7844.0 4.011 3.537
6476.0 3.537 3.637
4688.0 3.637 3.737
4359.0 3.737 3.837
4176.0 3.837 3.937
4176.0 3.937 4.037
4212.0 4.037 4.537
4387.0 4.537 5.037
4338.0 5.037 5.537
4182.0 5.537 6.037
4731.0 6.037 6.537
5855.0 6.537 5.448
7375.0 5.448 4.175
7689.0 4.175 3.869
6401.0 3.869 3.969
4808.0 3.969 4.069
4373.0 4.069 4.169
4176.0 4.169 4.269
4307.0 4.269 4.369
4451.0 4.369 4.869
4434.0 4.869 5.369
4480.0 5.369 5.869
4801.0 5.869 6.369
5765.0 6.369 5.473
7535.0 5.473 4.021
7884.0 4.021 3.691
6284.0 3.691 3.791
4460.0 3.791 3.891
4362.0 3.891 3.991
4490.0 3.991 4.091
4346.0 4.091 4.191
4333.0 4.191 4.691
4212.0 4.691 5.191
4406.0 5.191 5.691
5153.0 5.691 5.078
6357.0 5.078 4.154
7517.0 4.154 3.385
7113.0 3.385 3.485
5676.0 3.485 3.585
4246.0 3.585 3.685
4176.0 3.685 3.785
4318.0 3.785 3.885
4240.0 3.885 4.385
4187.0 4.385 4.885
4243.0 4.885 5.385
4235.0 5.385 5.885
4383.0 5.885 6.385
5027.0 6.385 5.793
6371.0 5.793 4.635
7649.0 4.635 3.69
7359.0 3.69 3.79
5259.0 3.79 3.89
4241.0 3.89 3.99
4258.0 3.99 4.09
4432.0 4.09 4.19
4402.0 4.19 4.69
4385.0 4.69 5.19
4411.0 5.19 5.69
4318.0 5.69 6.19
4990.0 6.19 6.69
6086.0 6.69 5.586
7420.0 5.586 4.428
7672.0 4.428 4.157
5865.0 4.157 4.257
4389.0 4.257 4.357
4311.0 4.357 4.457
4296.0 4.457 4.557
4436.0 4.557 4.657
4250.0 4.657 5.157
4298.0 5.157 5.657
4503.0 5.657 6.157
4915.0 6.157 6.657
6063.0 6.657 5.536
7698.0 5.536 4.152
7614.0 4.152 4.071
6198.0 4.071 4.171
4512.0 4.171 4.271
4251.0 4.271 4.371
4176.0 4.371 4.471
4247.0 4.471 4.571
4245.0 4.571 5.071
4176.0 5.071 5.571
4296.0 5.571 6.071
4582.0 6.071 6.571
5570.0 6.571 5.628
6957.0 5.628 4.434
7684.0 4.434 3.865
6559.0 3.865 3.965
4371.0 3.965 4.065
4360.0 4.065 4.165
4351.0 4.165 4.265
4263.0 4.265 4.365
4314.0 4.365 4.865
4459.0 4.865 5.365
4579.0 5.365 5.865
5233.0 5.865 5.314
6361.0 5.314 4.412
7236.0 4.412 3.778
7056.0 3.778 3.878
5256.0 3.878 3.978
4306.0 3.978 4.078
4228.0 4.078 4.178
4176.0 4.178 4.278
4176.0 4.278 4.778
4176.0 4.778 5.278
4426.0 5.278 5.778
4666.0 5.778 6.278
5706.0 6.278 5.334
7465.0 5.334 3.92
8118.0 3.92 3.432
6558.0 3.432 3.532
4467.0 3.532 3.632
4176.0 3.632 3.732
4176.0 3.732 3.832
4237.0 3.832 3.932
4340.0 3.932 4.432
4224.0 4.432 4.932
4242.0 4.932 5.432
4231.0 5.432 5.932
4708.0 5.932 6.432
5732.0 6.432 5.456
7399.0 5.456 4.08
7891.0 4.08 3.67
6499.0 3.67 3.77
4804.0 3.77 3.87
4176.0 3.87 3.97
4176.0 3.97 4.07
4176.0 4.07 4.17
4176.0 4.17 4.67
4259.0 4.67 5.17
4382.0 5.17 5.67
4586.0 5.67 6.17
5350.0 6.17 5.486
6510.0 5.486 4.519
7467.0 4.519 3.814
6963.0 3.814 3.914
5079.0 3.914 4.014
4377.0 4.014 4.114
4231.0 4.114 4.214
4374.0 4.214 4.314
4176.0 4.314 4.814
4346.0 4.814 5.314
4515.0 5.314 5.814
4788.0 5.814 6.314
5948.0 6.314 5.256
7411.0 5.256 4.069
7944.0 4.069 3.651
6444.0 3.651 3.751
4629.0 3.751 3.851
4398.0 3.851 3.951
4276.0 3.951 4.051
4420.0 4.051 4.151
4433.0 4.151 4.651
4391.0 4.651 5.151
4403.0 5.151 5.651
5195.0 5.651 5.024
6359.0 5.024 4.135
7363.0 4.135 3.463
7343.0 3.463 3.402
5231.0 3.402 3.502
4231.0 3.502 3.602
4248.0 3.602 3.702
4180.0 3.702 3.802
4297.0 3.802 3.902
4649.0 3.902 4.402
4239.0 4.402 4.902
4590.0 4.902 5.402
5049.0 5.402 5.026
6105.0 5.026 4.239
7449.0 4.239 3.359
7293.0 3.359 3.345
5880.0 3.345 3.445
4269.0 3.445 3.545
4211.0 3.545 3.645
4263.0 3.645 3.745
4225.0 3.745 3.845
4548.0 3.845 4.345
4231.0 4.345 4.845
4500.0 4.845 5.345
4983.0 5.345 5.845
5971.0 5.845 4.984
7566.0 4.984 3.779
7575.0 3.779 3.66
5859.0 3.66 3.76
4421.0 3.76 3.86
4185.0 3.86 3.96
4176.0 3.96 4.06
4203.0 4.06 4.16
4201.0 4.16 4.66
4504.0 4.66 5.16
4765.0 5.16 5.66
4978.0 5.66 6.16
5730.0 6.16 5.485
7107.0 5.485 4.352
7555.0 4.352 3.967
6679.0 3.967 4.067
4631.0 4.067 4.167
4305.0 4.167 4.267
4221.0 4.267 4.367
4218.0 4.367 4.467
4181.0 4.467 4.967
4301.0 4.967 5.467
4251.0 5.467 5.967
4656.0 5.967 6.467
5800.0 6.467 5.386
7334.0 5.386 4.117
7726.0 4.117 3.769
6238.0 3.769 3.869
4723.0 3.869 3.969
4467.0 3.969 4.069
4199.0 4.069 4.169
4176.0 4.169 4.269
4176.0 4.269 4.769
4498.0 4.769 5.269
4451.0 5.269 5.769
4766.0 5.769 6.269
6050.0 6.269 5.108
7379.0 5.108 4.039
7346.0 4.039 3.952
5786.0 3.952 4.052
4237.0 4.052 4.152
4361.0 4.152 4.252
4235.0 4.252 4.352
4176.0 4.352 4.452
4329.0 4.452 4.952
4343.0 4.952 5.452
4395.0 5.452 5.952
4872.0 5.952 6.452
6252.0 6.452 5.151
7435.0 5.151 4.168
7635.0 4.168 3.952
5999.0 3.952 4.052
4460.0 4.052 4.152
4216.0 4.152 4.252
4176.0 4.252 4.352
4351.0 4.352 4.452
4294.0 4.452 4.952
4670.0 4.952 5.452
4595.0 5.452 5.952
5072.0 5.952 5.557
6200.0 5.557 4.634
7504.0 4.634 3.692
7209.0 3.692 3.792
5113.0 3.792 3.892
4244.0 3.892 3.992
4363.0 3.992 4.092
4176.0 4.092 4.192
4176.0 4.192 4.692
4266.0 4.692 5.192
4256.0 5.192 5.692
4667.0 5.692 6.192
5703.0 6.192 5.249
7451.0 5.249 3.865
7722.0 3.865 3.591
6454.0 3.591 3.691
4690.0 3.691 3.791
4326.0 3.791 3.891
4318.0 3.891 3.991
4220.0 3.991 4.091
4271.0 4.091 4.591
4208.0 4.591 5.091
4401.0 5.091 5.591
4734.0 5.591 6.091
5410.0 6.091 5.476
6582.0 5.476 4.509
7524.0 4.509 3.814
6307.0 3.814 3.914
5041.0 3.914 4.014
4176.0 4.014 4.114
4176.0 4.114 4.214
4330.0 4.214 4.314
4446.0 4.314 4.814
4279.0 4.814 5.314
4398.0 5.314 5.814
4526.0 5.814 6.314
5438.0 6.314 5.493
6985.0 5.493 4.214
7779.0 4.214 3.623
6903.0 3.623 3.723
5286.0 3.723 3.823
4353.0 3.823 3.923
4378.0 3.923 4.023
4246.0 4.023 4.123
4176.0 4.123 4.623
4435.0 4.623 5.123
4306.0 5.123 5.623
4567.0 5.623 6.123
5447.0 6.123 5.342
6567.0 5.342 4.419
7818.0 4.419 3.55
6747.0 3.55 3.65
4902.0 3.65 3.75
4232.0 3.75 3.85
4206.0 3.85 3.95
4249.0 3.95 4.05
4197.0 4.05 4.55
4251.0 4.55 5.05
4372.0 5.05 5.55
4301.0 5.55 6.05
4523.0 6.05 6.55
5743.0 6.55 5.406
7278.0 5.406 4.127
7784.0 4.127 3.712
6484.0 3.712 3.812
4783.0 3.812 3.912
4255.0 3.912 4.012
4364.0 4.012 4.112
4176.0 4.112 4.212
4176.0 4.212 4.712
4244.0 4.712 5.212
4224.0 5.212 5.712
4346.0 5.712 6.212
5036.0 6.212 5.599
6404.0 5.599 4.458
7684.0 4.458 3.545
7029.0 3.545 3.645
5259.0 3.645 3.745
4234.0 3.745 3.845
4375.0 3.845 3.945
4176.0 3.945 4.045
4176.0 4.045 4.545
4176.0 4.545 5.045
4303.0 5.045 5.545
4353.0 5.545 6.045
4659.0 6.045 6.545
5539.0 6.545 5.703
6901.0 5.703 4.524
7728.0 4.524 3.883
6541.0 3.883 3.983
4309.0 3.983 4.083
4274.0 4.083 4.183
4375.0 4.183 4.283
4417.0 4.283 4.383
4314.0 4.383 4.883
4264.0 4.883 5.383
4294.0 5.383 5.883
4627.0 5.883 6.383
5771.0 6.383 5.323
7304.0 5.323 4.07
7601.0 4.07 3.781
6021.0 3.781 3.881
4527.0 3.881 3.981
4262.0 3.981 4.081
4234.0 4.081 4.181
4331.0 4.181 4.281
4280.0 4.281 4.781
4320.0 4.781 5.281
4432.0 5.281 5.781
4759.0 5.781 6.281
6139.0 6.281 5.03
7567.0 5.03 3.899
7404.0 3.899 3.879
5460.0 3.879 3.979
4386.0 3.979 4.079
4457.0 4.079 4.179
4232.0 4.179 4.279
4267.0 4.279 4.379
4244.0 4.379 4.879
4381.0 4.879 5.379
4532.0 5.379 5.879
5282.0 5.879 5.244
6338.0 5.244 4.398
7710.0 4.398 3.465
7098.0 3.465 3.565
5664.0 3.565 3.665
4210.0 3.665 3.765
4176.0 3.765 3.865
4214.0 3.865 3.965
4460.0 3.965 4.465
4220.0 4.465 4.965
4246.0 4.965 5.465
4536.0 5.465 5.965
4689.0 5.965 6.465
5325.0 6.465 5.868
7195.0 5.868 4.264
7969.0 4.264 3.656
6044.0 3.656 3.756
4406.0 3.756 3.856
4176.0 3.856 3.956
4176.0 3.956 4.056
4262.0 4.056 4.156
4255.0 4.156 4.656
4176.0 4.656 5.156
4176.0 5.156 5.656
4423.0 5.656 6.156
4816.0 6.156 6.656
5880.0 6.656 5.615
7263.0 5.615 4.418
7555.0 4.418 4.12
6291.0 4.12 4.22
4475.0 4.22 4.32
4176.0 4.32 4.42
4372.0 4.42 4.52
4176.0 4.52 4.62
4347.0 4.62 5.12
4405.0 5.12 5.62
4311.0 5.62 6.12
4674.0 6.12 6.62
5706.0 6.62 5.623
7138.0 5.623 4.39
7608.0 4.39 3.98
6632.0 3.98 4.08
4780.0 4.08 4.18
4579.0 4.18 4.28
4385.0 4.28 4.38
4176.0 4.38 4.48
4312.0 4.48 4.98
4281.0 4.98 5.48
4482.0 5.48 5.98
4815.0 5.98 6.48
5719.0 6.48 5.62
7268.0 5.62 4.308
7733.0 4.308 3.902
6273.0 3.902 4.002
4398.0 4.002 4.102
4356.0 4.102 4.202
4295.0 4.202 4.302
4385.0 4.302 4.402
4383.0 4.402 4.902
4290.0 4.902 5.402
4397.0 5.402 5.902
4508.0 5.902 6.402
5252.0 6.402 5.721
6360.0 5.721 4.757
7380.0 4.757 3.978
6989.0 3.978 4.078
5385.0 4.078 4.178
4220.0 4.178 4.278
4358.0 4.278 4.378
4176.0 4.378 4.478
4176.0 4.478 4.978
4414.0 4.978 5.478
4329.0 5.478 5.978
4534.0 5.978 6.478
5266.0 6.478 5.792
6642.0 5.792 4.599
7584.0 4.599 3.874
6216.0 3.874 3.974
4548.0 3.974 4.074
4217.0 4.074 4.174
4176.0 4.174 4.274
4176.0 4.274 4.374
4249.0 4.374 4.874
4269.0 4.874 5.374
4322.0 5.374 5.874
4391.0 5.874 6.374
4401.0 6.374 6.874
4924.0 6.874 7.374
5756.0 7.374 6.448
6950.0 6.448 5.269
6818.0 5.269 5.245
5607.0 5.245 5.345
4375.0 5.345 5.445
4176.0 5.445 5.545
4258.0 5.545 5.645
4176.0 5.645 5.745
4257.0 5.745 6.245
4311.0 6.245 6.745
4335.0 6.745 7.245
4447.0 7.245 7.745
4319.0 7.745 8.245
4435.0 8.245 8.745
4293.0 8.745 9.245
