5688.0 1.0 1.1
5688.0 1.1 1.2
5688.0 1.2 1.3
5688.0 1.3 1.4
5688.0 1.4 1.5
5688.0 1.5 2.0
4280.0 2.0 2.5
4176.0 2.5 3.0
5603.0 3.0 2.415
4882.0 2.415 2.515
4306.0 2.515 2.615
4910.0 2.615 2.715
4176.0 2.715 2.815
5010.0 2.815 2.52
5982.0 2.52 2.144
7174.0 2.144 1.746
7022.0 1.746 1.743
5494.0 1.743 1.843
4787.0 1.843 1.943
4176.0 1.943 2.043
4635.0 2.043 2.143
4441.0 2.143 2.243
4789.0 2.243 2.743
6495.0 2.743 2.072
7251.0 2.072 1.789
6153.0 1.789 1.889
4607.0 1.889 1.989
4253.0 1.989 2.089
4354.0 2.089 2.189
4176.0 2.189 2.289
4617.0 2.289 2.789
5721.0 2.789 2.338
7141.0 2.338 1.826
7809.0 1.826 1.605
6619.0 1.605 1.705
4212.0 1.705 1.805
4248.0 1.805 1.905
4327.0 1.905 2.005
4250.0 2.005 2.105
4291.0 2.105 2.605
4468.0 2.605 3.105
4870.0 3.105 3.605
5898.0 3.605 3.059
7437.0 3.059 2.342
7554.0 2.342 2.235
5388.0 2.235 2.335
4258.0 2.335 2.435
4241.0 2.435 2.535
4203.0 2.535 2.635
4176.0 2.635 2.735
4462.0 2.735 3.235
4540.0 3.235 3.735
5114.0 3.735 3.428
6479.0 3.428 2.737
7571.0 2.737 2.25
6965.0 2.25 2.35
5421.0 2.35 2.45
4299.0 2.45 2.55
4326.0 2.55 2.65
4519.0 2.65 2.75
4219.0 2.75 3.25
4203.0 3.25 3.75
4445.0 3.75 4.25
4813.0 4.25 4.75
5992.0 4.75 3.933
7364.0 3.933 3.093
7340.0 3.093 3.021
5615.0 3.021 3.121
4328.0 3.121 3.221
4302.0 3.221 3.321
4307.0 3.321 3.421
4301.0 3.421 3.521
4422.0 3.521 4.021
4251.0 4.021 4.521
4566.0 4.521 5.021
5430.0 5.021 4.387
6934.0 4.387 3.394
7550.0 3.394 3.006
6502.0 3.006 3.106
4540.0 3.106 3.206
4355.0 3.206 3.306
4344.0 3.306 3.406
4329.0 3.406 3.506
4515.0 3.506 4.006
4176.0 4.006 4.506
4671.0 4.506 5.006
4425.0 5.006 5.506
5244.0 5.506 4.893
6500.0 4.893 3.964
7660.0 3.964 3.226
6864.0 3.226 3.326
5394.0 3.326 3.426
4271.0 3.426 3.526
4385.0 3.526 3.626
4324.0 3.626 3.726
4297.0 3.726 4.226
4441.0 4.226 4.726
4634.0 4.726 5.226
4631.0 5.226 5.726
5075.0 5.726 5.368
6147.0 5.368 4.52
7247.0 4.52 3.735
7419.0 3.735 3.564
5851.0 3.564 3.664
4343.0 3.664 3.764
4299.0 3.764 3.864
4176.0 3.864 3.964
4363.0 3.964 4.064
4314.0 4.064 4.564
4606.0 4.564 5.064
4622.0 5.064 5.564
4910.0 5.564 6.064
6146.0 6.064 4.983
7329.0 4.983 4.047
7422.0 4.047 3.899
5962.0 3.899 3.999
4336.0 3.999 4.099
4176.0 4.099 4.199
4388.0 4.199 4.299
4262.0 4.299 4.399
4409.0 4.399 4.899
4251.0 4.899 5.399
4623.0 5.399 5.899
5139.0 5.899 5.437
6635.0 5.437 4.245
7606.0 4.245 3.551
7038.0 3.551 3.651
5448.0 3.651 3.751
4279.0 3.751 3.851
4323.0 3.851 3.951
4190.0 3.951 4.051
4176.0 4.051 4.551
4176.0 4.551 5.051
4255.0 5.051 5.551
4537.0 5.551 6.051
4762.0 6.051 6.551
5730.0 6.551 5.633
7097.0 5.633 4.457
7834.0 4.457 3.88
6507.0 3.88 3.98
4848.0 3.98 4.08
4230.0 4.08 4.18
4334.0 4.18 4.28
4201.0 4.28 4.38
4191.0 4.38 4.88
4176.0 4.88 5.38
4285.0 5.38 5.88
4716.0 5.88 6.38
5776.0 6.38 5.384
7388.0 5.384 4.064
7859.0 4.064 3.671
6519.0 3.671 3.771
4656.0 3.771 3.871
4256.0 3.871 3.971
4264.0 3.971 4.071
4176.0 4.071 4.171
4176.0 4.171 4.671
4267.0 4.671 5.171
4321.0 5.171 5.671
4546.0 5.671 6.171
5730.0 6.171 5.123
7038.0 5.123 4.076
7450.0 4.076 3.737
5798.0 3.737 3.837
4310.0 3.837 3.937
4223.0 3.937 4.037
4431.0 4.037 4.137
4206.0 4.137 4.237
4389.0 4.237 4.737
4338.0 4.737 5.237
4176.0 5.237 5.737
4713.0 5.737 6.237
5629.0 6.237 5.381
7511.0 5.381 3.871
7725.0 3.871 3.619
6221.0 3.619 3.719
4595.0 3.719 3.819
4314.0 3.819 3.919
4230.0 3.919 4.019
4176.0 4.019 4.119
4283.0 4.119 4.619
4176.0 4.619 5.119
4227.0 5.119 5.619
4653.0 5.619 6.119
5193.0 6.119 5.61
6309.0 5.61 4.675
7688.0 4.675 3.675
7310.0 3.675 3.775
5006.0 3.775 3.875
4176.0 3.875 3.975
4259.0 3.975 4.075
4291.0 4.075 4.175
4205.0 4.175 4.675
4186.0 4.675 5.175
4307.0 5.175 5.675
4745.0 5.675 6.175
5597.0 6.175 5.39
7073.0 5.39 4.19
7722.0 4.19 3.693
6714.0 3.693 3.793
4809.0 3.793 3.893
4223.0 3.893 3.993
4244.0 3.993 4.093
4324.0 4.093 4.193
4334.0 4.193 4.693
4233.0 4.693 5.193
4516.0 5.193 5.693
4678.0 5.693 6.193
5718.0 6.193 5.27
7466.0 5.27 3.882
8108.0 3.882 3.406
6376.0 3.406 3.506
4312.0 3.506 3.606
4225.0 3.606 3.706
4266.0 3.706 3.806
4212.0 3.806 3.906
4283.0 3.906 4.406
4316.0 4.406 4.906
4268.0 4.906 5.406
4300.0 5.406 5.906
4738.0 5.906 6.406
5486.0 6.406 5.685
7128.0 5.685 4.298
7767.0 4.298 3.783
6627.0 3.783 3.883
5052.0 3.883 3.983
4309.0 3.983 4.083
4229.0 4.083 4.183
4193.0 4.183 4.283
4365.0 4.283 4.783
4397.0 4.783 5.283
4354.0 5.283 5.783
4429.0 5.783 6.283
5393.0 6.283 5.427
6989.0 5.427 4.122
7945.0 4.122 3.447
6805.0 3.447 3.547
4660.0 3.547 3.647
4184.0 3.647 3.747
4176.0 3.747 3.847
4313.0 3.847 3.947
4176.0 3.947 4.447
4331.0 4.447 4.947
4466.0 4.947 5.447
4352.0 5.447 5.947
4521.0 5.947 6.447
5225.0 6.447 5.793
6453.0 5.793 4.724
7563.0 4.724 3.881
7023.0 3.881 3.981
5039.0 3.981 4.081
4218.0 4.081 4.181
4273.0 4.181 4.281
4342.0 4.281 4.381
4249.0 4.381 4.881
4176.0 4.881 5.381
4312.0 5.381 5.881
4729.0 5.881 6.381
5873.0 6.381 5.311
7406.0 5.311 4.06
7688.0 4.06 3.78
6420.0 3.78 3.88
4755.0 3.88 3.98
4176.0 3.98 4.08
4326.0 4.08 4.18
4368.0 4.18 4.28
4239.0 4.28 4.78
4261.0 4.78 5.28
4307.0 5.28 5.78
4507.0 5.78 6.28
5467.0 6.28 5.413
6974.0 5.413 4.178
7658.0 4.178 3.658
6710.0 3.658 3.758
4907.0 3.758 3.858
4176.0 3.858 3.958
4176.0 3.958 4.058
4233.0 4.058 4.158
4314.0 4.158 4.658
4250.0 4.658 5.158
4282.0 5.158 5.658
4563.0 5.658 6.158
5147.0 6.158 5.624
6383.0 5.624 4.59
7609.0 4.59 3.697
7145.0 3.697 3.797
4977.0 3.797 3.897
4231.0 3.897 3.997
4358.0 3.997 4.097
4176.0 4.097 4.197
4176.0 4.197 4.697
4297.0 4.697 5.197
4220.0 5.197 5.697
4469.0 5.697 6.197
5429.0 6.197 5.338
6781.0 5.338 4.235
7943.0 4.235 3.437
6855.0 3.437 3.537
5109.0 3.537 3.637
4249.0 3.637 3.737
4446.0 3.737 3.837
4403.0 3.837 3.937
4243.0 3.937 4.437
4258.0 4.437 4.937
4176.0 4.937 5.437
4266.0 5.437 5.937
4479.0 5.937 6.437
5339.0 6.437 5.637
7011.0 5.637 4.23
7753.0 4.23 3.658
6569.0 3.658 3.758
4850.0 3.758 3.858
4299.0 3.858 3.958
4246.0 3.958 4.058
4317.0 4.058 4.158
4176.0 4.158 4.658
4220.0 4.658 5.158
4417.0 5.158 5.658
4543.0 5.658 6.158
5207.0 6.158 5.569
6443.0 5.569 4.539
7515.0 4.539 3.753
6946.0 3.753 3.853
4830.0 3.853 3.953
4176.0 3.953 4.053
4226.0 4.053 4.153
4176.0 4.153 4.253
4176.0 4.253 4.753
4203.0 4.753 5.253
4298.0 5.253 5.753
4598.0 5.753 6.253
5698.0 6.253 5.256
7427.0 5.256 3.879
7876.0 3.879 3.508
6392.0 3.508 3.608
4628.0 3.608 3.708
4176.0 3.708 3.808
4176.0 3.808 3.908
4494.0 3.908 4.008
4485.0 4.008 4.508
4368.0 4.508 5.008
4563.0 5.008 5.508
4680.0 5.508 6.008
5436.0 6.008 5.357
6364.0 5.357 4.589
7388.0 4.589 3.849
6252.0 3.849 3.949
4875.0 3.949 4.049
4290.0 4.049 4.149
4211.0 4.149 4.249
4473.0 4.249 4.349
4176.0 4.349 4.849
4320.0 4.849 5.349
4433.0 5.349 5.849
4820.0 5.849 6.349
5932.0 6.349 5.316
7598.0 5.316 3.968
7969.0 3.968 3.636
6425.0 3.636 3.736
4580.0 3.736 3.836
4186.0 3.836 3.936
4315.0 3.936 4.036
4372.0 4.036 4.136
4176.0 4.136 4.636
4355.0 4.636 5.136
4223.0 5.136 5.636
4667.0 5.636 6.136
5647.0 6.136 5.248
7335.0 5.248 3.913
7522.0 3.913 3.686
5942.0 3.686 3.786
4442.0 3.786 3.886
4251.0 3.886 3.986
4263.0 3.986 4.086
4267.0 4.086 4.186
4198.0 4.186 4.686
4308.0 4.686 5.186
4183.0 5.186 5.686
4967.0 5.686 6.186
5747.0 6.186 5.427
7154.0 5.427 4.275
7690.0 4.275 3.841
6590.0 3.841 3.941
5033.0 3.941 4.041
4374.0 4.041 4.141
4353.0 4.141 4.241
4238.0 4.241 4.341
4399.0 4.341 4.841
4407.0 4.841 5.341
4432.0 5.341 5.841
4645.0 5.841 6.341
5581.0 6.341 5.486
7153.0 5.486 4.186
7685.0 4.186 3.75
6417.0 3.75 3.85
4953.0 3.85 3.95
4176.0 3.95 4.05
4197.0 4.05 4.15
4239.0 4.15 4.25
4364.0 4.25 4.75
4316.0 4.75 5.25
4542.0 5.25 5.75
4755.0 5.75 6.25
5767.0 6.25 5.338
7412.0 5.338 4.012
8070.0 4.012 3.517
6622.0 3.517 3.617
4795.0 3.617 3.717
4280.0 3.717 3.817
4526.0 3.817 3.917
4176.0 3.917 4.017
4259.0 4.017 4.517
4399.0 4.517 5.017
4319.0 5.017 5.517
4415.0 5.517 6.017
5114.0 6.017 5.419
6558.0 5.419 4.256
7840.0 4.256 3.378
7296.0 3.378 3.478
5256.0 3.478 3.578
4260.0 3.578 3.678
4263.0 3.678 3.778
4394.0 3.778 3.878
4176.0 3.878 4.378
4319.0 4.378 4.878
4297.0 4.878 5.378
4293.0 5.378 5.878
4501.0 5.878 6.378
5389.0 6.378 5.562
7001.0 5.562 4.218
7811.0 4.218 3.612
6859.0 3.612 3.712
5137.0 3.712 3.812
4346.0 3.812 3.912
4296.0 3.912 4.012
4176.0 4.012 4.112
4192.0 4.112 4.612
4176.0 4.612 5.112
4202.0 5.112 5.612
4405.0 5.612 6.112
4868.0 6.112 6.612
5640.0 6.612 5.841
7067.0 5.841 4.589
7481.0 4.589 4.2
6429.0 4.2 4.3
4769.0 4.3 4.4
4259.0 4.4 4.5
4256.0 4.5 4.6
4567.0 4.6 4.7
4466.0 4.7 5.2
4370.0 5.2 5.7
4416.0 5.7 6.2
4606.0 6.2 6.7
5458.0 6.7 5.878
6886.0 5.878 4.613
7513.0 4.613 4.084
6590.0 4.084 4.184
4870.0 4.184 4.284
4176.0 4.284 4.384
4216.0 4.384 4.484
4326.0 4.484 4.584
4563.0 4.584 5.084
4402.0 5.084 5.584
4186.0 5.584 6.084
4522.0 6.084 6.584
5522.0 6.584 5.627
6835.0 5.627 4.49
7562.0 4.49 3.92
6557.0 3.92 4.02
4573.0 4.02 4.12
4193.0 4.12 4.22
4361.0 4.22 4.32
4355.0 4.32 4.42
4176.0 4.42 4.92
4214.0 4.92 5.42
4310.0 5.42 5.92
4760.0 5.92 6.42
6024.0 6.42 5.232
7513.0 5.232 4.02
7675.0 4.02 3.813
6159.0 3.813 3.913
4302.0 3.913 4.013
4176.0 4.013 4.113
4176.0 4.113 4.213
4411.0 4.213 4.313
4389.0 4.313 4.813
4325.0 4.813 5.313
4401.0 5.313 5.813
4576.0 5.813 6.313
5232.0 6.313 5.713
6600.0 5.713 4.551
7526.0 4.551 3.845
6898.0 3.845 3.945
4914.0 3.945 4.045
4176.0 4.045 4.145
4216.0 4.145 4.245
4385.0 4.245 4.345
4578.0 4.345 4.845
4408.0 4.845 5.345
4461.0 5.345 5.845
4929.0 5.845 6.345
5953.0 6.345 5.383
7194.0 5.383 4.346
7581.0 4.346 4.006
6021.0 4.006 4.106
4566.0 4.106 4.206
4242.0 4.206 4.306
4230.0 4.306 4.406
4276.0 4.406 4.506
4258.0 4.506 5.006
4176.0 5.006 5.506
4189.0 5.506 6.006
4711.0 6.006 6.506
5723.0 6.506 5.524
7213.0 5.524 4.268
7464.0 4.268 3.997
6352.0 3.997 4.097
4452.0 4.097 4.197
4295.0 4.197 4.297
4176.0 4.297 4.397
4255.0 4.397 4.497
4176.0 4.497 4.997
4279.0 4.997 5.497
4249.0 5.497 5.997
4933.0 5.997 6.497
6105.0 6.497 5.353
7501.0 5.353 4.189
7843.0 4.189 3.875
6163.0 3.875 3.975
4579.0 3.975 4.075
4255.0 4.075 4.175
4176.0 4.175 4.275
4300.0 4.275 4.375
4247.0 4.375 4.875
4426.0 4.875 5.375
4549.0 5.375 5.875
4708.0 5.875 6.375
5676.0 6.375 5.491
7367.0 5.491 4.096
7573.0 4.096 3.848
6129.0 3.848 3.948
4500.0 3.948 4.048
4285.0 4.048 4.148
4176.0 4.148 4.248
4176.0 4.248 4.348
4291.0 4.348 4.848
4321.0 4.848 5.348
4363.0 5.348 5.848
4666.0 5.848 6.348
5778.0 6.348 5.325
7612.0 5.325 3.851
7830.0 3.851 3.6
6282.0 3.6 3.7
4452.0 3.7 3.8
4176.0 3.8 3.9
4176.0 3.9 4.0
4250.0 4.0 4.1
4253.0 4.1 4.6
4352.0 4.6 5.1
4550.0 5.1 5.6
4543.0 5.6 6.1
5483.0 6.1 5.295
6667.0 5.295 4.33
7680.0 4.33 3.617
6848.0 3.617 3.717
5387.0 3.717 3.817
4192.0 3.817 3.917
4176.0 3.917 4.017
4404.0 4.017 4.117
4176.0 4.117 4.617
4243.0 4.617 5.117
4264.0 5.117 5.617
4356.0 5.617 6.117
4719.0 6.117 6.617
5915.0 6.617 5.466
7263.0 5.466 4.315
7602.0 4.315 3.997
6494.0 3.997 4.097
4342.0 4.097 4.197
4335.0 4.197 4.297
4242.0 4.297 4.397
4203.0 4.397 4.497
4264.0 4.497 4.997
4331.0 4.997 5.497
4384.0 5.497 5.997
4816.0 5.997 6.497
5820.0 6.497 5.534
7384.0 5.534 4.22
7818.0 4.22 3.838
6530.0 3.838 3.938
4883.0 3.938 4.038
4214.0 4.038 4.138
4195.0 4.138 4.238
4465.0 4.238 4.338
4303.0 4.338 4.838
4354.0 4.838 5.338
4412.0 5.338 5.838
4632.0 5.838 6.338
5396.0 6.338 5.635
7136.0 5.635 4.184
7789.0 4.184 3.667
6601.0 3.667 3.767
4648.0 3.767 3.867
4316.0 3.867 3.967
4206.0 3.967 4.067
4176.0 4.067 4.167
4176.0 4.167 4.667
4310.0 4.667 5.167
4355.0 5.167 5.667
4493.0 5.667 6.167
5421.0 6.167 5.35
6581.0 5.35 4.393
7422.0 4.393 3.777
7290.0 3.777 3.877
5318.0 3.877 3.977
4176.0 3.977 4.077
4284.0 4.077 4.177
4176.0 4.177 4.277
4233.0 4.277 4.777
4346.0 4.777 5.277
4176.0 5.277 5.777
4535.0 5.777 6.277
5575.0 6.277 5.326
6998.0 5.326 4.164
8224.0 4.164 3.336
6568.0 3.336 3.436
4432.0 3.436 3.536
4346.0 3.536 3.636
4290.0 3.636 3.736
4287.0 3.736 3.836
4243.0 3.836 4.336
4252.0 4.336 4.836
4365.0 4.836 5.336
4281.0 5.336 5.836
4656.0 5.836 6.336
5504.0 6.336 5.543
7071.0 5.543 4.24
7599.0 4.24 3.802
6267.0 3.802 3.902
4728.0 3.902 4.002
4206.0 4.002 4.102
4345.0 4.102 4.202
4176.0 4.202 4.302
4176.0 4.302 4.802
4261.0 4.802 5.302
4339.0 5.302 5.802
4600.0 5.802 6.302
5500.0 6.302 5.478
7032.0 5.478 4.214
7806.0 4.214 3.635
6846.0 3.635 3.735
5001.0 3.735 3.835
4176.0 3.835 3.935
4317.0 3.935 4.035
4731.0 4.035 4.135
4676.0 4.135 4.635
4472.0 4.635 5.135
4421.0 5.135 5.635
4725.0 5.635 6.135
5449.0 6.135 5.482
6749.0 5.482 4.411
7780.0 4.411 3.667
6689.0 3.667 3.767
4988.0 3.767 3.867
4278.0 3.867 3.967
4176.0 3.967 4.067
4176.0 4.067 4.167
4268.0 4.167 4.667
4217.0 4.667 5.167
4385.0 5.167 5.667
4409.0 5.667 6.167
4643.0 6.167 6.667
5803.0 6.667 5.556
7280.0 5.556 4.292
7744.0 4.292 3.891
6676.0 3.891 3.991
4376.0 3.991 4.091
4260.0 4.091 4.191
4232.0 4.191 4.291
4220.0 4.291 4.391
4367.0 4.391 4.891
4354.0 4.891 5.391
4682.0 5.391 5.891
5021.0 5.891 5.577
6257.0 5.577 4.575
7171.0 4.575 3.887
7263.0 3.887 3.764
5543.0 3.764 3.864
4374.0 3.864 3.964
4590.0 3.964 4.064
4541.0 4.064 4.164
4392.0 4.164 4.264
4290.0 4.264 4.764
4332.0 4.764 5.264
4893.0 5.264 5.764
5869.0 5.764 4.919
7448.0 4.919 3.742
7347.0 3.742 3.683
5627.0 3.683 3.783
4335.0 3.783 3.883
4249.0 3.883 3.983
4286.0 3.983 4.083
4176.0 4.083 4.183
4209.0 4.183 4.683
4435.0 4.683 5.183
4335.0 5.183 5.683
4737.0 5.683 6.183
5933.0 6.183 5.105
7251.0 5.105 4.052
7633.0 4.052 3.731
6013.0 3.731 3.831
4276.0 3.831 3.931
4195.0 3.931 4.031
4176.0 4.031 4.131
4176.0 4.131 4.231
4249.0 4.231 4.731
4234.0 4.731 5.231
4479.0 5.231 5.731
4646.0 5.731 6.231
5050.0 6.231 5.857
6266.0 5.857 4.816
7288.0 4.816 4.02
7086.0 4.02 4.12
5234.0 4.12 4.22
4262.0 4.22 4.32
4212.0 4.32 4.42
4223.0 4.42 4.52
4176.0 4.52 5.02
4463.0 5.02 5.52
4642.0 5.52 6.02
4906.0 6.02 6.52
5678.0 6.52 5.782
7015.0 5.782 4.618
7354.0 4.618 4.282
5853.0 4.282 4.382
4977.0 4.382 4.482
4360.0 4.482 4.582
4307.0 4.582 4.682
4315.0 4.682 4.782
4301.0 4.782 5.282
4176.0 5.282 5.782
4328.0 5.782 6.282
4652.0 6.282 6.782
5240.0 6.782 6.184
6827.0 6.184 4.741
7557.0 4.741 4.119
6716.0 4.119 4.219
4896.0 4.219 4.319
4208.0 4.319 4.419
4244.0 4.419 4.519
4243.0 4.519 4.619
4406.0 4.619 5.119
4625.0 5.119 5.619
4461.0 5.619 6.119
4767.0 6.119 6.619
5463.0 6.619 5.94
6895.0 5.94 4.673
7345.0 4.673 4.254
6878.0 4.254 4.354
4902.0 4.354 4.454
4362.0 4.454 4.554
4356.0 4.554 4.654
4212.0 4.654 4.754
4307.0 4.754 5.254
4258.0 5.254 5.754
4177.0 5.754 6.254
4247.0 6.254 6.754
5231.0 6.754 5.817
6373.0 5.817 4.786
7597.0 4.786 3.86
6920.0 3.86 3.96
4972.0 3.96 4.06
4386.0 4.06 4.16
4231.0 4.16 4.26
4176.0 4.26 4.36
4398.0 4.36 4.86
4375.0 4.86 5.36
4415.0 5.36 5.86
4839.0 5.86 6.36
5711.0 6.36 5.536
7303.0 5.536 4.212
7821.0 4.212 3.781
6521.0 3.781 3.881
4859.0 3.881 3.981
4186.0 3.981 4.081
4239.0 4.081 4.181
4176.0 4.181 4.281
4246.0 4.281 4.781
4315.0 4.781 5.281
4282.0 5.281 5.781
4525.0 5.781 6.281
5401.0 6.281 5.484
7244.0 5.484 3.982
7692.0 3.982 3.596
6516.0 3.596 3.696
4761.0 3.696 3.796
4229.0 3.796 3.896
4176.0 3.896 3.996
4215.0 3.996 4.096
4176.0 4.096 4.596
4176.0 4.596 5.096
4274.0 5.096 5.596
4377.0 5.596 6.096
4638.0 6.096 6.596
5650.0 6.596 5.63
7482.0 5.63 4.083
7962.0 4.083 3.668
6238.0 3.668 3.768
4537.0 3.768 3.868
4270.0 3.868 3.968
4200.0 3.968 4.068
4176.0 4.068 4.168
4182.0 4.168 4.668
4176.0 4.668 5.168
4204.0 5.168 5.668
4504.0 5.668 6.168
5264.0 6.168 5.479
6844.0 5.479 4.191
7707.0 4.191 3.561
6787.0 3.561 3.661
5215.0 3.661 3.761
4314.0 3.761 3.861
4176.0 3.861 3.961
4176.0 3.961 4.061
4190.0 4.061 4.561
4268.0 4.561 5.061
4241.0 5.061 5.561
4289.0 5.561 6.061
4772.0 6.061 6.561
5752.0 6.561 5.605
7297.0 5.605 4.29
7658.0 4.29 3.948
6586.0 3.948 4.048
4666.0 4.048 4.148
4192.0 4.148 4.248
4192.0 4.248 4.348
4286.0 4.348 4.448
4192.0 4.448 4.948
4364.0 4.948 5.448
4618.0 5.448 5.948
5008.0 5.948 5.594
5880.0 5.594 4.87
7400.0 4.87 3.755
7802.0 3.755 3.436
5778.0 3.436 3.536
4249.0 3.536 3.636
4234.0 3.636 3.736
4292.0 3.736 3.836
4212.0 3.836 3.936
4176.0 3.936 4.436
4205.0 4.436 4.936
4253.0 4.936 5.436
4328.0 5.436 5.936
4706.0 5.936 6.436
5986.0 6.436 5.239
7490.0 5.239 4.014
7662.0 4.014 3.8
6134.0 3.8 3.9
4505.0 3.9 4.0
4176.0 4.0 4.1
4176.0 4.1 4.2
4336.0 4.2 4.3
4478.0 4.3 4.8
4335.0 4.8 5.3
4208.0 5.3 5.8
4637.0 5.8 6.3
5701.0 6.3 5.316
7317.0 5.316 4.01
7940.0 4.01 3.537
6488.0 3.537 3.637
4532.0 3.637 3.737
4234.0 3.737 3.837
4176.0 3.837 3.937
4254.0 3.937 4.037
4310.0 4.037 4.537
4248.0 4.537 5.037
4179.0 5.037 5.537
4245.0 5.537 6.037
4710.0 6.037 6.537
5498.0 6.537 5.762
7270.0 5.762 4.247
7752.0 4.247 3.821
6684.0 3.821 3.921
4560.0 3.921 4.021
4348.0 4.021 4.121
4203.0 4.121 4.221
4357.0 4.221 4.321
4351.0 4.321 4.821
4378.0 4.821 5.321
4475.0 5.321 5.821
4838.0 5.821 6.321
5838.0 6.321 5.394
7558.0 5.394 3.997
8128.0 3.997 3.548
6480.0 3.548 3.648
4632.0 3.648 3.748
4176.0 3.748 3.848
4199.0 3.848 3.948
4272.0 3.948 4.048
4239.0 4.048 4.548
4176.0 4.548 5.048
4176.0 5.048 5.548
4449.0 5.548 6.048
5091.0 6.048 5.476
6395.0 5.476 4.411
7589.0 4.411 3.567
7153.0 3.567 3.667
4989.0 3.667 3.767
4357.0 3.767 3.867
4365.0 3.867 3.967
4176.0 3.967 4.067
4218.0 4.067 4.567
4303.0 4.567 5.067
4176.0 5.067 5.567
4321.0 5.567 6.067
4736.0 6.067 6.567
5300.0 6.567 5.999
6850.0 5.999 4.632
7790.0 4.632 3.891
6739.0 3.891 3.991
4439.0 3.991 4.091
4256.0 4.091 4.191
4176.0 4.191 4.291
4318.0 4.291 4.391
4269.0 4.391 4.891
4297.0 4.891 5.391
4339.0 5.391 5.891
4716.0 5.891 6.391
5616.0 6.391 5.543
7159.0 5.543 4.253
7603.0 4.253 3.865
6463.0 3.865 3.965
4864.0 3.965 4.065
4176.0 4.065 4.165
4176.0 4.165 4.265
4176.0 4.265 4.365
4230.0 4.365 4.865
4252.0 4.865 5.365
4354.0 5.365 5.865
4504.0 5.865 6.365
5212.0 6.365 5.716
6624.0 5.716 4.513
7723.0 4.513 3.7
6936.0 3.7 3.8
4608.0 3.8 3.9
4465.0 3.9 4.0
4409.0 4.0 4.1
4381.0 4.1 4.2
4186.0 4.2 4.7
4608.0 4.7 5.2
4623.0 5.2 5.7
5211.0 5.7 5.225
6339.0 5.225 4.345
7771.0 4.345 3.382
7639.0 3.382 3.351
5715.0 3.351 3.451
4192.0 3.451 3.551
4255.0 3.551 3.651
4322.0 3.651 3.751
4176.0 3.751 3.851
4176.0 3.851 4.351
4256.0 4.351 4.851
4495.0 4.851 5.351
4454.0 5.351 5.851
5012.0 5.851 5.395
6212.0 5.395 4.436
7428.0 4.436 3.582
7456.0 3.582 3.482
5836.0 3.482 3.582
4271.0 3.582 3.682
4220.0 3.682 3.782
4176.0 3.782 3.882
4239.0 3.882 3.982
4422.0 3.982 4.482
4213.0 4.482 4.982
4578.0 4.982 5.482
4701.0 5.482 5.982
5765.0 5.982 5.074
7525.0 5.074 3.727
7936.0 3.727 3.389
6180.0 3.389 3.489
4416.0 3.489 3.589
4279.0 3.589 3.689
4225.0 3.689 3.789
4227.0 3.789 3.889
4179.0 3.889 4.389
4476.0 4.389 4.889
4347.0 4.889 5.389
4297.0 5.389 5.889
4636.0 5.889 6.389
5536.0 6.389 5.547
7158.0 5.547 4.196
7864.0 4.196 3.654
6784.0 3.654 3.754
4972.0 3.754 3.854
4296.0 3.854 3.954
4368.0 3.954 4.054
4205.0 4.054 4.154
4459.0 4.154 4.654
4227.0 4.654 5.154
4438.0 5.154 5.654
4729.0 5.654 6.154
5473.0 6.154 5.479
6705.0 5.479 4.459
7736.0 4.459 3.711
6582.0 3.711 3.811
4878.0 3.811 3.911
4190.0 3.911 4.011
4176.0 4.011 4.111
4302.0 4.111 4.211
4423.0 4.211 4.711
4530.0 4.711 5.211
4469.0 5.211 5.711
4339.0 5.711 6.211
4858.0 6.211 6.711
6054.0 6.711 5.529
7408.0 5.529 4.359
7832.0 4.359 3.985
5870.0 3.985 4.085
4298.0 4.085 4.185
4344.0 4.185 4.285
4427.0 4.285 4.385
4176.0 4.385 4.485
4383.0 4.485 4.985
4366.0 4.985 5.485
4397.0 5.485 5.985
4649.0 5.985 6.485
5893.0 6.485 5.326
7363.0 5.326 4.111
7665.0 4.111 3.82
6169.0 3.82 3.92
4576.0 3.92 4.02
4203.0 4.02 4.12
4207.0 4.12 4.22
4240.0 4.22 4.32
4176.0 4.32 4.82
4227.0 4.82 5.32
4345.0 5.32 5.82
4876.0 5.82 6.32
5960.0 6.32 5.301
7428.0 5.301 4.104
7695.0 4.104 3.835
6099.0 3.835 3.935
4365.0 3.935 4.035
4177.0 4.035 4.135
4248.0 4.135 4.235
4334.0 4.235 4.335
4444.0 4.335 4.835
4286.0 4.835 5.335
4555.0 5.335 5.835
4846.0 5.835 6.335
5694.0 6.335 5.547
7177.0 5.547 4.309
7715.0 4.309 3.865
6679.0 3.865 3.965
4487.0 3.965 4.065
4292.0 4.065 4.165
4176.0 4.165 4.265
4288.0 4.265 4.365
4341.0 4.365 4.865
4300.0 4.865 5.365
4493.0 5.365 5.865
4979.0 5.865 6.365
6191.0 6.365 5.228
7620.0 5.228 4.065
7609.0 4.065 3.959
6101.0 3.959 4.059
4403.0 4.059 4.159
4394.0 4.159 4.259
4253.0 4.259 4.359
4176.0 4.359 4.459
4430.0 4.459 4.959
4354.0 4.959 5.459
4432.0 5.459 5.959
4590.0 5.959 6.459
5558.0 6.459 5.564
7250.0 5.564 4.15
7724.0 4.15 3.743
6472.0 3.743 3.843
4909.0 3.843 3.943
4388.0 3.943 4.043
4350.0 4.043 4.143
4185.0 4.143 4.243
4311.0 4.243 4.743
4293.0 4.743 5.243
4478.0 5.243 5.743
4769.0 5.743 6.243
5941.0 6.243 5.184
7072.0 5.184 4.253
7243.0 4.253 4.056
5935.0 4.056 4.156
4729.0 4.156 4.256
4224.0 4.256 4.356
4350.0 4.356 4.456
4176.0 4.456 4.556
4228.0 4.556 5.056
4200.0 5.056 5.556
4418.0 5.556 6.056
4898.0 6.056 6.556
6042.0 6.556 5.448
7666.0 5.448 4.094
8148.0 4.094 3.691
6616.0 3.691 3.791
4792.0 3.791 3.891
4176.0 3.891 3.991
4297.0 3.991 4.091
4297.0 4.091 4.191
4270.0 4.191 4.691
4314.0 4.691 5.191
4498.0 5.191 5.691
4711.0 5.691 6.191
5579.0 6.191 5.413
7075.0 5.413 4.194
7759.0 4.194 3.674
6507.0 3.674 3.774
4818.0 3.774 3.874
4277.0 3.874 3.974
4291.0 3.974 4.074
4194.0 4.074 4.174
4176.0 4.174 4.674
4293.0 4.674 5.174
4387.0 5.174 5.674
4615.0 5.674 6.174
5551.0 6.174 5.339
7111.0 5.339 4.083
7433.0 4.083 3.779
6213.0 3.779 3.879
4884.0 3.879 3.979
4232.0 3.979 4.079
4278.0 4.079 4.179
4176.0 4.179 4.279
4176.0 4.279 4.779
4240.0 4.779 5.279
4454.0 5.279 5.779
4778.0 5.779 6.279
5822.0 6.279 5.322
7329.0 5.322 4.098
7878.0 4.098 3.665
6354.0 3.665 3.765
4734.0 3.765 3.865
4362.0 3.865 3.965
4246.0 3.965 4.065
4176.0 4.065 4.165
4176.0 4.165 4.665
4258.0 4.665 5.165
4338.0 5.165 5.665
4557.0 5.665 6.165
5397.0 6.165 5.415
6553.0 5.415 4.457
7494.0 4.457 3.771
7222.0 3.771 3.871
5318.0 3.871 3.971
4176.0 3.971 4.071
4202.0 4.071 4.171
4266.0 4.171 4.271
4355.0 4.271 4.771
4343.0 4.771 5.271
4429.0 5.271 5.771
4590.0 5.771 6.271
5206.0 6.271 5.711
6454.0 5.711 4.65
7375.0 4.65 3.942
6863.0 3.942 4.042
4927.0 4.042 4.142
4230.0 4.142 4.242
4391.0 4.242 4.342
4592.0 4.342 4.442
4231.0 4.442 4.942
4341.0 4.942 5.442
4483.0 5.442 5.942
4783.0 5.942 6.442
5987.0 6.442 5.32
7412.0 5.32 4.143
7793.0 4.143 3.808
6273.0 3.808 3.908
4827.0 3.908 4.008
4176.0 4.008 4.108
4230.0 4.108 4.208
4361.0 4.208 4.308
4479.0 4.308 4.808
4569.0 4.808 5.308
4659.0 5.308 5.808
4674.0 5.808 6.308
5662.0 6.308 5.432
7031.0 5.432 4.297
7488.0 4.297 3.909
6512.0 3.909 4.009
4676.0 4.009 4.109
4176.0 4.109 4.209
4176.0 4.209 4.309
4428.0 4.309 4.409
4229.0 4.409 4.909
4361.0 4.909 5.409
4419.0 5.409 5.909
5028.0 5.909 5.398
6116.0 5.398 4.518
7336.0 4.518 3.654
7668.0 3.654 3.397
5896.0 3.397 3.497
4295.0 3.497 3.597
4266.0 3.597 3.697
4212.0 3.697 3.797
4176.0 3.797 3.897
4184.0 3.897 4.397
4314.0 4.397 4.897
4472.0 4.897 5.397
4272.0 5.397 5.897
4701.0 5.897 6.397
5777.0 6.397 5.388
7241.0 5.388 4.177
7717.0 4.177 3.781
6265.0 3.781 3.881
4687.0 3.881 3.981
4389.0 3.981 4.081
4397.0 4.081 4.181
4340.0 4.181 4.281
4544.0 4.281 4.781
4249.0 4.781 5.281
4493.0 5.281 5.781
4904.0 5.781 6.281
5864.0 6.281 5.389
7292.0 5.389 4.216
7605.0 4.216 3.917
6145.0 3.917 4.017
4549.0 4.017 4.117
4226.0 4.117 4.217
4176.0 4.217 4.317
4278.0 4.317 4.417
4257.0 4.417 4.917
4252.0 4.917 5.417
4558.0 5.417 5.917
5005.0 5.917 5.515
6017.0 5.515 4.687
7285.0 4.687 3.767
7347.0 3.767 3.642
5603.0 3.642 3.742
4318.0 3.742 3.842
4176.0 3.842 3.942
4176.0 3.942 4.042
4461.0 4.042 4.142
4351.0 4.142 4.642
4205.0 4.642 5.142
4441.0 5.142 5.642
4720.0 5.642 6.142
5956.0 6.142 5.046
7481.0 5.046 3.856
7511.0 3.856 3.726
5807.0 3.726 3.826
4466.0 3.826 3.926
4267.0 3.926 4.026
4176.0 4.026 4.126
4176.0 4.126 4.226
4181.0 4.226 4.726
4176.0 4.726 5.226
4452.0 5.226 5.726
4728.0 5.726 6.226
5800.0 6.226 5.258
7252.0 5.258 4.087
7370.0 4.087 3.906
5906.0 3.906 4.006
4373.0 4.006 4.106
4176.0 4.106 4.206
4388.0 4.206 4.306
4449.0 4.306 4.406
4441.0 4.406 4.906
4274.0 4.906 5.406
4433.0 5.406 5.906
4871.0 5.906 6.406
6123.0 6.406 5.232
7597.0 5.232 4.032
7591.0 4.032 3.92
5931.0 3.92 4.02
4254.0 4.02 4.12
4176.0 4.12 4.22
4176.0 4.22 4.32
4221.0 4.32 4.42
4404.0 4.42 4.92
4202.0 4.92 5.42
4437.0 5.42 5.92
4887.0 5.92 6.42
5903.0 6.42 5.453
7644.0 5.453 4.022
7711.0 4.022 3.852
6115.0 3.852 3.952
4492.0 3.952 4.052
4176.0 4.052 4.152
4176.0 4.152 4.252
4176.0 4.252 4.352
4228.0 4.352 4.852
4346.0 4.852 5.352
4323.0 5.352 5.852
4713.0 5.852 6.352
5913.0 6.352 5.241
7495.0 5.241 3.966
7756.0 3.966 3.701
6124.0 3.701 3.801
4234.0 3.801 3.901
4230.0 3.901 4.001
4327.0 4.001 4.101
4220.0 4.101 4.201
4213.0 4.201 4.701
4405.0 4.701 5.201
4176.0 5.201 5.701
4396.0 5.701 6.201
5077.0 6.201 5.588
6433.0 5.588 4.458
7614.0 4.458 3.609
7048.0 3.609 3.709
4740.0 3.709 3.809
4271.0 3.809 3.909
4279.0 3.909 4.009
4263.0 4.009 4.109
4176.0 4.109 4.609
4249.0 4.609 5.109
4230.0 5.109 5.609
4398.0 5.609 6.109
5088.0 6.109 5.501
6280.0 5.501 4.514
7593.0 4.514 3.583
7142.0 3.583 3.683
4770.0 3.683 3.783
4260.0 3.783 3.883
4176.0 3.883 3.983
4176.0 3.983 4.083
4194.0 4.083 4.583
4176.0 4.583 5.083
4226.0 5.083 5.583
4544.0 5.583 6.083
4792.0 6.083 6.583
5792.0 6.583 5.628
7357.0 5.628 4.293
7585.0 4.293 4.029
6353.0 4.029 4.129
4521.0 4.129 4.229
4226.0 4.229 4.329
4318.0 4.329 4.429
4349.0 4.429 4.529
4217.0 4.529 5.029
4581.0 5.029 5.529
4534.0 5.529 6.029
4825.0 6.029 6.529
5689.0 6.529 5.706
7288.0 5.706 4.339
7700.0 4.339 3.958
6548.0 3.958 4.058
4480.0 4.058 4.158
4504.0 4.158 4.258
4449.0 4.258 4.358
4287.0 4.358 4.458
4227.0 4.458 4.958
4251.0 4.958 5.458
4275.0 5.458 5.958
4674.0 5.958 6.458
5726.0 6.458 5.462
6998.0 5.462 4.384
7668.0 4.384 3.864
6512.0 3.864 3.964
4910.0 3.964 4.064
4315.0 4.064 4.164
4256.0 4.164 4.264
4397.0 4.264 4.364
4318.0 4.364 4.864
4251.0 4.864 5.364
4266.0 5.364 5.864
4668.0 5.864 6.364
5712.0 6.364 5.389
7309.0 5.389 4.081
8042.0 4.081 3.539
6738.0 3.539 3.639
4701.0 3.639 3.739
4383.0 3.739 3.839
4403.0 3.839 3.939
4176.0 3.939 4.039
4295.0 4.039 4.539
4258.0 4.539 5.039
4407.0 5.039 5.539
4671.0 5.539 6.039
5627.0 6.039 5.201
7116.0 5.201 4.026
7648.0 4.026 3.613
6480.0 3.613 3.713
4842.0 3.713 3.813
4176.0 3.813 3.913
4176.0 3.913 4.013
4242.0 4.013 4.113
4259.0 4.113 4.613
4291.0 4.613 5.113
4389.0 5.113 5.613
4693.0 5.613 6.113
5729.0 6.113 5.192
7219.0 5.192 4.011
7820.0 4.011 3.56
6368.0 3.56 3.66
4625.0 3.66 3.76
4176.0 3.76 3.86
4178.0 3.86 3.96
4190.0 3.96 4.06
4176.0 4.06 4.56
4293.0 4.56 5.06
4245.0 5.06 5.56
4618.0 5.56 6.06
5262.0 6.06 5.474
6826.0 5.474 4.21
7595.0 4.21 3.635
6879.0 3.635 3.735
4863.0 3.735 3.835
4480.0 3.835 3.935
4249.0 3.935 4.035
4235.0 4.035 4.135
4177.0 4.135 4.635
4658.0 4.635 5.135
4462.0 5.135 5.635
4446.0 5.635 6.135
4905.0 6.135 6.635
5865.0 6.635 5.69
6976.0 5.69 4.704
7452.0 4.704 4.289
6037.0 4.289 4.389
4461.0 4.389 4.489
4467.0 4.489 4.589
4208.0 4.589 4.689
4223.0 4.689 4.789
4191.0 4.789 5.289
4331.0 5.289 5.789
4327.0 5.789 6.289
4654.0 6.289 6.789
5498.0 6.789 5.947
7006.0 5.947 4.6
7550.0 4.6 4.119
6434.0 4.119 4.219
4191.0 4.219 4.319
4258.0 4.319 4.419
4448.0 4.419 4.519
4266.0 4.519 4.619
4176.0 4.619 5.119
4176.0 5.119 5.619
4398.0 5.619 6.119
4503.0 6.119 6.619
4241.0 6.619 7.119
4540.0 7.119 7.619
5424.0 7.619 6.64
6520.0 6.64 5.515
7372.0 5.515 4.74
6353.0 4.74 4.84
5021.0 4.84 4.94
4207.0 4.94 5.04
4343.0 5.04 5.14
4284.0 5.14 5.24
4246.0 5.24 5.74
4176.0 5.74 6.24
4324.0 6.24 6.74
4444.0 6.74 7.24
4211.0 7.24 7.74
4566.0 7.74 8.24
4257.0 8.24 8.74
4458.0 8.74 9.24
4238.0 9.24 9.74
4176.0 9.74 10.24
4176.0 10.24 10.74
4211.0 10.74 11.24
4312.0 11.24 11.74
4222.0 11.74 12.24
4176.0 12.24 12.74
4315.0 12.74 13.24
4199.0 13.24 13.74
4176.0 13.74 14.24
4176.0 14.24 14.74
4176.0 14.74 15.24
4351.0 15.24 15.74
4176.0 15.74 16.24
4190.0 16.24 16.74
4190.0 16.74 17.24
4258.0 17.24 17.74
4236.0 17.74 18.24
4233.0 18.24 18.74
4231.0 18.74 19.24
4220.0 19.24 19.74
