4428.0 1.0 1.1
4428.0 1.1 1.2
4428.0 1.2 1.3
4428.0 1.3 1.4
4428.0 1.4 1.5
4428.0 1.5 2.0
4428.0 2.0 2.5
4344.0 2.5 3.0
4344.0 3.0 3.5
4344.0 3.5 4.0
4427.0 4.0 4.5
4344.0 4.5 5.0
4344.0 5.0 5.5
4344.0 5.5 6.0
4607.0 6.0 6.5
5195.0 6.5 5.935
5879.0 5.935 5.302
6912.0 5.302 4.465
7179.0 4.465 4.21
5911.0 4.21 4.31
4933.0 4.31 4.41
4344.0 4.41 4.51
4560.0 4.51 4.61
4344.0 4.61 4.71
4548.0 4.71 5.21
4721.0 5.21 5.71
4562.0 5.71 6.21
5702.0 6.21 5.233
6714.0 5.233 4.389
7128.0 4.389 4.046
6068.0 4.046 4.146
4847.0 4.146 4.246
4538.0 4.246 4.346
4633.0 4.346 4.446
4472.0 4.446 4.546
4588.0 4.546 5.046
4377.0 5.046 5.546
4482.0 5.546 6.046
4785.0 6.046 6.546
6169.0 6.546 5.242
7447.0 5.242 4.173
7540.0 4.173 4.013
6080.0 4.013 4.113
4721.0 4.113 4.213
4333.0 4.213 4.313
4367.0 4.313 4.413
4260.0 4.413 4.513
4323.0 4.513 5.013
4572.0 5.013 5.513
4368.0 5.513 6.013
4812.0 6.013 6.513
5912.0 6.513 5.462
7155.0 5.462 4.401
7909.0 4.401 3.83
6126.0 3.83 3.93
4551.0 3.93 4.03
4523.0 4.03 4.13
4265.0 4.13 4.23
4260.0 4.23 4.33
4482.0 4.33 4.83
4271.0 4.83 5.33
4438.0 5.33 5.83
4891.0 5.83 6.33
5815.0 6.33 5.459
7293.0 5.459 4.235
7622.0 4.235 3.922
6366.0 3.922 4.022
4860.0 4.022 4.122
4260.0 4.122 4.222
4646.0 4.222 4.322
4452.0 4.322 4.422
4664.0 4.422 4.922
4351.0 4.922 5.422
4346.0 5.422 5.922
4628.0 5.922 6.422
5728.0 6.422 5.401
7217.0 5.401 4.168
7629.0 4.168 3.809
6245.0 3.809 3.909
4886.0 3.909 4.009
4328.0 4.009 4.109
4260.0 4.109 4.209
4260.0 4.209 4.309
4414.0 4.309 4.809
4453.0 4.809 5.309
4595.0 5.309 5.809
5114.0 5.809 5.372
6270.0 5.372 4.452
7542.0 4.452 3.564
7430.0 3.564 3.531
5510.0 3.531 3.631
4305.0 3.631 3.731
4421.0 3.731 3.831
4311.0 3.831 3.931
4385.0 3.931 4.031
4487.0 4.031 4.531
4479.0 4.531 5.031
4599.0 5.031 5.531
5022.0 5.531 5.191
6642.0 5.191 3.974
7663.0 3.974 3.29
6975.0 3.29 3.39
5403.0 3.39 3.49
4253.0 3.49 3.59
4289.0 3.59 3.69
4228.0 3.69 3.79
4197.0 3.79 4.29
4249.0 4.29 4.79
4277.0 4.79 5.29
4514.0 5.29 5.79
4931.0 5.79 6.29
6067.0 6.29 5.24
7248.0 5.24 4.264
7420.0 4.264 4.063
5880.0 4.063 4.163
4599.0 4.163 4.263
4312.0 4.263 4.363
4307.0 4.363 4.463
4313.0 4.463 4.563
4556.0 4.563 5.063
4489.0 5.063 5.563
4441.0 5.563 6.063
5011.0 6.063 5.584
6159.0 5.584 4.632
7671.0 4.632 3.553
7544.0 3.553 3.512
5424.0 3.512 3.612
4193.0 3.612 3.712
4191.0 3.712 3.812
4323.0 3.812 3.912
4627.0 3.912 4.012
4450.0 4.012 4.512
4234.0 4.512 5.012
4407.0 5.012 5.512
5064.0 5.512 4.991
6496.0 4.991 3.932
7456.0 3.932 3.299
7096.0 3.299 3.399
5380.0 3.399 3.499
4207.0 3.499 3.599
4252.0 3.599 3.699
4176.0 3.699 3.799
4316.0 3.799 4.299
4395.0 4.299 4.799
4219.0 4.799 5.299
4333.0 5.299 5.799
4843.0 5.799 6.299
5907.0 6.299 5.303
7518.0 5.303 4.002
7953.0 4.002 3.636
6401.0 3.636 3.736
4640.0 3.736 3.836
4198.0 3.836 3.936
4255.0 3.936 4.036
4403.0 4.036 4.136
4176.0 4.136 4.636
4200.0 4.636 5.136
4408.0 5.136 5.636
4701.0 5.636 6.136
5597.0 6.136 5.332
7369.0 5.332 3.922
7933.0 3.922 3.483
6373.0 3.483 3.583
4558.0 3.583 3.683
4342.0 3.683 3.783
4380.0 3.783 3.883
4247.0 3.883 3.983
4345.0 3.983 4.483
4352.0 4.483 4.983
4370.0 4.983 5.483
4528.0 5.483 5.983
5116.0 5.983 5.473
5936.0 5.473 4.787
7240.0 4.787 3.838
7576.0 3.838 3.562
5660.0 3.562 3.662
4252.0 3.662 3.762
4336.0 3.762 3.862
4543.0 3.862 3.962
4312.0 3.962 4.062
4350.0 4.062 4.562
4334.0 4.562 5.062
4462.0 5.062 5.562
5002.0 5.562 5.129
6238.0 5.129 4.192
7550.0 4.192 3.326
7386.0 3.326 3.317
5901.0 3.317 3.417
4232.0 3.417 3.517
4216.0 3.517 3.617
4199.0 3.617 3.717
4279.0 3.717 3.817
4508.0 3.817 4.317
4301.0 4.317 4.817
4355.0 4.817 5.317
4724.0 5.317 5.817
5420.0 5.817 5.212
6752.0 5.212 4.172
7892.0 4.172 3.402
6852.0 3.402 3.502
5199.0 3.502 3.602
4180.0 3.602 3.702
4267.0 3.702 3.802
4207.0 3.802 3.902
4344.0 3.902 4.402
4394.0 4.402 4.902
4176.0 4.902 5.402
4190.0 5.402 5.902
4803.0 5.902 6.402
5883.0 6.402 5.366
7604.0 5.366 3.964
7630.0 3.964 3.821
6082.0 3.821 3.921
4405.0 3.921 4.021
4176.0 4.021 4.121
4251.0 4.121 4.221
4176.0 4.221 4.321
4270.0 4.321 4.821
4176.0 4.821 5.321
4413.0 5.321 5.821
4860.0 5.821 6.321
6028.0 6.321 5.234
7748.0 5.234 3.862
8083.0 3.862 3.554
6223.0 3.554 3.654
4384.0 3.654 3.754
4323.0 3.754 3.854
4298.0 3.854 3.954
4250.0 3.954 4.054
4235.0 4.054 4.554
4248.0 4.554 5.054
4267.0 5.054 5.554
4348.0 5.554 6.054
4657.0 6.054 6.554
5713.0 6.554 5.548
7416.0 5.548 4.119
7870.0 4.119 3.725
6390.0 3.725 3.825
4458.0 3.825 3.925
4234.0 3.925 4.025
4176.0 4.025 4.125
4176.0 4.125 4.225
4313.0 4.225 4.725
4316.0 4.725 5.225
4197.0 5.225 5.725
4327.0 5.725 6.225
4942.0 6.225 6.725
5982.0 6.725 5.671
7514.0 5.671 4.344
7568.0 4.344 4.184
6092.0 4.184 4.284
4363.0 4.284 4.384
4176.0 4.384 4.484
4247.0 4.484 4.584
4321.0 4.584 4.684
4228.0 4.684 5.184
4176.0 5.184 5.684
4271.0 5.684 6.184
4769.0 6.184 6.684
5773.0 6.684 5.685
7102.0 5.685 4.521
7736.0 4.521 4.004
5872.0 4.004 4.104
4585.0 4.104 4.204
4176.0 4.204 4.304
4176.0 4.304 4.404
4298.0 4.404 4.504
4270.0 4.504 5.004
4271.0 5.004 5.504
4353.0 5.504 6.004
4791.0 6.004 6.504
5799.0 6.504 5.535
7457.0 5.535 4.147
7807.0 4.147 3.814
6299.0 3.814 3.914
4697.0 3.914 4.014
4317.0 4.014 4.114
4257.0 4.114 4.214
4256.0 4.214 4.314
4176.0 4.314 4.814
4176.0 4.814 5.314
4400.0 5.314 5.814
4673.0 5.814 6.314
5749.0 6.314 5.33
7296.0 5.33 4.072
7687.0 4.072 3.729
6279.0 3.729 3.829
4440.0 3.829 3.929
4223.0 3.929 4.029
4176.0 4.029 4.129
4362.0 4.129 4.229
4327.0 4.229 4.729
4227.0 4.729 5.229
4251.0 5.229 5.729
4389.0 5.729 6.229
5007.0 6.229 5.674
6051.0 5.674 4.782
7599.0 4.782 3.652
7337.0 3.652 3.752
5309.0 3.752 3.852
4176.0 3.852 3.952
4208.0 3.952 4.052
4260.0 4.052 4.152
4176.0 4.152 4.652
4325.0 4.652 5.152
4422.0 5.152 5.652
4405.0 5.652 6.152
4627.0 6.152 6.652
5687.0 6.652 5.639
7485.0 5.639 4.112
7891.0 4.112 3.739
6395.0 3.739 3.839
4826.0 3.839 3.939
4313.0 3.939 4.039
4645.0 4.039 4.139
4370.0 4.139 4.239
4176.0 4.239 4.739
4250.0 4.739 5.239
4211.0 5.239 5.739
4583.0 5.739 6.239
5835.0 6.239 5.105
7465.0 5.105 3.824
7595.0 3.824 3.635
5815.0 3.635 3.735
4239.0 3.735 3.835
4176.0 3.835 3.935
4230.0 3.935 4.035
4425.0 4.035 4.135
4228.0 4.135 4.635
4176.0 4.635 5.135
4176.0 5.135 5.635
4444.0 5.635 6.135
4987.0 6.135 6.635
6199.0 6.635 5.442
7394.0 5.442 4.409
7614.0 4.409 4.169
6254.0 4.169 4.269
4336.0 4.269 4.369
4176.0 4.369 4.469
4199.0 4.469 4.569
4217.0 4.569 4.669
4326.0 4.669 5.169
4206.0 5.169 5.669
4376.0 5.669 6.169
4778.0 6.169 6.669
5686.0 6.669 5.772
7168.0 5.772 4.477
7833.0 4.477 3.935
6131.0 3.935 4.035
4649.0 4.035 4.135
4371.0 4.135 4.235
4505.0 4.235 4.335
4380.0 4.335 4.435
4404.0 4.435 4.935
4176.0 4.935 5.435
4176.0 5.435 5.935
4554.0 5.935 6.435
5582.0 6.435 5.467
7002.0 5.467 4.277
7425.0 4.277 3.907
6077.0 3.907 4.007
4547.0 4.007 4.107
4176.0 4.107 4.207
4206.0 4.207 4.307
4382.0 4.307 4.407
4176.0 4.407 4.907
4337.0 4.907 5.407
4429.0 5.407 5.907
5119.0 5.907 5.326
6371.0 5.326 4.326
8269.0 4.326 3.075
7413.0 3.075 3.175
5391.0 3.175 3.275
4247.0 3.275 3.375
4244.0 3.375 3.475
4176.0 3.475 3.575
4180.0 3.575 4.075
4357.0 4.075 4.575
4278.0 4.575 5.075
4326.0 5.075 5.575
4794.0 5.575 6.075
6126.0 6.075 4.892
7324.0 4.892 3.953
7262.0 3.953 3.892
5434.0 3.892 3.992
4272.0 3.992 4.092
4252.0 4.092 4.192
4176.0 4.192 4.292
4270.0 4.292 4.392
4391.0 4.392 4.892
4300.0 4.892 5.392
4668.0 5.392 5.892
5094.0 5.892 5.504
6670.0 5.504 4.244
7563.0 4.244 3.592
7163.0 3.592 3.692
4983.0 3.692 3.792
4477.0 3.792 3.892
4297.0 3.892 3.992
4257.0 3.992 4.092
4176.0 4.092 4.592
4229.0 4.592 5.092
4272.0 5.092 5.592
4455.0 5.592 6.092
5049.0 6.092 5.565
6393.0 5.565 4.458
7623.0 4.458 3.579
6884.0 3.579 3.679
5348.0 3.679 3.779
4212.0 3.779 3.879
4176.0 3.879 3.979
4295.0 3.979 4.079
4370.0 4.079 4.579
4383.0 4.579 5.079
4432.0 5.079 5.579
4673.0 5.579 6.079
5421.0 6.079 5.416
6753.0 5.416 4.333
7862.0 4.333 3.551
7021.0 3.551 3.651
5179.0 3.651 3.751
4358.0 3.751 3.851
4377.0 3.851 3.951
4262.0 3.951 4.051
4176.0 4.051 4.551
4239.0 4.551 5.051
4229.0 5.051 5.551
4300.0 5.551 6.051
4441.0 6.051 6.551
5157.0 6.551 5.878
6944.0 5.878 4.332
7991.0 4.332 3.554
6221.0 3.554 3.654
4637.0 3.654 3.754
4340.0 3.754 3.854
4290.0 3.854 3.954
4208.0 3.954 4.054
4176.0 4.054 4.554
4243.0 4.554 5.054
4264.0 5.054 5.554
4303.0 5.554 6.054
4780.0 6.054 6.554
5836.0 6.554 5.53
7376.0 5.53 4.23
7805.0 4.23 3.851
6369.0 3.851 3.951
4914.0 3.951 4.051
4313.0 4.051 4.151
4210.0 4.151 4.251
4335.0 4.251 4.351
4176.0 4.351 4.851
4264.0 4.851 5.351
4399.0 5.351 5.851
4789.0 5.851 6.351
5989.0 6.351 5.239
7319.0 5.239 4.149
7407.0 4.149 3.99
6067.0 3.99 4.09
4588.0 4.09 4.19
4363.0 4.19 4.29
4401.0 4.29 4.39
4434.0 4.39 4.49
4385.0 4.49 4.99
4339.0 4.99 5.49
4425.0 5.49 5.99
4851.0 5.99 6.49
5931.0 6.49 5.459
7574.0 5.459 4.095
7735.0 4.095 3.875
6119.0 3.875 3.975
4787.0 3.975 4.075
4575.0 4.075 4.175
4301.0 4.175 4.275
4424.0 4.275 4.375
4555.0 4.375 4.875
4500.0 4.875 5.375
4622.0 5.375 5.875
5117.0 5.875 5.456
6253.0 5.456 4.539
7417.0 4.539 3.704
7533.0 3.704 3.559
5553.0 3.559 3.659
4299.0 3.659 3.759
4176.0 3.759 3.859
4253.0 3.859 3.959
4369.0 3.959 4.059
4185.0 4.059 4.559
4253.0 4.559 5.059
4210.0 5.059 5.559
4663.0 5.559 6.059
5895.0 6.059 4.966
7493.0 4.966 3.743
7808.0 3.743 3.463
5924.0 3.463 3.563
4210.0 3.563 3.663
4176.0 3.663 3.763
4176.0 3.763 3.863
4292.0 3.863 3.963
4258.0 3.963 4.463
4282.0 4.463 4.963
4176.0 4.963 5.463
4335.0 5.463 5.963
4905.0 5.963 6.463
5961.0 6.463 5.441
7322.0 5.441 4.297
7626.0 4.297 4.001
6062.0 4.001 4.101
4601.0 4.101 4.201
4274.0 4.201 4.301
4293.0 4.301 4.401
4432.0 4.401 4.501
4250.0 4.501 5.001
4368.0 5.001 5.501
4331.0 5.501 6.001
4850.0 6.001 6.501
5606.0 6.501 5.754
7427.0 5.754 4.205
7607.0 4.205 3.957
5955.0 3.957 4.057
4593.0 4.057 4.157
4278.0 4.157 4.257
4194.0 4.257 4.357
4176.0 4.357 4.457
4209.0 4.457 4.957
4455.0 4.957 5.457
4501.0 5.457 5.957
4813.0 5.957 6.457
5693.0 6.457 5.625
7133.0 5.625 4.401
7440.0 4.401 4.092
6484.0 4.092 4.192
4528.0 4.192 4.292
4176.0 4.292 4.392
4176.0 4.392 4.492
4176.0 4.492 4.592
4239.0 4.592 5.092
4488.0 5.092 5.592
4475.0 5.592 6.092
4817.0 6.092 6.592
5573.0 6.592 5.854
7400.0 5.854 4.275
7730.0 4.275 3.933
6126.0 3.933 4.033
4473.0 4.033 4.133
4176.0 4.133 4.233
4176.0 4.233 4.333
4298.0 4.333 4.433
4222.0 4.433 4.933
4176.0 4.933 5.433
4176.0 5.433 5.933
4554.0 5.933 6.433
5666.0 6.433 5.389
7249.0 5.389 4.086
7898.0 4.086 3.591
6518.0 3.591 3.691
4838.0 3.691 3.791
4176.0 3.791 3.891
4289.0 3.891 3.991
4291.0 3.991 4.091
4459.0 4.091 4.591
4397.0 4.591 5.091
4444.0 5.091 5.591
4660.0 5.591 6.091
5336.0 6.091 5.491
6680.0 5.491 4.39
7726.0 4.39 3.637
6926.0 3.637 3.737
5168.0 3.737 3.837
4222.0 3.837 3.937
4235.0 3.937 4.037
4237.0 4.037 4.137
4253.0 4.137 4.637
4401.0 4.637 5.137
4392.0 5.137 5.637
4505.0 5.637 6.137
5233.0 6.137 5.499
6281.0 5.499 4.621
7505.0 4.621 3.737
6849.0 3.737 3.837
4949.0 3.837 3.937
4176.0 3.937 4.037
4176.0 4.037 4.137
4251.0 4.137 4.237
4188.0 4.237 4.737
4303.0 4.737 5.237
4195.0 5.237 5.737
4578.0 5.737 6.237
5242.0 6.237 5.617
6378.0 5.617 4.654
7678.0 4.654 3.707
6919.0 3.707 3.807
4943.0 3.807 3.907
4411.0 3.907 4.007
4281.0 4.007 4.107
4234.0 4.107 4.207
4297.0 4.207 4.707
4293.0 4.707 5.207
4370.0 5.207 5.707
4796.0 5.707 6.207
6100.0 6.207 5.026
7527.0 5.026 3.903
7611.0 3.903 3.748
5927.0 3.748 3.848
4287.0 3.848 3.948
4221.0 3.948 4.048
4176.0 4.048 4.148
4176.0 4.148 4.248
4220.0 4.248 4.748
4273.0 4.748 5.248
4176.0 5.248 5.748
4403.0 5.748 6.248
5120.0 6.248 5.597
6516.0 5.597 4.43
7623.0 4.43 3.628
7223.0 3.628 3.728
5051.0 3.728 3.828
4274.0 3.828 3.928
4244.0 3.928 4.028
4504.0 4.028 4.128
4653.0 4.128 4.628
4661.0 4.628 5.128
4609.0 5.128 5.628
4459.0 5.628 6.128
4660.0 6.128 6.628
5868.0 6.628 5.486
7226.0 5.486 4.325
7595.0 4.325 3.987
6503.0 3.987 4.087
4667.0 4.087 4.187
4222.0 4.187 4.287
4381.0 4.287 4.387
4176.0 4.387 4.487
4566.0 4.487 4.987
4266.0 4.987 5.487
4454.0 5.487 5.987
5045.0 5.987 5.475
5953.0 5.475 4.721
7513.0 4.721 3.609
8060.0 3.609 3.226
5752.0 3.226 3.326
4323.0 3.326 3.426
4176.0 3.426 3.526
4222.0 3.526 3.626
4231.0 3.626 3.726
4300.0 3.726 4.226
4553.0 4.226 4.726
4271.0 4.726 5.226
4644.0 5.226 5.726
5340.0 5.726 5.134
6748.0 5.134 4.055
7595.0 4.055 3.468
6487.0 3.468 3.568
4894.0 3.568 3.668
4267.0 3.668 3.768
4223.0 3.768 3.868
4396.0 3.868 3.968
4209.0 3.968 4.468
4250.0 4.468 4.968
4276.0 4.968 5.468
4431.0 5.468 5.968
5007.0 5.968 5.47
6151.0 5.47 4.537
7619.0 4.537 3.508
7554.0 3.508 3.44
5314.0 3.44 3.54
4256.0 3.54 3.64
4267.0 3.64 3.74
4501.0 3.74 3.84
4636.0 3.84 3.94
4499.0 3.94 4.44
4214.0 4.44 4.94
4520.0 4.94 5.44
5102.0 5.44 4.971
6034.0 4.971 4.269
7470.0 4.269 3.336
7622.0 3.336 3.173
5474.0 3.173 3.273
4176.0 3.273 3.373
4458.0 3.373 3.473
4296.0 3.473 3.573
4327.0 3.573 3.673
4353.0 3.673 4.173
4225.0 4.173 4.673
4310.0 4.673 5.173
4601.0 5.173 5.673
5585.0 5.673 4.862
7189.0 4.862 3.683
7744.0 3.683 3.286
6132.0 3.286 3.386
4383.0 3.386 3.486
4176.0 3.486 3.586
4176.0 3.586 3.686
4217.0 3.686 3.786
4176.0 3.786 4.286
4180.0 4.286 4.786
4278.0 4.786 5.286
4492.0 5.286 5.786
5074.0 5.786 5.291
6122.0 5.291 4.458
7382.0 4.458 3.584
7282.0 3.584 3.547
5582.0 3.547 3.647
4335.0 3.647 3.747
4481.0 3.747 3.847
4463.0 3.847 3.947
4292.0 3.947 4.047
4280.0 4.047 4.547
4675.0 4.547 5.047
4378.0 5.047 5.547
5068.0 5.547 5.035
6620.0 5.035 3.883
7472.0 3.883 3.309
7004.0 3.309 3.409
5813.0 3.409 3.509
4240.0 3.509 3.609
4240.0 3.609 3.709
4396.0 3.709 3.809
4176.0 3.809 4.309
4302.0 4.309 4.809
4441.0 4.809 5.309
4331.0 5.309 5.809
4598.0 5.809 6.309
5418.0 6.309 5.556
6871.0 5.556 4.343
7671.0 4.343 3.738
6863.0 3.738 3.838
4799.0 3.838 3.938
4176.0 3.938 4.038
4198.0 4.038 4.138
4354.0 4.138 4.238
4490.0 4.238 4.738
4266.0 4.738 5.238
4240.0 5.238 5.738
4648.0 5.738 6.238
5480.0 6.238 5.468
7026.0 5.468 4.2
7365.0 4.2 3.879
6125.0 3.879 3.979
4799.0 3.979 4.079
4277.0 4.079 4.179
4320.0 4.179 4.279
4321.0 4.279 4.379
4413.0 4.379 4.879
4439.0 4.879 5.379
4579.0 5.379 5.879
5077.0 5.879 5.454
5965.0 5.454 4.727
7081.0 4.727 3.909
7409.0 3.909 3.645
5909.0 3.645 3.745
4418.0 3.745 3.845
4232.0 3.845 3.945
4256.0 3.945 4.045
4319.0 4.045 4.145
4400.0 4.145 4.645
4220.0 4.645 5.145
4301.0 5.145 5.645
4502.0 5.645 6.145
5910.0 6.145 4.912
7104.0 4.912 3.967
7492.0 3.967 3.656
5948.0 3.656 3.756
4478.0 3.756 3.856
4349.0 3.856 3.956
4234.0 3.956 4.056
4177.0 4.056 4.156
4199.0 4.156 4.656
4176.0 4.656 5.156
4244.0 5.156 5.656
4649.0 5.656 6.156
5565.0 6.156 5.322
7021.0 5.322 4.147
7570.0 4.147 3.714
6398.0 3.714 3.814
4700.0 3.814 3.914
4346.0 3.914 4.014
4176.0 4.014 4.114
4176.0 4.114 4.214
4176.0 4.214 4.714
4258.0 4.714 5.214
4226.0 5.214 5.714
4490.0 5.714 6.214
5718.0 6.214 5.117
7407.0 5.117 3.794
7557.0 3.794 3.592
6045.0 3.592 3.692
4368.0 3.692 3.792
4429.0 3.792 3.892
4338.0 3.892 3.992
4228.0 3.992 4.092
4271.0 4.092 4.592
4290.0 4.592 5.092
4372.0 5.092 5.592
4246.0 5.592 6.092
4924.0 6.092 6.592
6016.0 6.592 5.508
7339.0 5.508 4.374
7906.0 4.374 3.915
6147.0 3.915 4.015
4377.0 4.015 4.115
4176.0 4.115 4.215
4313.0 4.215 4.315
4278.0 4.315 4.415
4273.0 4.415 4.915
4299.0 4.915 5.415
4411.0 5.415 5.915
4855.0 5.915 6.415
6199.0 6.415 5.156
7347.0 5.156 4.201
7305.0 4.201 4.128
5817.0 4.128 4.228
4215.0 4.228 4.328
4424.0 4.328 4.428
4176.0 4.428 4.528
4176.0 4.528 4.628
4367.0 4.628 5.128
4310.0 5.128 5.628
4191.0 5.628 6.128
4731.0 6.128 6.628
5435.0 6.628 5.914
7129.0 5.914 4.432
7969.0 4.432 3.772
6419.0 3.772 3.872
4742.0 3.872 3.972
4176.0 3.972 4.072
4176.0 4.072 4.172
4272.0 4.172 4.272
4207.0 4.272 4.772
4214.0 4.772 5.272
4411.0 5.272 5.772
4645.0 5.772 6.272
5513.0 6.272 5.481
7099.0 5.481 4.178
7626.0 4.178 3.746
6426.0 3.746 3.846
5037.0 3.846 3.946
4203.0 3.946 4.046
4176.0 4.046 4.146
4176.0 4.146 4.246
4277.0 4.246 4.746
4316.0 4.746 5.246
4481.0 5.246 5.746
4859.0 5.746 6.246
5783.0 6.246 5.394
7423.0 5.394 4.064
7741.0 4.064 3.757
6317.0 3.757 3.857
4781.0 3.857 3.957
4227.0 3.957 4.057
4259.0 4.057 4.157
4246.0 4.157 4.257
4339.0 4.257 4.757
4323.0 4.757 5.257
4497.0 5.257 5.757
4806.0 5.757 6.257
5826.0 6.257 5.328
7140.0 5.328 4.249
7783.0 4.249 3.759
6467.0 3.759 3.859
4598.0 3.859 3.959
4285.0 3.959 4.059
4176.0 4.059 4.159
4198.0 4.159 4.259
4176.0 4.259 4.759
4439.0 4.759 5.259
4406.0 5.259 5.759
4880.0 5.759 6.259
5984.0 6.259 5.239
7555.0 5.239 3.98
7391.0 3.98 3.952
5875.0 3.952 4.052
4336.0 4.052 4.152
4253.0 4.152 4.252
4446.0 4.252 4.352
4391.0 4.352 4.452
4398.0 4.452 4.952
4214.0 4.952 5.452
4208.0 5.452 5.952
4685.0 5.952 6.452
5729.0 6.452 5.456
7416.0 5.456 4.062
7740.0 4.062 3.748
6144.0 3.748 3.848
4422.0 3.848 3.948
4176.0 3.948 4.048
4176.0 4.048 4.148
4176.0 4.148 4.248
4203.0 4.248 4.748
4176.0 4.748 5.248
4267.0 5.248 5.748
4648.0 5.748 6.248
5660.0 6.248 5.32
7300.0 5.32 4.0
7592.0 4.0 3.712
6116.0 3.712 3.812
4499.0 3.812 3.912
4521.0 3.912 4.012
4370.0 4.012 4.112
4191.0 4.112 4.212
4215.0 4.212 4.712
4366.0 4.712 5.212
4552.0 5.212 5.712
4984.0 5.712 6.212
6128.0 6.212 5.167
7649.0 5.167 3.958
7627.0 3.958 3.855
5979.0 3.855 3.955
4251.0 3.955 4.055
4233.0 4.055 4.155
4176.0 4.155 4.255
4289.0 4.255 4.355
4393.0 4.355 4.855
4262.0 4.855 5.355
4342.0 5.355 5.855
4819.0 5.855 6.355
5939.0 6.355 5.304
7358.0 5.304 4.141
7546.0 4.141 3.919
6190.0 3.919 4.019
4513.0 4.019 4.119
4176.0 4.119 4.219
4176.0 4.219 4.319
4288.0 4.319 4.419
4400.0 4.419 4.919
4211.0 4.919 5.419
4176.0 5.419 5.919
4707.0 5.919 6.419
5551.0 6.419 5.601
7035.0 5.601 4.348
7727.0 4.348 3.806
6679.0 3.806 3.906
4439.0 3.906 4.006
4346.0 4.006 4.106
4419.0 4.106 4.206
4649.0 4.206 4.306
4343.0 4.306 4.806
4320.0 4.806 5.306
4242.0 5.306 5.806
4842.0 5.806 6.306
6162.0 6.306 5.075
7531.0 5.075 3.979
7527.0 3.979 3.874
5671.0 3.874 3.974
4220.0 3.974 4.074
4229.0 4.074 4.174
4347.0 4.174 4.274
4314.0 4.274 4.374
4361.0 4.374 4.874
4332.0 4.874 5.374
4179.0 5.374 5.874
4419.0 5.874 6.374
5471.0 6.374 5.41
7078.0 5.41 4.091
7757.0 4.091 3.577
6385.0 3.577 3.677
4594.0 3.677 3.777
4313.0 3.777 3.877
4176.0 3.877 3.977
4236.0 3.977 4.077
4236.0 4.077 4.577
4176.0 4.577 5.077
4176.0 5.077 5.577
4421.0 5.577 6.077
4919.0 6.077 6.577
5827.0 6.577 5.68
7219.0 5.68 4.477
8016.0 4.477 3.858
6393.0 3.858 3.958
4446.0 3.958 4.058
4176.0 4.058 4.158
4271.0 4.158 4.258
4286.0 4.258 4.358
4250.0 4.358 4.858
4176.0 4.858 5.358
4286.0 5.358 5.858
4598.0 5.858 6.358
5886.0 6.358 5.176
7226.0 5.176 4.084
7550.0 4.084 3.792
6166.0 3.792 3.892
4690.0 3.892 3.992
4258.0 3.992 4.092
4244.0 4.092 4.192
4251.0 4.192 4.292
4176.0 4.292 4.792
4176.0 4.792 5.292
4559.0 5.292 5.792
5231.0 5.792 5.208
6119.0 5.208 4.495
7695.0 4.495 3.426
7456.0 3.426 3.526
5324.0 3.526 3.626
4176.0 3.626 3.726
4176.0 3.726 3.826
4454.0 3.826 3.926
4568.0 3.926 4.426
4568.0 4.426 4.926
4439.0 4.926 5.426
4481.0 5.426 5.926
4937.0 5.926 6.426
6041.0 6.426 5.381
7703.0 5.381 4.02
7418.0 4.02 4.12
5650.0 4.12 4.22
4456.0 4.22 4.32
4176.0 4.32 4.42
4177.0 4.42 4.52
4176.0 4.52 5.02
4514.0 5.02 5.52
4248.0 5.52 6.02
4400.0 6.02 6.52
4500.0 6.52 7.02
5452.0 7.02 6.07
7081.0 6.07 4.583
7807.0 4.583 3.977
6404.0 3.977 4.077
4292.0 4.077 4.177
4234.0 4.177 4.277
4176.0 4.277 4.377
4368.0 4.377 4.477
4235.0 4.477 4.977
4332.0 4.977 5.477
4417.0 5.477 5.977
4831.0 5.977 6.477
5899.0 6.477 5.46
7611.0 5.46 4.044
7856.0 4.044 3.775
6308.0 3.775 3.875
4466.0 3.875 3.975
4176.0 3.975 4.075
4438.0 4.075 4.175
4434.0 4.175 4.275
4221.0 4.275 4.775
4370.0 4.775 5.275
4176.0 5.275 5.775
4581.0 5.775 6.275
5621.0 6.275 5.319
7291.0 5.319 3.974
7583.0 3.974 3.686
6307.0 3.686 3.786
4726.0 3.786 3.886
4290.0 3.886 3.986
4222.0 3.986 4.086
4301.0 4.086 4.186
4535.0 4.186 4.686
4363.0 4.686 5.186
4320.0 5.186 5.686
4476.0 5.686 6.186
5424.0 6.186 5.349
6600.0 5.349 4.378
7777.0 4.378 3.557
6784.0 3.557 3.657
5038.0 3.657 3.757
4228.0 3.757 3.857
4176.0 3.857 3.957
4270.0 3.957 4.057
4201.0 4.057 4.557
4322.0 4.557 5.057
4276.0 5.057 5.557
4390.0 5.557 6.057
5038.0 6.057 5.496
6182.0 5.496 4.552
7737.0 4.552 3.463
7114.0 3.463 3.563
5761.0 3.563 3.663
4246.0 3.663 3.763
4309.0 3.763 3.863
4277.0 3.863 3.963
4325.0 3.963 4.463
4271.0 4.463 4.963
4341.0 4.963 5.463
4259.0 5.463 5.963
4745.0 5.963 6.463
5717.0 6.463 5.53
7162.0 5.53 4.311
8011.0 4.311 3.68
6448.0 3.68 3.78
4519.0 3.78 3.88
4176.0 3.88 3.98
4197.0 3.98 4.08
4218.0 4.08 4.18
4247.0 4.18 4.68
4176.0 4.68 5.18
4282.0 5.18 5.68
4514.0 5.68 6.18
5118.0 6.18 5.631
6458.0 5.631 4.512
7694.0 4.512 3.619
6986.0 3.619 3.719
5444.0 3.719 3.819
4317.0 3.819 3.919
4231.0 3.919 4.019
4176.0 4.019 4.119
4176.0 4.119 4.619
4185.0 4.619 5.119
4176.0 5.119 5.619
4562.0 5.619 6.119
4682.0 6.119 6.619
5546.0 6.619 5.799
6810.0 5.799 4.683
7342.0 4.683 4.222
6055.0 4.222 4.322
4519.0 4.322 4.422
4332.0 4.422 4.522
4176.0 4.522 4.622
4234.0 4.622 4.722
4288.0 4.722 5.222
4396.0 5.222 5.722
4343.0 5.722 6.222
4787.0 6.222 6.722
5743.0 6.722 5.77
7275.0 5.77 4.431
8103.0 4.431 3.788
6889.0 3.788 3.888
4357.0 3.888 3.988
4458.0 3.988 4.088
4207.0 4.088 4.188
4176.0 4.188 4.288
4263.0 4.288 4.788
4176.0 4.788 5.288
4496.0 5.288 5.788
5165.0 5.788 5.215
6217.0 5.215 4.382
7553.0 4.382 3.475
7573.0 3.475 3.375
5665.0 3.375 3.475
4295.0 3.475 3.575
4176.0 3.575 3.675
4178.0 3.675 3.775
4176.0 3.775 3.875
4288.0 3.875 4.375
4258.0 4.375 4.875
4270.0 4.875 5.375
4516.0 5.375 5.875
5179.0 5.875 5.305
6487.0 5.305 4.269
7347.0 4.269 3.651
6995.0 3.651 3.751
5215.0 3.751 3.851
4231.0 3.851 3.951
4176.0 3.951 4.051
4176.0 4.051 4.151
4312.0 4.151 4.651
4215.0 4.651 5.151
4247.0 5.151 5.651
4530.0 5.651 6.151
5354.0 6.151 5.41
6666.0 5.41 4.335
7765.0 4.335 3.561
7281.0 3.561 3.661
5101.0 3.661 3.761
4176.0 3.761 3.861
4256.0 3.861 3.961
4250.0 3.961 4.061
4253.0 4.061 4.561
4237.0 4.561 5.061
4401.0 5.061 5.561
4482.0 5.561 6.061
4797.0 6.061 6.561
5525.0 6.561 5.854
7322.0 5.854 4.303
7652.0 4.303 3.961
6520.0 3.961 4.061
4460.0 4.061 4.161
4198.0 4.161 4.261
4422.0 4.261 4.361
4593.0 4.361 4.461
4382.0 4.461 4.961
4385.0 4.961 5.461
4734.0 5.461 5.961
5270.0 5.961 5.478
6490.0 5.478 4.487
7432.0 4.487 3.794
7212.0 3.794 3.894
5364.0 3.894 3.994
4287.0 3.994 4.094
4204.0 4.094 4.194
4236.0 4.194 4.294
4176.0 4.294 4.794
4176.0 4.794 5.294
4344.0 5.294 5.794
4767.0 5.794 6.294
5739.0 6.294 5.388
7429.0 5.388 4.016
7742.0 4.016 3.713
6302.0 3.713 3.813
4685.0 3.813 3.913
4254.0 3.913 4.013
4176.0 4.013 4.113
4176.0 4.113 4.213
4176.0 4.213 4.713
4176.0 4.713 5.213
4475.0 5.213 5.713
4501.0 5.713 6.213
5309.0 6.213 5.503
6425.0 5.503 4.565
7654.0 4.565 3.682
6636.0 3.682 3.782
5130.0 3.782 3.882
4245.0 3.882 3.982
4234.0 3.982 4.082
4415.0 4.082 4.182
4411.0 4.182 4.682
4226.0 4.682 5.182
4240.0 5.182 5.682
4484.0 5.682 6.182
5008.0 6.182 5.702
6180.0 5.702 4.711
7511.0 4.711 3.731
7198.0 3.731 3.831
5114.0 3.831 3.931
4390.0 3.931 4.031
4247.0 4.031 4.131
4208.0 4.131 4.231
4222.0 4.231 4.731
4176.0 4.731 5.231
4248.0 5.231 5.731
4530.0 5.731 6.231
5690.0 6.231 5.187
7315.0 5.187 3.899
7575.0 3.899 3.636
6303.0 3.636 3.736
4458.0 3.736 3.836
4176.0 3.836 3.936
4176.0 3.936 4.036
4176.0 4.036 4.136
4176.0 4.136 4.636
4176.0 4.636 5.136
4253.0 5.136 5.636
4326.0 5.636 6.136
4566.0 6.136 6.636
5782.0 6.636 5.477
6893.0 5.477 4.506
7583.0 4.506 3.97
6524.0 3.97 4.07
4400.0 4.07 4.17
4267.0 4.17 4.27
4254.0 4.27 4.37
4369.0 4.37 4.47
4339.0 4.47 4.97
4739.0 4.97 5.47
4514.0 5.47 5.97
5006.0 5.97 5.577
6154.0 5.577 4.635
7404.0 4.635 3.726
7030.0 3.726 3.826
5186.0 3.826 3.926
4296.0 3.926 4.026
4201.0 4.026 4.126
4279.0 4.126 4.226
4254.0 4.226 4.726
4176.0 4.726 5.226
4348.0 5.226 5.726
4649.0 5.726 6.226
5385.0 6.226 5.55
6765.0 5.55 4.402
7807.0 4.402 3.646
6780.0 3.646 3.746
4869.0 3.746 3.846
4287.0 3.846 3.946
4309.0 3.946 4.046
4419.0 4.046 4.146
4274.0 4.146 4.646
4183.0 4.646 5.146
4251.0 5.146 5.646
4704.0 5.646 6.146
5776.0 6.146 5.174
7390.0 5.174 3.903
7546.0 3.903 3.698
5946.0 3.698 3.798
4554.0 3.798 3.898
4264.0 3.898 3.998
4190.0 3.998 4.098
4261.0 4.098 4.198
4239.0 4.198 4.698
4277.0 4.698 5.198
4406.0 5.198 5.698
4739.0 5.698 6.198
5783.0 6.198 5.254
7536.0 5.254 3.864
7733.0 3.864 3.63
6045.0 3.63 3.73
4272.0 3.73 3.83
4288.0 3.83 3.93
4332.0 3.93 4.03
4176.0 4.03 4.13
4198.0 4.13 4.63
4291.0 4.63 5.13
4350.0 5.13 5.63
4378.0 5.63 6.13
5002.0 6.13 5.591
6126.0 5.591 4.649
7643.0 4.649 3.564
7126.0 3.564 3.664
5206.0 3.664 3.764
4176.0 3.764 3.864
4246.0 3.864 3.964
4403.0 3.964 4.064
4231.0 4.064 4.564
4176.0 4.564 5.064
4325.0 5.064 5.564
4454.0 5.564 6.064
4940.0 6.064 6.564
6004.0 6.564 5.528
7386.0 5.528 4.35
7726.0 4.35 4.027
6510.0 4.027 4.127
4254.0 4.127 4.227
4273.0 4.227 4.327
4230.0 4.327 4.427
4356.0 4.427 4.527
4176.0 4.527 5.027
4176.0 5.027 5.527
4268.0 5.527 6.027
4574.0 6.027 6.527
5690.0 6.527 5.471
7284.0 5.471 4.139
7796.0 4.139 3.717
6608.0 3.717 3.817
4745.0 3.817 3.917
4216.0 3.917 4.017
4432.0 4.017 4.117
4176.0 4.117 4.217
4361.0 4.217 4.717
4357.0 4.717 5.217
4358.0 5.217 5.717
4544.0 5.717 6.217
5524.0 6.217 5.343
7386.0 5.343 3.857
7886.0 3.857 3.453
6350.0 3.453 3.553
4472.0 3.553 3.653
4373.0 3.653 3.753
4208.0 3.753 3.853
4236.0 3.853 3.953
4176.0 3.953 4.453
4176.0 4.453 4.953
4194.0 4.953 5.453
4457.0 5.453 5.953
4416.0 5.953 6.453
5208.0 6.453 5.738
6356.0 5.738 4.736
7564.0 4.736 3.832
6965.0 3.832 3.932
5037.0 3.932 4.032
4336.0 4.032 4.132
4241.0 4.132 4.232
4310.0 4.232 4.332
4302.0 4.332 4.832
4482.0 4.832 5.332
4593.0 5.332 5.832
4990.0 5.832 6.332
5750.0 6.332 5.612
7144.0 5.612 4.437
7683.0 4.437 3.986
6316.0 3.986 4.086
4747.0 4.086 4.186
4176.0 4.186 4.286
4176.0 4.286 4.386
4310.0 4.386 4.486
4358.0 4.486 4.986
4284.0 4.986 5.486
4176.0 5.486 5.986
4599.0 5.986 6.486
5339.0 6.486 5.768
6809.0 5.768 4.501
7637.0 4.501 3.856
6573.0 3.856 3.956
4449.0 3.956 4.056
4184.0 4.056 4.156
4228.0 4.156 4.256
4376.0 4.256 4.356
4268.0 4.356 4.856
4498.0 4.856 5.356
4405.0 5.356 5.856
4882.0 5.856 6.356
6086.0 6.356 5.232
7589.0 5.232 4.016
7667.0 4.016 3.855
6059.0 3.855 3.955
4272.0 3.955 4.055
4291.0 4.055 4.155
4288.0 4.155 4.255
4176.0 4.255 4.355
4248.0 4.355 4.855
4244.0 4.855 5.355
4644.0 5.355 5.855
5037.0 5.855 5.492
6157.0 5.492 4.588
7539.0 4.588 3.606
7238.0 3.606 3.706
5010.0 3.706 3.806
4184.0 3.806 3.906
4472.0 3.906 4.006
4238.0 4.006 4.106
4176.0 4.106 4.606
4265.0 4.606 5.106
4242.0 5.106 5.606
4740.0 5.606 6.106
5856.0 6.106 5.099
7173.0 5.099 4.054
7377.0 4.054 3.834
5849.0 3.834 3.934
4532.0 3.934 4.034
4176.0 4.034 4.134
4211.0 4.134 4.234
4176.0 4.234 4.334
4278.0 4.334 4.834
4231.0 4.834 5.334
4363.0 5.334 5.834
4654.0 5.834 6.334
5834.0 6.334 5.254
7233.0 5.254 4.113
7509.0 4.113 3.842
5677.0 3.842 3.942
4291.0 3.942 4.042
4215.0 4.042 4.142
4178.0 4.142 4.242
4176.0 4.242 4.342
4176.0 4.342 4.842
4176.0 4.842 5.342
4482.0 5.342 5.842
4695.0 5.842 6.342
5715.0 6.342 5.409
7035.0 5.409 4.31
7546.0 4.31 3.892
6426.0 3.892 3.992
4872.0 3.992 4.092
4176.0 4.092 4.192
4299.0 4.192 4.292
4392.0 4.292 4.392
4188.0 4.392 4.892
4223.0 4.892 5.392
4252.0 5.392 5.892
4594.0 5.892 6.392
5666.0 6.392 5.394
6957.0 5.394 4.314
7527.0 4.314 3.861
6415.0 3.861 3.961
4474.0 3.961 4.061
4312.0 4.061 4.161
4176.0 4.161 4.261
4176.0 4.261 4.361
4176.0 4.361 4.861
4249.0 4.861 5.361
4224.0 5.361 5.861
4217.0 5.861 6.361
4208.0 6.361 6.861
4639.0 6.861 7.361
5511.0 7.361 6.407
6832.0 6.407 5.119
7072.0 5.119 4.818
6214.0 4.818 4.918
4914.0 4.918 5.018
4239.0 5.018 5.118
4201.0 5.118 5.218
4176.0 5.218 5.318
4176.0 5.318 5.818
4367.0 5.818 6.318
4243.0 6.318 6.818
4267.0 6.818 7.318
4176.0 7.318 7.818
4565.0 7.818 8.318
4253.0 8.318 8.818
4258.0 8.818 9.318
4278.0 9.318 9.818
4275.0 9.818 10.318
4176.0 10.318 10.818
4250.0 10.818 11.318
4249.0 11.318 11.818
4235.0 11.818 12.318
4237.0 12.318 12.818
4176.0 12.818 13.318
4248.0 13.318 13.818
4179.0 13.818 14.318
4315.0 14.318 14.818
