1.0 4.848
1.057 4.848
1.125 4.176
1.452 4.176
1.922 4.176
2.553 4.224
3.358 4.238
4.4 4.649
5.18 4.316
6.564 5.39
6.125 8.279
2.45 10.134
1.0 5.838
1.0 4.176
1.214 4.176
1.559 4.176
2.008 4.176
2.593 4.226
3.315 4.184
4.284 4.292
5.405 4.353
6.701 5.463
5.915 8.235
2.366 9.831
1.0 5.001
1.0 4.176
1.249 4.176
1.603 4.304
1.997 4.303
2.48 4.176
3.186 4.328
3.959 4.176
5.093 4.577
5.939 5.399
5.273 7.775
2.109 9.677
1.0 4.176
1.062 4.176
1.364 4.176
1.753 4.176
2.256 4.176
2.907 4.176
3.749 4.225
4.781 4.176
6.169 4.4
7.537 5.644
6.153 8.92
2.461 9.48
1.0 4.476
1.0 4.176
1.272 4.176
1.635 4.209
2.085 4.176
2.682 4.176
3.455 4.319
4.298 4.344
5.29 4.541
6.178 5.717
4.852 8.206
1.941 8.489
1.0 4.235
1.093 4.176
1.402 4.176
1.804 4.176
2.322 4.176
2.991 4.343
3.696 4.176
4.741 4.223
6.047 4.624
6.933 5.004
6.999 7.65
2.8 9.036
1.12 5.613
1.0 4.176
1.228 4.176
1.58 4.176
2.034 4.176
2.621 4.176
3.377 4.206
4.323 4.369
5.306 4.312
6.578 5.117
6.485 6.953
2.594 9.725
1.038 6.173
1.0 4.176
1.206 4.176
1.552 4.176
1.997 4.176
2.572 4.176
3.314 4.245
4.199 4.176
5.404 4.298
6.762 4.357
8.305 5.913
6.067 8.967
2.427 9.639
1.0 4.32
1.021 4.176
1.307 4.253
1.65 4.252
2.078 4.363
2.546 4.319
3.144 4.319
3.89 4.347
4.78 4.861
5.088 6.616
2.467 9.384
1.0 7.68
1.0 4.176
1.145 4.176
1.472 4.176
1.892 4.248
2.391 4.258
3.008 4.215
3.826 4.382
4.67 4.274
5.832 4.61
6.687 5.328
6.05 7.329
2.42 8.361
1.0 4.181
1.117 4.181
1.435 4.181
1.845 4.262
2.324 4.24
2.938 4.264
3.696 4.238
4.677 4.396
5.69 4.351
6.97 5.359
6.316 7.872
2.526 9.426
1.011 5.109
1.0 4.176
1.249 4.176
1.608 4.243
2.035 4.18
2.613 4.176
3.366 4.176
4.337 4.321
5.39 4.385
6.559 5.312
6.031 8.369
2.412 10.049
1.0 5.426
1.0 4.176
1.236 4.176
1.59 4.176
2.046 4.245
2.589 4.194
3.311 4.196
4.241 4.204
5.422 4.49
6.438 5.192
6.135 7.588
2.454 9.49
1.0 5.548
1.0 4.212
1.22 4.176
1.567 4.176
2.017 4.176
2.596 4.176
3.342 4.298
4.174 4.176
5.356 4.409
6.504 4.758
7.116 6.454
3.845 9.328
1.538 7.835
1.0 4.176
1.14 4.176
1.466 4.235
1.858 4.225
2.358 4.176
3.031 4.366
3.719 4.32
4.59 4.417
5.534 4.777
6.018 6.905
2.407 9.298
1.0 7.171
1.0 4.176
1.166 4.176
1.5 4.176
1.929 4.176
2.482 4.223
3.157 4.176
4.059 4.176
5.226 4.241
6.623 4.489
7.854 5.857
5.818 8.815
2.327 9.326
1.0 4.29
1.043 4.29
1.299 4.235
1.641 4.176
2.107 4.176
2.711 4.204
3.466 4.176
4.458 4.176
5.74 4.559
6.693 6.151
4.312 8.997
1.725 8.526
1.0 4.176
1.112 4.176
1.43 4.176
1.839 4.176
2.366 4.176
3.044 4.18
3.914 4.355
4.815 4.287
5.996 4.694
6.706 6.282
4.003 8.555
1.601 7.497
1.0 4.176
1.153 4.176
1.483 4.176
1.908 4.176
2.456 4.205
3.138 4.176
4.036 4.213
5.149 4.625
5.887 5.517
4.964 7.757
1.986 9.752
1.0 4.18
1.062 4.18
1.364 4.176
1.754 4.176
2.257 4.176
2.905 4.215
3.703 4.259
4.664 4.181
5.982 4.586
6.923 6.162
4.427 9.006
1.771 7.866
1.0 4.176
1.138 4.176
1.464 4.176
1.884 4.197
2.412 4.176
3.102 4.205
3.965 4.353
4.877 4.388
5.916 5.156
5.724 7.004
2.289 8.869
1.0 5.194
1.0 4.176
1.246 4.176
1.603 4.176
2.063 4.176
2.655 4.268
3.341 4.205
4.258 4.405
5.169 5.68
4.136 8.552
1.654 8.842
1.0 4.176
1.1 4.176
1.415 4.389
1.724 4.176
2.204 4.198
2.821 4.362
3.462 4.186
4.42 4.362
5.428 4.845
5.794 7.189
2.318 9.984
1.0 6.108
1.0 4.176
1.209 4.176
1.555 4.176
2.001 4.252
2.526 4.176
3.243 4.176
4.174 4.241
5.287 4.537
6.186 5.71
4.857 8.965
1.943 8.611
1.0 4.176
1.109 4.176
1.426 4.176
1.834 4.176
2.36 4.176
3.037 4.176
3.908 4.176
5.031 4.322
6.243 4.345
7.666 5.311
7.051 7.114
2.821 9.334
1.128 5.418
1.0 4.239
1.217 4.239
1.538 4.22
1.953 4.176
2.51 4.176
3.231 4.176
4.159 4.176
5.355 4.307
6.673 4.917
6.985 6.405
3.835 9.399
1.534 6.532
1.0 4.178
1.192 4.262
1.501 4.176
1.926 4.176
2.479 4.23
3.148 4.176
4.046 4.381
4.946 4.64
5.598 5.648
4.484 8.264
1.793 9.008
1.0 4.544
1.0 4.176
1.272 4.176
1.636 4.259
2.063 4.176
2.648 4.214
3.376 4.229
4.285 4.319
5.313 4.619
6.062 5.981
4.218 9.096
1.687 8.909
1.0 4.176
1.097 4.176
1.411 4.176
1.815 4.176
2.336 4.176
3.006 4.176
3.87 4.216
4.932 4.176
6.341 4.343
7.828 4.979
8.028 7.228
3.211 9.944
1.285 7.404
1.0 4.176
1.157 4.176
1.488 4.176
1.915 4.176
2.464 4.176
3.17 4.336
3.919 4.223
4.96 4.58
5.738 5.267
5.303 7.359
2.121 9.39
1.0 4.752
1.0 4.176
1.263 4.176
1.625 4.176
2.091 4.176
2.691 4.176
3.463 4.19
4.442 4.176
5.715 4.559
6.662 5.703
5.239 8.435
2.095 8.255
1.0 4.176
1.123 4.176
1.445 4.176
1.859 4.176
2.393 4.184
3.073 4.176
3.955 4.176
5.091 4.42
6.16 4.365
7.5 5.853
5.6 8.673
2.24 8.613
1.0 4.176
1.109 4.176
1.427 4.176
1.836 4.215
2.34 4.353
2.876 4.317
3.553 4.3
4.414 4.302
5.484 4.44
6.572 5.7
5.207 8.599
2.083 8.947
1.0 4.176
1.096 4.176
1.41 4.176
1.814 4.176
2.334 4.25
2.949 4.176
3.788 4.298
4.729 4.284
5.903 4.329
7.288 5.661
5.897 8.266
2.359 8.998
1.0 4.176
1.094 4.176
1.407 4.176
1.811 4.176
2.331 4.247
2.947 4.176
3.786 4.176
4.874 4.251
6.159 4.318
7.634 5.277
7.114 7.811
2.846 9.834
1.138 4.598
1.054 4.176
1.339 4.212
1.707 4.176
2.195 4.176
2.826 4.176
3.637 4.176
4.683 4.259
5.906 4.176
7.586 4.804
8.254 6.631
3.976 9.718
1.59 7.162
1.0 4.176
1.167 4.176
1.502 4.176
1.933 4.176
2.489 4.176
3.204 4.232
4.067 4.176
5.228 4.317
6.497 4.999
6.629 6.687
3.023 8.787
1.209 5.423
1.0 4.176
1.237 4.176
1.592 4.176
2.05 4.176
2.639 4.176
3.398 4.262
4.283 4.406
5.187 4.328
6.382 5.324
5.851 7.949
2.34 9.875
1.0 4.676
1.0 4.176
1.267 4.176
1.631 4.176
2.099 4.219
2.674 4.39
3.256 4.272
4.066 4.387
4.947 4.515
5.796 6.114
3.812 8.741
1.525 8.533
1.0 4.176
1.113 4.176
1.432 4.196
1.834 4.176
2.359 4.176
3.037 4.176
3.91 4.382
4.779 4.489
5.638 4.732
6.193 6.804
2.66 9.14
1.064 6.839
1.0 4.176
1.18 4.176
1.519 4.176
1.955 4.176
2.517 4.176
3.24 4.176
4.172 4.181
5.365 4.176
6.908 4.662
7.828 6.158
4.994 8.924
1.998 8.438
1.0 4.289
1.08 4.255
1.359 4.176
1.744 4.253
2.203 4.222
2.796 4.176
3.595 4.197
4.605 4.176
5.926 4.544
6.937 5.9
5.027 8.635
2.011 8.803
1.0 4.206
1.092 4.206
1.394 4.176
1.793 4.176
2.308 4.237
2.926 4.176
3.76 4.176
4.841 4.276
6.079 4.462
7.251 6.13
4.748 9.388
1.899 8.206
1.0 4.176
1.126 4.176
1.449 4.186
1.86 4.176
2.394 4.176
3.081 4.176
3.967 4.254
5.009 4.313
6.216 4.274
7.777 4.894
8.208 6.52
4.215 9.145
1.686 6.265
1.0 4.176
1.204 4.176
1.549 4.2
1.983 4.176
2.55 4.233
3.238 4.354
3.978 4.328
4.902 4.301
6.088 5.264
5.703 7.276
2.281 9.699
1.0 5.814
1.0 4.176
1.222 4.231
1.551 4.176
1.993 4.176
2.566 4.294
3.207 4.316
3.971 4.316
4.915 4.408
5.939 5.218
5.624 7.594
2.25 9.334
1.0 4.285
1.046 4.176
1.342 4.176
1.727 4.176
2.224 4.176
2.863 4.251
3.618 4.176
4.648 4.176
5.986 4.355
7.369 5.935
5.315 8.887
2.126 8.173
1.0 4.284
1.093 4.284
1.365 4.176
1.751 4.4
2.129 4.299
2.639 4.176
3.385 4.615
3.886 4.465
4.579 5.002
4.641 7.198
1.856 8.906
1.0 6.358
1.0 4.243
1.178 4.243
1.489 4.176
1.912 4.176
2.462 4.176
3.17 4.245
4.012 4.305
4.99 4.532
5.835 4.997
5.907 7.105
2.363 9.363
1.0 6.114
1.0 4.176
1.21 4.176
1.557 4.225
1.98 4.252
2.497 4.358
3.063 4.248
3.851 4.228
4.884 4.302
6.083 4.407
7.356 5.827
5.542 8.767
2.217 9.031
1.0 4.176
1.093 4.176
1.407 4.187
1.806 4.176
2.324 4.176
2.992 4.176
3.852 4.176
4.96 4.224
6.311 4.547
7.37 5.915
5.305 8.867
2.122 8.807
1.0 4.176
1.102 4.176
1.418 4.176
1.825 4.176
2.35 4.288
2.942 4.249
3.706 4.242
4.683 4.335
5.781 4.408
6.981 6.208
4.413 9.196
1.765 8.614
1.0 4.176
1.109 4.176
1.428 4.176
1.838 4.176
2.366 4.176
3.046 4.227
3.872 4.188
4.962 4.176
6.387 4.516
7.534 4.604
8.574 6.727
3.937 9.66
1.575 7.755
1.0 4.176
1.144 4.176
1.472 4.176
1.895 4.176
2.439 4.178
3.139 4.176
4.04 4.176
5.202 4.283
6.521 4.485
7.728 5.353
6.963 7.952
2.785 10.045
1.114 4.549
1.04 4.176
1.323 4.176
1.703 4.176
2.192 4.176
2.822 4.257
3.56 4.372
4.35 4.323
5.364 4.279
6.699 5.017
6.807 6.945
2.723 9.327
1.089 5.991
1.0 4.176
1.214 4.176
1.563 4.203
1.999 4.194
2.56 4.176
3.294 4.176
4.24 4.458
5.08 4.223
6.408 4.788
6.992 5.9
4.998 8.428
1.999 8.798
1.0 4.176
1.102 4.176
1.419 4.176
1.826 4.223
2.324 4.176
2.987 4.187
3.835 4.188
4.922 4.486
5.85 4.455
6.942 5.903
5.049 8.811
2.019 9.105
1.0 4.176
1.09 4.176
1.403 4.176
1.806 4.176
2.324 4.176
2.992 4.266
3.767 4.176
4.836 4.245
6.121 4.544
7.149 6.08
4.771 8.906
1.908 7.946
1.0 4.176
1.136 4.176
1.463 4.176
1.883 4.202
2.408 4.176
3.098 4.176
3.988 4.176
5.135 4.176
6.612 4.406
8.031 5.027
8.094 6.744
3.537 9.439
1.415 7.615
1.0 4.176
1.15 4.176
1.48 4.177
1.904 4.203
2.435 4.176
3.132 4.176
4.032 4.353
4.965 4.319
6.132 5.18
5.903 7.316
2.361 9.65
1.0 5.471
1.0 4.176
1.235 4.176
1.59 4.176
2.047 4.204
2.617 4.266
3.291 4.333
4.061 4.355
4.972 4.625
5.656 5.912
4.058 8.508
1.623 8.687
1.0 4.176
1.107 4.176
1.424 4.217
1.815 4.176
2.333 4.176
3.003 4.231
3.814 4.189
4.886 4.251
6.172 4.535
7.224 5.783
5.506 8.758
2.202 9.718
1.0 4.177
1.065 4.176
1.371 4.295
1.712 4.244
2.159 4.216
2.746 4.199
3.51 4.222
4.464 4.3
5.563 4.404
6.732 5.226
6.358 7.944
2.543 9.804
1.017 5.721
1.0 4.176
1.225 4.176
1.577 4.176
2.029 4.176
2.612 4.176
3.363 4.176
4.329 4.225
5.505 4.609
6.319 6.285
3.787 9.013
1.515 7.439
1.0 4.176
1.156 4.176
1.488 4.176
1.916 4.205
2.448 4.309
3.045 4.176
3.903 4.176
5.025 4.449
6.033 4.908
6.297 6.7
2.868 9.235
1.147 6.859
1.0 4.176
1.18 4.176
1.518 4.242
1.922 4.176
2.469 4.176
3.178 4.206
4.061 4.176
5.223 4.176
6.724 4.706
7.524 5.898
5.407 8.91
2.163 8.946
1.0 4.176
1.096 4.176
1.411 4.176
1.816 4.176
2.337 4.176
3.008 4.176
3.872 4.278
4.859 4.249
6.123 4.456
7.32 5.576
6.083 8.122
2.433 9.622
1.0 4.669
1.0 4.176
1.267 4.176
1.631 4.176
2.099 4.176
2.702 4.256
3.41 4.286
4.259 4.316
5.274 4.654
5.959 5.731
4.611 8.726
1.844 9.226
1.0 4.176
1.085 4.176
1.396 4.176
1.797 4.286
2.25 4.265
2.822 4.176
3.623 4.348
4.465 4.341
5.483 5.172
5.285 7.496
2.114 8.494
1.0 4.176
1.114 4.176
1.434 4.176
1.846 4.176
2.376 4.176
3.058 4.224
3.89 4.176
5.001 4.176
6.438 4.47
7.687 5.69
6.105 8.174
2.442 8.696
1.0 4.176
1.106 4.176
1.424 4.223
1.811 4.176
2.328 4.176
2.997 4.196
3.84 4.176
4.94 4.342
6.1 4.246
7.678 4.595
8.841 6.739
4.029 9.095
1.612 6.259
1.0 4.176
1.204 4.176
1.55 4.237
1.965 4.176
2.525 4.176
3.251 4.255
4.103 4.267
5.152 4.361
6.312 4.988
6.451 6.608
3.107 8.666
1.243 4.766
1.144 4.176
1.445 4.176
1.861 4.176
2.396 4.176
3.084 4.249
3.9 4.242
4.929 4.176
6.334 4.275
7.958 4.559
9.248 5.638
7.469 8.403
2.987 8.763
1.195 4.176
1.319 4.176
1.698 4.176
2.187 4.176
2.816 4.176
3.626 4.176
4.669 4.176
6.013 4.249
7.604 4.342
9.37 5.19
8.984 7.092
3.593 9.484
1.437 6.05
1.0 4.176
1.213 4.206
1.55 4.176
1.993 4.176
2.567 4.208
3.279 4.243
4.149 4.297
5.173 4.679
5.809 5.66
4.623 7.908
1.849 8.517
1.0 4.176
1.114 4.176
1.434 4.176
1.847 4.176
2.378 4.258
3.0 4.21
3.821 4.299
4.766 4.354
5.845 4.208
7.428 4.779
8.133 6.654
3.869 9.552
1.548 7.625
1.0 4.223
1.135 4.223
1.442 4.176
1.854 4.176
2.387 4.176
3.074 4.259
3.877 4.176
4.98 4.314
6.196 4.612
7.086 5.964
4.974 9.06
1.989 8.28
1.0 4.176
1.123 4.176
1.446 4.176
1.862 4.188
2.391 4.176
3.078 4.363
3.78 4.176
4.84 4.236
6.141 4.232
7.785 4.696
8.723 6.747
3.921 9.547
1.568 7.513
1.0 4.176
1.154 4.176
1.486 4.192
1.906 4.177
2.452 4.176
3.157 4.253
3.989 4.218
5.071 4.469
6.05 4.285
7.512 5.337
6.869 7.193
2.747 8.555
1.099 4.961
1.0 4.176
1.256 4.176
1.618 4.203
2.069 4.215
2.637 4.309
3.28 4.176
4.208 4.299
5.255 4.561
6.099 5.788
4.635 8.943
1.854 8.737
1.0 4.219
1.091 4.187
1.4 4.238
1.774 4.176
2.28 4.176
2.937 4.226
3.735 4.176
4.803 4.195
6.157 4.564
7.166 5.376
6.384 7.97
2.554 8.537
1.021 4.176
1.137 4.176
1.464 4.181
1.883 4.176
2.425 4.176
3.123 4.221
3.978 4.291
4.971 4.306
6.174 4.319
7.64 5.315
7.03 7.182
2.812 9.048
1.125 4.176
1.229 4.176
1.583 4.176
2.039 4.234
2.588 4.228
3.285 4.176
4.225 4.176
5.442 4.227
6.922 4.472
8.251 5.724
6.469 8.154
2.588 9.267
1.035 4.431
1.038 4.176
1.326 4.176
1.708 4.176
2.2 4.176
2.834 4.176
3.65 4.228
4.642 4.237
5.879 4.262
7.399 5.246
6.988 7.773
2.795 9.985
1.118 4.869
1.0 4.176
1.26 4.176
1.623 4.176
2.09 4.176
2.692 4.176
3.468 4.297
4.333 4.431
5.209 4.475
6.162 5.156
5.944 7.152
2.378 9.378
1.0 5.103
1.0 4.176
1.251 4.176
1.611 4.176
2.075 4.176
2.672 4.176
3.442 4.211
4.396 4.329
5.443 4.526
6.372 5.582
5.27 8.197
2.108 8.917
1.0 4.176
1.098 4.176
1.414 4.176
1.822 4.269
2.292 4.257
2.885 4.176
3.707 4.176
4.775 4.203
6.111 4.394
7.442 5.922
5.39 8.772
2.156 8.778
1.0 4.176
1.104 4.176
1.422 4.176
1.831 4.176
2.358 4.176
3.037 4.176
3.913 4.176
5.04 4.212
6.435 4.609
7.394 5.493
6.301 7.763
2.52 9.383
1.008 5.294
1.0 4.176
1.243 4.176
1.601 4.176
2.062 4.176
2.656 4.186
3.413 4.176
4.395 4.226
5.592 4.781
6.116 6.973
2.446 9.775
1.0 6.304
1.0 4.176
1.203 4.176
1.549 4.176
1.995 4.25
2.522 4.176
3.242 4.269
4.08 4.347
5.018 4.748
5.517 6.335
3.192 9.18
1.277 7.248
1.0 4.176
1.165 4.244
1.475 4.176
1.896 4.176
2.441 4.29
3.056 4.239
3.861 4.328
4.777 4.447
5.713 5.359
5.148 8.099
2.059 9.974
1.0 4.176
1.056 4.176
1.36 4.176
1.751 4.176
2.255 4.176
2.904 4.198
3.72 4.184
4.779 4.302
5.963 4.263
7.486 5.354
6.812 7.61
2.725 10.186
1.09 4.926
1.0 4.176
1.258 4.176
1.62 4.176
2.086 4.176
2.687 4.176
3.46 4.176
4.457 4.256
5.627 4.465
6.713 5.002
6.806 6.69
3.1 9.24
1.24 5.652
1.0 4.176
1.229 4.176
1.582 4.176
2.038 4.176
2.625 4.197
3.364 4.176
4.33 4.248
5.478 4.308
6.811 4.974
7.009 7.426
2.804 9.659
1.121 4.411
1.114 4.176
1.425 4.176
1.835 4.176
2.364 4.208
3.02 4.176
3.887 4.311
4.84 4.181
6.2 4.329
7.684 4.642
8.714 6.371
4.98 9.08
1.992 7.724
1.0 4.176
1.146 4.176
1.476 4.176
1.901 4.176
2.448 4.176
3.154 4.234
4.004 4.333
4.949 4.212
6.288 4.506
7.431 5.434
6.502 8.07
2.601 9.645
1.04 5.277
1.0 4.176
1.244 4.176
1.602 4.176
2.063 4.176
2.658 4.176
3.423 4.253
4.326 4.176
5.559 4.47
6.641 5.289
6.126 7.833
2.451 9.225
1.0 4.512
1.0 4.176
1.274 4.176
1.641 4.176
2.114 4.242
2.679 4.176
3.444 4.181
4.43 4.411
5.375 4.861
5.703 6.725
2.567 9.568
1.027 7.426
1.0 4.176
1.158 4.176
1.491 4.176
1.92 4.224
2.444 4.329
3.024 4.233
3.822 4.23
4.849 4.176
6.236 4.198
7.99 5.25
7.556 7.525
3.022 9.527
1.209 5.319
1.0 4.176
1.242 4.176
1.6 4.176
2.06 4.176
2.654 4.176
3.418 4.176
4.403 4.176
5.672 4.407
6.89 5.316
6.314 7.586
2.526 9.56
1.01 5.912
1.0 4.176
1.218 4.219
1.553 4.176
1.997 4.176
2.572 4.176
3.313 4.491
3.935 4.23
4.952 4.249
6.253 4.182
8.025 5.246
7.605 7.378
3.042 10.024
1.217 6.056
1.0 4.176
1.213 4.176
1.562 4.176
2.011 4.201
2.575 4.176
3.314 4.197
4.246 4.352
5.228 4.245
6.583 4.944
6.854 6.616
3.3 8.38
1.32 5.196
1.05 4.204
1.3 4.176
1.673 4.184
2.151 4.176
2.769 4.257
3.496 4.227
4.436 4.294
5.538 4.181
7.1 4.898
7.515 7.017
3.006 9.565
1.202 5.969
1.0 4.215
1.204 4.215
1.534 4.226
1.949 4.218
2.48 4.176
3.191 4.236
4.05 4.234
5.132 4.226
6.518 4.46
7.796 5.828
5.859 8.822
2.344 8.983
1.0 4.176
1.096 4.176
1.411 4.176
1.818 4.176
2.341 4.176
3.016 4.176
3.885 4.233
4.935 4.271
6.197 4.377
7.563 5.476
6.556 7.54
2.622 9.472
1.049 5.521
1.0 4.176
1.234 4.176
1.59 4.244
2.013 4.176
2.588 4.228
3.291 4.197
4.21 4.241
5.333 4.43
6.426 4.838
6.86 6.218
4.201 8.996
1.68 8.186
1.0 4.176
1.128 4.176
1.452 4.176
1.871 4.176
2.409 4.176
3.104 4.198
3.976 4.329
4.925 4.181
6.307 4.484
7.506 5.764
5.787 8.338
2.315 8.74
1.0 4.214
1.093 4.176
1.407 4.176
1.812 4.212
2.313 4.25
2.922 4.309
3.631 4.365
4.44 4.262
5.565 4.451
6.664 5.612
5.468 8.433
2.187 9.249
1.0 4.176
1.085 4.176
1.398 4.204
1.788 4.176
2.301 4.176
2.963 4.3
3.701 4.333
4.564 4.176
5.851 4.509
6.918 5.373
6.187 7.92
2.475 8.97
1.0 4.176
1.096 4.176
1.412 4.197
1.809 4.176
2.329 4.201
2.982 4.415
3.612 4.176
4.618 4.176
5.949 4.408
7.226 4.948
7.468 7.251
2.987 9.078
1.195 4.402
1.219 4.176
1.559 4.176
2.008 4.176
2.587 4.176
3.333 4.176
4.294 4.188
5.516 4.176
7.104 4.203
9.091 4.373
11.134 5.356
10.08 7.86
4.032 9.56
1.613 5.217
1.196 4.19
1.486 4.176
1.913 4.176
2.465 4.207
3.151 4.196
4.035 4.205
5.158 4.176
6.64 4.222
8.458 4.347
10.423 4.606
11.933 6.046
8.074 8.587
3.23 8.329
1.292 4.176
1.45 4.176
1.867 4.224
2.377 4.176
3.058 4.176
3.94 4.313
4.904 4.176
6.292 4.176
8.107 4.35
9.998 4.893
10.533 6.885
4.213 9.579
1.685 6.946
1.0 4.176
1.177 4.176
1.517 4.176
1.954 4.176
2.517 4.176
3.243 4.285
4.066 4.203
5.187 4.256
6.546 4.784
7.147 6.344
4.108 8.918
1.643 6.87
1.0 4.232
1.163 4.232
1.475 4.176
1.896 4.217
2.418 4.176
3.112 4.176
4.01 4.176
5.166 4.176
6.657 4.522
7.845 5.914
5.664 8.614
2.266 8.74
1.0 4.298
1.067 4.176
1.369 4.176
1.764 4.176
2.273 4.355
2.799 4.2
3.565 4.176
4.589 4.395
5.594 4.495
6.591 5.593
5.439 8.764
2.176 9.778
1.0 4.176
1.064 4.236
1.351 4.176
1.737 4.189
2.23 4.263
2.81 4.249
3.546 4.176
4.558 4.176
5.873 4.644
6.693 5.612
5.442 7.87
2.177 8.638
1.0 4.176
1.11 4.176
1.43 4.176
1.842 4.176
2.373 4.232
3.015 4.199
3.856 4.259
4.863 4.176
6.249 4.421
7.566 5.317
6.929 7.633
2.772 9.516
1.109 4.176
1.191 4.191
1.529 4.176
1.969 4.176
2.537 4.176
3.269 4.196
4.191 4.176
5.397 4.479
6.434 4.486
7.579 4.47
8.963 5.872
6.61 8.35
2.644 7.72
1.058 4.176
1.213 4.195
1.555 4.176
2.002 4.176
2.58 4.176
3.324 4.206
4.252 4.326
5.271 4.282
6.583 4.369
8.051 4.949
8.333 7.18
3.333 9.66
1.333 6.244
1.0 4.176
1.206 4.176
1.553 4.262
1.959 4.176
2.517 4.176
3.243 4.176
4.179 4.176
5.385 4.358
6.628 4.381
8.061 4.997
8.217 6.897
3.287 9.109
1.315 5.885
1.0 4.176
1.22 4.176
1.572 4.176
2.026 4.25
2.562 4.286
3.204 4.247
4.043 4.236
5.121 4.396
6.229 5.161
6.021 7.465
2.408 9.211
1.0 5.158
1.0 4.176
1.249 4.176
1.609 4.176
2.074 4.326
2.573 4.176
3.3 4.29
4.133 4.459
4.936 5.1
4.854 6.435
2.589 8.967
1.035 7.494
1.0 4.176
1.156 4.176
1.489 4.176
1.918 4.176
2.472 4.176
3.185 4.176
4.104 4.257
5.183 4.319
6.426 4.477
7.629 5.689
6.069 8.035
2.427 8.503
1.0 4.202
1.107 4.202
1.416 4.291
1.771 4.176
2.274 4.252
2.876 4.176
3.697 4.452
4.439 4.192
5.649 4.711
6.315 6.627
3.08 9.182
1.232 6.866
1.0 4.2
1.173 4.176
1.51 4.176
1.946 4.176
2.508 4.176
3.231 4.282
4.055 4.332
5.007 4.509
5.891 5.916
4.253 8.91
1.701 8.556
1.0 4.176
1.113 4.176
1.434 4.176
1.848 4.197
2.369 4.248
2.996 4.324
3.71 4.176
4.759 4.376
5.83 4.247
7.335 4.85
7.859 6.823
3.3 9.805
1.32 6.873
1.0 4.176
1.18 4.176
1.521 4.24
1.929 4.176
2.48 4.176
3.196 4.176
4.118 4.367
5.056 4.258
6.344 5.38
5.725 8.133
2.29 9.363
1.0 4.195
1.075 4.279
1.349 4.207
1.719 4.176
2.213 4.238
2.807 4.176
3.61 4.176
4.652 4.367
5.712 4.32
7.055 5.679
5.679 8.178
2.271 9.084
1.0 4.176
1.092 4.259
1.378 4.176
1.771 4.176
2.282 4.176
2.94 4.176
3.789 4.197
4.857 4.439
5.848 4.484
6.901 5.934
4.95 8.298
1.98 9.176
1.0 4.176
1.088 4.176
1.402 4.226
1.784 4.176
2.295 4.176
2.958 4.213
3.776 4.236
4.788 4.482
5.692 4.534
6.618 6.494
3.554 9.17
1.422 7.646
1.0 4.176
1.15 4.176
1.481 4.176
1.908 4.258
2.409 4.24
3.047 4.225
3.87 4.176
4.979 4.313
6.199 5.072
6.188 7.016
2.475 9.746
1.0 6.731
1.0 4.216
1.173 4.216
1.495 4.176
1.924 4.176
2.478 4.255
3.131 4.176
4.024 4.176
5.185 4.426
6.269 4.744
6.883 6.16
4.369 9.214
1.748 7.697
1.0 4.176
1.147 4.176
1.478 4.176
1.905 4.176
2.454 4.225
3.123 4.197
3.997 4.259
5.041 4.377
6.157 4.644
6.968 6.296
4.15 9.02
1.66 7.077
1.0 4.176
1.172 4.176
1.51 4.176
1.946 4.176
2.507 4.225
3.191 4.303
3.976 4.212
5.058 4.322
6.275 4.814
6.776 6.738
3.037 9.426
1.215 6.282
1.0 4.176
1.204 4.176
1.551 4.243
1.966 4.176
2.527 4.217
3.223 4.188
4.135 4.323
5.133 4.287
6.403 4.906
6.736 6.602
3.286 9.41
1.314 7.694
1.0 4.176
1.148 4.176
1.478 4.176
1.905 4.176
2.454 4.176
3.162 4.239
4.01 4.485
4.763 4.818
5.106 6.891
2.042 10.297
1.0 6.121
1.0 4.176
1.21 4.176
1.559 4.176
2.009 4.176
2.588 4.214
3.303 4.176
4.251 4.176
5.477 4.235
6.954 4.527
8.167 5.635
6.619 8.671
2.648 10.575
1.059 4.283
1.057 4.176
1.357 4.176
1.748 4.176
2.252 4.229
2.864 4.176
3.683 4.176
4.746 4.195
6.085 4.258
7.677 4.73
8.514 6.37
4.841 9.254
1.936 7.1
1.0 4.176
1.171 4.176
1.509 4.176
1.944 4.335
2.406 4.239
3.036 4.176
3.904 4.176
5.03 4.176
6.481 4.34
8.012 4.813
8.648 6.683
4.027 9.679
1.611 7.762
1.0 4.176
1.145 4.176
1.475 4.177
1.899 4.176
2.447 4.176
3.152 4.176
4.061 4.365
4.988 4.24
6.288 4.459
7.519 6.143
4.899 8.645
1.96 7.457
1.0 4.176
1.157 4.176
1.49 4.253
1.884 4.176
2.421 4.176
3.119 4.213
3.982 4.31
4.955 4.176
6.357 4.692
7.148 5.848
5.262 8.343
2.105 8.541
1.0 4.176
1.114 4.176
1.435 4.226
1.825 4.176
2.348 4.176
3.025 4.284
3.794 4.25
4.782 4.212
6.093 4.517
7.181 5.777
5.499 8.213
2.199 9.077
1.0 4.176
1.092 4.176
1.407 4.176
1.813 4.176
2.335 4.176
3.009 4.176
3.877 4.176
4.995 4.26
6.302 4.324
7.802 5.189
7.494 7.591
2.997 9.362
1.199 5.062
1.0 4.176
1.253 4.176
1.614 4.184
2.075 4.176
2.673 4.176
3.444 4.393
4.2 4.286
5.228 4.349
6.426 5.384
5.767 7.97
2.307 8.846
1.0 4.176
1.101 4.176
1.419 4.176
1.828 4.176
2.356 4.176
3.035 4.254
3.835 4.223
4.872 4.176
6.269 4.363
7.705 4.804
8.331 6.884
3.351 9.621
1.34 6.849
1.0 4.176
1.181 4.176
1.522 4.229
1.935 4.176
2.489 4.176
3.207 4.349
3.956 4.176
5.07 4.249
6.415 5.047
6.47 7.007
2.588 9.257
1.035 6.353
1.0 4.176
1.201 4.176
1.548 4.176
1.994 4.176
2.569 4.176
3.31 4.176
4.265 4.176
5.495 4.292
6.878 4.303
8.552 5.523
7.313 8.673
2.925 10.269
1.17 4.937
1.0 4.176
1.258 4.176
1.62 4.217
2.067 4.274
2.595 4.222
3.295 4.176
4.239 4.256
5.354 4.249
6.757 4.576
7.828 6.38
4.474 9.314
1.79 8.526
1.0 4.176
1.114 4.176
1.435 4.242
1.819 4.176
2.339 4.176
3.013 4.249
3.812 4.192
4.881 4.176
6.286 4.299
7.854 4.856
8.383 6.705
3.831 9.064
1.532 6.271
1.0 4.245
1.183 4.28
1.481 4.176
1.902 4.248
2.407 4.212
3.067 4.184
3.939 4.271
4.955 4.302
6.167 5.07
6.162 6.818
2.542 8.788
1.017 6.463
1.0 4.176
1.197 4.176
1.542 4.176
1.987 4.176
2.559 4.308
3.19 4.176
4.094 4.5
4.853 4.191
6.167 4.823
6.673 6.403
3.7 8.389
1.48 5.977
1.0 4.176
1.216 4.176
1.567 4.176
2.019 4.176
2.602 4.207
3.326 4.242
4.212 4.2
5.384 4.309
6.705 5.65
5.461 8.511
2.185 9.147
1.0 4.228
1.073 4.176
1.38 4.176
1.778 4.176
2.291 4.176
2.952 4.176
3.804 4.324
4.722 4.262
5.927 4.253
7.472 4.85
8.004 6.76
3.521 9.287
1.408 6.327
1.0 4.176
1.202 4.176
1.549 4.176
1.996 4.176
2.572 4.176
3.314 4.176
4.27 4.301
5.332 4.39
6.481 4.766
7.08 6.19
4.422 8.944
1.769 7.206
1.0 4.176
1.167 4.176
1.504 4.256
1.899 4.176
2.441 4.176
3.146 4.176
4.053 4.176
5.223 4.176
6.73 4.233
8.551 5.261
8.049 7.571
3.22 8.167
1.288 4.176
1.454 4.176
1.873 4.229
2.382 4.176
3.064 4.176
3.949 4.221
5.032 4.176
6.475 4.23
8.233 4.201
10.527 4.192
13.503 4.556
15.762 5.856
11.652 8.707
4.661 9.039
1.864 4.263
1.988 4.176
2.555 4.176
3.292 4.176
4.242 4.207
5.425 4.176
6.984 4.176
9.0 4.221
11.47 4.209
14.641 4.329
18.137 4.501
21.39 4.422
25.616 5.406
22.743 8.045
