1.0 4.932
1.026 4.932
1.055 4.176
1.354 4.176
1.79 4.176
2.374 4.176
3.156 4.176
4.202 4.196
5.575 4.59
6.684 6.93
2.833 10.524
1.133 7.504
1.0 4.176
1.145 4.212
1.455 4.176
1.871 4.181
2.411 4.202
3.098 4.252
3.937 4.354
4.876 5.731
3.872 8.967
1.549 8.646
1.0 4.176
1.099 4.176
1.408 4.221
1.786 4.176
2.292 4.176
2.952 4.176
3.807 4.25
4.827 4.2
6.19 4.633
7.104 5.897
5.162 8.268
2.065 8.868
1.0 4.176
1.094 4.176
1.404 4.176
1.804 4.176
2.321 4.176
2.99 4.176
3.856 4.183
4.969 4.355
6.134 4.656
6.948 6.12
4.541 9.666
1.816 8.25
1.0 4.247
1.097 4.247
1.379 4.176
1.768 4.176
2.273 4.176
2.925 4.216
3.73 4.238
4.728 4.303
5.895 4.347
7.258 5.839
5.473 8.353
2.189 8.335
1.0 4.176
1.118 4.176
1.436 4.176
1.847 4.176
2.378 4.176
3.062 4.176
3.946 4.203
5.056 4.276
6.357 4.626
7.271 5.95
5.147 8.812
2.059 7.954
1.0 4.176
1.134 4.176
1.458 4.214
1.859 4.296
2.32 4.176
2.977 4.183
3.831 4.177
4.938 4.193
6.345 4.253
8.032 4.81
8.727 6.527
4.513 9.159
1.805 7.28
1.0 4.176
1.162 4.176
1.496 4.176
1.926 4.176
2.481 4.176
3.198 4.176
4.123 4.176
5.32 4.203
6.821 4.439
8.229 5.871
6.098 9.039
2.439 9.592
1.0 4.327
1.021 4.176
1.307 4.176
1.683 4.176
2.166 4.387
2.645 4.253
3.321 4.222
4.222 4.182
5.429 4.584
6.297 5.544
5.278 8.499
2.111 9.231
1.0 4.201
1.076 4.201
1.374 4.176
1.767 4.176
2.275 4.176
2.93 4.176
3.776 4.393
4.606 4.286
5.737 4.584
6.629 6.088
4.406 8.118
1.762 7.269
1.0 4.176
1.163 4.176
1.497 4.176
1.928 4.176
2.484 4.211
3.174 4.176
4.088 4.176
5.271 4.228
6.713 4.937
7.022 6.541
3.56 9.403
1.424 7.807
1.0 4.176
1.141 4.176
1.469 4.223
1.869 4.291
2.336 4.199
2.981 4.176
3.839 4.176
4.949 4.269
6.235 4.405
7.564 6.125
4.995 9.509
1.998 8.771
1.0 4.199
1.095 4.199
1.4 4.176
1.801 4.18
2.316 4.279
2.906 4.19
3.719 4.241
4.713 4.416
5.703 4.598
6.531 6.402
3.682 9.261
1.473 7.451
1.0 4.176
1.155 4.176
1.487 4.176
1.913 4.202
2.448 4.433
2.949 4.176
3.768 4.176
4.855 4.413
5.891 4.609
6.725 6.937
2.69 9.985
1.076 5.993
1.0 4.176
1.214 4.176
1.562 4.213
1.992 4.176
2.562 4.176
3.299 4.176
4.249 4.176
5.475 4.176
7.056 4.566
8.219 5.742
6.371 8.4
2.548 9.037
1.019 4.253
1.088 4.176
1.397 4.195
1.79 4.176
2.304 4.176
2.967 4.193
3.805 4.176
4.901 4.192
6.291 4.298
7.861 4.874
8.35 7.064
3.34 9.563
1.336 7.679
1.0 4.176
1.146 4.176
1.475 4.188
1.893 4.198
2.423 4.176
3.119 4.229
3.964 4.458
4.743 4.413
5.699 5.118
5.582 7.338
2.233 9.517
1.0 5.812
1.0 4.176
1.221 4.176
1.571 4.176
2.022 4.176
2.604 4.176
3.352 4.176
4.318 4.176
5.562 4.559
6.488 4.828
6.915 6.592
3.413 9.094
1.365 6.842
1.0 4.176
1.18 4.309
1.469 4.176
1.883 4.241
2.385 4.176
3.065 4.226
3.898 4.239
4.936 4.497
5.842 5.832
4.374 9.107
1.75 8.692
1.0 4.253
1.081 4.176
1.388 4.176
1.786 4.187
2.292 4.176
2.95 4.245
3.734 4.255
4.704 4.368
5.757 4.653
6.498 6.681
3.067 9.549
1.227 6.681
1.0 4.176
1.186 4.176
1.526 4.196
1.955 4.176
2.514 4.176
3.237 4.176
4.168 4.182
5.36 4.269
6.744 4.582
7.792 5.958
5.494 8.106
2.198 8.04
1.0 4.176
1.132 4.176
1.457 4.176
1.876 4.176
2.415 4.225
3.072 4.336
3.795 4.382
4.615 4.48
5.461 5.794
4.157 8.51
1.663 8.939
1.0 4.27
1.066 4.186
1.365 4.3
1.702 4.215
2.161 4.176
2.779 4.342
3.431 4.321
4.238 4.376
5.164 4.949
5.34 7.733
2.136 9.992
1.0 4.934
1.0 4.211
1.245 4.211
1.587 4.176
2.04 4.176
2.626 4.332
3.25 4.176
4.164 4.249
5.266 4.928
5.507 7.5
2.203 9.574
1.0 5.629
1.0 4.176
1.228 4.176
1.58 4.176
2.034 4.176
2.618 4.347
3.227 4.212
4.096 4.176
5.268 4.776
5.778 6.099
3.767 9.121
1.507 7.487
1.0 4.176
1.154 4.176
1.485 4.182
1.908 4.176
2.455 4.243
3.107 4.241
3.927 4.251
4.952 4.242
6.258 4.804
6.793 6.716
3.088 9.338
1.235 6.378
1.0 4.176
1.198 4.176
1.542 4.176
1.985 4.176
2.554 4.176
3.288 4.178
4.231 4.31
5.268 4.201
6.713 4.708
7.504 5.556
6.21 7.827
2.484 9.579
1.0 5.007
1.0 4.176
1.253 4.176
1.613 4.176
2.076 4.176
2.672 4.176
3.44 4.241
4.358 4.225
5.532 4.288
6.917 5.503
5.957 7.798
2.383 9.874
1.0 5.371
1.0 4.176
1.239 4.176
1.594 4.176
2.051 4.176
2.64 4.398
3.212 4.245
4.036 4.406
4.89 4.606
5.583 5.977
3.894 8.745
1.558 8.904
1.0 4.176
1.097 4.176
1.412 4.176
1.816 4.207
2.319 4.194
2.968 4.255
3.744 4.241
4.73 4.198
6.045 4.371
7.403 5.587
6.151 8.114
2.461 9.284
1.0 4.697
1.0 4.176
1.266 4.176
1.629 4.176
2.096 4.176
2.697 4.176
3.471 4.249
4.388 4.198
5.606 4.332
6.935 5.778
5.353 8.004
2.141 8.868
1.0 4.176
1.099 4.176
1.414 4.176
1.82 4.176
2.342 4.176
3.014 4.176
3.88 4.379
4.745 4.176
6.071 4.899
6.422 6.643
3.044 9.673
1.217 6.469
1.0 4.237
1.175 4.237
1.487 4.234
1.882 4.176
2.418 4.176
3.113 4.252
3.932 4.201
5.019 4.209
6.405 4.414
7.755 5.442
6.79 7.473
2.716 9.685
1.086 4.385
1.086 4.176
1.389 4.176
1.787 4.176
2.301 4.176
2.962 4.216
3.775 4.176
4.855 4.347
5.988 4.176
7.67 4.577
8.9 5.876
6.508 8.641
2.603 8.543
1.041 4.191
1.153 4.217
1.468 4.19
1.881 4.176
2.421 4.176
3.117 4.176
4.013 4.291
5.021 4.205
6.397 4.631
7.306 5.987
5.068 8.795
2.027 8.795
1.0 4.288
1.067 4.288
1.33 4.176
1.706 4.213
2.176 4.279
2.726 4.176
3.499 4.181
4.5 4.45
5.402 4.997
5.487 7.817
2.195 9.503
1.0 4.256
1.048 4.176
1.346 4.246
1.702 4.176
2.187 4.176
2.815 4.298
3.516 4.234
4.445 4.176
5.714 4.519
6.735 5.831
5.037 8.381
2.015 8.228
1.0 4.224
1.11 4.179
1.425 4.176
1.834 4.176
2.362 4.251
2.984 4.176
3.834 4.253
4.843 4.232
6.137 4.176
7.89 4.853
8.464 6.979
3.386 9.737
1.354 7.065
1.0 4.306
1.13 4.227
1.43 4.176
1.839 4.185
2.362 4.176
3.04 4.203
3.888 4.205
4.967 4.303
6.191 5.167
5.991 7.271
2.396 9.647
1.0 5.876
1.0 4.176
1.219 4.176
1.569 4.176
2.02 4.176
2.6 4.176
3.348 4.247
4.236 4.451
5.072 4.216
6.412 4.681
7.218 6.217
4.464 8.605
1.786 7.797
1.0 4.176
1.142 4.176
1.47 4.176
1.893 4.192
2.427 4.176
3.124 4.196
4.003 4.18
5.147 4.293
6.436 4.406
7.789 5.71
6.16 8.866
2.464 9.097
1.0 4.176
1.09 4.176
1.403 4.214
1.79 4.176
2.301 4.176
2.963 4.176
3.816 4.178
4.911 4.223
6.251 4.381
7.633 5.613
6.28 8.469
2.512 9.386
1.005 4.176
1.084 4.176
1.395 4.176
1.796 4.176
2.312 4.176
2.977 4.176
3.834 4.27
4.823 4.234
6.104 4.176
7.848 4.806
8.537 6.986
3.415 9.826
1.366 7.406
1.0 4.176
1.158 4.183
1.488 4.196
1.906 4.199
2.438 4.237
3.089 4.176
3.971 4.236
5.037 4.393
6.128 4.85
6.525 6.226
3.973 8.744
1.589 6.514
1.0 4.176
1.194 4.176
1.537 4.24
1.947 4.176
2.503 4.201
3.203 4.28
4.015 4.282
5.019 4.228
6.36 5.143
6.223 7.223
2.489 9.749
1.0 6.29
1.0 4.176
1.203 4.176
1.548 4.176
1.993 4.176
2.566 4.176
3.305 4.176
4.255 4.181
5.473 4.341
6.761 4.92
7.064 6.392
3.909 9.134
1.564 7.149
1.0 4.176
1.168 4.176
1.504 4.187
1.931 4.317
2.399 4.291
2.988 4.257
3.757 4.176
4.826 4.288
6.044 5.002
6.169 7.226
2.468 9.512
1.0 5.627
1.0 4.211
1.218 4.211
1.553 4.247
1.962 4.266
2.465 4.222
3.129 4.176
4.023 4.371
4.932 4.463
5.863 4.606
6.683 6.154
4.288 8.57
1.715 7.792
1.0 4.176
1.143 4.176
1.471 4.176
1.894 4.176
2.439 4.176
3.141 4.242
3.978 4.224
5.053 4.311
6.281 4.444
7.521 5.956
5.349 8.626
2.14 8.56
1.0 4.176
1.112 4.176
1.432 4.176
1.843 4.176
2.373 4.271
2.985 4.313
3.702 4.485
4.384 4.467
5.186 4.653
5.833 6.237
3.578 8.993
1.431 8.285
1.0 4.194
1.117 4.194
1.431 4.176
1.841 4.176
2.371 4.176
3.053 4.396
3.717 4.389
4.503 4.243
5.665 4.711
6.317 6.727
2.875 9.709
1.15 6.441
1.0 4.176
1.197 4.176
1.541 4.176
1.983 4.176
2.554 4.176
3.288 4.176
4.234 4.176
5.453 4.176
7.023 4.316
8.733 5.304
8.066 7.818
3.226 10.11
1.291 5.602
1.0 4.176
1.23 4.176
1.584 4.176
2.039 4.176
2.625 4.185
3.373 4.302
4.207 4.204
5.359 4.421
6.478 4.565
7.479 6.405
4.214 9.459
1.685 8.259
1.0 4.176
1.124 4.176
1.447 4.176
1.862 4.176
2.398 4.176
3.087 4.176
3.975 4.176
5.119 4.34
6.325 4.267
7.922 4.975
8.161 7.289
3.264 9.929
1.306 6.633
1.0 4.176
1.189 4.239
1.507 4.176
1.936 4.176
2.492 4.313
3.1 4.265
3.887 4.295
4.844 4.398
5.873 4.965
6.037 7.445
2.415 9.719
1.0 5.777
1.0 4.176
1.223 4.176
1.574 4.176
2.027 4.215
2.584 4.192
3.31 4.388
4.036 4.436
4.829 4.639
5.457 5.944
3.858 8.576
1.543 8.808
1.0 4.251
1.078 4.251
1.358 4.176
1.744 4.176
2.246 4.176
2.891 4.346
3.566 4.327
4.395 4.375
5.355 4.734
5.902 6.742
2.651 9.583
1.06 6.331
1.0 4.176
1.201 4.194
1.539 4.176
1.98 4.176
2.548 4.176
3.281 4.176
4.224 4.176
5.438 4.176
7.002 4.512
8.269 5.232
7.76 7.926
3.104 9.47
1.242 4.466
1.221 4.176
1.557 4.176
2.004 4.176
2.58 4.249
3.262 4.251
4.112 4.24
5.199 4.176
6.681 4.369
8.194 4.383
9.949 5.024
10.047 7.154
4.019 9.758
1.608 6.388
1.0 4.176
1.199 4.176
1.543 4.219
1.965 4.273
2.466 4.176
3.166 4.204
4.048 4.287
5.065 4.28
6.333 5.159
6.149 6.963
2.46 9.897
1.0 6.147
1.0 4.176
1.208 4.176
1.555 4.176
2.002 4.176
2.578 4.176
3.319 4.257
4.188 4.341
5.159 4.286
6.429 4.373
7.848 5.669
6.318 8.453
2.527 8.67
1.011 4.176
1.119 4.176
1.441 4.176
1.855 4.253
2.343 4.204
2.989 4.195
3.827 4.176
4.925 4.417
5.965 4.298
7.392 5.27
6.912 8.044
2.765 9.822
1.106 4.994
1.0 4.176
1.255 4.176
1.615 4.176
2.079 4.176
2.677 4.176
3.447 4.176
4.438 4.258
5.599 4.405
6.785 5.089
6.705 7.432
2.682 9.706
1.073 4.586
1.004 4.176
1.276 4.176
1.642 4.176
2.115 4.176
2.723 4.176
3.506 4.176
4.515 4.256
5.699 4.544
6.654 6.26
4.061 8.987
1.624 8.079
1.0 4.176
1.131 4.176
1.456 4.258
1.837 4.331
2.268 4.261
2.845 4.211
3.622 4.176
4.659 4.176
6.0 4.827
6.485 6.755
2.863 9.443
1.145 6.295
1.0 4.176
1.203 4.176
1.548 4.176
1.993 4.277
2.502 4.176
3.212 4.176
4.136 4.298
5.165 4.649
5.85 5.876
4.26 9.072
1.704 8.565
1.0 4.176
1.112 4.176
1.431 4.176
1.842 4.243
2.333 4.176
2.997 4.176
3.859 4.357
4.747 4.176
6.078 4.305
7.578 5.364
6.856 7.606
2.743 9.734
1.097 4.176
1.168 4.176
1.504 4.176
1.936 4.176
2.493 4.176
3.21 4.176
4.133 4.176
5.322 4.176
6.854 4.176
8.827 4.624
10.111 5.383
8.96 8.19
3.584 9.624
1.434 4.199
1.523 4.176
1.959 4.176
2.522 4.176
3.247 4.233
4.123 4.27
5.176 4.302
6.439 4.176
8.26 4.418
10.003 4.383
12.128 5.151
11.759 6.807
4.847 8.951
1.939 5.465
1.331 4.176
1.645 4.176
2.119 4.176
2.728 4.215
3.48 4.176
4.476 4.176
5.765 4.176
7.425 4.176
9.563 4.617
10.978 6.039
7.442 8.707
2.977 8.531
1.191 4.176
1.326 4.176
1.707 4.176
2.198 4.179
2.829 4.239
3.586 4.176
4.61 4.236
5.85 4.176
7.521 4.512
8.884 5.034
8.9 6.642
4.179 9.155
1.671 6.61
1.0 4.176
1.19 4.176
1.533 4.176
1.974 4.176
2.542 4.324
3.155 4.275
3.945 4.176
5.066 4.558
5.91 4.687
6.562 6.027
4.456 7.992
1.782 7.421
1.0 4.176
1.158 4.176
1.491 4.176
1.921 4.176
2.474 4.176
3.186 4.234
4.045 4.218
5.148 4.26
6.485 4.545
7.572 6.141
4.911 9.027
1.964 7.611
1.0 4.176
1.15 4.176
1.482 4.176
1.908 4.247
2.415 4.176
3.103 4.176
3.997 4.335
4.947 4.256
6.216 4.463
7.421 6.083
4.974 9.251
1.99 8.135
1.0 4.176
1.129 4.176
1.455 4.176
1.873 4.24
2.375 4.176
3.053 4.176
3.932 4.263
4.956 4.243
6.262 4.506
7.393 5.158
7.118 7.176
2.847 9.206
1.139 4.233
1.217 4.176
1.565 4.176
2.015 4.215
2.571 4.176
3.308 4.276
4.156 4.176
5.337 4.259
6.735 4.371
8.238 5.319
7.555 7.989
3.022 10.049
1.209 4.665
1.085 4.176
1.376 4.176
1.772 4.176
2.283 4.268
2.874 4.223
3.648 4.176
4.693 4.176
6.046 4.419
7.322 4.637
8.289 6.18
5.243 9.295
2.097 8.197
1.0 4.176
1.127 4.176
1.452 4.176
1.87 4.176
2.408 4.197
3.086 4.176
3.973 4.28
4.987 4.268
6.258 4.73
6.937 6.642
3.343 9.588
1.337 7.796
1.0 4.26
1.116 4.26
1.404 4.176
1.804 4.202
2.308 4.248
2.918 4.242
3.689 4.258
4.646 4.397
5.643 4.991
5.757 6.819
2.39 8.556
1.0 4.923
1.0 4.176
1.258 4.176
1.62 4.341
2.002 4.253
2.517 4.176
3.234 4.344
3.994 4.247
5.028 4.821
5.432 6.585
2.696 9.562
1.079 6.018
1.0 4.176
1.214 4.176
1.564 4.176
2.014 4.176
2.595 4.231
3.297 4.176
4.24 4.236
5.382 4.31
6.691 4.573
7.74 6.245
4.756 8.603
1.902 7.703
1.0 4.176
1.147 4.176
1.477 4.176
1.903 4.176
2.451 4.209
3.132 4.176
4.031 4.176
5.193 4.301
6.484 4.477
7.701 4.729
8.475 6.636
4.101 8.904
1.641 6.169
1.0 4.243
1.187 4.176
1.526 4.176
1.966 4.176
2.532 4.197
3.246 4.265
4.087 4.354
5.02 4.285
6.258 5.539
5.324 8.37
2.129 9.102
1.0 4.176
1.091 4.176
1.405 4.219
1.791 4.176
2.304 4.176
2.969 4.176
3.825 4.242
4.847 4.263
6.099 4.502
7.205 6.27
4.391 9.402
1.756 8.859
1.0 4.176
1.101 4.176
1.418 4.176
1.826 4.176
2.352 4.176
3.03 4.176
3.904 4.248
4.94 4.176
6.351 4.558
7.411 4.989
7.519 6.938
3.008 9.325
1.203 5.485
1.0 4.176
1.236 4.176
1.592 4.176
2.051 4.225
2.61 4.251
3.295 4.228
4.18 4.245
5.286 4.415
6.394 5.081
6.337 6.937
2.535 9.607
1.014 6.331
1.0 4.239
1.182 4.239
1.496 4.228
1.898 4.176
2.441 4.176
3.145 4.274
3.954 4.245
4.992 4.22
6.348 4.558
7.397 5.706
5.818 8.48
2.327 9.854
1.0 4.763
1.0 4.187
1.261 4.187
1.619 4.176
2.085 4.176
2.686 4.176
3.46 4.216
4.414 4.479
5.254 4.652
5.911 5.795
4.459 8.562
1.784 8.5
1.0 4.176
1.115 4.176
1.436 4.19
1.844 4.176
2.374 4.181
3.054 4.178
3.932 4.232
4.995 4.246
6.313 4.428
7.61 5.796
5.807 8.628
2.323 8.64
1.0 4.176
1.109 4.176
1.429 4.176
1.841 4.176
2.371 4.176
3.055 4.208
3.904 4.176
5.025 4.231
6.386 4.308
7.945 5.488
6.88 8.098
2.752 9.589
1.101 4.176
1.179 4.176
1.519 4.176
1.957 4.213
2.498 4.176
3.214 4.251
4.064 4.302
5.061 4.195
6.464 4.353
7.96 5.063
7.954 7.066
3.182 9.88
1.273 6.232
1.0 4.176
1.206 4.176
1.553 4.176
2.001 4.176
2.577 4.176
3.32 4.176
4.277 4.176
5.511 4.176
7.1 4.176
9.148 4.654
10.396 6.676
4.931 10.036
1.972 7.99
1.0 4.252
1.111 4.252
1.401 4.176
1.801 4.176
2.319 4.176
2.988 4.321
3.711 4.176
4.76 4.243
6.031 4.311
7.495 5.263
7.025 7.188
2.81 9.216
1.124 4.584
1.075 4.176
1.368 4.176
1.762 4.254
2.226 4.176
2.861 4.176
3.686 4.233
4.682 4.176
6.021 4.176
7.758 4.789
8.484 6.489
4.483 9.184
1.793 7.912
1.0 4.176
1.139 4.176
1.467 4.176
1.889 4.186
2.428 4.176
3.127 4.176
4.029 4.224
5.129 4.236
6.501 4.555
7.577 6.079
5.062 8.803
2.025 8.455
1.0 4.176
1.117 4.176
1.439 4.176
1.853 4.176
2.388 4.176
3.076 4.208
3.932 4.394
4.788 4.191
6.104 5.106
6.056 7.302
2.422 10.11
1.0 6.285
1.0 4.176
1.204 4.176
1.55 4.176
1.997 4.176
2.573 4.176
3.314 4.197
4.248 4.204
5.431 4.266
6.836 4.49
8.1 5.514
6.888 7.998
2.755 8.908
1.102 4.666
1.039 4.176
1.318 4.271
1.658 4.227
2.103 4.176
2.705 4.176
3.485 4.325
4.324 4.279
5.404 4.556
6.287 5.327
5.704 7.767
2.281 9.801
1.0 4.407
1.0 4.24
1.259 4.176
1.618 4.176
2.084 4.176
2.685 4.189
3.448 4.176
4.44 4.426
5.368 4.7
5.968 5.861
4.366 9.034
1.746 8.095
1.0 4.176
1.131 4.176
1.457 4.176
1.877 4.176
2.418 4.19
3.104 4.225
3.949 4.177
5.079 4.178
6.54 4.226
8.322 5.026
8.456 7.091
3.383 9.683
1.353 6.583
1.0 4.24
1.171 4.22
1.49 4.176
1.916 4.176
2.468 4.176
3.18 4.176
4.097 4.176
5.278 4.374
6.468 5.286
5.999 8.248
2.4 9.628
1.0 4.948
1.0 4.176
1.257 4.176
1.619 4.176
2.086 4.176
2.687 4.248
3.4 4.176
4.371 4.176
5.631 4.463
6.741 5.171
6.474 7.39
2.59 8.134
1.036 4.176
1.17 4.21
1.495 4.176
1.924 4.176
2.478 4.176
3.193 4.176
4.114 4.176
5.3 4.176
6.829 4.408
8.296 4.92
8.649 6.886
3.46 9.662
1.384 6.87
1.0 4.176
1.18 4.176
1.521 4.182
1.956 4.176
2.519 4.176
3.246 4.22
4.137 4.181
5.316 4.347
6.559 5.125
6.427 7.117
2.571 9.733
1.028 6.931
1.0 4.176
1.178 4.176
1.517 4.176
1.955 4.227
2.486 4.211
3.17 4.241
4.014 4.183
5.153 4.246
6.523 4.487
7.74 5.186
7.391 7.375
2.956 9.37
1.183 4.914
1.0 4.176
1.259 4.176
1.621 4.176
2.089 4.176
2.691 4.176
3.467 4.218
4.421 4.181
5.681 4.266
7.157 5.52
6.137 7.684
2.455 9.76
1.0 5.653
1.0 4.182
1.227 4.182
1.578 4.176
2.033 4.176
2.619 4.268
3.297 4.176
4.236 4.176
5.457 4.223
6.949 5.291
6.477 7.784
2.591 9.452
1.036 5.384
1.0 4.176
1.24 4.176
1.597 4.176
2.057 4.259
2.596 4.176
3.336 4.176
4.298 4.186
5.524 4.337
6.832 5.546
5.782 8.186
2.313 9.332
1.0 4.176
1.082 4.176
1.394 4.207
1.782 4.176
2.293 4.203
2.934 4.176
3.777 4.252
4.775 4.235
6.048 4.413
7.322 4.877
7.732 7.092
3.093 9.276
1.237 5.324
1.0 4.176
1.242 4.176
1.6 4.243
2.028 4.176
2.607 4.258
3.291 4.176
4.229 4.176
5.448 4.325
6.762 5.219
6.43 7.374
2.572 9.156
1.029 4.764
1.0 4.176
1.265 4.176
1.629 4.195
2.089 4.176
2.69 4.184
3.459 4.248
4.377 4.317
5.431 4.922
5.678 6.934
2.271 9.663
1.0 6.654
1.0 4.304
1.148 4.304
1.427 4.176
1.831 4.176
2.358 4.176
3.039 4.212
3.88 4.229
4.928 4.176
6.339 4.588
7.337 5.812
5.516 8.65
2.206 8.368
1.0 4.176
1.121 4.176
1.443 4.176
1.86 4.176
2.396 4.176
3.087 4.176
3.977 4.197
5.097 4.244
6.453 4.539
7.553 5.687
5.993 8.387
2.397 9.089
1.0 4.193
1.086 4.199
1.391 4.216
1.773 4.176
2.281 4.176
2.939 4.176
3.786 4.303
4.725 4.307
5.868 4.634
6.675 5.346
5.995 7.589
2.398 8.627
1.0 4.231
1.093 4.176
1.405 4.176
1.811 4.176
2.333 4.176
3.006 4.218
3.832 4.404
4.654 4.176
5.954 4.273
7.489 5.405
6.694 7.409
2.677 9.329
1.071 6.5
1.0 4.176
1.195 4.176
1.54 4.176
1.984 4.176
2.556 4.285
3.205 4.258
4.031 4.232
5.109 4.366
6.263 4.439
7.499 5.767
5.79 8.755
2.316 9.294
1.0 4.176
1.084 4.176
1.396 4.187
1.793 4.176
2.31 4.246
2.924 4.311
3.634 4.176
4.663 4.215
5.95 4.176
7.658 4.959
7.96 6.836
3.274 9.237
1.31 6.309
1.0 4.176
1.203 4.176
1.55 4.176
1.997 4.176
2.573 4.176
3.315 4.235
4.209 4.176
5.413 4.176
6.975 4.354
8.593 4.886
9.071 6.691
4.176 9.491
1.67 6.857
1.0 4.176
1.181 4.176
1.522 4.176
1.96 4.176
2.526 4.176
3.255 4.264
4.102 4.33
5.071 4.307
6.291 4.937
6.552 6.289
3.84 8.16
1.536 7.428
1.0 4.176
1.158 4.176
1.492 4.176
1.923 4.226
2.447 4.176
3.148 4.294
3.938 4.176
5.055 4.2
6.476 4.479
7.715 5.899
5.621 8.737
2.248 9.043
1.0 4.223
1.079 4.223
1.372 4.176
1.765 4.176
2.274 4.176
2.929 4.23
3.724 4.176
4.791 4.234
6.085 4.679
6.854 5.847
5.052 7.919
2.021 8.547
1.0 4.249
1.09 4.249
1.376 4.176
1.769 4.176
2.279 4.176
2.937 4.264
3.702 4.402
4.492 4.302
5.567 4.911
5.845 7.243
2.338 9.661
1.0 5.374
1.0 4.176
1.24 4.176
1.598 4.185
2.055 4.288
2.573 4.176
3.304 4.176
4.258 4.351
5.249 4.581
6.051 6.054
4.086 8.818
1.634 7.471
1.0 4.256
1.131 4.256
1.425 4.176
1.831 4.176
2.36 4.192
3.028 4.176
3.9 4.325
4.841 4.391
5.878 4.814
6.331 6.542
3.233 8.776
1.293 6.472
1.0 4.176
1.197 4.176
1.542 4.219
1.965 4.176
2.529 4.176
3.258 4.202
4.172 4.176
5.371 4.176
6.922 4.506
8.194 5.506
6.985 8.14
2.794 9.085
1.118 4.176
1.22 4.176
1.573 4.24
1.994 4.176
2.564 4.202
3.283 4.214
4.187 4.176
5.39 4.445
6.484 4.374
7.878 4.559
9.131 6.087
6.078 8.768
2.431 8.705
1.0 4.176
1.107 4.176
1.427 4.176
1.838 4.176
2.369 4.176
3.052 4.224
3.886 4.235
4.927 4.418
5.959 4.22
7.538 4.667
8.524 6.711
3.946 9.35
1.578 7.213
1.0 4.187
1.163 4.187
1.494 4.176
1.925 4.19
2.472 4.176
3.184 4.296
3.981 4.318
4.931 4.176
6.327 4.701
7.097 6.753
3.18 9.525
1.272 6.965
1.0 4.232
1.159 4.176
1.491 4.176
1.921 4.176
2.475 4.178
3.188 4.219
4.064 4.201
5.197 4.88
5.529 6.612
2.686 9.22
1.074 7.093
1.0 4.176
1.172 4.176
1.51 4.176
1.945 4.19
2.498 4.277
3.137 4.176
4.029 4.374
4.938 4.214
6.264 4.516
7.386 6.264
4.513 8.982
1.805 8.694
1.0 4.176
1.108 4.176
1.427 4.176
1.839 4.245
2.329 4.176
2.994 4.21
3.825 4.255
4.828 4.176
6.206 4.369
7.616 5.645
6.198 8.399
2.479 8.77
1.0 4.176
1.105 4.176
1.423 4.176
1.834 4.176
2.363 4.176
3.044 4.22
3.88 4.176
4.993 4.193
6.407 4.176
8.252 5.204
7.936 7.886
3.174 9.79
1.27 5.362
1.0 4.176
1.241 4.176
1.599 4.261
2.017 4.176
2.592 4.176
3.34 4.176
4.303 4.23
5.471 4.176
7.039 4.66
7.987 5.908
5.738 8.806
2.295 8.374
1.0 4.176
1.12 4.176
1.444 4.176
1.86 4.176
2.397 4.176
3.088 4.176
3.979 4.176
5.128 4.507
6.068 4.556
7.006 5.708
5.508 7.915
2.203 8.629
1.0 4.176
1.11 4.176
1.431 4.176
1.843 4.176
2.375 4.176
3.06 4.181
3.939 4.259
4.971 4.433
5.983 4.703
6.646 6.027
4.512 8.66
1.805 8.288
1.0 4.176
1.124 4.176
1.448 4.176
1.866 4.176
2.404 4.176
3.098 4.176
3.992 4.351
4.922 4.271
6.159 4.835
6.623 7.079
2.649 9.929
1.06 5.997
1.0 4.176
1.216 4.176
1.566 4.176
2.018 4.176
2.6 4.259
3.282 4.212
4.18 4.176
5.381 4.279
6.758 5.197
6.486 8.103
2.594 10.245
1.038 4.176
1.085 4.176
1.398 4.176
1.801 4.225
2.293 4.277
2.876 4.176
3.695 4.176
4.761 4.267
5.997 4.415
7.25 4.999
7.376 7.658
2.95 10.143
1.18 6.587
1.0 4.254
1.167 4.176
1.5 4.176
1.933 4.176
2.49 4.212
3.18 4.176
4.093 4.176
5.273 4.282
6.617 4.413
8.0 4.997
8.144 6.778
3.488 9.515
1.395 6.967
1.0 4.247
1.154 4.247
1.458 4.176
1.874 4.176
2.414 4.207
3.087 4.176
3.974 4.176
5.12 4.277
6.433 4.644
7.306 6.112
4.78 9.172
1.912 8.482
1.0 4.209
1.106 4.176
1.423 4.176
1.833 4.176
2.362 4.176
3.043 4.26
3.84 4.176
4.935 4.324
6.126 4.296
7.624 5.225
7.244 6.993
2.898 9.321
1.159 5.053
1.0 4.176
1.253 4.176
1.615 4.176
2.081 4.176
2.681 4.194
3.439 4.192
4.411 4.244
5.586 4.45
6.696 5.206
6.362 7.385
2.545 9.251
1.018 5.426
1.0 4.176
1.238 4.176
1.596 4.176
2.056 4.192
2.638 4.213
3.367 4.217
4.29 4.312
5.335 4.498
6.299 5.377
5.63 8.164
2.252 9.244
1.0 4.245
1.064 4.176
1.368 4.197
1.753 4.176
2.257 4.176
2.908 4.176
3.747 4.215
4.782 4.485
5.685 4.335
6.968 4.999
7.111 7.675
2.844 9.607
1.138 4.279
1.181 4.176
1.517 4.176
1.955 4.176
2.519 4.176
3.246 4.176
4.182 4.223
5.327 4.353
6.554 4.474
7.778 4.515
9.092 5.553
7.612 8.127
3.045 8.831
1.218 4.176
1.342 4.176
1.73 4.176
2.229 4.201
2.854 4.214
3.64 4.252
4.597 4.193
5.886 4.237
7.466 4.176
9.603 4.475
11.463 5.333
10.418 7.845
4.167 9.321
1.667 4.73
1.511 4.186
1.909 4.176
2.459 4.176
3.168 4.176
4.082 4.247
5.168 4.176
6.646 4.176
8.564 4.229
10.893 4.176
14.015 4.516
16.547 5.664
13.27 8.28
5.308 9.456
2.123 4.446
2.105 4.176
2.69 4.176
3.466 4.176
4.466 4.176
5.756 4.203
7.368 4.176
9.487 4.244
12.021 4.176
15.459 4.313
19.251 5.153
18.724 7.289
7.489 9.87
2.996 8.211
1.198 4.176
1.351 4.176
1.74 4.176
2.242 4.176
2.89 4.176
3.724 4.3
4.652 4.261
5.845 4.19
7.487 4.247
9.476 4.347
11.67 4.53
13.646 6.189
8.658 9.071
3.463 8.813
1.385 4.25
1.495 4.259
1.883 4.176
2.42 4.176
3.118 4.257
3.938 4.176
5.062 4.176
6.524 4.404
7.934 4.176
10.153 4.252
12.839 4.588
14.826 5.533
12.465 7.571
4.986 9.107
1.994 4.655
1.873 4.176
2.377 4.233
3.02 4.176
3.886 4.176
5.007 4.176
6.453 4.2
8.267 4.176
10.647 4.327
13.21 4.323
16.329 4.709
18.181 6.175
11.487 8.667
4.595 8.163
1.838 4.176
2.075 4.176
2.674 4.199
3.427 4.176
4.413 4.176
5.688 4.212
7.265 4.176
9.353 4.176
12.054 4.253
15.241 4.259
19.195 5.119
