1.0 5.016
1.0 5.016
1.0 4.176
1.277 4.176
1.685 4.176
2.231 4.176
2.962 4.225
3.893 4.311
5.004 4.909
5.448 6.733
2.566 10.323
1.027 7.323
1.0 4.247
1.129 4.247
1.419 4.176
1.82 4.176
2.348 4.176
3.035 4.176
3.933 4.444
4.768 4.397
5.809 5.888
4.317 9.286
1.727 8.662
1.0 4.176
1.099 4.176
1.408 4.176
1.807 4.176
2.324 4.248
2.939 4.176
3.782 4.245
4.801 4.293
6.015 4.505
7.125 5.021
7.211 7.748
2.884 9.715
1.154 4.719
1.024 4.176
1.292 4.176
1.661 4.237
2.105 4.214
2.681 4.176
3.453 4.176
4.457 4.176
5.758 4.418
7.002 5.942
5.044 8.9
2.018 9.44
1.0 4.176
1.072 4.176
1.376 4.176
1.768 4.176
2.274 4.176
2.927 4.176
3.771 4.341
4.664 4.27
5.847 4.593
6.748 5.705
5.311 8.102
2.124 8.474
1.0 4.176
1.113 4.176
1.43 4.176
1.84 4.176
2.368 4.247
2.997 4.191
3.84 4.185
4.94 4.312
6.159 4.788
6.718 6.108
4.373 8.979
1.749 7.976
1.0 4.176
1.133 4.176
1.457 4.176
1.874 4.199
2.399 4.176
3.088 4.176
3.979 4.176
5.132 4.425
6.213 4.284
7.744 5.101
7.683 7.127
3.073 9.598
1.229 5.578
1.0 4.176
1.23 4.176
1.583 4.176
2.038 4.176
2.626 4.176
3.384 4.176
4.364 4.176
5.63 4.276
7.087 5.32
6.538 7.76
2.615 10.224
1.046 4.444
1.003 4.176
1.28 4.176
1.647 4.176
2.121 4.226
2.699 4.176
3.473 4.271
4.372 4.201
5.588 4.387
6.829 5.482
5.916 8.285
2.366 9.881
1.0 4.883
1.0 4.214
1.246 4.176
1.601 4.176
2.061 4.215
2.628 4.176
3.382 4.268
4.259 4.395
5.178 4.918
5.408 6.542
2.738 8.392
1.095 5.689
1.0 4.176
1.226 4.176
1.579 4.176
2.033 4.176
2.62 4.176
3.376 4.176
4.352 4.32
5.414 4.545
6.316 5.661
5.069 8.3
2.028 9.294
1.0 4.176
1.082 4.176
1.392 4.176
1.793 4.176
2.309 4.176
2.974 4.243
3.77 4.227
4.788 4.218
6.101 4.327
7.565 5.679
6.094 8.475
2.438 9.777
1.0 4.59
1.0 4.176
1.27 4.176
1.635 4.176
2.105 4.176
2.711 4.257
3.423 4.24
4.33 4.211
5.523 4.386
6.744 5.595
5.593 8.155
2.237 9.091
1.0 4.245
1.068 4.245
1.348 4.176
1.732 4.176
2.231 4.203
2.854 4.201
3.652 4.176
4.702 4.572
5.469 4.42
6.54 5.5
5.613 8.285
2.245 9.425
1.0 4.219
1.063 4.176
1.366 4.176
1.759 4.176
2.265 4.187
2.91 4.205
3.721 4.219
4.74 4.176
6.101 4.423
7.387 5.439
6.483 7.788
2.593 9.63
1.037 5.823
1.0 4.176
1.221 4.176
1.571 4.176
2.023 4.176
2.605 4.261
3.285 4.176
4.221 4.181
5.432 4.33
6.734 5.545
5.706 8.767
2.282 9.883
1.0 4.576
1.0 4.176
1.271 4.176
1.635 4.215
2.084 4.22
2.651 4.176
3.409 4.448
4.095 4.389
4.953 4.576
5.709 5.677
4.537 8.413
1.815 9.188
1.0 4.5
1.0 4.272
1.243 4.176
1.594 4.228
2.025 4.187
2.596 4.176
3.341 4.176
4.302 4.525
5.064 4.725
5.567 6.357
3.185 9.02
1.274 6.476
1.0 4.176
1.194 4.176
1.537 4.176
1.978 4.176
2.546 4.248
3.22 4.176
4.137 4.276
5.197 4.187
6.657 4.487
7.915 5.795
6.023 8.633
2.409 8.899
1.0 4.176
1.098 4.176
1.412 4.176
1.818 4.176
2.34 4.176
3.013 4.298
3.763 4.176
4.829 4.325
5.992 4.664
6.754 6.168
4.289 8.99
1.716 8.301
1.0 4.176
1.122 4.176
1.443 4.176
1.857 4.176
2.391 4.176
3.078 4.176
3.964 4.282
4.971 4.314
6.164 5.013
6.266 6.673
2.884 8.921
1.153 5.353
1.0 4.176
1.24 4.217
1.58 4.176
2.032 4.176
2.616 4.211
3.34 4.176
4.298 4.346
5.304 5.255
4.977 8.211
1.991 10.142
1.0 4.212
1.037 4.212
1.32 4.217
1.68 4.261
2.115 4.178
2.714 4.323
3.368 4.326
4.156 4.371
5.071 5.415
4.493 8.327
1.797 9.259
1.0 4.899
1.0 4.176
1.258 4.176
1.618 4.176
2.083 4.231
2.644 4.176
3.398 4.288
4.254 4.241
5.372 4.797
5.843 6.909
2.337 9.596
1.0 6.818
1.0 4.176
1.181 4.176
1.519 4.251
1.918 4.176
2.463 4.176
3.17 4.176
4.081 4.222
5.194 4.317
6.446 4.641
7.311 6.121
4.756 9.187
1.902 7.435
1.0 4.176
1.156 4.176
1.488 4.176
1.914 4.176
2.464 4.176
3.171 4.286
3.972 4.176
5.097 4.176
6.563 4.513
7.75 5.413
6.827 7.607
2.731 9.532
1.092 4.224
1.155 4.176
1.484 4.176
1.91 4.176
2.458 4.198
3.148 4.2
4.026 4.252
5.083 4.26
6.396 4.5
7.558 5.137
7.327 7.28
2.931 9.625
1.172 4.985
1.0 4.223
1.24 4.223
1.575 4.176
2.024 4.176
2.606 4.279
3.271 4.176
4.198 4.176
5.408 4.208
6.911 5.57
5.829 7.944
2.332 9.918
1.0 5.265
1.0 4.176
1.243 4.176
1.6 4.176
2.06 4.176
2.652 4.204
3.39 4.176
4.362 4.432
5.262 4.347
6.438 5.58
5.373 8.68
2.149 9.664
1.0 4.243
1.046 4.176
1.343 4.226
1.707 4.176
2.194 4.197
2.809 4.176
3.614 4.339
4.466 4.224
5.654 4.416
6.839 5.898
4.996 8.459
1.998 8.813
1.0 4.176
1.101 4.176
1.417 4.176
1.824 4.176
2.347 4.176
3.022 4.176
3.891 4.205
4.974 4.236
6.305 4.504
7.447 5.868
5.485 8.64
2.194 8.22
1.0 4.176
1.125 4.176
1.448 4.176
1.864 4.176
2.399 4.225
3.051 4.176
3.923 4.349
4.836 4.195
6.165 4.875
6.565 6.871
2.644 9.823
1.057 5.191
1.0 4.204
1.238 4.204
1.58 4.228
2.007 4.271
2.519 4.176
3.233 4.257
4.081 4.223
5.181 4.733
5.745 5.975
3.984 9.209
1.594 7.849
1.0 4.176
1.14 4.176
1.467 4.248
1.855 4.176
2.383 4.176
3.067 4.176
3.95 4.258
4.983 4.176
6.401 4.403
7.783 5.35
7.048 7.737
2.819 9.347
1.128 4.176
1.218 4.176
1.568 4.176
2.019 4.176
2.599 4.176
3.346 4.176
4.309 4.176
5.55 4.287
6.953 4.196
8.881 4.295
11.099 5.756
8.668 8.152
3.467 9.55
1.387 4.93
1.154 4.176
1.451 4.267
1.826 4.176
2.345 4.176
3.019 4.176
3.889 4.176
5.008 4.176
6.451 4.176
8.31 4.394
10.13 4.904
10.618 6.71
4.812 9.635
1.925 7.085
1.0 4.176
1.171 4.176
1.508 4.176
1.941 4.192
2.49 4.258
3.14 4.176
4.034 4.176
5.196 4.275
6.531 4.541
7.63 5.333
6.911 7.358
2.764 8.884
1.106 5.008
1.0 4.176
1.254 4.176
1.615 4.214
2.061 4.176
2.651 4.176
3.415 4.176
4.399 4.188
5.651 4.434
6.814 5.409
6.037 8.202
2.415 9.804
1.0 4.938
1.0 4.19
1.253 4.176
1.612 4.176
2.076 4.176
2.674 4.339
3.305 4.221
4.189 4.246
5.295 4.473
6.307 5.736
4.921 8.617
1.969 8.569
1.0 4.176
1.112 4.176
1.431 4.176
1.843 4.322
2.288 4.176
2.934 4.183
3.772 4.207
4.821 4.309
6.001 4.457
7.163 5.297
6.594 7.55
2.638 9.356
1.055 5.546
1.0 4.241
1.212 4.176
1.558 4.176
2.006 4.176
2.583 4.176
3.327 4.334
4.119 4.359
5.04 4.316
6.232 5.252
5.861 7.14
2.344 9.847
1.0 6.514
1.0 4.191
1.189 4.191
1.525 4.179
1.961 4.274
2.464 4.424
2.969 4.176
3.794 4.176
4.887 4.339
6.041 4.521
7.08 6.069
4.76 9.075
1.904 7.923
1.0 4.256
1.112 4.256
1.4 4.176
1.798 4.176
2.315 4.21
2.957 4.196
3.785 4.176
4.873 4.407
5.919 4.448
7.058 5.376
6.321 8.043
2.529 9.695
1.011 5.135
1.0 4.176
1.249 4.176
1.608 4.176
2.071 4.243
2.622 4.176
3.37 4.316
4.191 4.403
5.071 4.652
5.719 5.705
4.476 7.861
1.79 8.422
1.0 4.183
1.115 4.183
1.433 4.246
1.813 4.176
2.33 4.238
2.954 4.269
3.71 4.276
4.647 4.218
5.906 4.332
7.305 5.752
5.703 7.952
2.281 9.062
1.0 4.176
1.092 4.176
1.406 4.176
1.811 4.24
2.295 4.176
2.95 4.176
3.799 4.228
4.831 4.294
6.032 4.518
7.086 5.89
5.169 8.33
2.068 8.942
1.0 4.176
1.097 4.176
1.412 4.176
1.819 4.176
2.342 4.176
3.016 4.249
3.815 4.358
4.682 4.556
5.432 4.696
6.016 6.792
2.619 9.6
1.048 7.233
1.0 4.176
1.165 4.176
1.5 4.176
1.932 4.209
2.467 4.207
3.149 4.188
4.04 4.176
5.202 4.276
6.535 4.331
8.07 4.791
8.768 6.281
5.209 8.864
2.084 7.622
1.0 4.176
1.15 4.176
1.48 4.176
1.906 4.176
2.455 4.258
3.098 4.219
3.938 4.185
5.054 4.356
6.219 4.205
7.91 5.241
7.502 7.293
3.001 9.071
1.2 5.035
1.0 4.177
1.253 4.177
1.613 4.211
2.06 4.176
2.65 4.329
3.285 4.288
4.094 4.555
4.763 4.545
5.505 5.694
4.353 8.21
1.741 9.178
1.0 4.207
1.078 4.207
1.376 4.21
1.755 4.246
2.219 4.253
2.797 4.258
3.522 4.238
4.455 4.33
5.51 4.402
6.669 5.263
6.226 8.341
2.49 9.181
1.0 4.465
1.0 4.219
1.262 4.176
1.624 4.176
2.091 4.176
2.693 4.176
3.469 4.301
4.331 4.334
5.34 4.554
6.204 6.195
3.915 8.882
1.566 8.345
1.0 4.176
1.121 4.176
1.443 4.176
1.859 4.176
2.394 4.176
3.083 4.176
3.971 4.185
5.104 4.235
6.478 4.289
8.097 4.953
8.394 7.046
3.358 10.002
1.343 6.994
1.0 4.176
1.175 4.176
1.513 4.176
1.948 4.211
2.487 4.176
3.2 4.176
4.122 4.317
5.124 4.391
6.222 5.243
5.85 7.711
2.34 10.051
1.0 5.773
1.0 4.215
1.211 4.215
1.543 4.176
1.984 4.176
2.555 4.176
3.29 4.349
4.056 4.186
5.184 4.384
6.332 4.614
7.221 6.334
4.219 9.232
1.688 8.126
1.0 4.176
1.129 4.176
1.454 4.176
1.872 4.176
2.411 4.176
3.105 4.176
3.999 4.508
4.728 4.195
5.998 4.529
7.048 6.121
4.618 9.181
1.847 6.943
1.0 4.176
1.177 4.176
1.515 4.176
1.951 4.176
2.513 4.176
3.236 4.176
4.168 4.309
5.192 4.358
6.359 4.426
7.64 6.086
5.124 8.948
2.049 8.888
1.0 4.176
1.099 4.176
1.415 4.176
1.822 4.176
2.346 4.185
3.015 4.206
3.853 4.494
4.568 4.228
5.75 4.729
6.383 7.337
2.553 9.899
1.021 6.359
1.0 4.176
1.2 4.176
1.545 4.176
1.989 4.177
2.561 4.35
3.156 4.277
3.941 4.397
4.783 4.336
5.874 4.763
6.431 6.151
4.092 8.91
1.637 7.83
1.0 4.263
1.114 4.263
1.399 4.253
1.762 4.176
2.263 4.176
2.915 4.176
3.753 4.338
4.64 4.177
5.945 4.745
6.581 6.369
3.736 9.11
1.494 7.465
1.0 4.176
1.156 4.176
1.488 4.254
1.879 4.268
2.359 4.374
2.88 4.176
3.686 4.176
4.747 4.3
5.926 4.759
6.505 6.787
2.824 9.583
1.13 5.767
1.0 4.176
1.224 4.176
1.576 4.216
2.009 4.176
2.583 4.176
3.327 4.176
4.285 4.245
5.424 4.349
6.673 4.558
7.738 5.71
6.073 9.076
2.429 9.671
1.0 4.223
1.053 4.223
1.337 4.221
1.7 4.185
2.181 4.205
2.788 4.439
3.354 4.386
4.059 4.406
4.897 4.447
5.839 5.824
4.396 8.758
1.759 8.477
1.0 4.176
1.115 4.176
1.436 4.176
1.849 4.304
2.305 4.176
2.956 4.188
3.795 4.265
4.778 4.488
5.662 4.418
6.786 5.153
6.565 7.585
2.626 9.865
1.05 4.238
1.093 4.176
1.404 4.176
1.808 4.28
2.268 4.176
2.91 4.209
3.717 4.176
4.782 4.239
6.063 4.309
7.537 5.373
6.798 7.669
2.719 9.559
1.088 4.176
1.166 4.212
1.488 4.176
1.914 4.219
2.438 4.176
3.136 4.232
3.982 4.296
4.968 4.332
6.128 4.385
7.447 5.173
7.168 7.567
2.867 9.905
1.147 5.261
1.0 4.176
1.244 4.176
1.602 4.176
2.063 4.176
2.656 4.332
3.289 4.176
4.215 4.176
5.428 4.35
6.691 5.31
6.158 8.072
2.463 9.59
1.0 4.763
1.0 4.176
1.264 4.176
1.627 4.176
2.096 4.176
2.699 4.176
3.475 4.33
4.305 4.536
5.025 4.433
5.989 5.438
5.248 7.946
2.099 9.897
1.0 4.203
1.05 4.176
1.351 4.176
1.739 4.176
2.239 4.306
2.791 4.292
3.476 4.24
4.39 4.176
5.643 4.396
6.873 5.533
5.825 7.62
2.33 8.328
1.0 4.301
1.082 4.176
1.387 4.176
1.787 4.176
2.301 4.176
2.963 4.243
3.753 4.176
4.823 4.314
6.0 4.833
6.442 6.597
3.168 9.567
1.267 6.715
1.0 4.2
1.178 4.2
1.507 4.298
1.881 4.192
2.403 4.176
3.093 4.282
3.88 4.176
4.98 4.176
6.414 5.136
6.304 7.176
2.521 9.3
1.009 5.298
1.0 4.176
1.243 4.189
1.595 4.176
2.053 4.271
2.582 4.23
3.271 4.25
4.129 4.188
5.29 4.611
6.08 5.619
4.935 8.166
1.974 7.423
1.0 4.176
1.158 4.176
1.491 4.183
1.917 4.25
2.423 4.188
3.104 4.213
3.96 4.235
5.021 4.228
6.373 4.36
7.823 5.192
7.492 7.273
2.997 9.38
1.199 5.248
1.0 4.176
1.245 4.176
1.603 4.188
2.059 4.209
2.629 4.176
3.383 4.176
4.357 4.176
5.613 4.506
6.642 5.535
5.598 8.336
2.239 9.446
1.0 4.176
1.077 4.176
1.387 4.176
1.786 4.176
2.3 4.176
2.963 4.176
3.816 4.248
4.828 4.224
6.132 4.399
7.453 5.443
6.532 7.59
2.613 9.072
1.045 5.253
1.0 4.176
1.245 4.176
1.603 4.176
2.065 4.176
2.659 4.176
3.425 4.176
4.412 4.257
5.57 4.446
6.68 5.526
5.665 8.53
2.266 9.832
1.0 4.211
1.05 4.176
1.351 4.176
1.74 4.25
2.2 4.181
2.824 4.244
3.575 4.186
4.584 4.176
5.904 4.38
7.222 5.38
6.479 7.767
2.592 9.525
1.037 5.88
1.0 4.176
1.22 4.176
1.571 4.176
2.023 4.176
2.605 4.176
3.355 4.176
4.322 4.265
5.444 4.208
6.938 5.015
7.078 7.582
2.831 9.983
1.132 4.935
1.0 4.223
1.242 4.223
1.579 4.27
1.984 4.176
2.547 4.176
3.281 4.176
4.226 4.343
5.219 4.176
6.688 4.552
7.816 5.632
6.332 7.72
2.533 8.032
1.013 4.217
1.135 4.176
1.46 4.176
1.881 4.176
2.422 4.176
3.12 4.284
3.912 4.176
5.023 4.301
6.271 4.398
7.606 5.058
7.598 7.236
3.039 9.707
1.216 5.983
1.0 4.176
1.216 4.176
1.566 4.176
2.017 4.176
2.598 4.176
3.346 4.292
4.187 4.257
5.266 4.511
6.206 4.669
6.94 5.945
4.899 8.596
1.96 8.124
1.0 4.176
1.13 4.176
1.455 4.176
1.875 4.176
2.415 4.176
3.11 4.214
3.969 4.26
5.001 4.176
6.426 4.219
8.192 5.095
8.146 7.08
3.258 8.977
1.303 5.329
1.0 4.176
1.242 4.176
1.6 4.219
2.039 4.176
2.623 4.242
3.324 4.176
4.274 4.176
5.506 4.468
6.583 5.326
5.997 8.235
2.399 9.363
1.0 4.596
1.0 4.176
1.271 4.176
1.638 4.176
2.109 4.342
2.606 4.176
3.34 4.232
4.243 4.223
5.394 4.826
5.825 7.634
2.33 9.854
1.0 5.951
1.0 4.176
1.217 4.176
1.567 4.176
2.019 4.259
2.547 4.247
3.216 4.176
4.133 4.268
5.204 4.366
6.371 5.461
5.556 7.987
2.222 8.779
1.0 4.176
1.104 4.176
1.422 4.176
1.831 4.259
2.311 4.176
2.969 4.176
3.825 4.219
4.875 4.176
6.273 4.417
7.601 5.249
7.126 7.506
2.85 9.543
1.14 4.411
1.139 4.176
1.456 4.176
1.875 4.176
2.416 4.225
3.075 4.176
3.955 4.25
5.002 4.176
6.43 4.284
8.064 4.332
9.956 5.649
8.102 8.113
3.241 9.689
1.296 5.061
1.019 4.181
1.275 4.176
1.642 4.176
2.115 4.176
2.725 4.194
3.495 4.254
4.414 4.176
5.673 4.621
6.506 5.173
6.204 7.121
2.482 9.455
1.0 5.879
1.0 4.176
1.22 4.176
1.571 4.182
2.021 4.176
2.603 4.19
3.342 4.241
4.235 4.176
5.446 4.352
6.711 4.822
7.221 6.51
3.757 9.492
1.503 6.652
1.0 4.176
1.189 4.176
1.532 4.218
1.953 4.176
2.512 4.243
3.183 4.23
4.037 4.248
5.101 4.436
6.135 5.432
5.391 7.824
2.156 9.481
1.0 4.282
1.042 4.176
1.338 4.176
1.724 4.176
2.22 4.176
2.86 4.176
3.685 4.222
4.694 4.304
5.848 4.391
7.105 5.755
5.526 8.126
2.21 9.374
1.0 4.25
1.057 4.25
1.333 4.176
1.713 4.215
2.186 4.289
2.734 4.183
3.504 4.228
4.455 4.347
5.488 4.472
6.517 5.735
5.089 8.411
2.035 9.287
1.0 4.185
1.081 4.185
1.389 4.176
1.788 4.176
2.304 4.193
2.955 4.407
3.588 4.186
4.578 4.259
5.776 4.386
7.036 5.594
5.834 7.826
2.333 9.05
1.0 4.176
1.093 4.176
1.408 4.176
1.814 4.176
2.337 4.228
2.972 4.176
3.822 4.232
4.857 4.176
6.247 4.65
7.107 5.29
6.504 7.666
2.602 9.622
1.041 5.848
1.0 4.176
1.221 4.176
1.573 4.176
2.026 4.176
2.61 4.225
3.322 4.279
4.165 4.289
5.199 4.5
6.139 5.676
4.902 8.708
1.961 8.534
1.0 4.237
1.094 4.176
1.407 4.176
1.812 4.18
2.332 4.176
3.004 4.306
3.746 4.221
4.753 4.318
5.901 4.285
7.364 4.816
7.958 7.061
3.183 9.798
1.273 6.994
1.0 4.206
1.166 4.176
1.5 4.176
1.932 4.253
2.442 4.216
3.107 4.176
3.998 4.306
4.986 4.681
5.596 5.731
4.329 8.347
1.732 8.672
1.0 4.176
1.108 4.176
1.427 4.176
1.839 4.176
2.368 4.176
3.051 4.176
3.93 4.257
4.962 4.238
6.279 4.411
7.605 5.367
6.846 7.545
2.738 9.575
1.095 4.291
1.134 4.176
1.456 4.176
1.875 4.176
2.416 4.229
3.071 4.228
3.899 4.311
4.848 4.176
6.22 4.413
7.545 4.709
8.371 6.338
4.851 8.767
1.94 7.897
1.0 4.176
1.139 4.176
1.467 4.242
1.86 4.176
2.391 4.176
3.08 4.21
3.934 4.215
5.015 4.176
6.453 4.508
7.633 5.32
6.957 7.434
2.783 9.604
1.113 4.604
1.041 4.176
1.323 4.176
1.704 4.176
2.195 4.242
2.782 4.176
3.576 4.176
4.608 4.212
5.884 4.303
7.335 4.702
8.187 6.759
3.651 9.622
1.46 7.045
1.0 4.176
1.173 4.176
1.512 4.176
1.947 4.176
2.509 4.281
3.148 4.176
4.043 4.176
5.208 4.176
6.711 4.523
7.906 5.707
6.228 7.867
2.491 7.711
1.0 4.195
1.141 4.195
1.462 4.176
1.882 4.176
2.425 4.176
3.125 4.176
4.026 4.232
5.116 4.64
5.825 4.671
6.481 6.599
3.229 9.365
1.291 6.797
1.0 4.189
1.179 4.176
1.519 4.176
1.956 4.245
2.478 4.176
3.185 4.226
4.054 4.298
5.058 4.392
6.145 5.766
4.758 8.724
1.903 9.593
1.0 4.186
1.068 4.186
1.372 4.176
1.767 4.176
2.277 4.176
2.933 4.176
3.779 4.176
4.869 4.176
6.274 4.626
7.186 6.13
4.664 8.992
1.866 7.833
1.0 4.176
1.142 4.176
1.471 4.176
1.895 4.176
2.441 4.176
3.145 4.176
4.052 4.191
5.202 4.337
6.433 4.509
7.566 5.473
6.528 8.041
2.611 9.567
1.044 5.406
1.0 4.176
1.239 4.176
1.596 4.176
2.056 4.176
2.649 4.176
3.413 4.401
4.153 4.338
5.099 4.601
5.847 5.513
4.948 7.801
1.979 9.43
1.0 4.176
1.078 4.176
1.389 4.25
1.756 4.176
2.257 4.176
2.908 4.223
3.703 4.335
4.577 4.322
5.655 4.43
6.796 5.579
5.655 8.184
2.262 9.474
1.0 4.176
1.076 4.176
1.386 4.176
1.786 4.218
2.277 4.176
2.929 4.254
3.701 4.176
4.757 4.229
6.049 4.498
7.162 5.214
6.771 7.383
2.708 9.393
1.083 4.176
1.17 4.176
1.507 4.176
1.941 4.176
2.501 4.176
3.222 4.176
4.151 4.289
5.199 4.234
6.579 4.665
7.439 4.681
8.245 6.23
5.071 8.722
2.029 7.132
1.0 4.176
1.17 4.176
1.507 4.177
1.941 4.176
2.501 4.176
3.223 4.185
4.143 4.267
5.217 4.409
6.317 4.435
7.56 6.563
3.924 9.353
1.57 7.833
1.0 4.176
1.142 4.176
1.471 4.259
1.856 4.176
2.386 4.176
3.074 4.196
3.94 4.22
5.019 4.246
6.346 4.463
7.58 5.523
6.433 7.849
2.573 9.211
1.029 5.161
1.0 4.205
1.24 4.205
1.584 4.179
2.038 4.197
2.611 4.176
3.362 4.291
4.209 4.234
5.326 4.739
5.897 6.113
3.833 9.117
1.533 7.169
1.0 4.176
1.169 4.176
1.505 4.176
1.939 4.176
2.499 4.176
3.219 4.176
4.148 4.215
5.293 4.561
6.164 4.765
6.693 6.425
3.679 9.185
1.472 5.853
1.0 4.176
1.221 4.176
1.573 4.223
2.004 4.176
2.578 4.301
3.219 4.393
3.909 4.417
4.703 4.484
5.554 5.816
4.192 8.3
1.677 8.641
1.0 4.251
1.086 4.176
1.396 4.176
1.798 4.249
2.275 4.317
2.822 4.176
3.62 4.182
4.658 4.249
5.892 4.296
7.35 5.037
7.424 7.608
2.969 10.233
1.188 6.333
1.0 4.176
1.202 4.176
1.548 4.176
1.995 4.211
2.548 4.33
3.154 4.176
4.044 4.176
5.211 4.417
6.315 4.759
6.905 5.459
5.919 7.912
2.368 9.178
1.0 4.186
1.085 4.176
1.397 4.176
1.8 4.176
2.319 4.176
2.988 4.176
3.85 4.176
4.96 4.412
6.019 4.358
7.351 4.79
7.983 6.941
3.193 9.363
1.277 6.343
1.0 4.223
1.187 4.223
1.509 4.176
1.941 4.268
2.444 4.196
3.124 4.176
4.023 4.248
5.092 4.299
6.347 4.554
7.384 5.362
6.618 7.706
2.647 8.266
1.059 4.176
1.191 4.179
1.533 4.332
1.899 4.176
2.435 4.176
3.138 4.176
4.043 4.234
5.135 4.176
6.605 4.297
8.258 4.981
8.487 7.006
3.395 9.798
1.358 6.65
1.0 4.176
1.189 4.176
1.532 4.241
1.943 4.176
2.498 4.176
3.219 4.176
4.147 4.176
5.344 4.474
6.38 5.194
6.08 7.038
2.432 8.952
1.0 4.917
1.0 4.176
1.259 4.176
1.622 4.176
2.09 4.238
2.651 4.194
3.395 4.235
4.308 4.257
5.431 4.71
6.058 6.806
2.61 9.412
1.044 7.264
1.0 4.176
1.165 4.176
1.501 4.176
1.934 4.176
2.491 4.176
3.21 4.286
4.024 4.176
5.167 4.219
6.588 4.534
7.728 5.202
7.327 7.129
2.931 9.054
1.172 4.834
1.036 4.176
1.308 4.233
1.662 4.297
2.073 4.263
2.604 4.176
3.346 4.176
4.312 4.247
5.459 4.448
6.548 5.435
5.745 7.637
2.298 8.729
1.0 4.176
1.106 4.176
1.425 4.176
1.837 4.176
2.367 4.176
3.05 4.262
3.847 4.176
4.944 4.231
6.285 4.428
7.582 5.856
5.644 8.832
2.257 8.676
1.0 4.176
1.108 4.176
1.428 4.176
1.84 4.176
2.371 4.192
3.044 4.176
3.92 4.335
4.853 4.433
5.827 4.606
6.653 6.202
4.172 9.013
1.669 8.469
1.0 4.176
1.117 4.176
1.439 4.22
1.834 4.237
2.324 4.184
2.983 4.381
3.648 4.556
4.231 4.455
5.012 4.329
6.159 5.406
5.49 7.734
2.196 9.678
1.0 4.176
1.068 4.176
1.376 4.176
1.774 4.243
2.247 4.176
2.89 4.239
3.666 4.21
4.675 4.289
5.85 4.31
7.263 4.867
7.725 7.116
3.09 9.713
1.236 6.257
1.0 4.176
1.205 4.176
1.553 4.176
2.001 4.176
2.578 4.176
3.322 4.176
4.281 4.176
5.516 4.265
6.953 4.653
7.881 5.421
6.885 8.145
2.754 9.391
1.102 4.176
1.19 4.234
1.511 4.176
1.943 4.176
2.504 4.176
3.226 4.176
4.157 4.208
5.315 4.182
6.832 4.296
8.543 4.955
8.852 7.511
3.541 9.623
1.416 5.342
1.0 4.176
1.242 4.176
1.6 4.321
1.988 4.176
2.55 4.176
3.286 4.222
4.187 4.217
5.333 4.279
6.689 4.619
7.651 5.787
5.805 8.571
2.322 8.829
1.0 4.176
1.102 4.244
1.397 4.192
1.789 4.256
2.258 4.176
2.903 4.335
3.593 4.405
4.346 4.208
5.517 4.533
6.476 5.904
4.695 8.708
1.878 9.457
1.0 4.176
1.077 4.176
1.388 4.176
1.788 4.176
2.304 4.331
2.856 4.32
3.531 4.281
4.412 4.445
5.29 5.507
4.52 7.939
1.808 8.763
1.0 4.375
1.042 4.176
1.334 4.176
1.719 4.185
2.209 4.176
2.846 4.268
3.584 4.372
4.382 4.305
5.433 4.606
6.23 5.74
4.823 8.037
1.929 8.522
1.0 4.176
1.115 4.176
1.436 4.176
1.85 4.278
2.324 4.24
2.938 4.178
3.777 4.176
4.867 4.337
6.022 4.464
7.17 5.492
6.157 7.834
2.463 9.262
1.0 4.768
1.0 4.176
1.265 4.176
1.63 4.176
2.1 4.182
2.702 4.217
3.446 4.26
4.342 4.448
5.206 5.249
4.875 8.001
1.95 9.673
1.0 4.209
1.058 4.176
1.362 4.176
1.755 4.176
2.261 4.223
2.879 4.275
3.614 4.246
4.563 4.34
5.629 4.766
6.161 7.166
2.464 10.616
1.0 4.968
1.0 4.184
1.254 4.184
1.612 4.178
2.076 4.176
2.675 4.176
3.446 4.418
4.176 4.176
5.34 4.385
6.527 5.69
5.214 8.88
2.085 10.332
1.0 4.176
1.042 4.176
1.343 4.176
1.73 4.279
2.172 4.2
2.773 4.176
3.57 4.214
4.557 4.208
5.819 4.318
7.227 4.921
7.56 7.229
3.024 9.406
1.21 5.374
1.0 4.176
1.24 4.176
1.598 4.176
2.059 4.176
2.653 4.176
3.419 4.203
4.376 4.373
5.36 4.298
6.656 4.415
8.039 6.311
4.824 9.545
1.93 7.943
1.0 4.176
1.138 4.176
1.466 4.176
1.888 4.296
2.361 4.242
2.981 4.324
3.693 4.176
4.737 4.266
5.968 4.21
7.605 4.79
8.305 6.884
3.345 9.257
1.338 6.381
1.0 4.176
1.2 4.247
1.519 4.176
1.953 4.308
2.435 4.276
3.047 4.289
3.804 4.287
4.75 4.233
6.014 5.199
5.78 7.479
2.312 9.297
1.0 4.299
1.044 4.254
1.315 4.176
1.69 4.176
2.177 4.176
2.805 4.176
3.615 4.176
4.658 4.176
6.002 4.242
7.609 5.418
6.78 7.596
2.712 9.626
1.085 4.176
1.161 4.176
1.496 4.176
1.928 4.199
2.47 4.196
3.165 4.293
3.957 4.176
5.081 4.193
6.52 4.252
8.24 4.475
9.811 5.566
8.189 8.107
3.276 9.519
1.31 4.176
1.408 4.176
1.814 4.176
2.338 4.176
3.013 4.275
3.787 4.176
4.865 4.176
6.269 4.352
7.728 4.429
9.283 4.427
11.128 5.001
11.31 7.08
4.524 9.532
1.81 5.638
1.103 4.176
1.356 4.176
1.748 4.176
2.252 4.176
2.902 4.257
3.665 4.176
4.711 4.381
5.764 4.485
6.814 4.645
7.681 6.157
4.916 8.803
1.966 7.483
1.0 4.176
1.156 4.176
1.49 4.187
1.915 4.176
2.466 4.296
3.084 4.24
3.897 4.222
4.955 4.176
6.376 4.298
7.97 5.134
7.805 7.147
3.122 9.233
1.249 5.889
1.0 4.176
1.22 4.176
1.572 4.176
2.026 4.176
2.611 4.246
3.306 4.182
4.245 4.253
5.366 4.326
6.643 5.484
5.758 8.201
2.303 10.403
1.0 5.954
1.0 4.229
1.2 4.176
1.544 4.176
1.99 4.241
2.523 4.176
3.245 4.176
4.181 4.263
5.272 4.264
6.628 4.267
8.327 5.051
8.384 7.289
3.353 10.153
1.341 5.118
1.006 4.176
1.258 4.176
1.621 4.176
2.089 4.176
2.692 4.176
3.469 4.176
4.47 4.206
5.718 4.198
7.321 4.605
8.43 5.957
5.945 8.261
2.378 8.891
1.0 4.176
1.1 4.176
1.417 4.176
1.826 4.176
2.353 4.176
3.033 4.176
3.908 4.176
5.036 4.275
6.332 4.555
7.371 5.099
7.225 6.929
2.89 8.735
1.156 6.686
1.0 4.176
1.188 4.176
1.531 4.176
1.973 4.176
2.542 4.176
3.276 4.265
4.129 4.212
5.259 4.238
6.667 4.543
7.797 5.523
6.594 7.845
2.638 7.614
1.055 4.176
1.214 4.176
1.565 4.176
2.017 4.176
2.599 4.176
3.349 4.176
4.317 4.232
5.486 4.237
6.952 4.484
8.262 5.252
7.72 8.024
3.088 9.604
1.235 4.628
1.146 4.2
1.447 4.176
1.864 4.176
2.402 4.176
3.095 4.176
3.989 4.176
5.14 4.176
6.625 4.176
8.539 4.264
10.766 4.644
12.236 6.156
7.837 8.682
3.135 7.473
1.254 4.176
1.451 4.199
1.859 4.176
2.394 4.176
3.085 4.176
3.976 4.176
5.125 4.176
6.605 4.233
8.393 4.176
10.799 4.327
13.401 4.511
15.765 6.023
10.85 8.843
4.34 7.991
1.736 4.176
1.972 4.176
2.542 4.176
3.276 4.176
4.222 4.176
5.442 4.252
6.883 4.193
8.813 4.176
11.354 4.176
14.635 4.176
18.865 4.352
23.262 4.922
24.303 6.728
10.879 8.608
4.351 5.092
3.57 4.176
4.47 4.237
5.675 4.182
7.29 4.176
9.395 4.176
12.111 4.176
15.612 4.176
20.125 4.176
