1.0 5.1
1.0 5.1
1.0 4.26
1.242 4.26
1.595 4.223
2.076 4.249
2.694 4.291
3.464 4.621
4.081 5.373
3.754 8.403
1.502 10.491
1.0 5.625
1.0 4.176
1.213 4.176
1.548 4.176
1.983 4.176
2.548 4.197
3.266 4.176
4.215 4.3
5.287 4.598
6.112 5.519
5.193 8.307
2.077 9.555
1.0 4.176
1.061 4.176
1.357 4.176
1.739 4.176
2.232 4.187
2.863 4.176
3.686 4.307
4.599 4.176
5.915 4.435
7.158 5.947
5.134 8.863
2.054 8.317
1.0 4.176
1.115 4.176
1.43 4.176
1.836 4.176
2.36 4.176
3.037 4.176
3.913 4.176
5.046 4.199
6.478 4.553
7.584 6.309
4.525 9.459
1.81 8.343
1.0 4.176
1.115 4.176
1.43 4.176
1.837 4.176
2.36 4.176
3.037 4.232
3.855 4.176
4.959 4.182
6.385 4.306
7.973 5.062
8.001 6.739
3.506 9.098
1.402 6.602
1.0 4.176
1.187 4.176
1.526 4.176
1.962 4.176
2.525 4.176
3.252 4.176
4.191 4.222
5.343 4.351
6.586 5.404
5.877 8.318
2.351 9.02
1.0 4.176
1.091 4.176
1.402 4.261
1.766 4.195
2.256 4.176
2.903 4.197
3.721 4.176
4.794 4.569
5.584 4.5
6.54 4.954
6.734 6.93
2.694 9.57
1.078 5.174
1.0 4.176
1.246 4.176
1.604 4.176
2.065 4.176
2.66 4.176
3.428 4.176
4.421 4.409
5.375 4.485
6.357 5.736
4.967 8.756
1.987 9.476
1.0 4.176
1.073 4.176
1.38 4.193
1.769 4.176
2.275 4.176
2.93 4.204
3.748 4.255
4.733 4.178
6.084 4.469
7.279 5.805
5.529 8.925
2.212 9.171
1.0 4.176
1.086 4.176
1.396 4.181
1.794 4.176
2.308 4.201
2.953 4.176
3.801 4.176
4.898 4.435
5.909 4.811
6.362 5.647
5.061 7.832
2.025 7.971
1.0 4.248
1.112 4.248
1.402 4.176
1.8 4.176
2.319 4.176
2.987 4.182
3.843 4.25
4.862 4.246
6.147 4.324
7.622 5.464
6.663 7.82
2.665 9.367
1.066 5.068
1.0 4.176
1.251 4.176
1.611 4.228
2.047 4.259
2.579 4.176
3.315 4.176
4.272 4.286
5.359 4.428
6.457 5.328
5.896 8.448
2.358 9.936
1.0 5.322
1.0 4.188
1.237 4.188
1.586 4.176
2.041 4.229
2.593 4.176
3.334 4.176
4.295 4.265
5.413 4.557
6.301 5.757
4.855 8.465
1.942 8.921
1.0 4.229
1.079 4.229
1.368 4.176
1.758 4.176
2.263 4.176
2.913 4.176
3.752 4.176
4.834 4.257
6.104 4.529
7.162 6.389
4.086 9.311
1.634 8.048
1.0 4.176
1.131 4.176
1.455 4.176
1.873 4.176
2.41 4.176
3.103 4.176
3.996 4.176
5.148 4.308
6.416 4.506
7.561 5.458
6.56 7.853
2.624 9.428
1.05 5.147
1.0 4.176
1.248 4.176
1.605 4.176
2.066 4.229
2.625 4.176
3.375 4.176
4.347 4.176
5.6 4.375
6.861 5.563
5.759 8.396
2.303 9.848
1.0 4.643
1.0 4.176
1.268 4.176
1.631 4.176
2.099 4.176
2.702 4.222
3.439 4.332
4.251 4.401
5.145 4.477
6.088 5.599
5.013 8.66
2.005 8.882
1.0 4.176
1.098 4.176
1.412 4.176
1.817 4.176
2.339 4.176
3.01 4.176
3.876 4.353
4.773 4.308
5.913 4.586
6.815 6.182
4.317 8.555
1.727 7.595
1.0 4.176
1.15 4.176
1.479 4.176
1.904 4.257
2.402 4.176
3.084 4.241
3.908 4.176
5.023 4.176
6.47 4.56
7.546 6.144
4.881 9.174
1.953 8.538
1.0 4.176
1.112 4.176
1.431 4.176
1.841 4.276
2.311 4.176
2.966 4.176
3.819 4.194
4.896 4.213
6.245 4.595
7.203 5.907
5.192 8.619
2.077 8.181
1.0 4.176
1.126 4.176
1.449 4.176
1.866 4.176
2.401 4.176
3.092 4.338
3.822 4.435
4.583 4.593
5.248 5.532
4.408 8.168
1.763 8.08
1.0 4.336
1.08 4.176
1.382 4.176
1.779 4.176
2.291 4.176
2.949 4.201
3.775 4.22
4.805 4.412
5.821 5.522
4.951 8.118
1.98 10.172
1.0 4.176
1.047 4.176
1.347 4.176
1.733 4.176
2.23 4.212
2.846 4.216
3.624 4.176
4.66 4.234
5.916 4.762
6.504 6.95
2.601 9.998
1.041 5.41
1.0 4.176
1.237 4.176
1.592 4.176
2.049 4.176
2.638 4.176
3.397 4.176
4.374 4.208
5.588 4.36
6.864 5.791
5.265 8.545
2.106 9.001
1.0 4.176
1.094 4.176
1.407 4.259
1.774 4.216
2.255 4.176
2.899 4.176
3.733 4.211
4.765 4.378
5.824 4.504
6.847 6.096
4.547 8.835
1.819 8.286
1.0 4.176
1.122 4.176
1.444 4.176
1.859 4.176
2.392 4.176
3.08 4.2
3.942 4.176
5.072 4.244
6.423 4.214
8.179 5.219
7.81 7.679
3.124 9.531
1.25 4.511
1.207 4.176
1.538 4.176
1.979 4.3
2.47 4.278
3.088 4.176
3.963 4.176
5.104 4.285
6.398 4.315
7.931 5.204
7.58 7.103
3.032 9.469
1.213 5.801
1.0 4.176
1.222 4.176
1.573 4.176
2.025 4.176
2.608 4.176
3.358 4.176
4.325 4.324
5.367 4.22
6.807 4.96
7.061 6.464
3.736 9.62
1.494 7.387
1.0 4.176
1.159 4.176
1.491 4.176
1.92 4.238
2.434 4.23
3.086 4.231
3.913 4.258
4.929 4.176
6.333 4.592
7.321 5.98
5.108 9.142
2.043 8.968
1.0 4.176
1.095 4.176
1.409 4.176
1.814 4.176
2.336 4.176
3.007 4.281
3.772 4.341
4.643 4.176
5.95 4.586
6.888 6.302
4.101 9.278
1.64 7.63
1.0 4.176
1.149 4.176
1.478 4.176
1.903 4.176
2.45 4.243
3.102 4.176
3.986 4.176
5.133 4.176
6.611 4.394
8.058 5.166
7.772 7.57
3.109 9.46
1.244 5.06
1.0 4.176
1.252 4.176
1.611 4.176
2.075 4.185
2.665 4.176
3.431 4.176
4.419 4.355
5.44 4.268
6.81 5.324
6.261 7.608
2.504 9.342
1.002 5.523
1.0 4.176
1.233 4.176
1.588 4.176
2.044 4.243
2.588 4.176
3.326 4.225
4.232 4.251
5.341 4.311
6.635 5.784
5.117 8.323
2.047 8.839
1.0 4.275
1.069 4.275
1.338 4.176
1.718 4.176
2.211 4.176
2.848 4.291
3.563 4.245
4.494 4.231
5.698 4.755
6.278 6.555
3.19 9.238
1.276 6.794
1.0 4.176
1.182 4.259
1.491 4.176
1.915 4.176
2.465 4.233
3.13 4.266
3.934 4.176
5.053 4.253
6.384 5.201
6.123 7.553
2.449 9.779
1.0 5.48
1.0 4.176
1.235 4.176
1.59 4.176
2.047 4.251
2.586 4.176
3.323 4.394
4.049 4.249
5.085 4.801
5.524 5.95
3.859 8.654
1.544 9.31
1.0 4.176
1.082 4.253
1.365 4.176
1.753 4.176
2.257 4.279
2.832 4.176
3.634 4.24
4.606 4.237
5.83 4.61
6.689 5.618
5.431 8.212
2.172 8.206
1.0 4.176
1.126 4.176
1.449 4.176
1.866 4.198
2.389 4.176
3.074 4.176
3.958 4.176
5.097 4.268
6.416 4.539
7.499 5.995
5.211 8.815
2.085 8.497
1.0 4.176
1.114 4.176
1.434 4.176
1.846 4.176
2.377 4.176
3.061 4.206
3.912 4.186
5.021 4.176
6.465 4.237
8.202 5.733
6.483 8.295
2.593 9.17
1.037 4.523
1.013 4.176
1.291 4.176
1.661 4.251
2.099 4.209
2.675 4.176
3.441 4.38
4.208 4.412
5.069 4.656
5.708 6.21
3.549 8.554
1.42 7.854
1.0 4.252
1.116 4.176
1.433 4.176
1.845 4.176
2.375 4.306
2.96 4.277
3.702 4.361
4.534 4.283
5.652 5.834
4.275 8.342
1.71 9.298
1.0 4.206
1.073 4.176
1.379 4.232
1.751 4.176
2.25 4.176
2.897 4.176
3.731 4.299
4.658 4.176
5.976 4.308
7.446 5.376
6.709 7.77
2.683 9.793
1.073 4.176
1.14 4.254
1.44 4.176
1.849 4.176
2.38 4.176
3.065 4.176
3.947 4.248
4.992 4.176
6.415 4.238
8.136 4.395
9.894 5.841
7.418 8.858
2.967 9.414
1.187 4.176
1.279 4.176
1.647 4.251
2.08 4.176
2.672 4.325
3.314 4.176
4.248 4.258
5.36 4.176
6.885 4.362
8.461 5.002
8.613 6.742
3.779 9.038
1.512 5.591
1.0 4.176
1.231 4.176
1.585 4.176
2.041 4.284
2.558 4.236
3.234 4.176
4.158 4.278
5.22 5.493
4.516 8.177
1.806 9.243
1.0 4.427
1.005 4.176
1.283 4.258
1.619 4.176
2.079 4.176
2.677 4.176
3.448 4.176
4.441 4.489
5.277 4.915
5.491 7.335
2.196 9.389
1.0 5.159
1.0 4.176
1.248 4.176
1.607 4.176
2.069 4.247
2.617 4.351
3.218 4.176
4.121 4.394
5.022 4.975
5.149 6.565
2.555 9.453
1.022 6.756
1.0 4.176
1.184 4.176
1.524 4.176
1.963 4.176
2.527 4.176
3.254 4.176
4.19 4.356
5.157 4.436
6.178 4.446
7.362 5.53
6.233 7.355
2.493 8.969
1.0 4.937
1.0 4.176
1.257 4.176
1.618 4.176
2.084 4.176
2.684 4.24
3.401 4.23
4.314 4.353
5.304 4.636
6.018 6.16
3.843 8.805
1.537 7.475
1.0 4.176
1.155 4.176
1.488 4.176
1.916 4.176
2.467 4.176
3.177 4.176
4.091 4.287
5.125 4.232
6.487 5.0
6.642 6.932
2.657 9.386
1.063 7.241
1.0 4.197
1.158 4.176
1.49 4.176
1.918 4.176
2.47 4.208
3.156 4.176
4.06 4.254
5.128 4.238
6.488 4.477
7.72 5.905
5.606 8.665
2.242 9.451
1.0 4.176
1.076 4.176
1.386 4.176
1.784 4.204
2.281 4.213
2.908 4.258
3.664 4.176
4.707 4.203
6.022 4.366
7.386 5.646
6.004 7.995
2.402 9.633
1.0 5.214
1.0 4.176
1.246 4.176
1.604 4.176
2.065 4.176
2.659 4.214
3.392 4.176
4.362 4.304
5.441 4.391
6.607 5.195
6.312 7.793
2.525 9.845
1.01 6.107
1.0 4.187
1.206 4.187
1.548 4.176
1.993 4.296
2.489 4.196
3.177 4.289
3.975 4.176
5.1 4.246
6.454 5.242
6.106 7.858
2.442 9.892
1.0 5.734
1.0 4.176
1.225 4.176
1.577 4.176
2.03 4.185
2.607 4.176
3.355 4.176
4.32 4.176
5.563 4.272
6.994 5.346
6.377 7.711
2.551 9.763
1.02 5.794
1.0 4.176
1.222 4.176
1.573 4.176
2.025 4.189
2.599 4.176
3.344 4.176
4.306 4.276
5.407 4.284
6.755 5.562
5.692 7.964
2.277 8.72
1.0 4.176
1.105 4.176
1.423 4.176
1.832 4.176
2.358 4.243
2.985 4.176
3.836 4.279
4.814 4.258
6.053 4.182
7.764 4.884
8.248 6.836
3.41 9.664
1.364 7.736
1.0 4.176
1.145 4.176
1.473 4.176
1.897 4.176
2.442 4.176
3.144 4.176
4.047 4.202
5.178 4.273
6.502 5.008
6.627 6.952
2.651 9.808
1.06 5.212
1.0 4.176
1.246 4.176
1.604 4.254
2.025 4.176
2.6 4.176
3.348 4.274
4.206 4.176
5.4 4.289
6.76 5.561
5.697 8.304
2.279 9.408
1.0 4.267
1.049 4.203
1.337 4.176
1.72 4.176
2.214 4.176
2.851 4.176
3.671 4.523
4.321 4.176
5.505 4.617
6.316 6.461
3.432 8.932
1.373 8.328
1.0 4.251
1.097 4.176
1.409 4.176
1.814 4.176
2.335 4.371
2.861 4.267
3.578 4.324
4.426 4.551
5.144 4.875
5.403 6.501
2.811 9.354
1.124 5.818
1.0 4.191
1.217 4.191
1.56 4.191
1.999 4.204
2.555 4.176
3.286 4.176
4.231 4.177
5.447 4.29
6.816 4.352
8.365 5.864
6.223 8.714
2.489 9.799
1.0 4.573
1.0 4.176
1.271 4.176
1.636 4.231
2.078 4.238
2.629 4.176
3.379 4.176
4.35 4.183
5.591 4.592
6.458 6.28
3.887 8.896
1.555 7.775
1.0 4.176
1.143 4.176
1.471 4.176
1.894 4.176
2.438 4.331
3.019 4.176
3.868 4.417
4.684 4.261
5.859 5.236
5.549 7.452
2.22 9.754
1.0 5.476
1.0 4.176
1.235 4.176
1.59 4.176
2.046 4.176
2.634 4.176
3.391 4.298
4.235 4.209
5.387 4.637
6.139 6.233
3.775 9.181
1.51 7.908
1.0 4.201
1.13 4.223
1.436 4.282
1.797 4.176
2.306 4.298
2.879 4.186
3.683 4.319
4.573 4.446
5.468 5.373
4.9 8.017
1.96 10.065
1.0 4.176
1.051 4.176
1.353 4.176
1.742 4.221
2.217 4.309
2.756 4.176
3.533 4.176
4.548 4.315
5.654 4.501
6.663 6.085
4.446 8.99
1.779 8.819
1.0 4.176
1.101 4.176
1.417 4.176
1.824 4.176
2.348 4.246
2.969 4.314
3.684 4.198
4.696 4.181
6.034 4.43
7.28 5.214
6.895 7.394
2.758 9.655
1.103 4.543
1.049 4.207
1.325 4.176
1.703 4.176
2.192 4.176
2.822 4.176
3.633 4.176
4.677 4.216
5.962 4.413
7.217 5.385
6.449 7.599
2.579 8.643
1.032 4.278
1.11 4.176
1.424 4.176
1.834 4.176
2.36 4.176
3.039 4.225
3.865 4.176
4.969 4.197
6.364 4.445
7.645 4.849
8.126 7.052
3.25 9.271
1.3 6.519
1.0 4.176
1.193 4.176
1.536 4.176
1.978 4.281
2.48 4.176
3.182 4.257
4.015 4.431
4.831 5.435
4.237 7.935
1.695 8.783
1.0 4.222
1.088 4.176
1.399 4.176
1.801 4.176
2.318 4.3
2.893 4.176
3.71 4.176
4.777 4.176
6.151 4.447
7.39 5.087
7.294 6.848
2.928 8.468
1.171 6.113
1.0 4.176
1.21 4.176
1.557 4.27
1.959 4.176
2.514 4.176
3.237 4.176
4.168 4.495
4.945 4.555
5.708 4.807
6.118 6.531
3.142 9.207
1.257 7.191
1.0 4.176
1.167 4.176
1.502 4.199
1.923 4.176
2.473 4.176
3.185 4.306
3.969 4.415
4.788 4.626
5.434 6.138
3.509 8.994
1.404 8.522
1.0 4.176
1.113 4.176
1.433 4.176
1.845 4.176
2.375 4.234
3.014 4.292
3.762 4.176
4.826 4.245
6.108 4.623
6.98 6.063
4.674 8.715
1.87 7.66
1.0 4.176
1.148 4.176
1.478 4.219
1.882 4.176
2.42 4.176
3.115 4.221
3.966 4.247
5.01 4.301
6.238 4.467
7.425 5.435
6.501 7.982
2.601 9.977
1.04 4.24
1.076 4.176
1.383 4.21
1.765 4.176
2.27 4.176
2.923 4.176
3.763 4.176
4.846 4.24
6.141 4.176
7.892 4.97
8.17 7.096
3.268 9.434
1.307 6.99
1.0 4.176
1.175 4.176
1.512 4.176
1.947 4.176
2.506 4.176
3.227 4.176
4.155 4.273
5.222 4.483
6.194 5.176
5.93 7.368
2.372 9.912
1.0 5.697
1.0 4.176
1.226 4.176
1.579 4.176
2.032 4.192
2.606 4.305
3.247 4.25
4.087 4.176
5.25 4.507
6.208 5.224
5.842 7.008
2.337 8.43
1.0 4.305
1.076 4.283
1.343 4.176
1.724 4.241
2.184 4.177
2.805 4.253
3.543 4.221
4.501 4.273
5.649 4.485
6.697 5.729
5.234 8.496
2.094 8.64
1.0 4.176
1.109 4.176
1.427 4.176
1.838 4.18
2.364 4.176
3.043 4.176
3.919 4.176
5.046 4.453
6.054 4.737
6.649 6.213
4.106 8.683
1.642 7.386
1.0 4.176
1.159 4.176
1.492 4.176
1.921 4.176
2.474 4.176
3.185 4.176
4.102 4.26
5.172 4.348
6.361 5.023
6.434 6.179
3.969 8.523
1.588 6.703
1.0 4.176
1.186 4.176
1.528 4.176
1.967 4.176
2.533 4.197
3.245 4.176
4.176 4.265
5.259 4.527
6.167 5.253
5.744 7.169
2.298 9.479
1.0 6.179
1.0 4.215
1.195 4.215
1.522 4.216
1.938 4.176
2.492 4.176
3.209 4.176
4.132 4.178
5.319 4.208
6.795 4.736
7.533 6.736
3.4 9.977
1.36 6.54
1.0 4.176
1.193 4.176
1.536 4.176
1.978 4.196
2.534 4.176
3.261 4.182
4.193 4.176
5.398 4.613
6.202 5.129
5.999 6.905
2.4 9.189
1.0 5.937
1.0 4.176
1.217 4.176
1.567 4.176
2.018 4.233
2.562 4.176
3.293 4.22
4.194 4.206
5.354 4.357
6.58 5.338
5.995 7.827
2.398 9.201
1.0 4.347
1.032 4.176
1.322 4.176
1.702 4.176
2.192 4.176
2.822 4.176
3.634 4.276
4.565 4.205
5.819 4.176
7.487 5.199
7.207 7.371
2.883 9.919
1.153 5.255
1.0 4.176
1.244 4.176
1.602 4.176
2.063 4.176
2.657 4.176
3.422 4.177
4.405 4.176
5.673 4.301
7.081 5.126
6.946 7.398
2.778 9.218
1.111 4.282
1.169 4.176
1.501 4.176
1.933 4.176
2.489 4.176
3.205 4.209
4.094 4.194
5.244 4.176
6.751 4.322
8.382 5.029
8.474 6.798
3.559 9.486
1.424 7.386
1.0 4.176
1.159 4.176
1.493 4.235
1.894 4.176
2.435 4.249
3.079 4.176
3.957 4.176
5.096 4.354
6.275 4.927
6.539 6.851
2.663 9.353
1.065 7.229
1.0 4.176
1.165 4.176
1.501 4.176
1.932 4.176
2.489 4.342
3.073 4.176
3.938 4.176
5.071 4.176
6.532 4.275
8.207 5.205
7.853 7.767
3.141 9.919
1.256 5.043
1.0 4.176
1.253 4.176
1.613 4.221
2.055 4.176
2.642 4.176
3.403 4.202
4.354 4.318
5.407 4.432
6.493 4.821
6.965 7.261
2.786 9.901
1.114 6.509
1.0 4.176
1.194 4.176
1.538 4.176
1.98 4.176
2.55 4.211
3.256 4.189
4.175 4.176
5.374 4.238
6.816 4.431
8.209 4.935
8.508 6.93
3.403 9.058
1.361 6.27
1.0 4.176
1.204 4.222
1.533 4.176
1.971 4.294
2.464 4.476
2.927 4.21
3.703 4.419
4.478 5.065
4.458 6.967
1.783 9.719
1.0 4.176
1.066 4.176
1.373 4.176
1.768 4.244
2.238 4.176
2.876 4.345
3.55 4.263
4.449 4.345
5.476 4.442
6.553 5.444
5.728 8.155
2.291 8.971
1.0 4.176
1.096 4.176
1.411 4.242
1.788 4.263
2.248 4.236
2.844 4.259
3.581 4.176
4.601 4.337
5.69 4.247
7.164 5.003
7.323 7.34
2.929 10.105
1.172 5.461
1.0 4.176
1.236 4.176
1.592 4.176
2.05 4.176
2.64 4.176
3.401 4.207
4.346 4.176
5.593 4.468
6.684 5.062
6.648 7.567
2.659 9.271
1.064 6.043
1.0 4.176
1.213 4.176
1.562 4.176
2.012 4.176
2.591 4.176
3.336 4.241
4.228 4.394
5.142 4.196
6.545 4.427
7.902 5.903
5.759 8.729
2.304 9.005
1.0 4.176
1.095 4.176
1.409 4.176
1.815 4.31
2.26 4.176
2.899 4.176
3.733 4.176
4.808 4.176
6.193 4.653
7.037 5.413
6.161 7.981
2.465 9.415
1.0 4.846
1.0 4.176
1.261 4.176
1.624 4.176
2.091 4.176
2.693 4.176
3.468 4.267
4.367 4.293
5.446 4.568
6.31 5.795
4.78 8.933
1.912 8.411
1.0 4.176
1.118 4.176
1.44 4.176
1.854 4.176
2.388 4.176
3.076 4.206
3.932 4.176
5.059 4.301
6.315 4.351
7.751 4.744
8.529 6.607
4.198 9.589
1.679 7.929
1.0 4.176
1.138 4.176
1.465 4.176
1.886 4.176
2.429 4.199
3.111 4.176
4.003 4.176
5.156 4.252
6.516 4.481
7.741 5.345
6.999 6.862
2.799 8.692
1.12 5.437
1.0 4.176
1.237 4.176
1.593 4.176
2.052 4.176
2.643 4.176
3.404 4.321
4.227 4.245
5.328 4.492
6.313 5.533
5.327 8.335
2.131 8.905
1.0 4.176
1.099 4.176
1.415 4.176
1.822 4.176
2.347 4.325
2.911 4.176
3.732 4.176
4.807 4.257
6.068 4.531
7.111 5.767
5.461 8.563
2.184 9.613
1.0 4.176
1.07 4.176
1.378 4.176
1.775 4.176
2.286 4.251
2.889 4.176
3.713 4.176
4.782 4.176
6.159 4.677
6.952 5.745
5.347 8.322
2.139 8.502
1.0 4.176
1.115 4.176
1.436 4.176
1.849 4.184
2.376 4.19
3.049 4.206
3.896 4.205
4.978 4.176
6.406 4.549
7.492 5.493
6.401 8.174
2.56 9.609
1.024 5.172
1.0 4.176
1.248 4.176
1.607 4.176
2.07 4.213
2.641 4.329
3.269 4.191
4.175 4.251
5.275 4.648
5.987 5.641
4.809 8.167
1.924 8.711
1.0 4.199
1.099 4.176
1.414 4.176
1.821 4.176
2.346 4.289
2.937 4.22
3.728 4.238
4.722 4.187
6.054 4.444
7.279 4.971
7.457 7.403
2.983 9.475
1.193 5.287
1.0 4.22
1.229 4.22
1.564 4.176
2.011 4.227
2.558 4.176
3.289 4.176
4.237 4.226
5.39 4.426
6.503 5.185
6.225 6.961
2.49 9.487
1.0 5.611
1.0 4.176
1.23 4.176
1.585 4.176
2.041 4.176
2.629 4.176
3.385 4.254
4.277 4.476
5.087 4.537
5.908 5.521
4.998 7.701
1.999 8.911
1.0 4.176
1.098 4.176
1.415 4.176
1.822 4.176
2.347 4.204
3.001 4.309
3.736 4.248
4.706 4.334
5.812 4.924
6.068 6.672
2.818 9.792
1.127 6.62
1.0 4.176
1.19 4.176
1.533 4.176
1.974 4.176
2.542 4.176
3.274 4.221
4.17 4.321
5.172 4.318
6.398 4.433
7.683 5.453
6.697 7.518
2.679 9.276
1.072 5.865
1.0 4.176
1.22 4.176
1.572 4.257
1.983 4.176
2.548 4.217
3.249 4.176
4.179 4.252
5.282 4.176
6.788 4.557
7.921 6.049
5.364 8.893
2.146 8.437
1.0 4.235
1.099 4.235
1.392 4.204
1.777 4.235
2.253 4.27
2.829 4.249
3.567 4.232
4.521 4.304
5.629 4.952
5.833 6.764
2.531 9.1
1.013 6.481
1.0 4.223
1.181 4.223
1.501 4.176
1.93 4.176
2.486 4.176
3.201 4.267
4.031 4.334
4.975 4.274
6.221 4.692
6.969 6.572
3.522 9.044
1.409 7.6
1.0 4.176
1.151 4.176
1.482 4.176
1.909 4.176
2.458 4.176
3.166 4.314
3.939 4.219
4.998 4.229
6.346 4.443
7.622 6.007
5.298 8.935
2.119 9.199
1.0 4.176
1.087 4.176
1.4 4.176
1.803 4.296
2.253 4.27
2.823 4.248
3.561 4.417
4.303 4.463
5.108 4.367
6.211 5.54
5.259 8.232
2.103 8.34
1.0 4.176
1.121 4.176
1.444 4.176
1.86 4.176
2.395 4.304
2.987 4.176
3.832 4.226
4.875 4.218
6.205 4.488
7.367 5.848
5.48 8.716
2.192 8.626
1.0 4.176
1.11 4.176
1.429 4.228
1.817 4.176
2.337 4.242
2.96 4.312
3.677 4.618
4.199 4.553
4.831 4.988
4.902 6.884
1.961 8.812
1.0 4.176
1.102 4.245
1.396 4.184
1.79 4.242
2.267 4.176
2.914 4.176
3.754 4.179
4.832 4.176
6.223 4.372
7.629 5.328
6.973 7.605
2.789 9.46
1.116 4.32
1.15 4.176
1.474 4.21
1.883 4.176
2.423 4.176
3.121 4.242
3.954 4.217
5.032 4.176
6.473 4.292
8.1 4.555
9.421 5.477
8.096 7.941
3.238 8.837
1.295 4.176
1.427 4.196
1.829 4.176
2.354 4.176
3.032 4.238
3.846 4.176
4.945 4.176
6.37 4.176
8.206 4.246
10.389 4.314
12.9 5.232
12.216 7.224
4.886 9.451
1.955 6.055
1.0 4.176
1.213 4.234
1.54 4.176
1.98 4.176
2.551 4.176
3.286 4.176
4.233 4.236
5.372 4.176
6.908 4.752
7.634 6.164
4.833 8.516
1.933 8.097
1.0 4.176
1.131 4.176
1.457 4.176
1.877 4.176
2.418 4.176
3.115 4.176
4.013 4.176
5.169 4.423
6.254 4.423
7.504 5.185
7.186 6.784
3.008 9.058
1.203 5.386
1.0 4.176
1.24 4.176
1.597 4.176
2.057 4.247
2.604 4.176
3.347 4.253
4.23 4.328
5.232 4.582
6.034 5.872
4.422 8.784
1.769 8.306
1.0 4.176
1.123 4.176
1.446 4.269
1.821 4.176
2.338 4.176
3.013 4.249
3.811 4.176
4.899 4.217
6.247 4.176
8.039 4.984
8.292 7.21
3.317 10.07
1.327 6.182
1.0 4.176
1.208 4.176
1.556 4.243
1.971 4.176
2.534 4.176
3.265 4.176
4.206 4.251
5.318 4.521
6.252 4.197
7.927 5.003
8.122 6.986
3.249 9.786
1.3 7.114
1.0 4.176
1.171 4.176
1.508 4.176
1.942 4.176
2.502 4.176
3.223 4.234
4.093 4.353
5.033 4.544
5.86 5.474
5.045 8.026
2.018 9.316
1.0 4.176
1.082 4.176
1.394 4.176
1.796 4.176
2.314 4.176
2.981 4.243
3.776 4.303
4.702 4.259
5.91 4.62
6.76 5.624
5.476 8.199
2.191 8.859
1.0 4.176
1.101 4.176
1.418 4.176
1.827 4.29
2.287 4.196
2.921 4.176
3.76 4.208
4.806 4.294
6.006 4.875
6.374 6.139
4.055 9.09
1.622 7.915
1.0 4.176
1.139 4.176
1.467 4.176
1.889 4.223
2.405 4.234
3.05 4.355
3.748 4.176
4.802 4.176
6.186 4.663
7.012 6.175
4.439 9.031
1.776 8.005
1.0 4.176
1.135 4.176
1.462 4.176
1.883 4.226
2.396 4.22
3.048 4.305
3.796 4.176
4.871 4.404
5.922 4.65
6.683 5.75
5.138 8.418
2.055 9.39
1.0 4.176
1.079 4.176
1.39 4.176
1.791 4.176
2.307 4.176
2.972 4.176
3.829 4.229
4.868 4.176
6.261 4.683
7.056 6.595
3.519 9.157
1.408 7.201
1.0 4.176
1.167 4.176
1.503 4.23
1.911 4.195
2.445 4.176
3.148 4.294
3.938 4.44
4.724 4.388
5.717 5.576
4.771 8.152
1.908 8.71
1.0 4.226
1.091 4.176
1.403 4.177
1.807 4.235
2.293 4.254
2.892 4.19
3.703 4.176
4.769 4.251
6.03 4.594
6.948 5.542
5.817 8.119
2.327 8.899
1.0 4.176
1.099 4.176
1.416 4.176
1.824 4.184
2.345 4.176
3.02 4.176
3.89 4.215
4.963 4.482
5.903 4.479
6.964 5.979
4.895 8.902
1.958 8.968
1.0 4.176
1.096 4.176
1.412 4.176
1.819 4.176
2.343 4.176
3.018 4.269
3.799 4.176
4.88 4.459
5.848 5.398
5.195 8.106
2.078 10.224
1.0 4.833
1.0 4.176
1.262 4.176
1.625 4.251
2.055 4.176
2.64 4.176
3.401 4.198
4.357 4.269
5.481 4.44
6.58 5.613
5.4 8.858
2.16 10.562
1.0 4.289
1.0 4.248
1.261 4.176
1.62 4.176
2.086 4.27
2.625 4.176
3.371 4.176
4.343 4.28
5.45 4.514
6.412 5.495
5.484 8.318
2.194 8.822
1.0 4.176
1.102 4.176
1.419 4.176
1.828 4.255
2.309 4.238
2.921 4.176
3.756 4.366
4.611 4.247
5.8 4.176
7.455 4.849
8.008 6.912
3.203 9.95
1.281 7.214
1.0 4.176
1.166 4.207
1.491 4.327
1.847 4.199
2.354 4.176
3.03 4.176
3.902 4.25
4.935 4.471
5.879 5.087
5.801 7.323
2.32 9.255
1.0 4.551
1.0 4.176
1.273 4.176
1.64 4.25
2.073 4.176
2.664 4.176
3.432 4.215
4.378 4.201
5.598 4.702
6.269 6.646
3.019 9.151
1.208 6.695
1.0 4.176
1.187 4.176
1.529 4.187
1.964 4.176
2.529 4.176
3.258 4.176
4.196 4.259
5.294 4.176
6.803 4.232
8.642 5.009
8.824 7.127
3.53 9.635
1.412 5.482
1.0 4.176
1.236 4.176
1.592 4.176
2.05 4.176
2.641 4.266
3.326 4.304
4.137 4.197
5.281 4.262
6.654 4.766
7.301 6.662
3.461 9.212
1.384 6.84
1.0 4.176
1.181 4.176
1.522 4.176
1.96 4.176
2.525 4.176
3.252 4.176
4.19 4.237
5.316 4.324
6.585 5.017
6.683 6.945
2.673 9.525
1.069 4.613
1.0 4.176
1.271 4.176
1.637 4.176
2.108 4.176
2.716 4.176
3.498 4.221
4.457 4.428
5.376 4.588
6.167 5.083
6.065 7.167
2.426 9.231
1.0 5.253
1.0 4.176
1.245 4.189
1.599 4.176
2.058 4.182
2.648 4.258
3.341 4.176
4.293 4.415
5.204 4.685
5.813 5.948
4.094 8.763
1.638 8.108
1.0 4.176
1.131 4.176
1.457 4.176
1.876 4.176
2.417 4.176
3.113 4.253
3.934 4.176
5.056 4.176
6.514 4.376
7.978 5.912
5.81 8.804
2.324 10.134
1.0 4.437
1.0 4.176
1.278 4.176
1.646 4.237
2.088 4.176
2.684 4.176
3.458 4.261
4.361 4.176
5.603 4.35
6.908 5.121
6.775 7.495
2.71 9.693
1.084 4.617
1.005 4.176
1.277 4.197
1.636 4.257
2.064 4.176
2.652 4.302
3.31 4.439
3.97 4.286
4.934 4.53
5.779 5.274
5.345 7.998
2.138 8.682
1.0 4.176
1.108 4.176
1.427 4.176
1.838 4.236
2.333 4.176
2.999 4.176
3.864 4.176
4.978 4.199
6.376 4.465
7.622 5.469
6.598 7.741
2.639 8.693
1.056 4.176
1.169 4.176
1.506 4.176
1.94 4.176
2.499 4.176
3.219 4.199
4.123 4.176
5.308 4.239
6.733 4.275
8.445 4.691
9.464 6.411
5.271 8.263
2.109 5.875
1.232 4.176
1.504 4.176
1.937 4.176
2.496 4.22
3.18 4.242
4.025 4.176
5.175 4.23
6.579 4.231
8.347 4.417
10.096 5.069
10.044 7.029
4.018 9.792
1.607 6.758
1.0 4.176
1.185 4.176
1.526 4.176
1.967 4.176
2.534 4.193
3.25 4.176
4.185 4.278
5.257 4.176
6.751 4.399
8.22 5.863
6.108 8.353
2.443 7.996
1.0 4.176
1.135 4.176
1.463 4.176
1.885 4.194
2.417 4.276
3.036 4.176
3.899 4.176
5.024 4.22
6.402 4.219
8.151 4.827
8.801 6.619
4.273 8.978
1.709 7.073
1.0 4.176
1.172 4.176
1.51 4.176
1.946 4.176
2.507 4.176
3.23 4.176
4.162 4.279
5.226 4.224
6.633 4.42
8.019 5.208
7.623 7.335
3.049 8.483
1.22 4.176
1.361 4.293
1.703 4.176
2.186 4.176
2.817 4.176
3.63 4.176
4.677 4.176
6.027 4.176
7.766 4.252
9.819 4.208
12.524 4.509
14.797 5.923
10.65 8.977
4.26 8.785
1.704 4.176
1.881 4.176
2.424 4.176
3.123 4.176
4.024 4.223
5.125 4.22
6.523 4.176
8.394 4.306
10.469 4.298
13.03 4.334
16.074 4.285
20.055 5.356
18.232 7.779
7.293 9.652
2.917 4.176
3.12 4.176
4.02 4.19
5.162 4.176
6.648 4.176
8.567 4.176
11.04 4.176
14.226 4.332
17.627 4.176
22.607 4.176
29.134 4.176
37.547 4.317
46.707 4.877
