1.0 5.184
1.0 5.184
1.0 4.344
1.207 4.344
1.508 4.176
1.974 4.176
2.608 4.246
3.394 4.176
4.491 4.637
5.294 6.725
2.556 10.174
1.022 7.202
1.0 4.176
1.157 4.176
1.483 4.207
1.894 4.257
2.391 4.24
3.035 4.246
3.857 4.176
4.995 4.282
6.325 4.837
6.868 6.637
3.341 9.925
1.336 7.457
1.0 4.176
1.148 4.176
1.473 4.327
1.82 4.194
2.32 4.176
2.987 4.176
3.854 4.231
4.912 4.246
6.232 5.05
6.31 6.938
2.524 9.662
1.01 6.428
1.0 4.176
1.192 4.176
1.529 4.176
1.965 4.176
2.528 4.176
3.256 4.176
4.198 4.176
5.418 4.299
6.786 4.687
7.632 6.011
5.242 9.035
2.097 9.281
1.0 4.176
1.078 4.176
1.383 4.176
1.776 4.176
2.283 4.261
2.876 4.249
3.626 4.425
4.374 4.176
5.595 4.559
6.536 5.999
4.535 8.275
1.814 8.373
1.0 4.176
1.116 4.176
1.433 4.176
1.842 4.178
2.368 4.176
3.048 4.176
3.926 4.176
5.061 4.218
6.459 4.545
7.565 5.533
6.381 7.429
2.552 9.151
1.021 5.608
1.0 4.176
1.228 4.176
1.578 4.176
2.031 4.176
2.614 4.24
3.313 4.349
4.078 4.416
4.918 4.549
5.71 5.698
4.512 7.93
1.805 8.902
1.0 4.176
1.096 4.176
1.409 4.188
1.807 4.176
2.325 4.176
2.993 4.176
3.856 4.259
4.868 4.176
6.261 4.227
7.975 5.215
7.636 7.48
3.054 10.154
1.222 6.654
1.0 4.176
1.186 4.176
1.524 4.176
1.961 4.176
2.523 4.176
3.247 4.176
4.182 4.209
5.344 4.176
6.88 4.341
8.51 4.809
9.204 6.569
4.624 9.481
1.849 7.339
1.0 4.189
1.155 4.189
1.48 4.176
1.903 4.176
2.45 4.244
3.101 4.176
3.986 4.176
5.136 4.389
6.272 4.333
7.72 5.669
6.238 7.841
2.495 8.453
1.0 4.176
1.115 4.176
1.435 4.176
1.848 4.218
2.355 4.211
3.004 4.179
3.864 4.279
4.855 4.467
5.79 4.452
6.892 5.756
5.347 8.451
2.139 8.721
1.0 4.176
1.105 4.176
1.422 4.176
1.831 4.176
2.358 4.176
3.038 4.275
3.82 4.211
4.866 4.176
6.268 4.176
8.085 5.197
7.803 7.705
3.121 10.137
1.248 6.117
1.0 4.176
1.209 4.176
1.556 4.176
2.003 4.176
2.58 4.176
3.323 4.176
4.282 4.176
5.519 4.223
7.033 4.42
8.51 4.824
9.138 6.836
3.812 9.524
1.525 6.76
1.0 4.176
1.184 4.176
1.524 4.176
1.962 4.176
2.528 4.306
3.152 4.183
4.038 4.305
5.039 4.369
6.161 4.813
6.648 7.309
2.659 10.105
1.064 5.381
1.0 4.176
1.239 4.176
1.595 4.176
2.054 4.176
2.645 4.176
3.408 4.176
4.392 4.379
5.377 4.403
6.5 5.654
5.265 8.567
2.106 9.023
1.0 4.176
1.093 4.176
1.407 4.176
1.811 4.191
2.324 4.278
2.916 4.244
3.682 4.307
4.582 4.176
5.881 4.623
6.745 6.355
3.897 9.343
1.559 8.0
1.0 4.176
1.134 4.176
1.459 4.176
1.878 4.176
2.419 4.176
3.115 4.176
4.013 4.404
4.879 4.331
6.002 4.502
7.076 6.182
4.511 9.188
1.804 8.564
1.0 4.176
1.111 4.176
1.43 4.257
1.803 4.176
2.316 4.258
2.921 4.233
3.7 4.176
4.757 4.319
5.913 4.176
7.585 5.1
7.546 7.179
3.018 9.174
1.207 4.954
1.014 4.176
1.273 4.176
1.639 4.176
2.111 4.176
2.719 4.176
3.503 4.379
4.287 4.212
5.441 4.436
6.555 5.66
5.286 8.712
2.114 8.868
1.0 4.176
1.099 4.176
1.415 4.176
1.822 4.176
2.347 4.176
3.022 4.251
3.821 4.333
4.721 4.394
5.727 4.697
6.382 6.609
3.151 9.318
1.261 7.082
1.0 4.176
1.171 4.176
1.507 4.176
1.941 4.259
2.448 4.24
3.094 4.176
3.978 4.281
4.993 4.969
5.153 6.529
2.618 8.793
1.047 7.095
1.0 4.217
1.157 4.217
1.472 4.255
1.856 4.176
2.384 4.285
2.988 4.264
3.751 4.273
4.703 4.269
5.902 5.349
5.38 7.941
2.152 9.861
1.0 4.218
1.046 4.176
1.345 4.176
1.731 4.176
2.228 4.255
2.813 4.176
3.614 4.176
4.655 4.176
5.997 4.682
6.761 6.694
3.158 9.952
1.263 7.232
1.0 4.176
1.164 4.176
1.499 4.176
1.929 4.231
2.449 4.176
3.148 4.176
4.054 4.176
5.221 4.536
6.127 6.15
3.956 9.34
1.583 8.241
1.0 4.176
1.124 4.176
1.446 4.176
1.861 4.176
2.395 4.176
3.083 4.199
3.947 4.176
5.079 4.421
6.145 4.538
7.147 6.014
4.923 8.918
1.969 7.946
1.0 4.239
1.116 4.176
1.433 4.176
1.844 4.176
2.374 4.176
3.056 4.176
3.935 4.176
5.067 4.176
6.526 4.481
7.773 5.353
7.007 7.315
2.803 9.464
1.121 4.176
1.206 4.176
1.552 4.176
1.998 4.218
2.545 4.202
3.252 4.176
4.185 4.177
5.388 4.267
6.785 4.34
8.363 4.457
9.972 5.875
7.347 8.598
2.939 8.73
1.176 4.176
1.299 4.176
1.672 4.188
2.147 4.176
2.763 4.252
3.491 4.264
4.389 4.176
5.638 4.325
6.996 4.251
8.805 4.801
9.569 6.691
4.435 9.883
1.774 7.279
1.0 4.176
1.163 4.176
1.497 4.176
1.928 4.252
2.436 4.216
3.098 4.255
3.907 4.254
4.924 4.427
5.935 4.417
7.131 5.445
6.241 8.261
2.496 9.962
1.0 4.934
1.0 4.176
1.257 4.176
1.618 4.258
2.041 4.176
2.621 4.303
3.269 4.198
4.171 4.259
5.258 4.807
5.7 6.373
3.215 9.211
1.286 7.691
1.0 4.176
1.146 4.188
1.471 4.176
1.893 4.176
2.437 4.176
3.137 4.176
4.04 4.216
5.152 4.476
6.135 5.103
6.02 7.579
2.408 9.157
1.0 4.765
1.0 4.176
1.264 4.176
1.627 4.176
2.094 4.341
2.586 4.176
3.313 4.359
4.074 4.462
4.847 4.593
5.544 6.336
3.239 9.725
1.296 7.025
1.0 4.176
1.173 4.176
1.51 4.176
1.943 4.281
2.437 4.195
3.113 4.207
3.975 4.315
4.938 4.454
5.896 5.624
4.812 8.128
1.925 9.265
1.0 4.176
1.083 4.176
1.394 4.176
1.795 4.338
2.218 4.176
2.841 4.176
3.658 4.243
4.632 4.323
5.736 4.593
6.593 6.013
4.529 8.512
1.811 8.595
1.0 4.229
1.093 4.176
1.405 4.176
1.808 4.176
2.328 4.176
2.997 4.176
3.858 4.259
4.867 4.319
6.03 4.296
7.501 5.303
6.937 8.073
2.775 9.718
1.11 4.176
1.182 4.224
1.504 4.176
1.933 4.179
2.486 4.176
3.201 4.176
4.121 4.411
4.999 4.24
6.289 4.176
8.085 4.515
9.542 6.099
6.325 9.228
2.53 8.619
1.012 4.176
1.123 4.176
1.445 4.176
1.86 4.214
2.372 4.258
2.989 4.176
3.839 4.176
4.943 4.176
6.366 4.546
7.451 5.458
6.448 7.185
2.579 8.985
1.032 4.872
1.0 4.176
1.259 4.176
1.621 4.176
2.088 4.296
2.609 4.199
3.328 4.205
4.252 4.356
5.228 4.648
5.912 5.935
4.196 8.791
1.678 8.47
1.0 4.176
1.115 4.176
1.436 4.176
1.849 4.205
2.363 4.176
3.04 4.222
3.87 4.213
4.932 4.176
6.345 4.592
7.334 5.148
7.057 7.541
2.823 9.746
1.129 4.666
1.026 4.176
1.301 4.176
1.675 4.176
2.156 4.176
2.777 4.191
3.563 4.277
4.472 4.283
5.59 4.524
6.558 5.115
6.398 7.103
2.559 9.347
1.024 5.996
1.0 4.176
1.215 4.176
1.564 4.176
2.013 4.176
2.593 4.176
3.339 4.446
4.014 4.192
5.106 4.208
6.522 4.705
7.296 6.077
4.832 9.383
1.933 8.303
1.0 4.176
1.122 4.176
1.445 4.176
1.86 4.176
2.395 4.18
3.081 4.176
3.967 4.222
5.052 4.221
6.426 4.239
8.137 5.212
7.78 7.888
3.112 9.624
1.245 5.236
1.0 4.176
1.245 4.176
1.603 4.176
2.064 4.176
2.658 4.176
3.423 4.202
4.38 4.228
5.565 4.253
7.02 4.739
7.765 6.647
3.725 9.79
1.49 7.023
1.0 4.244
1.152 4.244
1.455 4.176
1.869 4.176
2.407 4.296
3.008 4.242
3.796 4.176
4.879 4.208
6.235 4.819
6.749 6.543
3.439 9.117
1.375 6.349
1.0 4.176
1.201 4.176
1.546 4.231
1.963 4.176
2.524 4.176
3.251 4.176
4.187 4.325
5.195 4.679
5.83 5.681
4.602 8.033
1.841 9.106
1.0 4.632
1.0 4.176
1.269 4.176
1.634 4.176
2.104 4.176
2.71 4.176
3.49 4.176
4.495 4.281
5.64 4.854
6.025 6.762
2.642 9.328
1.057 7.378
1.0 4.176
1.159 4.176
1.492 4.176
1.922 4.238
2.436 4.176
3.131 4.28
3.929 4.278
4.916 4.384
5.987 4.295
7.435 5.455
6.517 7.923
2.607 9.015
1.043 4.419
1.06 4.176
1.354 4.176
1.744 4.176
2.246 4.337
2.777 4.191
3.545 4.176
4.564 4.251
5.77 4.381
7.039 4.693
7.853 6.025
5.336 8.647
2.134 8.137
1.0 4.275
1.098 4.275
1.374 4.176
1.764 4.176
2.272 4.48
2.706 4.3
3.346 4.176
4.293 4.485
5.108 5.556
4.275 8.184
1.71 8.636
1.0 4.176
1.109 4.176
1.428 4.176
1.839 4.176
2.368 4.176
3.05 4.227
3.878 4.327
4.801 4.624
5.471 4.434
6.501 5.094
6.409 7.206
2.564 9.63
1.025 6.633
1.0 4.176
1.189 4.176
1.531 4.176
1.971 4.176
2.539 4.176
3.269 4.176
4.211 4.185
5.411 4.231
6.873 4.468
8.2 5.684
6.535 8.324
2.614 9.192
1.046 4.536
1.017 4.176
1.294 4.176
1.666 4.176
2.146 4.176
2.764 4.283
3.465 4.329
4.28 4.244
5.393 4.371
6.598 5.385
5.911 7.973
2.364 9.731
1.0 5.144
1.0 4.176
1.249 4.176
1.608 4.184
2.066 4.196
2.647 4.176
3.407 4.197
4.365 4.263
5.497 4.353
6.752 5.205
6.44 8.022
2.576 9.681
1.03 5.388
1.0 4.176
1.239 4.176
1.595 4.259
2.012 4.222
2.554 4.176
3.285 4.333
4.066 4.231
5.14 4.583
5.944 5.786
4.515 8.929
1.806 9.234
1.0 4.176
1.085 4.176
1.397 4.176
1.798 4.176
2.315 4.176
2.981 4.35
3.674 4.197
4.681 4.378
5.723 4.409
6.901 4.685
7.706 6.425
4.256 9.173
1.702 8.236
1.0 4.191
1.12 4.176
1.441 4.176
1.855 4.176
2.389 4.176
3.076 4.207
3.931 4.348
4.842 4.176
6.202 4.468
7.412 6.076
4.98 8.986
1.992 7.63
1.0 4.279
1.116 4.279
1.396 4.19
1.785 4.176
2.298 4.176
2.959 4.176
3.81 4.367
4.675 4.176
5.985 4.415
7.254 5.659
5.852 8.575
2.341 9.493
1.0 4.21
1.064 4.176
1.368 4.209
1.747 4.284
2.187 4.372
2.67 4.311
3.302 4.176
4.235 4.41
5.139 4.478
6.076 5.762
4.687 8.472
1.875 8.954
1.0 4.73
1.0 4.176
1.265 4.176
1.629 4.176
2.097 4.176
2.7 4.306
3.365 4.176
4.315 4.364
5.299 4.554
6.147 5.652
4.938 8.61
1.975 8.682
1.0 4.285
1.072 4.247
1.352 4.198
1.727 4.235
2.189 4.176
2.813 4.215
3.588 4.329
4.439 4.67
4.992 5.432
4.336 8.24
1.734 9.336
1.0 4.298
1.042 4.176
1.336 4.176
1.72 4.176
2.214 4.212
2.826 4.176
3.634 4.176
4.679 4.405
5.684 4.435
6.8 5.269
6.322 7.711
2.529 9.439
1.012 5.635
1.0 4.176
1.229 4.176
1.582 4.176
2.036 4.176
2.622 4.18
3.372 4.287
4.222 4.202
5.383 4.426
6.498 5.767
5.015 9.095
2.006 9.659
1.0 4.176
1.068 4.176
1.374 4.176
1.769 4.176
2.277 4.176
2.931 4.38
3.584 4.283
4.463 4.504
5.262 4.559
6.065 5.708
4.761 8.828
1.904 8.694
1.0 4.274
1.075 4.176
1.38 4.176
1.776 4.176
2.286 4.176
2.943 4.194
3.771 4.176
4.853 4.444
5.834 4.29
7.238 4.905
7.609 7.134
3.044 9.78
1.217 5.988
1.0 4.176
1.215 4.176
1.563 4.176
2.012 4.176
2.591 4.176
3.335 4.176
4.294 4.176
5.529 4.245
6.997 4.478
8.319 5.698
6.584 8.344
2.634 9.443
1.054 4.862
1.0 4.176
1.26 4.176
1.621 4.176
2.087 4.176
2.687 4.332
3.326 4.314
4.115 4.243
5.188 4.975
5.348 7.367
2.139 10.14
1.0 5.937
1.0 4.19
1.212 4.19
1.554 4.176
1.999 4.176
2.574 4.195
3.297 4.176
4.242 4.176
5.462 4.26
6.886 4.54
8.046 6.104
5.309 8.546
2.123 8.828
1.0 4.176
1.101 4.176
1.417 4.176
1.824 4.176
2.348 4.239
2.975 4.258
3.745 4.176
4.809 4.217
6.129 4.396
7.452 5.94
5.349 8.55
2.139 9.156
1.0 4.176
1.088 4.176
1.4 4.176
1.802 4.176
2.32 4.176
2.986 4.176
3.844 4.182
4.942 4.293
6.177 4.724
6.848 5.892
4.929 8.127
1.972 7.878
1.0 4.225
1.123 4.225
1.426 4.176
1.833 4.176
2.36 4.176
3.038 4.176
3.911 4.327
4.848 4.261
6.082 4.723
6.752 6.391
3.79 9.301
1.516 6.64
1.0 4.176
1.189 4.176
1.53 4.176
1.97 4.176
2.536 4.176
3.264 4.176
4.203 4.258
5.302 4.27
6.651 4.788
7.245 6.344
4.156 9.008
1.662 6.996
1.0 4.176
1.174 4.176
1.512 4.176
1.946 4.176
2.506 4.255
3.163 4.278
3.96 4.256
4.982 4.423
6.008 4.636
6.798 5.816
5.083 8.006
2.033 7.676
1.0 4.176
1.147 4.176
1.477 4.176
1.902 4.237
2.412 4.176
3.099 4.176
3.991 4.232
5.068 4.196
6.482 4.475
7.727 5.563
6.45 8.077
2.58 8.826
1.032 4.176
1.137 4.196
1.456 4.247
1.841 4.176
2.365 4.176
3.045 4.176
3.921 4.194
5.027 4.217
6.405 4.343
7.898 4.735
8.716 6.698
4.039 9.575
1.616 7.52
1.0 4.176
1.154 4.176
1.485 4.176
1.912 4.176
2.462 4.336
3.045 4.417
3.669 4.443
4.377 4.398
5.281 4.827
5.661 6.831
2.363 8.947
1.0 5.782
1.0 4.176
1.223 4.176
1.575 4.176
2.028 4.176
2.611 4.223
3.323 4.176
4.274 4.211
5.456 4.55
6.37 5.87
4.677 8.732
1.871 9.614
1.0 4.216
1.057 4.216
1.346 4.176
1.731 4.176
2.228 4.176
2.869 4.222
3.652 4.208
4.659 4.244
5.893 4.611
6.758 6.355
3.902 9.103
1.561 7.103
1.0 4.176
1.17 4.176
1.507 4.176
1.94 4.176
2.498 4.342
3.084 4.193
3.935 4.253
4.968 4.223
6.308 4.333
7.797 5.613
6.429 8.355
2.572 9.328
1.029 4.6
1.0 4.176
1.27 4.176
1.636 4.176
2.106 4.176
2.712 4.176
3.492 4.176
4.497 4.185
5.778 4.622
6.62 5.494
5.633 7.514
2.253 7.844
1.0 4.199
1.134 4.212
1.446 4.176
1.859 4.176
2.394 4.176
3.083 4.176
3.971 4.275
4.989 4.267
6.261 4.523
7.351 6.855
3.103 9.369
1.241 7.385
1.0 4.176
1.159 4.176
1.493 4.176
1.922 4.176
2.475 4.176
3.187 4.176
4.104 4.252
5.187 4.812
5.615 6.48
2.974 9.04
1.19 6.08
1.0 4.176
1.211 4.176
1.56 4.176
2.009 4.176
2.587 4.213
3.301 4.176
4.246 4.176
5.468 4.528
6.431 4.334
7.869 5.382
7.068 7.596
2.827 8.891
1.131 4.631
1.079 4.189
1.366 4.223
1.737 4.176
2.234 4.176
2.877 4.176
3.706 4.176
4.773 4.176
6.148 4.348
7.582 5.32
6.956 7.394
2.782 9.564
1.113 4.56
1.057 4.21
1.334 4.176
1.716 4.176
2.21 4.176
2.846 4.176
3.666 4.284
4.596 4.208
5.853 4.438
7.045 5.554
5.913 8.295
2.365 9.807
1.0 4.806
1.0 4.176
1.262 4.176
1.626 4.176
2.094 4.25
2.647 4.176
3.401 4.269
4.28 4.32
5.301 4.292
6.602 5.309
6.095 7.818
2.438 9.246
1.0 4.395
1.015 4.176
1.298 4.176
1.672 4.176
2.154 4.176
2.774 4.202
3.549 4.349
4.373 4.531
5.108 4.614
5.796 5.451
5.014 8.023
2.006 9.431
1.0 4.176
1.077 4.176
1.388 4.176
1.787 4.176
2.301 4.176
2.964 4.176
3.817 4.176
4.917 4.176
6.333 4.238
8.033 5.458
7.053 8.644
2.821 9.652
1.128 4.176
1.206 4.176
1.553 4.176
2.0 4.222
2.546 4.176
3.275 4.176
4.218 4.217
5.377 4.176
6.917 4.432
8.347 4.62
9.488 5.86
6.972 8.534
2.789 8.758
1.116 4.176
1.232 4.176
1.587 4.176
2.043 4.214
2.607 4.176
3.354 4.176
4.32 4.292
5.405 4.205
6.887 4.577
7.985 6.057
5.381 8.619
2.152 8.613
1.0 4.176
1.11 4.176
1.43 4.176
1.841 4.176
2.372 4.21
3.029 4.281
3.796 4.382
4.625 4.376
5.625 4.669
6.318 6.477
3.39 9.2
1.356 7.888
1.0 4.176
1.139 4.176
1.467 4.176
1.889 4.181
2.43 4.273
3.054 4.176
3.922 4.185
5.04 4.286
6.314 4.772
6.909 6.9
2.763 9.48
1.105 6.24
1.0 4.176
1.205 4.176
1.552 4.176
1.999 4.239
2.534 4.22
3.222 4.176
4.144 4.264
5.222 4.252
6.581 5.232
6.247 8.057
2.499 10.277
1.0 4.216
1.031 4.285
1.29 4.176
1.656 4.176
2.132 4.199
2.731 4.282
3.422 4.277
4.283 4.276
5.363 4.526
6.29 5.429
5.507 8.038
2.203 8.332
1.0 4.176
1.122 4.176
1.444 4.176
1.86 4.273
2.338 4.306
2.906 4.176
3.727 4.26
4.701 4.27
5.899 4.687
6.618 6.015
4.519 8.539
1.808 8.518
1.0 4.244
1.092 4.176
1.404 4.176
1.808 4.176
2.328 4.176
2.999 4.201
3.839 4.176
4.94 4.219
6.296 4.457
7.537 5.225
7.109 7.437
2.844 9.537
1.137 4.377
1.148 4.183
1.467 4.176
1.889 4.176
2.433 4.184
3.127 4.321
3.883 4.176
4.979 4.176
6.413 4.176
8.261 4.407
10.036 5.261
9.373 7.774
3.749 10.165
1.5 5.116
1.124 4.176
1.405 4.176
1.809 4.176
2.33 4.178
3.0 4.291
3.754 4.296
4.675 4.328
5.774 4.182
7.392 4.373
9.058 4.874
9.586 6.59
4.722 8.95
1.889 6.784
1.0 4.176
1.184 4.19
1.519 4.176
1.956 4.176
2.519 4.226
3.205 4.359
3.936 4.176
5.041 4.246
6.382 4.349
7.853 5.609
6.483 8.567
2.593 9.19
1.037 4.375
1.062 4.176
1.36 4.176
1.751 4.176
2.256 4.176
2.906 4.176
3.743 4.176
4.822 4.176
6.211 4.517
7.329 5.209
6.934 7.429
2.773 9.487
1.109 4.699
1.009 4.176
1.278 4.176
1.646 4.176
2.12 4.217
2.704 4.222
3.439 4.176
4.424 4.176
5.699 4.481
6.789 6.197
4.3 8.881
1.72 8.721
1.0 4.176
1.106 4.176
1.425 4.176
1.835 4.176
2.364 4.305
2.948 4.176
3.782 4.247
4.786 4.291
5.977 4.334
7.373 5.066
7.365 7.405
2.946 9.96
1.178 5.884
1.0 4.176
1.22 4.176
1.571 4.176
2.023 4.176
2.606 4.176
3.357 4.176
4.324 4.305
5.393 4.642
6.121 5.068
6.035 6.688
2.738 8.513
1.095 5.558
1.0 4.176
1.233 4.176
1.588 4.176
2.045 4.235
2.596 4.176
3.338 4.253
4.219 4.247
5.327 4.482
6.329 5.691
5.027 8.513
2.011 8.597
1.0 4.176
1.111 4.176
1.431 4.176
1.844 4.176
2.375 4.211
3.033 4.176
3.902 4.215
4.979 4.339
6.148 4.423
7.398 5.899
5.404 8.797
2.162 8.995
1.0 4.176
1.095 4.176
1.411 4.176
1.817 4.176
2.341 4.176
3.015 4.205
3.856 4.176
4.963 4.244
6.287 4.726
6.982 5.822
5.187 8.345
2.075 8.573
1.0 4.176
1.112 4.176
1.432 4.176
1.845 4.338
2.282 4.176
2.924 4.348
3.607 4.176
4.622 4.28
5.802 4.799
6.301 6.619
3.065 9.243
1.226 7.459
1.0 4.176
1.157 4.23
1.47 4.176
1.89 4.176
2.435 4.176
3.136 4.257
3.959 4.191
5.069 4.442
6.098 5.072
6.054 6.924
2.421 9.105
1.0 6.201
1.0 4.176
1.207 4.176
1.555 4.258
1.962 4.176
2.521 4.176
3.247 4.176
4.183 4.308
5.213 4.228
6.602 4.423
7.973 5.775
6.139 8.493
2.455 8.857
1.0 4.176
1.101 4.176
1.418 4.176
1.826 4.176
2.352 4.268
2.961 4.176
3.804 4.176
4.901 4.266
6.173 4.414
7.464 4.99
7.612 7.315
3.045 9.38
1.218 5.256
1.0 4.176
1.245 4.176
1.604 4.176
2.066 4.276
2.595 4.176
3.333 4.232
4.234 4.176
5.445 4.453
6.536 5.26
6.095 7.62
2.438 8.964
1.0 4.176
1.097 4.176
1.413 4.176
1.82 4.176
2.344 4.176
3.02 4.176
3.89 4.176
5.012 4.301
6.258 4.408
7.57 5.312
6.948 7.801
2.779 9.628
1.112 4.444
1.095 4.176
1.399 4.176
1.802 4.312
2.243 4.241
2.831 4.223
3.598 4.176
4.628 4.176
5.963 4.418
7.224 4.759
7.898 6.726
3.587 9.071
1.435 7.211
1.0 4.176
1.167 4.176
1.503 4.288
1.883 4.176
2.417 4.176
3.114 4.232
3.956 4.176
5.088 4.329
6.308 4.934
6.568 6.886
2.627 9.502
1.051 6.913
1.0 4.3
1.139 4.3
1.417 4.176
1.818 4.215
2.32 4.176
2.985 4.206
3.817 4.258
4.813 4.453
5.761 4.753
6.302 6.113
4.092 8.401
1.637 7.321
1.0 4.176
1.162 4.176
1.497 4.268
1.885 4.176
2.422 4.176
3.12 4.176
4.019 4.325
4.988 4.415
6.017 4.932
6.249 6.628
2.989 9.197
1.196 6.797
1.0 4.176
1.183 4.176
1.524 4.176
1.964 4.176
2.53 4.176
3.259 4.176
4.199 4.274
5.279 4.288
6.592 4.218
8.376 4.89
8.877 7.158
3.551 10.134
1.42 6.639
1.0 4.176
1.19 4.176
1.532 4.176
1.974 4.208
2.523 4.176
3.247 4.176
4.183 4.562
4.876 4.202
6.167 5.192
5.947 6.94
2.379 9.332
1.0 5.987
1.0 4.176
1.216 4.176
1.566 4.176
2.017 4.176
2.599 4.176
3.348 4.176
4.314 4.449
5.183 4.206
6.572 4.449
7.889 5.609
6.483 8.345
2.593 8.8
1.037 4.176
1.144 4.176
1.474 4.176
1.899 4.176
2.446 4.176
3.152 4.176
4.06 4.176
5.231 4.391
6.383 4.498
7.515 4.834
8.014 6.858
3.279 8.888
1.312 5.556
1.0 4.241
1.212 4.241
1.534 4.176
1.972 4.176
2.54 4.183
3.267 4.176
4.209 4.342
5.201 4.176
6.667 4.428
8.056 5.912
5.852 8.696
2.341 8.843
1.0 4.299
1.062 4.299
1.322 4.229
1.674 4.176
2.153 4.237
2.733 4.231
3.466 4.361
4.255 4.297
5.287 4.998
5.404 6.842
2.204 9.275
1.0 4.832
1.0 4.176
1.262 4.176
1.626 4.176
2.095 4.268
2.638 4.244
3.332 4.176
4.284 4.181
5.513 4.934
5.773 6.786
2.472 9.551
1.0 6.608
1.0 4.176
1.191 4.176
1.534 4.176
1.977 4.176
2.547 4.176
3.281 4.176
4.228 4.176
5.447 4.443
6.556 4.547
7.604 5.947
5.403 8.443
2.161 8.305
1.0 4.176
1.123 4.176
1.447 4.176
1.864 4.207
2.383 4.176
3.068 4.176
3.953 4.28
4.962 4.371
6.065 5.091
6.003 6.747
2.607 8.952
1.043 6.372
1.0 4.25
1.177 4.25
1.485 4.176
1.909 4.176
2.459 4.176
3.169 4.351
3.906 4.23
4.939 4.3
6.159 4.558
7.157 6.298
4.283 9.298
1.713 7.922
1.0 4.176
1.138 4.176
1.467 4.176
1.889 4.182
2.431 4.207
3.107 4.233
3.943 4.207
5.033 4.182
6.469 4.314
8.05 5.478
6.996 8.004
2.798 9.803
1.119 4.176
1.19 4.176
1.533 4.176
1.975 4.176
2.545 4.176
3.279 4.258
4.139 4.321
5.128 4.457
6.12 4.364
7.451 4.387
9.045 5.315
8.303 7.781
3.321 9.809
1.328 5.433
1.0 4.176
1.238 4.176
1.595 4.176
2.055 4.235
2.609 4.176
3.355 4.251
4.243 4.376
5.185 4.242
6.53 5.084
6.512 6.884
2.605 9.77
1.042 5.03
1.0 4.181
1.253 4.181
1.612 4.176
2.076 4.236
2.635 4.176
3.389 4.227
4.312 4.304
5.371 4.668
6.053 5.748
4.655 8.433
1.862 8.514
1.0 4.176
1.115 4.176
1.436 4.176
1.85 4.176
2.384 4.176
3.072 4.221
3.914 4.176
5.036 4.176
6.489 4.334
8.035 5.069
8.022 7.122
3.209 9.747
1.283 6.359
1.0 4.176
1.201 4.176
1.547 4.176
1.993 4.176
2.568 4.181
3.305 4.176
4.258 4.194
5.462 4.235
6.932 4.403
8.416 5.327
7.687 7.877
3.075 9.173
1.23 4.485
1.218 4.176
1.554 4.379
1.902 4.184
2.43 4.231
3.088 4.176
3.972 4.379
4.862 4.227
6.146 4.191
7.878 4.849
8.461 6.377
4.753 9.051
1.901 7.713
1.0 4.176
1.147 4.176
1.478 4.243
1.872 4.206
2.389 4.176
3.076 4.176
3.963 4.313
4.934 4.335
6.082 4.743
6.702 6.663
3.183 9.099
1.273 6.467
1.0 4.176
1.197 4.176
1.542 4.176
1.987 4.176
2.56 4.176
3.298 4.348
4.069 4.176
5.216 4.526
6.14 4.407
7.376 5.711
5.836 7.714
2.334 8.608
1.0 4.176
1.111 4.176
1.432 4.176
1.845 4.253
2.332 4.196
2.982 4.176
3.841 4.256
4.851 4.217
6.173 4.322
7.658 5.822
5.815 8.444
2.326 8.552
1.0 4.187
1.11 4.187
1.426 4.176
1.836 4.176
2.366 4.194
3.035 4.219
3.868 4.176
4.977 4.196
6.382 4.359
7.849 6.291
4.778 9.075
1.911 8.547
1.0 4.176
1.114 4.176
1.435 4.176
1.849 4.176
2.382 4.176
3.069 4.176
3.955 4.269
4.98 4.176
6.398 4.65
7.281 6.09
4.813 9.462
1.925 8.34
1.0 4.176
1.122 4.176
1.445 4.176
1.862 4.194
2.389 4.231
3.035 4.176
3.904 4.248
4.941 4.41
5.985 4.239
7.536 4.724
8.379 7.015
3.352 10.039
1.341 8.695
1.0 4.176
1.108 4.176
1.427 4.176
1.838 4.176
2.369 4.221
3.018 4.176
3.883 4.217
4.953 4.381
6.051 4.411
7.295 5.715
5.761 7.905
2.304 9.189
1.0 4.236
1.069 4.236
1.354 4.176
1.741 4.176
2.243 4.176
2.89 4.176
3.724 4.222
4.744 4.264
5.972 4.347
7.349 4.826
7.901 7.313
3.16 9.91
1.264 6.526
1.0 4.176
1.194 4.176
1.539 4.176
1.982 4.234
2.518 4.283
3.152 4.195
4.029 4.258
5.083 4.176
6.534 4.604
7.53 5.097
7.368 7.472
2.947 9.278
1.179 4.534
1.144 4.176
1.458 4.176
1.878 4.176
2.42 4.176
3.118 4.176
4.017 4.273
5.052 4.176
6.491 4.549
7.594 4.625
8.588 6.121
5.6 8.9
2.24 7.916
1.0 4.176
1.139 4.176
1.467 4.176
1.89 4.176
2.436 4.176
3.138 4.26
3.96 4.176
5.09 4.408
6.183 4.362
7.544 5.45
6.609 7.751
2.644 9.557
1.057 5.18
1.0 4.176
1.248 4.176
1.608 4.176
2.072 4.176
2.67 4.176
3.44 4.176
4.433 4.397
5.401 4.248
6.788 5.436
6.008 8.204
2.403 9.176
1.0 4.259
1.062 4.176
1.365 4.176
1.758 4.176
2.266 4.176
2.919 4.176
3.762 4.182
4.84 4.478
5.771 4.195
7.332 4.769
8.06 6.653
3.846 9.313
1.538 5.809
1.0 4.176
1.223 4.176
1.576 4.176
2.031 4.187
2.609 4.176
3.361 4.307
4.191 4.344
5.155 4.571
5.961 6.041
4.052 9.204
1.621 7.52
1.0 4.176
1.155 4.176
1.488 4.176
1.917 4.225
2.44 4.257
3.077 4.352
3.782 4.197
4.822 4.176
6.209 4.648
7.07 6.012
4.849 8.76
1.94 7.8
1.0 4.191
1.139 4.191
1.461 4.249
1.848 4.224
2.347 4.238
2.974 4.247
3.757 4.291
4.694 4.208
5.979 4.456
7.165 5.864
5.307 8.873
2.123 10.247
1.0 4.274
1.014 4.19
1.298 4.249
1.642 4.467
1.959 4.176
2.501 4.176
3.223 4.232
4.095 4.322
5.078 4.183
6.502 4.521
7.664 6.129
5.01 9.429
2.004 8.469
1.0 4.204
1.108 4.176
1.426 4.257
1.8 4.176
2.314 4.238
2.936 4.176
3.776 4.301
4.715 4.411
5.699 4.534
6.642 6.25
4.083 8.799
1.633 7.358
1.0 4.176
1.161 4.176
1.496 4.176
1.927 4.217
2.458 4.176
3.163 4.176
4.076 4.177
5.251 4.45
6.309 4.737
6.935 6.101
4.535 8.621
1.814 7.375
1.0 4.176
1.16 4.176
1.495 4.176
1.926 4.176
2.482 4.176
3.198 4.176
4.121 4.443
4.96 4.176
6.339 4.583
7.348 6.395
4.164 8.321
1.666 5.993
1.0 4.176
1.216 4.176
1.567 4.176
2.019 4.183
2.597 4.176
3.345 4.176
4.311 4.176
5.555 4.233
7.058 5.049
7.12 7.553
2.848 9.835
1.139 4.775
1.0 4.176
1.265 4.176
1.629 4.176
2.1 4.186
2.699 4.2
3.456 4.176
4.45 4.176
5.735 4.176
7.39 4.713
8.262 6.894
3.328 9.4
1.331 6.22
1.0 4.176
1.207 4.176
1.555 4.176
2.004 4.232
2.546 4.205
3.252 4.246
4.115 4.303
5.125 4.176
6.578 4.488
7.825 5.904
5.686 8.502
2.275 8.076
1.0 4.176
1.133 4.176
1.459 4.176
1.88 4.239
2.386 4.278
2.991 4.23
3.791 4.342
4.677 4.176
5.996 4.301
7.489 5.036
7.566 7.124
3.026 8.384
1.211 4.245
1.33 4.31
1.653 4.176
2.121 4.199
2.718 4.176
3.501 4.176
4.511 4.234
5.731 4.208
7.315 4.206
9.348 4.276
11.74 4.801
12.751 6.908
5.1 9.958
2.04 6.262
1.0 4.252
1.181 4.176
1.518 4.176
1.957 4.176
2.522 4.227
3.209 4.176
4.129 4.176
5.322 4.176
6.859 4.348
8.466 5.22
8.043 7.89
3.217 9.486
1.287 4.176
1.385 4.176
1.785 4.237
2.266 4.176
2.914 4.176
3.756 4.176
4.841 4.188
6.22 4.176
8.015 4.198
10.274 4.202
13.148 4.579
15.249 5.407
