1.0 5.436
1.0 5.436
1.0 4.596
1.102 4.596
1.26 4.176
1.622 4.176
2.126 4.176
2.797 4.439
3.451 6.295
2.146 9.703
1.0 8.308
1.0 4.176
1.102 4.176
1.403 4.176
1.794 4.176
2.302 4.246
2.91 4.186
3.735 4.4
4.559 4.368
5.581 4.773
6.125 7.205
2.45 9.935
1.0 6.815
1.0 4.176
1.169 4.176
1.493 4.176
1.912 4.176
2.451 4.176
3.149 4.176
4.052 4.247
5.129 4.383
6.263 4.531
7.326 6.027
5.028 8.937
2.011 8.097
1.0 4.176
1.122 4.176
1.438 4.176
1.844 4.176
2.369 4.176
3.046 4.176
3.921 4.296
4.902 4.176
6.298 4.251
7.98 5.187
7.711 7.289
3.084 9.956
1.234 6.644
1.0 4.176
1.182 4.176
1.516 4.221
1.925 4.176
2.47 4.247
3.12 4.176
4.006 4.176
5.159 4.18
6.644 4.634
7.598 4.674
8.458 6.091
5.582 8.765
2.233 7.415
1.0 4.176
1.154 4.176
1.483 4.176
1.907 4.176
2.454 4.176
3.16 4.366
3.881 4.2
4.943 4.176
6.372 4.25
8.074 5.04
8.178 6.782
3.484 9.386
1.393 6.998
1.0 4.194
1.166 4.194
1.492 4.245
1.886 4.176
2.422 4.176
3.12 4.176
4.02 4.301
5.024 4.176
6.455 5.349
5.917 7.965
2.367 9.231
1.0 4.176
1.083 4.176
1.393 4.176
1.793 4.176
2.308 4.246
2.922 4.196
3.738 4.199
4.789 4.256
6.051 4.368
7.418 5.084
7.372 7.962
2.949 10.027
1.18 5.795
1.0 4.176
1.221 4.176
1.57 4.176
2.021 4.176
2.601 4.176
3.35 4.314
4.169 4.176
5.35 4.259
6.757 4.247
8.541 5.127
8.409 7.509
3.364 10.145
1.345 4.478
1.28 4.176
1.631 4.267
2.052 4.176
2.635 4.176
3.394 4.291
4.25 4.176
5.458 4.393
6.661 4.287
8.298 4.679
9.34 6.057
6.269 8.213
2.508 7.52
1.003 4.176
1.157 4.176
1.49 4.176
1.919 4.176
2.473 4.176
3.188 4.176
4.11 4.301
5.138 4.255
6.475 4.838
6.971 6.51
3.632 9.324
1.453 6.682
1.0 4.176
1.187 4.176
1.529 4.239
1.939 4.254
2.446 4.239
3.096 4.194
3.967 4.257
5.012 4.176
6.449 4.766
7.112 6.67
3.363 9.628
1.345 8.572
1.0 4.176
1.111 4.176
1.43 4.176
1.841 4.267
2.318 4.291
2.892 4.206
3.686 4.229
4.684 4.532
5.498 4.681
6.127 6.685
2.884 9.371
1.153 6.811
1.0 4.176
1.181 4.176
1.521 4.176
1.958 4.176
2.521 4.176
3.248 4.331
4.024 4.186
5.149 4.434
6.213 4.176
7.946 5.137
7.817 6.962
3.127 9.986
1.251 6.994
1.0 4.176
1.174 4.176
1.511 4.176
1.945 4.176
2.504 4.176
3.226 4.25
4.079 4.507
4.815 4.678
5.372 5.968
3.752 8.836
1.501 9.24
1.0 4.176
1.084 4.176
1.394 4.176
1.793 4.176
2.308 4.176
2.971 4.176
3.826 4.176
4.927 4.216
6.284 4.296
7.847 5.892
5.789 8.844
2.316 9.383
1.0 4.206
1.068 4.206
1.363 4.255
1.717 4.176
2.204 4.176
2.837 4.176
3.653 4.274
4.59 4.295
5.72 4.392
6.948 5.256
6.504 7.581
2.602 9.705
1.041 6.012
1.0 4.176
1.213 4.176
1.56 4.176
2.007 4.176
2.583 4.176
3.325 4.176
4.281 4.253
5.407 4.244
6.831 4.799
7.427 5.567
6.095 8.03
2.438 9.038
1.0 4.271
1.062 4.176
1.362 4.223
1.732 4.193
2.217 4.176
2.852 4.176
3.672 4.192
4.71 4.249
5.954 4.638
6.778 6.022
4.625 9.032
1.85 8.89
1.0 4.176
1.098 4.176
1.412 4.192
1.81 4.176
2.328 4.176
2.996 4.176
3.857 4.256
4.869 4.318
6.035 4.419
7.272 5.543
6.134 8.138
2.453 9.116
1.0 4.415
1.013 4.176
1.293 4.176
1.664 4.176
2.142 4.176
2.757 4.176
3.55 4.248
4.49 4.402
5.447 4.64
6.163 6.122
4.008 8.596
1.603 7.133
1.0 4.176
1.168 4.176
1.504 4.176
1.935 4.176
2.492 4.231
3.165 4.176
4.068 4.176
5.24 4.724
5.837 6.692
2.718 9.621
1.087 6.685
1.0 4.176
1.186 4.176
1.526 4.176
1.965 4.234
2.493 4.268
3.13 4.195
4.0 4.254
5.049 4.342
6.221 4.783
6.771 7.083
2.708 9.933
1.083 5.605
1.0 4.214
1.217 4.214
1.55 4.235
1.964 4.2
2.508 4.191
3.215 4.176
4.138 4.241
5.243 4.176
6.74 4.719
7.518 6.343
4.338 9.181
1.735 8.266
1.0 4.176
1.123 4.176
1.445 4.176
1.86 4.176
2.394 4.246
3.028 4.189
3.878 4.18
4.987 4.176
6.423 4.545
7.519 5.585
6.204 7.95
2.482 9.276
1.0 5.112
1.0 4.176
1.249 4.176
1.608 4.176
2.069 4.176
2.664 4.205
3.405 4.199
4.356 4.292
5.446 4.634
6.195 5.945
4.379 8.622
1.752 8.049
1.0 4.176
1.132 4.176
1.457 4.176
1.875 4.25
2.369 4.176
3.043 4.176
3.918 4.176
5.046 4.341
6.234 4.299
7.745 5.767
6.019 8.383
2.408 9.121
1.0 4.176
1.089 4.176
1.402 4.211
1.788 4.176
2.3 4.176
2.961 4.21
3.781 4.417
4.574 4.306
5.658 4.271
7.087 4.414
8.567 6.034
5.891 9.38
2.356 8.757
1.0 4.176
1.104 4.176
1.42 4.176
1.828 4.176
2.353 4.176
3.03 4.178
3.9 4.225
4.961 4.291
6.199 4.32
7.672 5.34
6.998 7.731
2.799 10.202
1.12 5.018
1.0 4.176
1.253 4.176
1.613 4.176
2.076 4.176
2.673 4.176
3.442 4.176
4.432 4.397
5.396 4.711
5.984 6.011
4.086 8.952
1.635 8.109
1.0 4.236
1.11 4.236
1.405 4.176
1.805 4.2
2.31 4.314
2.87 4.176
3.68 4.221
4.686 4.256
5.906 4.716
6.574 6.052
4.402 8.783
1.761 8.176
1.0 4.176
1.127 4.176
1.45 4.233
1.84 4.176
2.365 4.176
3.044 4.201
3.896 4.193
4.991 4.238
6.326 4.466
7.549 5.51
6.432 7.895
2.573 9.204
1.029 4.731
1.0 4.176
1.265 4.176
1.628 4.176
2.096 4.176
2.698 4.176
3.474 4.352
4.28 4.176
5.482 4.305
6.835 5.562
5.755 8.207
2.302 9.569
1.0 4.216
1.058 4.176
1.361 4.176
1.751 4.206
2.238 4.176
2.879 4.376
3.524 4.212
4.469 4.244
5.653 4.522
6.643 5.525
5.614 8.158
2.246 8.878
1.0 4.176
1.099 4.176
1.415 4.176
1.821 4.176
2.345 4.217
2.988 4.177
3.842 4.176
4.948 4.223
6.299 4.322
7.81 5.678
6.283 8.432
2.513 9.104
1.005 4.176
1.096 4.176
1.411 4.176
1.816 4.256
2.292 4.204
2.923 4.176
3.761 4.191
4.827 4.176
6.214 4.228
7.902 4.91
8.318 7.041
3.327 9.764
1.331 7.168
1.0 4.176
1.167 4.176
1.503 4.189
1.929 4.176
2.482 4.183
3.19 4.176
4.108 4.205
5.252 4.522
6.181 5.326
5.615 7.422
2.246 8.974
1.0 4.257
1.07 4.212
1.361 4.176
1.751 4.176
2.254 4.193
2.891 4.252
3.651 4.176
4.691 4.223
5.973 4.325
7.4 5.473
6.436 8.0
2.574 9.652
1.03 4.765
1.0 4.176
1.264 4.181
1.625 4.176
2.092 4.176
2.694 4.219
3.433 4.176
4.415 4.196
5.659 4.5
6.703 5.672
5.358 8.444
2.143 9.068
1.0 4.176
1.092 4.176
1.405 4.176
1.809 4.212
2.309 4.176
2.97 4.176
3.825 4.326
4.745 4.6
5.443 4.601
6.183 5.825
4.617 8.235
1.847 8.414
1.0 4.176
1.118 4.229
1.42 4.176
1.826 4.176
2.351 4.258
2.966 4.176
3.811 4.176
4.908 4.433
5.921 4.344
7.25 5.696
5.786 8.607
2.314 9.339
1.0 4.21
1.07 4.176
1.376 4.188
1.766 4.176
2.274 4.206
2.906 4.33
3.597 4.298
4.471 4.176
5.737 4.499
6.801 5.919
4.903 8.613
1.961 9.406
1.0 4.176
1.078 4.176
1.388 4.176
1.787 4.176
2.301 4.176
2.962 4.255
3.74 4.254
4.713 4.284
5.893 4.4
7.146 5.808
5.431 8.382
2.172 9.468
1.0 4.176
1.076 4.176
1.385 4.176
1.783 4.177
2.295 4.353
2.825 4.224
3.575 4.201
4.569 4.322
5.668 4.229
7.171 5.219
6.843 7.225
2.737 8.977
1.095 5.767
1.0 4.176
1.224 4.176
1.576 4.223
2.005 4.256
2.527 4.176
3.246 4.293
4.06 4.316
5.03 4.588
5.791 6.103
3.814 8.977
1.526 7.567
1.0 4.176
1.152 4.176
1.483 4.176
1.909 4.176
2.458 4.242
3.114 4.23
3.949 4.277
4.95 4.421
5.97 4.931
6.198 6.915
2.479 9.405
1.0 6.324
1.0 4.255
1.176 4.255
1.481 4.176
1.902 4.176
2.449 4.176
3.154 4.327
3.911 4.344
4.804 4.43
5.767 5.12
5.638 7.664
2.255 9.176
1.0 4.176
1.087 4.176
1.4 4.198
1.793 4.176
2.307 4.428
2.786 4.312
3.439 4.233
4.348 4.496
5.148 4.434
6.143 4.803
6.624 6.611
3.236 9.125
1.294 6.161
1.0 4.176
1.208 4.176
1.556 4.176
2.003 4.176
2.58 4.176
3.322 4.176
4.279 4.176
5.512 4.176
7.1 4.409
8.621 5.365
7.766 7.555
3.106 9.018
1.243 5.114
1.0 4.176
1.25 4.176
1.61 4.176
2.073 4.176
2.67 4.176
3.44 4.193
4.412 4.505
5.219 4.354
6.36 5.38
5.713 8.064
2.285 9.36
1.0 4.176
1.08 4.176
1.391 4.202
1.78 4.176
2.291 4.176
2.95 4.176
3.8 4.24
4.818 4.176
6.195 4.35
7.639 5.198
7.306 7.317
2.922 9.641
1.169 5.389
1.0 4.176
1.239 4.176
1.596 4.176
2.056 4.176
2.648 4.176
3.41 4.176
4.393 4.176
5.66 4.386
6.914 5.202
6.594 7.413
2.638 9.891
1.055 5.231
1.0 4.253
1.221 4.253
1.539 4.24
1.946 4.19
2.493 4.176
3.21 4.192
4.118 4.196
5.276 4.253
6.665 4.658
7.545 6.058
5.059 9.34
2.024 8.566
1.0 4.176
1.112 4.176
1.432 4.176
1.844 4.25
2.332 4.214
2.969 4.254
3.746 4.266
4.706 4.176
6.046 4.813
6.564 6.365
3.719 9.091
1.488 7.816
1.0 4.176
1.142 4.176
1.471 4.176
1.894 4.176
2.439 4.176
3.142 4.376
3.847 4.223
4.867 4.341
6.006 4.425
7.222 5.773
5.564 8.244
2.225 9.216
1.0 4.176
1.086 4.176
1.399 4.176
1.801 4.176
2.32 4.176
2.988 4.249
3.779 4.181
4.851 4.176
6.248 4.457
7.491 5.181
7.172 7.526
2.869 9.283
1.148 4.19
1.238 4.176
1.594 4.176
2.053 4.176
2.644 4.176
3.406 4.176
4.388 4.176
5.653 4.197
7.246 4.302
9.039 4.644
10.256 6.274
6.179 9.098
2.472 8.853
1.0 4.176
1.101 4.176
1.418 4.176
1.826 4.176
2.352 4.176
3.029 4.176
3.902 4.245
4.941 4.259
6.222 4.342
7.667 5.13
7.502 7.521
3.001 9.971
1.2 5.683
1.0 4.176
1.228 4.176
1.581 4.219
2.015 4.176
2.591 4.318
3.221 4.323
3.98 4.176
5.104 4.306
6.365 4.243
8.032 4.983
8.266 7.288
3.306 9.528
1.323 6.28
1.0 4.176
1.204 4.176
1.55 4.176
1.997 4.192
2.562 4.176
3.298 4.176
4.249 4.176
5.474 4.176
7.053 4.3
8.809 4.972
9.077 7.282
3.631 9.502
1.452 5.768
1.0 4.176
1.224 4.211
1.563 4.19
2.005 4.176
2.581 4.176
3.325 4.282
4.172 4.225
5.292 4.359
6.5 4.428
7.807 5.196
7.448 7.262
2.979 9.488
1.192 5.624
1.0 4.176
1.23 4.255
1.554 4.176
1.996 4.176
2.572 4.205
3.289 4.176
4.234 4.176
5.456 4.286
6.839 4.438
8.212 5.966
5.821 8.954
2.328 9.633
1.0 4.176
1.07 4.176
1.378 4.176
1.775 4.176
2.286 4.33
2.833 4.317
3.505 4.36
4.29 4.514
5.035 4.303
6.216 5.32
5.716 7.864
2.286 9.748
1.0 4.543
1.0 4.176
1.273 4.191
1.634 4.176
2.104 4.176
2.71 4.176
3.491 4.207
4.463 4.232
5.665 4.541
6.629 6.473
3.601 9.665
1.441 6.424
1.0 4.201
1.19 4.176
1.532 4.288
1.918 4.185
2.457 4.176
3.164 4.2
4.052 4.219
5.162 4.611
5.927 5.835
4.406 9.126
1.762 8.613
1.0 4.176
1.11 4.176
1.43 4.176
1.842 4.176
2.372 4.176
3.056 4.328
3.789 4.254
4.764 4.268
5.984 4.418
7.226 5.746
5.632 8.469
2.253 9.387
1.0 4.237
1.06 4.176
1.363 4.249
1.723 4.176
2.215 4.244
2.805 4.236
3.552 4.3
4.427 4.318
5.481 4.444
6.563 5.365
5.903 8.17
2.361 9.412
1.0 4.309
1.036 4.176
1.329 4.185
1.708 4.251
2.158 4.176
2.773 4.176
3.573 4.176
4.602 4.389
5.617 4.499
6.612 5.198
6.284 7.885
2.514 9.733
1.005 5.533
1.0 4.176
1.234 4.176
1.589 4.176
2.046 4.205
2.617 4.176
3.367 4.214
4.297 4.176
5.529 4.676
6.243 6.296
3.709 8.435
1.483 7.391
1.0 4.176
1.159 4.176
1.493 4.176
1.923 4.176
2.477 4.176
3.19 4.176
4.11 4.176
5.294 4.487
6.297 5.162
6.059 7.274
2.424 9.242
1.0 5.255
1.0 4.176
1.245 4.176
1.603 4.176
2.065 4.176
2.66 4.176
3.426 4.238
4.346 4.203
5.551 4.617
6.367 5.757
4.889 8.535
1.956 8.552
1.0 4.176
1.113 4.176
1.433 4.176
1.846 4.176
2.378 4.235
3.018 4.176
3.881 4.265
4.889 4.212
6.226 4.627
7.119 4.831
7.56 6.797
3.24 8.722
1.296 4.846
1.157 4.176
1.46 4.176
1.881 4.176
2.423 4.176
3.121 4.258
3.939 4.298
4.91 4.176
6.302 4.267
7.937 4.787
8.656 6.103
5.637 8.938
2.255 8.35
1.0 4.26
1.094 4.26
1.377 4.219
1.75 4.176
2.251 4.176
2.9 4.205
3.71 4.176
4.775 4.312
5.946 4.837
6.379 7.137
2.552 9.861
1.021 6.651
1.0 4.219
1.175 4.219
1.496 4.176
1.924 4.176
2.479 4.176
3.193 4.211
4.078 4.176
5.248 4.435
6.329 4.648
7.139 6.116
4.659 8.678
1.863 7.761
1.0 4.176
1.145 4.176
1.474 4.176
1.899 4.176
2.446 4.223
3.115 4.176
4.007 4.176
5.163 4.23
6.563 4.272
8.242 5.038
8.329 7.058
3.332 10.04
1.333 7.712
1.0 4.176
1.146 4.176
1.477 4.202
1.89 4.239
2.394 4.183
3.073 4.176
3.958 4.176
5.099 4.212
6.511 4.98
6.714 6.428
3.626 9.464
1.45 6.802
1.0 4.176
1.183 4.176
1.524 4.176
1.962 4.176
2.528 4.176
3.256 4.176
4.195 4.316
5.218 4.18
6.686 4.783
7.323 6.871
2.98 9.529
1.192 7.181
1.0 4.176
1.168 4.176
1.504 4.223
1.915 4.176
2.463 4.186
3.164 4.263
3.988 4.176
5.123 4.503
6.068 4.935
6.273 6.591
3.073 8.513
1.229 5.245
1.0 4.176
1.245 4.176
1.604 4.176
2.066 4.176
2.662 4.176
3.429 4.24
4.348 4.357
5.341 4.259
6.702 5.06
6.729 7.664
2.691 9.799
1.077 4.176
1.145 4.176
1.474 4.176
1.899 4.176
2.447 4.18
3.149 4.223
4.009 4.302
4.997 4.249
6.297 4.402
7.643 5.338
6.955 7.541
2.782 8.787
1.113 5.139
1.0 4.176
1.25 4.176
1.61 4.176
2.074 4.176
2.672 4.176
3.442 4.176
4.435 4.41
5.385 4.648
6.079 5.236
5.669 7.408
2.268 9.114
1.0 4.575
1.0 4.176
1.272 4.176
1.639 4.176
2.112 4.199
2.705 4.299
3.377 4.345
4.153 4.423
4.997 5.11
4.905 7.59
1.962 9.564
1.0 4.176
1.073 4.176
1.382 4.176
1.78 4.176
2.293 4.176
2.955 4.176
3.807 4.176
4.905 4.176
6.321 4.335
7.825 5.627
6.423 8.729
2.569 9.352
1.028 4.612
1.0 4.176
1.271 4.176
1.637 4.176
2.109 4.193
2.706 4.177
3.483 4.24
4.417 4.323
5.473 4.394
6.641 5.225
6.284 7.685
2.514 9.113
1.005 4.997
1.0 4.176
1.255 4.176
1.617 4.176
2.084 4.176
2.684 4.205
3.434 4.342
4.239 4.448
5.067 4.6
5.791 5.563
4.809 8.047
1.924 9.179
1.0 4.176
1.088 4.176
1.402 4.223
1.785 4.176
2.296 4.176
2.958 4.176
3.811 4.235
4.839 4.239
6.127 4.391
7.461 6.019
5.176 8.803
2.071 8.587
1.0 4.176
1.112 4.176
1.432 4.176
1.845 4.218
2.352 4.176
3.027 4.291
3.789 4.231
4.798 4.432
5.781 4.392
6.993 6.192
4.467 9.024
1.787 8.137
1.0 4.176
1.13 4.176
1.455 4.176
1.875 4.191
2.406 4.176
3.099 4.176
3.992 4.228
5.078 4.306
6.323 4.656
7.149 5.948
5.046 8.942
2.018 8.054
1.0 4.176
1.133 4.176
1.46 4.176
1.88 4.176
2.422 4.176
3.121 4.214
3.983 4.257
5.024 4.23
6.371 4.621
7.293 5.617
5.926 8.143
2.37 9.505
1.0 4.25
1.051 4.176
1.351 4.199
1.731 4.176
2.228 4.176
2.871 4.176
3.699 4.29
4.632 4.35
5.691 4.449
6.799 5.373
6.098 8.151
2.439 9.837
1.0 5.244
1.0 4.176
1.245 4.176
1.604 4.176
2.067 4.176
2.663 4.176
3.43 4.389
4.187 4.279
5.222 4.377
6.373 5.658
5.156 8.525
2.063 9.365
1.0 4.176
1.081 4.176
1.392 4.176
1.793 4.176
2.31 4.293
2.889 4.275
3.618 4.176
4.647 4.203
5.947 4.33
7.365 5.286
6.844 7.615
2.738 9.141
1.095 4.674
1.02 4.176
1.293 4.24
1.64 4.176
2.108 4.176
2.716 4.176
3.499 4.176
4.508 4.232
5.728 4.285
7.169 5.239
6.783 7.497
2.713 9.618
1.085 4.176
1.162 4.176
1.497 4.176
1.928 4.176
2.484 4.176
3.2 4.176
4.123 4.339
5.099 4.176
6.536 4.397
7.963 4.931
8.279 6.855
3.364 9.291
1.346 7.227
1.0 4.176
1.166 4.176
1.502 4.198
1.925 4.176
2.478 4.176
3.193 4.176
4.114 4.292
5.148 4.307
6.396 5.183
6.159 7.211
2.464 10.157
1.0 6.254
1.0 4.235
1.186 4.235
1.503 4.176
1.933 4.245
2.447 4.176
3.146 4.176
4.053 4.176
5.222 4.336
6.463 4.638
7.337 6.13
4.758 8.884
1.903 7.306
1.0 4.176
1.163 4.176
1.498 4.176
1.93 4.176
2.486 4.252
3.143 4.205
4.011 4.188
5.148 4.208
6.579 4.248
8.318 5.244
7.869 7.722
3.147 9.47
1.259 4.782
1.113 4.176
1.406 4.176
1.812 4.176
2.334 4.241
2.959 4.176
3.805 4.248
4.815 4.176
6.19 4.246
7.839 4.315
9.732 5.734
7.665 8.226
3.066 9.07
1.226 4.176
1.34 4.176
1.726 4.176
2.224 4.245
2.816 4.236
3.567 4.176
4.587 4.176
5.911 4.202
7.568 4.327
9.381 4.344
11.531 5.388
10.337 7.932
4.135 9.842
1.654 5.255
1.188 4.176
1.48 4.176
1.906 4.176
2.456 4.176
3.165 4.256
3.997 4.388
4.868 4.176
6.231 4.328
7.728 4.649
8.749 6.576
4.431 9.397
1.772 8.603
1.0 4.176
1.111 4.176
1.431 4.176
1.844 4.176
2.376 4.176
3.061 4.176
3.944 4.176
5.082 4.351
6.265 4.259
7.864 4.957
8.154 6.559
4.073 8.463
1.629 5.233
1.272 4.176
1.585 4.198
2.031 4.176
2.615 4.221
3.332 4.238
4.222 4.25
5.33 4.274
6.687 4.37
8.178 5.786
6.288 8.246
2.515 9.093
1.006 4.257
1.072 4.176
1.378 4.176
1.776 4.176
2.288 4.176
2.948 4.176
3.799 4.176
4.895 4.176
6.308 4.307
7.866 5.199
7.537 7.394
3.015 9.802
1.206 6.07
1.0 4.176
1.213 4.176
1.562 4.21
1.996 4.27
2.509 4.176
3.224 4.247
4.082 4.24
5.165 4.211
6.585 5.438
5.834 8.016
2.333 8.904
1.0 4.176
1.099 4.176
1.416 4.176
1.825 4.176
2.351 4.176
3.03 4.176
3.904 4.176
5.031 4.306
6.275 4.244
7.918 5.047
7.989 7.109
3.196 9.538
1.278 7.03
1.0 4.176
1.174 4.176
1.513 4.198
1.939 4.176
2.496 4.189
3.206 4.183
4.122 4.215
5.26 4.372
6.442 5.266
6.018 7.867
2.407 9.361
1.0 4.28
1.048 4.257
1.319 4.176
1.695 4.176
2.184 4.211
2.789 4.176
3.59 4.398
4.373 4.176
5.597 4.345
6.911 5.53
5.884 7.988
2.354 9.458
1.0 4.403
1.005 4.176
1.286 4.176
1.656 4.176
2.134 4.282
2.678 4.241
3.384 4.338
4.178 4.37
5.098 4.665
5.738 5.745
4.419 8.257
1.767 8.53
1.0 4.176
1.114 4.176
1.436 4.176
1.85 4.176
2.383 4.176
3.071 4.181
3.952 4.195
5.068 4.216
6.463 4.349
7.962 5.085
7.904 6.757
3.411 8.941
1.364 6.261
1.0 4.252
1.181 4.176
1.518 4.176
1.956 4.176
2.52 4.2
3.228 4.181
4.152 4.284
5.207 4.745
5.745 6.263
3.46 9.497
1.384 7.881
1.0 4.178
1.14 4.178
1.467 4.395
1.788 4.179
2.287 4.176
2.946 4.176
3.796 4.297
4.746 4.304
5.9 4.801
6.4 6.469
3.42 9.025
1.368 7.461
1.0 4.176
1.157 4.176
1.491 4.176
1.921 4.176
2.475 4.254
3.127 4.241
3.955 4.303
4.926 4.34
6.066 5.414
5.389 7.826
2.156 9.315
1.0 4.195
1.077 4.176
1.386 4.176
1.786 4.176
2.302 4.21
2.941 4.176
3.785 4.274
4.759 4.176
6.114 4.369
7.504 5.013
7.615 7.2
3.046 9.097
1.218 5.061
1.0 4.176
1.253 4.176
1.614 4.176
2.08 4.176
2.681 4.296
3.352 4.22
4.256 4.452
5.104 4.462
6.057 5.461
5.261 7.529
2.104 9.416
1.0 4.43
1.0 4.176
1.278 4.176
1.647 4.176
2.122 4.245
2.688 4.176
3.456 4.227
4.398 4.249
5.557 4.361
6.818 5.513
5.837 8.474
2.335 10.124
1.0 5.066
1.0 4.176
1.253 4.239
1.589 4.176
2.043 4.176
2.633 4.342
3.253 4.325
4.016 4.259
5.046 4.583
5.832 5.861
4.295 8.533
1.718 7.691
1.0 4.176
1.148 4.176
1.479 4.22
1.885 4.176
2.425 4.176
3.125 4.176
4.026 4.176
5.188 4.203
6.641 4.345
8.194 4.969
8.438 6.875
3.375 9.528
1.35 6.744
1.0 4.176
1.186 4.253
1.499 4.176
1.926 4.176
2.482 4.176
3.198 4.225
4.071 4.357
5.004 4.509
5.882 5.409
5.195 7.393
2.078 8.419
1.0 4.176
1.119 4.176
1.441 4.252
1.822 4.205
2.326 4.176
2.994 4.176
3.859 4.286
4.837 4.398
5.871 4.389
7.116 6.029
4.917 8.819
1.967 8.339
1.0 4.176
1.122 4.176
1.446 4.176
1.863 4.176
2.4 4.176
3.093 4.213
3.949 4.215
5.034 4.399
6.122 4.511
7.183 4.643
8.094 6.155
5.185 8.549
2.074 7.343
1.0 4.249
1.139 4.249
1.437 4.176
1.848 4.176
2.381 4.21
3.043 4.176
3.917 4.334
4.851 4.378
5.909 4.648
6.681 6.492
3.563 9.408
1.425 7.316
1.0 4.176
1.163 4.176
1.498 4.198
1.92 4.285
2.406 4.223
3.054 4.256
3.852 4.176
4.952 4.469
5.92 4.895
6.206 6.831
2.579 9.081
1.032 5.976
1.0 4.176
1.216 4.176
1.567 4.176
2.02 4.176
2.603 4.233
3.307 4.176
4.254 4.176
5.482 4.33
6.796 4.653
7.686 5.645
6.168 8.207
2.467 8.477
1.0 4.176
1.116 4.176
1.439 4.176
1.854 4.176
2.389 4.176
3.078 4.176
3.967 4.241
5.031 4.229
6.385 4.345
7.873 5.437
6.936 8.323
2.774 9.044
1.11 5.036
1.0 4.176
1.254 4.176
1.616 4.176
2.082 4.176
2.684 4.176
3.458 4.202
4.428 4.176
5.702 4.293
7.137 5.226
6.782 7.375
2.713 10.069
1.085 4.921
1.0 4.176
1.259 4.176
1.622 4.176
2.09 4.176
2.693 4.237
3.419 4.52
4.024 4.527
4.681 4.428
5.592 5.652
4.525 8.264
1.81 9.182
1.0 4.468
1.0 4.176
1.277 4.176
1.645 4.176
2.12 4.176
2.732 4.212
3.489 4.406
4.236 4.333
5.209 4.485
6.169 5.754
4.778 8.569
1.911 8.969
1.0 4.176
1.097 4.176
1.413 4.224
1.799 4.176
2.315 4.247
2.931 4.234
3.715 4.198
4.752 4.393
5.792 4.747
6.363 6.811
2.723 9.433
1.089 5.089
1.0 4.176
1.252 4.176
1.613 4.176
2.079 4.176
2.679 4.265
3.376 4.268
4.24 4.384
5.169 4.932
5.375 6.712
2.43 9.693
1.0 6.822
1.0 4.176
1.183 4.176
1.524 4.237
1.934 4.249
2.442 4.176
3.14 4.176
4.046 4.246
5.124 4.223
6.513 4.814
7.06 6.346
4.046 9.334
1.618 7.714
1.0 4.205
1.138 4.289
1.424 4.275
1.783 4.196
2.279 4.176
2.935 4.22
3.741 4.196
4.791 4.364
5.884 5.09
5.828 7.33
2.331 9.724
1.0 5.656
1.0 4.176
1.229 4.176
1.584 4.176
2.041 4.176
2.63 4.176
3.388 4.265
4.27 4.353
5.247 4.548
6.104 6.189
3.868 9.018
1.547 7.254
1.0 4.176
1.165 4.176
1.501 4.176
1.935 4.176
2.493 4.42
3.019 4.272
3.768 4.336
4.649 4.305
5.771 4.818
6.229 6.778
2.712 8.818
1.085 7.036
1.0 4.176
1.174 4.176
1.513 4.192
1.941 4.176
2.5 4.176
3.222 4.176
4.151 4.258
5.241 4.176
6.737 4.771
7.407 6.139
4.745 8.959
1.898 7.351
1.0 4.176
1.161 4.176
1.496 4.176
1.928 4.183
2.48 4.225
3.157 4.176
4.061 4.259
5.127 4.371
6.271 4.806
6.776 7.062
2.711 9.834
1.084 6.106
1.0 4.176
1.211 4.176
1.561 4.176
2.011 4.242
2.549 4.25
3.218 4.251
4.06 4.273
5.094 5.02
5.177 7.628
2.071 10.561
1.0 5.128
1.0 4.176
1.25 4.176
1.611 4.176
2.075 4.318
2.58 4.226
3.269 4.32
4.056 4.232
5.131 4.432
6.182 5.878
4.557 9.212
1.823 10.447
1.0 4.176
1.037 4.176
1.336 4.176
1.722 4.176
2.218 4.182
2.854 4.291
3.572 4.231
4.523 4.267
5.687 4.567
6.6 6.187
4.18 8.859
1.672 8.162
1.0 4.176
1.129 4.176
1.454 4.258
1.836 4.206
2.341 4.176
3.014 4.176
3.883 4.51
4.59 4.362
5.581 4.37
6.806 5.459
5.939 8.326
2.376 9.622
1.0 4.585
1.0 4.176
1.272 4.176
1.639 4.176
2.111 4.176
2.72 4.176
3.504 4.176
4.514 4.417
5.47 4.482
6.463 5.562
5.4 8.099
2.16 8.711
1.0 4.249
1.084 4.249
1.368 4.247
1.727 4.176
2.22 4.176
2.86 4.221
3.644 4.352
4.485 4.466
5.333 4.937
5.519 6.921
2.208 9.183
1.0 5.517
1.0 4.176
1.235 4.176
1.591 4.176
2.049 4.181
2.637 4.176
3.397 4.176
4.376 4.231
5.562 4.366
6.818 5.02
6.904 7.65
2.761 9.589
1.105 4.176
1.184 4.176
1.525 4.194
1.956 4.176
2.519 4.196
3.229 4.176
4.158 4.176
5.358 4.24
6.794 4.249
8.579 4.58
9.927 5.624
8.06 8.158
3.224 9.434
1.29 4.176
1.39 4.176
1.791 4.176
2.307 4.193
2.96 4.188
3.801 4.241
4.817 4.176
6.194 4.257
7.822 4.274
9.81 4.195
12.543 4.937
13.118 6.609
6.354 9.185
2.542 6.938
1.017 4.176
1.198 4.176
1.543 4.176
1.988 4.239
2.522 4.176
3.243 4.176
4.178 4.322
5.19 4.232
6.565 4.426
7.923 5.414
7.011 8.258
2.804 8.818
1.122 4.738
1.036 4.176
1.312 4.176
1.691 4.176
2.178 4.176
2.807 4.249
3.551 4.232
4.502 4.246
5.691 4.546
6.648 5.414
5.851 8.052
2.341 9.558
1.0 4.22
1.059 4.22
1.348 4.176
1.734 4.176
2.235 4.176
2.879 4.207
3.682 4.176
4.739 4.252
5.993 4.263
7.538 5.767
5.874 9.127
2.349 10.065
1.0 4.404
1.0 4.176
1.279 4.176
1.648 4.297
2.06 4.176
2.644 4.223
3.368 4.176
4.333 4.332
5.368 4.386
6.525 5.127
6.38 7.343
2.552 10.151
1.021 4.807
1.0 4.176
1.263 4.176
1.627 4.176
2.097 4.176
2.701 4.416
3.275 4.417
3.937 4.294
4.887 4.484
5.795 5.936
4.152 8.647
1.661 7.717
1.0 4.176
1.147 4.176
1.477 4.176
1.903 4.176
2.452 4.176
3.16 4.176
4.071 4.189
5.229 4.176
6.735 4.415
8.167 5.699
6.49 8.315
2.596 8.364
1.038 4.271
1.133 4.235
1.434 4.295
1.79 4.249
2.256 4.176
2.9 4.176
3.736 4.236
4.743 4.358
5.826 4.425
7.004 5.933
5.042 7.715
2.017 7.74
1.0 4.176
1.146 4.176
1.476 4.176
1.902 4.176
2.451 4.176
3.158 4.176
4.07 4.214
5.195 4.176
6.687 4.187
8.594 5.939
6.252 8.718
2.501 8.921
1.0 4.176
1.099 4.176
1.416 4.176
1.825 4.176
2.351 4.176
3.029 4.176
3.904 4.176
5.03 4.176
6.482 4.176
8.353 4.553
9.763 6.302
5.833 9.042
2.333 7.054
1.0 4.25
1.15 4.176
1.478 4.176
1.905 4.213
2.432 4.19
3.119 4.253
3.942 4.255
4.968 4.176
6.387 4.176
8.231 4.613
9.463 6.035
6.436 8.527
2.574 8.163
1.03 4.176
1.163 4.176
1.498 4.176
1.93 4.176
2.487 4.205
3.182 4.176
4.097 4.237
5.201 4.176
6.69 4.277
8.407 4.636
9.571 6.084
6.351 8.562
2.54 6.308
1.106 4.176
1.33 4.176
1.714 4.176
2.209 4.176
2.847 4.176
3.669 4.232
4.663 4.176
6.0 4.232
7.626 4.176
9.811 4.454
11.778 5.504
10.075 8.168
4.03 9.616
1.612 4.764
1.425 4.22
1.783 4.176
2.295 4.229
2.918 4.178
3.753 4.176
4.837 4.176
6.233 4.176
8.034 4.306
10.022 4.227
12.703 4.36
15.604 5.333
14.256 7.735
5.702 9.611
2.281 4.176
