1.0 5.604
1.0 5.604
1.0 4.764
1.031 4.764
1.107 4.176
1.409 4.248
1.804 4.237
2.321 4.545
2.763 6.423
1.575 10.608
1.0 7.86
1.0 4.176
1.113 4.176
1.409 4.176
1.792 4.176
2.289 4.176
2.932 4.179
3.764 4.217
4.798 4.299
5.997 4.899
6.334 7.247
2.534 10.001
1.013 7.055
1.0 4.176
1.155 4.176
1.471 4.176
1.878 4.196
2.389 4.176
3.059 4.241
3.861 4.176
4.952 4.237
6.277 4.403
7.618 5.491
6.555 7.679
2.622 9.779
1.049 4.176
1.104 4.176
1.412 4.176
1.809 4.176
2.32 4.176
2.978 4.176
3.828 4.288
4.789 4.176
6.147 4.38
7.524 5.184
7.225 7.218
2.89 10.039
1.156 5.991
1.0 4.176
1.208 4.176
1.548 4.176
1.985 4.176
2.549 4.214
3.245 4.296
4.044 4.176
5.186 4.551
6.06 4.331
7.419 5.475
6.446 7.765
2.578 9.145
1.031 4.777
1.0 4.176
1.259 4.176
1.616 4.176
2.077 4.176
2.67 4.176
3.436 4.252
4.34 4.176
5.578 4.625
6.392 6.465
3.463 9.016
1.385 7.744
1.0 4.236
1.121 4.236
1.415 4.176
1.814 4.236
2.297 4.213
2.922 4.176
3.755 4.623
4.3 4.642
4.822 5.974
3.358 8.798
1.343 7.726
1.0 4.176
1.141 4.176
1.465 4.176
1.882 4.176
2.418 4.176
3.11 4.176
4.001 4.176
5.15 4.22
6.56 4.684
7.379 6.508
3.876 9.556
1.55 7.985
1.0 4.176
1.131 4.176
1.452 4.176
1.865 4.244
2.356 4.176
3.023 4.176
3.888 4.176
5.003 4.322
6.207 4.4
7.515 5.68
6.013 8.596
2.405 9.093
1.0 4.241
1.066 4.176
1.367 4.176
1.756 4.268
2.206 4.176
2.828 4.176
3.638 4.176
4.681 4.28
5.872 4.92
6.146 5.804
4.545 8.174
1.818 7.452
1.0 4.176
1.154 4.176
1.483 4.176
1.907 4.176
2.453 4.176
3.157 4.24
3.999 4.274
5.014 4.372
6.126 4.667
6.887 6.459
3.732 9.435
1.493 6.772
1.0 4.176
1.181 4.176
1.519 4.239
1.923 4.176
2.47 4.176
3.178 4.27
3.997 4.245
5.044 4.33
6.236 5.238
5.888 7.298
2.355 10.118
1.0 6.584
1.0 4.176
1.189 4.176
1.528 4.176
1.964 4.176
2.526 4.176
3.249 4.18
4.177 4.214
5.325 4.176
6.849 4.426
8.276 5.206
7.864 7.99
3.146 9.646
1.258 4.45
1.232 4.176
1.571 4.176
2.02 4.176
2.598 4.242
3.289 4.176
4.224 4.176
5.438 4.244
6.885 4.451
8.247 4.209
10.448 4.982
10.769 7.138
4.307 10.302
1.723 6.012
1.0 4.176
1.212 4.176
1.559 4.176
2.006 4.263
2.526 4.176
3.242 4.211
4.138 4.473
4.932 4.902
5.154 6.486
2.699 9.338
1.08 8.012
1.0 4.176
1.132 4.176
1.455 4.176
1.871 4.176
2.407 4.176
3.096 4.176
3.984 4.176
5.128 4.298
6.403 5.657
5.196 8.554
2.078 9.718
1.0 4.214
1.051 4.214
1.337 4.219
1.698 4.176
2.181 4.224
2.772 4.176
3.561 4.178
4.58 4.331
5.668 4.5
6.677 6.1
4.421 8.763
1.769 8.957
1.0 4.204
1.085 4.204
1.384 4.203
1.765 4.264
2.218 4.22
2.814 4.176
3.615 4.282
4.53 4.319
5.604 4.494
6.614 5.517
5.607 7.868
2.243 8.828
1.0 4.243
1.078 4.176
1.383 4.176
1.779 4.176
2.288 4.255
2.885 4.176
3.704 4.216
4.719 4.176
6.067 4.644
6.907 6.72
3.172 9.546
1.269 7.21
1.0 4.176
1.164 4.176
1.497 4.176
1.925 4.176
2.476 4.198
3.168 4.176
4.073 4.264
5.128 4.804
5.558 6.331
3.203 9.483
1.281 6.999
1.0 4.176
1.172 4.176
1.507 4.176
1.938 4.176
2.493 4.208
3.182 4.261
4.003 4.276
5.011 4.583
5.78 6.248
3.534 8.855
1.414 7.023
1.0 4.176
1.172 4.176
1.507 4.244
1.905 4.286
2.378 4.339
2.926 4.231
3.694 4.176
4.745 4.81
5.15 6.946
2.06 10.338
1.0 6.102
1.0 4.176
1.208 4.176
1.553 4.176
1.997 4.176
2.568 4.176
3.303 4.176
4.249 4.291
5.312 4.396
6.439 5.17
6.194 7.318
2.477 10.06
1.0 5.965
1.0 4.176
1.214 4.176
1.56 4.176
2.006 4.176
2.579 4.258
3.25 4.214
4.13 4.226
5.241 4.262
6.59 4.764
7.225 6.276
4.3 9.258
1.72 8.258
1.0 4.176
1.122 4.176
1.442 4.242
1.824 4.176
2.34 4.252
2.953 4.215
3.752 4.315
4.655 4.176
5.962 4.531
6.998 6.091
4.642 8.929
1.857 8.318
1.0 4.176
1.12 4.176
1.439 4.176
1.85 4.176
2.379 4.236
3.014 4.176
3.87 4.176
4.978 4.176
6.405 4.431
7.722 5.371
6.923 7.545
2.769 9.505
1.108 4.176
1.188 4.176
1.527 4.209
1.948 4.176
2.503 4.307
3.115 4.247
3.921 4.355
4.81 4.247
6.046 4.31
7.507 5.059
7.513 7.246
3.005 9.626
1.202 5.27
1.0 4.245
1.22 4.245
1.539 4.191
1.968 4.317
2.442 4.176
3.128 4.176
4.025 4.276
5.051 4.447
6.046 5.563
5.048 8.291
2.019 9.922
1.0 4.176
1.056 4.176
1.358 4.176
1.746 4.176
2.246 4.176
2.889 4.329
3.576 4.27
4.472 4.176
5.738 4.303
7.153 5.095
7.079 7.59
2.831 10.243
1.133 5.787
1.0 4.253
1.197 4.253
1.506 4.281
1.882 4.18
2.41 4.375
2.947 4.176
3.768 4.176
4.848 4.476
5.776 4.697
6.406 6.409
3.56 8.975
1.424 8.051
1.0 4.176
1.131 4.176
1.454 4.289
1.817 4.187
2.323 4.176
2.987 4.234
3.787 4.383
4.614 4.38
5.599 4.486
6.607 6.094
4.389 8.44
1.756 8.312
1.0 4.176
1.12 4.176
1.441 4.176
1.853 4.176
2.383 4.176
3.065 4.176
3.944 4.176
5.074 4.433
6.114 4.305
7.555 5.275
7.043 7.581
2.817 9.436
1.127 4.416
1.126 4.237
1.416 4.279
1.771 4.176
2.271 4.176
2.921 4.176
3.759 4.235
4.766 4.291
5.949 4.176
7.629 4.334
9.437 5.366
8.516 7.892
3.407 9.792
1.363 5.756
1.0 4.176
1.223 4.176
1.573 4.176
2.023 4.417
2.448 4.176
3.126 4.176
4.023 4.415
4.871 4.392
5.888 5.161
5.683 7.405
2.273 9.383
1.0 5.375
1.0 4.176
1.238 4.176
1.593 4.176
2.049 4.176
2.636 4.193
3.378 4.255
4.259 4.387
5.182 4.502
6.089 6.416
3.419 9.141
1.368 7.913
1.0 4.176
1.137 4.176
1.462 4.176
1.88 4.176
2.419 4.393
2.945 4.176
3.764 4.19
4.827 4.176
6.209 4.386
7.577 6.17
4.883 9.23
1.953 8.006
1.0 4.176
1.133 4.176
1.457 4.176
1.874 4.176
2.411 4.223
3.066 4.257
3.861 4.194
4.934 4.195
6.316 4.448
7.579 5.4
6.722 7.138
2.689 8.842
1.075 5.548
1.0 4.176
1.231 4.176
1.584 4.176
2.038 4.224
2.592 4.241
3.277 4.214
4.169 4.26
5.248 4.524
6.156 5.493
5.26 8.545
2.104 8.905
1.0 4.176
1.097 4.176
1.411 4.176
1.816 4.276
2.279 4.176
2.923 4.176
3.762 4.182
4.834 4.176
6.221 4.538
7.292 5.662
5.835 8.44
2.334 9.166
1.0 4.176
1.087 4.176
1.398 4.176
1.799 4.176
2.315 4.253
2.922 4.176
3.751 4.176
4.828 4.252
6.098 4.325
7.542 5.001
7.686 7.297
3.074 9.264
1.23 4.912
1.044 4.325
1.263 4.176
1.618 4.176
2.082 4.176
2.679 4.27
3.369 4.312
4.178 4.478
4.954 4.494
5.817 6.015
4.012 9.423
1.605 8.222
1.0 4.176
1.125 4.176
1.447 4.176
1.862 4.207
2.377 4.38
2.902 4.176
3.712 4.22
4.726 4.176
6.075 4.58
7.04 6.328
4.13 9.298
1.652 7.893
1.0 4.176
1.138 4.176
1.464 4.206
1.87 4.176
2.404 4.196
3.078 4.176
3.959 4.3
4.94 4.198
6.299 4.405
7.645 6.349
4.488 9.127
1.795 8.873
1.0 4.176
1.099 4.176
1.413 4.218
1.799 4.176
2.312 4.272
2.905 4.202
3.703 4.176
4.763 4.267
5.992 4.311
7.434 4.891
7.84 7.107
3.136 9.144
1.254 5.088
1.001 4.225
1.236 4.231
1.566 4.176
2.012 4.176
2.589 4.176
3.332 4.22
4.243 4.375
5.186 4.416
6.239 4.664
7.005 6.476
3.757 9.068
1.503 7.236
1.0 4.176
1.164 4.176
1.498 4.176
1.928 4.176
2.482 4.23
3.152 4.176
4.05 4.176
5.214 4.438
6.278 5.458
5.457 8.309
2.183 8.849
1.0 4.176
1.1 4.176
1.415 4.242
1.792 4.278
2.243 4.176
2.878 4.176
3.705 4.176
4.769 4.353
5.872 4.676
6.584 6.4
3.688 9.141
1.475 8.045
1.0 4.203
1.123 4.203
1.435 4.176
1.845 4.176
2.374 4.176
3.056 4.288
3.825 4.523
4.484 4.275
5.569 4.839
5.973 7.007
2.389 8.841
1.0 6.3
1.0 4.185
1.199 4.185
1.539 4.24
1.949 4.176
2.503 4.256
3.158 4.194
4.037 4.312
5.02 4.41
6.062 4.824
6.498 6.644
3.097 9.428
1.239 6.412
1.0 4.176
1.197 4.176
1.541 4.176
1.983 4.241
2.512 4.176
3.226 4.176
4.153 4.265
5.229 4.291
6.522 4.486
7.725 5.69
6.13 8.288
2.452 9.058
1.0 4.176
1.092 4.176
1.405 4.176
1.808 4.176
2.327 4.176
2.996 4.227
3.808 4.353
4.68 4.217
5.931 4.478
7.058 5.418
6.214 8.253
2.486 9.156
1.0 4.338
1.036 4.176
1.327 4.176
1.708 4.244
2.161 4.176
2.776 4.24
3.518 4.176
4.52 4.279
5.671 4.385
6.902 5.21
6.56 7.994
2.624 9.653
1.05 5.708
1.0 4.176
1.226 4.176
1.577 4.176
2.03 4.192
2.603 4.176
3.349 4.25
4.233 4.273
5.306 4.315
6.577 4.999
6.71 7.255
2.684 10.123
1.074 5.851
1.0 4.176
1.22 4.176
1.57 4.176
2.021 4.176
2.601 4.176
3.348 4.177
4.309 4.224
5.481 4.476
6.524 4.42
7.815 5.796
5.959 8.55
2.384 9.215
1.0 4.229
1.068 4.176
1.373 4.176
1.767 4.176
2.274 4.176
2.927 4.185
3.76 4.25
4.751 4.265
5.968 4.353
7.327 5.161
7.087 7.544
2.835 9.616
1.134 4.668
1.035 4.176
1.312 4.176
1.688 4.229
2.145 4.176
2.757 4.186
3.54 4.244
4.48 4.273
5.617 4.441
6.738 5.056
6.718 7.359
2.687 9.477
1.075 4.176
1.156 4.176
1.488 4.241
1.884 4.176
2.421 4.176
3.116 4.259
3.93 4.176
5.047 4.322
6.265 4.257
7.869 4.402
9.543 5.505
8.17 8.634
3.268 9.24
1.307 4.237
1.392 4.176
1.789 4.176
2.303 4.189
2.955 4.176
3.804 4.176
4.897 4.252
6.188 4.176
7.95 4.491
9.441 4.307
11.647 4.793
12.654 7.026
5.061 9.853
2.025 7.231
1.0 4.176
1.165 4.176
1.5 4.176
1.931 4.176
2.486 4.176
3.201 4.221
4.075 4.255
5.138 4.213
6.54 4.418
7.91 5.386
7.066 8.386
2.826 8.99
1.131 4.176
1.238 4.176
1.593 4.176
2.051 4.176
2.641 4.314
3.285 4.189
4.198 4.176
5.404 4.176
6.96 4.597
8.031 5.709
6.293 8.307
2.517 9.161
1.007 4.217
1.082 4.176
1.391 4.176
1.791 4.176
2.307 4.27
2.901 4.241
3.665 4.176
4.71 4.302
5.877 4.181
7.53 4.91
7.939 6.949
3.175 9.245
1.27 6.837
1.0 4.176
1.181 4.176
1.52 4.176
1.958 4.182
2.517 4.176
3.24 4.176
4.173 4.307
5.2 4.375
6.341 6.055
4.326 9.139
1.731 9.627
1.0 4.176
1.069 4.176
1.376 4.298
1.718 4.272
2.151 4.261
2.704 4.386
3.291 4.397
3.979 4.323
4.902 4.49
5.794 5.789
4.416 8.361
1.766 9.133
1.0 4.357
1.031 4.259
1.293 4.176
1.66 4.238
2.104 4.259
2.648 4.261
3.329 4.4
4.038 4.273
5.039 4.822
5.434 6.682
2.525 9.664
1.01 7.189
1.0 4.232
1.149 4.232
1.456 4.176
1.87 4.247
2.366 4.176
3.039 4.176
3.912 4.279
4.909 4.21
6.247 4.536
7.32 6.016
5.036 8.92
2.015 8.518
1.0 4.176
1.113 4.198
1.425 4.399
1.732 4.248
2.175 4.362
2.665 4.211
3.381 4.309
4.205 4.362
5.143 6.234
3.218 8.99
1.287 8.654
1.0 4.176
1.108 4.176
1.426 4.244
1.804 4.176
2.317 4.221
2.95 4.176
3.792 4.322
4.706 4.312
5.827 4.87
6.185 7.054
2.474 9.7
1.0 6.682
1.0 4.176
1.187 4.176
1.527 4.176
1.966 4.176
2.53 4.211
3.228 4.177
4.15 4.259
5.233 4.469
6.232 4.667
6.977 5.715
5.43 8.317
2.172 9.235
1.0 4.176
1.085 4.176
1.396 4.176
1.796 4.176
2.312 4.176
2.976 4.176
3.831 4.407
4.65 4.266
5.811 4.46
6.935 5.956
4.923 8.098
1.969 7.839
1.0 4.176
1.14 4.176
1.468 4.176
1.889 4.176
2.432 4.176
3.131 4.176
4.03 4.242
5.104 4.36
6.259 4.656
7.058 5.728
5.468 8.311
2.187 8.701
1.0 4.267
1.077 4.228
1.365 4.176
1.754 4.176
2.257 4.202
2.887 4.176
3.714 4.251
4.693 4.388
5.712 4.425
6.853 5.448
5.983 7.94
2.393 8.966
1.0 4.284
1.061 4.248
1.337 4.176
1.717 4.256
2.167 4.176
2.783 4.176
3.582 4.226
4.555 4.344
5.613 4.668
6.311 5.956
4.429 8.338
1.772 6.951
1.0 4.238
1.157 4.238
1.463 4.176
1.88 4.176
2.42 4.176
3.116 4.235
3.954 4.176
5.081 4.484
6.046 4.622
6.853 6.09
4.531 8.75
1.812 8.25
1.0 4.176
1.124 4.176
1.447 4.176
1.863 4.176
2.399 4.18
3.085 4.212
3.937 4.176
5.063 4.252
6.397 4.541
7.476 5.225
7.024 7.303
2.81 9.641
1.124 4.757
1.0 4.176
1.264 4.176
1.627 4.176
2.095 4.176
2.698 4.219
3.437 4.176
4.419 4.433
5.33 4.602
6.087 5.643
4.895 8.368
1.958 8.395
1.0 4.2
1.111 4.176
1.429 4.176
1.84 4.176
2.369 4.25
2.995 4.176
3.847 4.253
4.86 4.254
6.123 4.294
7.636 4.776
8.341 7.058
3.336 9.886
1.335 7.486
1.0 4.176
1.155 4.176
1.487 4.176
1.914 4.176
2.464 4.176
3.173 4.211
4.05 4.233
5.136 4.344
6.328 5.11
6.227 7.166
2.491 9.446
1.0 6.497
1.0 4.176
1.194 4.176
1.538 4.176
1.98 4.176
2.549 4.176
3.281 4.176
4.225 4.176
5.441 4.176
7.006 4.394
8.536 5.37
7.677 8.004
3.071 9.956
1.228 4.832
1.041 4.176
1.313 4.176
1.69 4.176
2.176 4.176
2.801 4.176
3.607 4.176
4.644 4.206
5.936 4.56
6.912 4.854
7.304 5.93
5.134 8.318
2.053 6.68
1.0 4.176
1.187 4.176
1.529 4.176
1.968 4.176
2.534 4.176
3.263 4.248
4.128 4.236
5.225 4.329
6.462 4.42
7.782 5.408
6.897 8.047
2.759 9.559
1.104 4.176
1.183 4.176
1.523 4.176
1.962 4.176
2.526 4.226
3.212 4.176
4.13 4.176
5.319 4.176
6.85 4.363
8.415 4.975
8.637 6.428
4.662 8.906
1.865 7.322
1.0 4.176
1.162 4.176
1.496 4.176
1.926 4.271
2.422 4.176
3.11 4.318
3.865 4.302
4.8 4.525
5.625 4.526
6.54 5.41
5.766 7.859
2.306 8.309
1.0 4.176
1.122 4.176
1.445 4.176
1.861 4.183
2.392 4.243
3.029 4.176
3.894 4.265
4.904 4.246
6.19 4.653
7.017 5.665
5.582 8.638
2.233 9.22
1.0 4.176
1.086 4.176
1.398 4.176
1.8 4.176
2.319 4.176
2.986 4.259
3.767 4.176
4.839 4.176
6.232 4.457
7.471 5.925
5.383 9.141
2.153 9.051
1.0 4.176
1.093 4.176
1.407 4.176
1.812 4.176
2.333 4.176
3.004 4.257
3.791 4.211
4.828 4.268
6.071 4.492
7.187 5.144
6.953 7.417
2.781 8.999
1.113 5.096
1.0 4.195
1.245 4.195
1.595 4.176
2.052 4.176
2.643 4.241
3.349 4.237
4.24 4.211
5.403 4.274
6.784 5.213
6.474 7.64
2.59 9.56
1.036 5.57
1.0 4.176
1.232 4.176
1.586 4.176
2.043 4.176
2.631 4.25
3.326 4.207
4.241 4.176
5.458 4.598
6.297 5.333
5.687 8.033
2.275 9.707
1.0 5.036
1.0 4.176
1.253 4.176
1.614 4.176
2.078 4.232
2.639 4.176
3.393 4.288
4.249 4.287
5.303 4.739
5.857 6.008
3.999 8.542
1.6 7.642
1.0 4.176
1.149 4.176
1.48 4.176
1.905 4.212
2.432 4.176
3.128 4.346
3.86 4.176
4.945 4.351
6.093 4.708
6.775 6.556
3.454 9.412
1.381 7.356
1.0 4.176
1.16 4.176
1.494 4.176
1.924 4.176
2.478 4.176
3.191 4.23
4.055 4.344
4.997 4.559
5.793 5.369
5.175 7.937
2.07 9.185
1.0 4.246
1.065 4.208
1.357 4.176
1.746 4.176
2.249 4.176
2.896 4.312
3.604 4.238
4.551 4.313
5.652 4.414
6.821 5.56
5.718 8.442
2.287 9.408
1.0 4.249
1.055 4.249
1.331 4.244
1.681 4.246
2.123 4.176
2.728 4.176
3.513 4.176
4.524 4.342
5.588 4.302
6.937 5.313
6.391 8.216
2.556 10.057
1.023 4.176
1.076 4.176
1.386 4.176
1.784 4.242
2.26 4.204
2.884 4.176
3.711 4.304
4.629 4.287
5.774 4.622
6.592 5.322
5.97 7.737
2.388 9.075
1.0 4.176
1.092 4.176
1.406 4.176
1.81 4.225
2.303 4.176
2.961 4.255
3.739 4.176
4.804 4.243
6.085 4.278
7.624 5.026
7.728 7.466
3.091 9.643
1.236 5.771
1.0 4.176
1.224 4.176
1.576 4.176
2.03 4.26
2.559 4.176
3.288 4.33
4.073 4.35
4.995 4.333
6.15 5.728
4.847 8.355
1.939 8.969
1.0 4.176
1.096 4.176
1.411 4.176
1.817 4.176
2.34 4.176
3.014 4.176
3.881 4.176
4.999 4.253
6.316 4.505
7.455 5.709
5.869 8.655
2.348 8.578
1.0 4.176
1.112 4.176
1.431 4.176
1.843 4.176
2.374 4.176
3.057 4.23
3.885 4.281
4.865 4.231
6.161 4.233
7.81 5.301
7.248 7.372
2.899 9.465
1.16 4.617
1.085 4.182
1.376 4.176
1.772 4.231
2.251 4.176
2.895 4.214
3.693 4.176
4.751 4.243
6.018 4.176
7.736 4.455
9.279 6.219
5.82 9.173
2.328 8.256
1.0 4.176
1.125 4.176
1.448 4.176
1.865 4.176
2.402 4.176
3.094 4.176
3.985 4.178
5.13 4.176
6.607 4.595
7.63 5.531
6.413 7.556
2.565 9.398
1.026 5.483
1.0 4.176
1.235 4.176
1.591 4.176
2.049 4.176
2.639 4.222
3.361 4.319
4.169 4.225
5.282 4.618
6.05 5.785
4.59 8.549
1.836 9.093
1.0 4.261
1.064 4.193
1.361 4.176
1.752 4.238
2.221 4.176
2.855 4.176
3.677 4.218
4.687 4.386
5.716 4.318
7.057 4.843
7.553 7.09
3.021 9.848
1.208 6.644
1.0 4.176
1.189 4.176
1.531 4.176
1.972 4.176
2.539 4.176
3.271 4.176
4.212 4.258
5.316 4.176
6.829 4.773
7.5 5.285
6.836 6.963
2.735 8.625
1.094 5.154
1.0 4.176
1.249 4.176
1.608 4.176
2.071 4.176
2.668 4.204
3.412 4.189
4.377 4.377
5.356 4.579
6.17 5.728
4.803 8.627
1.921 8.993
1.0 4.207
1.085 4.207
1.386 4.176
1.783 4.176
2.296 4.242
2.909 4.195
3.721 4.225
4.732 4.432
5.701 4.753
6.239 6.641
3.002 9.111
1.201 7.515
1.0 4.176
1.154 4.176
1.486 4.176
1.914 4.176
2.465 4.176
3.175 4.246
4.019 4.319
4.982 4.4
6.034 6.035
4.151 8.863
1.66 7.928
1.0 4.176
1.138 4.176
1.465 4.176
1.887 4.176
2.43 4.252
3.071 4.176
3.946 4.184
5.072 4.377
6.207 4.426
7.452 5.706
5.898 8.568
2.359 9.552
1.0 4.176
1.073 4.176
1.381 4.176
1.779 4.176
2.291 4.176
2.951 4.343
3.643 4.176
4.668 4.25
5.903 4.387
7.19 5.047
7.209 7.32
2.883 9.371
1.153 4.459
1.142 4.176
1.458 4.176
1.877 4.296
2.346 4.176
3.01 4.176
3.877 4.207
4.956 4.403
6.02 4.176
7.699 4.518
9.08 5.585
7.504 8.315
3.002 9.395
1.201 4.176
1.296 4.176
1.668 4.176
2.149 4.211
2.744 4.176
3.53 4.176
4.547 4.176
5.856 4.176
7.544 4.233
9.581 4.69
10.754 5.452
9.268 7.853
3.707 9.062
1.483 5.326
1.078 4.201
1.33 4.233
1.687 4.19
2.162 4.189
2.774 4.176
3.572 4.243
4.525 4.235
5.732 4.176
7.37 4.489
8.76 5.365
7.863 7.477
3.145 9.283
1.258 4.423
1.265 4.176
1.616 4.176
2.082 4.176
2.681 4.176
3.454 4.38
4.225 4.176
5.408 4.309
6.738 4.324
8.327 4.856
8.878 6.674
4.143 9.734
1.657 7.603
1.0 4.303
1.11 4.306
1.379 4.255
1.734 4.262
2.18 4.207
2.779 4.227
3.532 4.329
4.37 4.329
5.39 5.082
5.358 7.634
2.143 9.162
1.0 4.311
1.046 4.176
1.341 4.176
1.727 4.176
2.225 4.176
2.866 4.176
3.691 4.189
4.74 4.26
5.977 4.176
7.679 5.145
7.527 7.373
3.011 9.599
1.204 5.263
1.0 4.176
1.245 4.176
1.603 4.176
2.065 4.282
2.59 4.217
3.291 4.409
3.991 4.176
5.104 4.42
6.179 4.951
6.377 6.539
3.225 9.075
1.29 6.411
1.0 4.269
1.169 4.185
1.498 4.176
1.929 4.176
2.485 4.176
3.201 4.176
4.123 4.459
4.941 4.176
6.309 4.254
7.972 5.366
7.228 8.252
2.891 8.988
1.157 4.214
1.253 4.176
1.612 4.176
2.077 4.193
2.664 4.257
3.361 4.228
4.263 4.176
5.483 4.176
7.064 4.178
9.097 5.11
9.017 7.606
3.607 10.27
1.443 5.868
1.0 4.176
1.22 4.176
1.572 4.234
1.996 4.176
2.566 4.176
3.306 4.176
4.259 4.293
5.328 4.179
6.834 5.22
6.534 7.44
2.614 9.432
1.045 5.784
1.0 4.176
1.224 4.176
1.576 4.218
2.009 4.253
2.536 4.176
3.259 4.245
4.126 4.554
4.808 4.289
5.949 5.822
4.523 8.718
1.809 8.707
1.0 4.176
1.107 4.176
1.426 4.176
1.836 4.189
2.358 4.176
3.036 4.195
3.892 4.192
4.991 4.258
6.296 4.551
7.34 5.319
6.678 6.793
2.74 8.695
1.096 5.83
1.0 4.188
1.218 4.188
1.564 4.176
2.014 4.176
2.594 4.176
3.341 4.311
4.161 4.332
5.132 4.517
6.023 4.703
6.668 6.151
4.262 8.893
1.705 8.475
1.0 4.176
1.116 4.176
1.438 4.205
1.838 4.212
2.345 4.176
3.017 4.176
3.887 4.199
4.979 4.247
6.297 4.558
7.33 5.242
6.846 7.378
2.739 9.304
1.095 4.176
1.186 4.176
1.528 4.176
1.968 4.176
2.536 4.176
3.267 4.288
4.092 4.176
5.253 4.176
6.768 4.359
8.326 4.608
9.522 6.174
6.053 8.869
2.421 8.176
1.0 4.176
1.128 4.176
1.453 4.176
1.872 4.176
2.411 4.176
3.107 4.259
3.92 4.287
4.899 4.176
6.29 4.58
7.296 5.676
5.802 7.955
2.321 8.711
1.0 4.253
1.082 4.253
1.364 4.203
1.742 4.201
2.228 4.176
2.868 4.257
3.621 4.425
4.366 4.176
5.582 4.511
6.597 5.684
5.248 7.852
2.099 8.795
1.0 4.176
1.103 4.176
1.421 4.223
1.81 4.217
2.305 4.258
2.905 4.224
3.689 4.231
4.681 4.359
5.749 4.755
6.306 7.027
2.522 9.661
1.009 6.418
1.0 4.176
1.198 4.176
1.544 4.176
1.989 4.176
2.562 4.176
3.301 4.176
4.253 4.312
5.295 4.245
6.677 4.349
8.217 5.589
6.838 8.073
2.735 9.592
1.094 4.176
1.172 4.176
1.51 4.176
1.945 4.176
2.506 4.176
3.229 4.236
4.098 4.176
5.27 4.679
5.947 4.177
7.541 4.452
9.054 5.516
7.707 7.814
3.083 9.714
1.233 4.466
1.202 4.176
1.534 4.176
1.976 4.176
2.546 4.176
3.28 4.176
4.226 4.176
5.444 4.176
7.015 4.45
8.427 4.317
10.388 5.12
10.208 7.157
4.083 9.626
1.633 6.253
1.0 4.176
1.205 4.176
1.553 4.176
2.0 4.176
2.577 4.176
3.32 4.224
4.227 4.311
5.256 4.332
6.483 4.944
6.73 6.62
3.234 9.338
1.293 6.45
1.0 4.176
1.197 4.176
1.542 4.243
1.954 4.176
2.512 4.176
3.237 4.3
4.043 4.176
5.189 4.183
6.674 4.224
8.496 5.271
7.973 7.203
3.189 9.786
1.276 6.33
1.0 4.176
1.202 4.257
1.518 4.176
1.95 4.176
2.513 4.176
3.237 4.23
4.115 4.235
5.216 4.23
6.619 4.555
7.716 5.835
5.755 8.595
2.302 8.943
1.0 4.176
1.098 4.176
1.414 4.176
1.822 4.176
2.347 4.176
3.024 4.176
3.896 4.176
5.019 4.259
6.335 4.406
7.678 5.458
6.692 8.022
2.677 9.856
1.071 4.176
1.136 4.176
1.464 4.176
1.886 4.176
2.429 4.258
3.066 4.176
3.941 4.177
5.076 4.242
6.434 4.449
7.714 5.077
7.645 6.994
3.058 9.423
1.223 5.767
1.0 4.195
1.219 4.195
1.562 4.176
2.011 4.176
2.591 4.176
3.338 4.26
4.211 4.176
5.412 4.57
6.295 4.544
7.276 5.648
5.862 8.075
2.345 8.753
1.0 4.176
1.105 4.176
1.424 4.176
1.834 4.255
2.317 4.176
2.979 4.216
3.8 4.246
4.805 4.176
6.178 4.521
7.283 5.941
5.196 8.899
2.078 7.969
1.0 4.176
1.137 4.176
1.464 4.176
1.887 4.198
2.417 4.22
3.079 4.176
3.962 4.176
5.105 4.176
6.577 4.272
8.275 5.436
7.315 8.22
2.926 9.656
1.17 4.293
1.208 4.176
1.55 4.176
1.997 4.176
2.574 4.256
3.25 4.246
4.105 4.23
5.208 4.259
6.562 4.388
7.991 5.12
7.83 7.395
3.132 10.433
1.253 6.953
1.0 4.176
1.177 4.176
1.517 4.176
1.954 4.176
2.517 4.176
3.243 4.205
4.149 4.208
5.298 4.391
6.458 5.657
5.224 8.777
2.089 10.583
1.0 4.334
1.0 4.209
1.271 4.176
1.636 4.362
2.011 4.34
2.471 4.176
3.167 4.228
4.028 4.341
4.97 4.698
5.545 6.405
3.098 9.206
1.239 6.866
1.0 4.176
1.181 4.176
1.521 4.176
1.959 4.176
2.524 4.176
3.252 4.176
4.189 4.359
5.153 4.325
6.358 5.036
6.415 7.2
2.566 10.05
1.026 4.946
1.0 4.176
1.257 4.256
1.588 4.219
2.019 4.186
2.591 4.176
3.337 4.428
4.031 4.429
4.829 4.326
5.942 5.883
4.394 8.774
1.758 7.648
1.0 4.247
1.127 4.247
1.423 4.176
1.829 4.176
2.356 4.226
2.998 4.203
3.83 4.252
4.838 4.176
6.219 4.456
7.459 5.576
6.206 8.148
2.482 8.97
1.0 4.221
1.082 4.176
1.392 4.176
1.793 4.176
2.31 4.229
2.938 4.176
3.778 4.176
4.868 4.176
6.272 4.217
7.999 4.815
8.668 6.423
4.753 9.265
1.901 7.255
1.0 4.179
1.164 4.179
1.498 4.248
1.896 4.228
2.406 4.255
3.034 4.255
3.823 4.176
4.914 4.39
5.997 4.381
7.284 5.299
6.724 7.736
2.69 9.36
1.076 4.98
1.0 4.233
1.238 4.231
1.57 4.176
2.02 4.176
2.602 4.176
3.352 4.193
4.301 4.176
5.539 4.584
6.418 4.875
6.738 6.667
3.156 9.481
1.262 5.745
1.0 4.176
1.226 4.176
1.579 4.176
2.034 4.176
2.621 4.176
3.376 4.203
4.321 4.35
5.324 4.246
6.705 4.561
7.799 6.241
4.807 8.731
1.923 8.262
1.0 4.176
1.125 4.242
1.426 4.176
1.833 4.176
2.361 4.176
3.042 4.284
3.815 4.36
4.676 4.198
5.958 4.456
7.141 5.256
6.669 7.657
2.667 9.295
1.067 5.338
1.0 4.176
1.242 4.176
1.6 4.176
2.061 4.178
2.654 4.223
3.38 4.176
4.349 4.196
5.575 4.351
6.869 5.686
5.504 8.781
2.202 10.413
1.0 4.785
1.0 4.176
1.264 4.176
1.628 4.176
2.098 4.209
2.68 4.176
3.45 4.176
4.445 4.176
5.726 4.366
7.032 4.813
7.583 7.04
3.033 9.91
1.213 6.498
1.0 4.176
1.195 4.176
1.54 4.257
1.944 4.176
2.498 4.222
3.182 4.176
4.094 4.176
5.274 4.246
6.678 4.374
8.165 5.128
7.984 6.93
3.194 9.352
1.277 5.744
1.0 4.25
1.202 4.25
1.517 4.176
1.949 4.176
2.512 4.176
3.236 4.257
4.086 4.184
5.24 4.458
6.281 4.643
7.089 5.563
5.874 7.924
2.35 8.62
1.0 4.176
1.111 4.248
1.405 4.176
1.806 4.193
2.318 4.209
2.96 4.176
3.81 4.176
4.909 4.3
6.131 4.298
7.632 5.678
6.151 7.778
2.46 7.772
1.0 4.176
1.145 4.176
1.475 4.176
1.9 4.176
2.448 4.176
3.154 4.176
4.064 4.199
5.207 4.355
6.408 4.781
6.978 6.817
2.962 9.721
1.185 6.713
1.0 4.176
1.187 4.176
1.529 4.176
1.97 4.176
2.538 4.218
3.237 4.176
4.165 4.215
5.315 4.248
6.718 4.302
8.369 4.683
9.392 6.442
5.144 9.162
2.058 6.786
1.0 4.176
1.184 4.176
1.525 4.176
1.965 4.176
2.532 4.176
3.263 4.235
4.143 4.228
5.261 4.319
6.529 4.211
8.303 4.923
8.715 6.558
4.368 8.931
1.747 6.91
1.0 4.229
1.162 4.229
1.475 4.176
1.898 4.176
2.445 4.176
3.151 4.176
4.06 4.251
5.135 4.328
6.354 4.298
7.903 5.534
6.732 8.366
2.693 7.316
1.077 4.176
1.253 4.176
1.614 4.176
2.08 4.176
2.68 4.314
3.336 4.22
4.234 4.233
5.371 4.176
6.91 4.176
8.905 4.766
9.805 7.142
3.922 9.977
1.569 6.352
1.0 4.176
1.201 4.212
1.534 4.176
1.975 4.176
2.545 4.176
3.279 4.176
4.226 4.298
5.282 4.181
6.773 4.543
7.936 6.191
5.025 8.963
2.01 7.361
1.0 4.176
1.161 4.176
1.496 4.176
1.928 4.227
2.453 4.176
3.156 4.323
3.92 4.192
