1.0 5.688
1.0 5.688
1.0 4.848
1.0 4.848
1.038 4.176
1.314 4.176
1.709 4.176
2.233 4.596
2.624 7.112
1.05 10.475
1.0 4.238
1.0 4.176
1.272 4.252
1.596 4.241
2.01 4.176
2.583 4.472
3.089 4.176
3.958 4.23
5.061 4.75
5.627 6.295
3.353 9.626
1.341 8.118
1.0 4.176
1.117 4.176
1.428 4.176
1.828 4.176
2.345 4.257
2.953 4.251
3.72 4.243
4.704 4.22
5.993 4.848
6.446 6.772
2.807 9.664
1.123 5.856
1.0 4.176
1.213 4.176
1.555 4.203
1.984 4.176
2.548 4.176
3.278 4.249
4.147 4.176
5.336 4.361
6.573 4.652
7.444 6.148
4.791 9.256
1.916 8.59
1.0 4.176
1.105 4.176
1.417 4.176
1.818 4.176
2.337 4.176
3.005 4.176
3.868 4.251
4.891 4.235
6.198 4.539
7.265 4.887
7.623 6.637
3.639 8.893
1.456 6.917
1.0 4.176
1.174 4.176
1.508 4.176
1.939 4.226
2.464 4.266
3.097 4.224
3.931 4.2
5.03 4.176
6.483 4.641
7.406 6.569
3.772 9.221
1.509 6.678
1.0 4.176
1.185 4.176
1.524 4.176
1.96 4.247
2.479 4.176
3.186 4.176
4.106 4.211
5.249 4.207
6.713 4.877
7.157 6.649
3.398 9.229
1.359 7.013
1.0 4.176
1.172 4.176
1.507 4.176
1.94 4.176
2.497 4.176
3.217 4.176
4.146 4.215
5.295 4.345
6.537 5.524
5.583 8.388
2.233 9.81
1.0 4.512
1.0 4.208
1.262 4.183
1.618 4.176
2.082 4.386
2.541 4.356
3.105 4.176
3.977 4.304
4.963 4.707
5.534 6.573
2.792 9.527
1.117 6.751
1.0 4.176
1.182 4.176
1.52 4.176
1.955 4.257
2.465 4.176
3.165 4.278
3.974 4.176
5.103 4.35
6.293 4.641
7.136 5.363
6.37 7.008
2.548 8.628
1.019 4.479
1.031 4.176
1.315 4.176
1.692 4.176
2.179 4.206
2.786 4.327
3.453 4.241
4.359 4.245
5.514 4.728
6.127 6.328
3.569 9.266
1.428 7.866
1.0 4.176
1.139 4.176
1.465 4.176
1.886 4.176
2.428 4.21
3.101 4.186
3.981 4.176
5.128 4.282
6.438 4.49
7.631 5.626
6.223 8.896
2.489 9.813
1.0 4.674
1.0 4.26
1.239 4.26
1.557 4.176
1.999 4.222
2.544 4.235
3.223 4.176
4.144 4.385
5.063 4.346
6.208 4.886
6.557 6.838
2.708 9.61
1.083 5.618
1.0 4.176
1.229 4.176
1.581 4.176
2.035 4.176
2.621 4.176
3.375 4.176
4.348 4.199
5.571 4.53
6.547 5.442
5.709 8.232
2.284 9.438
1.0 4.305
1.035 4.176
1.326 4.176
1.707 4.224
2.171 4.255
2.736 4.176
3.516 4.239
4.459 4.432
5.371 4.627
6.096 5.707
4.776 8.61
1.91 9.01
1.0 4.176
1.093 4.176
1.406 4.176
1.81 4.176
2.329 4.21
2.974 4.365
3.647 4.209
4.632 4.224
5.89 4.688
6.619 6.512
3.473 9.608
1.389 8.028
1.0 4.176
1.132 4.176
1.456 4.176
1.873 4.176
2.411 4.225
3.066 4.176
3.941 4.176
5.075 4.176
6.537 4.451
7.85 5.751
6.093 8.535
2.437 9.165
1.0 4.225
1.071 4.176
1.376 4.176
1.77 4.176
2.278 4.227
2.895 4.25
3.654 4.393
4.442 4.394
5.374 4.629
6.101 5.292
5.583 7.736
2.233 8.906
1.0 4.176
1.097 4.176
1.412 4.176
1.817 4.176
2.339 4.246
2.96 4.196
3.784 4.176
4.871 4.255
6.153 4.431
7.409 5.827
5.579 8.983
2.232 8.803
1.0 4.176
1.101 4.176
1.417 4.176
1.824 4.176
2.348 4.176
3.023 4.176
3.893 4.176
5.014 4.569
5.832 4.599
6.637 6.367
3.811 9.487
1.525 6.723
1.0 4.176
1.185 4.176
1.525 4.176
1.963 4.193
2.516 4.176
3.238 4.382
3.958 4.368
4.823 4.502
5.676 5.717
4.455 8.081
1.782 8.093
1.0 4.176
1.13 4.176
1.454 4.176
1.872 4.176
2.411 4.238
3.056 4.176
3.929 4.268
4.946 4.408
5.989 4.897
6.287 6.817
2.636 10.099
1.054 6.015
1.0 4.176
1.213 4.176
1.561 4.176
2.01 4.176
2.588 4.176
3.332 4.176
4.291 4.311
5.343 4.224
6.773 4.941
7.065 7.177
2.826 10.236
1.13 5.42
1.0 4.176
1.237 4.176
1.592 4.176
2.05 4.258
2.585 4.195
3.305 4.176
4.254 4.176
5.479 4.418
6.637 5.759
5.144 8.639
2.057 9.119
1.0 4.193
1.084 4.193
1.388 4.176
1.785 4.176
2.298 4.206
2.937 4.176
3.778 4.176
4.866 4.193
6.241 4.511
7.371 6.155
4.756 9.275
1.902 7.439
1.0 4.18
1.155 4.18
1.485 4.176
1.911 4.176
2.461 4.241
3.117 4.259
3.924 4.176
5.041 4.257
6.364 4.456
7.611 5.448
6.641 7.799
2.656 9.311
1.062 4.979
1.0 4.176
1.255 4.176
1.615 4.176
2.08 4.176
2.678 4.212
3.418 4.176
4.397 4.176
5.665 4.77
6.227 6.534
3.203 9.078
1.281 7.266
1.0 4.176
1.163 4.176
1.497 4.227
1.903 4.176
2.447 4.176
3.151 4.275
3.958 4.185
5.071 4.412
6.15 4.468
7.294 6.452
4.03 9.584
1.612 8.008
1.0 4.176
1.134 4.176
1.459 4.176
1.878 4.176
2.418 4.208
3.088 4.195
3.954 4.176
5.089 4.401
6.191 4.391
7.495 5.403
6.666 7.832
2.666 10.135
1.066 4.183
1.116 4.176
1.436 4.176
1.848 4.176
2.379 4.176
3.064 4.176
3.945 4.19
5.063 4.176
6.519 4.308
8.124 4.659
9.174 6.184
5.782 8.9
2.313 8.249
1.0 4.176
1.124 4.176
1.447 4.176
1.863 4.176
2.398 4.176
3.089 4.283
3.872 4.176
4.971 4.21
6.35 4.527
7.462 5.591
6.15 7.407
2.46 9.333
1.0 4.659
1.0 4.176
1.268 4.176
1.633 4.176
2.102 4.277
2.64 4.176
3.389 4.291
4.241 4.34
5.223 4.633
5.935 6.334
3.463 9.215
1.385 8.027
1.0 4.176
1.133 4.176
1.459 4.176
1.878 4.176
2.418 4.176
3.113 4.276
3.91 4.191
5.002 4.337
6.184 4.649
6.996 6.073
4.658 9.163
1.863 7.693
1.0 4.176
1.146 4.176
1.476 4.25
1.865 4.269
2.341 4.211
2.98 4.176
3.833 4.176
4.937 4.176
6.36 4.326
7.89 5.237
7.454 7.363
2.982 9.428
1.193 5.068
1.0 4.176
1.252 4.176
1.612 4.224
2.051 4.176
2.637 4.176
3.396 4.205
4.343 4.194
5.565 4.671
6.289 6.243
3.843 9.188
1.537 7.858
1.0 4.176
1.14 4.176
1.468 4.176
1.89 4.241
2.394 4.176
3.077 4.223
3.917 4.176
5.038 4.176
6.49 4.319
8.066 5.667
6.52 8.625
2.608 9.304
1.043 4.291
1.091 4.176
1.399 4.176
1.802 4.176
2.32 4.249
2.934 4.176
3.77 4.176
4.855 4.431
5.861 4.462
6.957 5.236
6.538 6.894
2.615 8.886
1.046 5.328
1.0 4.235
1.223 4.235
1.549 4.176
1.991 4.249
2.518 4.346
3.099 4.247
3.901 4.231
4.946 4.471
5.898 5.566
4.921 8.238
1.969 9.822
1.0 4.176
1.062 4.176
1.367 4.176
1.76 4.251
2.224 4.176
2.858 4.209
3.651 4.3
4.554 4.29
5.678 4.593
6.536 6.205
4.093 8.901
1.637 8.577
1.0 4.176
1.111 4.176
1.431 4.176
1.842 4.176
2.372 4.176
3.055 4.214
3.897 4.336
4.815 4.254
6.052 4.788
6.599 6.516
3.428 9.168
1.371 6.704
1.0 4.176
1.186 4.258
1.496 4.176
1.922 4.176
2.475 4.176
3.187 4.232
4.048 4.234
5.131 4.692
5.755 6.306
3.395 9.387
1.358 8.255
1.0 4.176
1.124 4.176
1.447 4.234
1.836 4.176
2.36 4.176
3.039 4.176
3.913 4.176
5.039 4.304
6.285 4.833
6.75 6.933
2.7 9.843
1.08 6.067
1.0 4.176
1.212 4.176
1.56 4.176
2.008 4.31
2.5 4.176
3.206 4.176
4.128 4.303
5.15 4.245
6.493 5.457
5.7 8.36
2.28 9.716
1.0 4.229
1.049 4.176
1.348 4.176
1.735 4.176
2.234 4.176
2.876 4.176
3.703 4.176
4.769 4.224
6.069 4.577
7.031 5.057
6.973 7.2
2.789 9.09
1.116 4.176
1.217 4.176
1.567 4.176
2.017 4.176
2.598 4.176
3.345 4.176
4.308 4.235
5.468 4.402
6.638 4.236
8.364 4.484
9.936 5.566
8.285 8.1
3.314 9.272
1.326 4.704
1.214 4.176
1.537 4.176
1.979 4.176
2.549 4.176
3.283 4.176
4.228 4.348
5.215 4.176
6.682 4.176
8.608 4.336
10.652 5.479
9.241 7.74
3.697 9.342
1.479 4.469
1.461 4.21
1.848 4.176
2.377 4.176
3.062 4.256
3.866 4.176
4.967 4.176
6.399 4.249
8.096 4.258
10.196 4.341
12.569 4.841
13.455 6.773
5.865 9.452
2.346 7.436
1.0 4.176
1.157 4.176
1.49 4.176
1.92 4.387
2.344 4.291
2.913 4.332
3.595 4.176
4.609 4.58
5.346 4.615
6.055 6.007
4.169 8.524
1.668 7.802
1.0 4.24
1.122 4.24
1.42 4.176
1.825 4.176
2.351 4.237
2.982 4.176
3.834 4.176
4.94 4.176
6.365 4.772
6.995 6.184
4.378 9.022
1.751 7.945
1.0 4.235
1.118 4.235
1.416 4.232
1.796 4.176
2.309 4.2
2.957 4.296
3.693 4.414
4.46 4.468
5.29 4.75
5.788 6.091
3.799 9.128
1.52 7.589
1.0 4.176
1.151 4.176
1.483 4.242
1.878 4.176
2.414 4.244
3.057 4.361
3.75 4.362
4.582 4.349
5.616 4.823
6.041 6.787
2.61 9.541
1.044 7.813
1.0 4.176
1.142 4.176
1.471 4.183
1.89 4.227
2.403 4.176
3.091 4.258
3.9 4.176
5.011 4.182
6.445 4.271
8.107 4.691
9.086 6.873
3.724 9.857
1.49 6.917
1.0 4.246
1.156 4.246
1.459 4.176
1.875 4.176
2.415 4.176
3.11 4.364
3.82 4.233
4.823 4.188
6.183 4.647
7.036 6.407
3.939 9.539
1.576 7.723
1.0 4.209
1.135 4.209
1.448 4.176
1.863 4.241
2.361 4.176
3.034 4.176
3.908 4.176
5.034 4.395
6.133 4.264
7.676 5.728
6.072 8.704
2.429 9.131
1.0 4.176
1.089 4.176
1.403 4.176
1.806 4.176
2.326 4.176
2.996 4.176
3.858 4.246
4.884 4.227
6.198 4.315
7.698 4.915
8.065 7.074
3.226 9.825
1.29 6.577
1.0 4.176
1.192 4.176
1.534 4.232
1.948 4.176
2.505 4.176
3.226 4.176
4.155 4.347
5.126 4.643
5.807 5.747
4.47 8.079
1.788 8.625
1.0 4.296
1.071 4.176
1.374 4.176
1.77 4.176
2.279 4.176
2.935 4.234
3.727 4.236
4.72 4.339
5.824 4.176
7.464 4.95
7.779 7.107
3.111 9.921
1.245 6.705
1.0 4.176
1.186 4.176
1.528 4.176
1.967 4.176
2.533 4.176
3.263 4.176
4.202 4.176
5.412 4.511
6.395 4.369
7.76 5.133
7.574 7.253
3.03 9.864
1.212 5.936
1.0 4.176
1.217 4.176
1.567 4.229
1.992 4.176
2.561 4.253
3.235 4.179
4.154 4.269
5.227 4.176
6.714 4.381
8.211 5.397
7.322 7.881
2.929 9.638
1.171 4.318
1.2 4.176
1.538 4.176
1.98 4.24
2.51 4.176
3.226 4.176
4.156 4.176
5.353 4.555
6.25 4.244
7.821 4.219
9.948 5.275
9.322 7.984
3.729 9.994
1.491 4.885
1.237 4.176
1.558 4.176
2.006 4.176
2.584 4.176
3.328 4.176
4.286 4.22
5.461 4.244
6.907 4.176
8.88 4.176
11.44 4.395
13.942 5.763
10.804 8.365
4.322 9.182
1.729 4.62
1.636 4.176
2.078 4.176
2.676 4.176
3.447 4.176
4.439 4.176
5.719 4.176
7.367 4.267
9.278 4.252
11.695 4.203
14.933 4.415
18.09 5.691
14.42 8.776
5.768 9.832
2.307 4.876
1.936 4.206
2.42 4.176
3.114 4.176
4.011 4.235
5.091 4.176
6.546 4.253
8.273 4.229
10.493 4.256
13.23 4.342
16.305 4.618
18.609 5.752
14.321 8.431
5.728 9.256
2.291 4.176
2.485 4.176
3.201 4.176
4.123 4.176
5.311 4.247
6.722 4.306
8.363 4.176
10.731 4.255
13.556 4.458
16.208 4.456
19.258 5.311
17.647 7.513
7.059 9.861
2.823 5.817
1.521 4.314
1.792 4.176
2.298 4.176
2.961 4.176
3.814 4.176
4.913 4.176
6.329 4.183
8.141 4.293
10.183 4.253
12.824 4.516
15.099 5.706
11.903 8.545
4.761 9.408
1.904 4.236
2.018 4.176
2.594 4.176
3.342 4.176
4.305 4.331
5.334 4.221
6.762 4.294
8.447 4.176
10.843 4.176
13.972 4.267
17.599 4.316
21.831 5.456
19.124 8.234
7.65 9.851
3.06 5.879
1.589 4.299
1.877 4.176
2.408 4.189
3.092 4.176
3.982 4.256
5.028 4.328
6.219 4.176
7.975 4.271
10.035 4.344
12.357 5.073
12.314 7.253
4.926 9.619
1.97 6.637
1.0 4.176
1.19 4.176
1.532 4.176
1.974 4.227
2.511 4.176
3.229 4.176
4.161 4.26
5.25 4.233
6.651 4.446
7.984 5.666
6.418 8.306
2.567 9.258
1.027 4.254
1.088 4.176
1.399 4.176
1.802 4.176
2.321 4.176
2.99 4.176
3.852 4.176
4.963 4.176
6.395 4.418
7.748 4.97
7.953 6.744
3.5 8.802
1.4 5.87
1.0 4.315
1.176 4.315
1.457 4.176
1.869 4.176
2.407 4.176
3.102 4.176
3.997 4.176
5.15 4.234
6.541 4.491
7.759 5.627
6.321 8.507
2.528 8.647
1.011 4.176
1.122 4.176
1.445 4.176
1.862 4.176
2.399 4.176
3.091 4.176
3.983 4.192
5.112 4.434
6.165 4.176
7.882 4.497
9.353 6.282
5.669 8.781
2.268 7.821
1.0 4.176
1.142 4.176
1.472 4.176
1.896 4.176
2.444 4.176
3.149 4.176
4.057 4.243
5.142 4.284
6.437 4.818
6.953 6.122
4.479 8.33
1.792 6.376
1.0 4.222
1.186 4.176
1.526 4.176
1.966 4.177
2.533 4.241
3.212 4.353
3.95 4.176
5.062 4.256
6.396 4.628
7.304 5.984
5.082 8.96
2.033 7.724
1.0 4.242
1.126 4.242
1.424 4.251
1.797 4.239
2.274 4.176
2.925 4.234
3.715 4.397
4.519 4.256
5.669 4.572
6.574 6.004
4.547 8.908
1.819 8.611
1.0 4.176
1.111 4.176
1.431 4.213
1.828 4.176
2.352 4.176
3.031 4.278
3.808 4.184
4.883 4.176
6.291 4.285
7.891 5.133
7.734 7.007
3.094 9.023
1.237 5.495
1.0 4.21
1.225 4.21
1.564 4.176
2.013 4.241
2.552 4.177
3.282 4.28
4.121 4.347
5.07 4.429
6.092 5.563
5.103 8.881
2.041 9.199
1.0 4.176
1.088 4.176
1.401 4.222
1.785 4.176
2.297 4.176
2.96 4.176
3.815 4.25
4.826 4.222
6.136 4.307
7.641 5.691
6.127 8.637
2.451 8.819
1.0 4.294
1.065 4.294
1.327 4.176
1.704 4.176
2.196 4.176
2.83 4.176
3.647 4.196
4.677 4.275
5.877 4.231
7.449 5.296
6.931 7.606
2.773 10.084
1.109 4.536
1.04 4.176
1.325 4.176
1.707 4.293
2.136 4.176
2.743 4.176
3.535 4.419
4.283 4.214
5.427 4.67
6.133 5.25
5.689 6.966
2.276 8.534
1.0 4.229
1.097 4.176
1.412 4.176
1.819 4.176
2.345 4.176
3.022 4.176
3.895 4.176
5.02 4.176
6.471 4.176
8.341 4.711
9.333 6.539
4.817 9.463
1.927 7.429
1.0 4.176
1.158 4.176
1.493 4.277
1.876 4.176
2.41 4.176
3.106 4.176
4.004 4.255
5.06 4.325
6.266 5.03
6.338 6.862
2.539 9.034
1.016 6.109
1.0 4.176
1.211 4.176
1.561 4.176
2.012 4.176
2.593 4.176
3.342 4.257
4.221 4.462
5.043 4.522
5.888 4.483
6.934 5.887
5.08 8.365
2.032 7.711
1.0 4.176
1.147 4.176
1.479 4.176
1.906 4.176
2.456 4.273
3.09 4.176
3.971 4.205
5.081 4.176
6.544 4.328
8.12 5.216
7.733 8.132
3.093 9.392
1.237 4.432
1.236 4.176
1.58 4.176
2.036 4.176
2.624 4.176
3.382 4.176
4.36 4.322
5.417 4.215
6.884 4.272
8.654 4.824
9.34 7.0
3.736 9.848
1.494 7.363
1.0 4.176
1.161 4.176
1.496 4.176
1.929 4.176
2.486 4.343
3.072 4.268
3.849 4.294
4.803 4.446
5.756 4.807
6.202 6.163
3.919 8.677
1.568 7.142
1.0 4.176
1.17 4.176
1.508 4.199
1.932 4.176
2.489 4.176
3.208 4.176
4.135 4.176
5.33 4.417
6.462 4.596
7.405 5.92
5.314 8.74
2.126 8.194
1.0 4.176
1.128 4.176
1.454 4.259
1.835 4.176
2.359 4.251
2.985 4.358
3.665 4.38
4.46 4.33
5.494 4.651
6.219 6.735
2.837 9.437
1.135 6.853
1.0 4.176
1.182 4.176
1.523 4.176
1.963 4.176
2.529 4.2
3.241 4.248
4.1 4.212
5.226 4.176
6.729 4.333
8.338 5.277
7.776 7.683
3.111 9.495
1.244 4.431
1.238 4.176
1.583 4.176
2.04 4.176
2.629 4.176
3.389 4.176
4.368 4.196
5.602 4.182
7.207 4.412
8.748 4.932
9.091 7.458
3.637 9.765
1.455 4.954
1.19 4.176
1.496 4.184
1.924 4.176
2.48 4.192
3.184 4.176
4.102 4.176
5.287 4.176
6.816 4.345
8.42 4.341
10.356 5.206
9.89 7.397
3.956 9.539
1.582 5.668
1.0 4.176
1.229 4.176
1.584 4.176
2.042 4.188
2.624 4.176
3.381 4.355
4.166 4.269
5.218 4.962
5.403 7.642
2.161 9.907
1.0 5.068
1.0 4.183
1.251 4.183
1.609 4.176
2.073 4.176
2.672 4.176
3.445 4.474
4.114 4.384
4.982 4.542
5.8 5.673
4.631 8.501
1.852 9.881
1.0 4.176
1.06 4.176
1.367 4.176
1.761 4.176
2.27 4.258
2.866 4.176
3.685 4.218
4.701 4.317
5.84 4.42
7.042 5.776
5.425 7.845
2.17 8.415
1.0 4.239
1.099 4.239
1.392 4.176
1.79 4.235
2.274 4.176
2.925 4.223
3.727 4.224
4.74 4.232
6.016 4.423
7.269 6.199
4.622 9.055
1.849 7.984
1.0 4.176
1.136 4.176
1.465 4.176
1.887 4.176
2.433 4.251
3.077 4.176
3.957 4.176
5.101 4.249
6.457 4.289
8.073 5.263
7.58 7.387
3.032 9.585
1.213 5.077
1.0 4.176
1.253 4.176
1.615 4.176
2.081 4.176
2.682 4.215
3.424 4.251
4.326 4.176
5.564 4.29
6.971 4.98
7.172 7.241
2.869 10.174
1.148 5.286
1.0 4.176
1.244 4.176
1.604 4.176
2.067 4.176
2.664 4.176
3.434 4.176
4.426 4.176
5.706 4.418
6.916 5.102
6.812 7.397
2.725 9.365
1.09 4.609
1.028 4.176
1.308 4.176
1.685 4.176
2.172 4.176
2.8 4.237
3.555 4.176
4.574 4.226
5.823 4.401
7.079 5.741
5.538 8.176
2.215 9.106
1.0 4.254
1.067 4.203
1.362 4.24
1.727 4.237
2.188 4.252
2.762 4.242
3.494 4.176
4.494 4.383
5.497 4.726
6.08 6.31
3.578 9.025
1.431 8.065
1.0 4.176
1.133 4.176
1.46 4.176
1.882 4.176
2.426 4.176
3.127 4.353
3.855 4.176
4.941 4.228
6.288 4.693
7.059 6.377
4.012 9.197
1.605 7.744
1.0 4.176
1.146 4.176
1.477 4.176
1.904 4.176
2.453 4.176
3.162 4.176
4.076 4.177
5.253 4.27
6.614 4.431
7.964 5.791
6.095 8.671
2.438 9.049
1.0 4.257
1.068 4.176
1.373 4.176
1.77 4.176
2.281 4.176
2.939 4.222
3.746 4.176
4.821 4.244
6.111 4.715
6.813 5.151
6.523 7.183
2.609 8.233
1.044 4.176
1.176 4.176
1.515 4.176
1.953 4.176
2.518 4.176
3.245 4.332
4.022 4.176
5.16 4.176
6.652 4.29
8.334 4.443
9.999 5.846
7.474 8.086
2.989 9.126
1.196 4.176
1.304 4.176
1.681 4.176
2.167 4.176
2.794 4.176
3.601 4.176
4.642 4.176
5.984 4.176
7.715 4.354
9.509 4.558
11.037 5.698
8.719 8.482
3.488 9.514
1.395 4.866
1.194 4.246
1.479 4.215
1.884 4.246
2.384 4.206
3.044 4.204
3.893 4.176
5.014 4.176
6.464 4.194
8.296 4.259
10.471 5.17
10.155 7.256
4.062 9.521
1.625 6.266
1.0 4.176
1.205 4.176
1.554 4.176
2.003 4.176
2.581 4.211
3.299 4.176
4.248 4.176
5.477 4.235
6.958 4.956
7.228 7.118
2.891 9.526
1.156 5.734
1.0 4.176
1.227 4.176
1.581 4.176
2.038 4.176
2.627 4.177
3.386 4.176
4.365 4.176
5.627 4.548
6.589 5.18
6.292 7.758
2.517 9.366
1.007 4.926
1.0 4.305
1.218 4.227
1.544 4.176
1.987 4.253
2.513 4.228
3.19 4.202
4.079 4.231
5.183 4.965
5.37 7.433
2.148 9.48
1.0 5.241
1.0 4.19
1.242 4.19
1.594 4.176
2.054 4.176
2.648 4.176
3.414 4.41
4.147 4.402
5.009 4.4
6.055 5.726
4.767 8.411
1.907 8.455
1.0 4.176
1.118 4.176
1.441 4.176
1.857 4.176
2.394 4.193
3.073 4.183
3.952 4.297
4.941 4.237
6.251 4.483
7.433 5.295
6.846 7.343
2.738 9.095
1.095 5.468
1.0 4.176
1.237 4.203
1.584 4.182
2.037 4.176
2.626 4.329
3.257 4.244
4.108 4.309
5.111 4.62
5.84 6.132
3.793 9.486
1.517 7.675
1.0 4.204
1.14 4.204
1.458 4.508
1.724 4.176
2.199 4.176
2.834 4.176
3.654 4.312
4.552 4.179
5.839 5.039
5.924 7.151
2.37 9.347
1.0 5.288
1.0 4.176
1.244 4.176
1.604 4.176
2.067 4.176
2.665 4.176
3.435 4.176
4.428 4.317
5.51 4.282
6.887 5.647
5.627 8.505
2.251 9.075
1.0 4.176
1.093 4.176
1.409 4.176
1.816 4.176
2.34 4.176
3.017 4.176
3.889 4.176
5.013 4.382
6.134 4.343
7.531 5.219
7.161 7.51
2.864 8.917
1.146 4.215
1.245 4.176
1.603 4.176
2.066 4.176
2.664 4.227
3.391 4.176
4.364 4.176
5.626 4.393
6.865 4.321
8.474 4.964
8.752 6.62
4.205 9.105
1.682 7.376
1.0 4.176
1.161 4.176
1.496 4.176
1.929 4.176
2.486 4.176
3.205 4.176
4.132 4.176
5.327 4.331
6.605 4.44
7.92 5.708
6.268 8.72
2.507 9.623
1.003 4.388
1.007 4.176
1.289 4.192
1.655 4.176
2.132 4.176
2.748 4.234
3.492 4.176
4.493 4.269
5.659 4.422
6.832 5.07
6.799 7.374
2.719 9.582
1.088 4.176
1.167 4.176
1.504 4.176
1.939 4.176
2.499 4.176
3.222 4.266
4.061 4.258
5.115 4.253
6.452 4.345
7.951 4.575
9.189 6.237
5.677 8.876
2.271 8.684
1.0 4.176
1.109 4.176
1.429 4.176
1.842 4.202
2.359 4.336
2.919 4.308
3.621 4.364
4.433 4.402
5.363 4.591
6.157 5.83
4.597 8.215
1.839 7.682
1.0 4.178
1.148 4.262
1.448 4.176
1.862 4.176
2.4 4.176
3.094 4.176
3.989 4.26
5.036 4.52
5.925 4.781
6.417 6.557
3.259 9.133
1.303 7.837
1.0 4.176
1.142 4.176
1.473 4.176
1.898 4.176
2.447 4.176
3.154 4.176
4.066 4.458
4.877 4.233
6.144 4.917
6.459 6.813
2.719 9.219
1.087 5.862
1.0 4.176
1.222 4.176
1.575 4.176
2.03 4.176
2.616 4.176
3.373 4.183
4.34 4.181
5.587 4.312
6.96 5.323
6.397 7.826
2.559 9.398
1.023 5.459
1.0 4.224
1.222 4.224
1.555 4.194
1.992 4.233
2.53 4.243
3.202 4.178
4.117 4.256
5.202 4.502
6.151 4.925
6.384 6.825
2.661 9.135
1.064 6.081
1.0 4.176
1.213 4.176
1.563 4.176
2.015 4.22
2.569 4.176
3.307 4.212
4.226 4.176
5.442 4.176
7.016 5.4
6.314 7.612
2.525 8.992
1.01 4.417
1.03 4.176
1.318 4.176
1.699 4.176
2.19 4.176
2.823 4.21
3.609 4.25
4.562 4.206
5.825 4.623
6.674 6.215
4.158 8.878
1.663 8.131
1.0 4.176
1.131 4.176
1.458 4.176
1.879 4.176
2.422 4.176
3.122 4.176
4.025 4.176
5.189 4.237
6.589 4.435
7.935 5.019
8.021 7.427
3.208 10.007
1.283 5.859
1.0 4.254
1.197 4.254
1.509 4.176
1.941 4.176
2.502 4.234
3.179 4.176
4.091 4.365
5.028 4.446
6.012 4.361
7.332 5.629
6.01 8.185
2.404 9.751
1.0 4.42
1.0 4.176
1.279 4.176
1.649 4.224
2.1 4.235
2.664 4.245
3.369 4.315
4.185 4.257
5.264 4.402
6.391 5.89
4.698 8.693
1.879 8.775
1.0 4.176
1.105 4.237
1.403 4.185
1.801 4.176
2.32 4.176
2.991 4.176
3.856 4.18
4.966 4.28
6.237 4.27
7.828 5.043
7.904 7.124
3.161 9.644
1.265 6.012
1.0 4.176
1.215 4.176
1.567 4.176
2.019 4.176
2.603 4.176
3.356 4.252
4.245 4.194
5.435 4.372
6.664 4.552
7.742 5.618
6.314 8.48
2.526 9.201
1.01 4.176
1.099 4.176
1.417 4.176
1.826 4.176
2.354 4.176
3.034 4.176
3.911 4.176
5.042 4.48
6.013 4.465
7.126 5.22
6.738 7.443
2.695 9.501
1.078 4.525
1.04 4.176
1.326 4.176
1.71 4.176
2.204 4.222
2.809 4.176
3.616 4.176
4.661 4.176
6.009 4.334
7.445 5.518
6.374 8.08
2.549 9.893
1.02 5.078
1.0 4.176
1.253 4.176
1.615 4.176
2.082 4.176
2.683 4.176
3.459 4.287
4.337 4.309
5.388 4.597
6.196 6.28
3.737 9.293
1.495 7.233
1.0 4.176
1.167 4.176
1.504 4.176
1.938 4.253
2.451 4.176
3.152 4.176
4.063 4.583
4.712 4.477
5.546 5.398
4.928 7.538
1.971 8.544
1.0 4.676
1.0 4.176
1.269 4.176
1.636 4.176
2.108 4.231
2.681 4.355
3.297 4.425
3.966 4.468
4.705 5.092
4.639 7.015
1.856 9.395
1.0 4.307
1.038 4.25
1.309 4.238
1.657 4.252
2.092 4.176
2.69 4.181
3.464 4.196
4.442 4.324
5.514 4.837
5.917 7.613
2.367 9.719
1.0 5.9
1.0 4.176
1.22 4.176
1.572 4.176
2.027 4.176
2.612 4.176
3.368 4.176
4.341 4.216
5.541 5.197
5.335 7.585
2.134 10.59
1.0 5.601
1.0 4.176
1.232 4.176
1.588 4.176
2.046 4.176
2.637 4.176
3.4 4.176
4.382 4.315
5.455 4.321
6.749 5.389
6.058 8.458
2.423 10.712
1.0 4.176
1.027 4.176
1.324 4.258
1.672 4.176
2.149 4.176
2.77 4.3
3.461 4.238
4.376 4.22
5.568 4.415
6.744 5.24
6.346 7.884
2.539 9.138
1.015 4.785
1.0 4.176
1.264 4.176
1.63 4.176
2.1 4.281
2.637 4.212
3.357 4.298
4.192 4.317
5.195 4.286
6.486 5.12
6.385 7.388
2.554 9.866
1.022 6.497
1.0 4.206
1.186 4.206
1.516 4.176
1.952 4.176
2.516 4.176
3.243 4.258
4.095 4.176
5.265 4.313
6.557 4.759
7.2 5.571
5.918 8.106
2.367 8.868
1.0 4.176
1.101 4.176
1.419 4.176
1.829 4.176
2.357 4.176
3.038 4.176
3.916 4.212
5.002 4.176
6.44 4.333
7.98 4.957
8.254 6.723
3.696 9.39
1.478 6.029
1.0 4.176
1.215 4.176
1.565 4.176
2.018 4.176
2.601 4.176
3.352 4.176
4.32 4.262
5.451 4.404
6.612 4.826
7.096 6.774
3.099 9.546
1.24 6.878
1.0 4.176
1.181 4.176
1.522 4.176
1.961 4.193
2.517 4.176
3.243 4.176
4.179 4.441
5.035 4.532
5.866 5.465
5.073 8.105
2.029 9.524
1.0 4.176
1.075 4.176
1.385 4.176
1.785 4.202
2.286 4.276
2.871 4.205
3.663 4.508
4.33 4.352
5.281 4.535
6.167 5.702
4.868 8.601
1.947 8.326
1.0 4.176
1.123 4.176
1.447 4.176
1.865 4.179
2.402 4.176
3.095 4.176
3.989 4.267
5.026 4.19
6.438 4.457
7.72 4.954
7.954 6.96
3.182 9.522
1.273 6.21
1.0 4.176
1.207 4.176
1.556 4.176
2.006 4.176
2.585 4.216
3.299 4.306
4.11 4.308
5.104 4.266
6.405 4.38
7.818 5.492
6.742 8.084
2.697 9.477
1.079 4.176
1.161 4.176
1.497 4.176
1.929 4.176
2.486 4.251
3.145 4.176
4.045 4.302
5.051 4.241
6.381 4.246
8.066 5.422
7.179 8.716
2.872 10.396
1.149 4.764
1.0 4.176
1.265 4.176
1.631 4.176
2.101 4.176
2.708 4.229
3.445 4.177
4.432 4.227
5.64 4.31
7.018 4.457
8.381 5.945
5.994 8.975
2.398 8.94
1.0 4.176
1.098 4.176
1.415 4.176
1.824 4.176
2.351 4.176
3.03 4.243
3.84 4.202
4.907 4.176
6.32 4.176
8.146 5.037
8.27 6.74
3.631 9.337
