1.0 5.772
1.0 5.772
1.0 4.932
1.0 4.932
1.003 4.26
1.234 4.176
1.596 4.326
2.002 4.724
2.248 8.212
1.0 9.961
1.0 4.176
1.03 4.272
1.273 4.176
1.617 4.232
2.038 4.238
2.568 4.176
3.297 4.496
3.913 5.588
3.228 8.603
1.291 8.891
1.0 4.176
1.08 4.176
1.375 4.176
1.754 4.176
2.242 4.176
2.872 4.176
3.686 4.376
4.504 4.297
5.588 4.685
6.266 7.041
2.506 9.705
1.003 6.399
1.0 4.176
1.187 4.176
1.516 4.176
1.94 4.176
2.486 4.176
3.19 4.176
4.098 4.176
5.27 4.405
6.401 4.639
7.244 6.755
3.238 9.671
1.295 8.479
1.0 4.176
1.104 4.176
1.411 4.176
1.806 4.209
2.294 4.261
2.876 4.253
3.61 4.245
4.545 4.378
5.537 5.104
5.437 7.068
2.175 8.963
1.0 4.703
1.0 4.183
1.257 4.183
1.609 4.176
2.063 4.235
2.61 4.244
3.291 4.259
4.135 4.243
5.218 4.731
5.78 6.345
3.317 9.372
1.327 7.168
1.0 4.176
1.161 4.176
1.489 4.176
1.91 4.184
2.448 4.176
3.144 4.243
3.974 4.492
4.701 4.295
5.811 5.456
5.082 7.96
2.033 9.478
1.0 4.176
1.07 4.176
1.372 4.176
1.76 4.176
2.26 4.176
2.904 4.176
3.733 4.384
4.553 4.176
5.821 4.703
6.516 6.207
4.035 9.051
1.614 8.75
1.0 4.176
1.099 4.176
1.41 4.176
1.809 4.176
2.322 4.19
2.973 4.252
3.747 4.253
4.714 4.176
6.049 4.389
7.374 5.441
6.458 7.696
2.583 10.096
1.033 4.324
1.032 4.176
1.318 4.176
1.692 4.176
2.174 4.176
2.793 4.192
3.577 4.176
4.597 4.176
5.915 4.885
6.277 5.725
4.805 8.156
1.922 7.934
1.0 4.176
1.134 4.176
1.456 4.219
1.851 4.176
2.376 4.176
3.055 4.206
3.901 4.316
4.841 4.21
6.152 4.351
7.571 5.747
5.911 8.381
2.364 9.215
1.0 4.176
1.083 4.176
1.391 4.221
1.768 4.286
2.208 4.176
2.83 4.304
3.525 4.199
4.492 4.245
5.68 4.176
7.299 5.259
6.884 7.622
2.754 10.205
1.102 5.497
1.0 4.176
1.232 4.176
1.583 4.176
2.035 4.197
2.603 4.196
3.329 4.234
4.22 4.233
5.344 4.274
6.701 5.246
6.32 7.934
2.528 9.578
1.011 5.519
1.0 4.277
1.199 4.241
1.511 4.176
1.938 4.176
2.492 4.437
2.998 4.355
3.654 4.176
4.676 4.409
5.672 4.659
6.376 7.019
2.551 9.911
1.02 7.115
1.0 4.176
1.167 4.176
1.499 4.176
1.926 4.176
2.476 4.176
3.184 4.176
4.095 4.277
5.136 4.176
6.589 4.338
8.14 5.678
6.535 8.612
2.614 9.06
1.046 4.176
1.139 4.176
1.464 4.176
1.881 4.176
2.419 4.2
3.092 4.292
3.86 4.176
4.948 4.176
6.368 4.392
7.759 4.52
9.073 6.052
6.14 9.279
2.456 9.23
1.0 4.176
1.083 4.176
1.391 4.176
1.788 4.301
2.228 4.253
2.799 4.228
3.545 4.176
4.554 4.199
5.826 4.436
7.011 5.528
5.936 8.076
2.374 9.534
1.0 4.488
1.0 4.176
1.273 4.176
1.636 4.176
2.104 4.206
2.685 4.213
3.419 4.176
4.394 4.176
5.654 4.595
6.524 6.515
3.432 8.747
1.373 6.967
1.0 4.176
1.174 4.176
1.509 4.176
1.94 4.176
2.496 4.176
3.211 4.229
4.077 4.294
5.085 4.632
5.784 6.201
3.613 9.233
1.445 8.617
1.0 4.176
1.107 4.176
1.423 4.176
1.83 4.176
2.353 4.176
3.026 4.176
3.892 4.22
4.953 4.189
6.344 5.038
6.421 6.686
2.914 9.212
1.166 5.932
1.0 4.192
1.21 4.192
1.549 4.176
1.991 4.176
2.56 4.229
3.251 4.176
4.175 4.176
5.373 4.28
6.738 4.688
7.548 6.396
4.23 8.838
1.692 6.838
1.0 4.176
1.179 4.176
1.517 4.247
1.917 4.207
2.441 4.268
3.067 4.285
3.829 4.321
4.735 4.291
5.895 5.575
4.938 8.327
1.975 9.941
1.0 4.176
1.055 4.176
1.356 4.176
1.744 4.176
2.244 4.207
2.864 4.306
3.563 4.215
4.523 4.284
5.658 5.067
5.655 7.075
2.262 10.194
1.0 6.048
1.0 4.259
1.184 4.259
1.487 4.197
1.898 4.176
2.439 4.176
3.137 4.176
4.036 4.176
5.194 4.3
6.479 4.589
7.456 6.265
4.518 9.127
1.807 8.686
1.0 4.187
1.102 4.187
1.412 4.176
1.815 4.176
2.334 4.176
3.002 4.255
3.786 4.176
4.859 4.222
6.181 4.32
7.661 5.402
6.828 7.536
2.731 9.209
1.092 5.726
1.0 4.176
1.224 4.176
1.573 4.176
2.024 4.176
2.603 4.176
3.348 4.201
4.282 4.209
5.461 4.602
6.28 5.673
4.985 8.524
1.994 8.272
1.0 4.176
1.122 4.176
1.443 4.176
1.855 4.176
2.387 4.246
3.017 4.176
3.874 4.256
4.886 4.295
6.088 4.358
7.455 5.231
7.04 7.798
2.816 9.317
1.126 4.461
1.115 4.176
1.421 4.176
1.828 4.176
2.352 4.176
3.026 4.176
3.894 4.243
4.929 4.176
6.331 4.201
8.1 4.406
9.829 5.496
8.438 8.303
3.375 9.542
1.35 5.158
1.025 4.176
1.278 4.25
1.614 4.176
2.072 4.176
2.666 4.248
3.369 4.189
4.313 4.444
5.182 4.411
6.228 4.897
6.531 7.201
2.612 9.943
1.045 6.083
1.0 4.176
1.21 4.176
1.556 4.196
1.992 4.176
2.562 4.176
3.297 4.237
4.179 4.176
5.368 4.518
6.327 4.322
7.764 6.122
5.144 8.918
2.058 8.39
1.0 4.176
1.118 4.176
1.438 4.176
1.85 4.176
2.38 4.244
3.011 4.396
3.656 4.176
4.674 4.176
6.016 4.603
6.928 6.043
4.686 8.6
1.874 8.326
1.0 4.176
1.12 4.176
1.441 4.176
1.854 4.176
2.386 4.197
3.054 4.176
3.929 4.226
4.994 4.176
6.419 4.577
7.446 4.883
7.793 7.277
3.117 9.769
1.247 6.069
1.0 4.176
1.211 4.176
1.558 4.176
2.004 4.238
2.54 4.304
3.159 4.241
3.984 4.295
4.967 4.434
5.964 5.466
5.169 7.698
2.068 9.692
1.0 4.325
1.018 4.176
1.304 4.176
1.678 4.176
2.159 4.282
2.705 4.192
3.457 4.176
4.447 4.176
5.725 4.27
7.2 5.389
6.465 7.84
2.586 9.282
1.034 4.692
1.0 4.176
1.266 4.176
1.629 4.176
2.096 4.176
2.698 4.176
3.473 4.369
4.257 4.303
5.276 4.499
6.224 6.164
3.997 9.039
1.599 8.05
1.0 4.302
1.091 4.302
1.355 4.176
1.737 4.217
2.212 4.176
2.844 4.21
3.629 4.214
4.623 4.426
5.577 4.848
5.932 7.108
2.373 9.816
1.0 7.032
1.0 4.176
1.172 4.176
1.508 4.176
1.94 4.176
2.496 4.176
3.212 4.176
4.134 4.345
5.099 4.176
6.53 4.608
7.509 6.072
5.008 8.478
2.003 7.266
1.0 4.176
1.163 4.176
1.496 4.176
1.926 4.176
2.478 4.176
3.19 4.428
3.85 4.277
4.794 4.513
5.638 4.477
6.644 4.855
7.039 6.911
2.816 9.707
1.126 6.359
1.0 4.176
1.199 4.176
1.543 4.176
1.986 4.25
2.509 4.222
3.185 4.418
3.849 4.241
4.839 4.176
6.217 4.665
7.038 5.281
6.45 7.597
2.58 9.487
1.032 6.049
1.0 4.176
1.212 4.202
1.549 4.176
1.992 4.225
2.532 4.176
3.255 4.176
4.189 4.397
5.099 4.264
6.376 4.756
7.011 6.264
4.207 8.946
1.683 7.227
1.0 4.176
1.165 4.176
1.499 4.176
1.929 4.176
2.482 4.228
3.154 4.396
3.833 4.311
4.736 4.251
5.959 4.698
6.666 6.758
2.969 9.74
1.188 6.592
1.0 4.176
1.19 4.176
1.531 4.176
1.971 4.176
2.537 4.244
3.21 4.241
4.057 4.176
5.212 4.299
6.507 4.553
7.566 5.745
5.852 8.625
2.341 9.291
1.0 4.184
1.08 4.184
1.386 4.176
1.783 4.237
2.26 4.176
2.904 4.176
3.738 4.176
4.812 4.18
6.189 4.176
7.968 5.064
8.01 7.072
3.204 9.858
1.282 6.958
1.0 4.176
1.175 4.205
1.502 4.176
1.931 4.176
2.485 4.176
3.199 4.215
4.078 4.251
5.146 4.508
6.066 5.213
5.728 7.625
2.291 8.693
1.0 4.176
1.106 4.176
1.424 4.176
1.832 4.234
2.324 4.176
2.987 4.191
3.831 4.176
4.93 4.176
6.347 4.518
7.483 5.162
7.186 7.749
2.875 9.352
1.15 4.404
1.158 4.176
1.48 4.235
1.878 4.176
2.412 4.176
3.106 4.191
3.984 4.176
5.127 4.194
6.573 4.565
7.646 4.627
8.631 6.079
5.735 8.893
2.294 7.906
1.0 4.176
1.138 4.176
1.465 4.176
1.885 4.176
2.427 4.176
3.125 4.243
3.957 4.294
4.937 4.374
6.023 5.205
5.737 7.325
2.295 9.625
1.0 5.554
1.0 4.176
1.232 4.227
1.566 4.336
1.933 4.316
2.39 4.249
3.008 4.176
3.864 4.259
4.873 4.176
6.259 4.424
7.567 5.832
5.684 8.376
2.274 8.448
1.0 4.176
1.116 4.176
1.437 4.208
1.835 4.176
2.36 4.176
3.039 4.176
3.913 4.314
4.867 4.331
6.001 4.527
7.022 5.703
5.534 8.256
2.214 8.76
1.0 4.176
1.104 4.176
1.421 4.176
1.829 4.176
2.355 4.176
3.033 4.22
3.863 4.176
4.968 4.228
6.315 4.504
7.462 5.792
5.677 8.576
2.271 9.23
1.0 4.176
1.085 4.176
1.397 4.176
1.798 4.176
2.315 4.176
2.981 4.176
3.838 4.286
4.809 4.27
6.028 4.51
7.101 5.542
5.965 8.333
2.386 9.581
1.0 4.421
1.0 4.176
1.277 4.176
1.645 4.205
2.102 4.176
2.704 4.176
3.482 4.176
4.484 4.176
5.774 4.349
7.119 5.504
6.113 7.89
2.445 9.846
1.0 5.529
1.0 4.176
1.233 4.176
1.587 4.176
2.043 4.176
2.631 4.234
3.339 4.176
4.291 4.176
5.526 4.251
6.985 5.043
7.049 7.818
2.819 9.764
1.128 4.752
1.0 4.248
1.241 4.248
1.566 4.176
2.012 4.209
2.569 4.176
3.304 4.442
3.975 4.286
4.937 4.83
5.31 6.084
3.477 8.876
1.391 9.156
1.0 4.176
1.088 4.176
1.4 4.18
1.801 4.176
2.318 4.225
2.947 4.176
3.789 4.255
4.783 4.305
5.948 4.296
7.401 6.008
5.183 8.822
2.073 8.786
1.0 4.176
1.103 4.176
1.419 4.176
1.827 4.176
2.352 4.176
3.028 4.236
3.84 4.176
4.935 4.176
6.355 4.551
7.425 5.871
5.447 8.625
2.179 8.145
1.0 4.176
1.128 4.176
1.452 4.176
1.87 4.176
2.407 4.176
3.099 4.176
3.99 4.282
5.003 4.176
6.421 4.618
7.366 6.666
3.522 9.45
1.409 8.174
1.0 4.176
1.127 4.176
1.451 4.176
1.867 4.176
2.404 4.331
2.976 4.238
3.755 4.37
4.593 4.255
5.763 4.779
6.297 6.395
3.512 9.518
1.405 7.962
1.0 4.176
1.136 4.2
1.453 4.176
1.869 4.176
2.405 4.176
3.096 4.245
3.918 4.176
5.033 4.344
6.212 4.447
7.421 5.895
5.417 8.811
2.167 8.781
1.0 4.176
1.103 4.176
1.419 4.176
1.827 4.176
2.351 4.254
2.969 4.176
3.813 4.176
4.908 4.192
6.295 4.669
7.114 5.769
5.415 8.486
2.166 9.374
1.0 4.176
1.079 4.176
1.389 4.176
1.787 4.199
2.288 4.176
2.943 4.176
3.788 4.366
4.648 4.392
5.63 4.443
6.722 5.319
6.139 7.943
2.456 9.599
1.0 4.739
1.0 4.176
1.264 4.176
1.628 4.198
2.084 4.176
2.68 4.257
3.381 4.251
4.261 4.4
5.17 4.846
5.508 6.244
3.321 9.247
1.329 8.483
1.0 4.176
1.115 4.176
1.434 4.204
1.833 4.176
2.358 4.327
2.921 4.263
3.662 4.182
4.694 4.234
5.955 4.671
6.716 6.811
2.885 9.433
1.154 6.457
1.0 4.176
1.196 4.176
1.539 4.176
1.98 4.176
2.549 4.244
3.226 4.248
4.07 4.228
5.161 4.193
6.605 4.43
7.966 5.786
6.096 8.498
2.438 8.715
1.0 4.186
1.102 4.186
1.415 4.223
1.799 4.234
2.279 4.208
2.905 4.176
3.736 4.218
4.76 4.358
5.845 4.588
6.716 6.116
4.393 8.903
1.757 8.612
1.0 4.176
1.109 4.176
1.428 4.176
1.838 4.176
2.365 4.249
2.99 4.205
3.812 4.176
4.904 4.348
6.045 4.231
7.635 5.531
6.523 8.555
2.609 9.486
1.044 4.983
1.0 4.176
1.255 4.176
1.615 4.176
2.078 4.176
2.675 4.176
3.443 4.27
4.33 4.201
5.523 4.357
6.787 5.65
5.507 8.586
2.203 9.216
1.0 4.176
1.085 4.176
1.397 4.176
1.798 4.176
2.314 4.176
2.978 4.176
3.834 4.241
4.856 4.188
6.22 4.334
7.692 5.286
7.139 7.776
2.856 9.575
1.142 4.799
1.0 4.258
1.236 4.176
1.587 4.176
2.042 4.354
2.513 4.176
3.217 4.415
3.897 4.358
4.754 4.675
5.332 6.655
2.554 8.647
1.022 5.863
1.0 4.176
1.22 4.176
1.57 4.176
2.021 4.176
2.601 4.234
3.3 4.176
4.241 4.176
5.46 4.428
6.592 4.827
7.057 6.255
4.236 9.153
1.694 7.331
1.0 4.176
1.161 4.176
1.494 4.176
1.923 4.176
2.476 4.212
3.159 4.201
4.037 4.323
5.005 4.42
6.026 4.712
6.673 6.164
4.229 8.486
1.692 7.825
1.0 4.176
1.141 4.176
1.469 4.176
1.891 4.176
2.434 4.176
3.133 4.176
4.034 4.176
5.194 4.188
6.668 4.586
7.713 5.234
7.21 6.983
2.884 8.861
1.154 4.201
1.26 4.176
1.62 4.176
2.086 4.246
2.639 4.239
3.338 4.214
4.249 4.322
5.267 4.204
6.705 4.385
8.181 5.145
7.946 7.041
3.179 9.092
1.271 6.024
1.0 4.176
1.213 4.176
1.562 4.176
2.011 4.176
2.59 4.272
3.255 4.176
4.179 4.228
5.313 4.423
6.414 4.484
7.568 5.768
5.821 8.564
2.329 9.182
1.0 4.263
1.059 4.263
1.331 4.176
1.709 4.176
2.2 4.176
2.833 4.176
3.648 4.185
4.687 4.176
6.034 4.607
6.944 6.063
4.655 8.299
1.862 8.553
1.0 4.176
1.112 4.176
1.432 4.176
1.844 4.192
2.364 4.176
3.043 4.353
3.747 4.237
4.726 4.176
6.075 4.303
7.578 5.463
6.619 7.705
2.648 10.029
1.059 4.176
1.115 4.176
1.436 4.176
1.849 4.176
2.381 4.23
3.025 4.176
3.888 4.176
5.007 4.268
6.302 4.396
7.652 4.674
8.576 6.126
5.556 8.807
2.222 8.759
1.0 4.176
1.104 4.176
1.421 4.176
1.83 4.176
2.357 4.218
3.003 4.198
3.841 4.176
4.943 4.203
6.323 4.366
7.755 5.322
7.102 7.689
2.841 10.034
1.136 4.862
1.0 4.176
1.26 4.176
1.622 4.234
2.059 4.194
2.635 4.245
3.333 4.176
4.283 4.203
5.479 4.35
6.747 5.019
6.833 6.991
2.733 8.563
1.093 4.921
1.0 4.176
1.258 4.176
1.62 4.176
2.086 4.176
2.686 4.243
3.402 4.176
4.372 4.198
5.601 4.581
6.487 6.025
4.436 8.755
1.774 8.811
1.0 4.22
1.088 4.176
1.399 4.199
1.791 4.208
2.287 4.176
2.942 4.186
3.78 4.176
4.866 4.232
6.181 4.567
7.178 5.907
5.182 8.679
2.073 7.719
1.0 4.176
1.146 4.176
1.476 4.176
1.9 4.176
2.447 4.176
3.151 4.176
4.058 4.176
5.227 4.451
6.275 4.293
7.78 5.125
7.637 7.26
3.055 9.262
1.222 4.586
1.166 4.176
1.482 4.176
1.908 4.176
2.458 4.176
3.165 4.176
4.077 4.248
5.158 4.24
6.524 4.325
8.078 4.846
8.636 6.341
4.947 9.239
1.979 7.985
1.0 4.176
1.135 4.176
1.462 4.176
1.883 4.213
2.403 4.176
3.091 4.176
3.981 4.284
4.991 4.342
6.144 4.647
6.953 6.459
3.777 9.759
1.511 7.819
1.0 4.176
1.142 4.176
1.47 4.199
1.883 4.176
2.423 4.176
3.121 4.176
4.019 4.286
5.036 4.176
6.464 4.644
7.365 6.224
4.551 8.75
1.821 7.786
1.0 4.176
1.143 4.176
1.472 4.176
1.896 4.176
2.442 4.176
3.145 4.176
4.05 4.176
5.217 4.53
6.132 4.289
7.592 5.417
6.748 7.669
2.699 9.16
1.08 4.981
1.0 4.176
1.256 4.176
1.617 4.176
2.082 4.176
2.682 4.297
3.351 4.21
4.264 4.176
5.486 4.417
6.647 5.176
6.384 8.061
2.554 9.636
1.021 5.004
1.0 4.176
1.255 4.176
1.616 4.176
2.081 4.176
2.68 4.176
3.452 4.176
4.446 4.176
5.726 4.263
7.218 5.466
6.311 7.848
2.525 9.564
1.01 4.986
1.0 4.176
1.255 4.176
1.617 4.176
2.082 4.176
2.681 4.176
3.454 4.221
4.399 4.329
5.444 4.89
5.743 6.834
2.379 9.643
1.0 6.382
1.0 4.176
1.199 4.176
1.545 4.176
1.989 4.176
2.562 4.176
3.299 4.226
4.197 4.449
5.033 4.211
6.372 4.77
6.995 6.358
3.99 9.112
1.596 7.263
1.0 4.176
1.164 4.176
1.499 4.176
1.931 4.176
2.487 4.194
3.188 4.257
4.022 4.524
4.722 4.394
5.689 5.132
5.549 7.596
2.22 9.646
1.0 5.788
1.0 4.176
1.223 4.176
1.575 4.176
2.028 4.176
2.612 4.176
3.364 4.176
4.333 4.312
5.393 4.278
6.742 5.124
6.624 8.272
2.65 9.931
1.06 4.176
1.121 4.176
1.443 4.176
1.858 4.176
2.393 4.176
3.082 4.222
3.924 4.176
5.047 4.176
6.501 4.176
8.373 4.649
9.526 5.741
7.349 7.855
2.94 8.884
1.176 4.176
1.293 4.283
1.621 4.227
2.054 4.176
2.641 4.249
3.34 4.224
4.241 4.227
5.386 4.191
6.901 4.452
8.279 5.184
7.919 7.716
3.168 9.52
1.267 4.652
1.169 4.176
1.483 4.275
1.864 4.176
2.393 4.204
3.06 4.176
3.938 4.176
5.073 4.265
6.391 4.176
8.209 4.593
9.486 5.244
8.84 7.464
3.536 9.316
1.414 6.312
1.0 4.176
1.202 4.176
1.548 4.192
1.986 4.238
2.518 4.176
3.237 4.212
4.132 4.357
5.079 4.399
6.145 5.206
5.848 7.69
2.339 10.03
1.0 5.329
1.0 4.176
1.242 4.176
1.599 4.176
2.059 4.176
2.652 4.205
3.391 4.178
4.362 4.25
5.516 4.568
6.401 5.519
5.411 8.08
2.164 8.794
1.0 4.176
1.103 4.176
1.421 4.239
1.801 4.176
2.315 4.328
2.87 4.337
3.532 4.244
4.45 4.176
5.72 4.65
6.505 6.474
3.502 9.14
1.401 8.312
1.0 4.209
1.112 4.274
1.396 4.176
1.792 4.176
2.308 4.176
2.972 4.18
3.824 4.205
4.889 4.208
6.242 4.907
6.581 6.551
3.314 9.353
1.325 6.633
1.0 4.176
1.189 4.28
1.492 4.176
1.916 4.176
2.467 4.176
3.178 4.176
4.093 4.309
5.098 4.38
6.209 5.712
4.914 8.404
1.966 9.301
1.0 4.176
1.083 4.176
1.394 4.176
1.795 4.176
2.312 4.249
2.924 4.43
3.521 4.237
4.431 4.232
5.618 4.355
6.904 5.558
5.809 8.515
2.323 9.787
1.0 4.423
1.0 4.176
1.278 4.176
1.646 4.176
2.119 4.221
2.699 4.176
3.471 4.593
4.01 4.436
4.766 4.782
5.17 5.934
3.643 8.138
1.457 7.182
1.0 4.176
1.167 4.176
1.503 4.252
1.9 4.23
2.408 4.262
3.03 4.176
3.893 4.176
5.014 4.322
6.225 4.979
6.392 6.943
2.557 9.685
1.023 6.745
1.0 4.176
1.185 4.176
1.526 4.243
1.932 4.207
2.464 4.176
3.171 4.176
4.084 4.358
5.023 4.404
6.069 4.533
7.072 6.189
4.481 9.105
1.792 9.004
1.0 4.2
1.087 4.176
1.398 4.176
1.801 4.176
2.319 4.176
2.986 4.176
3.846 4.176
4.953 4.176
6.38 4.387
7.789 5.222
7.375 7.446
2.95 9.595
1.18 4.863
1.006 4.176
1.268 4.176
1.632 4.176
2.102 4.193
2.696 4.176
3.47 4.263
4.373 4.24
5.528 4.336
6.825 5.38
6.134 7.931
2.453 9.833
1.0 5.636
1.0 4.215
1.217 4.215
1.55 4.176
1.993 4.176
2.567 4.176
3.306 4.27
4.159 4.176
5.341 4.454
6.406 4.67
7.173 6.034
4.859 8.632
1.943 8.174
1.0 4.176
1.128 4.176
1.452 4.176
1.87 4.176
2.408 4.176
3.101 4.176
3.994 4.335
4.942 4.264
6.195 4.539
7.243 5.471
6.24 8.041
2.496 9.499
1.0 5.227
1.0 4.176
1.246 4.176
1.604 4.176
2.066 4.183
2.655 4.176
3.419 4.176
4.403 4.176
5.671 4.531
6.664 5.715
5.226 8.2
2.091 8.164
1.0 4.236
1.109 4.236
1.404 4.176
1.805 4.176
2.325 4.203
2.974 4.176
3.827 4.19
4.912 4.69
5.52 4.682
6.108 6.206
3.8 8.867
1.52 7.199
1.0 4.249
1.144 4.249
1.443 4.176
1.854 4.176
2.387 4.26
3.011 4.274
3.774 4.196
4.821 4.462
5.767 5.17
5.539 7.546
2.216 9.833
1.0 5.537
1.0 4.176
1.233 4.176
1.588 4.176
2.045 4.25
2.585 4.176
3.322 4.211
4.241 4.333
5.245 4.55
6.098 5.516
5.164 7.62
2.066 9.357
1.0 4.246
1.058 4.194
1.354 4.176
1.742 4.176
2.243 4.176
2.889 4.176
3.721 4.176
4.792 4.267
6.033 4.583
6.968 5.955
4.919 8.463
1.968 9.118
1.0 4.176
1.09 4.176
1.404 4.176
1.807 4.258
2.28 4.2
2.912 4.3
3.632 4.176
4.66 4.265
5.87 4.562
6.819 6.366
3.928 8.934
1.571 6.416
1.0 4.176
1.198 4.176
1.543 4.228
1.961 4.176
2.522 4.176
3.248 4.176
4.183 4.243
5.298 4.176
6.81 4.938
7.121 6.698
3.244 9.494
1.297 6.974
1.0 4.176
1.176 4.176
1.514 4.229
1.924 4.176
2.474 4.176
3.186 4.176
4.104 4.19
5.267 4.342
6.503 5.329
5.948 8.158
2.379 10.138
1.0 5.452
1.0 4.176
1.237 4.176
1.592 4.176
2.051 4.176
2.641 4.176
3.401 4.222
4.33 4.252
5.464 4.36
6.701 5.182
6.437 7.87
2.575 9.238
1.03 5.191
1.0 4.254
1.222 4.254
1.54 4.286
1.924 4.176
2.469 4.176
3.18 4.176
4.096 4.375
5.015 4.332
6.171 4.992
6.308 6.824
2.606 9.542
1.042 6.539
1.0 4.25
1.17 4.25
1.475 4.176
1.895 4.177
2.44 4.193
3.129 4.401
3.803 4.176
4.864 4.199
6.229 4.541
7.294 5.417
6.409 7.775
2.563 8.687
1.025 4.176
1.135 4.176
1.462 4.254
1.847 4.176
2.372 4.176
3.055 4.176
3.935 4.392
4.797 4.537
5.586 4.483
6.569 5.323
5.984 7.881
2.394 9.495
1.0 4.788
1.0 4.189
1.259 4.176
1.621 4.205
2.072 4.247
2.62 4.176
3.366 4.388
4.108 4.329
5.057 4.651
5.718 5.857
4.199 8.181
1.68 8.038
1.0 4.176
1.133 4.176
1.459 4.182
1.877 4.176
2.416 4.176
3.112 4.248
3.936 4.176
5.059 4.342
6.248 4.322
7.716 5.718
6.11 8.226
2.444 9.174
1.0 4.213
1.076 4.176
1.384 4.176
1.782 4.176
2.296 4.359
2.823 4.176
3.615 4.176
4.656 4.243
5.897 4.438
7.089 5.598
5.85 8.043
2.34 8.793
1.0 4.176
1.103 4.176
1.421 4.176
1.829 4.208
2.338 4.176
3.008 4.176
3.874 4.203
4.956 4.199
6.342 4.554
7.4 5.052
7.359 6.991
2.943 9.035
1.177 4.176
1.287 4.176
1.658 4.181
2.133 4.176
2.747 4.219
3.5 4.176
4.503 4.176
5.8 4.176
7.471 4.258
9.429 4.79
10.274 6.476
5.467 9.224
2.187 8.102
1.0 4.176
1.131 4.176
1.456 4.176
1.876 4.176
2.416 4.176
3.112 4.23
3.955 4.429
4.767 4.345
5.836 4.996
5.957 7.104
2.383 10.02
1.0 6.021
1.0 4.176
1.214 4.176
1.564 4.176
2.014 4.176
2.594 4.176
3.341 4.176
4.303 4.617
4.939 4.5
5.766 4.409
6.925 5.689
5.523 8.498
2.209 9.236
1.0 4.286
1.05 4.286
1.311 4.176
1.683 4.176
2.168 4.176
2.792 4.176
3.596 4.176
4.632 4.21
5.916 4.571
6.87 6.255
4.198 9.381
1.679 7.637
1.0 4.176
1.149 4.176
1.48 4.176
1.906 4.254
2.408 4.176
3.094 4.31
3.853 4.176
4.942 4.231
6.28 4.421
7.586 6.013
5.265 8.491
2.106 8.107
1.0 4.176
1.131 4.176
1.456 4.176
1.875 4.176
2.415 4.176
3.111 4.199
3.984 4.287
4.988 4.281
6.236 5.141
6.093 7.117
2.437 9.973
1.0 5.875
1.0 4.176
1.22 4.176
1.571 4.176
2.023 4.176
2.606 4.274
3.275 4.235
4.144 4.176
5.328 4.588
6.165 6.217
3.838 8.943
1.535 7.766
1.0 4.279
1.111 4.363
1.361 4.176
1.742 4.176
2.244 4.23
2.851 4.233
3.615 4.308
4.496 4.326
5.553 5.409
4.941 8.061
1.977 9.764
1.0 4.176
1.064 4.176
1.371 4.176
1.765 4.176
2.273 4.176
2.928 4.176
3.771 4.277
4.736 4.283
5.919 4.811
6.404 6.327
3.705 8.972
1.482 8.084
1.0 4.202
1.123 4.202
1.436 4.176
1.848 4.254
2.334 4.176
2.999 4.176
3.862 4.21
4.932 4.203
6.304 4.779
6.904 6.307
4.047 8.881
1.619 7.014
1.0 4.176
1.174 4.176
1.512 4.176
1.948 4.176
2.508 4.316
3.119 4.176
4.0 4.176
5.151 4.516
6.078 5.017
6.121 6.769
2.63 9.529
1.052 7.204
1.0 4.23
1.149 4.23
1.458 4.176
1.875 4.176
2.414 4.231
3.067 4.18
3.939 4.176
5.073 4.295
6.342 4.554
7.376 6.366
4.252 9.24
1.701 8.634
1.0 4.226
1.093 4.176
1.406 4.176
1.811 4.204
2.316 4.221
2.946 4.176
3.789 4.176
4.88 4.379
5.971 4.916
6.237 7.24
2.495 10.624
1.0 5.06
1.0 4.176
1.252 4.176
1.613 4.176
2.077 4.183
2.67 4.176
3.438 4.241
4.356 4.21
5.552 4.532
6.515 5.681
5.18 8.861
2.072 10.589
1.0 4.238
1.011 4.176
1.3 4.176
1.674 4.254
2.114 4.18
2.713 4.176
3.493 4.264
4.401 4.218
5.593 4.402
6.792 5.584
5.644 7.853
2.258 9.125
1.0 4.176
1.09 4.176
1.403 4.176
1.807 4.176
2.327 4.259
2.935 4.192
3.755 4.242
4.755 4.405
5.765 4.239
7.256 4.57
8.418 5.71
6.602 8.512
2.641 9.471
1.056 4.917
1.0 4.176
1.258 4.294
1.573 4.176
2.018 4.176
2.599 4.293
3.25 4.227
4.117 4.215
5.243 4.306
6.527 4.939
6.789 6.147
4.281 8.411
1.712 7.534
1.0 4.215
1.141 4.215
1.453 4.321
1.802 4.176
2.31 4.176
2.975 4.263
3.749 4.27
4.704 4.266
5.906 4.564
6.856 6.152
4.415 8.476
1.766 8.403
1.0 4.176
1.119 4.176
1.44 4.176
1.855 4.176
2.389 4.215
3.047 4.176
3.919 4.176
5.047 4.28
6.333 4.176
8.131 4.669
9.197 6.698
4.288 9.518
1.715 7.312
1.0 4.176
1.162 4.176
1.497 4.227
1.903 4.191
2.438 4.265
3.069 4.176
3.942 4.176
5.077 4.274
6.38 4.176
8.192 5.432
7.279 8.066
2.912 9.522
1.165 4.212
1.237 4.176
1.592 4.176
2.05 4.176
2.64 4.176
3.4 4.176
4.378 4.262
5.519 4.315
6.846 4.225
8.672 5.085
8.646 7.137
3.458 9.485
1.383 5.765
1.0 4.176
1.224 4.176
1.577 4.179
2.029 4.266
2.555 4.176
3.281 4.186
4.215 4.273
5.297 4.355
6.5 4.814
7.007 6.338
4.029 9.104
1.611 7.103
1.0 4.176
1.171 4.215
1.493 4.176
1.921 4.225
2.444 4.242
3.091 4.176
3.973 4.176
5.117 4.513
6.042 4.684
6.725 6.148
4.308 8.688
1.723 8.123
1.0 4.176
1.13 4.176
1.455 4.176
1.874 4.296
2.342 4.205
2.983 4.198
3.818 4.176
4.914 4.249
6.215 4.317
7.708 5.769
5.98 9.027
2.392 10.231
1.0 4.762
1.0 4.176
1.264 4.176
1.628 4.176
2.097 4.189
2.692 4.176
3.465 4.346
4.275 4.198
5.447 4.244
6.893 4.802
7.487 6.958
2.995 9.982
1.198 6.598
1.0 4.21
1.18 4.21
1.505 4.176
1.936 4.221
2.466 4.25
3.113 4.225
3.952 4.25
4.989 4.222
6.337 4.288
7.925 4.801
8.596 6.443
4.659 8.977
1.864 7.22
1.0 4.176
1.166 4.176
1.502 4.176
1.934 4.176
2.49 4.194
3.193 4.176
4.11 4.201
5.261 4.259
6.632 4.549
7.733 5.505
6.576 7.857
2.631 8.697
1.052 4.176
1.165 4.176
1.5 4.176
1.932 4.213
2.465 4.176
3.171 4.176
4.085 4.187
5.246 4.214
6.692 4.291
8.364 5.094
8.293 7.104
3.317 8.378
1.327 4.176
1.486 4.176
1.914 4.183
2.461 4.176
3.169 4.176
4.081 4.217
5.204 4.203
6.649 4.3
8.296 4.34
10.212 4.366
12.471 5.2
11.909 7.512
4.764 9.625
1.905 5.875
1.009 4.176
1.231 4.176
1.586 4.176
2.043 4.176
2.631 4.176
3.389 4.176
4.365 4.268
5.495 4.325
6.797 4.838
7.285 6.842
3.015 9.212
1.206 5.732
1.0 4.176
1.226 4.176
1.579 4.176
2.033 4.176
2.619 4.23
3.329 4.176
4.281 4.245
5.42 4.433
6.524 4.551
7.56 6.179
4.809 8.717
1.924 7.833
1.0 4.176
1.142 4.176
1.471 4.176
1.894 4.176
2.44 4.203
3.122 4.21
3.984 4.176
5.127 4.233
6.511 4.315
8.085 4.368
9.877 5.616
8.125 8.199
3.25 7.531
1.3 4.176
1.5 4.213
1.915 4.176
2.463 4.176
3.173 4.24
4.023 4.176
5.173 4.257
6.53 4.176
8.392 4.221
10.691 4.233
13.561 4.195
17.358 4.797
18.923 6.657
8.979 9.711
3.592 7.435
1.437 4.176
1.663 4.176
2.143 4.176
2.76 4.176
3.556 4.176
4.581 4.176
5.901 4.176
7.603 4.176
9.795 4.176
12.62 4.382
15.432 4.796
16.713 6.845
6.933 9.519
2.773 6.663
1.109 4.176
1.319 4.176
1.699 4.176
2.188 4.245
2.771 4.255
3.493 4.193
4.47 4.176
5.756 4.247
7.286 4.322
9.028 4.978
9.277 5.08
8.988 4.176
11.256 4.176
14.503 4.176
18.687 4.307
