1.0 4.428
1.216 4.428
1.507 4.176
1.996 4.176
2.668 4.176
3.571 4.271
4.671 4.176
6.239 4.176
8.359 4.176
11.205 4.536
13.718 5.733
11.265 8.571
4.506 10.167
1.802 5.055
1.381 4.176
1.732 4.176
2.239 4.176
2.901 4.176
3.767 4.176
4.901 4.176
6.386 4.176
8.334 4.3
10.56 5.031
10.867 7.502
4.347 10.064
1.739 6.05
1.0 4.267
1.183 4.267
1.486 4.296
1.855 4.214
2.366 4.237
3.011 4.176
3.892 4.267
4.934 4.191
6.362 4.732
7.131 6.564
3.665 9.456
1.466 6.42
1.0 4.227
1.182 4.227
1.502 4.176
1.935 4.176
2.499 4.176
3.231 4.214
4.142 4.217
5.304 4.258
6.727 5.446
5.976 8.495
2.39 9.608
1.0 4.55
1.0 4.176
1.272 4.176
1.64 4.176
2.114 4.176
2.729 4.179
3.521 4.209
4.514 4.176
5.832 4.301
7.316 5.417
6.541 7.459
2.616 9.205
1.047 5.398
1.0 4.223
1.224 4.223
1.557 4.176
2.004 4.176
2.586 4.23
3.295 4.193
4.231 4.176
5.467 4.23
6.976 4.865
7.48 6.795
3.228 9.476
1.291 6.32
1.0 4.176
1.202 4.176
1.55 4.176
1.998 4.176
2.579 4.176
3.329 4.176
4.3 4.176
5.556 4.249
7.055 4.27
8.893 5.027
9.063 6.809
3.814 9.433
1.526 6.254
1.0 4.176
1.206 4.176
1.555 4.222
1.983 4.176
2.556 4.188
3.291 4.176
4.251 4.176
5.494 4.243
6.986 5.26
6.605 7.699
2.642 10.086
1.057 4.522
1.0 4.176
1.275 4.176
1.644 4.176
2.121 4.176
2.738 4.242
3.478 4.298
4.347 4.26
5.48 4.303
6.842 5.14
6.71 8.042
2.684 9.82
1.074 4.176
1.141 4.176
1.471 4.253
1.861 4.221
2.368 4.176
3.052 4.319
3.801 4.176
4.887 4.252
6.195 4.516
7.315 4.875
7.727 6.497
4.059 8.255
1.624 7.323
1.0 4.176
1.163 4.176
1.5 4.176
1.935 4.176
2.498 4.176
3.224 4.269
4.068 4.433
4.907 4.305
6.087 5.19
5.87 7.286
2.348 9.572
1.0 5.078
1.0 4.225
1.238 4.225
1.574 4.228
2.002 4.176
2.579 4.176
3.329 4.176
4.298 4.323
5.349 4.315
6.642 4.583
7.685 6.219
4.807 9.033
1.923 8.907
1.0 4.176
1.099 4.176
1.417 4.176
1.827 4.176
2.357 4.176
3.041 4.233
3.869 4.223
4.927 4.185
6.339 4.447
7.637 5.671
6.147 8.611
2.459 8.821
1.0 4.176
1.103 4.176
1.422 4.176
1.833 4.24
2.327 4.284
2.916 4.217
3.712 4.374
4.551 4.176
5.84 4.249
7.405 5.119
7.319 7.735
2.928 10.073
1.171 5.505
1.0 4.209
1.225 4.209
1.565 4.176
2.015 4.184
2.594 4.196
3.328 4.195
4.271 4.176
5.509 4.184
7.097 4.688
8.005 5.808
6.013 8.634
2.405 9.222
1.0 4.232
1.069 4.232
1.356 4.176
1.745 4.176
2.25 4.176
2.902 4.176
3.743 4.262
4.727 4.176
6.083 4.373
7.47 5.961
5.341 9.009
2.136 9.435
1.0 4.176
1.078 4.176
1.389 4.176
1.79 4.239
2.271 4.289
2.84 4.176
3.65 4.193
4.688 4.546
5.492 4.421
6.577 5.351
5.962 8.003
2.385 9.503
1.0 4.841
1.0 4.222
1.247 4.222
1.586 4.176
2.041 4.176
2.632 4.275
3.31 4.176
4.255 4.19
5.469 4.764
6.029 6.652
2.885 8.887
1.154 5.827
1.0 4.176
1.222 4.176
1.575 4.176
2.031 4.176
2.618 4.176
3.375 4.357
4.159 4.176
5.334 4.721
5.957 5.852
4.378 8.842
1.751 8.689
1.0 4.176
1.108 4.176
1.427 4.176
1.839 4.312
2.29 4.197
2.925 4.176
3.768 4.176
4.859 4.176
6.267 4.464
7.509 5.96
5.338 8.87
2.135 8.198
1.0 4.176
1.127 4.199
1.444 4.25
1.826 4.176
2.348 4.176
3.026 4.229
3.851 4.308
4.796 4.274
6.01 5.039
6.078 6.727
2.696 8.854
1.078 6.679
1.0 4.193
1.183 4.193
1.517 4.248
1.919 4.176
2.468 4.326
3.063 4.293
3.817 4.274
4.785 4.348
5.89 5.185
5.665 7.681
2.266 10.243
1.0 5.443
1.0 4.176
1.237 4.176
1.594 4.176
2.054 4.176
2.646 4.395
3.226 4.238
4.066 4.399
4.943 5.224
4.681 8.304
1.872 9.448
1.0 4.176
1.077 4.176
1.387 4.176
1.786 4.176
2.301 4.208
2.941 4.234
3.732 4.217
4.753 4.374
5.819 4.63
6.615 6.638
3.226 9.644
1.29 7.236
1.0 4.176
1.165 4.176
1.5 4.249
1.898 4.176
2.439 4.258
3.078 4.177
3.955 4.242
5.014 4.283
6.278 5.189
6.042 7.453
2.417 9.481
1.0 5.464
1.0 4.176
1.236 4.176
1.592 4.234
2.021 4.215
2.573 4.22
3.275 4.176
4.214 4.491
5.008 4.722
5.521 6.468
2.969 9.318
1.188 6.422
1.0 4.284
1.163 4.284
1.453 4.176
1.865 4.201
2.387 4.176
3.073 4.176
3.959 4.181
5.095 4.218
6.498 4.563
7.564 5.747
5.852 8.711
2.341 8.69
1.0 4.176
1.107 4.176
1.426 4.176
1.836 4.176
2.365 4.176
3.046 4.2
3.902 4.325
4.839 4.176
6.207 4.346
7.665 5.215
7.294 7.601
2.918 10.079
1.167 5.471
1.0 4.176
1.236 4.218
1.575 4.193
2.017 4.176
2.597 4.176
3.346 4.176
4.311 4.176
5.555 4.331
6.885 4.402
8.336 5.206
7.938 7.78
3.175 10.188
1.27 5.932
1.0 4.224
1.202 4.224
1.527 4.216
1.944 4.176
2.501 4.176
3.222 4.176
4.151 4.176
5.348 4.217
6.822 4.423
8.244 5.855
6.14 8.363
2.456 9.07
1.0 4.176
1.092 4.176
1.406 4.176
1.811 4.176
2.332 4.176
3.004 4.176
3.87 4.198
4.96 4.176
6.387 4.508
7.557 4.848
8.024 7.159
3.209 9.287
1.284 5.983
1.0 4.176
1.215 4.176
1.565 4.257
1.976 4.176
2.539 4.176
3.271 4.176
4.215 4.262
5.317 4.298
6.627 4.496
7.835 5.448
6.828 8.136
2.731 9.305
1.093 4.176
1.183 4.176
1.523 4.176
1.962 4.176
2.528 4.176
3.257 4.355
4.012 4.24
5.059 4.257
6.377 4.194
8.162 5.073
8.187 6.791
3.448 9.318
1.379 7.586
1.0 4.176
1.151 4.176
1.483 4.211
1.894 4.255
2.389 4.189
3.061 4.176
3.942 4.22
5.025 4.34
6.205 4.954
6.421 6.398
3.537 8.811
1.415 7.743
1.0 4.176
1.145 4.176
1.475 4.268
1.856 4.176
2.385 4.176
3.072 4.227
3.908 4.271
4.91 4.341
6.051 4.831
6.498 6.639
3.113 9.675
1.245 6.719
1.0 4.176
1.186 4.176
1.527 4.176
1.967 4.176
2.534 4.176
3.265 4.176
4.206 4.176
5.42 4.176
6.985 4.354
8.606 4.856
9.17 6.671
4.291 9.719
1.716 7.355
1.0 4.176
1.161 4.176
1.495 4.176
1.925 4.176
2.48 4.176
3.195 4.231
4.061 4.306
5.055 4.484
5.993 4.749
6.557 6.421
3.617 8.549
1.447 7.189
1.0 4.176
1.167 4.176
1.504 4.176
1.937 4.204
2.478 4.176
3.189 4.176
4.109 4.425
4.97 4.241
6.252 4.856
6.689 7.18
2.676 9.688
1.07 5.292
1.0 4.176
1.243 4.176
1.601 4.176
2.063 4.176
2.658 4.176
3.424 4.224
4.36 4.384
5.322 4.443
6.362 5.226
6.007 7.478
2.403 9.542
1.0 5.798
1.0 4.176
1.223 4.176
1.575 4.176
2.029 4.176
2.614 4.22
3.331 4.176
4.286 4.466
5.127 4.566
5.912 5.925
4.237 8.776
1.695 7.799
1.0 4.176
1.143 4.176
1.472 4.176
1.896 4.176
2.442 4.176
3.147 4.176
4.054 4.218
5.17 4.292
6.462 4.85
6.913 7.182
2.765 9.762
1.106 6.446
1.0 4.176
1.197 4.176
1.542 4.211
1.968 4.367
2.413 4.232
3.047 4.288
3.811 4.278
4.769 4.454
5.704 5.777
4.381 8.337
1.753 9.365
1.0 4.765
1.0 4.176
1.264 4.243
1.601 4.289
2.0 4.176
2.567 4.176
3.306 4.176
4.259 4.326
5.284 4.328
6.521 4.772
7.126 6.564
3.599 9.366
1.44 8.21
1.0 4.176
1.126 4.176
1.45 4.176
1.867 4.176
2.405 4.176
3.097 4.176
3.989 4.205
5.102 4.436
6.145 4.421
7.374 5.477
6.377 7.48
2.551 8.86
1.02 4.219
1.109 4.176
1.426 4.176
1.836 4.176
2.365 4.208
3.023 4.295
3.776 4.176
4.846 4.188
6.225 4.211
7.949 4.829
8.581 6.911
3.432 9.623
1.373 6.835
1.0 4.176
1.181 4.176
1.521 4.176
1.96 4.254
2.475 4.201
3.161 4.256
3.989 4.273
5.003 4.566
5.806 6.054
3.922 8.948
1.569 7.423
1.0 4.293
1.121 4.293
1.396 4.176
1.792 4.197
2.296 4.276
2.882 4.176
3.701 4.188
4.754 4.521
5.601 5.325
5.093 7.777
2.037 9.147
1.0 4.176
1.089 4.176
1.402 4.176
1.806 4.176
2.326 4.176
2.997 4.176
3.86 4.241
4.893 4.176
6.292 4.342
7.775 4.77
8.498 6.396
4.748 8.93
1.899 6.74
1.0 4.176
1.185 4.176
1.527 4.215
1.948 4.176
2.506 4.176
3.229 4.176
4.16 4.385
5.083 4.417
6.118 4.81
6.591 6.514
3.425 9.16
1.37 7.108
1.0 4.176
1.171 4.176
1.508 4.176
1.942 4.176
2.502 4.176
3.223 4.389
3.935 4.373
4.789 4.447
5.721 5.626
4.671 8.29
1.868 9.246
1.0 4.176
1.085 4.176
1.397 4.176
1.8 4.203
2.303 4.176
2.964 4.176
3.819 4.342
4.718 4.232
5.964 4.622
6.826 6.35
3.953 9.344
1.581 7.82
1.0 4.176
1.142 4.176
1.471 4.25
1.86 4.176
2.39 4.176
3.079 4.211
3.932 4.176
5.06 4.3
6.32 4.439
7.583 5.647
6.143 8.875
2.457 8.826
1.0 4.176
1.102 4.187
1.415 4.206
1.809 4.176
2.327 4.259
2.936 4.176
3.773 4.243
4.781 4.176
6.146 4.428
7.427 4.98
7.596 7.023
3.038 10.075
1.215 6.515
1.0 4.176
1.194 4.176
1.538 4.176
1.981 4.176
2.552 4.176
3.287 4.176
4.234 4.196
5.428 4.24
6.878 4.197
8.799 4.829
9.503 7.217
3.801 9.977
1.52 6.427
1.0 4.176
1.198 4.176
1.543 4.176
1.987 4.176
2.559 4.176
3.297 4.176
4.247 4.176
5.472 4.275
6.878 4.77
7.535 6.326
4.377 9.176
1.751 8.178
1.0 4.176
1.128 4.176
1.452 4.191
1.864 4.236
2.364 4.255
2.98 4.21
3.797 4.509
4.484 4.361
5.453 4.905
5.721 6.941
2.288 9.473
1.0 6.212
1.0 4.176
1.206 4.176
1.554 4.176
2.001 4.176
2.577 4.176
3.32 4.176
4.276 4.241
5.42 4.278
6.793 4.469
8.092 5.713
6.375 8.689
2.55 9.326
1.02 4.262
1.075 4.225
1.365 4.176
1.755 4.235
2.227 4.176
2.863 4.255
3.616 4.211
4.607 4.176
5.929 4.349
7.312 5.205
6.977 7.578
2.791 9.776
1.116 4.472
1.082 4.176
1.381 4.176
1.779 4.2
2.278 4.237
2.887 4.25
3.645 4.254
4.594 4.201
5.867 4.389
7.156 5.118
7.015 7.198
2.806 9.466
1.122 5.91
1.0 4.214
1.206 4.176
1.552 4.176
1.999 4.234
2.538 4.176
3.263 4.227
4.151 4.187
5.325 4.475
6.351 5.513
5.406 8.439
2.162 9.231
1.0 4.176
1.086 4.176
1.398 4.176
1.801 4.176
2.319 4.176
2.987 4.227
3.8 4.515
4.478 4.186
5.694 4.61
6.547 6.91
2.628 9.502
1.051 7.0
1.0 4.176
1.175 4.176
1.513 4.176
1.949 4.176
2.51 4.176
3.233 4.176
4.164 4.23
5.293 4.375
6.472 4.467
7.688 5.715
6.052 8.619
2.421 9.858
1.0 4.179
1.059 4.176
1.364 4.256
1.722 4.176
2.212 4.176
2.85 4.214
3.636 4.176
4.678 4.176
6.026 4.449
7.24 5.397
6.437 7.463
2.575 9.671
1.03 5.96
1.0 4.241
1.196 4.241
1.512 4.176
1.943 4.176
2.503 4.176
3.223 4.176
4.152 4.292
5.195 4.418
6.268 4.748
6.874 6.584
3.433 9.29
1.373 7.514
1.0 4.176
1.154 4.176
1.486 4.176
1.914 4.24
2.426 4.176
3.118 4.228
3.965 4.183
5.09 4.199
6.518 5.018
6.645 7.058
2.658 9.512
1.063 7.202
1.0 4.176
1.167 4.176
1.502 4.176
1.934 4.218
2.465 4.246
3.116 4.266
3.915 4.214
4.981 4.372
6.098 4.501
7.177 5.597
5.908 8.364
2.363 10.032
1.0 5.103
1.0 4.176
1.25 4.195
1.602 4.176
2.062 4.176
2.656 4.18
3.417 4.284
4.282 4.261
5.381 4.606
6.176 5.86
4.541 9.105
1.816 8.793
1.0 4.176
1.103 4.176
1.42 4.176
1.828 4.281
2.293 4.176
2.943 4.176
3.789 4.176
4.88 4.176
6.285 4.317
7.813 4.905
8.208 7.06
3.283 9.265
1.313 6.869
1.0 4.176
1.18 4.176
1.519 4.243
1.923 4.251
2.426 4.203
3.096 4.304
3.857 4.191
4.929 4.417
5.968 5.326
5.446 7.394
2.178 8.711
1.0 4.176
1.106 4.176
1.424 4.176
1.834 4.176
2.362 4.223
3.006 4.176
3.866 4.176
4.979 4.176
6.413 4.554
7.489 5.418
6.575 7.59
2.63 9.21
1.052 5.706
1.0 4.176
1.226 4.176
1.579 4.176
2.034 4.176
2.619 4.176
3.373 4.176
4.344 4.334
5.376 4.176
6.891 5.24
6.544 7.342
2.618 9.346
1.047 5.461
1.0 4.227
1.22 4.227
1.549 4.176
1.991 4.176
2.564 4.306
3.196 4.231
4.044 4.265
5.086 4.456
6.079 4.849
6.461 6.517
3.338 8.55
1.335 6.326
1.0 4.176
1.202 4.176
1.548 4.22
1.971 4.261
2.482 4.237
3.14 4.176
4.037 4.176
5.2 4.176
6.698 4.473
7.996 4.973
8.179 6.917
3.271 9.353
1.309 6.333
1.0 4.176
1.201 4.176
1.547 4.264
1.949 4.307
2.423 4.176
3.108 4.176
4.003 4.176
5.156 4.176
6.642 4.267
8.365 5.099
8.29 7.277
3.316 9.709
1.326 5.989
1.0 4.212
1.204 4.176
1.549 4.176
1.995 4.176
2.569 4.176
3.309 4.176
4.262 4.176
5.491 4.348
6.773 4.46
8.067 5.268
7.499 7.554
3.0 8.996
1.2 4.291
1.27 4.176
1.63 4.176
2.1 4.176
2.704 4.176
3.484 4.176
4.488 4.227
5.709 4.457
6.833 4.215
8.641 5.101
8.578 7.555
3.431 10.015
1.372 5.601
1.0 4.176
1.231 4.176
1.585 4.176
2.042 4.176
2.63 4.176
3.388 4.176
4.365 4.215
5.569 4.318
6.915 4.582
7.977 6.25
4.886 8.716
1.954 8.17
1.0 4.25
1.105 4.25
1.393 4.176
1.791 4.176
2.307 4.176
2.971 4.218
3.788 4.196
4.849 4.271
6.097 4.43
7.34 5.022
7.407 7.42
2.963 9.856
1.185 5.76
1.0 4.176
1.225 4.176
1.577 4.176
2.032 4.204
2.599 4.176
3.345 4.176
4.309 4.239
5.465 4.479
6.5 4.8
7.006 6.24
4.253 8.502
1.701 6.216
1.0 4.193
1.201 4.193
1.54 4.176
1.982 4.225
2.523 4.176
3.245 4.176
4.181 4.176
5.387 4.247
6.819 5.003
6.974 7.129
2.79 9.775
1.116 5.979
1.0 4.176
1.216 4.23
1.545 4.176
1.987 4.259
2.508 4.176
3.222 4.176
4.151 4.29
5.198 4.754
5.718 6.431
3.134 8.874
1.254 6.41
1.0 4.176
1.199 4.176
1.544 4.176
1.989 4.176
2.562 4.219
3.266 4.176
4.202 4.215
5.362 4.451
6.432 4.332
7.898 5.128
7.736 6.923
3.094 8.939
1.238 4.907
1.071 4.176
1.348 4.176
1.737 4.213
2.217 4.263
2.792 4.244
3.527 4.25
4.452 4.314
5.529 4.282
6.907 4.654
7.822 6.818
3.357 9.338
1.343 7.254
1.0 4.176
1.165 4.176
1.501 4.176
1.934 4.176
2.491 4.269
3.136 4.176
4.029 4.176
5.191 4.293
6.496 5.208
6.209 7.948
2.483 9.952
1.0 6.385
1.0 4.176
1.2 4.176
1.545 4.176
1.991 4.176
2.565 4.176
3.304 4.243
4.186 4.241
5.296 4.3
6.601 4.481
7.833 5.665
6.288 8.017
2.515 9.199
1.006 4.417
1.017 4.176
1.3 4.176
1.674 4.176
2.157 4.176
2.779 4.176
3.58 4.215
4.568 4.271
5.741 4.432
6.908 5.688
5.509 8.23
2.204 8.86
1.0 4.21
1.09 4.176
1.403 4.176
1.807 4.176
2.328 4.253
2.942 4.193
3.765 4.176
4.849 4.259
6.12 4.333
7.56 5.701
6.027 8.323
2.411 9.661
1.0 4.693
1.0 4.176
1.267 4.176
1.633 4.176
2.103 4.266
2.65 4.176
3.404 4.176
4.386 4.387
5.356 4.773
5.839 6.697
2.703 8.959
1.081 7.396
1.0 4.226
1.143 4.176
1.471 4.176
1.894 4.176
2.44 4.176
3.144 4.26
3.966 4.229
5.03 4.246
6.358 4.513
7.493 5.501
6.396 7.93
2.558 9.274
1.023 4.492
1.007 4.176
1.284 4.176
1.654 4.257
2.088 4.176
2.683 4.201
3.436 4.283
4.306 4.399
5.225 4.791
5.663 6.327
3.283 9.036
1.313 7.484
1.0 4.176
1.156 4.176
1.489 4.176
1.918 4.265
2.416 4.176
3.104 4.176
3.999 4.339
4.945 4.411
5.97 5.923
4.319 8.844
1.728 8.64
1.0 4.176
1.109 4.176
1.429 4.249
1.808 4.177
2.323 4.192
2.98 4.18
3.834 4.314
4.77 4.23
6.038 4.182
7.754 4.808
8.431 6.839
3.509 9.821
1.404 7.278
1.0 4.176
1.164 4.176
1.499 4.247
1.897 4.176
2.439 4.225
3.104 4.187
3.981 4.511
4.703 4.176
5.996 5.34
5.506 7.016
2.202 9.342
1.0 4.641
1.0 4.176
1.269 4.176
1.635 4.176
2.107 4.176
2.714 4.176
3.496 4.32
4.344 4.198
5.541 4.423
6.699 5.731
5.252 8.246
2.101 8.678
1.0 4.176
1.108 4.176
1.427 4.176
1.839 4.183
2.364 4.213
3.017 4.234
3.827 4.213
4.877 4.286
6.106 4.515
7.182 6.123
4.709 8.727
1.884 8.493
1.0 4.193
1.11 4.193
1.423 4.189
1.826 4.176
2.352 4.248
2.976 4.221
3.782 4.297
4.721 4.257
5.938 4.246
7.499 4.675
8.451 6.605
4.192 9.356
1.677 7.681
1.0 4.176
1.148 4.176
1.479 4.176
1.905 4.176
2.454 4.176
3.161 4.176
4.072 4.176
5.247 4.258
6.623 4.722
7.362 5.922
5.236 8.364
2.095 8.094
1.0 4.176
1.131 4.176
1.457 4.176
1.877 4.176
2.419 4.207
3.092 4.21
3.946 4.293
4.932 4.4
5.981 4.928
6.222 7.26
2.489 9.702
1.0 6.24
1.0 4.176
1.206 4.176
1.553 4.176
2.0 4.176
2.577 4.191
3.308 4.176
4.259 4.277
5.351 4.467
6.377 4.369
7.751 5.877
5.734 8.331
2.293 8.985
1.0 4.176
1.096 4.176
1.411 4.205
1.805 4.246
2.283 4.211
2.91 4.176
3.744 4.176
4.824 4.224
6.142 4.376
7.511 5.848
5.623 8.596
2.249 9.076
1.0 4.176
1.092 4.176
1.407 4.176
1.812 4.176
2.334 4.176
3.007 4.276
3.779 4.176
4.853 4.176
6.253 4.287
7.836 5.183
7.552 7.185
3.021 9.943
1.208 6.067
1.0 4.176
1.212 4.176
1.562 4.176
2.012 4.246
2.547 4.188
3.264 4.176
4.204 4.423
5.086 4.34
6.237 5.156
6.051 6.796
2.517 8.552
1.007 5.204
1.0 4.176
1.247 4.176
1.606 4.176
2.07 4.176
2.666 4.382
3.26 4.249
4.098 4.393
4.986 4.57
5.756 6.292
3.452 9.121
1.381 7.649
1.0 4.176
1.149 4.176
1.48 4.176
1.907 4.176
2.457 4.176
3.165 4.176
4.078 4.409
4.952 4.387
6.001 5.013
6.084 7.197
2.434 9.873
1.0 6.348
1.0 4.176
1.201 4.176
1.547 4.176
1.993 4.231
2.533 4.176
3.257 4.313
4.055 4.305
5.035 4.252
6.339 4.718
7.056 6.194
4.409 9.092
1.764 7.833
1.0 4.176
1.142 4.176
1.471 4.279
1.846 4.176
2.371 4.176
3.054 4.176
3.935 4.185
5.058 4.176
6.515 4.318
8.1 5.35
7.366 8.254
2.946 9.586
1.179 4.176
1.263 4.176
1.627 4.176
2.096 4.176
2.7 4.176
3.478 4.176
4.481 4.322
5.565 4.222
7.056 4.347
8.694 4.434
10.429 5.879
7.682 8.303
3.073 8.751
1.229 4.176
1.358 4.176
1.75 4.176
2.254 4.176
2.904 4.176
3.741 4.176
4.82 4.176
6.21 4.278
7.8 4.415
9.425 4.855
10.019 6.703
4.585 9.199
1.834 8.137
1.0 4.176
1.13 4.176
1.455 4.261
1.835 4.176
2.358 4.176
3.038 4.269
3.824 4.229
4.848 4.176
6.236 4.376
7.638 5.008
7.76 7.374
3.104 9.334
1.242 5.338
1.0 4.214
1.23 4.214
1.567 4.211
1.999 4.284
2.504 4.248
3.158 4.176
4.06 4.176
5.231 4.594
6.045 5.461
5.217 7.601
2.087 8.83
1.0 4.176
1.102 4.176
1.42 4.24
1.8 4.21
2.295 4.182
2.949 4.192
3.784 4.254
4.78 4.323
5.92 4.493
6.996 6.429
3.913 9.435
1.565 7.549
1.0 4.239
1.133 4.242
1.433 4.176
1.843 4.243
2.335 4.259
2.94 4.176
3.778 4.305
4.713 4.176
6.048 4.667
6.848 6.223
4.231 8.989
1.692 7.409
1.0 4.176
1.159 4.176
1.493 4.176
1.923 4.176
2.478 4.176
3.192 4.176
4.113 4.323
5.107 4.298
6.352 4.695
7.106 6.519
3.713 9.219
1.485 7.0
1.0 4.176
1.175 4.176
1.514 4.176
1.951 4.176
2.513 4.176
3.238 4.176
4.171 4.176
5.375 4.359
6.612 5.022
6.693 6.886
2.677 9.142
1.071 6.481
1.0 4.176
1.196 4.176
1.541 4.176
1.985 4.176
2.557 4.176
3.295 4.176
4.245 4.256
5.362 4.391
6.525 4.431
7.822 5.471
6.778 8.237
2.711 8.923
1.084 4.534
1.068 4.176
1.36 4.176
1.752 4.176
2.258 4.176
2.909 4.176
3.748 4.24
4.752 4.209
6.062 4.176
7.803 4.617
8.96 6.095
5.919 9.077
2.368 9.168
1.0 4.206
1.079 4.29
1.35 4.184
1.729 4.208
2.21 4.176
2.844 4.176
3.664 4.389
4.473 4.233
5.644 4.362
6.926 5.25
6.507 7.723
2.603 9.343
1.041 5.152
1.0 4.176
1.249 4.176
1.609 4.176
2.073 4.176
2.671 4.189
3.431 4.176
4.419 4.409
5.366 4.384
6.509 5.29
6.027 8.045
2.411 9.383
1.0 4.415
1.004 4.234
1.265 4.176
1.627 4.176
2.096 4.242
2.657 4.176
3.416 4.26
4.31 4.604
4.953 4.715
5.448 5.732
4.206 8.436
1.682 7.384
1.0 4.231
1.142 4.231
1.449 4.176
1.864 4.176
2.402 4.176
3.094 4.25
3.914 4.206
4.994 4.288
6.252 4.507
7.37 5.823
5.539 8.943
2.215 8.613
1.0 4.253
1.086 4.253
1.37 4.176
1.76 4.176
2.268 4.176
2.922 4.176
3.765 4.176
4.851 4.382
5.932 4.529
6.929 6.141
4.501 8.739
1.8 7.418
1.0 4.176
1.159 4.176
1.493 4.176
1.923 4.213
2.455 4.176
3.16 4.227
4.02 4.237
5.094 4.661
5.765 4.676
6.4 6.712
2.957 9.55
1.183 6.19
1.0 4.176
1.208 4.176
1.556 4.249
1.969 4.21
2.509 4.176
3.23 4.25
4.085 4.196
5.226 4.43
6.308 4.504
7.406 6.036
5.065 8.772
2.026 7.758
1.0 4.216
1.132 4.176
1.457 4.176
1.877 4.217
2.394 4.21
3.055 4.249
3.861 4.194
4.942 4.176
6.365 4.348
7.853 4.95
8.133 7.219
3.253 9.109
1.301 5.361
1.0 4.176
1.241 4.176
1.599 4.176
2.06 4.176
2.655 4.193
3.406 4.192
4.369 4.217
5.571 4.338
6.883 5.418
6.106 7.851
2.442 9.465
1.0 4.887
1.0 4.176
1.26 4.176
1.623 4.176
2.092 4.176
2.695 4.176
3.473 4.176
4.475 4.176
5.766 4.599
6.655 5.963
4.681 8.774
1.873 8.994
1.0 4.34
1.043 4.204
1.328 4.176
1.71 4.176
2.203 4.25
2.787 4.378
3.403 4.283
4.242 4.52
4.984 4.325
6.118 5.288
5.683 7.832
2.273 9.836
1.0 4.484
1.0 4.24
1.256 4.24
1.589 4.176
2.043 4.176
2.633 4.176
3.392 4.208
4.336 4.176
5.582 4.852
5.993 6.444
3.238 9.395
1.295 7.359
1.0 4.229
1.144 4.176
1.472 4.18
1.894 4.176
2.44 4.283
3.061 4.176
3.931 4.368
4.825 4.834
5.17 6.052
3.441 8.592
1.377 8.016
1.0 4.176
1.135 4.176
1.462 4.176
1.883 4.201
2.411 4.187
3.096 4.176
3.988 4.238
5.06 4.294
6.317 5.337
5.778 7.633
2.311 9.613
1.0 5.284
1.0 4.176
1.244 4.176
1.603 4.176
2.065 4.176
2.66 4.176
3.427 4.176
4.416 4.361
5.43 4.638
6.159 6.105
4.043 9.078
1.617 7.957
1.0 4.176
1.137 4.176
1.465 4.176
1.887 4.176
2.431 4.176
3.132 4.176
4.036 4.176
5.2 4.192
6.673 4.382
8.157 5.706
6.474 8.4
2.59 9.436
1.036 4.774
1.0 4.176
1.264 4.176
1.629 4.176
2.098 4.176
2.704 4.176
3.483 4.203
4.458 4.226
5.668 4.917
5.956 7.021
2.382 9.171
1.0 6.516
1.0 4.176
1.195 4.205
1.528 4.176
1.967 4.176
2.534 4.176
3.264 4.176
4.206 4.608
4.841 4.369
5.857 4.762
6.409 6.386
3.603 8.952
1.441 7.136
1.0 4.176
1.17 4.176
1.507 4.32
1.872 4.176
2.402 4.284
3.012 4.176
3.867 4.231
4.915 4.302
6.125 5.28
5.71 7.24
2.284 9.337
1.0 5.383
1.0 4.229
1.223 4.229
1.552 4.206
1.982 4.209
2.53 4.194
3.242 4.176
4.175 4.287
5.231 4.5
6.178 5.538
5.204 8.615
2.082 9.041
1.0 4.176
1.094 4.176
1.409 4.176
1.815 4.176
2.338 4.176
3.012 4.176
3.881 4.176
5.0 4.3
6.245 4.792
6.792 7.196
2.717 10.07
1.087 6.37
1.0 4.234
1.182 4.176
1.52 4.183
1.955 4.176
2.517 4.176
3.243 4.237
4.116 4.233
5.218 4.176
6.711 4.49
7.976 5.59
6.59 8.812
2.636 10.765
1.054 4.249
1.056 4.223
1.341 4.176
1.725 4.176
2.222 4.176
2.863 4.176
3.688 4.176
4.751 4.211
6.068 4.282
7.605 5.074
7.594 6.748
3.3 9.548
1.32 6.532
1.0 4.256
1.168 4.256
1.472 4.265
1.849 4.176
2.376 4.176
3.061 4.492
3.636 4.176
4.638 4.215
5.918 5.136
5.808 7.576
2.323 9.94
1.0 5.5
1.0 4.176
1.235 4.176
1.591 4.176
2.05 4.176
2.64 4.176
3.401 4.232
4.321 4.245
5.462 4.226
6.935 5.552
5.886 7.694
2.355 8.996
1.0 4.176
1.095 4.176
1.411 4.176
1.818 4.176
2.341 4.176
3.016 4.176
3.886 4.176
5.006 4.176
6.45 4.266
8.125 4.814
8.791 6.675
4.115 8.936
1.646 6.74
1.0 4.176
1.186 4.176
1.527 4.176
1.968 4.176
2.535 4.252
3.204 4.259
4.034 4.285
5.044 4.222
6.403 4.594
7.387 6.122
4.822 9.008
1.929 7.658
1.0 4.205
1.14 4.176
1.467 4.176
1.89 4.241
2.395 4.176
3.08 4.177
3.967 4.247
5.021 4.19
6.432 4.176
8.284 4.981
8.553 7.194
3.421 9.378
1.368 6.39
1.0 4.176
1.2 4.176
1.545 4.176
1.991 4.236
2.527 4.194
3.235 4.176
4.166 4.339
5.151 4.519
6.041 5.563
5.036 7.615
2.014 9.142
1.0 4.18
1.088 4.176
1.402 4.176
1.806 4.176
2.327 4.176
2.997 4.176
3.862 4.211
4.933 4.193
6.322 4.288
7.916 5.025
8.027 6.998
3.211 9.546
1.284 6.246
1.0 4.176
1.205 4.176
1.553 4.176
2.001 4.176
2.578 4.176
3.321 4.183
4.271 4.389
5.213 4.329
6.418 4.296
7.985 5.416
7.102 8.062
2.841 9.399
1.136 4.176
1.226 4.176
1.58 4.176
2.036 4.176
2.622 4.265
3.305 4.282
4.134 4.176
5.309 4.193
6.812 4.378
8.335 5.55
7.031 8.796
2.812 10.528
1.125 4.476
1.056 4.176
1.348 4.176
1.736 4.176
2.237 4.176
2.881 4.197
3.693 4.369
4.528 4.176
5.799 4.371
7.112 4.494
8.389 5.71
6.61 8.494
2.644 9.208
1.058 4.747
1.0 4.176
1.265 4.176
1.63 4.176
2.1 4.244
2.66 4.176
3.42 4.333
4.235 4.176
5.43 4.399
6.612 5.194
6.319 7.713
2.528 9.105
1.011 4.791
1.0 4.176
1.264 4.211
1.614 4.176
2.077 4.176
2.676 4.242
3.391 4.286
4.242 4.4
5.144 4.456
6.124 5.998
4.273 8.511
1.709 7.871
1.0 4.176
1.14 4.176
1.469 4.227
1.869 4.176
2.404 4.259
3.034 4.176
3.899 4.176
5.023 4.18
6.465 4.428
7.811 5.924
5.644 8.09
2.258 7.346
1.0 4.256
1.136 4.256
1.431 4.192
1.832 4.176
2.359 4.176
3.039 4.176
3.916 4.292
4.901 4.204
6.249 4.403
7.594 5.551
6.396 8.055
2.558 9.399
1.023 4.701
1.0 4.176
1.267 4.176
1.633 4.176
2.104 4.176
2.71 4.176
3.492 4.258
4.408 4.243
5.572 4.25
7.034 4.91
7.4 7.473
2.96 8.894
1.184 4.176
1.302 4.176
1.678 4.176
2.161 4.176
2.785 4.176
3.588 4.176
4.624 4.176
5.958 4.336
7.374 4.26
9.258 4.469
11.036 5.201
10.495 6.902
4.198 8.99
1.679 5.734
1.008 4.176
1.236 4.176
1.593 4.176
2.052 4.176
2.644 4.176
3.408 4.339
4.214 4.261
5.289 4.277
6.628 4.946
6.891 6.99
2.757 8.628
1.103 4.644
1.06 4.176
1.346 4.244
1.706 4.176
2.193 4.176
2.826 4.176
3.642 4.285
4.567 4.179
5.861 4.194
7.519 4.221
9.578 4.685
10.776 6.953
4.31 9.902
1.724 6.38
1.0 4.176
1.2 4.176
1.547 4.176
1.993 4.176
2.568 4.176
3.31 4.222
4.217 4.311
5.246 4.176
6.732 4.421
8.151 5.621
6.679 8.393
2.672 8.701
1.069 4.176
1.184 4.176
1.525 4.176
1.965 4.176
2.533 4.176
3.264 4.176
4.206 4.176
5.421 4.176
6.986 4.221
8.904 4.328
11.029 5.3
