1.0 4.596
1.153 4.596
1.347 4.176
1.766 4.176
2.352 4.238
3.091 4.207
4.088 4.176
5.458 4.446
6.821 4.407
8.53 4.981
9.091 7.357
3.636 10.593
1.455 7.378
1.0 4.176
1.152 4.176
1.479 4.217
1.886 4.322
2.344 4.176
3.018 4.211
3.879 4.407
4.744 5.013
4.85 7.065
1.94 10.372
1.0 4.954
1.0 4.176
1.25 4.176
1.606 4.351
1.975 4.273
2.469 4.176
3.174 4.192
4.083 4.28
5.142 4.392
6.28 5.01
6.408 6.854
2.601 9.782
1.041 5.194
1.0 4.176
1.244 4.176
1.6 4.254
2.02 4.176
2.597 4.176
3.351 4.176
4.328 4.264
5.474 4.248
6.937 4.827
7.52 6.343
4.34 9.601
1.736 8.943
1.0 4.22
1.078 4.176
1.383 4.176
1.777 4.176
2.286 4.176
2.944 4.176
3.794 4.282
4.764 4.218
6.064 4.384
7.419 5.112
7.309 7.15
2.923 9.313
1.169 4.309
1.214 4.176
1.555 4.204
1.988 4.176
2.559 4.176
3.3 4.207
4.224 4.176
5.448 4.176
7.036 4.176
9.094 4.393
11.131 5.297
10.325 7.299
4.13 9.177
1.652 6.008
1.0 4.176
1.214 4.176
1.564 4.176
2.016 4.273
2.538 4.224
3.227 4.338
3.993 4.304
4.968 4.871
5.293 6.491
2.787 9.431
1.115 5.707
1.0 4.176
1.226 4.176
1.58 4.176
2.037 4.176
2.626 4.228
3.345 4.232
4.251 4.444
5.117 4.289
6.37 5.636
5.239 8.582
2.096 9.662
1.0 4.176
1.067 4.176
1.374 4.176
1.77 4.176
2.28 4.255
2.882 4.183
3.701 4.34
4.58 4.176
5.881 4.264
7.428 5.08
7.428 7.459
2.971 10.084
1.188 5.684
1.0 4.176
1.227 4.176
1.58 4.176
2.035 4.249
2.575 4.324
3.19 4.37
3.897 4.39
4.731 4.951
4.896 5.644
3.876 7.9
1.55 8.004
1.0 4.176
1.134 4.176
1.46 4.197
1.871 4.242
2.37 4.176
3.048 4.176
3.93 4.302
4.912 4.459
5.87 5.266
5.471 7.322
2.188 9.514
1.0 5.158
1.0 4.221
1.234 4.221
1.569 4.203
2.004 4.384
2.448 4.176
3.135 4.373
3.845 4.18
4.923 4.221
6.279 5.709
5.025 8.56
2.01 9.73
1.0 4.176
1.065 4.176
1.37 4.176
1.764 4.176
2.272 4.178
2.925 4.176
3.769 4.255
4.763 4.234
6.038 4.352
7.435 5.728
5.864 8.572
2.346 9.088
1.0 4.176
1.09 4.176
1.403 4.176
1.807 4.176
2.327 4.176
2.998 4.256
3.787 4.221
4.815 4.337
5.952 4.326
7.352 5.298
6.812 7.785
2.725 9.941
1.09 4.261
1.122 4.176
1.441 4.176
1.855 4.176
2.389 4.176
3.078 4.176
3.967 4.418
4.807 4.243
6.048 4.355
7.438 5.323
6.824 7.46
2.73 9.385
1.092 4.243
1.155 4.176
1.484 4.176
1.912 4.176
2.463 4.254
3.113 4.176
4.002 4.176
5.16 4.199
6.616 4.22
8.435 4.244
10.685 5.539
9.122 8.207
3.649 9.701
1.46 4.594
1.363 4.176
1.733 4.176
2.232 4.176
2.876 4.176
3.707 4.228
4.717 4.176
6.072 4.176
7.83 4.425
9.48 4.176
12.136 4.624
13.929 6.22
8.664 8.878
3.466 8.62
1.386 4.184
1.536 4.273
1.93 4.176
2.48 4.176
3.196 4.176
4.12 4.222
5.252 4.296
6.563 4.307
8.16 4.254
10.281 4.25
12.991 5.467
11.388 7.681
4.555 9.442
1.822 4.366
1.854 4.223
2.347 4.176
3.021 4.247
3.826 4.176
4.923 4.176
6.348 4.487
7.56 4.26
9.457 4.176
12.17 4.176
15.706 4.246
19.922 5.578
16.773 8.126
6.709 9.571
2.684 5.211
1.996 4.176
2.49 4.176
3.209 4.249
4.063 4.176
5.228 4.176
6.743 4.176
8.698 4.212
11.123 4.298
13.906 4.393
16.919 4.619
19.307 6.181
12.262 8.866
4.905 8.49
1.962 4.176
2.19 4.19
2.813 4.176
3.626 4.176
4.676 4.176
6.031 4.176
7.779 4.226
9.913 4.236
12.583 4.239
15.957 4.294
19.957 4.574
23.142 5.465
20.017 7.718
8.007 8.772
3.203 4.401
3.312 4.176
4.242 4.178
5.469 4.176
7.054 4.176
9.102 4.176
11.747 4.176
15.162 4.281
19.066 4.176
24.536 4.176
31.682 4.422
38.437 5.36
34.786 7.781
13.914 10.379
5.566 5.921
2.707 4.176
3.302 4.176
4.259 4.176
5.495 4.176
7.089 4.176
9.148 4.176
11.806 4.176
15.239 4.319
18.98 4.246
23.974 4.217
30.578 4.949
31.919 6.785
13.737 9.833
5.495 7.291
2.198 4.244
2.513 4.176
3.235 4.225
4.123 4.176
5.311 4.176
6.854 4.176
8.846 4.176
11.418 4.176
14.74 4.315
18.379 4.576
21.292 5.614
17.413 8.158
6.965 9.489
2.786 5.673
1.674 4.204
2.044 4.176
2.634 4.228
3.355 4.342
4.144 4.176
5.32 4.229
6.775 4.176
8.73 4.343
10.806 4.4
13.108 4.832
14.07 6.568
7.089 9.292
2.835 7.744
1.134 4.176
1.301 4.176
1.678 4.24
2.13 4.176
2.742 4.176
3.538 4.257
4.474 4.219
5.699 4.176
7.346 4.401
8.956 5.345
8.151 7.499
3.26 9.375
1.304 5.311
1.0 4.176
1.244 4.176
1.605 4.176
2.07 4.176
2.671 4.295
3.346 4.176
4.302 4.221
5.49 4.432
6.63 5.53
5.634 8.148
2.254 9.15
1.0 4.176
1.091 4.176
1.407 4.176
1.814 4.176
2.341 4.176
3.02 4.176
3.897 4.401
4.75 4.321
5.868 4.351
7.214 5.408
6.434 8.457
2.574 9.514
1.029 5.212
1.0 4.176
1.248 4.176
1.61 4.176
2.076 4.192
2.667 4.176
3.439 4.255
4.351 4.176
5.601 4.244
7.107 5.348
6.503 7.976
2.601 10.055
1.04 4.176
1.097 4.176
1.414 4.208
1.81 4.176
2.332 4.176
3.008 4.252
3.807 4.176
4.9 4.176
6.323 4.242
8.027 4.862
8.587 6.994
3.435 9.21
1.374 6.766
1.0 4.176
1.186 4.176
1.529 4.246
1.938 4.176
2.495 4.241
3.166 4.176
4.077 4.237
5.181 4.302
6.465 5.04
6.533 6.956
2.613 9.278
1.045 6.05
1.0 4.176
1.214 4.176
1.566 4.258
1.979 4.176
2.546 4.176
3.284 4.176
4.237 4.176
5.467 4.322
6.801 4.693
7.618 5.773
5.804 8.785
2.321 8.26
1.0 4.176
1.126 4.176
1.452 4.176
1.873 4.308
2.337 4.285
2.921 4.241
3.695 4.23
4.695 4.246
5.943 4.477
7.083 5.933
5.096 8.541
2.039 8.931
1.0 4.195
1.093 4.195
1.402 4.176
1.807 4.186
2.325 4.176
2.998 4.176
3.867 4.176
4.989 4.258
6.307 4.497
7.474 5.693
5.941 8.321
2.377 8.867
1.0 4.176
1.102 4.176
1.421 4.176
1.832 4.176
2.363 4.176
3.048 4.249
3.861 4.176
4.97 4.324
6.179 4.325
7.643 5.132
7.493 7.755
2.997 9.694
1.199 5.226
1.0 4.176
1.247 4.176
1.609 4.176
2.075 4.176
2.676 4.217
3.417 4.176
4.402 4.217
5.622 4.443
6.767 5.061
6.755 7.473
2.702 9.885
1.081 4.773
1.0 4.176
1.266 4.176
1.632 4.176
2.105 4.188
2.707 4.312
3.373 4.176
4.333 4.334
5.373 4.614
6.15 5.862
4.529 8.153
1.811 8.152
1.0 4.176
1.13 4.176
1.458 4.176
1.88 4.176
2.425 4.176
3.127 4.309
3.902 4.22
4.959 4.348
6.118 4.405
7.406 5.269
6.914 7.465
2.765 9.838
1.106 4.594
1.029 4.236
1.29 4.176
1.66 4.192
2.133 4.176
2.75 4.243
3.488 4.176
4.491 4.176
5.794 4.403
7.058 5.715
5.588 7.967
2.235 9.149
1.0 4.176
1.091 4.176
1.406 4.205
1.801 4.245
2.281 4.176
2.936 4.229
3.738 4.176
4.814 4.398
5.871 4.288
7.314 5.266
6.869 7.224
2.748 9.426
1.099 4.858
1.0 4.176
1.262 4.176
1.628 4.176
2.1 4.259
2.653 4.176
3.414 4.176
4.405 4.23
5.608 4.778
6.15 6.902
2.46 9.752
1.0 6.59
1.0 4.192
1.188 4.192
1.525 4.247
1.931 4.176
2.485 4.176
3.206 4.18
4.131 4.176
5.329 4.177
6.874 4.51
8.138 5.894
5.945 8.906
2.378 8.955
1.0 4.176
1.098 4.176
1.416 4.176
1.826 4.237
2.32 4.176
2.986 4.176
3.852 4.176
4.969 4.185
6.396 4.493
7.605 5.093
7.498 7.523
2.999 10.057
1.2 5.849
1.0 4.176
1.222 4.176
1.576 4.176
2.033 4.176
2.621 4.176
3.381 4.176
4.361 4.361
5.369 4.417
6.474 4.738
7.133 6.578
3.592 9.05
1.437 6.446
1.0 4.176
1.199 4.194
1.539 4.176
1.983 4.176
2.558 4.176
3.299 4.176
4.255 4.176
5.489 4.556
6.418 5.063
6.372 7.023
2.549 9.573
1.019 6.351
1.0 4.176
1.202 4.176
1.55 4.223
1.976 4.176
2.544 4.176
3.282 4.176
4.233 4.176
5.46 4.491
6.496 4.722
7.17 6.578
3.615 9.086
1.446 7.802
1.0 4.176
1.144 4.176
1.475 4.254
1.866 4.176
2.4 4.176
3.095 4.379
3.792 4.256
4.763 4.38
5.82 4.949
6.028 6.873
2.418 9.444
1.0 6.609
1.0 4.176
1.192 4.176
1.537 4.176
1.981 4.176
2.555 4.176
3.294 4.176
4.248 4.382
5.201 4.63
5.914 4.514
6.885 5.606
5.656 7.451
2.262 8.89
1.0 4.408
1.027 4.176
1.314 4.176
1.695 4.176
2.185 4.228
2.782 4.248
3.518 4.176
4.528 4.413
5.499 4.555
6.378 5.911
4.61 8.699
1.844 8.695
1.0 4.176
1.108 4.176
1.429 4.176
1.842 4.176
2.376 4.176
3.064 4.176
3.951 4.256
4.995 4.176
6.426 4.378
7.876 5.086
7.816 6.782
3.318 9.302
1.327 7.018
1.0 4.205
1.166 4.176
1.502 4.236
1.908 4.176
2.456 4.176
3.167 4.213
4.047 4.192
5.193 4.531
6.108 5.617
4.992 8.614
1.997 8.794
1.0 4.209
1.094 4.209
1.397 4.176
1.8 4.196
2.309 4.176
2.975 4.297
3.722 4.199
4.755 4.328
5.898 4.65
6.682 6.65
3.233 9.314
1.293 7.686
1.0 4.176
1.149 4.176
1.481 4.176
1.909 4.176
2.461 4.264
3.104 4.248
3.921 4.191
5.026 4.176
6.478 4.512
7.662 6.184
4.885 9.148
1.954 8.518
1.0 4.176
1.115 4.176
1.438 4.176
1.853 4.176
2.389 4.202
3.061 4.247
3.874 4.176
4.984 4.228
6.345 4.43
7.656 4.933
7.952 6.558
3.99 9.624
1.596 7.691
1.0 4.176
1.148 4.176
1.48 4.242
1.877 4.176
2.415 4.275
3.037 4.4
3.687 4.253
4.631 4.269
5.82 4.56
6.772 5.98
4.743 8.817
1.897 9.068
1.0 4.176
1.093 4.176
1.409 4.176
1.816 4.252
2.297 4.176
2.954 4.196
3.79 4.309
4.722 4.401
5.726 4.981
5.865 6.557
2.932 9.353
1.173 6.145
1.0 4.251
1.186 4.251
1.497 4.176
1.925 4.199
2.468 4.176
3.179 4.244
4.029 4.243
5.098 4.337
6.298 4.483
7.466 6.175
4.788 9.301
1.915 8.209
1.0 4.176
1.127 4.176
1.453 4.223
1.851 4.176
2.383 4.196
3.056 4.23
3.885 4.176
5.0 4.187
6.429 4.276
8.082 4.984
8.312 6.899
3.325 9.783
1.33 7.351
1.0 4.176
1.162 4.176
1.497 4.176
1.93 4.176
2.487 4.236
3.159 4.224
4.016 4.393
4.892 4.414
5.895 5.284
5.466 7.784
2.187 9.602
1.0 4.176
1.072 4.176
1.381 4.21
1.765 4.176
2.273 4.176
2.929 4.24
3.716 4.244
4.701 4.252
5.934 4.29
7.417 5.234
7.033 7.524
2.813 9.953
1.125 4.497
1.075 4.176
1.372 4.176
1.768 4.224
2.252 4.176
2.899 4.176
3.737 4.176
4.817 4.516
5.689 4.418
6.82 4.586
7.837 6.018
5.385 8.964
2.154 8.712
1.0 4.176
1.107 4.176
1.427 4.176
1.839 4.176
2.37 4.176
3.056 4.203
3.912 4.339
4.837 4.443
5.793 5.169
5.577 7.653
2.231 9.993
1.0 5.772
1.0 4.176
1.225 4.194
1.571 4.176
2.024 4.176
2.608 4.201
3.341 4.287
4.185 4.457
5.002 4.351
6.114 5.503
5.258 7.875
2.103 9.841
1.0 4.345
1.008 4.176
1.292 4.228
1.644 4.287
2.057 4.258
2.588 4.176
3.327 4.319
4.137 4.211
5.263 4.808
5.719 6.797
2.46 9.492
1.0 7.17
1.0 4.296
1.131 4.296
1.408 4.206
1.794 4.253
2.266 4.239
2.868 4.234
3.636 4.255
4.586 4.379
5.6 4.859
5.956 7.143
2.383 9.555
1.0 6.06
1.0 4.176
1.213 4.176
1.563 4.176
2.014 4.176
2.595 4.176
3.344 4.226
4.257 4.348
5.245 4.329
6.469 4.623
7.378 6.879
3.035 9.707
1.214 6.891
1.0 4.176
1.18 4.176
1.52 4.188
1.953 4.296
2.441 4.176
3.134 4.337
3.878 4.176
4.972 4.25
6.292 4.356
7.73 5.015
7.845 6.779
3.353 9.495
1.341 6.811
1.0 4.225
1.167 4.176
1.502 4.176
1.935 4.176
2.494 4.224
3.175 4.176
4.086 4.176
5.266 4.426
6.368 5.242
5.985 7.33
2.394 9.448
1.0 5.584
1.0 4.181
1.23 4.181
1.583 4.194
2.031 4.213
2.591 4.176
3.335 4.176
4.298 4.389
5.248 4.64
5.945 5.861
4.365 8.584
1.746 7.309
1.0 4.176
1.163 4.176
1.499 4.176
1.931 4.244
2.446 4.176
3.146 4.176
4.054 4.176
5.225 4.424
6.322 4.7
7.032 6.664
3.352 9.538
1.341 7.186
1.0 4.176
1.168 4.176
1.505 4.177
1.938 4.176
2.498 4.239
3.169 4.176
4.075 4.283
5.113 4.226
6.487 5.15
6.338 7.166
2.535 9.086
1.014 5.474
1.0 4.176
1.236 4.176
1.593 4.176
2.053 4.176
2.645 4.196
3.392 4.176
4.369 4.176
5.631 4.458
6.752 5.418
5.959 7.563
2.384 8.301
1.0 4.176
1.124 4.176
1.448 4.176
1.866 4.176
2.404 4.176
3.098 4.197
3.972 4.252
5.021 4.6
5.779 4.846
6.119 6.478
3.243 9.154
1.297 7.39
1.0 4.176
1.16 4.176
1.495 4.254
1.889 4.244
2.387 4.176
3.07 4.19
3.943 4.358
4.851 4.611
5.546 6.108
3.644 9.161
1.458 8.289
1.0 4.176
1.124 4.176
1.448 4.176
1.866 4.197
2.392 4.176
3.08 4.485
3.666 4.239
4.606 4.274
5.781 4.736
6.398 6.452
3.471 9.008
1.388 7.34
1.0 4.176
1.162 4.176
1.497 4.176
1.929 4.176
2.485 4.176
3.202 4.176
4.127 4.217
5.265 4.456
6.307 5.188
6.028 7.476
2.411 10.158
1.0 6.285
1.0 4.176
1.204 4.176
1.551 4.176
1.998 4.176
2.575 4.176
3.317 4.176
4.275 4.207
5.466 4.282
6.853 4.445
8.217 5.565
6.871 8.133
2.748 9.61
1.099 4.176
1.177 4.176
1.517 4.214
1.936 4.176
2.491 4.176
3.21 4.176
4.136 4.229
5.26 4.176
6.768 4.265
8.53 4.566
9.905 5.832
7.394 8.436
2.958 9.296
1.183 4.176
1.282 4.176
1.651 4.293
2.066 4.2
2.637 4.275
3.312 4.188
4.242 4.176
5.465 4.334
6.768 4.201
8.625 4.775
9.464 6.012
6.444 7.916
2.578 7.146
1.031 4.176
1.206 4.176
1.554 4.176
2.002 4.176
2.58 4.241
3.272 4.176
4.208 4.176
5.423 4.218
6.917 4.402
8.407 5.398
7.493 7.942
2.997 9.51
1.199 4.176
1.289 4.176
1.661 4.283
2.084 4.176
2.676 4.176
3.449 4.176
4.445 4.209
5.682 4.272
7.142 4.366
8.747 4.846
9.344 6.868
3.793 9.296
1.517 5.721
1.0 4.176
1.227 4.176
1.581 4.176
2.037 4.176
2.626 4.221
3.346 4.506
3.956 4.176
5.046 4.778
5.538 5.888
3.99 8.272
1.596 8.036
1.0 4.222
1.12 4.222
1.424 4.204
1.82 4.252
2.3 4.251
2.902 4.236
3.676 4.286
4.6 4.182
5.9 4.959
6.135 6.711
2.769 9.234
1.108 6.19
1.0 4.176
1.208 4.176
1.557 4.176
2.006 4.185
2.58 4.232
3.278 4.307
4.081 4.176
5.238 4.303
6.54 4.512
7.698 5.816
5.804 9.23
2.322 8.957
1.0 4.176
1.097 4.176
1.414 4.176
1.822 4.176
2.348 4.176
3.026 4.176
3.9 4.176
5.027 4.327
6.237 4.383
7.591 5.138
7.4 6.886
2.96 9.399
1.184 5.039
1.0 4.176
1.254 4.176
1.616 4.207
2.067 4.176
2.661 4.176
3.43 4.176
4.421 4.203
5.661 4.424
6.844 5.156
6.621 7.218
2.648 9.648
1.059 4.284
1.097 4.176
1.409 4.176
1.816 4.176
2.34 4.176
3.016 4.239
3.827 4.176
4.924 4.207
6.298 4.394
7.674 4.697
8.554 6.169
5.427 9.256
2.171 8.488
1.0 4.224
1.101 4.224
1.4 4.176
1.801 4.176
2.322 4.176
2.992 4.259
3.778 4.176
4.857 4.406
5.905 4.597
6.767 6.017
4.647 8.513
1.859 8.752
1.0 4.192
1.101 4.176
1.417 4.176
1.827 4.176
2.354 4.186
3.027 4.176
3.9 4.273
4.907 4.384
5.981 4.273
7.475 5.765
5.829 8.729
2.332 8.162
1.0 4.176
1.129 4.176
1.455 4.251
1.841 4.176
2.367 4.218
3.019 4.191
3.872 4.274
4.868 4.272
6.107 4.418
7.378 5.858
5.493 8.906
2.197 8.498
1.0 4.176
1.116 4.176
1.438 4.232
1.828 4.21
2.331 4.176
3.002 4.246
3.802 4.401
4.618 4.453
5.504 4.728
6.068 6.74
2.739 9.44
1.096 6.18
1.0 4.176
1.209 4.176
1.557 4.176
2.007 4.224
2.556 4.176
3.29 4.239
4.174 4.303
5.201 4.242
6.569 4.949
6.835 7.113
2.734 10.287
1.094 6.415
1.0 4.176
1.199 4.176
1.545 4.176
1.991 4.176
2.566 4.176
3.307 4.176
4.263 4.176
5.494 4.241
6.968 4.62
7.979 4.812
8.53 6.998
3.412 9.326
1.365 5.806
1.0 4.176
1.223 4.176
1.577 4.176
2.032 4.268
2.559 4.287
3.199 4.176
4.109 4.191
5.277 4.275
6.632 5.016
6.751 6.98
2.7 9.554
1.08 5.61
1.0 4.233
1.213 4.176
1.561 4.176
2.011 4.176
2.592 4.176
3.341 4.176
4.307 4.176
5.551 4.208
7.099 4.65
8.072 6.194
5.072 8.57
2.029 8.492
1.0 4.176
1.116 4.176
1.438 4.179
1.852 4.176
2.387 4.249
3.021 4.254
3.81 4.34
4.701 4.263
5.898 4.611
6.766 6.191
4.268 9.107
1.707 8.452
1.0 4.176
1.118 4.176
1.44 4.218
1.837 4.176
2.364 4.176
3.047 4.36
3.749 4.176
4.804 4.185
6.179 4.289
7.74 5.373
6.996 7.478
2.798 9.445
1.119 4.261
1.176 4.176
1.512 4.176
1.949 4.176
2.511 4.176
3.237 4.176
4.172 4.339
5.161 4.176
6.619 4.456
7.943 4.596
9.089 6.253
5.56 9.242
2.224 8.101
1.0 4.176
1.132 4.176
1.458 4.176
1.88 4.176
2.423 4.176
3.122 4.176
4.024 4.239
5.107 4.357
6.276 4.939
6.521 6.695
2.983 9.509
1.193 6.413
1.0 4.176
1.199 4.176
1.545 4.176
1.992 4.176
2.567 4.29
3.216 4.288
4.015 4.176
5.158 4.249
6.529 4.191
8.365 4.911
8.823 7.006
3.529 9.43
1.412 7.166
1.0 4.176
1.169 4.176
1.507 4.196
1.932 4.176
2.489 4.315
3.098 4.176
3.975 4.222
5.066 4.273
6.364 4.509
7.505 6.005
5.209 9.251
2.084 8.765
1.0 4.192
1.1 4.192
1.411 4.176
1.818 4.176
2.343 4.245
2.968 4.176
3.817 4.188
4.905 4.383
5.998 4.789
6.512 5.961
4.537 7.876
1.815 7.223
1.0 4.176
1.167 4.176
1.504 4.176
1.938 4.176
2.498 4.253
3.158 4.176
4.061 4.176
5.235 4.193
6.72 4.59
7.773 6.114
5.1 8.67
2.04 8.226
1.0 4.176
1.127 4.212
1.439 4.176
1.853 4.202
2.373 4.234
3.012 4.21
3.843 4.266
4.838 4.433
5.823 4.278
7.258 4.68
8.163 6.509
4.302 9.435
1.721 7.936
1.0 4.18
1.137 4.18
1.464 4.176
1.886 4.176
2.431 4.176
3.133 4.176
4.039 4.229
5.138 4.176
6.612 4.415
8.02 6.027
5.541 8.361
2.216 8.625
1.0 4.176
1.111 4.176
1.432 4.269
1.803 4.176
2.317 4.176
2.986 4.176
3.849 4.176
4.961 4.201
6.355 4.391
7.752 5.711
6.142 8.753
2.457 9.04
1.0 4.176
1.094 4.176
1.41 4.176
1.817 4.176
2.342 4.176
3.019 4.205
3.863 4.186
4.963 4.176
6.396 4.298
7.996 4.814
8.646 6.758
3.825 8.991
1.53 6.267
1.0 4.254
1.18 4.176
1.518 4.176
1.956 4.237
2.483 4.176
3.195 4.252
4.041 4.423
4.879 4.454
5.81 5.225
5.487 7.641
2.195 9.606
1.0 5.031
1.0 4.176
1.255 4.176
1.617 4.176
2.084 4.193
2.675 4.227
3.403 4.357
4.183 4.333
5.153 4.385
6.268 5.684
5.021 8.189
2.008 8.767
1.0 4.176
1.105 4.176
1.424 4.176
1.836 4.28
2.305 4.366
2.822 4.28
3.523 4.176
4.527 4.352
5.582 4.746
6.144 6.254
3.72 8.792
1.488 7.352
1.0 4.176
1.162 4.176
1.497 4.176
1.93 4.249
2.442 4.176
3.141 4.182
4.043 4.254
5.11 4.325
6.329 5.414
5.629 8.488
2.251 8.812
1.0 4.176
1.103 4.176
1.422 4.176
1.833 4.176
2.362 4.176
3.045 4.198
3.903 4.176
5.028 4.23
6.394 4.403
7.767 4.704
8.638 6.661
4.126 9.146
1.65 7.227
1.0 4.176
1.167 4.176
1.504 4.176
1.938 4.176
2.498 4.241
3.168 4.176
4.076 4.176
5.254 4.306
6.555 4.899
6.909 6.719
3.119 9.467
1.247 6.867
1.0 4.176
1.181 4.176
1.522 4.176
1.962 4.176
2.529 4.176
3.259 4.253
4.122 4.176
5.3 4.674
5.992 5.859
4.398 8.474
1.759 7.61
1.0 4.176
1.151 4.176
1.484 4.224
1.89 4.176
2.432 4.176
3.135 4.176
4.041 4.274
5.083 4.305
6.324 4.423
7.623 5.719
6.011 8.479
2.404 8.64
1.0 4.255
1.085 4.176
1.395 4.251
1.765 4.176
2.269 4.176
2.925 4.176
3.77 4.176
4.86 4.176
6.265 4.256
7.917 5.416
7.059 8.506
2.823 9.774
1.129 4.223
1.186 4.176
1.526 4.176
1.967 4.176
2.535 4.176
3.267 4.28
4.104 4.176
5.273 4.391
6.436 4.207
8.178 4.836
8.815 5.803
6.57 8.421
2.628 8.582
1.051 4.176
1.17 4.176
1.507 4.188
1.937 4.176
2.496 4.176
3.217 4.176
4.147 4.176
5.345 4.391
6.525 4.202
8.301 4.734
9.22 6.285
5.496 9.029
2.198 8.291
1.0 4.176
1.124 4.176
1.449 4.176
1.868 4.176
2.407 4.176
3.103 4.277
3.9 4.761
4.286 4.501
4.981 5.224
4.696 7.348
1.879 8.606
1.0 4.4
1.04 4.176
1.332 4.176
1.716 4.279
2.156 4.176
2.77 4.23
3.523 4.383
4.302 4.331
5.298 4.511
6.233 5.861
4.611 8.83
1.844 8.994
1.0 4.202
1.088 4.176
1.401 4.176
1.806 4.176
2.327 4.176
3.0 4.241
3.804 4.186
4.882 4.291
6.113 4.583
7.061 4.871
7.426 6.787
3.2 9.121
1.28 6.041
1.0 4.176
1.214 4.176
1.565 4.194
2.008 4.176
2.587 4.25
3.274 4.18
4.206 4.176
5.422 4.305
6.767 4.453
8.092 5.341
7.344 7.903
2.938 9.597
1.175 4.176
1.26 4.176
1.624 4.176
2.093 4.176
2.697 4.207
3.45 4.176
4.444 4.276
5.587 4.214
7.112 4.333
8.803 5.045
8.86 6.683
4.05 9.055
1.62 6.106
1.0 4.226
1.196 4.226
1.52 4.176
1.956 4.176
2.522 4.233
3.205 4.176
4.124 4.285
5.173 4.471
6.161 4.981
6.293 7.057
2.517 8.917
1.007 5.317
1.0 4.176
1.243 4.176
1.603 4.176
2.066 4.215
2.637 4.176
3.396 4.386
4.151 4.31
5.139 4.853
5.492 6.644
2.621 9.454
1.048 7.429
1.0 4.176
1.159 4.176
1.494 4.243
1.893 4.203
2.419 4.176
3.116 4.251
3.942 4.302
4.912 4.184
6.295 4.504
7.456 5.856
5.531 8.724
2.212 8.97
1.0 4.176
1.097 4.176
1.414 4.178
1.822 4.176
2.348 4.176
3.027 4.365
3.72 4.454
4.438 4.525
5.179 4.51
6.054 5.245
5.665 7.477
2.266 9.871
1.0 4.651
1.0 4.24
1.25 4.24
1.582 4.205
2.02 4.177
2.601 4.176
3.353 4.176
4.322 4.195
5.545 4.216
7.074 4.746
7.826 6.27
4.699 8.952
1.879 8.698
1.0 4.176
1.108 4.176
1.428 4.176
1.841 4.176
2.372 4.24
3.01 4.237
3.813 4.193
4.886 4.327
6.06 4.485
7.18 5.102
7.053 7.37
2.821 9.323
1.128 4.176
1.222 4.176
1.575 4.176
2.03 4.176
2.617 4.176
3.374 4.176
4.349 4.176
5.606 4.357
6.904 4.217
8.761 5.335
8.051 7.615
3.22 9.639
1.288 5.531
1.0 4.176
1.235 4.176
1.591 4.212
2.033 4.291
2.543 4.337
3.137 4.176
4.023 4.176
5.186 4.325
6.44 5.069
6.435 7.133
2.574 9.425
1.03 6.467
1.0 4.176
1.197 4.176
1.543 4.209
1.973 4.176
2.54 4.176
3.274 4.197
4.199 4.341
5.189 4.407
6.274 4.585
7.214 6.341
4.215 9.059
1.686 8.363
1.0 4.194
1.116 4.194
1.431 4.176
1.843 4.176
2.376 4.176
3.062 4.22
3.904 4.221
4.97 4.297
6.206 4.489
7.353 5.933
5.278 8.789
2.111 8.009
1.0 4.176
1.136 4.176
1.464 4.176
1.886 4.176
2.432 4.232
3.091 4.25
3.905 4.276
4.897 4.401
5.943 4.857
6.321 6.229
3.849 8.621
1.54 7.489
1.0 4.176
1.156 4.176
1.49 4.176
1.921 4.246
2.433 4.197
3.113 4.176
4.011 4.186
5.157 4.416
6.253 4.836
6.688 6.404
3.706 9.326
1.482 6.331
1.0 4.176
1.203 4.176
1.55 4.176
1.998 4.277
2.511 4.176
3.227 4.217
4.118 4.509
4.865 5.916
3.514 9.136
1.406 8.932
1.0 4.176
1.099 4.176
1.416 4.176
1.825 4.176
2.352 4.203
3.011 4.183
3.871 4.186
4.977 4.313
6.196 5.102
6.128 7.378
2.451 10.702
1.0 4.898
1.0 4.176
1.26 4.241
1.598 4.222
2.032 4.176
2.615 4.176
3.37 4.176
4.344 4.176
5.599 4.438
6.751 5.794
5.157 8.863
2.063 10.375
1.0 4.176
1.041 4.176
1.341 4.176
1.728 4.176
2.228 4.34
2.755 4.176
3.532 4.34
4.368 4.18
5.596 4.49
6.653 5.255
6.209 7.73
2.484 9.398
1.0 5.159
1.0 4.176
1.249 4.176
1.61 4.176
2.075 4.301
2.592 4.218
3.293 4.444
3.958 4.281
4.926 4.397
5.983 5.303
5.514 7.887
2.206 9.615
1.0 4.255
1.046 4.176
1.345 4.176
1.733 4.243
2.196 4.176
2.825 4.176
3.641 4.176
4.692 4.176
6.048 4.639
6.904 5.14
6.655 7.509
2.662 9.135
1.065 5.076
1.0 4.176
1.253 4.176
1.614 4.176
2.081 4.176
2.682 4.183
3.45 4.302
4.307 4.36
5.278 4.543
6.148 5.455
5.334 7.771
2.133 9.348
1.0 4.252
1.058 4.311
1.314 4.176
1.687 4.176
2.174 4.176
2.802 4.21
3.581 4.176
4.61 4.347
5.692 4.272
7.123 5.028
7.224 7.419
2.89 9.652
1.156 4.848
1.0 4.176
1.262 4.176
1.626 4.176
2.096 4.176
2.701 4.176
3.482 4.176
4.487 4.176
5.784 4.35
7.135 5.092
7.069 7.661
