1.0 4.68
1.121 4.68
1.271 4.176
1.657 4.176
2.203 4.176
2.935 4.284
3.813 4.176
5.073 4.372
6.454 4.315
8.279 5.113
8.499 7.813
3.4 10.453
1.36 6.097
1.0 4.176
1.207 4.176
1.554 4.176
2.006 4.176
2.596 4.176
3.367 4.267
4.277 4.217
5.495 4.506
6.571 4.683
7.416 6.347
4.364 9.173
1.746 8.654
1.0 4.176
1.103 4.176
1.418 4.176
1.824 4.176
2.351 4.209
3.01 4.176
3.887 4.176
5.029 4.176
6.516 4.46
7.86 5.156
7.649 7.094
3.06 9.782
1.224 6.298
1.0 4.176
1.2 4.176
1.543 4.176
1.987 4.247
2.517 4.176
3.24 4.187
4.173 4.242
5.304 4.176
6.848 4.465
8.234 5.749
6.436 8.419
2.575 9.567
1.03 5.184
1.0 4.176
1.245 4.176
1.601 4.176
2.061 4.176
2.655 4.18
3.42 4.176
4.412 4.176
5.697 4.259
7.211 5.189
6.969 7.398
2.787 9.078
1.115 5.364
1.0 4.176
1.239 4.176
1.595 4.232
2.026 4.2
2.592 4.33
3.213 4.229
4.072 4.176
5.249 4.442
6.336 5.915
4.609 8.574
1.843 8.397
1.0 4.176
1.117 4.176
1.438 4.176
1.852 4.344
2.287 4.207
2.91 4.176
3.749 4.176
4.838 4.176
6.246 4.226
7.969 4.903
8.436 7.079
3.374 9.571
1.35 6.195
1.0 4.176
1.206 4.176
1.554 4.176
2.002 4.176
2.58 4.176
3.327 4.176
4.293 4.176
5.541 4.244
7.035 4.386
8.599 5.13
8.426 7.638
3.37 9.954
1.348 6.818
1.0 4.277
1.149 4.252
1.446 4.202
1.846 4.176
2.376 4.215
3.033 4.227
3.857 4.256
4.868 4.32
6.042 5.163
5.864 7.299
2.346 9.999
1.0 5.748
1.0 4.201
1.216 4.176
1.563 4.176
2.013 4.176
2.592 4.176
3.34 4.176
4.305 4.194
5.525 4.428
6.679 4.731
7.369 5.891
5.32 8.171
2.128 7.385
1.0 4.176
1.159 4.176
1.493 4.176
1.923 4.176
2.478 4.283
3.11 4.185
3.988 4.309
4.973 4.221
6.319 4.726
7.037 6.27
4.236 9.318
1.694 7.832
1.0 4.201
1.133 4.285
1.418 4.176
1.821 4.176
2.346 4.176
3.023 4.176
3.897 4.176
5.025 4.409
6.11 4.263
7.656 5.539
6.531 8.413
2.613 9.862
1.045 4.176
1.107 4.176
1.426 4.176
1.836 4.176
2.365 4.193
3.035 4.236
3.852 4.176
4.957 4.345
6.126 4.538
7.154 4.832
7.632 6.828
3.203 9.586
1.281 6.766
1.0 4.176
1.184 4.176
1.524 4.176
1.963 4.23
2.495 4.185
3.203 4.256
4.046 4.495
4.792 4.391
5.79 5.993
4.068 9.282
1.627 8.058
1.0 4.176
1.132 4.176
1.457 4.176
1.876 4.23
2.383 4.212
3.038 4.176
3.91 4.176
5.039 4.251
6.376 4.512
7.52 5.512
6.398 8.045
2.559 9.725
1.024 4.697
1.0 4.176
1.266 4.176
1.63 4.176
2.099 4.176
2.704 4.183
3.478 4.23
4.421 4.22
5.627 4.552
6.571 6.276
3.981 9.343
1.592 8.729
1.0 4.176
1.104 4.176
1.421 4.176
1.829 4.275
2.298 4.176
2.95 4.23
3.749 4.304
4.668 4.176
5.991 4.381
7.33 5.209
6.978 7.849
2.791 9.459
1.117 4.176
1.201 4.224
1.527 4.176
1.964 4.212
2.506 4.202
3.203 4.243
4.055 4.177
5.212 4.213
6.656 4.176
8.569 4.433
10.347 5.892
7.584 8.352
3.034 8.352
1.213 4.176
1.359 4.176
1.751 4.176
2.255 4.181
2.901 4.176
3.737 4.227
4.755 4.176
6.119 4.291
7.665 4.495
9.069 5.469
7.847 8.283
3.139 9.587
1.256 4.703
1.134 4.176
1.436 4.176
1.85 4.176
2.382 4.216
3.039 4.176
3.911 4.198
5.013 4.189
6.436 4.304
8.032 4.642
9.124 6.107
5.988 8.788
2.395 8.326
1.0 4.193
1.116 4.193
1.431 4.176
1.842 4.176
2.372 4.176
3.057 4.176
3.939 4.254
4.98 4.483
5.917 4.772
6.434 6.456
3.474 8.711
1.389 6.963
1.0 4.176
1.176 4.176
1.515 4.23
1.926 4.205
2.459 4.176
3.166 4.251
4.004 4.28
5.017 5.162
4.873 8.006
1.949 10.093
1.0 4.176
1.051 4.176
1.353 4.341
1.671 4.202
2.128 4.176
2.739 4.285
3.433 4.176
4.409 4.401
5.367 5.04
5.394 7.648
2.157 10.066
1.0 4.957
1.0 4.176
1.256 4.176
1.617 4.176
2.083 4.176
2.683 4.186
3.447 4.185
4.43 4.266
5.58 4.566
6.478 6.742
2.959 9.502
1.183 6.65
1.0 4.216
1.176 4.216
1.497 4.234
1.897 4.184
2.434 4.176
3.134 4.237
3.977 4.199
5.085 4.176
6.548 4.319
8.141 5.201
7.791 7.799
3.116 9.207
1.247 4.415
1.259 4.209
1.596 4.176
2.054 4.176
2.645 4.234
3.359 4.176
4.32 4.349
5.329 4.185
6.816 4.341
8.425 4.894
8.88 6.52
4.569 9.019
1.828 7.754
1.0 4.176
1.144 4.176
1.474 4.243
1.867 4.176
2.4 4.176
3.091 4.25
3.91 4.254
4.93 4.409
5.973 4.502
7.023 5.902
5.105 8.292
2.042 8.616
1.0 4.176
1.11 4.176
1.43 4.176
1.841 4.221
2.345 4.233
2.975 4.202
3.802 4.344
4.692 4.238
5.923 4.295
7.395 5.899
5.443 8.959
2.177 9.055
1.0 4.176
1.092 4.176
1.407 4.176
1.812 4.176
2.334 4.176
3.006 4.176
3.873 4.176
4.99 4.24
6.33 4.286
7.92 5.25
7.468 7.48
2.987 10.147
1.195 6.227
1.0 4.176
1.205 4.176
1.552 4.176
1.999 4.176
2.575 4.176
3.317 4.203
4.244 4.4
5.162 4.296
6.408 4.412
7.746 5.524
6.588 8.224
2.635 8.994
1.054 4.503
1.044 4.247
1.308 4.215
1.664 4.176
2.141 4.176
2.758 4.176
3.553 4.237
4.508 4.339
5.565 4.235
7.031 5.309
6.51 7.284
2.604 9.75
1.042 4.176
1.109 4.176
1.428 4.256
1.804 4.176
2.317 4.176
2.986 4.176
3.847 4.176
4.957 4.201
6.349 4.337
7.852 4.839
8.414 7.024
3.366 9.488
1.346 7.008
1.0 4.176
1.175 4.176
1.513 4.216
1.929 4.176
2.482 4.32
3.084 4.289
3.845 4.176
4.938 4.411
5.994 5.12
5.869 6.876
2.348 9.761
1.0 6.779
1.0 4.22
1.17 4.22
1.488 4.176
1.913 4.176
2.464 4.242
3.123 4.219
3.972 4.242
5.028 4.176
6.465 4.448
7.773 5.363
6.998 7.325
2.799 9.544
1.12 4.176
1.201 4.176
1.547 4.176
1.993 4.251
2.52 4.179
3.237 4.305
4.037 4.176
5.181 4.198
6.641 4.344
8.198 4.943
8.511 7.101
3.405 9.581
1.362 6.797
1.0 4.232
1.165 4.176
1.498 4.176
1.93 4.192
2.476 4.176
3.188 4.198
4.086 4.176
5.261 4.178
6.777 5.495
5.89 8.169
2.356 9.561
1.0 4.35
1.017 4.176
1.303 4.176
1.678 4.176
2.161 4.213
2.759 4.2
3.529 4.442
4.245 4.301
5.257 4.545
6.131 5.604
5.026 8.295
2.01 8.122
1.0 4.204
1.121 4.176
1.443 4.214
1.841 4.176
2.369 4.293
2.964 4.24
3.745 4.193
4.795 4.176
6.177 4.176
7.96 4.84
8.579 7.263
3.432 9.891
1.373 5.314
1.0 4.22
1.229 4.176
1.58 4.176
2.036 4.176
2.623 4.288
3.287 4.176
4.221 4.407
5.129 4.37
6.247 5.225
5.919 7.209
2.367 9.651
1.0 5.751
1.0 4.176
1.225 4.176
1.578 4.176
2.033 4.21
2.597 4.224
3.303 4.21
4.214 4.286
5.277 4.539
6.169 5.787
4.7 8.35
1.88 8.353
1.0 4.176
1.121 4.176
1.444 4.244
1.829 4.176
2.351 4.176
3.029 4.176
3.903 4.282
4.898 4.21
6.239 4.448
7.492 5.752
5.819 8.65
2.328 9.352
1.0 4.37
1.019 4.336
1.253 4.186
1.602 4.176
2.063 4.176
2.658 4.176
3.424 4.231
4.353 4.343
5.368 5.088
5.325 7.616
2.13 9.85
1.0 5.176
1.0 4.176
1.248 4.176
1.607 4.256
2.029 4.176
2.608 4.176
3.36 4.244
4.256 4.182
5.464 4.562
6.369 5.387
5.656 8.333
2.262 9.539
1.0 4.176
1.073 4.216
1.369 4.176
1.761 4.191
2.259 4.176
2.909 4.176
3.748 4.176
4.829 4.187
6.205 4.606
7.145 4.874
7.498 6.944
2.999 9.226
1.2 4.262
1.27 4.176
1.632 4.176
2.102 4.176
2.708 4.176
3.489 4.176
4.496 4.176
5.794 4.238
7.353 4.35
9.052 4.47
10.758 5.853
8.001 8.477
3.201 8.81
1.28 4.176
1.412 4.176
1.819 4.176
2.343 4.176
3.019 4.176
3.89 4.176
5.013 4.176
6.461 4.176
8.328 4.428
10.066 4.644
11.376 5.826
8.481 8.374
3.392 8.818
1.357 4.256
1.462 4.176
1.878 4.176
2.42 4.176
3.118 4.176
4.019 4.176
5.179 4.215
6.611 4.256
8.342 4.176
10.727 4.353
13.224 5.007
13.459 6.707
6.068 9.47
2.427 7.37
1.0 4.176
1.161 4.176
1.495 4.176
1.927 4.176
2.483 4.264
3.13 4.176
4.024 4.215
5.136 4.475
6.124 4.57
7.054 5.942
5.019 8.441
2.008 8.087
1.0 4.176
1.132 4.176
1.459 4.176
1.879 4.176
2.422 4.237
3.074 4.176
3.955 4.282
4.964 4.484
5.892 4.53
6.859 5.938
4.901 8.687
1.96 8.261
1.0 4.221
1.111 4.176
1.429 4.176
1.842 4.176
2.373 4.176
3.058 4.176
3.942 4.176
5.081 4.375
6.228 4.308
7.717 5.016
7.846 7.19
3.139 9.57
1.255 6.198
1.0 4.226
1.192 4.226
1.514 4.176
1.948 4.176
2.511 4.176
3.236 4.176
4.17 4.363
5.128 4.176
6.571 4.331
8.147 5.743
6.392 8.347
2.557 9.432
1.023 4.392
1.032 4.176
1.321 4.176
1.703 4.176
2.194 4.176
2.828 4.249
3.579 4.265
4.501 4.176
5.786 4.337
7.163 5.081
7.126 7.418
2.85 10.127
1.14 5.163
1.0 4.176
1.249 4.176
1.609 4.232
2.045 4.186
2.625 4.176
3.382 4.23
4.301 4.263
5.415 4.314
6.724 4.842
7.207 6.706
3.299 9.922
1.32 7.83
1.0 4.176
1.142 4.176
1.472 4.208
1.881 4.176
2.421 4.176
3.12 4.233
3.965 4.176
5.101 4.51
6.033 4.865
6.373 6.741
2.839 9.711
1.136 6.631
1.0 4.176
1.19 4.176
1.533 4.176
1.975 4.176
2.545 4.176
3.28 4.176
4.227 4.321
5.253 4.352
6.445 4.229
8.154 5.289
7.606 8.061
3.042 9.597
1.217 4.457
1.195 4.176
1.526 4.176
1.967 4.176
2.534 4.192
3.253 4.177
4.189 4.209
5.354 4.185
6.878 4.27
8.657 4.493
10.254 5.162
9.872 7.549
3.949 9.43
1.58 5.455
1.061 4.176
1.312 4.176
1.691 4.176
2.179 4.259
2.75 4.213
3.503 4.442
4.213 4.322
5.19 4.516
6.098 5.851
4.528 8.838
1.811 9.089
1.0 4.176
1.092 4.176
1.407 4.176
1.812 4.242
2.297 4.252
2.898 4.176
3.726 4.176
4.802 4.202
6.15 4.333
7.613 4.805
8.242 7.072
3.297 9.809
1.319 6.953
1.0 4.176
1.177 4.176
1.517 4.176
1.954 4.326
2.425 4.176
3.11 4.454
3.732 4.176
4.768 5.026
4.856 6.685
2.218 9.473
1.0 6.449
1.0 4.176
1.197 4.176
1.542 4.267
1.942 4.176
2.496 4.176
3.216 4.176
4.143 4.303
5.172 4.225
6.558 4.604
7.547 5.752
5.814 8.698
2.326 9.388
1.0 4.176
1.08 4.176
1.391 4.176
1.792 4.176
2.308 4.176
2.974 4.176
3.832 4.243
4.856 4.544
5.677 4.52
6.611 5.456
5.737 8.227
2.295 9.139
1.0 4.176
1.09 4.176
1.404 4.176
1.808 4.176
2.33 4.177
3.001 4.176
3.867 4.297
4.834 4.416
5.837 4.369
7.107 5.469
6.182 8.097
2.473 10.065
1.0 6.117
1.0 4.176
1.21 4.176
1.559 4.176
2.008 4.228
2.554 4.184
3.279 4.306
4.088 4.38
4.98 4.466
5.917 5.678
4.729 8.118
1.892 9.604
1.0 4.176
1.071 4.176
1.379 4.176
1.777 4.176
2.288 4.223
2.914 4.196
3.73 4.484
4.437 4.313
5.469 4.586
6.303 6.17
4.02 9.046
1.608 8.033
1.0 4.36
1.075 4.276
1.343 4.176
1.724 4.176
2.221 4.176
2.86 4.267
3.602 4.237
4.558 4.243
5.764 5.32
5.313 7.692
2.125 9.407
1.0 4.877
1.0 4.182
1.258 4.182
1.618 4.22
2.06 4.176
2.651 4.211
3.385 4.275
4.249 4.294
5.298 5.05
5.328 7.242
2.131 10.069
1.0 5.992
1.0 4.245
1.193 4.245
1.507 4.204
1.924 4.202
2.46 4.176
3.165 4.176
4.078 4.176
5.253 4.272
6.607 4.803
7.169 6.747
3.194 9.507
1.277 7.159
1.0 4.195
1.162 4.23
1.476 4.176
1.898 4.176
2.444 4.176
3.149 4.196
4.036 4.249
5.102 4.257
6.426 5.424
5.707 8.178
2.283 9.378
1.0 4.176
1.08 4.176
1.39 4.202
1.779 4.273
2.235 4.176
2.87 4.23
3.647 4.176
4.69 4.214
5.985 4.425
7.227 5.753
5.614 7.809
2.246 8.277
1.0 4.242
1.103 4.242
1.394 4.176
1.792 4.211
2.288 4.176
2.944 4.267
3.708 4.278
4.643 4.23
5.883 4.821
6.359 6.973
2.544 9.337
1.017 6.43
1.0 4.176
1.198 4.176
1.543 4.176
1.987 4.252
2.511 4.176
3.227 4.2
4.132 4.3
5.156 4.579
5.956 5.377
5.303 7.685
2.121 9.044
1.0 4.176
1.093 4.176
1.408 4.176
1.813 4.176
2.336 4.176
3.009 4.176
3.876 4.357
4.77 4.301
5.921 4.479
7.028 5.243
6.585 7.213
2.634 8.761
1.054 4.852
1.0 4.176
1.261 4.176
1.624 4.176
2.092 4.201
2.679 4.261
3.376 4.265
4.242 4.176
5.45 4.671
6.165 6.623
3.023 9.181
1.209 6.405
1.0 4.176
1.199 4.176
1.544 4.176
1.989 4.176
2.563 4.214
3.27 4.176
4.208 4.19
5.403 4.435
6.514 4.325
8.017 5.357
7.271 8.027
2.908 9.56
1.163 4.176
1.248 4.176
1.607 4.176
2.071 4.176
2.668 4.229
3.392 4.176
4.362 4.176
5.621 4.189
7.219 4.383
8.823 4.911
9.233 6.561
4.622 8.993
1.849 6.914
1.0 4.176
1.179 4.176
1.518 4.176
1.956 4.176
2.52 4.176
3.247 4.227
4.13 4.261
5.202 4.283
6.508 4.534
7.618 6.062
5.138 9.152
2.055 8.948
1.0 4.176
1.097 4.176
1.413 4.176
1.821 4.225
2.317 4.176
2.981 4.176
3.84 4.176
4.948 4.182
6.366 4.363
7.822 5.775
6.043 8.373
2.417 9.399
1.0 4.176
1.079 4.176
1.39 4.176
1.791 4.176
2.307 4.315
2.87 4.176
3.682 4.176
4.743 4.176
6.112 4.443
7.356 4.879
7.756 7.035
3.102 9.744
1.241 6.748
1.0 4.176
1.185 4.176
1.527 4.176
1.967 4.176
2.534 4.351
3.123 4.176
4.002 4.176
5.156 4.176
6.643 4.673
7.51 4.903
7.791 5.919
5.494 8.151
2.198 6.993
1.0 4.176
1.176 4.176
1.514 4.257
1.912 4.176
2.457 4.179
3.164 4.176
4.076 4.195
5.228 4.176
6.733 4.325
8.357 5.357
7.581 7.865
3.032 9.621
1.213 4.361
1.227 4.176
1.572 4.194
2.016 4.176
2.596 4.251
3.283 4.21
4.185 4.176
5.387 4.176
6.942 4.176
8.946 4.351
11.031 5.595
9.161 7.707
3.664 8.733
1.466 4.889
1.289 4.176
1.624 4.176
2.092 4.185
2.69 4.235
3.415 4.176
4.392 4.248
5.56 4.315
6.903 4.605
7.916 4.403
9.495 5.536
8.045 7.461
3.218 8.805
1.287 4.193
1.413 4.176
1.82 4.176
2.345 4.176
3.022 4.176
3.894 4.289
4.879 4.176
6.266 4.176
8.076 4.254
10.209 4.597
11.76 5.851
8.695 8.377
3.478 9.13
1.391 4.626
1.318 4.176
1.674 4.176
2.157 4.228
2.745 4.176
3.531 4.176
4.551 4.186
5.851 4.176
7.538 4.277
9.474 4.45
11.348 5.287
10.493 7.903
4.197 9.933
1.679 6.509
1.0 4.176
1.195 4.176
1.54 4.176
1.984 4.176
2.557 4.383
3.127 4.33
3.851 4.286
4.804 4.356
5.895 4.552
6.851 6.132
4.465 8.367
1.786 8.231
1.0 4.176
1.126 4.176
1.451 4.176
1.87 4.257
2.362 4.176
3.036 4.183
3.905 4.176
5.032 4.256
6.357 4.214
8.096 4.844
8.703 6.685
4.04 9.219
1.616 7.169
1.0 4.176
1.169 4.176
1.506 4.253
1.904 4.176
2.447 4.176
3.154 4.176
4.065 4.25
5.143 4.176
6.614 4.743
7.332 6.523
3.811 9.187
1.524 7.263
1.0 4.176
1.165 4.176
1.501 4.176
1.934 4.176
2.493 4.176
3.213 4.267
4.047 4.363
4.961 4.265
6.216 4.827
6.703 6.615
3.265 8.967
1.306 6.935
1.0 4.228
1.162 4.176
1.494 4.176
1.926 4.176
2.482 4.185
3.191 4.176
4.111 4.31
5.123 4.721
5.688 6.581
2.856 9.488
1.142 6.312
1.0 4.176
1.203 4.176
1.55 4.235
1.968 4.176
2.532 4.176
3.263 4.176
4.205 4.176
5.42 4.384
6.627 4.473
7.86 5.845
5.865 8.473
2.346 8.821
1.0 4.176
1.103 4.176
1.421 4.179
1.83 4.176
2.357 4.176
3.038 4.176
3.915 4.211
5.002 4.251
6.321 4.257
7.965 5.351
7.264 8.063
2.906 9.841
1.162 4.597
1.079 4.176
1.372 4.176
1.767 4.176
2.278 4.259
2.875 4.176
3.696 4.233
4.696 4.273
5.897 4.283
7.376 4.486
8.749 5.618
7.156 8.144
2.862 10.3
1.145 4.88
1.0 4.238
1.241 4.238
1.571 4.176
2.021 4.176
2.604 4.176
3.355 4.176
4.324 4.197
5.544 4.358
6.82 4.534
7.964 5.462
6.893 7.838
2.757 8.923
1.103 4.522
1.09 4.176
1.39 4.176
1.791 4.253
2.264 4.253
2.855 4.176
3.671 4.176
4.731 4.176
6.098 4.22
7.774 4.7
8.712 6.83
3.693 9.578
1.477 5.955
1.0 4.271
1.187 4.222
1.508 4.176
1.941 4.176
2.501 4.176
3.223 4.237
4.092 4.272
5.139 4.627
5.867 5.659
4.689 8.467
1.875 9.038
1.0 4.176
1.094 4.176
1.41 4.176
1.817 4.221
2.315 4.176
2.979 4.293
3.729 4.176
4.789 4.296
5.989 4.575
6.931 6.075
4.637 8.805
1.855 8.935
1.0 4.361
1.039 4.176
1.331 4.176
1.716 4.246
2.173 4.176
2.794 4.215
3.566 4.176
4.59 4.23
5.837 4.508
6.894 5.86
5.102 8.135
2.041 9.1
1.0 4.176
1.092 4.176
1.406 4.244
1.782 4.176
2.291 4.24
2.906 4.343
3.584 4.176
4.595 4.25
5.813 4.476
6.921 6.392
3.959 9.236
1.584 7.643
1.0 4.176
1.15 4.241
1.458 4.194
1.866 4.176
2.404 4.176
3.098 4.332
3.838 4.204
4.888 4.388
5.965 4.764
6.522 6.156
4.145 9.005
1.658 8.139
1.0 4.176
1.13 4.176
1.456 4.292
1.822 4.176
2.34 4.176
3.015 4.176
3.885 4.277
4.882 4.405
5.917 4.284
7.368 5.716
5.856 8.47
2.342 9.31
1.0 4.176
1.083 4.176
1.396 4.176
1.798 4.224
2.29 4.203
2.926 4.176
3.768 4.21
4.815 4.307
5.998 4.299
7.464 5.051
7.506 7.292
3.003 10.001
1.201 6.309
1.0 4.176
1.203 4.176
1.55 4.176
1.997 4.176
2.574 4.176
3.317 4.176
4.274 4.246
5.413 4.251
6.831 4.599
7.865 5.283
7.234 6.717
3.157 8.619
1.263 4.971
1.083 4.176
1.361 4.176
1.754 4.176
2.261 4.184
2.908 4.229
3.697 4.225
4.7 4.176
6.048 4.412
7.341 4.904
7.692 6.714
3.481 9.276
1.393 6.88
1.0 4.176
1.18 4.176
1.521 4.176
1.96 4.243
2.484 4.176
3.195 4.248
4.044 4.176
5.2 4.233
6.608 4.533
7.752 6.309
4.622 9.015
1.849 9.036
1.0 4.176
1.094 4.176
1.41 4.176
1.817 4.265
2.289 4.176
2.942 4.237
3.735 4.274
4.687 4.211
5.97 4.244
7.557 5.055
7.607 7.45
3.043 9.424
1.217 4.956
1.011 4.176
1.271 4.176
1.638 4.176
2.111 4.247
2.672 4.176
3.436 4.182
4.422 4.227
5.627 4.41
6.822 5.002
6.937 7.632
2.775 9.697
1.11 4.913
1.0 4.176
1.259 4.176
1.622 4.176
2.091 4.176
2.694 4.24
3.418 4.321
4.238 4.266
5.316 4.568
6.17 5.345
5.562 7.345
2.225 9.415
1.0 4.744
1.0 4.176
1.266 4.176
1.631 4.2
2.09 4.222
2.66 4.214
3.392 4.284
4.249 4.273
5.327 4.792
5.802 6.516
3.017 9.4
1.207 6.856
1.0 4.176
1.181 4.176
1.522 4.176
1.962 4.244
2.486 4.176
3.196 4.176
4.119 4.26
5.199 4.176
6.683 4.444
8.044 4.932
8.348 6.654
3.928 9.23
1.571 6.124
1.0 4.176
1.211 4.176
1.56 4.176
2.011 4.176
2.591 4.176
3.339 4.176
4.304 4.176
5.547 4.488
6.599 4.962
6.774 6.394
3.74 8.824
1.496 7.184
1.0 4.176
1.168 4.195
1.498 4.24
1.899 4.176
2.443 4.214
3.119 4.176
4.015 4.176
5.175 4.285
6.491 4.933
6.775 6.953
2.71 9.809
1.084 5.657
1.0 4.269
1.2 4.269
1.506 4.186
1.931 4.203
2.471 4.176
3.182 4.176
4.101 4.176
5.285 4.341
6.535 4.544
7.615 6.18
4.85 8.934
1.94 7.56
1.0 4.176
1.153 4.176
1.486 4.176
1.915 4.176
2.468 4.208
3.156 4.176
4.064 4.176
5.238 4.399
6.38 4.577
7.353 5.581
6.074 8.157
2.43 9.141
1.0 4.255
1.065 4.176
1.369 4.176
1.764 4.176
2.274 4.176
2.93 4.186
3.768 4.337
4.662 4.277
5.829 4.212
7.423 4.941
7.751 6.727
3.465 9.184
1.386 6.492
1.0 4.176
1.196 4.202
1.532 4.176
1.972 4.176
2.542 4.376
3.114 4.376
3.791 4.308
4.697 4.554
5.465 5.292
5.021 7.764
2.009 9.434
1.0 4.176
1.078 4.176
1.39 4.25
1.758 4.176
2.261 4.176
2.914 4.176
3.755 4.184
4.831 4.223
6.153 4.297
7.683 5.105
7.596 7.674
3.038 9.97
1.215 6.578
1.0 4.21
1.182 4.176
1.521 4.176
1.96 4.176
2.527 4.212
3.227 4.232
4.097 4.247
5.179 4.341
6.389 4.233
8.077 5.077
8.078 7.16
3.231 9.589
1.292 5.685
1.0 4.176
1.228 4.176
1.583 4.176
2.04 4.176
2.629 4.176
3.389 4.176
4.367 4.493
5.189 4.33
6.368 4.822
6.861 6.742
3.067 9.436
1.227 6.484
1.0 4.176
1.196 4.176
1.542 4.176
1.987 4.176
2.561 4.176
3.3 4.176
4.254 4.199
5.451 4.327
6.76 4.545
7.879 5.177
7.531 6.705
3.349 8.715
1.339 5.767
1.0 4.176
1.225 4.176
1.579 4.176
2.035 4.239
2.582 4.176
3.321 4.333
4.115 4.245
5.188 4.402
6.3 5.146
6.121 7.178
2.448 9.734
1.0 6.02
1.0 4.176
1.215 4.176
1.566 4.176
2.018 4.176
2.601 4.264
3.279 4.268
4.119 4.379
5.028 4.308
6.229 4.47
7.414 6.018
5.126 8.424
2.051 7.362
1.0 4.176
1.161 4.176
1.497 4.176
1.929 4.176
2.486 4.202
3.184 4.205
4.071 4.307
5.073 4.403
6.147 4.482
7.27 5.706
5.745 8.38
2.298 9.136
1.0 4.176
1.09 4.176
1.405 4.176
1.811 4.186
2.328 4.176
3.0 4.176
3.867 4.207
4.946 4.243
6.264 4.423
7.566 5.331
6.899 7.563
2.76 8.991
1.104 5.268
1.0 4.176
1.245 4.176
1.605 4.176
2.068 4.176
2.666 4.176
3.436 4.176
4.429 4.176
5.709 4.557
6.668 5.865
4.912 8.266
1.965 8.491
1.0 4.176
1.116 4.176
1.439 4.176
1.854 4.176
2.39 4.176
3.08 4.176
3.97 4.176
5.118 4.181
6.589 4.365
8.096 5.117
7.953 7.21
3.181 9.436
1.272 6.292
1.0 4.176
1.204 4.176
1.552 4.213
1.982 4.218
2.525 4.176
3.251 4.246
4.118 4.176
5.296 4.245
6.711 4.458
8.031 4.97
8.234 7.275
3.294 9.995
1.317 6.039
1.0 4.176
1.214 4.176
1.565 4.176
2.017 4.176
2.6 4.176
3.351 4.237
4.255 4.176
5.474 4.281
6.873 4.176
8.831 4.798
9.638 6.79
4.172 9.526
1.669 7.302
1.0 4.176
1.164 4.176
1.5 4.176
1.933 4.176
2.492 4.176
3.212 4.279
4.035 4.349
4.962 4.378
6.043 4.539
7.044 6.175
4.5 9.229
1.8 7.992
1.0 4.176
1.136 4.176
1.464 4.176
1.887 4.176
2.433 4.176
3.135 4.226
3.991 4.23
5.068 4.176
6.522 4.311
8.128 5.207
7.769 7.625
3.107 9.261
1.243 4.269
1.312 4.176
1.687 4.226
2.147 4.176
2.763 4.176
3.562 4.207
4.556 4.176
5.867 4.251
7.423 4.176
9.547 4.466
11.427 5.716
9.002 8.54
3.601 9.24
1.44 4.476
1.427 4.176
1.822 4.176
2.349 4.176
3.028 4.241
3.84 4.176
4.94 4.234
6.277 4.321
7.787 4.181
9.981 4.351
12.31 4.726
13.63 6.308
8.03 9.159
3.212 7.923
1.285 4.176
1.463 4.176
1.886 4.176
2.431 4.176
3.134 4.176
4.04 4.176
5.207 4.176
6.713 4.186
8.632 4.245
10.936 4.417
13.23 5.665
10.664 8.239
4.265 9.943
1.706 4.176
1.806 4.176
2.327 4.176
3.0 4.176
3.867 4.176
4.984 4.176
6.425 4.176
8.283 4.176
10.677 4.238
13.555 4.271
17.032 4.782
18.611 6.122
12.025 9.02
4.81 8.294
1.924 4.208
2.143 4.176
2.76 4.176
3.558 4.176
4.586 4.176
5.912 4.176
7.621 4.176
9.825 4.383
12.019 4.217
15.239 4.426
18.41 4.614
20.987 6.128
13.662 8.516
5.465 8.264
2.186 4.215
2.433 4.176
3.133 4.229
3.985 4.176
5.129 4.176
6.612 4.176
8.524 4.176
10.989 4.226
13.993 4.253
17.67 4.376
21.604 5.56
18.173 7.927
7.269 8.899
2.908 5.063
2.379 4.243
2.931 4.176
3.771 4.176
4.861 4.195
6.237 4.176
8.036 4.176
10.361 4.176
13.358 4.193
17.15 4.176
22.1 4.498
26.232 5.962
18.586 8.58
7.434 9.614
2.974 4.598
2.787 4.176
3.546 4.176
4.571 4.176
5.893 4.176
7.597 4.265
9.58 4.176
12.317 4.176
15.88 4.235
20.176 4.203
25.793 4.268
32.474 5.15
31.694 7.51
12.678 10.632
5.071 6.696
2.028 4.176
2.41 4.176
3.107 4.176
4.005 4.176
5.164 4.176
6.657 4.176
8.582 4.184
11.043 4.378
13.525 4.281
16.877 4.327
20.879 5.539
17.744 8.451
7.098 10.635
2.839 6.141
1.152 4.176
1.394 4.229
1.774 4.176
2.283 4.176
2.943 4.364
3.618 4.21
4.598 4.176
5.921 4.299
7.402 4.452
8.857 5.18
8.493 7.526
3.397 9.486
1.359 5.842
1.0 4.176
1.222 4.176
1.576 4.176
2.031 4.176
2.618 4.298
3.274 4.32
4.055 4.176
5.204 4.181
6.701 4.458
8.037 6.306
4.827 9.156
