1.0 4.764
1.089 4.764
1.197 4.176
1.553 4.24
2.027 4.176
2.69 4.189
3.571 4.284
4.635 4.176
6.164 4.546
7.491 6.374
4.548 9.608
1.819 8.63
1.0 4.209
1.092 4.237
1.38 4.176
1.775 4.176
2.294 4.176
2.972 4.176
3.858 4.176
5.017 4.456
6.085 4.783
6.681 6.371
3.847 9.791
1.539 7.463
1.0 4.176
1.151 4.176
1.478 4.176
1.903 4.176
2.452 4.207
3.141 4.223
4.009 4.176
5.181 4.176
6.713 4.619
7.757 5.551
6.519 8.425
2.608 8.936
1.043 4.177
1.141 4.176
1.468 4.176
1.89 4.208
2.418 4.195
3.103 4.176
4.006 4.3
5.021 4.176
6.472 4.258
8.212 5.254
7.79 7.906
3.116 9.986
1.246 5.862
1.0 4.176
1.218 4.176
1.566 4.176
2.017 4.238
2.559 4.251
3.232 4.337
3.995 4.305
4.968 4.456
5.95 5.068
5.931 7.12
2.372 9.244
1.0 4.696
1.0 4.176
1.266 4.176
1.63 4.212
2.082 4.176
2.682 4.193
3.446 4.297
4.314 4.235
5.471 4.648
6.235 6.704
2.917 9.258
1.167 6.414
1.0 4.177
1.197 4.177
1.541 4.182
1.982 4.176
2.555 4.176
3.295 4.23
4.196 4.295
5.25 4.383
6.41 4.437
7.697 5.17
7.431 7.413
2.973 9.625
1.189 4.977
1.0 4.176
1.256 4.176
1.618 4.176
2.086 4.176
2.69 4.176
3.471 4.252
4.397 4.5
5.211 4.375
6.333 5.56
5.341 8.639
2.136 9.737
1.0 4.176
1.064 4.176
1.37 4.176
1.765 4.236
2.24 4.345
2.762 4.176
3.543 4.202
4.541 4.254
5.742 4.294
7.18 5.257
6.766 7.861
2.706 10.045
1.082 4.449
1.045 4.176
1.334 4.176
1.718 4.182
2.21 4.176
2.848 4.176
3.672 4.318
4.571 4.278
5.723 4.578
6.631 5.436
5.792 7.634
2.317 8.462
1.0 4.176
1.116 4.176
1.438 4.176
1.853 4.176
2.389 4.247
3.027 4.176
3.897 4.176
5.029 4.327
6.249 4.492
7.403 5.892
5.421 8.958
2.169 8.85
1.0 4.176
1.101 4.176
1.418 4.176
1.827 4.176
2.354 4.176
3.036 4.176
3.915 4.246
4.963 4.583
5.748 4.29
7.116 5.175
6.891 7.808
2.756 10.062
1.102 5.278
1.0 4.176
1.244 4.176
1.602 4.176
2.064 4.196
2.647 4.227
3.367 4.205
4.304 4.176
5.547 4.253
7.02 5.144
6.875 7.445
2.75 9.601
1.1 4.176
1.178 4.176
1.517 4.239
1.925 4.176
2.476 4.176
3.193 4.363
3.927 4.176
5.036 4.176
6.498 4.322
8.084 4.274
10.135 5.517
8.719 8.254
3.487 9.706
1.395 4.264
1.449 4.176
1.862 4.176
2.4 4.195
3.08 4.176
3.969 4.176
5.118 4.185
6.588 4.327
8.182 4.223
10.388 4.29
13.014 4.788
14.208 6.568
7.18 9.436
2.872 7.672
1.149 4.176
1.32 4.176
1.701 4.176
2.192 4.186
2.82 4.2
3.614 4.191
4.641 4.176
5.985 4.188
7.7 4.217
9.836 4.993
10.124 6.649
4.771 9.469
1.908 7.921
1.0 4.176
1.139 4.176
1.467 4.282
1.842 4.232
2.334 4.237
2.959 4.176
3.809 4.176
4.913 4.465
5.887 4.312
7.274 4.956
7.543 7.215
3.017 9.455
1.207 5.899
1.0 4.189
1.216 4.189
1.561 4.176
2.011 4.176
2.593 4.176
3.345 4.247
4.238 4.368
5.197 4.176
6.666 4.463
7.994 5.527
6.789 8.011
2.715 8.879
1.086 4.334
1.141 4.224
1.446 4.176
1.861 4.245
2.359 4.176
3.036 4.219
3.875 4.23
4.926 4.258
6.217 4.293
7.772 4.924
8.145 6.881
3.258 9.702
1.303 7.062
1.0 4.176
1.173 4.212
1.499 4.185
1.926 4.24
2.443 4.217
3.112 4.187
3.998 4.601
4.615 4.859
4.873 6.761
2.145 9.405
1.0 6.411
1.0 4.176
1.199 4.176
1.545 4.179
1.99 4.176
2.565 4.186
3.299 4.216
4.211 4.305
5.251 4.46
6.272 4.844
6.686 6.596
3.298 8.93
1.319 5.994
1.0 4.176
1.216 4.192
1.561 4.247
1.976 4.176
2.542 4.232
3.233 4.242
4.094 4.298
5.111 4.382
6.233 5.306
5.749 7.53
2.3 10.308
1.0 5.757
1.0 4.176
1.225 4.176
1.579 4.176
2.034 4.176
2.622 4.176
3.38 4.176
4.358 4.276
5.481 4.93
5.732 7.586
2.293 9.92
1.0 5.168
1.0 4.176
1.248 4.176
1.608 4.176
2.073 4.176
2.671 4.176
3.443 4.176
4.438 4.335
5.498 4.563
6.378 5.919
4.589 8.791
1.835 9.246
1.0 4.176
1.085 4.176
1.398 4.176
1.8 4.176
2.319 4.251
2.933 4.176
3.772 4.397
4.596 4.391
5.57 5.171
5.369 7.675
2.148 9.554
1.0 5.063
1.0 4.215
1.24 4.215
1.58 4.258
1.991 4.176
2.559 4.176
3.297 4.218
4.205 4.176
5.413 4.288
6.785 4.9
7.153 6.808
3.025 9.388
1.21 6.364
1.0 4.176
1.2 4.176
1.546 4.342
1.91 4.176
2.448 4.176
3.155 4.297
3.944 4.327
4.875 4.293
6.073 4.932
6.34 6.76
2.769 9.352
1.108 5.632
1.0 4.176
1.23 4.176
1.584 4.176
2.041 4.176
2.63 4.176
3.389 4.449
4.074 4.233
5.133 4.443
6.169 5.061
6.15 7.145
2.46 9.743
1.0 6.581
1.0 4.176
1.192 4.176
1.535 4.176
1.977 4.187
2.54 4.176
3.272 4.176
4.216 4.284
5.289 4.254
6.663 4.376
8.144 5.524
6.941 8.374
2.777 10.187
1.111 4.176
1.163 4.176
1.498 4.176
1.929 4.261
2.433 4.176
3.127 4.176
4.028 4.225
5.128 4.317
6.369 4.412
7.695 4.723
8.508 6.714
3.911 9.346
1.564 7.119
1.0 4.176
1.17 4.176
1.507 4.176
1.941 4.176
2.501 4.176
3.222 4.298
4.027 4.199
5.14 4.255
6.491 4.954
6.74 6.47
3.559 9.032
1.423 7.268
1.0 4.176
1.164 4.176
1.499 4.176
1.931 4.259
2.437 4.452
2.918 4.176
3.727 4.242
4.725 4.406
5.731 4.867
6.074 7.207
2.43 9.619
1.0 5.911
1.0 4.176
1.218 4.176
1.569 4.176
2.021 4.176
2.604 4.176
3.355 4.226
4.269 4.176
5.493 4.313
6.839 4.403
8.284 5.679
6.641 8.385
2.657 9.393
1.063 4.557
1.018 4.176
1.295 4.238
1.643 4.176
2.112 4.176
2.721 4.176
3.506 4.281
4.4 4.177
5.651 4.375
6.925 5.105
6.824 7.578
2.729 9.412
1.092 4.176
1.177 4.203
1.507 4.176
1.939 4.176
2.498 4.176
3.219 4.176
4.148 4.196
5.319 4.176
6.851 4.313
8.532 4.984
8.759 7.024
3.504 9.728
1.401 5.569
1.0 4.176
1.232 4.176
1.588 4.176
2.046 4.176
2.636 4.176
3.397 4.264
4.282 4.176
5.504 4.176
7.095 4.852
7.621 6.882
3.058 9.794
1.223 6.81
1.0 4.176
1.183 4.176
1.524 4.176
1.963 4.176
2.529 4.176
3.259 4.307
4.064 4.234
5.141 4.243
6.505 4.349
8.01 5.709
6.364 8.037
2.546 8.072
1.018 4.176
1.153 4.176
1.486 4.176
1.914 4.176
2.467 4.176
3.179 4.301
3.971 4.22
5.044 4.267
6.347 4.268
7.974 5.026
8.095 6.787
3.438 9.65
1.375 7.298
1.0 4.176
1.163 4.176
1.499 4.234
1.904 4.22
2.422 4.211
3.09 4.221
3.934 4.176
5.063 4.409
6.152 4.54
7.161 6.188
4.544 9.026
1.818 8.131
1.0 4.241
1.109 4.241
1.403 4.176
1.804 4.197
2.313 4.213
2.951 4.221
3.757 4.401
4.567 4.259
5.725 4.557
6.667 6.049
4.52 8.366
1.808 8.266
1.0 4.235
1.106 4.176
1.422 4.176
1.832 4.176
2.361 4.25
2.987 4.198
3.82 4.176
4.92 4.318
6.119 4.455
7.311 6.075
4.927 9.225
1.971 8.517
1.0 4.183
1.112 4.183
1.43 4.176
1.842 4.248
2.331 4.222
2.963 4.176
3.813 4.274
4.796 4.249
6.051 4.176
7.782 5.053
7.861 7.272
3.144 9.75
1.258 6.734
1.0 4.176
1.186 4.176
1.528 4.176
1.968 4.194
2.524 4.217
3.218 4.201
4.116 4.394
5.015 4.402
6.06 5.482
5.238 8.138
2.095 9.638
1.0 4.176
1.07 4.176
1.378 4.176
1.775 4.176
2.287 4.247
2.894 4.176
3.721 4.176
4.795 4.176
6.18 4.439
7.448 5.275
6.918 7.333
2.767 8.95
1.107 5.002
1.0 4.176
1.255 4.176
1.617 4.224
2.059 4.254
2.598 4.176
3.34 4.328
4.143 4.24
5.23 4.719
5.824 5.922
4.146 8.92
1.658 7.807
1.0 4.176
1.143 4.176
1.472 4.176
1.897 4.176
2.444 4.176
3.15 4.223
4.012 4.176
5.163 4.255
6.524 4.549
7.615 5.925
5.465 8.763
2.186 8.817
1.0 4.176
1.102 4.176
1.42 4.176
1.83 4.176
2.358 4.182
3.033 4.176
3.908 4.295
4.889 4.374
5.969 4.574
6.891 6.39
3.919 9.288
1.568 7.165
1.0 4.176
1.169 4.176
1.505 4.254
1.902 4.438
2.286 4.217
2.892 4.176
3.722 4.176
4.797 4.444
5.774 4.608
6.586 6.232
4.068 8.642
1.627 7.502
1.0 4.206
1.146 4.206
1.464 4.269
1.841 4.176
2.365 4.176
3.047 4.204
3.899 4.176
5.021 4.246
6.36 4.744
7.03 6.236
4.295 8.942
1.718 7.596
1.0 4.176
1.151 4.176
1.483 4.176
1.911 4.176
2.463 4.265
3.104 4.176
3.988 4.176
5.14 4.337
6.362 4.448
7.608 5.608
6.259 8.272
2.503 9.161
1.001 4.176
1.09 4.176
1.405 4.211
1.794 4.205
2.293 4.228
2.914 4.208
3.719 4.368
4.562 4.21
5.795 4.498
6.868 5.474
5.928 8.396
2.371 9.59
1.0 4.532
1.0 4.176
1.274 4.243
1.614 4.176
2.075 4.176
2.674 4.176
3.446 4.176
4.441 4.293
5.558 4.573
6.436 6.561
3.31 9.357
1.324 7.805
1.0 4.176
1.143 4.176
1.472 4.176
1.897 4.176
2.444 4.176
3.149 4.315
3.918 4.177
5.026 4.176
6.477 4.53
7.618 5.866
5.616 9.046
2.246 8.682
1.0 4.176
1.108 4.176
1.427 4.176
1.838 4.176
2.369 4.22
3.019 4.176
3.884 4.176
5.005 4.176
6.45 4.362
7.931 5.342
7.221 8.276
2.889 9.676
1.155 4.295
1.19 4.176
1.528 4.176
1.968 4.176
2.536 4.176
3.267 4.176
4.21 4.176
5.425 4.199
6.951 4.456
8.333 4.213
10.549 5.364
9.594 7.828
3.838 9.82
1.535 5.199
1.131 4.176
1.411 4.219
1.799 4.208
2.296 4.176
2.956 4.176
3.808 4.176
4.908 4.176
6.325 4.176
8.151 4.288
10.215 5.156
9.937 7.011
3.975 9.357
1.59 5.704
1.0 4.176
1.227 4.183
1.578 4.217
2.013 4.176
2.59 4.176
3.338 4.216
4.26 4.176
5.483 4.288
6.872 5.128
6.746 7.551
2.698 9.707
1.079 4.411
1.071 4.176
1.37 4.176
1.765 4.186
2.269 4.176
2.923 4.176
3.767 4.179
4.852 4.529
5.708 4.524
6.645 4.904
6.934 6.876
2.781 9.564
1.112 6.236
1.0 4.176
1.206 4.176
1.554 4.176
2.002 4.245
2.536 4.176
3.261 4.176
4.203 4.512
4.968 4.395
5.991 5.343
5.446 7.347
2.178 9.588
1.0 5.178
1.0 4.176
1.248 4.176
1.608 4.176
2.072 4.176
2.671 4.176
3.442 4.517
4.062 4.2
5.149 4.602
5.934 5.814
4.455 8.695
1.782 8.539
1.0 4.176
1.114 4.176
1.435 4.176
1.849 4.176
2.382 4.22
3.036 4.345
3.744 4.204
4.767 4.176
6.138 4.202
7.861 4.998
8.069 7.188
3.228 9.778
1.291 6.366
1.0 4.176
1.201 4.176
1.547 4.176
1.993 4.194
2.557 4.176
3.293 4.176
4.244 4.176
5.469 4.256
6.91 4.346
8.51 5.254
7.994 7.87
3.197 9.922
1.279 6.074
1.0 4.176
1.212 4.176
1.562 4.176
2.012 4.176
2.593 4.243
3.286 4.299
4.097 4.176
5.26 4.176
6.779 4.382
8.293 5.11
8.156 7.402
3.263 9.874
1.305 5.734
1.0 4.176
1.226 4.176
1.58 4.176
2.035 4.198
2.608 4.176
3.358 4.176
4.328 4.176
5.577 4.539
6.544 5.037
6.547 6.933
2.619 9.861
1.048 4.941
1.0 4.176
1.258 4.176
1.621 4.176
2.088 4.176
2.691 4.247
3.407 4.251
4.299 4.186
5.514 4.536
6.473 6.156
4.173 8.955
1.669 8.663
1.0 4.176
1.109 4.176
1.428 4.176
1.84 4.265
2.319 4.176
2.98 4.191
3.826 4.176
4.928 4.34
6.094 4.499
7.188 6.095
4.784 9.209
1.913 8.609
1.0 4.176
1.111 4.176
1.431 4.176
1.844 4.192
2.366 4.177
3.046 4.176
3.925 4.176
5.058 4.24
6.415 4.262
8.076 5.109
7.984 6.851
3.199 9.441
1.279 6.773
1.0 4.176
1.184 4.176
1.526 4.176
1.966 4.243
2.491 4.176
3.203 4.176
4.127 4.496
4.898 4.309
6.042 5.521
5.17 7.825
2.068 9.903
1.0 4.176
1.059 4.176
1.364 4.176
1.758 4.299
2.196 4.312
2.723 4.316
3.373 4.317
4.176 4.502
4.925 4.663
5.519 5.986
3.827 8.182
1.531 7.838
1.0 4.185
1.139 4.185
1.463 4.192
1.877 4.176
2.418 4.176
3.115 4.208
3.982 4.259
5.021 4.276
6.294 5.194
6.048 7.218
2.419 9.426
1.0 5.589
1.0 4.23
1.215 4.23
1.541 4.209
1.966 4.176
2.53 4.177
3.26 4.176
4.2 4.176
5.412 4.228
6.885 4.761
7.577 5.817
5.633 8.625
2.253 8.031
1.0 4.176
1.134 4.176
1.461 4.176
1.882 4.176
2.425 4.176
3.125 4.243
3.96 4.176
5.093 4.297
6.367 4.564
7.389 5.476
6.353 7.489
2.541 8.503
1.016 4.176
1.134 4.176
1.461 4.176
1.882 4.176
2.425 4.196
3.11 4.176
4.005 4.4
4.876 4.469
5.786 4.469
6.85 5.601
5.644 8.256
2.258 8.688
1.0 4.222
1.093 4.176
1.407 4.176
1.812 4.176
2.336 4.226
2.972 4.24
3.764 4.327
4.661 4.328
5.753 4.395
6.98 5.283
6.477 8.053
2.591 9.425
1.036 4.853
1.0 4.176
1.261 4.176
1.625 4.176
2.094 4.292
2.621 4.176
3.366 4.176
4.338 4.238
5.505 4.57
6.392 5.764
4.909 8.231
1.964 8.367
1.0 4.306
1.079 4.176
1.385 4.176
1.785 4.176
2.3 4.176
2.964 4.188
3.808 4.176
4.906 4.183
6.312 4.226
8.034 5.208
7.702 7.597
3.081 10.005
1.232 6.429
1.0 4.277
1.166 4.277
1.46 4.259
1.837 4.306
2.285 4.176
2.933 4.176
3.779 4.176
4.871 4.277
6.121 4.469
7.293 5.585
6.046 7.859
2.418 9.641
1.0 5.126
1.0 4.176
1.25 4.176
1.611 4.176
2.076 4.176
2.675 4.176
3.447 4.289
4.318 4.464
5.149 4.306
6.364 5.35
5.793 8.459
2.317 9.707
1.0 4.565
1.0 4.186
1.27 4.176
1.635 4.176
2.107 4.176
2.715 4.176
3.498 4.189
4.493 4.432
5.422 4.695
6.037 5.939
4.27 8.016
1.708 6.61
1.0 4.176
1.191 4.176
1.535 4.176
1.977 4.176
2.548 4.26
3.216 4.31
3.996 4.292
4.981 4.214
6.336 4.533
7.437 6.341
4.358 9.359
1.743 8.153
1.0 4.176
1.129 4.176
1.455 4.176
1.875 4.176
2.416 4.176
3.113 4.176
4.011 4.272
5.047 4.234
6.392 4.857
6.839 6.293
4.023 9.047
1.609 6.359
1.0 4.176
1.201 4.176
1.548 4.176
1.994 4.176
2.57 4.268
3.236 4.176
4.159 4.212
5.312 4.685
5.979 4.703
6.582 6.867
2.711 8.913
1.084 6.201
1.0 4.176
1.207 4.176
1.556 4.176
2.005 4.176
2.584 4.255
3.265 4.176
4.197 4.176
5.409 4.202
6.927 4.46
8.295 5.884
6.091 8.764
2.437 8.722
1.0 4.176
1.107 4.176
1.426 4.176
1.837 4.176
2.368 4.28
2.973 4.223
3.775 4.259
4.758 4.221
6.048 4.305
7.537 5.861
5.636 9.137
2.255 8.899
1.0 4.216
1.087 4.216
1.385 4.176
1.782 4.176
2.296 4.176
2.959 4.186
3.804 4.176
4.901 4.249
6.203 4.467
7.403 5.323
6.754 7.514
2.702 9.096
1.081 5.01
1.0 4.176
1.255 4.241
1.591 4.176
2.047 4.176
2.637 4.176
3.399 4.176
4.38 4.232
5.568 4.408
6.753 5.401
6.01 7.882
2.404 9.196
1.0 4.285
1.053 4.176
1.352 4.176
1.743 4.176
2.246 4.176
2.894 4.347
3.572 4.176
4.58 4.471
5.473 4.507
6.414 4.969
6.564 7.009
2.626 9.625
1.05 7.03
1.0 4.176
1.174 4.176
1.513 4.176
1.95 4.176
2.513 4.258
3.172 4.176
4.078 4.28
5.121 4.295
6.385 4.521
7.498 5.445
6.535 7.459
2.614 9.199
1.046 5.635
1.0 4.215
1.218 4.215
1.552 4.208
1.982 4.176
2.551 4.176
3.288 4.235
4.176 4.411
5.06 4.258
6.342 5.047
6.396 7.111
2.558 9.859
1.023 6.337
1.0 4.203
1.193 4.176
1.536 4.176
1.98 4.176
2.551 4.207
3.262 4.176
4.2 4.425
5.08 4.19
6.474 4.545
7.581 6.301
4.535 9.025
1.814 8.367
1.0 4.176
1.121 4.176
1.444 4.176
1.861 4.176
2.398 4.176
3.09 4.176
3.982 4.284
4.994 4.285
6.242 4.638
7.1 6.114
4.643 8.976
1.857 8.533
1.0 4.267
1.085 4.267
1.363 4.192
1.744 4.211
2.227 4.238
2.822 4.258
3.556 4.472
4.236 4.284
5.264 4.367
6.441 5.519
5.5 8.456
2.2 9.914
1.0 4.176
1.059 4.245
1.341 4.176
1.724 4.23
2.192 4.176
2.819 4.176
3.633 4.212
4.64 4.188
5.954 4.538
6.985 5.166
6.701 7.437
2.681 9.033
1.072 5.544
1.0 4.176
1.234 4.176
1.589 4.176
2.048 4.176
2.639 4.176
3.4 4.247
4.305 4.176
5.536 4.372
6.789 5.422
6.006 7.854
2.402 9.33
1.0 4.494
1.0 4.176
1.276 4.176
1.644 4.176
2.118 4.176
2.729 4.256
3.447 4.176
4.431 4.239
5.622 4.534
6.591 6.59
3.339 9.152
1.336 7.268
1.0 4.176
1.165 4.176
1.501 4.176
1.934 4.246
2.448 4.176
3.148 4.176
4.056 4.425
4.906 4.353
5.998 5.322
5.501 7.754
2.2 9.716
1.0 4.415
1.0 4.23
1.262 4.176
1.623 4.176
2.091 4.259
2.639 4.264
3.318 4.194
4.245 4.334
5.254 4.75
5.778 6.229
3.541 8.831
1.416 7.607
1.0 4.176
1.151 4.176
1.483 4.176
1.911 4.186
2.456 4.259
3.099 4.258
3.902 4.316
4.842 4.413
5.847 4.761
6.392 6.881
2.589 9.455
1.035 7.478
1.0 4.212
1.145 4.212
1.46 4.176
1.879 4.176
2.421 4.231
3.077 4.256
3.88 4.176
4.987 4.176
6.426 4.256
8.117 5.132
7.966 7.492
3.187 9.428
1.275 5.292
1.0 4.176
1.244 4.176
1.602 4.176
2.065 4.176
2.66 4.176
3.428 4.176
4.417 4.176
5.692 4.485
6.775 5.353
6.111 8.027
2.444 9.731
1.0 4.91
1.0 4.176
1.259 4.176
1.622 4.213
2.071 4.176
2.665 4.205
3.409 4.244
4.315 4.189
5.531 4.293
6.919 5.508
5.953 8.312
2.381 9.71
1.0 4.949
1.0 4.176
1.257 4.176
1.62 4.254
2.047 4.176
2.631 4.263
3.317 4.235
4.2 4.358
5.159 4.485
6.103 5.454
5.308 7.562
2.123 7.923
1.0 4.419
1.061 4.176
1.357 4.176
1.748 4.176
2.253 4.176
2.902 4.176
3.74 4.247
4.735 4.278
5.934 4.336
7.321 5.448
6.426 8.083
2.571 9.469
1.028 4.483
1.007 4.176
1.285 4.176
1.655 4.176
2.132 4.194
2.735 4.176
3.523 4.293
4.408 4.321
5.457 4.331
6.732 5.315
6.195 8.201
2.478 9.58
1.0 4.561
1.0 4.176
1.273 4.249
1.611 4.176
2.07 4.176
2.668 4.176
3.438 4.371
4.216 4.176
5.4 4.912
5.695 6.888
2.278 9.469
1.0 6.073
1.0 4.176
1.212 4.176
1.562 4.176
2.013 4.176
2.593 4.253
3.278 4.249
4.138 4.176
5.32 4.176
6.855 4.656
7.788 5.776
5.923 8.596
2.369 8.778
1.0 4.176
1.104 4.176
1.423 4.176
1.833 4.176
2.362 4.176
3.043 4.176
3.921 4.25
4.961 4.302
6.179 4.576
7.146 5.072
7.058 7.31
2.823 9.522
1.129 4.176
1.213 4.253
1.534 4.176
1.972 4.176
2.54 4.176
3.273 4.348
4.039 4.225
5.114 4.426
6.174 4.358
7.537 4.781
8.209 6.153
5.219 8.631
2.088 8.583
1.0 4.176
1.112 4.176
1.433 4.207
1.832 4.176
2.358 4.176
3.039 4.176
3.916 4.176
5.046 4.347
6.229 4.51
7.323 5.554
6.13 7.769
2.452 8.825
1.0 4.176
1.102 4.176
1.421 4.252
1.796 4.176
2.309 4.258
2.915 4.326
3.608 4.209
4.59 4.205
5.867 4.488
6.972 5.028
7.009 7.289
2.804 9.27
1.121 4.176
1.216 4.176
1.567 4.176
2.02 4.176
2.603 4.176
3.354 4.209
4.287 4.235
5.439 4.246
6.876 4.279
8.618 4.67
9.718 6.322
5.7 9.45
2.28 7.819
1.0 4.232
1.125 4.232
1.427 4.287
1.785 4.176
2.293 4.236
2.911 4.176
3.744 4.176
4.825 4.259
6.092 4.54
7.126 6.304
4.258 9.022
1.703 7.502
1.0 4.176
1.155 4.176
1.489 4.176
1.919 4.192
2.463 4.247
3.116 4.176
4.007 4.26
5.058 4.238
6.402 4.755
7.056 6.451
3.825 9.265
1.53 6.877
1.0 4.176
1.181 4.176
1.521 4.176
1.96 4.177
2.525 4.176
3.254 4.176
4.194 4.259
5.295 4.285
6.623 4.996
6.78 6.532
3.436 9.052
1.374 6.528
1.0 4.176
1.194 4.176
1.539 4.176
1.984 4.176
2.556 4.176
3.294 4.196
4.224 4.195
5.416 4.412
6.569 4.943
6.802 7.195
2.721 9.409
1.088 4.973
1.0 4.176
1.257 4.176
1.619 4.185
2.082 4.176
2.683 4.176
3.458 4.216
4.412 4.325
5.471 4.321
6.766 4.981
6.949 7.129
2.78 10.003
1.112 6.667
1.0 4.176
1.189 4.176
1.532 4.176
1.974 4.176
2.544 4.25
3.219 4.254
4.059 4.176
5.218 4.288
6.54 4.555
7.611 5.103
7.451 7.454
2.98 9.519
1.192 4.819
1.038 4.199
1.303 4.176
1.678 4.176
2.162 4.176
2.786 4.176
3.591 4.176
4.628 4.433
5.586 4.429
6.693 4.765
7.305 6.269
4.381 9.245
1.752 7.753
1.0 4.215
1.133 4.215
1.444 4.256
1.822 4.176
2.342 4.176
3.019 4.348
3.725 4.176
4.776 4.176
6.155 4.692
6.923 5.924
4.931 7.804
1.973 8.311
1.0 4.197
1.117 4.176
1.438 4.176
1.853 4.176
2.388 4.176
3.078 4.289
3.856 4.255
4.855 4.201
6.204 4.289
7.767 5.061
7.79 7.018
3.116 9.678
1.246 6.226
1.0 4.176
1.207 4.176
1.555 4.176
2.004 4.176
2.583 4.257
3.262 4.176
4.193 4.278
5.269 4.397
6.399 4.567
7.395 5.167
7.086 7.269
2.834 9.005
1.134 4.214
1.228 4.218
1.565 4.176
2.014 4.176
2.596 4.183
3.339 4.176
4.303 4.24
5.459 4.176
7.022 4.196
9.007 4.71
10.073 5.892
7.272 8.596
2.909 8.548
1.164 4.176
1.296 4.176
1.67 4.184
2.148 4.246
2.72 4.233
3.449 4.251
4.356 4.176
5.601 4.176
7.22 4.223
9.199 4.835
9.913 6.467
5.294 8.891
2.118 7.469
1.0 4.176
1.157 4.176
1.491 4.176
1.922 4.176
2.477 4.258
3.128 4.194
4.004 4.232
5.087 4.181
6.537 4.498
7.756 5.378
6.934 7.577
2.773 8.963
1.109 4.529
1.093 4.176
1.393 4.176
1.795 4.176
2.314 4.176
2.983 4.176
3.845 4.198
4.929 4.39
6.014 4.211
7.634 4.631
8.726 6.409
4.893 9.377
1.957 7.505
1.0 4.176
1.156 4.176
1.489 4.176
1.92 4.222
2.446 4.176
3.149 4.194
4.041 4.303
5.043 4.176
6.475 4.376
7.935 5.628
6.501 8.4
2.601 9.387
1.04 4.431
1.039 4.258
1.302 4.176
1.674 4.176
2.157 4.176
2.781 4.283
3.49 4.176
4.483 4.453
5.384 4.327
6.623 5.083
6.587 7.123
2.635 9.595
1.054 7.033
1.0 4.176
1.175 4.176
1.514 4.24
1.92 4.176
2.47 4.187
3.175 4.176
4.091 4.176
5.273 4.247
6.678 4.464
7.978 5.62
6.528 8.176
2.611 9.366
1.045 4.365
1.067 4.176
1.367 4.176
1.761 4.176
2.27 4.176
2.926 4.176
3.771 4.176
4.861 4.344
6.007 4.394
7.286 5.043
7.32 7.228
2.928 9.146
1.171 4.746
1.064 4.209
1.336 4.176
1.721 4.176
2.218 4.176
2.859 4.176
3.685 4.176
4.75 4.176
6.123 4.355
7.544 4.862
8.025 7.247
3.21 9.711
1.284 6.327
1.0 4.216
1.19 4.297
1.486 4.176
1.908 4.176
2.46 4.176
3.171 4.226
4.036 4.285
5.055 4.374
6.176 4.621
7.038 6.209
4.397 9.341
1.759 8.052
1.0 4.176
1.134 4.176
1.461 4.176
1.883 4.198
2.414 4.176
3.11 4.306
3.88 4.176
4.981 4.443
5.998 4.467
7.112 5.723
5.586 8.44
2.235 9.7
1.0 4.212
1.056 4.176
1.36 4.176
1.753 4.176
2.259 4.176
2.912 4.198
3.733 4.299
4.662 4.259
5.863 4.784
6.405 6.248
3.88 8.893
1.552 7.248
1.0 4.239
1.146 4.176
1.474 4.176
1.9 4.176
2.448 4.391
2.988 4.373
3.639 4.381
4.425 4.526
5.175 4.931
5.355 7.307
2.142 8.914
1.0 4.269
1.07 4.185
1.372 4.176
1.767 4.201
2.264 4.176
2.916 4.176
3.758 4.34
4.649 4.205
5.919 4.418
7.167 6.018
4.971 8.778
1.988 7.656
1.0 4.176
1.15 4.176
1.482 4.24
1.88 4.176
2.418 4.196
3.101 4.187
3.984 4.288
4.992 4.186
6.397 4.832
6.909 6.608
3.381 9.524
1.352 7.596
1.0 4.195
1.146 4.248
1.45 4.176
1.864 4.25
2.359 4.176
3.034 4.176
3.91 4.364
4.807 4.871
5.097 7.076
2.039 10.467
1.0 5.85
1.0 4.176
1.222 4.176
1.575 4.176
2.029 4.176
2.615 4.208
3.344 4.269
4.207 4.176
5.407 4.278
6.794 5.472
5.93 8.329
2.372 10.453
1.0 6.238
1.0 4.176
1.206 4.176
1.554 4.176
2.003 4.176
2.581 4.176
3.327 4.199
4.263 4.241
5.403 4.176
6.949 4.176
8.957 5.112
8.878 7.266
3.551 9.486
1.42 6.442
1.0 4.176
1.198 4.206
1.532 4.176
1.973 4.176
2.543 4.18
3.274 4.176
4.219 4.176
5.437 4.176
7.008 4.815
7.608 6.295
4.485 9.379
1.794 8.532
1.0 4.176
1.114 4.176
1.436 4.176
1.851 4.176
2.385 4.186
3.066 4.239
3.888 4.176
5.002 4.206
6.398 4.455
7.671 4.725
8.462 6.444
4.617 8.782
1.847 7.197
1.0 4.176
1.168 4.176
1.505 4.176
1.939 4.188
2.492 4.176
3.21 4.221
4.092 4.255
5.163 4.176
6.639 4.548
7.771 5.676
6.193 8.394
2.477 8.422
1.0 4.176
1.119 4.176
1.442 4.176
1.858 4.176
2.395 4.176
3.086 4.176
3.978 4.23
5.058 4.306
6.3 4.463
7.512 5.092
7.408 7.116
2.963 9.804
1.185 5.544
1.0 4.176
1.234 4.176
1.59 4.176
2.049 4.176
2.641 4.176
3.404 4.176
4.388 4.368
5.387 4.297
6.695 4.894
7.068 6.822
2.959 9.228
1.184 5.96
1.0 4.176
1.217 4.176
1.569 4.176
2.022 4.178
2.605 4.253
3.293 4.269
4.137 4.436
4.974 4.445
5.934 5.231
5.594 7.519
2.238 9.461
1.0 4.604
1.0 4.176
1.272 4.176
1.639 4.176
2.112 4.176
2.722 4.176
3.508 4.295
4.389 4.264
5.513 4.505
6.51 5.285
6.01 7.872
2.404 9.354
1.0 4.188
1.078 4.176
1.388 4.176
1.789 4.176
2.306 4.176
2.972 4.176
3.831 4.306
4.779 4.33
5.901 4.369
7.208 5.113
7.088 7.401
2.835 9.396
1.134 4.452
1.125 4.176
1.438 4.176
1.853 4.176
2.388 4.183
3.073 4.176
3.959 4.176
5.103 4.335
6.32 4.218
8.022 4.42
9.705 6.043
6.653 9.277
2.661 10.129
1.064 4.176
1.118 4.176
1.441 4.176
1.857 4.176
2.394 4.176
3.085 4.176
3.976 4.176
5.125 4.321
6.369 4.216
8.092 4.439
9.741 5.687
7.772 8.522
3.109 9.494
1.244 4.422
1.241 4.176
1.587 4.176
2.045 4.222
2.606 4.176
3.354 4.176
4.322 4.176
5.571 4.296
6.968 4.332
8.603 4.476
10.214 5.53
8.645 8.141
3.458 8.84
1.383 4.25
1.492 4.176
1.919 4.176
2.473 4.176
3.187 4.176
4.107 4.176
5.294 4.176
6.824 4.176
8.796 4.176
11.338 4.453
13.616 4.758
14.881 6.182
9.342 8.345
3.737 8.209
1.495 4.25
1.65 4.176
2.122 4.176
2.735 4.176
3.525 4.176
4.544 4.238
5.767 4.176
7.419 4.32
9.224 4.326
11.397 4.237
14.402 4.999
14.761 7.117
5.905 8.417
2.362 5.381
1.738 4.176
2.157 4.279
2.71 4.237
3.429 4.176
4.412 4.176
5.687 4.176
7.331 4.314
9.128 4.176
11.717 4.309
14.609 4.939
15.211 6.961
6.085 9.574
2.434 7.754
1.0 4.176
1.146 4.176
1.477 4.176
1.904 4.176
2.454 4.176
3.163 4.176
4.077 4.22
5.199 4.282
6.517 4.346
8.021 5.63
