4.848 1.0
4.848 1.0
4.848 1.0
4.848 1.051
4.176 1.206
4.691 1.612
4.346 1.967
4.176 2.575
4.425 3.484
4.537 4.709
6.463 6.001
10.936 4.629
13.51 1.851
7.468 1.0
4.176 1.0
4.176 1.046
4.176 1.121
4.176 1.226
4.176 1.365
4.176 1.543
4.176 1.769
4.176 2.052
4.176 2.408
4.176 2.852
4.183 3.398
4.493 4.077
4.342 4.694
4.418 5.581
5.003 6.505
6.699 6.814
8.589 4.188
5.728 1.675
4.245 1.056
4.227 1.248
4.358 1.487
4.212 1.733
4.176 2.061
4.176 2.486
4.176 3.04
4.2 3.735
4.176 4.599
4.542 5.636
5.858 6.476
8.158 4.961
8.468 1.984
4.176 1.0
4.176 1.185
4.176 1.408
4.176 1.707
4.176 2.077
4.176 2.535
4.258 3.108
4.176 3.795
4.237 4.656
4.273 5.678
4.616 6.853
6.072 7.709
8.574 5.563
8.37 2.225
4.227 1.0
4.227 1.205
4.248 1.456
4.239 1.762
4.225 2.14
4.284 2.61
4.176 3.156
4.176 3.886
4.331 4.729
4.525 5.731
5.773 6.561
7.738 5.304
8.346 2.122
4.176 1.0
4.176 1.218
4.176 1.487
4.176 1.82
4.176 2.233
4.176 2.74
4.176 3.377
4.176 4.099
4.381 5.014
5.015 5.994
6.771 6.04
9.273 3.091
6.741 1.236
4.176 1.0
4.176 1.219
4.176 1.489
4.176 1.823
4.176 2.217
4.231 2.724
4.195 3.337
4.198 4.04
4.176 4.982
4.517 6.166
5.929 7.248
8.431 5.432
7.921 2.173
4.176 1.0
4.176 1.222
4.176 1.495
4.176 1.834
4.251 2.252
4.233 2.721
4.176 3.309
4.187 4.083
4.458 4.99
4.671 5.939
6.627 6.494
9.159 3.505
6.407 1.402
4.176 1.0
4.176 1.224
4.227 1.502
4.176 1.837
4.176 2.261
4.176 2.785
4.176 3.437
4.257 4.129
4.487 5.072
5.792 5.948
8.52 4.514
8.237 1.805
4.176 1.0
4.176 1.224
4.176 1.5
4.176 1.842
4.226 2.263
4.243 2.773
4.219 3.396
4.228 4.04
4.176 4.922
4.301 6.058
5.277 7.235
7.59 6.782
9.375 2.713
4.176 1.085
4.176 1.315
4.252 1.613
4.176 1.966
4.176 2.415
4.176 2.969
4.241 3.657
4.214 4.475
4.176 5.503
4.341 6.746
4.52 8.219
5.601 9.372
8.03 7.839
8.654 3.136
4.176 1.254
4.176 1.537
4.176 1.884
4.176 2.313
4.255 2.841
4.184 3.469
4.176 4.269
4.258 5.25
4.19 6.367
4.176 7.756
4.267 9.37
4.886 11.395
6.755 12.044
8.649 6.472
7.326 2.589
4.176 1.036
4.176 1.27
4.176 1.559
4.2 1.916
4.176 2.352
4.176 2.896
4.192 3.569
4.176 4.397
4.215 5.429
4.262 6.686
5.258 8.149
7.694 7.327
9.038 2.931
4.275 1.172
4.176 1.413
4.176 1.734
4.232 2.131
4.176 2.606
4.176 3.208
4.28 3.953
4.305 4.798
4.269 5.804
4.303 7.1
4.662 8.677
6.013 9.576
8.239 7.257
8.839 2.903
4.23 1.161
4.176 1.418
4.176 1.722
4.176 2.105
4.176 2.588
4.176 3.187
4.192 3.901
4.334 4.803
4.259 5.843
4.207 7.045
4.644 8.668
5.738 9.736
8.237 7.699
8.701 3.079
4.176 1.232
4.176 1.501
4.176 1.843
4.176 2.265
4.176 2.786
4.182 3.429
4.176 4.184
4.306 5.077
4.255 6.075
4.301 7.315
4.809 8.794
6.189 9.624
8.665 6.56
8.056 2.624
4.176 1.05
4.176 1.282
4.176 1.575
4.176 1.937
4.176 2.383
4.176 2.935
4.292 3.617
4.19 4.371
4.176 5.266
4.348 6.439
5.068 7.456
6.711 7.416
8.613 3.848
6.553 1.539
4.176 1.0
4.176 1.229
4.176 1.495
4.176 1.841
4.243 2.247
4.195 2.754
4.176 3.353
4.257 4.14
4.693 5.079
5.668 5.533
7.88 4.427
7.916 1.771
4.176 1.0
4.176 1.229
4.176 1.512
4.176 1.862
4.215 2.294
4.176 2.817
4.176 3.462
4.277 4.273
4.252 5.199
4.336 6.202
5.272 7.448
7.33 6.964
9.339 2.786
4.176 1.114
4.176 1.37
4.176 1.686
4.176 2.076
4.19 2.556
4.214 3.148
4.176 3.829
4.176 4.641
4.356 5.73
4.304 6.853
4.92 8.286
6.293 9.112
8.54 6.007
7.518 2.403
4.176 1.0
4.176 1.23
4.176 1.514
4.176 1.866
4.176 2.3
4.185 2.836
4.244 3.461
4.176 4.248
4.465 5.224
4.56 6.077
5.972 7.012
8.1 5.195
8.958 2.078
4.176 1.0
4.176 1.211
4.176 1.468
4.176 1.809
4.176 2.217
4.208 2.734
4.32 3.364
4.176 4.015
4.176 4.96
4.402 6.131
5.358 7.145
7.68 6.641
9.36 2.656
4.944 1.063
4.176 1.082
4.259 1.331
4.176 1.627
4.176 2.005
4.289 2.471
4.176 3.003
4.301 3.706
4.238 4.474
4.176 5.496
4.495 6.724
5.351 7.843
7.358 7.276
9.059 2.95
4.176 1.18
4.176 1.411
4.26 1.717
4.176 2.099
4.176 2.586
4.176 3.188
4.176 3.934
4.176 4.74
4.446 5.852
4.385 6.773
4.515 8.214
5.675 9.379
7.607 8.171
8.499 3.268
4.176 1.307
4.176 1.543
4.176 1.883
4.176 2.299
4.176 2.833
4.348 3.494
4.176 4.203
4.176 5.185
4.476 6.384
4.233 7.437
4.489 9.144
4.998 10.574
7.056 10.757
8.811 5.626
6.693 2.25
4.176 1.0
4.176 1.231
4.176 1.517
4.176 1.87
4.176 2.307
4.176 2.846
4.176 3.436
4.216 4.221
4.341 5.082
4.685 5.961
6.157 6.586
8.147 4.678
7.69 1.871
4.176 1.0
4.176 1.232
4.176 1.518
4.176 1.864
4.198 2.299
4.201 2.833
4.176 3.49
4.198 4.311
4.231 5.315
4.625 6.384
5.549 7.167
7.555 6.358
8.827 2.543
4.576 1.017
4.25 1.127
4.221 1.38
4.176 1.695
4.176 2.072
4.189 2.557
4.176 3.154
4.176 3.897
4.42 4.817
4.533 5.758
5.469 6.688
7.554 5.96
8.292 2.384
4.196 1.0
4.196 1.23
4.186 1.515
4.321 1.867
4.319 2.246
4.176 2.689
4.248 3.322
4.371 4.044
4.232 4.871
4.339 5.936
5.367 6.907
7.568 5.996
8.444 2.398
4.176 1.0
4.176 1.233
4.176 1.521
4.215 1.861
4.176 2.29
4.21 2.807
4.284 3.458
4.31 4.17
4.301 5.085
4.507 6.131
5.719 6.96
7.97 5.752
8.318 2.301
4.176 1.0
4.176 1.233
4.176 1.522
4.25 1.878
4.176 2.287
4.176 2.826
4.273 3.487
4.223 4.26
4.399 5.247
4.367 6.212
5.399 7.513
7.339 6.72
9.121 2.688
5.659 1.075
4.176 1.0
4.176 1.234
4.234 1.523
4.176 1.863
4.209 2.301
4.176 2.828
4.314 3.496
4.254 4.164
4.431 5.116
5.61 5.991
7.614 5.275
9.017 2.11
4.176 1.0
4.176 1.215
4.176 1.489
4.176 1.838
4.176 2.269
4.176 2.793
4.176 3.452
4.176 4.267
4.295 5.248
4.37 6.423
5.326 7.645
7.445 6.935
8.915 2.774
5.156 1.11
4.176 1.019
4.176 1.257
4.235 1.551
4.257 1.905
4.291 2.336
4.176 2.856
4.176 3.529
4.374 4.35
4.586 5.258
5.396 6.167
7.228 5.809
9.366 2.324
6.105 1.0
4.176 1.0
4.176 1.233
4.176 1.521
4.176 1.877
4.18 2.316
4.176 2.859
4.28 3.482
4.176 4.201
4.467 5.167
4.857 6.104
6.461 6.37
8.399 3.84
7.243 1.536
4.176 1.0
4.176 1.233
4.176 1.522
4.221 1.878
4.176 2.296
4.176 2.835
4.176 3.499
4.23 4.324
4.247 5.287
4.833 6.466
6.497 6.819
8.477 3.951
6.813 1.58
4.176 1.0
4.176 1.234
4.176 1.523
4.228 1.861
4.186 2.288
4.176 2.825
4.239 3.488
4.344 4.193
4.411 5.059
5.701 5.956
8.103 4.906
8.397 1.962
4.323 1.0
4.248 1.205
4.282 1.477
4.288 1.796
4.243 2.176
4.214 2.646
4.179 3.219
4.451 3.948
4.372 4.615
4.944 5.511
6.792 5.776
8.722 2.865
6.85 1.146
4.259 1.0
4.183 1.212
4.176 1.494
4.176 1.845
4.176 2.278
4.176 2.814
4.312 3.478
4.203 4.23
4.502 5.025
5.255 5.826
7.519 5.424
8.554 2.17
4.176 1.0
4.176 1.101
4.176 1.358
4.26 1.659
4.256 2.022
4.176 2.48
4.212 3.064
4.176 3.756
4.633 4.644
5.476 5.228
7.416 4.712
7.864 1.885
4.176 1.0
4.176 1.208
4.264 1.491
4.193 1.827
4.176 2.248
4.26 2.777
4.206 3.368
4.26 4.108
4.248 5.041
4.946 6.147
6.674 6.234
8.803 3.262
6.175 1.305
4.176 1.0
4.176 1.234
4.225 1.523
4.176 1.872
4.196 2.312
4.176 2.819
4.236 3.444
4.348 4.235
4.556 5.083
5.453 5.802
7.697 5.109
8.588 2.044
4.176 1.0
4.176 1.218
4.176 1.487
4.231 1.83
4.253 2.249
4.176 2.759
4.304 3.409
4.421 4.124
4.763 4.871
5.693 5.345
7.857 4.499
7.46 1.8
4.176 1.0
4.176 1.23
4.176 1.518
4.176 1.874
4.176 2.315
4.176 2.86
4.339 3.535
4.34 4.306
4.239 5.246
5.457 6.217
7.907 5.655
9.281 2.262
4.176 1.0
4.176 1.233
4.229 1.522
4.176 1.863
4.207 2.299
4.176 2.831
4.176 3.496
4.337 4.292
4.248 5.143
4.621 6.217
5.489 6.889
7.171 6.119
8.383 2.453
4.251 1.0
4.247 1.212
4.194 1.47
4.255 1.807
4.344 2.202
4.286 2.632
4.402 3.195
4.44 3.73
4.34 4.289
5.018 5.113
7.23 5.221
8.716 2.088
4.228 1.0
4.232 1.228
4.196 1.507
4.189 1.857
4.192 2.278
4.341 2.79
4.243 3.395
4.216 4.131
4.456 5.072
4.547 5.927
5.567 6.73
7.608 5.721
8.16 2.289
4.244 1.0
4.244 1.225
4.195 1.501
4.226 1.85
4.176 2.274
4.176 2.798
4.192 3.419
4.3 4.073
4.362 4.958
4.962 5.963
6.942 6.108
9.48 2.838
5.472 1.135
4.207 1.0
4.207 1.23
4.188 1.514
4.211 1.867
4.176 2.281
4.217 2.817
4.349 3.44
4.543 4.09
4.255 4.704
5.59 5.586
8.026 4.689
9.185 1.876
4.176 1.0
4.176 1.226
4.176 1.49
4.176 1.834
4.176 2.265
4.176 2.796
4.296 3.454
4.242 4.215
4.401 5.178
5.388 6.131
7.272 5.848
8.772 2.379
4.59 1.0
4.176 1.0
4.181 1.234
4.249 1.514
4.176 1.856
4.225 2.292
4.352 2.818
4.322 3.33
4.19 3.954
4.322 4.802
5.597 5.711
7.493 4.838
8.591 1.935
4.481 1.0
4.176 1.138
4.176 1.404
4.176 1.733
4.222 2.123
4.176 2.588
4.176 3.196
4.19 3.908
4.212 4.751
4.502 5.853
6.206 6.596
8.374 4.462
7.981 1.785
4.176 1.0
4.176 1.234
4.176 1.522
4.234 1.879
4.264 2.307
4.176 2.824
4.308 3.457
4.231 4.19
4.205 5.151
4.342 6.138
5.894 7.275
8.672 5.636
8.84 2.255
4.192 1.0
4.192 1.225
4.176 1.501
4.178 1.849
4.176 2.262
4.176 2.793
4.323 3.423
4.176 4.142
4.213 5.105
4.819 6.201
6.427 6.65
8.467 4.078
6.428 1.631
4.176 1.0
4.176 1.234
4.191 1.522
4.176 1.857
4.176 2.292
4.176 2.765
4.245 3.401
4.177 4.155
4.562 5.054
5.681 5.837
7.537 4.949
8.746 1.979
4.176 1.0
4.176 1.234
4.176 1.522
4.176 1.879
4.176 2.319
4.176 2.864
4.33 3.537
4.366 4.204
4.379 5.02
5.129 6.008
6.813 5.773
8.906 2.985
4.726 1.194
4.176 1.092
4.176 1.347
4.176 1.663
4.226 2.051
4.176 2.52
4.229 3.113
4.345 3.827
4.214 4.651
4.662 5.728
5.99 6.341
8.402 4.621
7.914 1.848
4.176 1.0
4.176 1.234
4.189 1.522
4.176 1.877
4.236 2.317
4.176 2.845
4.234 3.514
4.399 4.318
4.386 5.167
4.545 6.153
5.945 7.032
8.424 5.235
8.742 2.094
4.176 1.0
4.176 1.224
4.176 1.498
4.305 1.843
4.185 2.249
4.209 2.774
4.288 3.415
4.176 4.134
4.269 5.107
4.662 6.253
6.146 6.799
8.672 4.64
8.308 1.856
4.176 1.0
4.176 1.233
4.176 1.521
4.206 1.877
4.176 2.306
4.176 2.824
4.23 3.486
4.205 4.284
4.176 5.163
4.343 6.378
5.179 7.588
7.09 7.364
8.973 3.315
5.753 1.326
4.299 1.024
4.176 1.239
4.176 1.529
4.176 1.887
4.179 2.31
4.176 2.85
4.176 3.519
4.203 4.346
4.381 5.356
4.413 6.286
5.257 7.252
7.417 6.805
9.295 2.722
5.95 1.089
4.176 1.0
4.176 1.234
4.211 1.522
4.176 1.872
4.176 2.311
4.192 2.853
4.233 3.488
4.298 4.27
4.176 5.151
4.619 6.334
6.175 7.249
8.845 4.9
7.741 1.96
4.176 1.0
4.176 1.224
4.176 1.51
4.176 1.863
4.254 2.3
4.176 2.816
4.315 3.477
4.244 4.229
4.393 5.191
4.359 6.119
5.643 7.297
7.586 5.931
8.45 2.372
4.176 1.0
4.176 1.234
4.176 1.522
4.188 1.878
4.176 2.316
4.176 2.827
4.176 3.49
4.247 4.244
4.458 5.121
4.635 5.932
6.079 6.567
8.217 4.759
8.33 1.904
4.176 1.0
4.176 1.228
4.176 1.515
4.278 1.869
4.209 2.279
4.176 2.805
4.235 3.464
4.176 4.216
4.364 5.177
4.763 6.187
6.443 6.676
8.849 4.385
7.115 1.754
4.176 1.0
4.176 1.234
4.176 1.522
4.176 1.879
4.228 2.306
4.271 2.834
4.339 3.439
4.282 4.105
4.257 4.998
4.899 5.939
6.855 6.123
8.78 3.291
6.576 1.316
4.232 1.0
4.176 1.228
4.176 1.515
4.292 1.87
4.176 2.285
4.262 2.799
4.245 3.419
4.222 4.178
4.964 5.141
6.96 5.329
9.199 2.578
5.503 1.031
4.176 1.0
4.176 1.234
4.176 1.522
4.176 1.879
4.176 2.32
4.176 2.829
4.297 3.494
4.331 4.235
4.378 5.129
5.065 6.058
6.797 6.072
8.914 3.018
5.362 1.207
4.176 1.0
4.176 1.234
4.239 1.523
4.176 1.869
4.176 2.307
4.176 2.816
4.176 3.465
4.324 4.251
4.601 5.182
5.759 5.841
7.955 4.731
8.858 1.892
5.054 1.0
4.176 1.0
4.176 1.234
4.225 1.522
4.176 1.856
4.218 2.292
4.422 2.787
4.355 3.283
4.397 3.923
4.994 4.688
6.392 4.908
8.916 2.95
6.536 1.18
4.176 1.0
4.176 1.233
4.176 1.522
4.176 1.878
4.176 2.318
4.217 2.861
4.247 3.519
4.206 4.318
4.553 5.318
4.518 5.933
5.546 6.784
7.469 5.585
8.477 2.234
4.279 1.0
4.212 1.211
4.176 1.489
4.176 1.838
4.176 2.269
4.176 2.802
4.221 3.46
4.176 4.256
4.182 5.242
4.533 6.405
6.145 7.402
8.875 5.113
8.287 2.045
4.215 1.0
4.215 1.229
4.275 1.511
4.176 1.844
4.259 2.276
4.254 2.787
4.176 3.417
4.22 4.218
4.217 5.189
4.964 6.131
6.424 6.204
8.523 3.778
6.803 1.511
4.196 1.0
4.196 1.232
4.183 1.517
4.176 1.872
4.185 2.311
4.337 2.845
4.437 3.428
4.393 4.008
4.564 4.707
5.23 5.355
7.238 4.977
8.413 2.068
4.176 1.0
4.176 1.234
4.229 1.523
4.176 1.871
4.243 2.311
4.176 2.836
4.176 3.503
4.277 4.326
4.323 5.258
4.365 6.359
5.941 7.411
8.095 6.183
8.131 2.473
4.2 1.0
4.176 1.213
4.176 1.497
4.223 1.812
4.176 2.191
4.176 2.656
4.176 3.277
4.376 4.049
4.357 4.77
5.095 5.768
6.799 5.698
9.385 2.928
6.585 1.171
4.176 1.0
4.176 1.22
4.176 1.489
4.176 1.838
4.176 2.269
4.176 2.757
4.273 3.405
4.255 4.155
4.393 5.097
5.153 6.032
6.777 5.873
8.827 2.838
6.535 1.135
4.205 1.0
4.205 1.231
4.194 1.515
4.326 1.867
4.176 2.228
4.261 2.751
4.23 3.371
4.408 4.145
4.176 4.876
4.612 5.999
6.12 6.869
8.291 5.032
8.301 2.013
4.247 1.0
4.176 1.179
4.238 1.456
4.269 1.764
4.176 2.155
4.201 2.661
4.191 3.279
4.188 3.999
4.218 4.935
4.356 5.959
5.004 7.053
7.251 7.108
9.183 2.843
4.493 1.137
4.176 1.318
4.222 1.626
4.176 2.0
4.176 2.469
4.176 3.043
4.228 3.727
4.237 4.581
4.176 5.589
4.271 6.873
4.358 8.376
5.45 9.65
7.977 8.562
9.687 3.425
5.031 1.37
4.176 1.252
4.176 1.54
4.176 1.901
4.176 2.346
4.176 2.897
4.176 3.541
4.21 4.373
4.176 5.384
4.227 6.556
4.324 7.956
5.009 9.531
7.085 9.475
9.365 4.084
6.417 1.634
4.221 1.0
4.176 1.229
4.176 1.517
4.176 1.872
4.176 2.311
4.297 2.854
4.201 3.458
4.217 4.217
4.309 5.19
5.14 6.336
7.032 6.193
9.012 2.734
5.793 1.094
4.176 1.0
4.176 1.234
4.176 1.518
4.176 1.874
4.176 2.309
4.176 2.852
4.44 3.521
4.272 4.169
4.372 4.959
4.807 5.826
6.903 6.047
9.074 3.179
6.09 1.272
4.176 1.0
4.176 1.234
4.176 1.521
4.235 1.878
4.22 2.306
4.176 2.807
4.277 3.466
4.206 4.153
4.308 5.062
4.756 6.153
6.66 6.461
9.15 3.621
6.542 1.448
4.176 1.0
4.255 1.234
4.176 1.504
4.321 1.857
4.182 2.21
4.213 2.724
4.176 3.354
4.809 4.07
4.968 4.357
6.627 4.444
8.435 2.536
5.498 1.014
4.176 1.0
4.176 1.234
4.233 1.504
4.176 1.848
4.179 2.282
4.289 2.817
4.176 3.382
4.208 4.179
5.117 4.971
6.889 4.961
8.375 2.454
4.226 1.0
4.226 1.229
4.19 1.51
4.202 1.862
4.179 2.294
4.215 2.829
4.199 3.482
4.278 4.293
4.232 5.15
4.801 6.116
5.493 6.752
7.638 5.678
7.536 2.271
4.176 1.0
4.176 1.235
4.176 1.512
4.176 1.868
4.176 2.295
4.236 2.825
4.212 3.418
4.303 4.145
4.821 5.008
5.979 5.494
8.147 4.023
8.483 1.609
4.176 1.0
4.176 1.229
4.176 1.517
4.176 1.869
4.176 2.308
4.176 2.851
4.231 3.523
4.176 4.282
4.255 5.242
4.798 6.313
6.67 6.743
9.406 3.62
6.729 1.448
4.176 1.0
4.176 1.234
4.176 1.524
4.176 1.876
4.176 2.317
4.264 2.862
4.176 3.483
4.254 4.302
4.663 5.279
5.743 5.808
7.571 4.685
8.468 1.874
4.234 1.0
4.176 1.215
4.176 1.5
4.176 1.852
4.236 2.287
4.229 2.799
4.176 3.44
4.301 4.218
4.318 5.122
4.857 6.196
6.209 6.599
8.293 4.286
7.006 1.714
4.176 1.0
4.176 1.226
4.176 1.509
4.176 1.864
4.205 2.302
4.248 2.825
4.271 3.459
4.176 4.179
4.39 5.163
5.362 6.086
7.202 5.616
9.09 2.246
5.451 1.0
4.176 1.0
4.176 1.234
4.202 1.524
4.176 1.877
4.259 2.319
4.185 2.842
4.176 3.469
4.199 4.239
4.584 5.218
5.526 5.893
7.858 5.069
9.44 2.027
4.176 1.0
4.176 1.191
4.176 1.47
4.304 1.814
4.176 2.198
4.176 2.714
4.231 3.352
4.176 4.12
4.216 5.089
4.381 6.206
5.321 7.311
7.862 6.756
9.444 2.702
4.176 1.081
4.176 1.334
4.176 1.647
4.176 2.033
4.176 2.509
4.36 3.099
4.176 3.764
4.573 4.539
4.197 5.153
4.382 6.354
5.366 7.592
7.366 7.025
9.284 2.81
4.176 1.124
4.176 1.292
4.204 1.586
4.176 1.94
4.224 2.395
4.176 2.944
4.316 3.635
4.222 4.363
4.253 5.366
4.494 6.583
4.354 7.567
5.434 8.972
7.18 8.305
9.124 3.322
5.588 1.329
4.176 1.057
4.176 1.304
4.176 1.61
4.254 1.988
4.176 2.427
4.176 2.997
4.176 3.695
4.239 4.564
4.609 5.606
5.137 6.333
6.441 6.071
8.054 3.71
6.17 1.484
4.176 1.0
4.176 1.234
4.179 1.524
4.176 1.882
4.178 2.306
4.176 2.848
4.176 3.513
4.274 4.25
4.817 5.17
6.302 5.497
8.954 3.708
7.486 1.483
4.228 1.0
4.228 1.229
4.196 1.51
4.237 1.861
4.176 2.256
4.176 2.786
4.234 3.441
4.258 4.167
4.291 4.936
5.626 5.819
7.97 4.896
9.173 1.959
4.289 1.0
4.289 1.213
4.2 1.471
4.176 1.812
4.176 2.237
4.176 2.762
4.176 3.411
4.275 4.171
4.27 5.016
4.594 5.921
5.946 6.6
7.946 5.234
8.528 2.093
4.234 1.0
4.263 1.223
4.234 1.486
4.176 1.806
4.176 2.206
4.373 2.701
4.176 3.219
4.176 3.935
4.233 4.797
4.417 5.896
5.997 6.967
8.001 5.069
8.743 2.028
4.176 1.0
4.176 1.22
4.176 1.506
4.176 1.86
4.176 2.296
4.254 2.836
4.194 3.478
4.267 4.286
4.255 5.157
4.633 6.257
6.037 6.895
8.396 5.064
8.048 2.026
4.181 1.0
4.176 1.229
4.198 1.517
4.31 1.869
4.319 2.256
4.38 2.725
4.257 3.209
4.176 3.935
4.176 4.861
4.337 6.004
5.102 7.216
6.728 7.053
8.534 3.707
5.806 1.483
4.251 1.03
4.176 1.263
4.193 1.56
4.176 1.923
4.241 2.366
4.176 2.899
4.225 3.564
4.337 4.383
4.691 5.235
5.9 5.72
7.976 4.381
7.66 1.753
4.176 1.0
4.176 1.235
4.176 1.524
4.176 1.882
4.213 2.32
4.328 2.856
4.176 3.405
4.257 4.159
4.388 5.096
4.709 5.959
6.265 6.476
8.649 4.301
7.486 1.721
4.176 1.0
4.176 1.227
4.176 1.505
4.176 1.848
4.176 2.282
4.176 2.791
4.176 3.372
4.249 4.123
4.35 5.061
5.139 5.916
7.239 5.786
9.263 2.431
5.726 1.0
4.176 1.0
4.176 1.235
4.226 1.524
4.176 1.852
4.176 2.288
4.255 2.825
4.278 3.451
4.24 4.141
4.313 5.07
5.195 6.017
6.471 5.85
7.819 3.342
4.347 1.337
4.203 1.433
4.176 1.762
4.176 2.176
4.176 2.688
4.176 3.32
4.176 4.102
4.176 5.057
4.176 6.207
4.281 7.493
4.897 9.135
6.661 9.299
8.721 5.035
6.303 2.014
4.176 1.19
4.176 1.468
4.206 1.813
4.176 2.233
4.176 2.759
4.176 3.408
4.234 4.169
4.176 5.071
4.176 6.139
4.636 7.554
6.102 8.431
8.664 6.004
7.215 2.402
4.176 1.0
4.176 1.235
4.188 1.525
4.233 1.882
4.202 2.288
4.176 2.82
4.298 3.485
4.277 4.131
4.353 4.988
5.154 5.951
6.87 5.782
8.637 3.105
4.977 1.242
4.176 1.24
4.176 1.532
4.176 1.892
4.176 2.337
4.176 2.887
4.176 3.568
4.176 4.408
4.176 5.448
4.221 6.733
4.833 8.289
6.122 8.586
8.649 5.662
7.593 2.265
4.176 1.0
4.176 1.235
4.248 1.525
4.176 1.86
4.176 2.298
4.307 2.81
4.205 3.425
4.394 4.176
4.696 5.06
5.065 5.641
6.469 5.596
7.828 3.29
4.277 1.316
4.242 1.368
4.176 1.68
4.176 2.063
4.377 2.549
4.176 3.042
4.195 3.727
4.373 4.551
4.252 5.512
4.437 6.661
5.329 7.748
7.523 7.023
9.189 2.809
4.176 1.124
4.176 1.376
4.176 1.69
4.176 2.088
4.176 2.58
4.299 3.188
4.229 3.868
4.367 4.758
4.351 5.63
4.697 6.5
5.885 7.139
7.698 5.495
7.884 2.198
4.192 1.0
4.192 1.234
4.184 1.522
4.22 1.879
4.277 2.313
4.176 2.821
4.33 3.413
4.276 4.142
4.643 4.952
5.744 5.578
7.584 4.705
8.185 1.882
4.176 1.0
4.176 1.198
4.176 1.48
4.191 1.828
4.215 2.237
4.348 2.716
4.218 3.218
4.182 3.91
4.236 4.741
4.314 5.759
5.292 6.734
7.674 6.225
9.024 2.49
4.896 1.0
4.176 1.0
4.176 1.222
4.24 1.501
4.299 1.844
4.25 2.227
4.209 2.734
4.176 3.352
4.233 4.106
4.714 5.051
5.998 5.549
7.974 4.071
8.41 1.629
4.176 1.0
4.176 1.227
4.176 1.506
4.176 1.856
4.176 2.293
4.224 2.803
4.176 3.45
4.258 4.265
4.239 5.235
4.524 6.436
6.164 7.325
8.738 4.993
8.162 1.997
4.176 1.0
4.176 1.232
4.176 1.519
4.176 1.875
4.176 2.316
4.176 2.863
4.176 3.533
4.176 4.285
4.438 5.294
4.693 6.265
5.769 6.911
8.059 5.463
8.023 2.185
4.274 1.0
4.274 1.22
4.188 1.488
4.176 1.834
4.176 2.267
4.176 2.757
4.261 3.403
4.176 4.174
4.248 5.161
5.136 6.189
6.9 6.062
9.427 2.802
5.687 1.121
4.176 1.0
4.242 1.234
4.176 1.515
4.176 1.872
4.176 2.313
4.29 2.859
4.202 3.497
4.247 4.313
4.298 5.298
4.794 6.436
6.014 7.271
8.288 5.629
7.688 2.252
4.176 1.0
4.176 1.235
4.176 1.526
4.176 1.886
4.176 2.331
4.346 2.88
4.263 3.436
4.303 4.176
4.19 5.051
4.656 6.161
6.312 6.659
8.624 4.31
7.812 1.724
4.176 1.0
4.176 1.235
4.176 1.526
4.194 1.886
4.176 2.311
4.183 2.856
4.272 3.528
4.176 4.323
4.223 5.224
4.664 6.432
5.88 7.157
7.96 5.611
8.338 2.244
4.249 1.0
4.249 1.215
4.177 1.477
4.176 1.808
4.176 2.222
4.176 2.702
4.19 3.34
4.527 4.124
4.212 4.731
4.653 5.725
6.481 6.337
9.056 3.716
8.28 1.487
4.176 1.0
4.176 1.235
4.176 1.526
4.176 1.886
4.176 2.33
4.176 2.88
4.209 3.526
4.176 4.346
4.304 5.372
4.604 6.42
5.728 7.216
7.774 5.559
7.984 2.224
4.176 1.0
4.176 1.224
4.176 1.512
4.176 1.868
4.231 2.309
4.176 2.84
4.176 3.47
4.259 4.253
4.273 5.219
4.905 6.347
6.301 6.565
8.691 4.378
7.614 1.751
4.176 1.0
4.176 1.235
4.192 1.526
4.176 1.873
4.176 2.315
4.26 2.861
4.227 3.477
4.223 4.278
4.407 5.267
4.52 6.231
5.82 7.135
8.048 5.763
8.498 2.305
4.176 1.0
4.176 1.226
4.176 1.515
4.176 1.866
4.176 2.285
4.176 2.79
4.176 3.413
4.181 4.142
4.176 5.118
4.669 6.265
6.249 6.848
8.763 4.59
7.459 1.836
4.176 1.0
4.176 1.235
4.176 1.52
4.176 1.879
4.176 2.322
4.176 2.869
4.176 3.547
4.295 4.384
4.289 5.362
4.668 6.514
5.784 7.134
8.012 5.686
8.174 2.275
4.189 1.0
4.176 1.234
4.176 1.525
4.176 1.885
4.176 2.329
4.333 2.847
4.176 3.375
4.282 4.172
4.297 5.089
4.879 6.134
6.427 6.423
9.26 4.086
7.661 1.634
4.176 1.0
4.176 1.235
4.176 1.527
4.176 1.886
4.217 2.291
4.299 2.821
4.181 3.436
4.176 4.228
4.331 5.227
4.408 6.214
5.44 7.278
7.536 6.338
8.784 2.535
4.5 1.014
4.176 1.155
4.245 1.427
4.217 1.735
4.267 2.136
4.176 2.599
4.18 3.212
4.176 3.942
4.339 4.81
4.313 5.788
4.808 6.936
6.576 7.159
8.988 4.503
7.257 1.801
4.351 1.0
4.267 1.199
4.176 1.456
4.218 1.776
4.176 2.186
4.182 2.685
4.223 3.251
4.551 4.002
4.541 4.628
5.282 5.305
7.23 4.748
8.247 1.899
4.176 1.0
4.176 1.236
4.176 1.527
4.176 1.887
4.176 2.333
4.176 2.855
4.176 3.53
4.294 4.364
4.244 5.239
4.294 6.342
5.098 7.543
6.806 7.427
8.72 3.739
7.076 1.496
4.241 1.0
4.176 1.229
4.176 1.518
4.176 1.877
4.225 2.296
4.176 2.826
4.245 3.479
4.185 4.229
4.633 5.19
5.884 5.693
7.932 4.35
7.798 1.74
4.176 1.0
4.176 1.236
4.176 1.527
4.176 1.874
4.176 2.316
4.176 2.863
4.313 3.54
4.19 4.232
4.322 5.182
4.892 6.188
6.992 6.295
9.356 2.884
5.536 1.154
4.176 1.0
4.176 1.236
4.176 1.527
4.176 1.887
4.176 2.333
4.223 2.884
4.304 3.548
4.265 4.255
4.399 5.182
5.053 6.07
6.965 5.987
9.066 2.677
6.486 1.071
4.176 1.0
4.176 1.233
4.176 1.523
4.176 1.883
4.176 2.328
4.176 2.877
4.27 3.518
4.176 4.126
4.339 5.043
5.11 6.055
6.922 6.109
8.962 2.944
4.878 1.178
4.176 1.224
4.251 1.503
4.186 1.844
4.176 2.278
4.176 2.815
4.176 3.473
4.176 4.222
4.176 5.117
4.398 6.327
4.686 7.496
6.448 8.15
8.52 5.18
6.804 2.072
4.232 1.016
4.176 1.249
4.192 1.534
4.246 1.894
4.176 2.326
4.176 2.876
4.239 3.555
4.222 4.371
4.193 5.343
4.747 6.562
6.235 7.106
8.767 5.091
7.549 2.036
4.176 1.0
4.176 1.236
4.176 1.522
4.176 1.882
4.239 2.315
4.176 2.826
4.176 3.478
4.293 4.3
4.311 5.145
4.288 6.127
5.748 7.338
7.973 5.924
9.587 2.37
4.523 1.0
4.233 1.069
4.255 1.314
4.176 1.608
4.199 1.987
4.176 2.451
4.176 3.03
4.176 3.746
4.178 4.608
4.3 5.687
4.674 6.704
5.85 7.429
8.016 5.634
7.926 2.254
4.236 1.0
4.176 1.229
4.176 1.519
4.176 1.865
4.176 2.305
4.282 2.849
4.396 3.469
4.202 4.167
4.281 5.141
4.812 6.118
6.348 6.429
7.926 4.222
6.31 1.689
4.176 1.0
4.176 1.236
4.176 1.528
4.176 1.889
4.239 2.335
4.176 2.871
4.204 3.435
4.296 4.168
4.886 5.051
6.254 5.297
8.11 3.563
7.114 1.425
4.176 1.0
4.176 1.236
4.215 1.527
4.187 1.871
4.176 2.31
4.176 2.841
4.251 3.513
4.37 4.307
4.856 5.098
6.521 5.358
9.561 3.161
6.517 1.264
4.176 1.0
4.176 1.14
4.23 1.409
4.188 1.733
4.176 2.14
4.237 2.646
4.176 3.254
4.176 4.024
4.243 4.953
4.796 6.023
6.412 6.474
8.712 4.143
7.594 1.657
4.176 1.0
4.176 1.236
4.176 1.528
4.176 1.889
4.176 2.335
4.176 2.888
4.176 3.539
4.176 4.376
4.362 5.366
5.1 6.341
7.248 6.285
9.768 2.514
6.156 1.006
4.176 1.0
4.176 1.236
4.176 1.528
4.176 1.889
4.176 2.335
4.176 2.887
4.177 3.569
4.276 4.412
4.553 5.389
5.228 6.222
7.192 5.993
8.482 2.522
4.176 1.009
4.189 1.247
4.176 1.54
4.176 1.887
4.176 2.333
4.176 2.885
4.176 3.533
4.214 4.303
4.282 5.303
4.672 6.464
5.828 7.176
8.091 5.962
8.325 2.385
4.25 1.0
4.211 1.228
4.176 1.513
4.176 1.871
4.176 2.313
4.176 2.838
4.189 3.509
4.302 4.317
4.737 5.257
6.219 5.868
9.188 4.202
8.63 1.681
4.176 1.0
4.176 1.236
4.258 1.528
4.176 1.869
4.176 2.31
4.176 2.856
4.315 3.495
4.21 4.267
4.468 5.26
5.866 6.151
8.493 4.949
9.03 1.98
4.176 1.0
4.176 1.236
4.176 1.527
4.176 1.888
4.213 2.333
4.307 2.875
4.241 3.512
4.524 4.167
5.415 4.825
7.739 4.333
8.091 1.733
4.274 1.0
4.176 1.225
4.176 1.514
4.242 1.871
4.188 2.28
4.258 2.815
4.207 3.454
4.304 4.189
5.144 5.089
7.916 4.889
