5.016 1.0
5.016 1.052
4.176 1.086
4.176 1.0
4.176 1.292
4.176 1.726
4.176 2.331
4.176 3.171
4.225 4.344
4.425 5.957
5.135 7.809
7.878 8.952
12.831 3.581
10.773 1.432
4.176 1.0
4.176 1.038
4.176 1.105
4.176 1.2
4.176 1.328
4.27 1.491
4.176 1.641
4.204 1.892
4.176 2.201
4.176 2.593
4.176 3.043
4.339 3.597
4.327 4.232
4.176 5.016
4.401 6.053
5.205 7.12
7.003 6.73
8.629 3.034
4.176 1.214
4.176 1.341
4.176 1.595
4.176 1.906
4.176 2.289
4.176 2.76
4.176 3.352
4.176 4.02
4.276 4.914
4.219 5.975
4.378 7.332
4.468 8.901
4.709 10.349
6.281 11.474
8.393 8.055
7.697 3.222
4.176 1.289
4.272 1.551
4.21 1.84
4.176 2.221
4.176 2.667
4.241 3.23
4.176 3.933
4.176 4.829
4.217 5.909
4.226 7.139
4.324 8.735
4.608 10.529
5.676 12.15
8.157 10.062
9.343 4.025
4.268 1.61
4.176 1.868
4.196 2.263
4.176 2.741
4.176 3.329
4.176 4.065
4.176 4.978
4.176 6.108
4.176 7.509
4.192 9.101
4.279 10.947
4.785 12.881
5.677 14.193
7.623 11.683
8.406 4.673
4.411 1.869
4.176 2.154
4.176 2.625
4.176 3.187
4.176 3.901
4.176 4.784
4.176 5.877
4.185 7.186
4.299 8.853
4.176 10.695
4.282 12.943
4.418 15.885
5.183 18.898
7.463 17.568
9.359 7.027
5.791 2.811
4.247 1.929
4.176 2.337
4.176 2.854
4.176 3.491
4.243 4.278
4.176 5.219
4.268 6.377
4.298 7.713
4.231 9.373
4.312 11.522
4.297 13.575
4.663 16.535
6.283 17.831
8.481 12.294
8.118 4.918
4.377 1.967
4.176 2.332
4.176 2.83
4.176 3.434
4.216 4.21
4.246 5.158
4.176 6.31
4.28 7.776
4.254 9.454
4.316 11.555
4.444 13.833
5.108 16.413
7.192 15.36
9.418 6.212
6.03 2.485
4.176 1.631
4.176 1.996
4.176 2.445
4.176 2.996
4.176 3.664
4.176 4.506
4.176 5.526
4.176 6.811
4.19 8.403
4.384 10.368
4.428 12.317
5.093 14.634
6.704 14.412
8.828 8.073
7.31 3.229
4.176 1.292
4.215 1.581
4.176 1.928
4.254 2.364
4.176 2.883
4.176 3.546
4.176 4.368
4.176 5.385
4.206 6.646
4.246 8.12
4.319 9.98
5.207 12.045
7.579 11.477
9.647 4.591
5.243 1.836
4.241 1.619
4.176 1.973
4.176 2.42
4.176 2.971
4.176 3.653
4.176 4.498
4.176 5.542
4.228 6.834
4.253 8.396
4.473 10.272
4.787 12.139
6.474 13.118
8.893 8.432
7.948 3.373
4.176 1.349
4.176 1.653
4.176 2.028
4.24 2.49
4.176 3.043
4.233 3.747
4.282 4.593
4.281 5.61
4.176 6.679
4.24 8.15
4.947 9.881
6.453 10.186
8.977 6.535
8.081 2.614
4.244 1.046
4.176 1.274
4.215 1.564
4.176 1.915
4.176 2.354
4.176 2.898
4.374 3.548
4.256 4.228
4.373 5.094
4.397 6.118
5.454 7.189
7.223 6.759
9.053 2.703
5.813 1.081
4.176 1.0
4.176 1.21
4.176 1.483
4.232 1.823
4.176 2.233
4.223 2.749
4.176 3.376
4.241 4.085
4.228 5.017
4.696 6.092
6.628 6.696
9.394 3.798
6.674 1.519
4.176 1.0
4.176 1.227
4.176 1.508
4.176 1.855
4.176 2.283
4.176 2.804
4.176 3.457
4.218 4.266
4.366 5.249
5.083 6.272
7.003 6.064
9.061 2.833
4.357 1.133
4.176 1.243
4.176 1.527
4.176 1.876
4.176 2.307
4.176 2.839
4.213 3.467
4.176 4.226
4.239 5.195
4.257 6.339
4.427 7.664
5.889 8.918
8.164 6.745
8.472 2.698
4.176 1.079
4.193 1.325
4.176 1.625
4.183 1.998
4.211 2.456
4.223 2.984
4.176 3.62
4.299 4.463
4.176 5.446
4.218 6.685
4.579 8.044
5.881 9.336
7.617 7.146
8.163 2.859
4.176 1.143
4.176 1.151
4.176 1.415
4.176 1.741
4.176 2.143
4.176 2.64
4.176 3.236
4.341 3.982
4.315 4.726
4.702 5.702
6.086 6.438
8.262 4.655
8.096 1.862
4.186 1.0
4.186 1.228
4.18 1.51
4.176 1.858
4.221 2.289
4.176 2.787
4.247 3.438
4.282 4.189
4.389 5.054
4.416 5.941
5.28 6.856
7.94 6.258
9.17 2.503
4.256 1.001
4.176 1.205
4.176 1.483
4.176 1.826
4.187 2.249
4.176 2.769
4.25 3.415
4.293 4.187
4.271 5.079
4.439 6.223
5.227 7.252
7.303 6.806
9.013 2.895
4.733 1.158
4.176 1.209
4.176 1.488
4.176 1.816
4.176 2.237
4.273 2.757
4.176 3.321
4.178 4.094
4.29 5.034
4.417 6.034
4.603 7.133
5.915 7.959
8.033 6.028
8.867 2.411
4.176 1.0
4.176 1.218
4.176 1.499
4.176 1.829
4.176 2.255
4.272 2.78
4.179 3.375
4.176 4.142
4.232 5.116
4.446 6.292
5.21 7.355
7.534 6.753
9.277 2.701
5.44 1.08
4.176 1.0
4.176 1.231
4.176 1.515
4.176 1.867
4.176 2.301
4.176 2.825
4.176 3.456
4.337 4.176
4.253 5.085
4.915 6.148
6.643 6.259
8.886 3.558
6.782 1.423
4.277 1.0
4.303 1.216
4.176 1.471
4.176 1.812
4.176 2.224
4.306 2.74
4.176 3.309
4.206 4.087
4.348 5.037
5.113 6.035
7.245 5.865
8.937 2.346
4.35 1.0
4.176 1.121
4.19 1.368
4.176 1.684
4.176 2.076
4.179 2.535
4.258 3.128
4.24 3.754
4.451 4.611
4.423 5.35
5.149 6.231
7.289 5.907
8.873 2.363
4.28 1.0
4.176 1.028
4.176 1.266
4.293 1.56
4.176 1.886
4.253 2.328
4.21 2.841
4.337 3.47
4.176 4.178
4.529 4.96
5.72 5.552
7.952 4.699
8.123 1.879
4.176 1.0
4.176 1.225
4.176 1.51
4.176 1.862
4.176 2.281
4.26 2.815
4.176 3.381
4.176 4.177
4.276 5.138
4.337 6.234
5.301 7.477
7.3 6.962
8.889 2.785
5.25 1.114
4.176 1.013
4.176 1.249
4.243 1.54
4.176 1.889
4.234 2.331
4.176 2.863
4.176 3.537
4.19 4.319
4.394 5.299
4.904 6.139
6.456 6.509
8.371 4.16
6.789 1.664
4.176 1.0
4.176 1.233
4.176 1.515
4.303 1.863
4.219 2.258
4.176 2.764
4.176 3.416
4.201 4.222
4.427 5.21
4.94 6.229
6.656 6.399
8.564 3.431
5.688 1.372
4.176 1.0
4.176 1.233
4.176 1.522
4.176 1.878
4.176 2.32
4.176 2.866
4.204 3.542
4.328 4.368
4.235 5.33
4.698 6.56
5.934 7.229
8.502 5.454
8.028 2.182
4.176 1.0
4.176 1.234
4.176 1.522
4.287 1.879
4.176 2.277
4.176 2.769
4.298 3.423
4.282 4.187
4.176 5.13
5.039 6.117
6.739 6.369
8.863 3.831
5.487 1.533
4.207 1.293
4.176 1.591
4.176 1.934
4.176 2.377
4.179 2.913
4.235 3.598
4.176 4.423
4.322 5.468
4.252 6.673
4.371 8.146
4.814 9.765
6.344 10.399
8.836 6.531
7.933 2.613
4.207 1.045
4.26 1.285
4.176 1.574
4.277 1.943
4.209 2.362
4.244 2.909
4.209 3.572
4.207 4.403
4.176 5.429
4.326 6.633
5.366 7.828
7.195 7.312
9.022 2.952
4.298 1.181
4.176 1.242
4.176 1.533
4.176 1.891
4.178 2.334
4.176 2.868
4.176 3.543
4.176 4.363
4.176 5.393
4.176 6.669
4.609 8.224
6.194 9.368
8.791 6.509
8.7 2.603
4.176 1.041
4.176 1.284
4.176 1.583
4.176 1.953
4.207 2.409
4.176 2.966
4.181 3.662
4.442 4.522
4.176 5.362
4.389 6.502
4.731 7.735
5.991 8.51
8.203 6.246
7.475 2.498
4.176 1.0
4.176 1.233
4.176 1.521
4.176 1.878
4.312 2.318
4.39 2.828
4.186 3.323
4.176 4.009
4.228 4.901
4.551 5.958
5.767 6.782
7.522 5.613
7.99 2.245
4.176 1.0
4.176 1.234
4.176 1.523
4.176 1.88
4.176 2.298
4.176 2.814
4.176 3.41
4.462 4.104
4.382 4.805
5.156 5.67
7.26 5.636
9.094 2.254
4.909 1.0
4.176 1.0
4.19 1.234
4.228 1.499
4.176 1.843
4.218 2.276
4.176 2.802
4.18 3.462
4.365 4.226
4.766 5.022
6.272 5.346
8.604 3.502
7.608 1.401
4.176 1.0
4.176 1.231
4.176 1.52
4.212 1.876
4.176 2.298
4.176 2.84
4.338 3.509
4.233 4.2
4.915 5.136
6.283 5.32
8.839 3.564
7.759 1.425
4.176 1.0
4.176 1.234
4.176 1.523
4.176 1.88
4.176 2.309
4.203 2.827
4.227 3.432
4.657 4.223
4.704 4.729
6.15 5.175
7.938 3.587
7.002 1.435
4.176 1.0
4.176 1.234
4.258 1.524
4.193 1.868
4.176 2.304
4.176 2.83
4.176 3.492
4.388 4.317
4.831 5.108
6.172 5.472
8.453 3.782
7.081 1.513
4.176 1.0
4.176 1.234
4.176 1.521
4.176 1.878
4.227 2.32
4.338 2.853
4.228 3.411
4.502 4.197
4.973 4.761
6.623 4.79
8.475 2.714
6.867 1.086
4.279 1.0
4.279 1.207
4.211 1.458
4.249 1.794
4.176 2.201
4.244 2.719
4.206 3.34
4.176 4.117
4.758 5.068
6.144 5.452
8.096 3.848
7.38 1.539
4.176 1.0
4.176 1.234
4.176 1.523
4.176 1.881
4.198 2.3
4.231 2.809
4.176 3.454
4.309 4.271
4.658 5.147
6.371 5.652
9.401 3.612
7.371 1.445
4.188 1.0
4.188 1.232
4.181 1.519
4.176 1.874
4.209 2.314
4.176 2.849
4.176 3.519
4.182 4.314
4.615 5.276
5.356 5.976
7.348 5.363
8.461 2.145
4.176 1.0
4.176 1.234
4.176 1.523
4.176 1.88
4.176 2.322
4.3 2.869
4.43 3.505
4.348 4.124
4.176 5.02
5.095 6.053
6.991 6.0
8.771 3.057
5.783 1.223
4.176 1.0
4.176 1.234
4.176 1.523
4.176 1.88
4.249 2.322
4.176 2.849
4.207 3.509
4.414 4.325
4.285 5.092
4.939 6.094
6.535 6.31
8.413 3.816
6.953 1.526
4.176 1.0
4.176 1.233
4.176 1.522
4.247 1.88
4.176 2.289
4.221 2.827
4.347 3.48
4.229 4.211
4.514 5.182
5.672 5.88
8.076 4.9
9.205 1.96
4.176 1.0
4.176 1.234
4.176 1.522
4.176 1.879
4.176 2.32
4.176 2.865
4.185 3.539
4.341 4.37
4.388 5.143
4.545 6.085
5.965 6.917
8.176 5.168
8.704 2.067
4.253 1.0
4.176 1.225
4.176 1.512
4.176 1.866
4.176 2.303
4.217 2.844
4.187 3.5
4.183 4.319
4.335 5.334
5.046 6.052
7.026 5.936
8.899 2.801
6.742 1.121
4.176 1.0
4.176 1.233
4.176 1.522
4.176 1.878
4.195 2.318
4.176 2.857
4.176 3.528
4.437 4.359
4.271 5.081
4.411 6.166
5.987 6.908
8.025 4.941
7.964 1.976
4.193 1.0
4.193 1.232
4.255 1.517
4.176 1.86
4.201 2.296
4.176 2.776
4.279 3.429
4.176 4.197
4.176 5.157
4.503 6.374
6.007 7.222
8.401 5.354
8.011 2.142
4.176 1.0
4.176 1.221
4.176 1.491
4.275 1.84
4.176 2.237
4.214 2.763
4.176 3.37
4.389 4.164
4.273 5.005
5.176 5.987
7.176 5.937
9.312 2.584
5.637 1.034
4.176 1.0
4.176 1.233
4.176 1.522
4.176 1.878
4.186 2.318
4.219 2.86
4.176 3.493
4.225 4.315
4.372 5.308
5.311 6.159
6.883 5.911
8.558 2.831
6.497 1.133
4.288 1.0
4.288 1.209
4.176 1.462
4.176 1.798
4.176 2.22
4.176 2.74
4.224 3.384
4.193 4.162
4.438 5.112
5.194 5.972
6.762 5.882
8.57 2.992
5.006 1.197
4.191 1.084
4.176 1.335
4.195 1.647
4.231 2.03
4.176 2.494
4.186 3.068
4.176 3.787
4.311 4.622
4.655 5.567
6.399 6.165
8.285 3.852
7.493 1.541
4.176 1.0
4.176 1.234
4.176 1.523
4.176 1.88
4.176 2.305
4.176 2.844
4.176 3.509
4.407 4.335
4.436 5.155
5.234 6.048
7.126 5.703
8.793 2.606
5.706 1.042
4.176 1.0
4.176 1.234
4.176 1.523
4.176 1.879
4.221 2.32
4.176 2.828
4.176 3.493
4.294 4.242
4.516 5.155
5.314 5.959
7.71 5.548
9.33 2.219
4.176 1.0
4.176 1.218
4.176 1.503
4.176 1.846
4.186 2.253
4.176 2.778
4.237 3.43
4.218 4.168
4.293 5.129
4.362 6.25
5.09 7.414
7.123 7.503
9.412 3.144
5.72 1.257
4.176 1.0
4.176 1.233
4.176 1.522
4.176 1.878
4.233 2.317
4.176 2.846
4.178 3.474
4.176 4.289
4.394 5.262
4.641 6.258
6.129 7.009
8.643 5.079
7.233 2.032
4.18 1.0
4.176 1.229
4.176 1.516
4.176 1.871
4.176 2.309
4.176 2.85
4.327 3.485
4.347 4.122
4.38 4.981
4.475 5.847
5.251 6.898
7.447 6.432
9.229 2.573
5.344 1.029
4.227 1.0
4.234 1.228
4.343 1.506
4.176 1.806
4.176 2.229
4.199 2.752
4.235 3.349
4.248 4.073
4.398 4.999
5.295 5.888
7.875 5.34
9.63 2.136
4.656 1.0
4.176 1.04
4.176 1.283
4.21 1.583
4.176 1.948
4.256 2.404
4.176 2.942
4.181 3.633
4.318 4.371
4.283 5.262
5.18 6.167
7.096 5.912
8.855 2.58
5.921 1.032
4.176 1.0
4.176 1.232
4.176 1.513
4.176 1.866
4.176 2.304
4.176 2.798
4.176 3.422
4.429 4.227
4.642 4.98
5.602 5.541
7.738 4.67
8.694 1.868
4.176 1.0
4.176 1.088
4.176 1.343
4.221 1.657
4.176 2.008
4.176 2.479
4.246 3.046
4.176 3.739
4.176 4.618
4.332 5.705
5.352 6.776
7.606 6.286
9.04 2.514
4.759 1.006
4.176 1.0
4.176 1.234
4.176 1.52
4.176 1.876
4.176 2.316
4.176 2.86
4.288 3.494
4.273 4.273
4.532 5.233
5.402 5.993
7.662 5.432
9.127 2.173
4.228 1.0
4.176 1.21
4.176 1.482
4.251 1.828
4.176 2.242
4.233 2.767
4.329 3.399
4.296 4.095
4.336 4.995
4.435 6.011
5.787 6.854
8.027 5.659
8.315 2.264
4.176 1.0
4.176 1.234
4.176 1.522
4.205 1.878
4.176 2.313
4.176 2.855
4.336 3.512
4.176 4.212
4.488 5.202
4.63 6.028
5.998 6.752
8.143 5.185
8.398 2.074
4.176 1.0
4.176 1.234
4.176 1.522
4.176 1.879
4.176 2.32
4.176 2.864
4.198 3.537
4.176 4.36
4.341 5.316
4.95 6.393
7.142 6.552
9.404 2.723
5.144 1.089
4.176 1.0
4.176 1.221
4.176 1.49
4.188 1.816
4.176 2.24
4.176 2.722
4.176 3.326
4.258 4.039
4.656 4.821
6.12 5.475
8.516 3.846
8.72 1.539
4.176 1.0
4.176 1.23
4.176 1.512
4.176 1.866
4.176 2.3
4.176 2.839
4.215 3.505
4.176 4.313
4.55 5.306
4.419 6.165
5.491 7.2
7.354 6.479
8.524 2.591
4.375 1.037
4.176 1.225
4.176 1.512
4.176 1.866
4.237 2.303
4.221 2.819
4.176 3.467
4.268 4.255
4.393 5.125
4.2 6.16
5.268 7.402
7.375 7.03
9.72 2.812
4.76 1.125
4.176 1.149
4.176 1.418
4.195 1.749
4.223 2.155
4.176 2.649
4.176 3.27
4.176 4.038
4.176 4.987
4.261 6.159
4.905 7.353
6.389 7.648
8.333 4.793
7.167 1.917
4.179 1.0
4.179 1.233
4.177 1.522
4.237 1.878
4.176 2.306
4.176 2.847
4.244 3.497
4.245 4.293
4.599 5.216
4.666 6.004
5.59 6.737
7.725 5.582
7.887 2.233
4.176 1.0
4.176 1.234
4.176 1.523
4.176 1.881
4.197 2.322
4.423 2.838
4.399 3.349
4.176 3.918
4.235 4.776
4.715 5.748
6.315 6.38
8.431 4.201
7.117 1.68
4.176 1.0
4.176 1.234
4.176 1.523
4.176 1.881
4.176 2.323
4.218 2.868
4.25 3.53
4.176 4.282
4.277 5.187
4.769 6.192
6.453 6.867
9.069 4.261
7.643 1.704
4.176 1.0
4.176 1.234
4.176 1.523
4.176 1.88
4.176 2.321
4.183 2.866
4.176 3.538
4.176 4.329
4.224 5.349
4.798 6.42
6.426 6.729
8.892 4.144
6.682 1.658
4.176 1.0
4.176 1.234
4.246 1.523
4.281 1.862
4.194 2.253
4.192 2.778
4.176 3.372
4.308 4.166
4.394 4.96
5.249 5.751
7.101 5.55
9.067 2.53
5.686 1.012
4.176 1.0
4.176 1.234
4.293 1.523
4.22 1.837
4.176 2.259
4.176 2.79
4.176 3.446
4.176 4.257
4.275 5.23
5.142 6.277
6.986 6.054
9.284 2.979
4.744 1.192
4.176 1.276
4.234 1.575
4.252 1.927
4.178 2.363
4.216 2.902
4.176 3.571
4.176 4.411
4.298 5.403
4.237 6.414
4.308 7.779
5.596 9.168
8.053 7.654
9.561 3.062
4.237 1.225
4.176 1.39
4.176 1.715
4.176 2.11
4.189 2.604
4.176 3.187
4.281 3.935
4.236 4.733
4.244 5.815
4.225 7.139
4.426 8.684
5.53 10.034
7.707 8.933
9.03 3.573
5.034 1.429
4.176 1.416
4.176 1.747
4.176 2.156
4.176 2.66
4.176 3.226
4.222 3.983
4.235 4.898
4.258 5.991
4.305 7.345
4.367 8.968
4.819 10.553
6.527 11.51
8.666 6.85
7.202 2.74
4.176 1.096
4.176 1.352
4.176 1.669
4.238 2.06
4.311 2.505
4.293 3.023
4.305 3.694
4.277 4.426
4.395 5.356
4.788 6.459
6.364 6.847
8.794 4.518
7.093 1.807
4.176 1.0
4.176 1.224
4.225 1.499
4.176 1.837
4.248 2.258
4.239 2.77
4.176 3.381
4.353 4.176
4.229 4.901
5.268 5.841
6.96 5.496
9.019 2.553
5.647 1.021
4.176 1.0
4.255 1.234
4.176 1.495
4.214 1.846
4.176 2.271
4.176 2.763
4.176 3.413
4.385 4.216
4.714 5.017
5.881 5.484
7.533 4.186
8.365 1.674
4.176 1.0
4.176 1.234
4.176 1.523
4.176 1.881
4.176 2.322
4.176 2.848
4.176 3.515
4.176 4.342
4.544 5.327
4.91 6.172
6.158 6.42
8.067 4.406
6.714 1.762
4.176 1.0
4.176 1.234
4.176 1.524
4.176 1.882
4.176 2.323
4.176 2.87
4.32 3.466
4.321 4.227
4.544 4.787
5.636 5.33
7.444 4.447
7.996 1.779
4.176 1.0
4.176 1.234
4.176 1.523
4.176 1.881
4.252 2.323
4.227 2.85
4.189 3.505
4.184 4.326
4.184 5.291
4.932 6.465
6.344 6.776
8.78 4.334
6.763 1.733
4.176 1.0
4.176 1.227
4.176 1.505
4.176 1.837
4.233 2.269
4.227 2.789
4.312 3.354
4.254 4.054
4.497 4.886
6.114 5.65
9.307 3.907
7.989 1.563
4.176 1.0
4.176 1.224
4.176 1.498
4.176 1.844
4.239 2.276
4.176 2.796
4.176 3.453
4.257 4.266
4.421 5.232
4.955 6.254
6.779 6.488
8.627 3.284
5.647 1.313
4.176 1.0
4.176 1.234
4.176 1.521
4.176 1.879
4.176 2.303
4.176 2.831
4.176 3.497
4.259 4.321
4.693 5.264
5.593 5.946
7.557 4.854
8.349 1.941
4.519 1.0
4.213 1.156
4.232 1.419
4.176 1.714
4.176 2.099
4.176 2.565
4.264 3.168
4.259 3.849
4.306 4.721
4.461 5.632
5.505 6.5
8.082 5.78
8.976 2.312
4.2 1.0
4.176 1.232
4.176 1.52
4.176 1.877
4.176 2.314
4.176 2.78
4.176 3.433
4.176 4.24
4.302 5.239
4.39 6.307
5.502 7.363
7.747 6.631
9.329 2.652
5.066 1.061
4.176 1.0
4.176 1.234
4.176 1.524
4.25 1.881
4.176 2.307
4.273 2.85
4.278 3.467
4.379 4.217
4.223 5.069
5.105 6.112
6.969 6.078
9.465 2.861
4.965 1.145
4.176 1.171
4.176 1.445
4.225 1.783
4.176 2.192
4.21 2.706
4.249 3.332
4.353 4.071
4.176 4.948
4.231 6.113
4.833 7.371
6.579 7.85
9.043 4.784
6.517 1.914
4.176 1.0
4.176 1.234
4.176 1.523
4.176 1.88
4.176 2.321
4.176 2.866
4.176 3.539
4.176 4.323
4.423 5.163
4.64 6.089
6.4 6.799
8.776 4.117
7.005 1.647
4.176 1.0
4.176 1.234
4.176 1.523
4.176 1.88
4.176 2.322
4.176 2.843
4.233 3.511
4.401 4.301
4.447 5.09
4.796 5.815
6.044 6.136
7.984 4.43
6.513 1.772
4.206 1.0
4.176 1.231
4.176 1.52
4.176 1.841
4.263 2.274
4.254 2.709
4.176 3.322
4.341 4.096
4.456 4.96
5.479 5.793
7.543 5.211
8.678 2.084
4.176 1.0
4.176 1.234
4.176 1.524
4.176 1.881
4.176 2.323
4.176 2.86
4.195 3.532
4.176 4.355
4.35 5.381
4.344 6.525
5.72 7.813
8.306 6.387
8.796 2.555
4.176 1.022
4.176 1.1
4.176 1.358
4.176 1.677
4.176 2.07
4.176 2.556
4.176 3.157
4.176 3.862
4.224 4.76
4.614 5.827
5.622 6.539
7.898 5.507
8.36 2.203
4.176 1.0
4.176 1.227
4.176 1.514
4.178 1.87
4.256 2.308
4.176 2.83
4.176 3.495
4.219 4.317
4.306 5.236
4.626 6.317
5.83 7.093
7.944 5.737
8.688 2.295
4.176 1.0
4.176 1.234
4.176 1.523
4.176 1.881
4.176 2.322
4.471 2.868
4.176 3.334
4.246 4.118
4.478 5.055
4.392 6.013
5.748 7.137
8.149 5.913
8.821 2.365
4.261 1.0
4.256 1.224
4.249 1.5
4.297 1.834
4.303 2.198
4.176 2.609
4.176 3.131
4.238 3.816
4.47 4.681
4.482 5.444
5.289 6.148
6.681 5.868
8.474 3.184
4.918 1.273
4.176 1.192
4.176 1.471
4.176 1.807
4.176 2.224
4.257 2.746
4.176 3.362
4.29 4.097
4.289 4.922
4.176 6.019
4.755 7.384
6.259 7.995
8.071 5.196
7.59 2.079
4.176 1.0
4.176 1.234
4.176 1.524
4.176 1.882
4.206 2.322
4.176 2.827
4.176 3.481
4.309 4.301
4.449 5.178
4.388 6.186
5.564 7.338
7.705 6.263
8.773 2.505
4.288 1.002
4.176 1.184
4.176 1.461
4.268 1.805
4.176 2.194
4.249 2.71
4.176 3.325
4.33 4.108
4.262 4.943
4.427 6.043
5.895 6.982
8.418 5.289
8.076 2.116
4.176 1.0
4.176 1.234
4.176 1.524
4.176 1.852
4.184 2.287
4.176 2.823
4.232 3.48
4.397 4.278
4.54 5.125
4.72 5.878
6.112 6.494
7.844 4.471
6.295 1.789
4.199 1.16
4.176 1.429
4.176 1.746
4.176 2.141
4.25 2.645
4.257 3.246
4.279 3.982
4.556 4.784
4.75 5.441
6.27 6.023
8.668 4.054
7.068 1.621
4.176 1.0
4.176 1.235
4.176 1.525
4.176 1.884
4.176 2.327
4.216 2.875
4.323 3.484
4.438 4.187
4.321 4.886
5.437 5.761
7.217 5.126
8.805 2.116
4.221 1.0
4.176 1.23
4.176 1.519
4.178 1.876
4.176 2.317
4.176 2.84
4.393 3.509
4.243 4.251
4.176 5.222
4.392 6.047
5.272 7.147
7.258 6.706
8.86 2.682
5.041 1.073
4.176 1.053
4.176 1.295
4.176 1.6
4.243 1.976
4.176 2.394
4.176 2.958
4.219 3.635
4.262 4.475
4.653 5.275
5.562 5.709
7.626 4.93
8.385 1.972
4.775 1.0
4.176 1.082
4.319 1.331
4.176 1.608
4.289 1.976
4.281 2.417
4.176 2.932
4.176 3.61
4.176 4.446
4.859 5.495
6.103 5.794
7.806 4.071
6.142 1.628
4.176 1.104
4.176 1.364
4.176 1.686
4.176 2.083
4.25 2.574
4.244 3.16
4.176 3.854
4.274 4.727
4.793 5.682
6.913 6.166
8.941 2.93
5.221 1.172
4.176 1.12
4.176 1.383
4.176 1.709
4.176 2.111
4.364 2.609
4.204 3.148
4.202 3.88
4.317 4.658
4.648 5.606
5.932 6.139
8.124 4.523
6.769 1.809
4.176 1.0
4.176 1.235
4.178 1.512
4.176 1.867
4.206 2.308
4.257 2.845
4.209 3.491
4.349 4.299
4.518 5.222
5.463 5.993
7.387 5.45
8.373 2.203
4.176 1.0
4.176 1.235
4.322 1.526
4.176 1.845
4.241 2.262
4.21 2.699
4.21 3.326
4.176 4.099
4.243 5.067
4.551 5.978
5.871 6.671
8.109 5.092
8.382 2.037
4.176 1.0
4.176 1.235
4.176 1.526
4.176 1.886
4.176 2.331
4.255 2.88
4.176 3.535
4.264 4.366
4.48 5.262
4.553 6.036
5.929 6.641
7.885 4.831
7.881 1.932
4.176 1.0
4.176 1.235
4.176 1.526
4.176 1.886
4.176 2.309
4.176 2.853
4.193 3.504
4.176 4.325
4.188 5.347
4.469 6.514
5.753 7.69
8.237 6.189
9.105 2.476
4.176 1.0
4.176 1.235
4.176 1.525
4.176 1.878
4.259 2.321
4.186 2.847
4.288 3.515
4.176 4.301
4.182 5.262
4.527 6.502
5.463 7.436
7.847 6.407
8.927 2.563
4.331 1.025
4.176 1.217
4.176 1.503
4.176 1.857
4.176 2.295
4.176 2.836
4.207 3.493
4.361 4.306
4.285 5.173
4.347 6.273
5.179 7.43
7.474 7.145
9.364 2.858
4.768 1.143
4.176 1.225
4.176 1.513
4.176 1.866
4.176 2.306
4.323 2.849
4.176 3.475
4.387 4.295
4.176 5.077
4.278 6.277
4.609 7.689
5.755 8.696
7.741 6.999
8.623 2.8
4.78 1.12
4.201 1.198
4.176 1.473
4.176 1.79
4.176 2.212
4.176 2.733
4.176 3.361
4.286 4.023
4.176 4.865
4.184 6.014
4.782 7.416
6.395 8.015
9.097 5.021
6.985 2.008
4.228 1.0
4.228 1.23
4.196 1.512
4.176 1.865
4.263 2.305
4.254 2.82
4.352 3.461
4.176 4.161
4.233 5.091
4.8 5.981
6.46 6.62
8.464 4.234
6.721 1.693
4.24 1.0
4.176 1.228
4.176 1.518
4.176 1.865
4.227 2.29
4.306 2.817
4.221 3.442
4.26 4.216
4.205 5.068
4.835 6.16
6.827 6.44
9.209 3.195
6.445 1.278
4.176 1.0
4.176 1.226
4.176 1.502
4.254 1.85
4.176 2.27
4.238 2.806
4.265 3.449
4.176 4.209
4.335 5.195
4.557 6.084
6.229 6.73
8.186 4.629
7.718 1.852
4.176 1.0
4.176 1.235
4.176 1.526
4.176 1.886
4.241 2.331
4.211 2.843
4.233 3.502
4.253 4.307
4.308 5.249
4.352 6.393
5.872 7.457
8.236 5.841
8.548 2.336
4.176 1.0
4.176 1.235
4.176 1.526
4.176 1.886
4.176 2.304
4.23 2.848
4.176 3.502
4.335 4.329
4.393 5.191
4.423 6.179
5.339 7.348
7.574 6.629
8.75 2.651
5.156 1.061
4.176 1.0
4.176 1.235
4.176 1.527
4.176 1.869
4.212 2.31
4.197 2.846
4.201 3.445
4.34 4.249
4.508 5.121
5.357 5.764
7.561 5.229
8.642 2.091
4.176 1.0
4.176 1.235
4.176 1.526
4.176 1.886
4.209 2.331
4.26 2.872
4.176 3.523
4.176 4.32
4.189 5.214
4.435 6.362
5.259 7.334
7.4 6.807
8.858 2.723
5.264 1.089
4.176 1.0
4.176 1.236
4.176 1.527
4.176 1.849
4.176 2.285
4.355 2.825
4.176 3.402
4.176 4.206
4.199 5.184
5.696 6.209
8.22 5.299
8.82 2.119
4.176 1.0
4.176 1.229
4.176 1.519
4.256 1.858
4.176 2.28
4.223 2.817
4.222 3.468
4.196 4.269
4.176 5.224
4.375 6.414
5.071 7.657
6.864 7.723
8.789 3.806
6.381 1.522
4.246 1.0
4.246 1.228
4.203 1.508
4.187 1.859
4.178 2.295
4.314 2.837
4.321 3.423
4.176 4.177
4.571 5.165
5.63 5.912
7.562 5.148
8.77 2.059
4.176 1.0
4.176 1.236
4.176 1.527
4.176 1.887
4.176 2.319
4.269 2.856
4.176 3.474
4.176 4.222
4.583 5.117
4.444 5.979
5.6 7.065
7.521 6.022
8.265 2.409
4.219 1.0
4.176 1.231
4.248 1.521
4.176 1.868
4.176 2.309
4.229 2.854
4.223 3.497
4.276 4.221
4.197 5.173
4.476 6.355
5.376 7.324
7.591 6.461
8.905 2.585
4.645 1.034
4.176 1.0
4.176 1.236
4.176 1.52
4.176 1.878
4.176 2.322
4.176 2.851
4.176 3.51
4.518 4.34
4.699 5.147
6.076 5.62
8.473 4.072
6.503 1.629
4.195 1.0
4.176 1.234
4.176 1.52
4.188 1.879
4.176 2.32
4.248 2.817
4.219 3.461
4.418 4.263
4.793 4.941
6.302 5.376
9.031 3.447
7.631 1.379
4.176 1.0
4.176 1.236
4.176 1.524
4.176 1.883
4.176 2.322
4.222 2.87
4.239 3.51
4.176 4.315
4.45 5.27
5.353 6.243
7.081 5.906
8.919 2.543
5.592 1.017
4.176 1.0
4.176 1.236
4.176 1.527
4.231 1.888
4.176 2.322
4.232 2.871
4.207 3.459
4.255 4.116
4.54 4.91
5.596 5.723
8.092 4.843
8.696 1.937
4.762 1.0
4.176 1.051
4.176 1.299
4.176 1.605
4.176 1.984
4.227 2.448
4.227 3.012
4.176 3.707
4.289 4.489
4.508 5.43
5.051 6.407
6.499 6.486
8.473 3.884
7.333 1.554
4.176 1.0
4.176 1.221
4.176 1.51
4.176 1.866
4.176 2.283
4.176 2.823
4.241 3.476
4.267 4.266
4.422 5.081
5.4 5.995
7.408 5.423
9.199 2.169
4.176 1.0
4.176 1.016
4.176 1.255
4.176 1.552
4.176 1.904
4.176 2.354
4.286 2.898
4.176 3.51
4.176 4.341
4.582 5.142
5.368 5.838
7.728 5.181
9.658 2.072
4.176 1.0
4.176 1.236
4.176 1.517
4.176 1.874
4.176 2.298
4.208 2.828
4.216 3.486
4.238 4.294
4.565 5.28
4.366 6.024
4.847 7.112
6.724 7.416
8.878 4.044
6.245 1.618
4.176 1.0
4.176 1.236
4.176 1.527
4.176 1.888
4.239 2.329
4.183 2.863
4.176 3.506
4.195 4.253
4.562 5.074
5.366 5.759
7.314 5.226
7.718 2.091
4.176 1.0
4.176 1.236
4.176 1.528
4.176 1.889
4.222 2.335
4.259 2.875
4.176 3.526
4.176 4.329
4.341 5.354
4.511 6.413
5.963 7.031
