5.184 1.0
5.184 1.12
4.176 1.224
4.176 1.0
4.176 1.262
4.176 1.683
4.176 2.271
4.256 3.084
4.333 4.195
4.376 5.608
4.644 7.624
6.916 9.547
11.688 5.513
12.872 2.205
4.692 1.0
4.176 1.0
4.176 1.062
4.176 1.152
4.187 1.273
4.35 1.43
4.182 1.579
4.176 1.821
4.332 2.116
4.23 2.431
4.176 2.883
4.424 3.466
4.356 4.101
4.412 4.915
4.785 5.794
5.761 6.2
8.107 4.8
7.539 1.92
4.176 1.0
4.176 1.185
4.176 1.413
4.176 1.695
4.176 2.046
4.176 2.466
4.295 3.001
4.31 3.638
4.362 4.355
4.522 5.138
4.828 5.918
6.344 6.322
8.652 4.056
6.81 1.622
4.176 1.0
4.176 1.206
4.176 1.462
4.176 1.778
4.266 2.167
4.246 2.609
4.319 3.186
4.24 3.87
4.283 4.76
4.584 5.811
6.164 6.609
8.762 4.611
8.595 1.845
4.176 1.0
4.176 1.209
4.176 1.463
4.211 1.754
4.199 2.133
4.176 2.604
4.224 3.196
4.191 3.915
4.427 4.704
4.176 5.417
4.791 6.541
6.263 6.799
8.219 4.434
6.59 1.774
4.196 1.0
4.196 1.217
4.274 1.485
4.176 1.78
4.176 2.187
4.176 2.691
4.181 3.309
4.316 4.081
4.5 4.875
5.937 5.674
7.881 4.786
8.884 1.914
4.176 1.0
4.176 1.219
4.176 1.49
4.176 1.824
4.176 2.238
4.246 2.738
4.207 3.281
4.216 4.0
4.296 4.914
4.609 6.015
5.461 6.758
7.863 5.981
8.799 2.392
4.176 1.0
4.176 1.212
4.176 1.482
4.176 1.816
4.233 2.222
4.3 2.708
4.274 3.264
4.176 3.989
4.248 4.869
4.332 5.879
4.72 7.063
6.236 7.729
8.666 5.365
7.622 2.146
4.176 1.0
4.176 1.207
4.237 1.478
4.176 1.803
4.239 2.215
4.281 2.71
4.251 3.279
4.345 4.019
4.268 4.812
4.36 5.839
6.136 6.81
8.252 4.76
8.286 1.904
4.19 1.0
4.19 1.222
4.176 1.496
4.236 1.836
4.176 2.243
4.187 2.739
4.226 3.358
4.176 4.123
4.259 5.058
4.176 6.163
5.011 7.496
7.104 7.745
9.386 3.184
6.418 1.274
4.176 1.0
4.176 1.225
4.176 1.502
4.176 1.845
4.176 2.268
4.186 2.792
4.176 3.372
4.231 4.139
4.176 5.088
4.772 6.151
6.168 6.868
8.7 4.671
7.892 1.868
4.176 1.0
4.176 1.225
4.176 1.503
4.233 1.846
4.176 2.235
4.176 2.75
4.176 3.389
4.265 4.137
4.176 5.053
4.375 6.122
5.579 7.255
7.907 5.829
8.957 2.332
4.176 1.0
4.176 1.226
4.176 1.504
4.253 1.847
4.176 2.254
4.176 2.774
4.176 3.407
4.176 4.201
4.195 5.165
4.528 6.35
5.113 7.373
7.2 7.276
9.069 3.26
5.509 1.304
4.231 1.074
4.176 1.31
4.176 1.609
4.176 1.962
4.176 2.414
4.22 2.974
4.247 3.632
4.176 4.392
4.254 5.354
4.377 6.545
5.097 7.793
7.069 7.511
9.449 3.212
6.489 1.285
4.176 1.0
4.176 1.218
4.176 1.495
4.176 1.838
4.176 2.261
4.176 2.783
4.218 3.391
4.258 4.037
4.247 4.946
4.417 5.932
5.861 6.748
8.258 5.284
8.246 2.114
4.176 1.0
4.176 1.228
4.176 1.508
4.176 1.855
4.176 2.283
4.233 2.812
4.176 3.449
4.219 4.255
4.29 5.204
4.713 6.255
6.117 6.685
8.286 4.872
8.52 1.949
4.176 1.0
4.176 1.172
4.176 1.439
4.233 1.77
4.176 2.166
4.461 2.663
4.243 3.085
4.287 3.782
4.341 4.597
4.579 5.548
5.883 6.267
7.879 4.902
8.252 1.961
4.176 1.0
4.176 1.228
4.176 1.51
4.176 1.858
4.176 2.288
4.247 2.818
4.176 3.452
4.176 4.242
4.339 5.237
4.24 6.242
5.38 7.671
7.267 7.019
8.59 2.879
5.584 1.152
4.176 1.0
4.176 1.23
4.176 1.496
4.176 1.821
4.176 2.224
4.289 2.71
4.176 3.227
4.413 3.981
4.383 4.815
5.001 5.675
7.197 5.731
9.319 2.292
5.152 1.0
4.176 1.0
4.246 1.23
4.253 1.505
4.176 1.842
4.176 2.267
4.176 2.782
4.193 3.435
4.176 4.141
4.453 5.109
5.626 5.803
7.87 4.887
8.638 1.955
4.868 1.0
4.176 1.0
4.176 1.225
4.176 1.493
4.224 1.834
4.219 2.236
4.212 2.748
4.176 3.344
4.435 4.131
4.486 4.846
5.473 5.65
7.809 5.068
9.223 2.027
4.288 1.0
4.288 1.209
4.228 1.462
4.217 1.773
4.182 2.178
4.176 2.684
4.176 3.311
4.31 4.073
4.266 4.971
4.577 5.973
6.061 6.797
8.335 5.053
8.963 2.021
4.176 1.0
4.176 1.23
4.176 1.515
4.176 1.866
4.2 2.299
4.176 2.819
4.245 3.479
4.223 4.214
4.248 5.183
4.379 6.267
5.711 7.349
7.778 6.269
9.104 2.508
4.373 1.003
4.225 1.058
4.227 1.296
4.176 1.59
4.213 1.96
4.176 2.409
4.293 2.972
4.231 3.581
4.389 4.4
4.312 5.287
4.827 6.294
5.927 6.818
8.384 4.896
8.075 1.959
4.176 1.0
4.176 1.231
4.256 1.511
4.176 1.849
4.176 2.279
4.286 2.811
4.238 3.435
4.255 4.216
4.203 5.121
4.394 6.284
5.318 7.454
7.045 6.95
8.827 3.071
5.299 1.228
4.176 1.117
4.176 1.376
4.176 1.696
4.176 2.09
4.191 2.578
4.176 3.178
4.226 3.924
4.176 4.825
4.238 5.862
4.703 7.042
5.955 7.686
8.349 5.879
8.049 2.352
4.229 1.0
4.229 1.226
4.196 1.504
4.176 1.851
4.176 2.284
4.187 2.794
4.176 3.447
4.176 4.204
4.323 5.197
4.771 6.269
5.935 6.961
8.186 5.316
7.892 2.127
4.176 1.0
4.176 1.179
4.176 1.439
4.176 1.775
4.176 2.178
4.238 2.678
4.176 3.283
4.176 4.057
4.19 5.014
4.481 5.877
5.789 6.86
7.698 5.522
8.1 2.209
4.256 1.0
4.176 1.224
4.176 1.51
4.176 1.863
4.176 2.299
4.176 2.84
4.299 3.508
4.25 4.281
4.251 5.259
4.658 6.137
5.958 6.853
7.946 5.314
7.904 2.126
4.256 1.0
4.256 1.216
4.254 1.479
4.241 1.812
4.251 2.224
4.176 2.709
4.452 3.345
4.176 3.94
4.245 4.729
4.416 5.717
5.193 6.626
7.139 6.338
8.807 2.937
4.275 1.175
4.176 1.418
4.176 1.73
4.176 2.135
4.279 2.636
4.176 3.176
4.176 3.924
4.28 4.797
4.388 5.767
4.264 6.723
4.458 8.252
5.307 9.687
7.687 8.821
8.818 3.529
4.366 1.411
4.176 1.35
4.176 1.666
4.176 2.056
4.253 2.538
4.176 3.114
4.182 3.848
4.231 4.754
4.313 5.826
4.222 6.927
4.386 8.336
5.789 9.678
8.001 7.706
8.641 3.082
4.178 1.233
4.176 1.52
4.176 1.876
4.176 2.315
4.176 2.857
4.176 3.529
4.207 4.36
4.295 5.373
4.245 6.572
4.404 7.927
4.638 9.471
6.006 10.524
8.41 7.932
8.206 3.173
4.176 1.269
4.176 1.565
4.215 1.925
4.176 2.368
4.176 2.923
4.253 3.594
4.176 4.41
4.244 5.45
4.235 6.659
4.197 8.192
4.707 10.085
6.405 11.09
8.964 7.096
8.348 2.838
4.176 1.135
4.176 1.4
4.205 1.726
4.193 2.123
4.176 2.616
4.242 3.214
4.176 3.937
4.281 4.864
4.342 5.867
4.468 7.099
5.0 8.206
6.407 8.359
8.493 5.473
7.047 2.189
4.176 1.0
4.176 1.207
4.176 1.458
4.176 1.8
4.176 2.222
4.228 2.743
4.176 3.358
4.256 4.15
4.333 5.071
4.807 5.958
6.027 6.275
8.117 4.527
6.935 1.811
4.176 1.0
4.176 1.234
4.176 1.523
4.176 1.88
4.176 2.322
4.227 2.869
4.259 3.529
4.377 4.331
4.285 5.077
5.008 6.005
6.776 6.137
8.8 3.326
6.54 1.33
4.176 1.0
4.176 1.222
4.176 1.508
4.253 1.863
4.176 2.285
4.176 2.824
4.176 3.491
4.322 4.298
5.239 5.104
7.271 5.122
8.938 2.049
4.205 1.0
4.205 1.23
4.202 1.514
4.196 1.865
4.212 2.299
4.326 2.831
4.226 3.361
4.302 4.136
4.308 5.0
5.205 6.009
6.725 5.772
8.818 3.081
5.746 1.232
4.176 1.0
4.176 1.234
4.176 1.522
4.176 1.879
4.252 2.321
4.186 2.848
4.23 3.515
4.176 4.303
4.554 5.299
5.568 5.944
7.108 5.064
8.092 2.216
4.176 1.0
4.176 1.221
4.176 1.507
4.176 1.86
4.176 2.297
4.176 2.838
4.265 3.508
4.282 4.232
4.328 5.156
4.958 6.25
6.694 6.319
8.752 3.36
5.752 1.344
4.176 1.059
4.176 1.307
4.176 1.613
4.176 1.992
4.209 2.46
4.208 3.0
4.253 3.697
4.176 4.525
4.426 5.517
4.873 6.54
6.429 6.914
8.595 4.402
6.812 1.761
4.176 1.0
4.176 1.234
4.176 1.523
4.176 1.88
4.176 2.323
4.254 2.78
4.177 3.367
4.51 4.162
5.074 4.835
6.301 4.83
8.377 3.054
5.465 1.222
4.176 1.0
4.176 1.234
4.176 1.523
4.251 1.881
4.245 2.308
4.176 2.834
4.176 3.459
4.274 4.188
4.677 5.095
6.255 5.607
9.309 3.929
7.631 1.572
4.176 1.0
4.176 1.233
4.176 1.52
4.176 1.876
4.176 2.316
4.176 2.861
4.287 3.479
4.539 4.195
4.634 4.812
5.165 5.434
6.845 5.251
8.213 2.612
4.176 1.045
4.176 1.233
4.176 1.519
4.196 1.876
4.176 2.312
4.176 2.855
4.382 3.486
4.281 4.151
4.241 5.057
4.511 6.041
5.723 7.009
7.93 5.515
8.488 2.206
4.176 1.0
4.176 1.222
4.23 1.509
4.176 1.853
4.176 2.289
4.176 2.815
4.283 3.478
4.382 4.225
4.392 5.004
4.872 5.877
6.348 6.25
8.329 3.894
7.213 1.557
4.176 1.0
4.176 1.234
4.176 1.523
4.176 1.852
4.258 2.287
4.176 2.805
4.176 3.466
4.279 4.262
4.434 5.158
5.487 6.084
8.083 5.134
9.434 2.054
4.176 1.0
4.176 1.21
4.254 1.493
4.176 1.813
4.176 2.235
4.245 2.76
4.176 3.388
4.458 4.155
4.205 4.882
4.35 5.972
5.666 7.233
8.058 6.035
9.072 2.414
4.176 1.0
4.285 1.231
4.189 1.494
4.176 1.834
4.176 2.264
4.176 2.791
4.176 3.447
4.176 4.258
4.177 5.246
4.572 6.371
5.824 7.345
8.248 5.679
8.23 2.272
4.232 1.0
4.232 1.227
4.198 1.507
4.176 1.856
4.176 2.29
4.176 2.82
4.176 3.483
4.373 4.303
4.384 5.047
4.995 5.905
6.415 6.013
8.546 3.851
7.25 1.54
4.176 1.0
4.176 1.234
4.176 1.522
4.295 1.879
4.232 2.281
4.258 2.803
4.329 3.437
4.276 4.132
4.604 5.061
5.813 5.706
7.957 4.403
8.363 1.761
4.251 1.0
4.176 1.225
4.176 1.512
4.176 1.866
4.207 2.303
4.3 2.811
4.296 3.381
4.189 4.131
4.247 5.053
4.404 6.205
5.512 7.361
7.673 6.489
9.359 2.596
5.645 1.038
4.176 1.0
4.176 1.233
4.176 1.522
4.176 1.878
4.176 2.318
4.35 2.859
4.306 3.422
4.254 4.14
4.488 5.044
5.43 5.942
7.306 5.368
8.681 2.294
4.352 1.0
4.176 1.164
4.176 1.436
4.251 1.772
4.176 2.173
4.224 2.682
4.24 3.298
4.176 4.022
4.288 4.922
4.529 5.741
5.281 6.613
7.38 6.241
8.67 2.497
4.176 1.0
4.176 1.137
4.192 1.396
4.176 1.72
4.176 2.123
4.176 2.622
4.277 3.216
4.423 3.891
4.286 4.575
5.216 5.358
7.564 5.1
8.524 2.04
4.176 1.0
4.176 1.234
4.176 1.522
4.176 1.879
4.176 2.32
4.184 2.865
4.223 3.512
4.261 4.32
4.329 5.297
4.839 6.302
6.283 6.604
8.372 4.362
7.68 1.745
4.176 1.0
4.176 1.234
4.176 1.522
4.176 1.879
4.176 2.32
4.354 2.864
4.196 3.406
4.295 4.201
4.441 5.091
4.948 6.052
6.928 6.205
9.514 3.129
6.358 1.251
4.204 1.0
4.204 1.23
4.24 1.514
4.176 1.858
4.176 2.293
4.176 2.831
4.176 3.496
4.176 4.297
4.176 5.213
4.526 6.361
5.85 7.113
8.315 5.572
8.711 2.229
4.176 1.0
4.176 1.233
4.176 1.521
4.176 1.877
4.176 2.317
4.206 2.86
4.176 3.47
4.176 4.278
4.315 5.279
4.429 6.402
5.369 7.381
7.377 6.756
8.949 2.702
5.871 1.081
4.176 1.0
4.176 1.234
4.176 1.522
4.176 1.878
4.246 2.318
4.184 2.844
4.225 3.509
4.25 4.265
4.176 5.213
4.669 6.37
5.749 7.292
7.855 5.812
8.797 2.325
4.176 1.0
4.176 1.233
4.176 1.522
4.206 1.878
4.274 2.281
4.337 2.744
4.176 3.278
4.232 4.048
4.202 4.951
4.35 6.051
5.57 7.15
7.981 6.018
9.307 2.407
4.996 1.0
4.176 1.006
4.176 1.24
4.212 1.53
4.176 1.873
4.206 2.312
4.176 2.841
4.25 3.494
4.296 4.194
4.445 5.125
5.465 6.02
7.413 5.305
8.861 2.122
4.225 1.0
4.176 1.228
4.176 1.515
4.176 1.87
4.176 2.304
4.252 2.827
4.176 3.467
4.176 4.282
4.529 5.237
4.649 6.0
6.245 6.631
8.359 4.522
7.923 1.809
4.224 1.0
4.224 1.217
4.176 1.48
4.176 1.82
4.256 2.247
4.236 2.754
4.195 3.383
4.176 4.126
4.305 5.098
5.13 6.116
7.082 6.073
9.152 2.848
4.596 1.139
4.176 1.278
4.176 1.576
4.176 1.945
4.176 2.4
4.234 2.941
4.176 3.586
4.246 4.428
4.193 5.409
4.306 6.671
4.475 8.035
5.52 9.427
7.984 8.212
8.916 3.285
4.221 1.314
4.176 1.467
4.176 1.81
4.176 2.233
4.256 2.756
4.176 3.378
4.176 4.091
4.341 5.052
4.336 5.955
4.256 7.251
4.72 8.894
6.023 9.578
8.256 6.875
8.396 2.75
4.176 1.1
4.176 1.346
4.176 1.661
4.176 2.031
4.306 2.507
4.204 3.036
4.21 3.739
4.207 4.459
4.211 5.434
4.408 6.621
5.02 7.782
6.819 7.709
9.066 3.821
4.983 1.528
4.176 1.502
4.176 1.854
4.176 2.287
4.176 2.823
4.23 3.47
4.176 4.263
4.198 5.264
4.176 6.489
4.176 8.015
4.354 9.903
5.2 11.774
7.36 11.451
9.482 4.58
5.474 1.832
4.176 1.538
4.176 1.897
4.176 2.341
4.176 2.889
4.176 3.566
4.176 4.403
4.176 5.437
4.298 6.596
4.367 7.995
4.498 9.376
5.369 10.847
7.651 9.863
9.523 3.945
5.454 1.578
4.176 1.054
4.176 1.3
4.176 1.605
4.176 1.98
4.201 2.444
4.176 3.011
4.176 3.633
4.524 4.487
4.401 5.214
5.085 6.074
6.665 6.022
8.643 3.259
5.247 1.304
4.194 1.231
4.176 1.516
4.191 1.871
4.176 2.306
4.176 2.846
4.237 3.507
4.176 4.306
4.312 5.317
4.476 6.351
4.446 7.4
5.426 8.612
7.694 7.846
9.418 3.139
5.038 1.255
4.176 1.154
4.176 1.423
4.176 1.754
4.176 2.164
4.176 2.671
4.176 3.297
4.189 4.014
4.424 4.897
4.532 5.914
4.796 6.924
5.964 7.687
7.854 6.165
8.118 2.466
4.225 1.0
4.176 1.228
4.181 1.516
4.253 1.87
4.176 2.292
4.176 2.83
4.252 3.494
4.176 4.286
4.259 5.22
4.497 6.344
5.473 7.193
6.995 6.563
8.261 2.863
5.207 1.145
4.176 1.062
4.176 1.31
4.176 1.617
4.176 1.997
4.241 2.466
4.337 3.022
4.425 3.617
4.418 4.303
4.332 5.081
4.948 6.083
6.284 6.242
8.507 3.979
6.717 1.592
4.255 1.0
4.255 1.225
4.206 1.502
4.176 1.85
4.183 2.28
4.213 2.773
4.176 3.414
4.294 4.217
4.374 5.076
5.346 6.032
7.306 5.594
9.5 2.237
5.399 1.0
4.247 1.0
4.247 1.226
4.203 1.504
4.212 1.852
4.291 2.261
4.197 2.763
4.223 3.372
4.304 4.09
4.641 4.847
6.051 5.376
8.335 3.887
8.127 1.555
4.218 1.0
4.218 1.224
4.176 1.499
4.245 1.846
4.176 2.218
4.227 2.724
4.176 3.349
4.486 4.091
4.176 4.752
4.645 5.872
6.117 6.488
8.427 4.486
7.748 1.794
4.176 1.0
4.176 1.234
4.176 1.523
4.256 1.88
4.231 2.305
4.176 2.832
4.203 3.465
4.308 4.27
4.367 5.198
4.4 6.229
5.528 7.071
7.874 6.141
8.528 2.456
4.229 1.0
4.176 1.198
4.216 1.479
4.176 1.819
4.176 2.246
4.176 2.774
4.189 3.388
4.176 4.18
4.176 5.105
4.369 6.248
5.849 7.447
8.705 5.862
8.446 2.345
4.176 1.0
4.176 1.234
4.176 1.523
4.176 1.864
4.176 2.294
4.214 2.832
4.189 3.485
4.176 4.254
4.267 5.255
4.547 6.395
5.899 7.366
8.179 5.996
8.551 2.398
4.191 1.0
4.176 1.217
4.176 1.501
4.226 1.853
4.195 2.277
4.176 2.806
4.176 3.465
4.295 4.264
4.232 5.13
4.333 6.306
5.529 7.482
7.192 6.422
9.13 2.569
5.146 1.027
4.176 1.0
4.176 1.234
4.176 1.523
4.176 1.859
4.176 2.272
4.176 2.806
4.31 3.442
4.312 4.165
4.555 4.88
5.662 5.512
7.85 4.526
8.6 1.811
4.176 1.0
4.176 1.234
4.176 1.512
4.176 1.866
4.247 2.295
4.176 2.796
4.247 3.448
4.176 4.231
4.219 5.18
4.409 6.299
5.597 7.329
7.397 6.197
8.879 2.479
4.451 1.0
4.256 1.065
4.215 1.305
4.216 1.603
4.33 1.972
4.176 2.368
4.176 2.924
4.176 3.612
4.606 4.462
5.395 4.988
7.443 4.707
8.301 1.883
4.176 1.0
4.176 1.231
4.176 1.52
4.176 1.863
4.176 2.3
4.181 2.84
4.498 3.485
4.176 4.004
4.176 4.897
4.608 6.012
5.624 6.593
7.535 5.644
7.547 2.257
4.176 1.0
4.176 1.23
4.176 1.518
4.176 1.872
4.176 2.312
4.274 2.812
4.258 3.418
4.477 4.192
4.481 4.873
5.498 5.589
7.182 4.877
8.014 1.971
4.484 1.0
4.176 1.089
4.21 1.345
4.242 1.655
4.207 2.032
4.176 2.504
4.288 3.093
4.279 3.769
4.497 4.533
5.628 5.025
8.228 4.138
8.187 1.655
4.247 1.0
4.247 1.227
4.244 1.505
4.231 1.847
4.192 2.27
4.176 2.8
4.218 3.46
4.208 4.259
4.293 5.15
5.421 6.199
7.281 5.641
9.624 2.257
6.039 1.0
4.176 1.0
4.176 1.234
4.176 1.524
4.243 1.881
4.176 2.309
4.242 2.839
4.176 3.487
4.263 4.307
4.456 5.173
5.353 5.908
6.777 5.794
8.9 2.742
6.044 1.097
4.176 1.0
4.184 1.234
4.176 1.523
4.176 1.88
4.243 2.322
4.182 2.851
4.176 3.52
4.176 4.348
4.841 5.311
6.293 5.704
8.637 3.639
6.997 1.456
4.176 1.0
4.176 1.234
4.225 1.524
4.176 1.862
4.18 2.3
4.236 2.84
4.279 3.489
4.342 4.271
4.521 5.081
5.751 5.838
8.027 4.703
8.875 1.881
4.767 1.0
4.176 1.03
4.297 1.271
4.176 1.537
4.176 1.88
4.176 2.321
4.236 2.834
4.305 3.482
4.28 4.252
4.422 5.161
5.73 6.018
8.459 4.839
8.806 1.936
4.176 1.0
4.176 1.234
4.176 1.524
4.176 1.873
4.176 2.313
4.263 2.856
4.454 3.5
4.189 4.094
4.244 4.997
4.697 6.015
6.137 6.628
8.419 4.687
8.565 1.875
4.176 1.0
4.176 1.234
4.468 1.523
4.176 1.761
4.176 2.174
4.176 2.685
4.176 3.316
4.306 4.095
4.251 4.945
4.481 6.043
5.445 7.051
7.603 6.234
9.049 2.494
4.852 1.0
4.214 1.0
4.214 1.23
4.226 1.513
4.271 1.85
4.228 2.234
4.176 2.741
4.244 3.378
4.273 4.11
4.444 5.017
5.695 5.708
8.007 4.521
8.747 1.808
4.225 1.0
4.216 1.012
4.176 1.244
4.176 1.535
4.176 1.896
4.176 2.341
4.203 2.89
4.176 3.561
4.276 4.398
4.738 5.318
5.182 5.935
6.714 5.734
8.085 2.966
5.508 1.187
4.238 1.0
4.236 1.213
4.271 1.488
4.176 1.815
4.377 2.241
4.176 2.652
4.218 3.24
4.337 3.988
4.62 4.744
5.916 5.27
8.156 4.071
8.592 1.628
4.176 1.0
4.176 1.234
4.256 1.524
4.176 1.868
4.199 2.306
4.176 2.842
4.176 3.46
4.176 4.274
4.198 5.238
4.57 6.455
5.722 7.51
8.47 6.017
8.638 2.407
4.231 1.0
4.231 1.228
4.197 1.508
4.2 1.859
4.176 2.271
4.176 2.804
4.328 3.463
4.176 4.188
4.21 5.173
4.252 6.236
5.388 7.554
7.442 6.754
8.93 2.702
5.516 1.081
4.176 1.0
4.176 1.234
4.176 1.524
4.176 1.881
4.184 2.323
4.176 2.863
4.176 3.537
4.25 4.327
4.382 5.31
4.904 6.44
6.632 6.783
8.906 3.749
7.37 1.5
4.176 1.0
4.176 1.234
4.239 1.524
4.255 1.871
4.257 2.287
4.176 2.804
4.229 3.463
4.331 4.242
4.434 5.045
5.124 6.035
7.088 5.902
9.089 2.515
6.32 1.006
4.176 1.0
4.176 1.234
4.176 1.524
4.176 1.881
4.262 2.322
4.176 2.846
4.176 3.504
4.308 4.329
4.269 5.284
4.94 6.235
6.328 6.829
8.314 4.409
6.714 1.764
4.176 1.0
4.176 1.234
4.176 1.524
4.176 1.882
4.207 2.321
4.176 2.827
4.285 3.445
4.324 4.152
4.584 5.062
5.544 5.778
6.92 5.107
8.478 2.318
4.176 1.0
4.176 1.234
4.176 1.524
4.176 1.88
4.176 2.321
4.199 2.816
4.176 3.471
4.274 4.236
4.24 5.159
4.329 6.285
5.505 7.586
7.668 6.695
8.837 2.678
4.415 1.071
4.176 1.0
4.176 1.231
4.176 1.507
4.176 1.861
4.176 2.298
4.23 2.839
4.235 3.49
4.197 4.269
4.815 5.265
6.463 5.73
9.173 3.362
6.685 1.345
4.235 1.0
4.235 1.228
4.199 1.508
4.176 1.859
4.241 2.296
4.176 2.8
4.322 3.45
4.347 4.147
4.834 4.93
5.827 5.23
7.767 4.15
7.271 1.66
4.213 1.0
4.176 1.218
4.176 1.504
4.176 1.858
4.253 2.295
4.255 2.816
4.25 3.446
4.389 4.23
4.452 4.948
5.295 5.735
7.383 5.223
8.79 2.089
4.176 1.0
4.176 1.232
4.176 1.519
4.272 1.865
4.176 2.265
4.176 2.798
4.176 3.457
4.176 4.271
4.299 5.278
4.377 6.422
5.501 7.42
7.623 6.412
8.877 2.565
4.374 1.026
4.176 1.094
4.226 1.351
4.176 1.661
4.176 2.052
4.176 2.535
4.256 3.132
4.409 3.842
4.606 4.414
4.996 5.003
6.484 5.001
8.212 3.169
5.784 1.268
4.176 1.0
4.176 1.235
4.176 1.511
4.176 1.866
4.176 2.289
4.176 2.821
4.177 3.46
4.176 4.276
4.454 5.183
5.615 5.99
7.199 5.241
8.552 2.096
4.176 1.0
4.176 1.235
4.176 1.525
4.176 1.884
4.176 2.327
4.176 2.874
4.176 3.552
4.176 4.389
4.176 5.402
4.772 6.626
5.132 7.165
6.545 7.013
7.805 4.086
5.753 1.634
4.176 1.165
4.199 1.439
4.176 1.775
4.46 2.193
4.252 2.561
4.23 3.141
4.232 3.782
4.314 4.652
4.662 5.68
6.862 5.976
9.037 3.122
6.109 1.249
4.176 1.0
4.176 1.235
4.176 1.526
4.176 1.886
4.231 2.33
4.176 2.865
4.247 3.518
4.238 4.317
4.673 5.188
5.417 5.957
7.137 5.331
8.205 2.278
4.176 1.0
4.176 1.235
4.176 1.526
4.176 1.878
4.176 2.306
4.346 2.849
4.392 3.4
4.318 4.024
4.39 4.823
5.017 5.729
6.345 5.866
8.637 3.486
6.421 1.394
4.213 1.0
4.176 1.231
4.176 1.491
4.176 1.823
4.365 2.253
4.333 2.678
4.311 3.189
4.176 3.79
4.674 4.525
6.465 4.902
8.813 3.054
6.569 1.221
4.176 1.0
4.176 1.235
4.176 1.526
4.176 1.886
4.176 2.327
4.256 2.876
4.306 3.529
4.241 4.312
4.396 5.262
4.553 6.208
5.413 7.117
7.547 6.113
8.333 2.445
4.176 1.0
4.176 1.235
4.176 1.526
4.176 1.868
4.176 2.309
4.222 2.853
4.176 3.512
4.176 4.342
4.274 5.267
4.315 6.456
5.383 7.573
7.62 6.92
9.328 2.768
4.18 1.107
4.176 1.367
4.176 1.689
4.176 2.087
4.176 2.579
4.255 3.187
4.176 3.911
4.176 4.781
4.355 5.894
4.41 6.956
5.434 8.162
7.792 7.523
8.751 3.009
4.225 1.204
4.219 1.464
4.176 1.801
4.252 2.226
4.258 2.731
4.2 3.351
4.176 4.132
4.261 5.108
4.181 6.105
4.37 7.544
4.85 9.071
6.992 9.531
9.48 4.868
6.882 1.947
4.185 1.0
4.185 1.234
4.179 1.524
4.176 1.882
4.176 2.326
4.176 2.874
4.176 3.552
4.176 4.385
4.468 5.411
4.488 6.283
5.496 7.271
7.587 6.513
8.961 2.605
4.779 1.042
4.252 1.022
4.176 1.254
4.217 1.549
4.288 1.893
4.176 2.306
4.221 2.85
4.277 3.508
4.198 4.256
4.185 5.251
5.209 6.23
7.181 5.987
9.383 2.395
5.27 1.0
4.176 1.0
4.176 1.235
4.176 1.526
4.176 1.886
4.292 2.331
4.379 2.839
4.176 3.382
4.337 4.18
4.336 5.081
5.566 5.873
7.626 5.027
8.634 2.011
4.176 1.0
4.176 1.235
4.176 1.526
4.176 1.886
4.176 2.317
4.176 2.864
4.241 3.54
4.257 4.301
4.339 5.249
4.346 6.335
5.23 7.439
7.619 7.017
9.446 2.807
4.382 1.123
4.176 1.263
4.176 1.549
4.24 1.914
4.176 2.339
4.176 2.871
4.208 3.548
4.176 4.372
4.248 5.404
4.176 6.638
4.692 8.206
5.847 9.061
7.807 6.934
8.017 2.774
4.176 1.109
4.176 1.319
4.176 1.63
4.221 2.014
4.176 2.479
4.176 3.063
4.218 3.786
4.229 4.59
4.217 5.599
4.406 6.828
5.338 8.076
7.546 7.433
9.338 2.973
4.358 1.189
4.176 1.367
4.176 1.689
4.224 2.087
4.176 2.567
4.176 3.172
4.176 3.921
4.285 4.846
4.195 5.916
4.223 7.219
4.381 8.888
5.427 10.087
7.716 9.074
9.09 3.63
4.654 1.452
4.176 1.474
4.176 1.821
4.176 2.233
4.176 2.759
4.176 3.41
4.257 4.215
4.336 5.171
4.176 6.102
4.176 7.491
4.215 9.052
5.094 11.081
6.732 10.548
9.024 5.079
6.186 2.031
4.24 1.358
4.205 1.668
4.176 2.056
4.176 2.54
4.176 3.139
4.176 3.88
4.244 4.796
4.176 5.839
4.24 7.219
4.498 8.858
5.109 10.216
7.391 9.983
8.933 3.993
4.742 1.597
4.176 1.587
4.259 1.961
4.176 2.405
4.241 2.972
4.176 3.651
4.176 4.446
4.176 5.467
4.176 6.632
4.205 8.017
4.316 9.751
4.372 11.802
5.499 13.797
7.719 12.358
9.603 4.943
5.571 1.977
4.176 1.401
4.176 1.731
4.176 2.139
4.176 2.643
4.176 3.266
4.202 4.037
4.176 4.978
4.388 6.149
4.354 7.458
4.331 8.801
5.248 10.215
7.11 9.72
8.865 4.057
4.755 1.623
4.176 1.603
4.176 1.981
4.176 2.448
4.176 3.025
4.231 3.738
4.176 4.597
4.176 5.682
4.231 6.989
4.27 8.593
4.523 10.415
4.311 11.875
4.962 14.108
6.804 14.459
9.036 7.8
6.933 3.12
4.276 1.392
4.176 1.688
4.176 2.086
4.176 2.578
4.176 3.186
4.228 3.938
4.217 4.828
4.176 5.947
4.251 7.319
4.411 8.989
4.788 10.311
5.922 11.052
7.706 8.474
8.054 3.39
4.196 1.356
4.176 1.672
4.176 2.067
4.176 2.554
4.176 3.157
4.253 3.888
4.21 4.734
4.221 5.796
4.442 7.088
4.467 8.329
4.521 9.802
5.823 11.162
8.091 8.787
8.514 3.515
4.176 1.406
4.176 1.737
4.19 2.128
4.176 2.626
4.178 3.246
4.176 4.011
4.221 4.907
4.309 6.042
4.376 7.286
4.366 8.687
4.685 10.052
5.945 11.08
8.081 8.185
8.057 3.274
4.176 1.31
4.176 1.616
4.2 1.997
4.176 2.441
4.176 3.017
4.229 3.73
4.176 4.527
4.176 5.597
4.197 6.9
4.247 8.474
4.406 10.369
5.906 12.234
8.348 9.368
8.746 3.747
4.176 1.499
4.176 1.504
4.213 1.858
4.176 2.274
4.176 2.784
4.176 3.44
4.176 4.253
4.188 5.234
4.244 6.464
4.271 7.874
4.448 9.429
5.013 10.893
6.56 10.865
8.807 5.936
6.406 2.374
4.176 1.412
4.176 1.745
4.176 2.157
4.206 2.665
4.176 3.26
4.176 4.03
4.176 4.982
4.176 6.159
4.363 7.405
4.35 8.757
4.99 10.58
6.628 10.601
8.956 5.868
6.695 2.347
4.176 1.147
4.256 1.418
4.176 1.726
4.176 2.133
4.241 2.637
4.176 3.232
4.176 3.975
4.176 4.914
4.274 6.064
4.653 7.433
5.693 8.247
7.865 6.773
8.46 2.709
4.176 1.084
4.176 1.339
4.22 1.655
4.176 2.037
4.251 2.518
4.176 3.092
4.176 3.823
4.38 4.726
4.235 5.683
4.424 6.991
5.136 8.186
6.869 8.025
8.997 4.155
6.056 1.662
4.176 1.0
4.176 1.234
4.304 1.522
4.262 1.839
4.277 2.236
4.283 2.723
4.176 3.273
4.34 3.982
4.389 4.817
5.85 5.539
8.234 4.401
8.803 1.76
4.187 1.0
4.197 1.227
4.325 1.514
4.176 1.826
4.176 2.251
4.194 2.766
4.176 3.398
4.247 4.199
4.328 5.159
4.176 6.18
5.012 7.582
6.834 7.679
8.794 3.849
5.3 1.54
4.176 1.389
4.176 1.697
4.176 2.097
4.176 2.592
4.176 3.204
4.246 3.944
4.176 4.845
4.176 5.99
4.418 7.405
4.38 8.758
4.852 9.891
6.112 10.548
