5.268 1.0
5.268 1.153
4.176 1.295
4.176 1.0
4.176 1.241
4.176 1.653
4.176 2.229
4.18 3.024
4.304 4.137
4.176 5.631
4.63 7.673
6.942 9.655
11.542 6.246
13.066 2.498
6.346 1.0
4.176 1.0
4.176 1.052
4.176 1.132
4.176 1.242
4.176 1.387
4.176 1.573
4.176 1.808
4.176 2.103
4.176 2.472
4.176 2.934
4.298 3.512
4.256 4.164
4.345 5.024
4.411 5.972
5.307 6.955
7.385 6.47
8.627 2.588
4.631 1.035
4.317 1.101
4.211 1.28
4.176 1.516
4.226 1.825
4.176 2.191
4.251 2.622
4.176 3.182
4.176 3.851
4.176 4.646
4.398 5.746
5.028 6.822
6.986 6.977
8.798 3.387
6.046 1.355
4.176 1.0
4.176 1.205
4.176 1.457
4.176 1.752
4.176 2.136
4.176 2.596
4.176 3.188
4.2 3.82
4.246 4.623
4.522 5.678
5.63 6.58
8.119 5.54
9.055 2.216
4.217 1.0
4.217 1.205
4.192 1.457
4.279 1.772
4.232 2.134
4.176 2.565
4.176 3.143
4.176 3.862
4.47 4.758
4.45 5.543
5.002 6.362
6.414 6.566
8.3 4.032
7.228 1.613
4.176 1.0
4.176 1.219
4.176 1.489
4.176 1.824
4.176 2.239
4.186 2.724
4.245 3.351
4.176 4.064
4.535 4.919
5.348 5.691
7.308 5.238
9.244 2.095
4.291 1.0
4.176 1.07
4.201 1.306
4.237 1.595
4.176 1.946
4.263 2.37
4.267 2.858
4.188 3.476
4.287 4.169
4.192 5.079
5.095 6.02
7.043 6.1
9.155 2.698
6.062 1.079
4.237 1.0
4.237 1.215
4.199 1.48
4.222 1.811
4.176 2.195
4.176 2.701
4.176 3.328
4.302 4.086
4.311 4.941
5.148 5.835
6.836 5.649
9.021 2.843
4.865 1.137
4.199 1.18
4.176 1.441
4.176 1.766
4.267 2.168
4.224 2.616
4.291 3.208
4.176 3.911
4.316 4.829
4.383 5.834
4.62 6.84
6.064 7.527
8.572 5.672
8.122 2.269
4.176 1.0
4.176 1.225
4.176 1.502
4.176 1.844
4.206 2.268
4.176 2.785
4.367 3.433
4.176 4.102
4.22 5.048
4.474 6.006
5.906 6.94
8.389 5.378
8.629 2.151
4.176 1.0
4.176 1.225
4.176 1.502
4.176 1.845
4.228 2.268
4.314 2.778
4.176 3.381
4.199 4.172
4.338 5.124
4.497 6.162
5.985 7.044
8.222 4.99
8.666 1.996
4.23 1.0
4.176 1.22
4.176 1.496
4.176 1.838
4.178 2.261
4.176 2.782
4.176 3.409
4.176 4.17
4.319 5.083
4.711 6.118
6.163 6.553
8.538 4.619
8.302 1.848
4.214 1.0
4.177 1.215
4.176 1.491
4.176 1.831
4.178 2.247
4.228 2.749
4.176 3.372
4.228 4.158
4.176 5.052
4.309 6.072
5.322 7.191
7.516 6.655
9.058 2.662
5.671 1.065
4.176 1.0
4.176 1.227
4.176 1.508
4.176 1.855
4.176 2.283
4.23 2.813
4.237 3.402
4.256 4.176
4.291 5.075
4.648 6.165
6.476 6.749
9.302 4.065
7.144 1.626
4.176 1.0
4.176 1.227
4.176 1.508
4.204 1.837
4.176 2.255
4.176 2.778
4.504 3.401
4.231 3.981
4.186 4.891
4.658 6.037
6.118 6.66
8.346 4.624
8.288 1.85
4.176 1.0
4.176 1.227
4.176 1.508
4.176 1.836
4.176 2.249
4.234 2.744
4.325 3.364
4.323 4.055
4.176 4.894
4.47 6.007
5.566 6.817
7.771 5.853
8.941 2.341
4.176 1.0
4.176 1.228
4.176 1.505
4.176 1.85
4.214 2.276
4.176 2.793
4.258 3.431
4.265 4.132
4.635 5.041
4.348 5.7
5.11 6.787
7.29 6.653
8.748 2.767
5.472 1.107
4.176 1.0
4.238 1.229
4.176 1.503
4.216 1.85
4.176 2.253
4.191 2.778
4.176 3.422
4.236 4.224
4.538 5.185
5.279 6.145
7.007 5.712
8.852 2.716
5.825 1.087
4.176 1.0
4.228 1.217
4.176 1.491
4.176 1.837
4.25 2.263
4.176 2.773
4.226 3.417
4.27 4.144
4.284 4.879
4.887 5.744
6.819 6.067
8.931 3.17
6.083 1.268
4.176 1.0
4.176 1.23
4.176 1.514
4.176 1.859
4.176 2.291
4.176 2.825
4.176 3.476
4.226 4.292
4.297 5.215
4.595 6.318
5.799 7.107
7.923 5.595
8.613 2.238
4.176 1.0
4.176 1.23
4.179 1.514
4.176 1.851
4.248 2.282
4.28 2.777
4.194 3.394
4.213 4.142
4.176 4.992
4.433 6.067
5.669 7.009
8.044 5.806
8.806 2.322
4.248 1.0
4.176 1.207
4.244 1.486
4.176 1.819
4.176 2.23
4.176 2.733
4.231 3.335
4.418 4.095
4.237 4.848
4.346 5.895
5.586 6.945
7.99 5.72
9.13 2.288
4.176 1.0
4.176 1.219
4.176 1.488
4.176 1.833
4.176 2.228
4.176 2.72
4.176 3.356
4.176 4.142
4.418 5.091
4.52 6.009
5.2 6.908
7.406 6.428
9.098 2.571
5.039 1.028
4.258 1.017
4.176 1.226
4.178 1.504
4.176 1.853
4.246 2.286
4.176 2.802
4.317 3.403
4.208 4.011
4.355 4.771
4.855 5.754
6.459 6.044
8.714 3.851
7.418 1.54
4.176 1.0
4.176 1.231
4.176 1.517
4.176 1.87
4.284 2.306
4.176 2.797
4.224 3.453
4.35 4.246
4.437 5.165
4.824 5.987
6.488 6.315
8.623 3.867
7.531 1.547
4.176 1.0
4.176 1.231
4.176 1.517
4.176 1.871
4.227 2.308
4.176 2.818
4.176 3.412
4.176 4.202
4.455 5.193
5.121 6.043
6.837 5.992
8.612 3.001
5.668 1.2
4.176 1.0
4.176 1.232
4.176 1.504
4.227 1.855
4.176 2.279
4.176 2.804
4.176 3.463
4.219 4.279
4.374 5.205
5.052 6.205
6.58 6.513
9.13 4.057
6.28 1.623
4.176 1.048
4.176 1.292
4.216 1.585
4.221 1.949
4.176 2.36
4.207 2.894
4.304 3.566
4.297 4.329
4.513 5.252
4.897 6.093
6.493 6.295
8.351 3.722
7.087 1.489
4.176 1.0
4.176 1.233
4.176 1.521
4.303 1.877
4.176 2.276
4.176 2.794
4.176 3.452
4.211 4.268
4.5 5.243
5.295 6.05
6.851 5.763
8.598 2.901
6.249 1.161
4.176 1.0
4.176 1.233
4.176 1.522
4.176 1.878
4.176 2.319
4.176 2.842
4.176 3.512
4.176 4.342
4.299 5.371
4.633 6.519
6.089 7.328
8.249 5.319
7.961 2.128
4.176 1.0
4.176 1.234
4.176 1.522
4.176 1.879
4.176 2.288
4.176 2.827
4.196 3.495
4.349 4.241
4.318 5.088
5.055 6.216
6.843 6.174
9.051 3.117
5.607 1.247
4.176 1.048
4.21 1.293
4.186 1.591
4.176 1.962
4.176 2.423
4.176 2.994
4.206 3.701
4.222 4.548
4.328 5.602
4.424 6.657
5.816 7.818
8.324 6.105
8.639 2.442
4.176 1.0
4.176 1.23
4.176 1.517
4.176 1.873
4.176 2.28
4.176 2.817
4.176 3.453
4.176 4.168
4.277 4.933
4.616 5.986
6.112 6.667
8.345 4.711
8.2 1.884
4.244 1.0
4.244 1.226
4.202 1.503
4.176 1.851
4.176 2.285
4.227 2.804
4.176 3.449
4.247 4.181
4.198 5.031
4.611 6.036
5.903 6.609
8.837 4.861
8.411 1.944
4.176 1.0
4.176 1.233
4.176 1.52
4.252 1.875
4.176 2.287
4.244 2.823
4.176 3.465
4.209 4.246
4.373 5.155
4.331 6.261
5.235 7.418
7.021 7.305
8.925 3.192
4.305 1.277
4.176 1.496
4.176 1.845
4.176 2.276
4.176 2.782
4.45 3.435
4.208 4.019
4.237 4.95
4.244 6.045
4.265 7.427
4.176 8.833
5.192 10.376
6.802 9.89
8.538 5.062
5.334 2.025
4.176 1.81
4.176 2.234
4.176 2.756
4.176 3.396
4.196 4.194
4.316 5.172
4.176 6.261
4.258 7.665
4.304 9.409
4.494 11.401
5.362 13.169
7.657 11.803
8.948 4.721
4.346 1.888
4.176 2.273
4.176 2.804
4.176 3.461
4.176 4.273
4.176 5.277
4.176 6.519
4.176 8.008
4.203 9.898
4.313 12.207
4.3 14.902
4.658 18.032
6.026 20.39
8.216 15.864
8.272 6.345
4.222 2.538
4.176 3.118
4.176 3.847
4.176 4.748
4.176 5.862
4.213 7.218
4.219 8.842
4.213 10.883
4.176 13.404
4.176 16.399
4.445 20.038
4.77 23.539
6.226 25.135
8.41 16.417
8.156 6.567
4.205 2.627
4.176 3.232
4.25 3.987
4.176 4.888
4.176 6.034
4.176 7.451
4.317 9.204
4.176 11.227
4.187 13.873
4.322 17.131
4.59 20.867
4.866 24.065
6.0 25.185
7.95 17.575
7.686 7.03
4.176 2.812
4.176 3.447
4.176 4.247
4.336 5.24
4.176 6.308
4.197 7.791
4.176 9.608
4.199 11.873
4.176 14.645
4.44 18.105
4.459 21.149
4.722 24.329
6.08 26.499
8.372 18.745
8.138 7.498
4.176 2.999
4.176 3.674
4.194 4.534
4.176 5.588
4.253 6.899
4.176 8.369
4.176 10.337
4.176 12.772
4.176 15.707
4.176 19.415
4.3 24.006
4.777 29.087
6.231 31.084
8.146 20.986
8.188 8.395
4.176 3.358
4.176 4.143
4.176 5.069
4.176 6.256
4.176 7.724
4.176 9.471
4.202 11.698
4.245 14.419
4.176 17.708
4.254 21.881
4.176 26.862
4.988 31.636
6.383 32.54
8.224 20.626
7.195 8.25
4.2 3.3
4.176 4.064
4.176 5.015
4.212 6.191
4.176 7.62
4.176 9.412
4.249 11.629
4.21 14.276
4.22 17.457
4.282 21.337
4.359 26.025
4.863 31.279
6.957 32.063
9.6 14.994
7.446 5.997
4.176 2.399
4.176 2.959
4.248 3.651
4.176 4.441
4.21 5.481
4.176 6.747
4.176 8.332
4.456 10.242
4.235 12.088
4.385 14.859
4.552 17.211
5.364 19.253
6.894 17.395
8.271 8.344
5.043 3.338
4.176 2.857
4.176 3.526
4.176 4.351
4.238 5.315
4.229 6.526
4.176 8.021
4.244 9.909
4.347 12.086
4.247 13.976
4.176 17.166
4.44 20.872
5.12 24.581
6.611 23.976
8.911 12.705
7.007 5.082
4.253 2.033
4.176 2.491
4.176 3.074
4.176 3.795
4.176 4.686
4.225 5.788
4.247 7.119
4.176 8.741
4.367 10.803
4.403 13.011
4.732 15.276
5.971 16.55
7.999 12.26
8.131 4.904
4.176 1.962
4.176 2.42
4.176 2.987
4.244 3.652
4.205 4.482
4.176 5.52
4.215 6.752
4.176 8.312
4.292 10.272
4.185 12.452
4.211 15.291
4.499 18.634
6.017 20.805
8.495 15.549
9.215 6.22
4.665 2.488
4.176 2.507
4.176 3.08
4.176 3.801
4.176 4.692
4.176 5.793
4.208 7.154
4.176 8.811
4.238 10.865
4.485 13.264
4.26 15.412
4.527 18.688
5.519 21.202
7.843 18.127
9.077 7.251
5.469 2.9
4.176 2.253
4.283 2.779
4.176 3.374
4.216 4.165
4.176 5.122
4.176 6.315
4.176 7.799
4.285 9.633
4.176 11.588
4.255 14.306
4.697 17.557
6.187 19.303
8.62 12.978
8.004 5.191
4.258 2.076
4.176 2.542
4.176 3.136
4.176 3.87
4.176 4.776
4.176 5.896
4.176 7.28
4.176 8.953
4.22 11.058
4.473 13.608
4.303 15.925
4.94 19.251
6.656 19.836
8.76 11.242
6.888 4.497
4.233 1.839
4.176 2.255
4.176 2.782
4.238 3.433
4.176 4.214
4.243 5.203
4.176 6.387
4.226 7.855
4.338 9.661
4.176 11.692
4.512 14.378
5.444 16.581
7.405 14.645
8.905 5.858
5.279 2.343
4.176 2.071
4.245 2.555
4.176 3.133
4.176 3.852
4.176 4.756
4.176 5.873
4.176 7.254
4.24 8.934
4.236 10.975
4.246 13.49
4.652 16.454
5.99 18.126
8.5 13.186
8.864 5.275
4.176 2.11
4.176 2.548
4.176 3.138
4.176 3.872
4.176 4.778
4.176 5.898
4.341 7.282
4.176 8.732
4.242 10.785
4.176 13.243
4.307 15.909
4.82 19.171
6.364 19.781
8.527 13.469
7.981 5.388
4.176 2.155
4.176 2.658
4.176 3.279
4.176 4.047
4.247 4.984
4.176 6.114
4.204 7.549
4.176 9.254
4.209 11.182
4.279 13.71
4.671 16.715
5.753 18.641
7.928 14.974
8.54 5.99
4.176 2.396
4.176 2.955
4.176 3.646
4.176 4.5
4.176 5.553
4.176 6.855
4.251 8.379
4.191 10.279
4.176 12.61
4.31 15.578
4.337 18.404
4.871 21.504
6.411 22.33
8.385 13.602
7.419 5.441
4.24 2.176
4.176 2.67
4.176 3.294
4.176 4.066
4.197 5.019
4.176 6.147
4.176 7.548
4.176 9.262
4.176 11.392
4.328 14.077
4.568 16.949
5.972 19.092
8.184 13.839
8.212 5.535
4.176 2.214
4.176 2.724
4.176 3.361
4.22 4.148
4.176 5.099
4.242 6.296
4.33 7.729
4.176 9.259
4.253 11.437
4.213 14.033
4.424 17.186
5.226 20.564
7.372 19.408
9.637 7.763
6.817 3.105
4.176 1.242
4.176 1.526
4.176 1.883
4.176 2.323
4.244 2.832
4.176 3.475
4.176 4.291
4.18 5.25
4.255 6.445
4.214 7.906
4.625 9.556
6.545 10.542
8.996 6.72
7.34 2.688
4.176 1.075
4.176 1.318
4.176 1.616
4.176 1.994
4.176 2.461
4.176 3.038
4.268 3.751
4.333 4.561
4.356 5.497
4.266 6.583
4.868 7.899
6.411 8.27
8.84 4.974
6.884 1.989
4.232 1.0
4.232 1.227
4.198 1.507
4.176 1.855
4.176 2.29
4.176 2.827
4.176 3.479
4.176 4.296
4.176 5.201
4.468 6.325
5.512 7.375
7.683 6.508
9.219 2.603
5.364 1.041
4.176 1.0
4.183 1.234
4.239 1.521
4.176 1.853
4.176 2.275
4.247 2.785
4.21 3.372
4.318 4.099
4.346 4.958
5.285 5.944
7.497 5.55
9.463 2.22
5.524 1.0
4.176 1.0
4.232 1.233
4.176 1.508
4.182 1.861
4.235 2.276
4.188 2.795
4.184 3.448
4.28 4.255
4.333 5.018
5.416 5.799
7.488 5.246
8.846 2.098
4.246 1.0
4.197 1.217
4.176 1.499
4.176 1.85
4.176 2.284
4.176 2.82
4.176 3.445
4.228 4.255
4.481 5.232
4.679 5.973
6.247 6.566
8.301 4.29
7.444 1.716
4.176 1.0
4.176 1.22
4.176 1.488
4.176 1.829
4.205 2.257
4.281 2.78
4.176 3.401
4.176 4.149
4.466 5.026
5.474 5.915
7.826 5.185
9.005 2.074
4.176 1.0
4.176 1.214
4.251 1.498
4.176 1.836
4.278 2.266
4.291 2.744
4.176 3.333
4.188 4.116
4.187 4.998
4.602 6.141
5.738 6.844
8.052 5.413
8.52 2.165
4.176 1.0
4.176 1.234
4.176 1.522
4.176 1.878
4.176 2.319
4.176 2.855
4.38 3.526
4.176 4.176
4.374 5.103
4.953 6.123
6.409 6.399
8.629 3.892
7.677 1.557
4.176 1.0
4.176 1.234
4.176 1.522
4.176 1.867
4.176 2.304
4.255 2.845
4.292 3.446
4.509 4.184
4.63 4.832
4.93 5.419
7.014 5.721
8.874 2.685
6.24 1.074
4.176 1.0
4.176 1.223
4.176 1.495
4.176 1.839
4.182 2.257
4.204 2.785
4.176 3.409
4.176 4.172
4.537 5.126
5.644 5.842
7.756 4.876
9.008 1.95
4.176 1.0
4.176 1.234
4.176 1.522
4.176 1.878
4.197 2.319
4.176 2.857
4.176 3.528
4.206 4.357
4.342 5.367
4.492 6.329
5.96 7.339
8.714 5.473
8.444 2.189
4.221 1.0
4.176 1.229
4.176 1.516
4.176 1.87
4.176 2.309
4.245 2.85
4.277 3.497
4.21 4.25
4.179 5.233
4.545 6.462
5.701 7.265
7.703 6.108
8.057 2.443
4.243 1.0
4.176 1.226
4.176 1.513
4.176 1.865
4.176 2.287
4.176 2.795
4.279 3.423
4.204 4.168
4.252 5.027
4.648 6.098
6.248 6.846
8.924 4.589
8.292 1.836
4.176 1.0
4.176 1.233
4.176 1.519
4.176 1.874
4.176 2.314
4.385 2.846
4.437 3.339
4.208 3.977
4.292 4.851
4.195 5.833
4.975 7.151
6.546 7.313
8.52 4.311
6.621 1.724
4.176 1.0
4.176 1.229
4.217 1.511
4.176 1.858
4.222 2.294
4.176 2.805
4.252 3.464
4.176 4.249
4.368 5.249
5.001 6.188
6.681 6.133
8.448 3.247
5.772 1.299
4.176 1.0
4.176 1.234
4.176 1.523
4.176 1.88
4.238 2.322
4.296 2.826
4.416 3.435
4.273 4.044
4.259 4.881
4.865 5.987
6.781 6.213
8.638 3.399
6.426 1.36
4.176 1.0
4.176 1.234
4.176 1.511
4.176 1.866
4.288 2.277
4.21 2.766
4.317 3.407
4.293 4.04
4.536 4.871
6.306 5.469
9.002 3.889
7.298 1.556
4.176 1.0
4.176 1.234
4.176 1.523
4.176 1.88
4.176 2.322
4.209 2.867
4.176 3.453
4.227 4.265
4.43 5.205
5.357 6.019
7.389 5.486
8.845 2.194
4.176 1.0
4.209 1.178
4.176 1.45
4.275 1.789
4.176 2.168
4.176 2.677
4.216 3.306
4.376 4.069
4.237 4.916
4.365 5.955
5.497 7.012
7.709 6.137
8.693 2.455
4.222 1.0
4.176 1.217
4.266 1.502
4.176 1.832
4.176 2.262
4.176 2.776
4.176 3.398
4.286 4.197
4.271 5.061
4.371 6.201
5.071 7.34
7.133 7.307
9.205 3.005
4.765 1.202
4.176 1.265
4.176 1.545
4.176 1.907
4.224 2.355
4.236 2.894
4.266 3.535
4.302 4.3
4.361 5.205
4.22 6.101
4.511 7.509
6.199 8.389
8.985 5.732
7.998 2.293
4.176 1.0
4.176 1.234
4.176 1.523
4.176 1.87
4.293 2.308
4.176 2.798
4.178 3.455
4.301 4.267
4.332 5.152
4.901 6.211
6.517 6.482
9.283 4.034
6.541 1.614
4.176 1.0
4.245 1.234
4.199 1.499
4.176 1.837
4.176 2.262
4.176 2.792
4.286 3.398
4.216 4.11
4.572 4.977
5.277 5.641
7.269 5.239
8.953 2.095
4.253 1.0
4.253 1.225
4.238 1.502
4.236 1.844
4.215 2.257
4.176 2.776
4.183 3.428
4.246 4.229
4.233 5.191
4.443 6.381
5.535 7.512
7.559 6.46
9.041 2.584
4.862 1.034
4.189 1.075
4.229 1.325
4.176 1.627
4.176 2.009
4.188 2.456
4.176 3.029
4.176 3.708
4.209 4.54
4.207 5.569
4.887 6.714
6.155 6.96
8.453 4.889
7.541 1.956
4.176 1.0
4.176 1.221
4.176 1.507
4.176 1.838
4.276 2.27
4.198 2.766
4.176 3.319
4.321 4.071
4.413 4.963
5.019 5.465
6.483 5.631
8.307 3.505
5.723 1.402
4.184 1.036
4.176 1.278
4.176 1.578
4.176 1.948
4.176 2.405
4.244 2.97
4.202 3.646
4.209 4.434
4.528 5.462
4.846 6.193
6.11 6.543
8.055 4.569
7.042 1.828
4.176 1.0
4.176 1.234
4.176 1.524
4.187 1.882
4.295 2.322
4.339 2.815
4.329 3.38
4.576 4.071
4.655 4.642
5.582 5.121
7.47 4.377
8.15 1.751
4.256 1.0
4.2 1.216
4.176 1.498
4.176 1.85
4.176 2.285
4.176 2.791
4.176 3.449
4.387 4.261
4.422 5.066
5.127 5.984
7.043 5.874
8.841 2.795
6.579 1.118
4.223 1.0
4.223 1.229
4.176 1.512
4.176 1.849
4.199 2.266
4.249 2.794
4.215 3.429
4.304 4.198
4.386 5.027
5.562 6.038
7.694 5.264
9.586 2.106
4.942 1.0
4.176 1.0
4.176 1.234
4.176 1.524
4.176 1.881
4.218 2.324
4.386 2.859
4.176 3.422
4.202 4.228
4.674 5.108
5.763 5.516
7.871 4.372
8.123 1.749
4.176 1.0
4.176 1.234
4.176 1.524
4.247 1.881
4.176 2.309
4.176 2.851
4.176 3.522
4.4 4.351
4.426 5.189
4.918 6.077
6.918 6.172
8.874 3.082
4.462 1.233
4.201 1.298
4.176 1.599
4.176 1.974
4.176 2.437
4.176 2.989
4.228 3.692
4.176 4.539
4.187 5.608
4.215 6.835
4.377 8.416
5.242 9.897
7.167 9.482
9.237 3.793
4.99 1.517
4.176 1.406
4.209 1.735
4.176 2.136
4.176 2.637
4.275 3.253
4.176 3.982
4.256 4.919
4.176 6.033
4.203 7.401
4.286 9.115
4.83 10.979
6.419 11.97
9.029 7.399
8.301 2.96
4.176 1.184
4.176 1.461
4.176 1.803
4.176 2.226
4.176 2.748
4.176 3.394
4.176 4.191
4.203 5.114
4.221 6.302
4.259 7.683
4.622 9.194
6.002 10.261
8.49 7.931
8.79 3.172
4.176 1.269
4.247 1.566
4.176 1.921
4.255 2.369
4.176 2.904
4.176 3.585
4.176 4.393
4.179 5.425
4.477 6.638
4.176 7.642
4.272 9.161
4.952 11.029
6.821 11.358
9.135 5.868
6.874 2.347
4.22 1.0
4.22 1.229
4.193 1.511
4.176 1.863
4.34 2.3
4.176 2.761
4.176 3.374
4.176 4.133
4.224 5.057
4.517 6.091
5.861 7.018
8.078 5.544
8.6 2.217
4.176 1.0
4.176 1.234
4.176 1.523
4.176 1.88
4.176 2.321
4.224 2.866
4.176 3.498
4.252 4.32
4.452 5.259
4.512 6.13
5.3 7.08
7.231 6.662
8.113 2.665
4.486 1.066
4.176 1.19
4.176 1.469
4.336 1.811
4.176 2.175
4.176 2.685
4.244 3.282
4.19 4.015
4.176 4.953
4.191 6.057
4.999 7.395
7.101 7.577
8.879 3.566
5.959 1.427
4.176 1.025
4.176 1.265
4.186 1.544
4.293 1.905
4.176 2.306
4.176 2.847
4.297 3.517
4.293 4.242
4.788 5.053
6.411 5.348
9.352 3.35
7.416 1.34
4.176 1.0
4.176 1.234
4.176 1.524
4.207 1.881
4.176 2.316
4.272 2.819
4.309 3.439
4.356 4.197
4.303 5.049
5.164 6.101
7.188 6.053
8.646 2.485
4.833 1.0
4.176 1.0
4.176 1.234
4.178 1.524
4.176 1.877
4.319 2.317
4.176 2.825
4.194 3.49
4.228 4.304
4.546 5.229
5.245 5.956
7.469 5.5
9.113 2.2
4.481 1.0
4.176 1.124
4.176 1.388
4.176 1.713
4.218 2.095
4.409 2.554
4.223 3.06
4.306 3.764
4.233 4.545
4.51 5.522
5.383 6.416
7.791 5.851
8.709 2.34
4.203 1.0
4.176 1.221
4.176 1.507
4.252 1.861
4.241 2.282
4.304 2.801
4.176 3.42
4.217 4.224
4.606 5.142
4.429 5.748
5.357 6.846
7.256 6.348
8.516 2.539
4.176 1.016
4.176 1.23
4.176 1.518
4.248 1.872
4.176 2.296
4.193 2.824
4.176 3.483
4.176 4.293
4.308 5.303
4.463 6.341
5.351 7.216
6.977 6.663
8.279 2.776
5.201 1.111
4.176 1.0
4.176 1.235
4.176 1.524
4.237 1.882
4.176 2.312
4.307 2.856
4.216 3.479
4.176 4.179
4.245 4.991
5.385 6.092
7.401 5.506
8.803 2.202
4.176 1.0
4.176 1.215
4.176 1.5
4.228 1.853
4.176 2.266
4.176 2.799
4.281 3.454
4.19 4.227
4.252 5.216
4.409 6.401
5.517 7.676
8.073 6.598
8.605 2.639
4.2 1.056
4.31 1.3
4.176 1.573
4.176 1.942
4.176 2.398
4.176 2.935
4.191 3.625
4.276 4.42
4.269 5.362
4.303 6.436
4.477 7.674
5.697 8.907
