5.352 1.0
5.352 1.185
4.176 1.367
4.176 1.018
4.176 1.236
4.176 1.645
4.176 2.217
4.247 3.006
4.176 4.086
4.209 5.619
4.605 7.5
6.535 9.618
11.271 6.799
13.047 2.719
4.741 1.088
4.218 1.0
4.218 1.052
4.192 1.132
4.176 1.245
4.176 1.395
4.176 1.586
4.176 1.828
4.176 2.131
4.176 2.511
4.256 2.975
4.288 3.546
4.29 4.221
4.201 5.038
4.571 6.116
5.515 6.807
7.374 5.895
8.184 2.358
4.176 1.0
4.176 1.184
4.176 1.412
4.176 1.694
4.221 2.022
4.19 2.441
4.176 2.973
4.285 3.605
4.379 4.362
4.38 5.231
4.773 6.267
6.189 6.802
8.463 4.474
7.843 1.79
4.176 1.0
4.176 1.205
4.176 1.457
4.176 1.769
4.243 2.156
4.176 2.621
4.372 3.217
4.246 3.787
4.232 4.647
4.176 5.726
5.043 6.999
7.245 7.33
9.177 3.237
6.049 1.295
4.176 1.0
4.176 1.205
4.176 1.456
4.176 1.774
4.176 2.167
4.176 2.655
4.265 3.212
4.191 3.909
4.372 4.82
4.5 5.729
5.66 6.727
7.617 5.504
8.515 2.201
4.176 1.0
4.176 1.209
4.176 1.465
4.176 1.787
4.176 2.192
4.176 2.694
4.256 3.319
4.176 4.069
4.379 5.034
4.695 6.079
6.363 6.773
9.297 4.251
7.09 1.7
4.176 1.0
4.176 1.208
4.248 1.461
4.268 1.779
4.176 2.144
4.217 2.637
4.376 3.237
4.369 3.86
4.203 4.618
5.037 5.659
6.797 5.705
9.057 2.981
6.121 1.192
4.176 1.0
4.176 1.222
4.176 1.495
4.176 1.833
4.256 2.25
4.232 2.748
4.176 3.311
4.25 4.085
4.272 4.96
4.707 6.0
6.551 6.368
8.825 3.702
7.509 1.481
4.176 1.0
4.176 1.211
4.176 1.485
4.176 1.823
4.176 2.242
4.176 2.761
4.176 3.35
4.205 4.06
4.365 5.007
5.184 6.038
7.232 5.918
9.17 2.712
5.621 1.085
4.176 1.0
4.176 1.225
4.176 1.502
4.212 1.845
4.176 2.263
4.223 2.786
4.223 3.421
4.176 4.188
4.301 5.177
4.907 6.282
6.587 6.829
9.245 3.929
7.147 1.572
4.176 1.0
4.176 1.225
4.209 1.503
4.176 1.842
4.176 2.253
4.236 2.723
4.176 3.312
4.227 4.089
4.559 5.03
5.318 5.885
7.474 5.575
9.391 2.23
4.999 1.0
4.176 1.0
4.176 1.226
4.176 1.505
4.219 1.85
4.176 2.269
4.176 2.795
4.25 3.396
4.394 4.164
4.357 4.949
5.539 5.817
7.795 5.045
8.833 2.018
4.176 1.0
4.176 1.218
4.176 1.494
4.176 1.835
4.176 2.256
4.249 2.777
4.275 3.399
4.283 3.994
4.231 4.807
4.554 5.802
5.79 6.632
8.161 5.411
8.371 2.164
4.176 1.0
4.176 1.227
4.176 1.507
4.222 1.853
4.176 2.27
4.176 2.796
4.392 3.447
4.254 4.137
4.322 5.059
4.487 6.037
5.695 6.944
8.267 5.756
9.125 2.303
4.176 1.0
4.176 1.226
4.176 1.505
4.176 1.849
4.176 2.27
4.192 2.793
4.176 3.436
4.492 4.237
4.176 4.902
4.363 6.054
5.167 7.231
7.391 6.938
9.036 2.775
5.784 1.11
4.176 1.0
4.176 1.228
4.234 1.509
4.176 1.846
4.176 2.272
4.27 2.799
4.176 3.371
4.204 4.16
4.2 5.093
4.938 6.216
6.642 6.682
9.054 3.989
6.617 1.596
4.176 1.0
4.176 1.228
4.262 1.51
4.176 1.829
4.176 2.252
4.246 2.762
4.236 3.385
4.489 4.123
4.427 4.777
5.591 5.354
7.767 4.611
8.183 1.844
4.176 1.0
4.176 1.229
4.251 1.511
4.176 1.846
4.239 2.273
4.219 2.785
4.233 3.421
4.176 4.2
4.176 5.156
4.474 6.349
5.37 7.244
7.436 6.55
8.858 2.62
4.814 1.048
4.176 1.0
4.176 1.23
4.209 1.514
4.176 1.859
4.176 2.292
4.176 2.827
4.276 3.489
4.377 4.193
4.503 4.84
5.316 5.576
7.488 5.111
9.392 2.044
4.176 1.0
4.176 1.23
4.196 1.514
4.253 1.861
4.176 2.253
4.232 2.777
4.185 3.391
4.339 4.149
4.393 4.908
4.588 5.819
5.756 6.647
8.058 5.373
8.286 2.149
4.176 1.0
4.176 1.23
4.176 1.514
4.176 1.865
4.176 2.299
4.251 2.836
4.205 3.461
4.209 4.248
4.317 5.233
4.505 6.387
5.601 7.335
7.742 6.123
9.044 2.449
4.176 1.0
4.176 1.143
4.176 1.407
4.176 1.733
4.176 2.119
4.23 2.613
4.176 3.208
4.238 3.895
4.253 4.776
4.258 5.861
4.891 7.172
6.986 7.409
9.422 3.848
5.839 1.539
4.176 1.169
4.176 1.418
4.303 1.726
4.245 2.085
4.187 2.554
4.176 3.148
4.176 3.886
4.29 4.795
4.176 5.766
4.976 7.051
6.882 7.261
8.808 3.459
6.684 1.384
4.176 1.0
4.246 1.231
4.176 1.507
4.176 1.858
4.176 2.292
4.176 2.828
4.247 3.4
4.322 4.173
4.338 5.024
5.427 5.974
7.331 5.605
8.952 2.242
4.704 1.0
4.244 1.004
4.176 1.228
4.176 1.511
4.176 1.86
4.176 2.273
4.24 2.804
4.176 3.443
4.441 4.177
4.599 5.0
5.664 5.619
7.716 4.587
8.843 1.835
4.176 1.0
4.176 1.213
4.176 1.495
4.234 1.842
4.176 2.26
4.176 2.787
4.176 3.404
4.176 4.203
4.28 5.193
4.386 6.321
5.342 7.48
7.257 6.734
8.721 2.694
5.529 1.077
4.176 1.0
4.176 1.232
4.176 1.519
4.176 1.873
4.176 2.312
4.176 2.828
4.236 3.477
4.226 4.239
4.325 5.085
5.054 6.14
6.946 6.157
9.13 2.977
4.67 1.191
4.176 1.175
4.176 1.448
4.231 1.785
4.228 2.191
4.176 2.672
4.176 3.287
4.176 4.039
4.228 4.952
4.263 6.039
4.602 7.258
5.662 8.152
7.846 6.738
8.483 2.695
4.176 1.078
4.176 1.167
4.176 1.439
4.176 1.776
4.362 2.174
4.275 2.587
4.249 3.136
4.22 3.849
4.352 4.741
4.563 5.582
5.567 6.358
7.495 5.593
8.513 2.237
4.176 1.0
4.176 1.233
4.24 1.521
4.176 1.867
4.231 2.284
4.18 2.778
4.284 3.432
4.19 4.178
4.28 5.161
4.561 6.206
5.585 7.013
7.797 6.012
8.691 2.405
4.178 1.0
4.178 1.233
4.179 1.521
4.262 1.877
4.31 2.29
4.176 2.771
4.341 3.348
4.208 4.02
4.291 4.88
4.176 5.842
5.214 6.889
7.232 6.514
9.116 2.614
5.552 1.045
4.181 1.0
4.265 1.233
4.236 1.506
4.176 1.835
4.176 2.266
4.186 2.788
4.197 3.417
4.409 4.219
4.489 5.056
5.527 5.883
8.099 4.995
8.968 1.998
4.301 1.0
4.385 1.212
4.199 1.44
4.176 1.765
4.176 2.179
4.176 2.692
4.364 3.327
4.25 3.976
4.322 4.885
4.931 5.895
6.927 6.024
8.905 2.79
6.796 1.116
4.176 1.0
4.176 1.233
4.176 1.522
4.176 1.878
4.176 2.318
4.265 2.864
4.251 3.471
4.196 4.262
4.197 5.261
4.711 6.495
6.231 7.172
8.913 4.772
8.121 1.909
4.176 1.0
4.176 1.233
4.176 1.52
4.176 1.876
4.24 2.298
4.22 2.821
4.205 3.47
4.259 4.276
4.259 5.211
4.52 6.321
5.56 7.195
7.586 6.286
8.516 2.515
4.273 1.006
4.211 1.21
4.215 1.488
4.224 1.83
4.283 2.242
4.346 2.699
4.386 3.208
4.176 3.73
4.182 4.594
4.376 5.505
4.818 6.515
6.522 6.8
8.394 4.497
6.312 1.799
4.176 1.0
4.176 1.231
4.176 1.516
4.3 1.87
4.176 2.261
4.183 2.753
4.266 3.4
4.245 4.083
4.483 4.999
5.716 5.814
7.636 4.69
8.627 1.876
4.241 1.0
4.176 1.101
4.213 1.359
4.227 1.668
4.182 2.051
4.176 2.532
4.176 3.129
4.208 3.868
4.253 4.654
4.786 5.712
6.43 6.106
8.839 3.668
6.935 1.467
4.176 1.0
4.176 1.234
4.176 1.523
4.176 1.869
4.176 2.297
4.193 2.821
4.261 3.481
4.365 4.197
4.962 5.102
6.717 5.409
8.824 2.9
5.66 1.16
4.176 1.0
4.176 1.234
4.176 1.523
4.216 1.88
4.24 2.297
4.285 2.792
4.176 3.41
4.549 4.215
4.668 4.929
6.081 5.401
7.889 4.078
7.837 1.631
4.204 1.0
4.288 1.231
4.355 1.488
4.176 1.768
4.176 2.183
4.176 2.69
4.232 3.292
4.46 4.038
4.683 4.708
5.937 5.171
8.309 3.823
8.209 1.529
4.176 1.0
4.176 1.234
4.176 1.507
4.176 1.861
4.176 2.298
4.176 2.839
4.27 3.509
4.583 4.249
4.473 4.809
5.673 5.523
7.873 4.412
8.215 1.765
4.187 1.0
4.176 1.233
4.176 1.521
4.176 1.878
4.176 2.293
4.176 2.832
4.176 3.499
4.176 4.307
4.618 5.233
5.32 5.825
6.912 5.613
8.207 2.668
5.009 1.067
4.176 1.0
4.176 1.234
4.25 1.524
4.176 1.867
4.176 2.306
4.285 2.833
4.176 3.44
4.241 4.204
5.186 5.134
7.846 5.078
9.527 2.031
4.176 1.0
4.176 1.202
4.198 1.483
4.258 1.804
4.176 2.211
4.176 2.73
4.306 3.329
4.176 4.023
4.288 4.914
4.428 5.833
5.356 6.893
7.127 6.27
8.285 2.713
4.275 1.085
4.176 1.317
4.176 1.626
4.176 2.007
4.176 2.478
4.176 3.06
4.176 3.775
4.179 4.644
4.176 5.702
4.329 7.048
4.694 8.457
5.92 9.331
8.237 7.195
8.337 2.878
4.176 1.151
4.176 1.41
4.176 1.74
4.176 2.148
4.176 2.651
4.176 3.261
4.176 3.937
4.184 4.817
4.464 5.95
4.434 6.854
5.05 7.991
6.653 8.038
8.536 4.499
6.123 1.799
4.182 1.101
4.176 1.358
4.176 1.677
4.222 2.068
4.209 2.544
4.215 3.117
4.483 3.815
4.176 4.423
4.917 5.411
6.905 5.626
9.396 2.716
5.524 1.087
4.176 1.0
4.176 1.234
4.176 1.523
4.23 1.874
4.176 2.302
4.235 2.843
4.337 3.494
4.441 4.209
4.411 4.787
5.503 5.528
7.875 5.121
9.122 2.048
4.176 1.0
4.176 1.233
4.176 1.522
4.176 1.878
4.281 2.318
4.176 2.807
4.195 3.466
4.176 4.274
4.294 5.281
4.516 6.39
5.948 7.227
8.678 5.483
8.006 2.193
4.176 1.0
4.176 1.226
4.176 1.503
4.176 1.854
4.176 2.289
4.176 2.826
4.25 3.48
4.304 4.271
4.252 5.217
4.886 6.218
6.678 6.328
8.664 3.39
5.84 1.356
4.176 1.0
4.176 1.224
4.176 1.491
4.176 1.829
4.176 2.259
4.176 2.789
4.227 3.445
4.249 4.237
4.595 5.084
5.408 5.696
7.288 5.342
8.875 2.137
4.176 1.0
4.176 1.184
4.249 1.461
4.176 1.791
4.176 2.21
4.213 2.729
4.281 3.359
4.224 4.041
4.176 4.963
4.544 6.073
5.532 6.943
8.104 5.98
9.292 2.392
4.327 1.0
4.187 1.193
4.239 1.47
4.182 1.803
4.176 2.224
4.176 2.746
4.216 3.39
4.387 4.171
4.258 4.891
4.621 5.947
5.661 6.684
8.082 5.496
8.184 2.198
4.176 1.0
4.176 1.233
4.176 1.522
4.176 1.878
4.176 2.303
4.254 2.844
4.389 3.487
4.239 4.185
4.478 5.072
4.859 5.818
6.443 6.083
8.407 3.873
7.075 1.549
4.176 1.0
4.232 1.229
4.176 1.485
4.176 1.831
4.185 2.257
4.294 2.784
4.264 3.37
4.252 4.02
4.782 4.934
6.03 5.444
8.226 4.007
7.942 1.603
4.176 1.0
4.176 1.234
4.176 1.522
4.176 1.879
4.176 2.32
4.22 2.865
4.265 3.492
4.176 4.265
4.436 5.243
4.811 6.058
6.543 6.397
8.847 3.602
7.279 1.441
4.176 1.0
4.21 1.234
4.176 1.501
4.176 1.853
4.176 2.271
4.211 2.805
4.189 3.422
4.31 4.154
4.661 5.014
5.909 5.544
8.385 4.27
8.827 1.708
4.338 1.0
4.189 1.204
4.176 1.484
4.176 1.831
4.176 2.26
4.176 2.757
4.234 3.386
4.24 4.16
4.185 5.051
4.352 6.235
5.74 7.48
8.206 6.073
9.184 2.429
4.176 1.0
4.176 1.09
4.224 1.338
4.176 1.643
4.241 2.001
4.176 2.455
4.176 3.031
4.176 3.743
4.291 4.513
4.916 5.519
6.524 5.902
8.777 3.405
6.749 1.362
4.176 1.0
4.176 1.234
4.277 1.522
4.334 1.842
4.211 2.216
4.259 2.718
4.176 3.308
4.405 4.086
4.395 4.818
5.352 5.71
7.752 5.219
9.154 2.088
4.176 1.0
4.176 1.233
4.176 1.513
4.3 1.841
4.279 2.195
4.388 2.671
4.225 3.142
4.295 3.805
4.235 4.591
4.418 5.543
4.89 6.531
6.69 6.895
9.42 4.068
7.02 1.627
4.176 1.0
4.176 1.233
4.176 1.522
4.176 1.862
4.176 2.298
4.176 2.837
4.359 3.471
4.347 4.14
4.478 4.952
5.324 5.669
7.008 5.313
8.802 2.25
4.176 1.0
4.176 1.157
4.18 1.427
4.176 1.737
4.215 2.132
4.176 2.619
4.191 3.234
4.21 3.989
4.176 4.848
4.453 5.989
5.785 6.979
7.967 5.502
8.417 2.201
4.176 1.0
4.176 1.234
4.176 1.522
4.176 1.879
4.176 2.319
4.324 2.864
4.176 3.437
4.283 4.195
4.346 5.125
5.114 6.124
7.074 5.935
9.115 2.486
6.232 1.0
4.176 1.0
4.205 1.234
4.176 1.518
4.176 1.874
4.252 2.313
4.237 2.813
4.176 3.437
4.249 4.149
4.408 5.065
5.035 6.114
6.987 6.115
8.949 2.794
6.432 1.118
4.176 1.0
4.176 1.234
4.247 1.522
4.176 1.867
4.373 2.304
4.334 2.749
4.176 3.263
4.176 4.03
4.176 4.924
4.66 6.071
6.404 6.722
8.78 4.205
6.715 1.682
4.176 1.0
4.176 1.234
4.176 1.522
4.179 1.879
4.263 2.293
4.176 2.799
4.178 3.439
4.218 4.247
4.364 5.129
4.967 6.08
6.803 6.198
8.897 2.854
5.121 1.141
4.176 1.058
4.176 1.305
4.176 1.611
4.176 1.988
4.176 2.454
4.286 3.028
4.322 3.685
4.215 4.443
4.334 5.47
4.91 6.509
6.778 6.676
9.352 3.717
5.72 1.487
4.176 1.149
4.199 1.418
4.176 1.746
4.176 2.154
4.176 2.659
4.176 3.283
4.2 4.055
4.231 4.977
4.6 6.013
6.456 6.764
9.048 3.987
6.942 1.595
4.176 1.0
4.176 1.234
4.176 1.522
4.176 1.878
4.176 2.318
4.176 2.862
4.256 3.503
4.24 4.295
4.527 5.192
5.022 6.107
6.63 6.299
8.409 3.728
6.737 1.491
4.176 1.0
4.176 1.234
4.176 1.523
4.19 1.88
4.176 2.318
4.176 2.862
4.274 3.535
4.422 4.246
4.501 4.912
5.896 5.595
8.176 4.234
9.037 1.694
4.176 1.0
4.176 1.234
4.176 1.522
4.176 1.878
4.202 2.318
4.176 2.854
4.176 3.524
4.176 4.351
4.271 5.326
4.219 6.481
4.971 7.93
6.45 8.091
8.55 4.686
6.512 1.874
4.176 1.0
4.176 1.234
4.176 1.523
4.176 1.879
4.176 2.32
4.176 2.864
4.221 3.537
4.192 4.351
4.607 5.368
4.844 6.301
5.952 6.784
7.959 4.962
7.849 1.985
4.176 1.0
4.176 1.234
4.176 1.523
4.176 1.88
4.176 2.321
4.176 2.866
4.208 3.54
4.219 4.36
4.307 5.263
4.564 6.367
5.392 7.195
7.25 6.458
8.726 2.583
4.712 1.033
4.176 1.0
4.176 1.234
4.241 1.524
4.264 1.87
4.176 2.269
4.2 2.803
4.176 3.455
4.318 4.268
4.306 5.153
5.521 6.215
8.05 5.471
9.034 2.189
4.176 1.0
4.176 1.207
4.176 1.49
4.237 1.84
4.176 2.259
4.176 2.775
4.176 3.401
4.176 4.183
4.236 5.168
4.872 6.241
6.348 6.565
8.486 4.105
7.357 1.642
4.176 1.0
4.176 1.234
4.176 1.52
4.19 1.857
4.216 2.29
4.182 2.818
4.256 3.45
4.287 4.232
4.437 4.916
4.743 5.771
6.451 6.243
8.674 3.774
7.45 1.509
4.176 1.0
4.176 1.234
4.176 1.523
4.211 1.881
4.176 2.315
4.176 2.859
4.176 3.499
4.321 4.323
4.362 5.078
4.933 5.976
6.589 6.238
8.891 3.693
7.387 1.477
4.251 1.0
4.178 1.226
4.176 1.513
4.208 1.868
4.176 2.3
4.176 2.841
4.244 3.485
4.266 4.279
4.299 5.19
5.55 6.182
8.128 5.357
9.166 2.143
4.176 1.0
4.176 1.234
4.237 1.523
4.198 1.869
4.176 2.303
4.176 2.843
4.252 3.511
4.265 4.307
4.276 5.277
4.446 6.327
5.322 7.489
7.662 6.665
8.957 2.666
5.081 1.066
4.297 1.053
4.244 1.277
4.176 1.566
4.214 1.933
4.176 2.378
4.221 2.936
4.176 3.609
4.309 4.449
4.396 5.394
4.608 6.458
6.096 7.248
8.598 5.345
7.434 2.138
4.176 1.0
4.176 1.234
4.198 1.523
4.244 1.876
4.176 2.302
4.198 2.842
4.248 3.503
4.237 4.298
4.32 5.178
4.518 6.264
5.594 7.181
7.862 6.081
9.104 2.432
4.176 1.0
4.176 1.231
4.176 1.519
4.176 1.875
4.176 2.315
4.176 2.85
4.256 3.519
4.176 4.279
4.345 5.285
4.463 6.373
5.211 7.425
7.338 7.146
8.892 2.858
4.248 1.143
4.176 1.348
4.176 1.664
4.176 2.022
4.34 2.488
4.176 3.027
4.176 3.738
4.187 4.573
4.341 5.479
4.176 6.581
4.556 8.13
5.577 9.155
7.607 7.93
8.075 3.172
4.176 1.269
4.176 1.566
4.268 1.933
4.176 2.349
4.226 2.9
4.176 3.516
4.176 4.336
4.176 5.313
4.19 6.561
4.711 8.032
5.42 8.787
7.046 8.014
8.488 3.301
4.384 1.32
4.176 1.448
4.275 1.787
4.176 2.172
4.176 2.673
4.176 3.294
4.27 4.069
4.243 4.984
4.243 6.121
4.352 7.44
4.768 8.666
6.366 9.107
8.277 5.824
6.885 2.33
4.176 1.0
4.176 1.221
4.176 1.508
4.176 1.862
4.213 2.278
4.176 2.793
4.176 3.428
4.216 4.236
4.715 5.064
5.255 5.59
7.611 5.258
8.653 2.103
4.176 1.0
4.176 1.233
4.212 1.522
4.2 1.873
4.176 2.309
4.176 2.851
4.176 3.49
4.176 4.287
4.176 5.161
4.784 6.334
6.34 6.785
9.286 4.489
8.281 1.796
4.176 1.0
4.176 1.231
4.176 1.519
4.251 1.876
4.176 2.3
4.254 2.84
4.176 3.483
4.266 4.154
4.176 5.027
4.767 5.966
6.079 6.487
7.969 4.91
8.021 1.964
4.176 1.0
4.176 1.232
4.176 1.521
4.176 1.878
4.178 2.32
4.176 2.864
4.176 3.537
4.373 4.312
4.351 5.106
5.043 6.087
6.383 6.101
8.703 3.736
6.967 1.494
4.268 1.0
4.184 1.22
4.176 1.505
4.188 1.859
4.176 2.293
4.176 2.832
4.206 3.467
4.3 4.265
4.47 5.143
5.676 5.925
7.62 4.942
9.071 1.977
4.176 1.0
4.176 1.234
4.176 1.517
4.182 1.873
4.178 2.311
4.256 2.854
4.176 3.5
4.176 4.286
4.182 5.283
4.393 6.37
5.893 7.276
8.671 5.68
8.821 2.272
4.176 1.0
4.176 1.203
4.256 1.464
4.223 1.794
4.177 2.168
4.209 2.659
4.37 3.274
4.176 3.95
4.244 4.872
4.38 5.927
5.568 6.876
7.912 5.885
9.214 2.354
4.176 1.0
4.176 1.196
4.325 1.462
4.176 1.764
4.176 2.178
4.176 2.69
4.337 3.321
4.391 4.043
4.423 4.763
4.542 5.588
5.722 6.353
8.149 5.084
8.664 2.033
4.274 1.0
4.274 1.216
4.176 1.478
4.176 1.821
4.176 2.233
4.176 2.694
4.254 3.327
4.176 4.081
4.307 5.025
4.641 6.022
6.425 6.475
8.557 3.886
8.265 1.554
4.236 1.0
4.236 1.227
4.199 1.507
4.307 1.856
4.176 2.24
4.176 2.766
4.176 3.415
4.186 4.128
4.296 5.079
4.633 6.145
5.773 6.646
7.314 5.605
7.675 2.242
4.176 1.0
4.176 1.23
4.21 1.518
4.176 1.852
4.176 2.26
4.176 2.791
4.176 3.447
4.247 4.238
4.277 5.203
4.904 6.266
6.4 6.475
8.28 4.04
7.896 1.616
4.176 1.0
4.176 1.228
4.176 1.515
4.176 1.866
4.176 2.304
4.176 2.846
4.186 3.513
4.556 4.232
4.293 4.903
4.923 5.979
6.747 6.28
9.429 3.106
6.281 1.242
4.176 1.0
4.176 1.234
4.176 1.523
4.176 1.881
4.269 2.322
4.285 2.81
4.244 3.437
4.176 4.219
4.468 5.06
4.585 6.007
5.849 6.875
7.941 5.246
8.459 2.098
4.195 1.0
4.224 1.222
4.192 1.484
4.176 1.815
4.176 2.241
4.301 2.767
4.251 3.357
4.176 4.076
4.217 5.036
4.551 6.075
6.299 6.711
8.663 4.57
7.319 1.828
4.176 1.0
4.176 1.234
4.176 1.524
4.176 1.881
4.184 2.322
4.176 2.866
4.18 3.539
4.255 4.358
4.255 5.346
4.639 6.486
5.731 7.323
8.114 5.824
8.822 2.33
4.176 1.0
4.176 1.22
4.176 1.489
4.176 1.819
4.288 2.209
4.176 2.675
4.176 3.304
4.203 4.081
4.262 5.006
4.61 6.059
5.838 6.818
7.707 5.376
8.336 2.15
4.176 1.0
4.176 1.234
4.176 1.511
4.176 1.866
4.176 2.299
4.176 2.839
4.254 3.465
4.176 4.251
4.292 5.156
4.838 6.305
6.202 6.45
8.225 4.332
6.791 1.733
4.176 1.0
4.176 1.235
4.176 1.524
4.249 1.882
4.176 2.31
4.177 2.825
4.176 3.489
4.376 4.311
4.405 5.231
5.023 6.11
6.971 5.925
8.75 2.838
6.626 1.135
4.176 1.0
4.176 1.23
4.176 1.514
4.176 1.845
4.176 2.258
4.335 2.789
4.25 3.357
4.264 4.046
4.342 4.91
5.062 5.878
7.042 5.859
9.161 2.599
6.467 1.04
4.176 1.0
4.176 1.234
4.176 1.524
4.176 1.882
4.234 2.324
4.26 2.836
4.176 3.477
4.253 4.263
4.459 5.163
4.591 6.029
6.127 6.497
7.859 4.694
6.424 1.878
4.176 1.0
4.263 1.235
4.176 1.509
4.176 1.849
4.176 2.28
4.176 2.789
4.255 3.424
4.364 4.105
4.561 4.882
5.671 5.542
7.807 4.536
8.157 1.815
4.243 1.0
4.243 1.227
4.202 1.507
4.176 1.857
4.176 2.293
4.176 2.833
4.176 3.488
4.176 4.31
4.39 5.326
4.342 6.155
5.49 7.308
7.522 6.601
9.004 2.641
5.035 1.056
4.241 1.054
4.176 1.294
4.176 1.598
4.176 1.974
4.241 2.439
4.176 2.955
4.341 3.567
4.18 4.268
4.535 5.102
5.03 5.729
6.526 5.849
8.462 3.405
5.594 1.362
4.176 1.095
4.208 1.352
4.176 1.654
4.203 2.035
4.176 2.508
4.217 3.098
4.176 3.795
4.322 4.69
4.467 5.721
5.955 6.634
7.822 5.326
8.46 2.13
4.176 1.0
4.176 1.235
4.176 1.521
4.176 1.878
4.176 2.32
4.24 2.857
4.176 3.51
4.189 4.338
4.305 5.314
4.417 6.402
5.357 7.088
6.962 6.433
7.736 2.982
4.281 1.193
4.176 1.439
4.176 1.778
4.176 2.196
4.176 2.714
4.239 3.353
4.176 4.11
4.332 5.081
4.289 6.125
4.478 7.17
5.478 8.219
7.8 7.149
8.941 2.86
4.176 1.144
4.176 1.413
4.176 1.746
4.176 2.157
4.265 2.665
4.176 3.232
4.176 3.968
4.176 4.877
4.541 5.996
4.847 6.92
6.015 7.407
7.995 5.493
7.257 2.197
4.247 1.0
4.238 1.228
4.176 1.508
4.176 1.864
4.227 2.285
4.176 2.777
4.176 3.432
4.281 4.151
4.397 4.934
4.973 5.819
6.897 6.107
8.718 2.94
5.042 1.176
4.245 1.044
4.176 1.282
4.176 1.584
4.176 1.957
4.255 2.419
4.176 2.945
4.176 3.634
4.238 4.468
4.403 5.445
4.958 6.595
6.138 7.024
8.922 4.844
6.78 1.938
4.176 1.0
4.176 1.216
4.176 1.479
4.176 1.828
4.176 2.259
4.176 2.791
4.368 3.45
4.41 4.155
4.439 4.932
4.847 5.731
6.679 5.81
8.565 3.619
6.201 1.448
4.176 1.0
4.176 1.236
4.176 1.527
4.176 1.884
4.176 2.329
4.176 2.879
4.203 3.553
4.247 4.297
4.744 5.237
6.205 5.607
8.923 3.772
8.283 1.509
4.176 1.0
4.176 1.235
4.176 1.526
4.176 1.886
4.176 2.31
4.176 2.855
4.299 3.476
4.176 4.208
4.359 5.174
4.923 6.24
6.819 6.373
8.781 3.476
5.949 1.391
4.176 1.0
4.176 1.235
4.176 1.526
4.176 1.886
4.176 2.331
4.176 2.88
4.256 3.56
4.176 4.304
4.278 5.238
4.749 6.278
6.257 6.836
9.011 4.661
8.099 1.864
4.176 1.0
4.176 1.235
4.176 1.526
4.176 1.885
4.228 2.33
4.188 2.865
4.176 3.537
4.176 4.329
4.371 5.351
4.176 6.383
4.936 7.803
6.666 7.888
8.829 4.309
6.421 1.724
4.176 1.073
4.176 1.318
4.176 1.628
4.176 2.012
4.176 2.486
4.258 3.072
4.176 3.77
4.19 4.66
4.238 5.753
4.176 6.868
5.22 8.39
7.752 8.014
9.4 3.205
4.824 1.282
4.176 1.305
4.176 1.612
4.176 1.978
4.176 2.443
4.193 3.019
4.176 3.726
4.267 4.605
4.272 5.582
4.176 6.785
4.484 8.288
4.933 9.884
6.445 10.341
8.737 6.158
6.952 2.463
4.176 1.0
4.176 1.235
4.176 1.526
4.176 1.886
4.204 2.331
4.227 2.874
4.235 3.536
4.299 4.348
4.47 5.015
4.626 5.843
6.49 6.581
9.208 3.917
7.164 1.567
4.176 1.0
4.176 1.235
4.176 1.526
4.176 1.886
4.275 2.33
4.176 2.827
4.229 3.494
4.317 4.294
4.529 5.129
4.964 5.878
7.028 5.68
8.665 2.715
5.713 1.086
4.231 1.0
4.192 1.223
4.176 1.509
4.176 1.864
4.176 2.304
4.176 2.847
4.321 3.512
4.267 4.285
4.271 5.191
5.039 6.103
6.895 6.112
9.141 3.169
6.629 1.268
4.176 1.0
4.176 1.235
4.176 1.526
4.176 1.881
4.192 2.324
4.208 2.863
4.24 3.529
4.205 4.337
4.176 5.348
4.445 6.612
5.805 7.747
8.001 6.104
8.769 2.442
4.176 1.0
4.176 1.23
4.176 1.52
4.176 1.878
4.176 2.321
4.176 2.868
4.323 3.518
4.176 4.231
4.228 5.198
4.572 6.397
5.34 7.375
7.427 6.781
8.945 2.712
5.483 1.085
4.176 1.0
4.204 1.235
4.176 1.523
4.176 1.874
4.176 2.294
4.255 2.835
4.348 3.48
4.273 4.193
4.454 5.139
5.066 6.053
7.214 5.924
8.996 2.37
4.184 1.0
4.176 1.172
4.176 1.449
4.176 1.781
4.214 2.202
4.189 2.712
4.194 3.349
4.452 4.133
4.259 4.814
4.475 5.74
6.235 6.638
8.863 4.657
8.613 1.863
4.176 1.0
4.176 1.197
4.176 1.48
4.205 1.828
4.176 2.253
4.176 2.785
4.218 3.442
4.176 4.239
4.332 5.187
4.228 6.285
4.868 7.672
6.587 8.06
8.827 5.301
6.829 2.12
4.176 1.048
4.176 1.29
4.176 1.594
4.234 1.97
4.176 2.387
4.176 2.95
4.227 3.647
4.196 4.402
4.176 5.432
4.454 6.394
5.218 7.549
6.931 7.217
9.151 3.232
5.919 1.293
4.176 1.0
4.176 1.236
4.243 1.527
4.176 1.868
4.176 2.309
4.176 2.854
4.188 3.527
4.343 4.342
4.547 5.288
4.744 6.114
6.108 6.621
7.965 4.503
7.321 1.801
4.176 1.0
4.176 1.236
4.176 1.527
4.176 1.887
4.176 2.333
4.176 2.884
4.227 3.538
4.19 4.355
4.586 5.317
4.526 6.032
5.898 6.847
8.049 5.238
8.389 2.095
4.176 1.0
4.176 1.236
4.176 1.527
4.176 1.885
4.176 2.331
4.176 2.872
4.176 3.529
4.388 4.326
4.554 5.099
4.794 5.901
6.546 6.224
8.665 3.603
6.513 1.441
4.176 1.0
4.176 1.236
4.176 1.51
4.176 1.867
4.18 2.296
4.202 2.828
4.257 3.458
4.334 4.237
5.159 5.076
7.575 4.977
9.002 1.991
4.176 1.0
4.176 1.236
4.176 1.527
4.326 1.887
4.176 2.278
4.208 2.816
4.176 3.471
4.176 4.269
4.398 5.176
4.303 6.189
5.479 7.194
7.589 6.353
8.855 2.541
4.511 1.016
4.176 1.07
4.176 1.323
4.232 1.635
4.342 2.01
4.257 2.409
4.376 2.957
4.371 3.531
4.386 4.141
5.154 4.879
7.017 4.679
9.037 2.086
4.87 1.0
4.176 1.0
4.176 1.236
4.259 1.527
4.176 1.874
4.176 2.303
4.227 2.752
4.176 3.386
4.402 4.115
4.723 4.737
6.094 5.125
8.07 3.619
7.554 1.447
4.26 1.0
4.176 1.227
4.176 1.516
4.176 1.874
4.176 2.316
4.205 2.863
4.176 3.531
4.384 4.366
4.4 5.153
5.195 6.117
7.231 5.873
9.355 2.579
5.494 1.032
4.198 1.0
4.198 1.233
4.185 1.521
4.248 1.879
4.176 2.29
4.176 2.831
4.176 3.5
4.249 4.201
4.378 5.16
5.095 6.117
7.299 5.932
9.675 2.373
5.715 1.0
4.176 1.0
4.176 1.236
4.176 1.527
4.176 1.887
4.176 2.333
4.235 2.884
4.176 3.514
4.341 4.345
4.286 5.249
4.876 6.198
6.568 6.603
8.974 4.047
6.183 1.619
4.176 1.069
4.176 1.322
4.176 1.634
4.2 2.015
4.176 2.485
4.245 3.043
4.176 3.697
4.338 4.571
4.758 5.567
6.166 6.055
7.843 4.154
6.431 1.662
4.176 1.003
4.176 1.24
4.195 1.532
4.219 1.891
4.176 2.329
4.227 2.855
4.252 3.514
4.296 4.299
4.817 5.172
6.134 5.536
8.337 3.889
7.041 1.556
4.176 1.0
4.182 1.236
4.176 1.525
4.347 1.886
4.216 2.258
4.176 2.761
4.184 3.378
4.361 4.118
4.913 4.923
6.572 5.116
9.208 2.904
6.392 1.162
4.176 1.0
4.176 1.236
4.176 1.528
4.242 1.889
4.176 2.309
4.176 2.855
4.302 3.53
4.239 4.276
4.278 5.258
4.708 6.444
6.016 7.31
8.578 5.723
7.954 2.289
4.176 1.0
4.222 1.232
4.176 1.517
4.176 1.876
4.176 2.295
4.176 2.837
4.176 3.508
4.242 4.338
4.187 5.273
4.925 6.384
6.857 6.651
9.905 3.423
5.466 1.369
4.227 1.034
4.176 1.272
4.176 1.573
4.176 1.933
4.22 2.39
4.228 2.943
4.176 3.622
4.372 4.478
4.345 5.31
4.59 6.404
6.286 7.107
8.482 4.819
7.03 1.928
4.176 1.0
4.176 1.236
4.176 1.528
4.176 1.878
4.176 2.304
4.176 2.849
4.225 3.522
4.239 4.302
4.37 5.29
5.375 6.148
7.355 5.599
8.971 2.24
4.176 1.0
4.21 1.173
4.176 1.446
4.176 1.787
4.222 2.209
4.257 2.721
4.29 3.331
4.205 4.077
4.796 5.025
6.137 5.388
8.941 3.616
8.753 1.446
4.176 1.0
4.176 1.236
4.176 1.528
4.176 1.888
4.176 2.334
4.176 2.886
4.251 3.568
4.246 4.297
4.546 5.255
5.941 6.021
8.67 4.533
8.679 1.813
4.212 1.0
4.176 1.232
4.176 1.522
4.185 1.882
4.176 2.324
4.222 2.872
4.176 3.536
4.289 4.29
4.882 5.164
6.193 5.471
8.385 3.775
6.325 1.51
4.176 1.0
4.245 1.236
4.239 1.518
4.217 1.852
4.19 2.266
4.299 2.781
4.302 3.367
5.164 4.071
7.591 3.942
9.855 1.577
4.767 1.0
4.176 1.041
4.176 1.286
4.176 1.589
4.176 1.964
4.176 2.428
4.259 3.001
4.32 3.622
4.647 4.389
6.267 5.064
8.583 3.489
7.383 1.396
4.176 1.0
4.176 1.222
4.176 1.493
4.176 1.837
4.305 2.251
4.25 2.75
4.235 3.278
4.316 4.031
4.936 4.871
7.042 5.017
9.463 2.219
5.098 1.0
4.257 1.0
4.176 1.227
4.176 1.499
4.176 1.844
4.218 2.269
4.259 2.764
4.246 3.353
4.331 4.11
5.222 4.924
7.938 4.72
9.325 1.888
4.176 1.0
4.176 1.2
4.176 1.483
4.231 1.832
4.254 2.229
4.22 2.709
4.27 3.335
4.664 4.081
6.269 4.559
7.761 3.184
6.522 1.274
4.176 1.0
4.176 1.236
4.176 1.527
4.212 1.887
4.186 2.325
