5.436 1.0
5.436 1.217
4.176 1.439
4.176 1.058
4.176 1.252
4.176 1.664
4.176 2.239
4.176 2.839
4.176 3.87
4.265 5.318
4.45 7.211
5.308 9.459
8.014 10.304
12.76 4.121
10.849 1.649
4.176 1.0
4.176 1.049
4.176 1.126
4.176 1.234
4.176 1.376
4.176 1.558
4.176 1.788
4.176 2.077
4.212 2.44
4.275 2.883
4.262 3.408
4.334 4.071
4.258 4.814
4.385 5.787
5.185 6.807
7.044 6.54
8.538 2.755
5.136 1.102
4.176 1.0
4.176 1.188
4.224 1.422
4.213 1.703
4.176 2.057
4.176 2.504
4.183 3.063
4.176 3.762
4.39 4.627
4.789 5.51
5.965 6.016
8.437 4.546
7.799 1.818
4.176 1.0
4.176 1.204
4.176 1.456
4.176 1.768
4.176 2.136
4.176 2.611
4.368 3.156
4.308 3.703
4.192 4.475
4.262 5.491
5.192 6.767
7.436 6.63
9.284 2.652
6.281 1.061
4.176 1.0
4.176 1.211
4.176 1.472
4.176 1.794
4.176 2.193
4.243 2.687
4.222 3.282
4.188 4.027
4.482 4.914
4.541 5.712
5.853 6.506
7.931 5.075
7.927 2.03
4.176 1.0
4.176 1.177
4.176 1.435
4.176 1.755
4.241 2.121
4.188 2.59
4.228 3.187
4.31 3.872
4.176 4.713
4.26 5.726
5.295 6.681
7.627 6.07
9.193 2.428
4.972 1.0
4.176 1.003
4.176 1.218
4.176 1.484
4.176 1.819
4.243 2.236
4.176 2.735
4.176 3.346
4.176 4.116
4.33 5.093
5.908 5.854
8.353 4.667
8.296 1.867
4.176 1.0
4.176 1.221
4.176 1.493
4.176 1.829
4.176 2.241
4.362 2.732
4.31 3.25
4.19 3.905
4.254 4.815
4.278 5.851
4.737 7.02
6.057 7.828
8.235 6.2
7.689 2.48
4.176 1.0
4.176 1.21
4.176 1.483
4.176 1.82
4.176 2.218
4.337 2.695
4.259 3.274
4.205 3.986
4.176 4.913
4.557 5.951
5.937 6.799
8.043 5.598
8.565 2.239
4.176 1.0
4.176 1.223
4.176 1.498
4.176 1.838
4.176 2.26
4.176 2.775
4.176 3.393
4.332 4.187
4.334 4.98
4.267 5.961
5.487 7.194
7.597 6.515
9.733 2.606
4.248 1.042
4.176 1.268
4.176 1.555
4.176 1.888
4.176 2.32
4.176 2.853
4.234 3.515
4.176 4.31
4.237 5.139
4.306 6.315
4.876 7.632
6.822 8.06
9.146 4.453
7.053 1.781
4.188 1.0
4.188 1.224
4.181 1.501
4.219 1.843
4.239 2.243
4.225 2.715
4.331 3.324
4.224 3.961
4.256 4.87
4.6 5.977
6.004 6.901
8.368 5.073
8.206 2.029
4.176 1.0
4.176 1.207
4.176 1.481
4.176 1.819
4.196 2.236
4.176 2.746
4.176 3.383
4.217 4.172
4.25 5.13
4.394 6.279
5.087 7.236
7.316 7.064
9.115 2.826
4.176 1.13
4.229 1.357
4.176 1.658
4.176 2.037
4.189 2.504
4.237 3.08
4.176 3.775
4.176 4.618
4.3 5.698
4.176 6.883
4.467 8.489
5.792 9.987
7.941 7.979
9.137 3.192
4.181 1.277
4.176 1.515
4.242 1.85
4.176 2.259
4.176 2.776
4.176 3.416
4.259 4.206
4.23 5.145
4.199 6.314
4.245 7.777
4.297 9.545
4.744 11.517
6.165 12.308
8.475 7.92
8.347 3.168
4.176 1.267
4.176 1.556
4.177 1.911
4.245 2.349
4.241 2.869
4.176 3.512
4.24 4.324
4.31 5.301
4.22 6.301
4.298 7.681
4.438 9.262
5.422 10.763
7.746 9.965
9.02 3.986
4.473 1.594
4.219 1.776
4.176 2.172
4.176 2.669
4.176 3.283
4.176 4.041
4.199 4.977
4.258 6.121
4.268 7.492
4.176 9.031
4.367 11.15
4.669 13.124
5.825 14.493
7.655 11.041
8.312 4.416
4.241 1.766
4.176 2.158
4.176 2.652
4.176 3.262
4.176 4.015
4.176 4.945
4.207 6.095
4.25 7.45
4.176 9.06
4.297 11.17
4.403 13.534
5.016 15.884
6.342 16.26
8.415 10.378
7.189 4.151
4.176 1.66
4.176 2.041
4.216 2.511
4.176 3.08
4.225 3.777
4.297 4.624
4.356 5.642
4.176 6.795
4.259 8.39
4.433 10.167
4.325 11.658
5.273 13.841
7.259 12.849
9.287 5.139
5.645 2.056
4.176 1.594
4.176 1.961
4.311 2.413
4.176 2.856
4.176 3.463
4.176 4.27
4.307 5.227
4.28 6.215
4.316 7.479
4.338 8.896
4.969 10.644
6.558 10.879
8.646 6.652
7.568 2.661
4.176 1.064
4.176 1.309
4.176 1.612
4.176 1.985
4.179 2.426
4.176 2.99
4.256 3.689
4.217 4.522
4.243 5.508
4.312 6.765
4.78 8.263
6.222 8.845
8.441 6.223
7.762 2.489
4.176 1.0
4.176 1.23
4.176 1.515
4.176 1.866
4.251 2.301
4.23 2.819
4.176 3.462
4.322 4.274
4.32 5.114
4.436 6.239
5.576 7.387
7.925 6.28
9.431 2.512
4.802 1.005
4.203 1.035
4.27 1.27
4.176 1.523
4.176 1.877
4.176 2.314
4.231 2.854
4.176 3.477
4.295 4.294
4.225 5.208
4.987 6.293
6.843 6.394
8.913 3.062
5.101 1.225
4.176 1.031
4.176 1.268
4.176 1.562
4.176 1.925
4.186 2.373
4.208 2.924
4.284 3.599
4.418 4.401
4.176 5.265
4.51 6.483
5.43 7.596
7.346 6.717
9.044 2.687
5.576 1.075
4.311 1.0
4.311 1.203
4.176 1.448
4.252 1.777
4.176 2.176
4.302 2.665
4.315 3.199
4.176 3.867
4.344 4.778
5.007 5.66
7.103 5.685
8.997 2.401
5.331 1.0
4.176 1.0
4.176 1.232
4.238 1.518
4.176 1.861
4.176 2.289
4.176 2.78
4.219 3.433
4.219 4.225
4.466 5.159
5.435 6.04
7.487 5.426
8.611 2.17
4.213 1.0
4.176 1.228
4.176 1.513
4.176 1.866
4.176 2.287
4.318 2.793
4.176 3.354
4.21 4.144
4.176 5.105
4.291 6.312
5.239 7.594
7.239 6.975
9.045 2.79
6.264 1.116
4.176 1.0
4.176 1.229
4.176 1.516
4.176 1.856
4.176 2.29
4.176 2.814
4.24 3.468
4.243 4.261
4.29 5.216
4.725 6.177
6.229 6.602
8.234 4.468
7.436 1.787
4.176 1.0
4.176 1.233
4.176 1.52
4.176 1.876
4.176 2.316
4.176 2.86
4.188 3.533
4.176 4.362
4.537 5.393
4.644 6.199
5.748 6.903
7.697 5.662
8.321 2.265
4.176 1.0
4.176 1.222
4.176 1.495
4.176 1.839
4.176 2.27
4.176 2.805
4.176 3.466
4.176 4.286
4.176 5.259
4.744 6.387
6.092 6.935
8.612 4.847
7.966 1.939
4.176 1.0
4.176 1.233
4.176 1.521
4.176 1.876
4.176 2.274
4.187 2.809
4.198 3.447
4.176 4.253
4.343 5.237
4.218 6.304
5.326 7.772
7.372 7.131
9.248 2.852
4.282 1.141
4.176 1.389
4.197 1.713
4.229 2.111
4.217 2.59
4.176 3.189
4.176 3.941
4.179 4.866
4.327 5.84
4.34 7.128
4.892 8.596
6.282 9.023
8.718 5.878
7.731 2.351
4.176 1.0
4.176 1.234
4.176 1.522
4.176 1.879
4.176 2.321
4.227 2.867
4.433 3.493
4.309 4.003
4.339 4.819
5.212 5.785
7.1 5.609
9.314 2.379
5.384 1.0
4.176 1.0
4.176 1.234
4.176 1.51
4.176 1.865
4.183 2.303
4.279 2.844
4.325 3.471
4.23 4.187
4.531 5.153
5.746 5.943
8.637 4.82
9.117 1.928
4.176 1.0
4.176 1.233
4.176 1.52
4.176 1.876
4.176 2.315
4.247 2.833
4.176 3.477
4.328 4.295
4.53 5.237
4.473 6.024
5.837 6.936
7.984 5.649
8.002 2.26
4.176 1.0
4.176 1.233
4.176 1.521
4.176 1.877
4.176 2.318
4.349 2.862
4.176 3.456
4.176 4.234
4.3 5.139
4.42 6.226
5.968 6.926
7.853 5.172
7.836 2.069
4.176 1.0
4.176 1.122
4.194 1.384
4.176 1.706
4.201 2.107
4.196 2.597
4.368 3.204
4.248 3.811
4.369 4.596
4.596 5.541
6.48 6.251
8.797 3.76
7.373 1.504
4.176 1.0
4.176 1.234
4.176 1.523
4.212 1.879
4.176 2.302
4.176 2.825
4.176 3.491
4.262 4.316
4.67 5.297
5.429 5.902
7.517 5.292
8.861 2.117
4.176 1.0
4.176 1.226
4.176 1.513
4.217 1.867
4.176 2.297
4.176 2.837
4.176 3.505
4.303 4.317
4.231 5.195
4.813 6.154
6.633 6.493
8.907 3.826
5.847 1.53
4.176 1.187
4.176 1.465
4.176 1.808
4.176 2.232
4.176 2.757
4.315 3.406
4.372 4.157
4.176 5.012
4.788 5.74
6.296 6.141
8.241 4.066
7.073 1.626
4.176 1.0
4.176 1.234
4.176 1.523
4.176 1.881
4.176 2.324
4.251 2.871
4.307 3.514
4.365 4.26
4.66 4.972
5.95 5.514
7.806 4.374
8.315 1.75
4.176 1.0
4.176 1.234
4.176 1.512
4.176 1.867
4.176 2.305
4.265 2.839
4.176 3.465
4.176 4.283
4.503 5.296
5.262 5.983
7.174 5.676
8.554 2.38
5.212 1.0
4.233 1.0
4.287 1.225
4.256 1.483
4.176 1.797
4.257 2.216
4.206 2.696
4.34 3.282
4.502 3.855
5.993 4.337
8.281 3.29
6.413 1.316
4.176 1.0
4.176 1.234
4.176 1.523
4.176 1.881
4.176 2.323
4.176 2.87
4.176 3.546
4.252 4.383
4.438 5.383
5.359 6.409
7.841 5.984
9.623 2.393
5.168 1.0
4.176 1.0
4.176 1.232
4.176 1.517
4.284 1.871
4.176 2.262
4.25 2.781
4.326 3.413
4.496 4.127
4.665 4.808
5.778 5.228
7.466 4.067
7.558 1.627
4.176 1.0
4.176 1.234
4.176 1.523
4.176 1.881
4.176 2.305
4.176 2.848
4.176 3.519
4.317 4.127
4.547 4.851
5.372 5.525
7.572 5.027
8.832 2.011
4.176 1.0
4.176 1.234
4.176 1.523
4.176 1.88
4.176 2.31
4.176 2.828
4.176 3.493
4.334 4.317
4.378 5.23
4.573 6.283
5.917 7.112
7.962 5.356
7.908 2.142
4.176 1.0
4.176 1.231
4.289 1.517
4.176 1.841
4.176 2.274
4.176 2.809
4.176 3.471
4.263 4.231
4.429 5.174
5.329 6.246
7.481 5.918
9.251 2.367
5.516 1.0
4.242 1.0
4.242 1.227
4.202 1.505
4.233 1.853
4.176 2.277
4.229 2.813
4.366 3.458
4.252 4.104
4.657 4.903
6.04 5.391
8.172 3.907
8.764 1.563
4.176 1.0
4.176 1.233
4.176 1.522
4.176 1.878
4.226 2.318
4.176 2.827
4.268 3.491
4.176 4.246
4.364 5.246
4.721 6.246
6.117 6.723
8.321 4.845
8.174 1.938
4.176 1.0
4.176 1.163
4.176 1.434
4.25 1.77
4.176 2.17
4.213 2.679
4.176 3.297
4.362 4.052
4.346 4.851
4.921 5.801
6.489 6.017
8.63 3.597
6.966 1.439
4.176 1.0
4.176 1.234
4.228 1.523
4.176 1.871
4.176 2.31
4.176 2.827
4.285 3.492
4.176 4.223
4.892 5.2
6.712 5.548
9.014 2.858
5.51 1.143
4.176 1.0
4.176 1.234
4.176 1.522
4.222 1.879
4.176 2.31
4.242 2.853
4.176 3.482
4.176 4.302
4.346 5.228
4.961 6.192
6.645 6.315
8.948 3.518
7.324 1.407
4.176 1.0
4.176 1.234
4.176 1.522
4.176 1.877
4.215 2.293
4.177 2.821
4.391 3.444
4.455 4.049
4.635 4.784
5.637 5.305
7.837 4.411
8.342 1.764
4.176 1.0
4.176 1.233
4.176 1.522
4.176 1.878
4.176 2.316
4.254 2.859
4.225 3.506
4.212 4.311
4.409 5.205
4.512 6.131
5.808 7.041
7.877 5.622
8.441 2.249
4.176 1.0
4.176 1.234
4.176 1.522
4.176 1.878
4.176 2.319
4.238 2.863
4.26 3.516
4.327 4.311
4.466 5.197
4.883 5.948
6.511 6.293
8.789 3.751
7.005 1.5
4.192 1.0
4.269 1.232
4.182 1.492
4.176 1.84
4.217 2.273
4.176 2.789
4.189 3.445
4.492 4.167
4.727 4.921
6.047 5.343
8.375 3.844
8.155 1.538
4.176 1.0
4.176 1.234
4.176 1.522
4.176 1.879
4.231 2.311
4.25 2.839
4.176 3.484
4.243 4.304
4.292 5.27
4.799 6.443
6.359 7.139
9.089 4.522
7.981 1.809
4.232 1.0
4.232 1.227
4.198 1.506
4.176 1.855
4.176 2.29
4.176 2.827
4.21 3.491
4.201 4.23
4.265 5.082
4.523 6.182
5.695 7.217
7.993 5.78
9.139 2.312
4.176 1.0
4.176 1.233
4.176 1.521
4.176 1.867
4.234 2.304
4.176 2.829
4.176 3.493
4.176 4.313
4.176 5.327
4.254 6.417
4.954 7.687
6.604 7.702
9.012 3.964
5.838 1.586
4.177 1.01
4.26 1.246
4.176 1.526
4.246 1.883
4.201 2.31
4.226 2.845
4.519 3.498
4.239 4.024
4.503 4.852
5.16 5.572
7.16 5.438
9.307 2.175
4.546 1.0
4.176 1.116
4.176 1.377
4.176 1.678
4.296 2.071
4.195 2.492
4.176 2.969
4.176 3.667
4.473 4.482
4.423 5.271
5.581 6.17
8.144 5.488
8.906 2.195
4.176 1.0
4.176 1.233
4.221 1.521
4.176 1.869
4.176 2.307
4.176 2.847
4.176 3.515
4.264 4.341
4.295 5.276
4.423 6.34
5.311 7.544
7.192 7.014
8.956 2.806
5.806 1.122
4.183 1.0
4.183 1.233
4.179 1.52
4.209 1.876
4.316 2.309
4.246 2.789
4.362 3.422
4.347 4.05
4.383 4.895
5.424 5.681
7.456 5.105
8.762 2.042
4.176 1.0
4.176 1.234
4.176 1.522
4.176 1.879
4.227 2.319
4.176 2.85
4.176 3.512
4.217 4.319
4.374 5.241
4.665 6.192
6.517 6.697
9.199 3.797
6.395 1.519
4.246 1.0
4.263 1.226
4.176 1.487
4.176 1.831
4.176 2.26
4.21 2.791
4.176 3.436
4.208 4.234
4.716 5.148
5.757 5.832
7.945 4.632
8.574 1.853
4.289 1.0
4.237 1.212
4.247 1.487
4.176 1.824
4.257 2.251
4.176 2.759
4.254 3.366
4.341 4.092
4.459 4.896
4.624 5.762
6.068 6.447
8.338 4.584
8.284 1.834
4.176 1.0
4.176 1.234
4.176 1.522
4.182 1.878
4.243 2.317
4.176 2.813
4.283 3.473
4.375 4.228
4.271 5.086
4.342 6.221
5.63 7.148
7.789 5.987
8.731 2.395
4.176 1.0
4.176 1.234
4.176 1.522
4.207 1.871
4.176 2.303
4.382 2.844
4.228 3.447
4.207 4.224
4.27 5.147
4.661 6.166
6.237 6.841
8.745 5.046
7.437 2.018
4.176 1.0
4.176 1.234
4.176 1.522
4.176 1.858
4.176 2.266
4.176 2.797
4.176 3.453
4.296 4.265
4.3 5.18
4.45 6.181
6.126 6.985
8.7 4.806
8.147 1.922
4.199 1.0
4.199 1.227
4.176 1.505
4.184 1.854
4.209 2.265
4.18 2.739
4.218 3.38
4.176 4.158
4.364 5.135
4.494 6.127
5.702 7.1
7.401 5.98
8.337 2.392
4.176 1.0
4.176 1.234
4.176 1.522
4.176 1.879
4.176 2.319
4.229 2.863
4.176 3.519
4.176 4.346
4.187 5.368
4.422 6.4
5.358 7.547
7.911 6.901
9.255 2.76
4.176 1.104
4.176 1.348
4.176 1.664
4.176 2.035
4.176 2.51
4.399 3.098
4.263 3.639
4.235 4.411
4.176 5.419
4.499 6.606
5.099 7.74
6.784 7.722
8.709 3.998
5.2 1.599
4.176 1.142
4.176 1.409
4.212 1.738
4.187 2.138
4.176 2.634
4.251 3.223
4.251 3.953
4.278 4.839
4.198 5.858
4.414 7.163
5.074 8.152
6.362 8.111
8.315 5.129
6.245 2.052
4.176 1.222
4.176 1.508
4.249 1.858
4.176 2.268
4.222 2.801
4.176 3.444
4.176 4.222
4.176 5.15
4.19 6.179
4.466 7.487
5.498 8.561
7.226 7.551
8.892 3.021
4.176 1.208
4.176 1.49
4.176 1.838
4.176 2.269
4.176 2.802
4.283 3.46
4.176 4.203
4.259 5.192
4.382 6.367
4.264 7.571
4.385 9.131
5.388 10.872
7.761 9.858
9.701 3.943
5.207 1.577
4.176 1.368
4.176 1.688
4.176 2.059
4.176 2.52
4.176 3.084
4.252 3.809
4.192 4.628
4.238 5.709
4.388 6.967
4.476 8.247
5.488 9.659
7.518 8.588
8.726 3.435
4.686 1.374
4.176 1.421
4.176 1.753
4.176 2.164
4.323 2.671
4.176 3.222
4.289 3.951
4.176 4.8
4.321 5.898
4.219 7.129
4.611 8.775
5.261 9.954
7.305 9.078
9.021 3.631
5.597 1.452
4.176 1.19
4.176 1.468
4.176 1.812
4.176 2.237
4.228 2.762
4.244 3.369
4.212 4.11
4.198 5.06
4.176 6.239
4.424 7.566
5.252 8.824
7.406 8.297
9.174 3.319
5.294 1.328
4.176 1.142
4.176 1.409
4.176 1.74
4.176 2.148
4.176 2.634
4.176 3.248
4.332 3.978
4.176 4.846
4.434 5.986
5.258 7.181
7.61 6.49
9.716 2.596
6.338 1.038
4.186 1.0
4.267 1.233
4.176 1.492
4.176 1.84
4.176 2.271
4.215 2.731
4.252 3.36
4.246 4.081
4.242 4.924
5.229 6.048
7.289 5.782
9.392 2.313
5.66 1.0
4.176 1.0
4.176 1.23
4.23 1.519
4.182 1.865
4.176 2.266
4.264 2.797
4.176 3.427
4.176 4.233
4.197 5.069
5.201 6.038
7.081 5.8
8.789 2.474
5.855 1.0
4.176 1.0
4.176 1.225
4.237 1.5
4.208 1.841
4.176 2.255
4.176 2.732
4.176 3.374
4.462 4.124
4.477 4.964
5.422 5.742
7.602 5.205
9.063 2.082
4.176 1.0
4.176 1.234
4.176 1.523
4.253 1.88
4.176 2.304
4.176 2.845
4.176 3.474
4.304 4.228
4.176 5.089
4.612 6.237
5.664 7.064
7.753 5.852
8.419 2.341
4.253 1.0
4.176 1.225
4.26 1.513
4.176 1.853
4.176 2.275
4.365 2.776
4.227 3.37
4.269 4.123
4.732 4.975
4.849 5.552
6.241 5.954
8.055 4.047
7.015 1.619
4.2 1.0
4.2 1.232
4.185 1.517
4.274 1.872
4.295 2.285
4.306 2.756
4.297 3.293
4.353 4.025
4.881 4.586
6.327 4.734
8.095 3.122
7.201 1.249
4.23 1.0
4.176 1.216
4.176 1.502
4.288 1.855
4.23 2.268
4.176 2.756
4.313 3.406
4.478 4.118
5.129 4.581
6.989 4.508
8.313 2.138
4.232 1.0
4.176 1.228
4.176 1.517
4.176 1.864
4.257 2.302
4.176 2.823
4.176 3.464
4.176 4.28
4.238 5.283
4.893 6.369
6.729 6.545
8.901 3.82
5.826 1.528
4.176 1.0
4.193 1.235
4.227 1.519
4.176 1.868
4.186 2.308
4.176 2.848
4.318 3.462
4.296 4.205
5.412 5.066
7.984 4.492
9.252 1.797
5.226 1.0
4.176 1.0
4.176 1.234
4.176 1.524
4.176 1.881
4.176 2.323
4.248 2.869
4.266 3.521
4.238 4.144
4.658 5.067
5.621 5.638
7.777 4.802
8.39 1.921
4.176 1.0
4.195 1.125
4.176 1.386
4.248 1.712
4.255 2.094
4.243 2.537
4.199 3.115
4.255 3.841
4.392 4.676
5.274 5.502
7.282 5.14
8.811 2.056
4.176 1.0
4.249 1.218
4.176 1.494
4.176 1.844
4.176 2.277
4.176 2.808
4.238 3.468
4.176 4.261
4.218 5.242
4.545 6.44
5.937 7.317
8.337 5.539
8.091 2.216
4.176 1.0
4.176 1.234
4.176 1.524
4.176 1.881
4.23 2.323
4.254 2.856
4.176 3.493
4.219 4.316
4.288 5.216
4.605 6.351
6.341 7.105
8.867 4.653
8.276 1.861
4.176 1.0
4.176 1.234
4.176 1.523
4.176 1.881
4.176 2.277
4.176 2.812
4.23 3.472
4.194 4.268
4.239 5.19
4.36 6.376
5.36 7.697
7.267 6.991
9.395 2.916
4.863 1.166
4.176 1.194
4.182 1.473
4.176 1.817
4.176 2.219
4.176 2.74
4.207 3.372
4.176 4.106
4.176 5.069
4.314 6.107
4.52 7.302
5.944 8.499
8.464 6.392
8.457 2.557
4.176 1.023
4.176 1.262
4.176 1.558
4.176 1.913
4.176 2.361
4.176 2.915
4.176 3.574
4.231 4.414
4.371 5.426
4.477 6.474
4.722 7.547
6.687 8.169
9.025 4.708
6.829 1.883
4.176 1.0
4.176 1.234
4.176 1.523
4.176 1.88
4.246 2.321
4.176 2.849
4.176 3.518
4.438 4.342
4.457 5.059
4.692 5.658
6.028 6.098
7.671 4.464
6.527 1.786
4.26 1.0
4.176 1.216
4.312 1.489
4.176 1.775
4.316 2.192
4.207 2.641
4.215 3.218
4.466 3.903
4.527 4.542
5.919 5.071
8.583 3.889
8.127 1.556
4.216 1.0
4.216 1.23
4.192 1.513
4.176 1.865
4.176 2.303
4.18 2.845
4.349 3.512
4.381 4.229
4.196 5.042
4.799 6.136
6.771 6.519
9.333 3.685
6.357 1.474
4.176 1.0
4.176 1.234
4.176 1.524
4.176 1.881
4.176 2.316
4.229 2.855
4.387 3.509
4.196 4.193
4.557 5.036
5.49 5.742
7.418 5.073
8.753 2.029
4.176 1.0
4.176 1.234
4.176 1.523
4.176 1.874
4.176 2.313
4.176 2.856
4.176 3.527
4.2 4.356
4.428 5.329
4.365 6.197
5.381 7.443
7.607 6.847
9.056 2.739
4.928 1.096
4.176 1.0
4.176 1.234
4.176 1.524
4.176 1.865
4.181 2.289
4.176 2.804
4.176 3.464
4.267 4.257
4.307 5.161
5.279 6.075
7.195 5.782
9.298 2.339
5.689 1.0
4.176 1.0
4.176 1.234
4.176 1.524
4.241 1.881
4.176 2.307
4.176 2.849
4.176 3.505
4.176 4.306
4.273 5.221
5.136 6.139
6.688 6.049
8.36 3.174
5.444 1.27
4.176 1.036
4.176 1.279
4.176 1.572
4.176 1.941
4.176 2.397
4.273 2.96
4.176 3.608
4.263 4.396
4.182 5.329
4.806 6.389
6.154 6.818
8.023 4.667
7.793 1.867
4.176 1.0
4.176 1.227
4.176 1.505
4.191 1.858
4.176 2.292
4.369 2.804
4.277 3.331
4.5 4.039
4.367 4.674
4.91 5.396
6.798 5.538
8.749 2.861
6.613 1.144
4.222 1.0
4.222 1.229
4.217 1.512
4.21 1.86
4.247 2.29
4.258 2.81
4.305 3.446
4.197 4.168
4.293 5.064
4.917 6.137
6.637 6.448
9.109 3.696
6.605 1.478
4.176 1.0
4.176 1.235
4.176 1.524
4.176 1.882
4.22 2.324
4.216 2.86
4.313 3.498
4.176 4.269
4.489 5.198
5.326 6.09
7.002 5.692
8.066 3.025
5.231 1.21
4.176 1.079
4.195 1.333
4.236 1.643
4.18 2.019
4.176 2.493
4.192 3.08
4.176 3.792
4.472 4.682
4.22 5.397
4.681 6.293
6.117 6.809
8.401 4.845
7.75 1.938
4.176 1.0
4.176 1.235
4.176 1.525
4.176 1.883
4.176 2.326
4.211 2.874
4.176 3.488
4.176 4.303
4.507 5.21
4.354 6.088
5.274 7.286
7.459 6.553
8.965 2.621
5.008 1.048
4.323 1.0
4.176 1.208
4.176 1.492
4.176 1.842
4.176 2.275
4.176 2.811
4.252 3.37
4.324 4.136
4.464 4.975
5.67 5.746
7.686 4.761
8.224 1.905
4.176 1.0
4.176 1.235
4.176 1.525
4.176 1.884
4.308 2.328
4.191 2.842
4.244 3.507
4.303 4.307
4.325 5.231
4.75 6.341
6.226 6.961
8.608 4.942
7.09 1.977
4.246 1.0
4.246 1.227
4.224 1.506
4.176 1.853
4.176 2.289
4.19 2.828
4.255 3.422
4.215 4.191
4.556 5.017
4.798 5.84
6.07 6.207
7.749 4.439
6.214 1.775
4.176 1.185
4.176 1.464
4.234 1.809
4.176 2.224
4.195 2.726
4.176 3.343
4.254 4.132
4.298 4.934
4.642 5.988
5.974 6.68
8.39 4.957
8.186 1.983
4.176 1.0
4.176 1.206
4.244 1.49
4.176 1.829
4.238 2.249
4.223 2.763
4.24 3.401
4.226 4.18
4.639 5.144
5.005 5.76
6.533 5.888
8.099 3.471
5.755 1.388
4.176 1.064
4.176 1.315
4.176 1.625
4.176 2.007
4.176 2.481
4.216 3.066
4.344 3.687
4.181 4.446
4.401 5.435
4.779 6.285
5.787 6.851
8.106 5.416
7.824 2.167
4.176 1.0
4.256 1.235
4.176 1.514
4.176 1.859
4.176 2.298
4.271 2.778
4.387 3.404
4.306 4.129
4.294 5.005
5.281 6.073
7.193 6.035
8.879 2.78
6.149 1.112
4.176 1.0
4.176 1.235
4.176 1.526
4.176 1.886
4.256 2.331
4.176 2.86
4.238 3.535
4.314 4.346
4.442 5.307
5.045 6.296
6.149 6.431
8.152 4.354
7.104 1.742
4.176 1.0
4.176 1.235
4.176 1.501
4.176 1.841
4.176 2.275
4.195 2.812
4.181 3.45
4.199 4.263
4.394 5.202
5.237 6.115
7.105 5.994
9.403 2.525
5.752 1.01
4.176 1.0
4.176 1.235
4.176 1.526
4.176 1.875
4.176 2.317
4.176 2.841
4.251 3.512
4.33 4.251
4.492 5.09
5.563 5.912
7.327 5.134
8.678 2.212
4.176 1.0
4.176 1.227
4.176 1.499
4.176 1.812
4.176 2.239
4.176 2.768
4.296 3.421
4.326 4.114
4.331 4.867
4.517 5.815
6.353 6.589
8.847 4.22
8.082 1.688
4.176 1.0
4.176 1.235
4.176 1.526
4.176 1.885
4.176 2.33
4.176 2.858
4.176 3.492
4.176 4.316
4.176 5.335
4.367 6.402
5.391 7.57
7.035 7.035
8.991 2.906
4.755 1.162
4.176 1.242
4.198 1.534
4.26 1.892
4.302 2.306
4.213 2.755
4.269 3.35
4.176 4.06
4.314 4.891
4.333 5.919
4.695 7.131
6.007 7.823
8.353 5.661
8.389 2.264
4.176 1.0
4.176 1.235
4.176 1.526
4.176 1.886
4.176 2.325
4.176 2.873
4.293 3.547
4.223 4.281
4.297 5.27
4.696 6.403
5.888 7.015
8.184 5.304
8.208 2.122
4.221 1.0
4.176 1.23
4.176 1.52
4.176 1.879
4.176 2.322
4.176 2.869
4.269 3.539
4.388 4.288
4.307 5.071
4.604 6.196
6.124 7.067
8.866 4.797
7.876 1.919
4.233 1.0
4.233 1.229
4.198 1.511
4.225 1.863
4.176 2.285
4.176 2.823
4.176 3.489
4.176 4.313
4.176 5.331
4.622 6.43
5.754 7.077
7.601 5.927
8.375 2.371
4.176 1.0
4.176 1.235
4.176 1.518
4.176 1.876
4.176 2.305
4.176 2.848
4.176 3.52
4.176 4.351
4.276 5.354
4.342 6.433
5.39 7.836
7.56 7.083
9.38 2.833
4.176 1.133
4.176 1.365
4.176 1.686
4.176 2.083
4.228 2.574
4.176 3.166
4.176 3.913
4.176 4.837
4.392 5.979
4.32 7.188
5.023 8.237
6.282 8.764
8.361 5.961
7.587 2.384
4.176 1.0
4.176 1.235
4.214 1.525
4.176 1.855
4.176 2.282
4.176 2.82
4.305 3.486
4.348 4.186
4.309 5.012
5.05 6.123
6.842 6.274
9.098 3.145
5.578 1.258
4.176 1.0
4.176 1.235
4.176 1.526
4.176 1.886
4.176 2.331
4.248 2.853
4.185 3.504
4.354 4.315
4.316 5.25
4.889 6.337
6.361 6.838
8.527 4.528
6.678 1.811
4.176 1.0
4.176 1.236
4.176 1.527
4.176 1.887
4.214 2.309
4.268 2.845
4.242 3.488
4.176 4.241
4.261 5.0
5.242 6.004
7.51 5.728
9.502 2.291
5.329 1.0
4.176 1.0
4.176 1.233
4.248 1.511
4.176 1.856
4.176 2.293
4.176 2.817
4.236 3.481
4.219 4.156
4.296 5.118
5.026 6.092
6.538 6.241
8.761 3.517
6.801 1.407
4.176 1.0
4.176 1.236
4.176 1.512
4.176 1.863
4.176 2.302
4.25 2.846
4.176 3.495
4.176 4.32
4.24 5.342
5.377 6.325
7.69 5.856
8.698 2.342
4.176 1.0
4.176 1.217
4.176 1.503
4.176 1.858
4.176 2.296
4.238 2.838
4.299 3.489
4.319 4.167
4.31 5.014
4.324 6.125
5.276 7.091
7.301 6.537
8.285 2.615
4.176 1.046
4.176 1.266
4.176 1.565
4.176 1.934
4.176 2.39
4.176 2.954
4.176 3.636
4.176 4.496
4.364 5.558
4.176 6.632
4.544 8.086
5.708 9.348
8.207 7.538
8.487 3.015
4.176 1.206
4.176 1.487
4.176 1.838
4.176 2.272
4.176 2.808
4.293 3.471
4.207 4.191
4.254 5.167
4.224 6.221
4.4 7.66
5.452 8.89
7.396 7.877
8.712 3.151
4.204 1.26
4.176 1.527
4.218 1.887
4.176 2.324
4.176 2.872
4.251 3.55
4.176 4.312
4.197 5.33
4.212 6.555
4.176 8.079
4.713 9.892
5.811 10.942
8.371 8.427
8.845 3.371
4.176 1.348
4.219 1.656
4.176 2.038
4.176 2.519
4.176 3.113
4.176 3.848
4.176 4.734
4.222 5.844
4.221 7.195
4.176 8.632
4.541 10.498
5.513 11.8
7.605 10.223
8.753 4.089
4.176 1.636
4.176 1.928
4.176 2.382
4.176 2.944
4.242 3.639
4.291 4.471
4.176 5.381
4.176 6.653
4.293 8.225
4.363 9.931
4.23 11.869
4.752 14.475
6.225 15.723
8.601 10.44
8.018 4.176
4.176 1.67
4.176 2.064
4.176 2.551
4.176 3.153
4.176 3.897
4.176 4.816
4.176 5.954
4.176 7.361
4.176 9.1
4.262 11.252
4.364 13.589
4.856 16.027
6.39 16.546
8.412 9.799
7.352 3.92
4.176 1.568
4.176 1.938
4.176 2.395
4.176 2.948
4.176 3.643
4.176 4.503
4.219 5.567
4.176 6.856
4.256 8.477
4.292 10.111
4.349 12.272
5.329 14.249
7.473 13.193
9.117 5.277
5.565 2.111
4.176 1.601
4.176 1.978
4.241 2.444
4.306 3.004
4.189 3.604
4.206 4.397
4.176 5.345
4.255 6.491
4.19 7.886
4.176 9.739
4.507 11.799
5.627 13.747
8.139 11.758
9.687 4.703
4.287 1.881
4.177 2.19
4.176 2.706
4.253 3.344
4.176 4.104
