5.604 1.0
5.604 1.277
4.176 1.58
4.176 1.142
4.176 1.263
4.176 1.672
4.176 2.149
4.176 2.908
4.294 3.919
4.227 5.23
4.429 7.038
4.919 9.28
7.355 10.986
12.443 5.562
11.885 2.225
4.176 1.0
4.176 1.041
4.176 1.11
4.176 1.209
4.197 1.342
4.224 1.509
4.241 1.716
4.223 1.973
4.26 2.274
4.208 2.661
4.233 3.156
4.176 3.765
4.368 4.542
4.233 5.122
4.343 6.072
5.278 7.142
6.844 6.918
8.59 3.551
5.714 1.42
4.176 1.062
4.176 1.259
4.176 1.503
4.176 1.802
4.176 2.174
4.29 2.636
4.189 3.16
4.176 3.864
4.216 4.745
4.317 5.767
4.539 7.053
5.295 8.049
7.233 7.525
8.787 3.01
4.283 1.204
4.176 1.346
4.176 1.624
4.252 1.963
4.176 2.368
4.176 2.882
4.254 3.526
4.213 4.296
4.298 5.2
4.205 6.26
4.311 7.722
4.487 9.414
5.993 10.668
8.401 7.809
8.657 3.124
4.229 1.249
4.253 1.505
4.176 1.812
4.176 2.202
4.187 2.677
4.176 3.27
4.264 4.01
4.295 4.844
4.356 5.867
4.479 7.055
4.595 8.364
5.929 9.153
8.043 6.937
7.84 2.775
4.176 1.11
4.176 1.343
4.176 1.639
4.183 1.982
4.176 2.426
4.176 2.978
4.176 3.666
4.298 4.49
4.316 5.422
4.258 6.627
4.584 7.98
6.098 9.103
8.338 6.623
8.149 2.649
4.176 1.06
4.176 1.271
4.176 1.552
4.176 1.899
4.344 2.328
4.176 2.766
4.363 3.364
4.176 4.076
4.432 5.029
4.45 5.85
4.906 6.914
7.285 6.948
9.151 2.779
4.471 1.112
4.252 1.0
4.252 1.214
4.373 1.477
4.211 1.749
4.176 2.119
4.233 2.609
4.254 3.2
4.176 3.859
4.312 4.655
5.17 5.573
7.51 5.405
9.024 2.162
4.272 1.0
4.176 1.212
4.176 1.485
4.19 1.821
4.176 2.234
4.176 2.747
4.176 3.384
4.189 4.172
4.321 5.146
4.242 6.1
5.678 7.136
7.407 6.009
8.973 2.403
4.563 1.0
4.176 1.0
4.179 1.225
4.176 1.503
4.176 1.848
4.204 2.274
4.256 2.795
4.176 3.413
4.176 4.125
4.351 5.064
5.227 6.016
7.591 5.693
9.361 2.277
4.618 1.0
4.176 1.067
4.176 1.3
4.255 1.596
4.176 1.948
4.226 2.397
4.176 2.939
4.176 3.594
4.198 4.404
4.282 5.385
5.076 6.544
6.468 6.665
9.366 3.779
6.087 1.512
4.176 1.0
4.176 1.226
4.24 1.506
4.176 1.826
4.227 2.242
4.196 2.749
4.271 3.368
4.319 4.124
4.803 5.032
5.733 5.384
8.193 4.401
8.426 1.76
4.22 1.0
4.183 1.214
4.177 1.489
4.176 1.829
4.176 2.249
4.222 2.767
4.292 3.371
4.258 4.114
4.308 5.005
4.225 6.111
5.526 7.385
7.455 6.353
9.225 2.541
5.049 1.016
4.176 1.0
4.176 1.227
4.176 1.508
4.176 1.855
4.176 2.261
4.176 2.758
4.327 3.403
4.176 4.144
4.38 5.109
4.965 6.028
7.341 6.087
9.351 2.435
6.0 1.0
4.21 1.0
4.21 1.224
4.189 1.499
4.176 1.841
4.198 2.266
4.176 2.756
4.322 3.398
4.176 3.955
4.476 4.827
4.714 5.684
6.246 6.219
8.78 4.149
7.084 1.66
4.25 1.0
4.25 1.22
4.262 1.489
4.176 1.803
4.233 2.219
4.176 2.719
4.176 3.31
4.362 4.084
4.484 4.939
4.982 5.672
7.174 5.66
8.954 2.585
6.209 1.034
4.176 1.0
4.176 1.225
4.176 1.502
4.176 1.845
4.176 2.26
4.176 2.77
4.321 3.415
4.356 4.069
4.501 4.87
5.011 5.699
6.811 5.844
8.406 2.984
6.297 1.194
4.215 1.0
4.215 1.224
4.191 1.501
4.176 1.844
4.176 2.271
4.176 2.799
4.256 3.434
4.176 4.208
4.305 5.136
4.639 6.177
6.143 6.917
8.477 4.696
7.299 1.879
4.176 1.0
4.176 1.23
4.176 1.513
4.176 1.863
4.176 2.296
4.328 2.831
4.176 3.419
4.26 4.221
4.256 5.175
4.568 6.13
5.776 6.987
7.963 5.493
8.401 2.197
4.228 1.0
4.228 1.224
4.196 1.5
4.176 1.844
4.196 2.272
4.176 2.797
4.176 3.452
4.208 4.262
4.252 5.215
4.497 6.295
6.185 7.299
8.315 5.126
7.589 2.051
4.176 1.0
4.176 1.23
4.234 1.514
4.176 1.854
4.176 2.285
4.176 2.817
4.176 3.476
4.176 4.282
4.376 5.289
4.343 6.249
4.987 7.468
7.144 7.197
9.181 3.317
5.381 1.327
4.176 1.131
4.176 1.392
4.176 1.714
4.176 2.096
4.176 2.584
4.176 3.177
4.396 3.886
4.22 4.609
4.263 5.672
4.598 6.902
6.09 7.742
8.364 5.442
8.376 2.177
4.176 1.0
4.176 1.23
4.176 1.515
4.176 1.866
4.176 2.3
4.217 2.812
4.176 3.457
4.176 4.227
4.306 5.153
4.553 6.294
5.653 7.254
7.897 5.995
8.683 2.398
4.218 1.0
4.176 1.209
4.176 1.489
4.176 1.834
4.176 2.237
4.176 2.758
4.365 3.403
4.325 4.019
4.268 4.831
4.272 5.901
4.851 7.211
6.472 7.623
8.812 4.433
7.015 1.773
4.176 1.0
4.176 1.231
4.176 1.517
4.176 1.869
4.227 2.305
4.176 2.831
4.176 3.468
4.176 4.234
4.458 5.231
4.821 6.0
6.333 6.395
8.632 4.339
7.465 1.736
4.176 1.0
4.176 1.232
4.176 1.517
4.176 1.853
4.176 2.285
4.315 2.82
4.198 3.398
4.298 4.189
4.422 5.031
4.677 5.886
6.581 6.21
8.601 3.655
6.665 1.462
4.176 1.0
4.258 1.232
4.258 1.503
4.197 1.83
4.176 2.247
4.289 2.775
4.176 3.393
4.301 4.181
4.41 5.04
5.598 5.718
7.67 4.833
8.595 1.933
4.645 1.0
4.176 1.096
4.176 1.351
4.176 1.655
4.323 2.032
4.176 2.447
4.25 2.996
4.204 3.661
4.323 4.463
4.41 5.436
5.544 6.17
7.855 5.337
8.345 2.135
4.176 1.0
4.176 1.233
4.176 1.52
4.176 1.874
4.176 2.312
4.176 2.798
4.22 3.448
4.176 4.245
4.455 5.217
4.571 6.07
5.727 6.76
7.798 5.54
8.062 2.216
4.212 1.0
4.212 1.229
4.19 1.512
4.176 1.864
4.176 2.302
4.176 2.844
4.214 3.506
4.206 4.303
4.443 5.197
4.786 6.168
6.198 6.621
8.386 4.55
8.01 1.82
4.176 1.0
4.176 1.233
4.176 1.522
4.176 1.879
4.176 2.32
4.176 2.866
4.176 3.519
4.24 4.324
4.379 5.318
4.413 6.334
5.633 7.368
7.631 6.138
9.035 2.455
4.176 1.0
4.192 1.201
4.176 1.48
4.206 1.827
4.176 2.249
4.258 2.749
4.234 3.345
4.354 4.076
4.345 4.887
4.407 5.784
6.043 6.759
8.366 4.886
8.714 1.955
4.176 1.0
4.176 1.233
4.176 1.522
4.176 1.879
4.176 2.32
4.176 2.867
4.569 3.521
4.193 4.011
4.176 4.953
4.456 6.122
5.824 7.042
8.229 5.512
8.361 2.205
4.183 1.0
4.176 1.23
4.176 1.518
4.176 1.874
4.176 2.314
4.176 2.858
4.177 3.532
4.204 4.274
4.176 5.177
4.743 6.404
6.187 6.942
9.055 4.402
8.196 1.761
4.176 1.0
4.176 1.221
4.176 1.491
4.176 1.811
4.176 2.235
4.176 2.76
4.176 3.409
4.339 4.212
4.256 5.02
4.748 5.859
6.124 6.319
8.432 4.427
7.292 1.771
4.176 1.0
4.176 1.233
4.176 1.521
4.176 1.878
4.176 2.318
4.39 2.862
4.342 3.384
4.208 4.12
4.408 5.078
4.891 6.013
5.995 6.314
7.962 4.721
7.165 1.888
4.176 1.0
4.176 1.234
4.176 1.523
4.182 1.88
4.242 2.32
4.234 2.85
4.326 3.503
4.309 4.252
4.424 5.147
4.738 6.081
6.406 6.71
8.854 4.219
6.488 1.688
4.176 1.0
4.176 1.234
4.176 1.523
4.176 1.881
4.176 2.323
4.176 2.87
4.176 3.547
4.337 4.386
4.67 5.237
5.627 5.751
7.483 4.876
8.903 1.95
4.176 1.0
4.176 1.22
4.176 1.504
4.249 1.856
4.176 2.277
4.176 2.813
4.291 3.477
4.182 4.173
4.397 5.138
5.513 5.943
7.473 5.378
8.611 2.151
4.218 1.0
4.176 1.229
4.176 1.516
4.176 1.871
4.239 2.285
4.318 2.785
4.353 3.331
4.382 3.972
4.276 4.643
4.951 5.69
6.575 5.901
8.408 3.314
5.52 1.326
4.176 1.132
4.251 1.392
4.176 1.707
4.182 2.108
4.219 2.601
4.176 3.179
4.313 3.929
4.353 4.695
4.612 5.49
5.626 6.064
7.985 5.092
8.431 2.037
4.176 1.0
4.176 1.234
4.176 1.519
4.176 1.876
4.176 2.317
4.176 2.862
4.213 3.538
4.564 4.302
4.613 4.836
5.759 5.502
8.019 4.436
8.327 1.774
4.267 1.0
4.256 1.222
4.196 1.497
4.227 1.845
4.176 2.268
4.176 2.801
4.178 3.461
4.253 4.277
4.562 5.196
5.483 5.914
7.163 5.304
8.359 2.122
4.176 1.0
4.176 1.234
4.176 1.523
4.176 1.881
4.176 2.323
4.176 2.824
4.176 3.489
4.187 4.305
4.278 5.317
4.974 6.35
7.382 6.477
9.722 2.591
6.998 1.036
4.18 1.0
4.18 1.22
4.176 1.488
4.176 1.829
4.176 2.258
4.287 2.788
4.28 3.387
4.461 3.994
4.505 4.811
5.117 5.565
6.773 5.46
8.194 2.756
4.879 1.102
4.176 1.111
4.252 1.371
4.176 1.681
4.249 2.058
4.176 2.525
4.221 3.12
4.176 3.84
4.291 4.747
4.615 5.753
6.219 6.326
8.616 4.42
7.377 1.768
4.176 1.0
4.176 1.208
4.176 1.478
4.176 1.825
4.176 2.253
4.217 2.783
4.176 3.427
4.533 4.217
4.422 4.875
5.19 5.743
6.954 5.601
8.57 2.622
5.54 1.049
4.176 1.0
4.176 1.234
4.176 1.523
4.176 1.881
4.176 2.324
4.176 2.838
4.222 3.507
4.203 4.318
4.433 5.249
5.57 6.112
8.572 5.249
8.998 2.099
4.176 1.0
4.176 1.234
4.176 1.522
4.176 1.879
4.176 2.32
4.176 2.843
4.234 3.512
4.176 4.311
4.301 5.188
4.656 6.267
6.072 6.901
8.436 5.011
8.238 2.004
4.176 1.0
4.176 1.233
4.176 1.499
4.176 1.849
4.246 2.283
4.197 2.8
4.202 3.452
4.176 4.243
4.32 5.242
4.758 6.29
5.938 7.005
8.145 5.174
8.301 2.07
4.306 1.0
4.306 1.21
4.255 1.463
4.176 1.788
4.176 2.207
4.176 2.725
4.176 3.365
4.176 4.157
4.382 4.996
5.139 5.953
6.855 5.948
8.491 3.048
5.303 1.219
4.176 1.021
4.176 1.26
4.176 1.554
4.176 1.919
4.176 2.369
4.186 2.925
4.261 3.61
4.339 4.395
4.478 5.151
5.018 5.881
7.17 5.779
8.937 2.724
6.354 1.09
4.176 1.0
4.176 1.234
4.176 1.522
4.176 1.879
4.176 2.319
4.176 2.864
4.349 3.508
4.327 4.219
4.176 5.084
4.599 6.14
6.407 6.804
8.957 4.625
7.975 1.85
4.176 1.0
4.176 1.233
4.176 1.522
4.176 1.878
4.176 2.317
4.267 2.861
4.176 3.423
4.219 4.228
4.495 5.085
4.576 6.077
5.988 6.744
8.128 4.985
8.226 1.994
4.176 1.0
4.246 1.229
4.176 1.507
4.176 1.842
4.176 2.274
4.253 2.807
4.247 3.442
4.246 4.224
4.274 5.185
4.359 6.35
5.171 7.336
7.396 7.084
8.544 2.834
4.893 1.134
4.176 1.148
4.176 1.413
4.176 1.744
4.218 2.152
4.176 2.647
4.245 3.265
4.176 3.999
4.407 4.941
4.483 5.841
5.167 6.818
7.372 6.523
8.758 2.609
4.591 1.044
4.176 1.188
4.176 1.463
4.176 1.805
4.176 2.228
4.176 2.737
4.176 3.38
4.176 4.176
4.293 5.159
4.522 6.276
5.69 7.18
7.706 6.097
8.72 2.439
4.196 1.0
4.176 1.062
4.176 1.311
4.203 1.618
4.176 1.992
4.23 2.46
4.26 2.991
4.444 3.64
4.273 4.251
4.51 5.134
5.707 5.906
8.219 4.84
9.07 1.936
4.176 1.0
4.176 1.233
4.176 1.522
4.176 1.878
4.176 2.318
4.176 2.861
4.29 3.498
4.291 4.244
4.185 5.142
4.274 6.34
5.498 7.593
7.666 6.755
9.08 2.702
5.33 1.081
4.176 1.0
4.176 1.233
4.176 1.522
4.186 1.859
4.176 2.293
4.209 2.83
4.176 3.485
4.242 4.304
4.408 5.285
4.99 6.222
6.786 6.269
9.036 3.34
5.892 1.336
4.176 1.015
4.176 1.252
4.197 1.545
4.176 1.903
4.176 2.349
4.176 2.899
4.176 3.58
4.451 4.329
4.358 5.089
4.309 6.184
5.061 7.403
7.168 7.443
9.219 3.188
5.423 1.275
4.195 1.002
4.212 1.234
4.249 1.518
4.198 1.851
4.4 2.281
4.32 2.759
4.282 3.356
4.204 4.073
4.281 4.933
4.861 5.877
6.757 6.151
9.3 3.162
7.1 1.265
4.176 1.0
4.176 1.227
4.176 1.514
4.176 1.868
4.176 2.306
4.323 2.847
4.176 3.402
4.182 4.157
4.613 4.979
6.161 5.565
8.399 4.078
6.444 1.631
4.176 1.0
4.176 1.234
4.176 1.522
4.222 1.879
4.176 2.31
4.176 2.852
4.335 3.522
4.385 4.212
4.409 4.924
5.648 5.658
7.824 4.633
8.537 1.853
4.199 1.0
4.176 1.231
4.176 1.519
4.187 1.874
4.176 2.311
4.176 2.853
4.176 3.523
4.176 4.309
4.263 5.323
4.481 6.339
5.453 7.306
7.905 6.377
8.865 2.551
4.56 1.02
4.248 1.129
4.176 1.38
4.211 1.703
4.2 2.096
4.219 2.581
4.319 3.173
4.176 3.83
4.176 4.658
4.339 5.754
5.311 6.778
7.481 6.531
8.963 2.613
5.48 1.045
4.176 1.0
4.176 1.234
4.176 1.522
4.176 1.879
4.176 2.319
4.176 2.864
4.188 3.532
4.281 4.358
4.486 5.313
5.176 6.163
7.256 6.006
8.732 2.501
4.73 1.0
4.176 1.0
4.176 1.234
4.176 1.522
4.23 1.879
4.214 2.309
4.295 2.841
4.176 3.471
4.182 4.17
4.559 5.123
5.663 5.816
7.667 4.787
8.675 1.915
4.723 1.0
4.176 1.091
4.176 1.346
4.292 1.661
4.176 2.012
4.176 2.484
4.176 3.067
4.225 3.788
4.214 4.659
4.424 5.736
5.508 6.732
8.142 5.842
8.79 2.337
4.176 1.0
4.176 1.234
4.176 1.513
4.181 1.862
4.176 2.297
4.176 2.835
4.194 3.5
4.176 4.316
4.361 5.33
4.348 6.475
5.516 7.713
8.102 6.816
9.173 2.726
5.003 1.091
4.176 1.007
4.176 1.243
4.176 1.533
4.176 1.892
4.176 2.325
4.254 2.87
4.185 3.519
4.377 4.312
4.443 5.183
5.016 5.958
6.74 6.031
8.56 3.177
5.152 1.271
4.176 1.198
4.176 1.457
4.176 1.798
4.204 2.219
4.193 2.733
4.176 3.369
4.287 4.136
4.259 5.025
4.199 6.046
4.853 7.449
6.827 7.938
9.291 4.324
7.59 1.73
4.186 1.0
4.186 1.232
4.18 1.519
4.254 1.874
4.176 2.282
4.176 2.817
4.201 3.478
4.208 4.278
4.509 5.182
4.739 6.136
6.123 6.613
8.138 4.728
7.272 1.891
4.176 1.0
4.176 1.225
4.176 1.512
4.221 1.865
4.176 2.287
4.18 2.823
4.176 3.446
4.176 4.212
4.342 5.202
4.481 6.207
5.593 7.155
7.589 5.995
8.039 2.398
4.176 1.0
4.182 1.234
4.21 1.522
4.176 1.873
4.176 2.313
4.23 2.856
4.239 3.476
4.385 4.25
4.176 5.032
4.529 6.206
5.385 7.089
7.746 6.041
8.514 2.416
4.251 1.0
4.251 1.226
4.219 1.503
4.176 1.845
4.176 2.277
4.176 2.812
4.244 3.451
4.212 4.223
4.366 5.201
4.327 6.168
5.319 7.311
7.692 6.652
9.645 2.661
4.176 1.064
4.272 1.313
4.176 1.597
4.176 1.971
4.176 2.433
4.289 3.001
4.335 3.59
4.202 4.372
4.221 5.387
4.377 6.62
4.836 7.891
6.458 8.223
8.845 4.964
6.619 1.986
4.176 1.064
4.176 1.314
4.176 1.621
4.176 2.002
4.217 2.448
4.221 3.011
4.176 3.704
4.408 4.552
4.176 5.352
4.388 6.612
4.908 7.816
6.816 8.206
9.021 4.181
6.145 1.673
4.176 1.116
4.176 1.377
4.176 1.7
4.176 2.098
4.231 2.588
4.176 3.18
4.176 3.928
4.313 4.852
4.364 5.922
4.976 7.007
7.183 7.138
9.15 2.855
4.176 1.142
4.176 1.298
4.176 1.603
4.221 1.974
4.176 2.427
4.176 2.997
4.176 3.701
4.433 4.514
4.351 5.352
4.245 6.397
4.556 7.789
5.856 9.043
8.39 6.912
9.244 2.765
4.176 1.106
4.176 1.365
4.176 1.684
4.176 2.059
4.277 2.542
4.256 3.079
4.191 3.774
4.176 4.639
4.256 5.63
4.306 6.809
5.394 8.219
7.716 7.514
9.592 3.006
4.4 1.202
4.176 1.351
4.176 1.667
4.176 2.057
4.176 2.538
4.253 3.133
4.271 3.842
4.326 4.675
4.224 5.689
4.62 6.875
4.369 7.731
5.545 9.211
8.03 7.55
8.326 3.02
4.215 1.208
4.176 1.475
4.176 1.82
4.21 2.246
4.176 2.755
4.254 3.401
4.25 4.106
4.278 5.036
4.258 6.164
4.358 7.545
4.62 9.068
5.677 10.155
7.924 8.285
9.096 3.314
4.192 1.326
4.176 1.525
4.176 1.882
4.176 2.323
4.176 2.84
4.176 3.506
4.176 4.286
4.176 5.242
4.341 6.474
4.176 7.737
4.447 9.501
5.245 11.065
7.464 10.259
8.81 4.104
4.988 1.641
4.232 1.612
4.185 1.974
4.215 2.434
4.312 2.994
4.229 3.622
4.381 4.451
4.299 5.333
4.251 6.477
4.27 7.946
4.516 9.536
4.834 11.166
6.094 11.7
7.912 8.323
7.688 3.329
4.176 1.332
4.176 1.642
4.176 2.026
4.176 2.47
4.176 3.05
4.176 3.766
4.362 4.635
4.22 5.63
4.481 6.928
4.813 8.192
5.958 8.676
8.051 6.401
7.134 2.56
4.176 1.096
4.337 1.352
4.176 1.607
4.254 1.971
4.176 2.417
4.176 2.982
4.254 3.684
4.569 4.297
4.176 4.889
4.952 5.616
6.496 5.872
8.21 3.596
6.374 1.438
4.176 1.0
4.176 1.235
4.176 1.512
4.176 1.867
4.226 2.294
4.176 2.798
4.489 3.449
4.543 4.033
5.737 4.703
8.465 3.803
8.485 1.521
4.176 1.0
4.176 1.222
4.258 1.495
4.194 1.832
4.176 2.259
4.284 2.782
4.224 3.369
4.225 4.123
4.448 4.982
5.579 5.829
7.847 4.921
9.431 1.969
4.176 1.0
4.176 1.234
4.176 1.523
4.176 1.881
4.176 2.322
4.176 2.867
4.176 3.515
4.176 4.342
4.211 5.364
4.508 6.606
5.36 7.605
6.95 6.874
8.906 3.332
5.402 1.333
4.176 1.13
4.188 1.394
4.176 1.72
4.223 2.117
4.176 2.603
4.253 3.215
4.176 3.94
4.176 4.776
4.604 5.816
5.516 6.504
7.678 5.818
8.458 2.327
4.176 1.0
4.176 1.234
4.176 1.508
4.176 1.862
4.176 2.3
4.176 2.841
4.229 3.483
4.212 4.231
4.271 5.21
4.568 6.347
5.964 7.12
8.676 5.313
8.04 2.125
4.176 1.0
4.176 1.234
4.185 1.524
4.21 1.88
4.176 2.315
4.176 2.82
4.176 3.482
4.182 4.302
4.334 5.211
5.015 6.243
6.911 6.278
9.089 3.226
6.261 1.29
4.176 1.0
4.176 1.234
4.176 1.524
4.176 1.86
4.176 2.282
4.278 2.818
4.176 3.432
4.268 4.215
4.206 5.164
4.443 6.216
5.811 7.297
8.529 5.701
8.799 2.28
4.176 1.0
4.176 1.234
4.176 1.523
4.176 1.881
4.176 2.322
4.252 2.867
4.348 3.517
4.432 4.154
4.38 4.82
4.394 5.745
5.108 6.66
7.336 6.639
9.364 2.656
5.785 1.062
4.176 1.0
4.176 1.234
4.176 1.523
4.176 1.881
4.176 2.322
4.176 2.867
4.176 3.541
4.176 4.374
4.389 5.403
4.573 6.307
6.441 7.015
8.877 4.586
7.815 1.835
4.176 1.0
4.176 1.234
4.176 1.523
4.176 1.88
4.176 2.321
4.228 2.866
4.176 3.482
4.232 4.3
4.405 5.246
4.285 6.147
5.173 7.438
6.806 7.092
8.144 3.555
4.772 1.422
4.176 1.338
4.176 1.651
4.176 2.039
4.176 2.517
4.218 3.108
4.252 3.75
4.253 4.601
4.233 5.644
4.193 6.806
4.619 8.059
5.763 8.96
8.073 7.231
8.633 2.893
4.409 1.157
4.176 1.336
4.176 1.65
4.176 2.037
4.176 2.515
4.176 3.079
4.244 3.803
4.176 4.669
4.352 5.768
4.394 6.768
4.778 8.065
6.851 8.572
9.028 4.258
7.681 1.703
4.176 1.0
4.176 1.234
4.176 1.523
4.176 1.881
4.176 2.322
4.176 2.83
4.176 3.496
4.257 4.317
4.357 5.295
4.444 6.171
5.86 7.001
7.894 5.231
8.56 2.092
4.176 1.0
4.205 1.223
4.176 1.506
4.176 1.852
4.176 2.287
4.176 2.824
4.176 3.462
4.176 4.256
4.176 5.244
4.337 6.428
5.633 7.422
8.007 6.087
8.925 2.435
4.18 1.0
4.176 1.182
4.176 1.459
4.251 1.801
4.197 2.208
4.176 2.722
4.176 3.361
4.176 4.15
4.249 5.126
4.403 6.242
5.543 7.176
7.638 6.304
9.174 2.521
4.752 1.009
4.176 1.0
4.176 1.234
4.176 1.524
4.176 1.861
4.176 2.298
4.272 2.838
4.185 3.436
4.431 4.224
4.362 4.79
5.457 5.669
7.477 4.986
8.331 1.994
4.313 1.0
4.176 1.188
4.187 1.466
4.243 1.809
4.176 2.198
4.231 2.714
4.278 3.305
4.232 4.045
4.433 4.935
4.595 5.821
5.931 6.418
8.171 4.786
7.662 1.915
4.255 1.0
4.255 1.226
4.176 1.503
4.176 1.827
4.176 2.257
4.176 2.787
4.216 3.443
4.183 4.238
4.428 5.233
4.542 6.153
6.11 6.837
8.251 4.687
7.977 1.875
4.199 1.0
4.176 1.232
4.176 1.521
4.176 1.878
4.221 2.319
4.254 2.853
4.272 3.5
4.273 4.254
4.334 5.095
4.484 6.132
5.864 7.021
8.081 5.548
8.357 2.219
4.176 1.0
4.176 1.217
4.176 1.503
4.236 1.847
4.176 2.269
4.176 2.802
4.238 3.461
4.25 4.193
4.176 5.042
4.702 6.201
5.89 6.92
7.602 5.289
7.345 2.116
4.19 1.0
4.176 1.233
4.176 1.523
4.176 1.881
4.269 2.323
4.176 2.811
4.405 3.374
4.176 4.065
4.394 5.023
4.727 5.962
6.199 6.56
8.584 4.201
7.097 1.68
4.176 1.0
4.176 1.235
4.176 1.524
4.189 1.881
4.204 2.306
4.176 2.813
4.176 3.451
4.329 4.155
4.416 5.064
5.124 5.91
6.968 5.893
8.875 2.632
6.136 1.053
4.176 1.0
4.176 1.229
4.176 1.511
4.253 1.863
4.176 2.225
4.192 2.724
4.176 3.322
4.495 4.106
4.386 4.799
5.322 5.706
7.298 5.262
8.765 2.105
4.176 1.0
4.176 1.235
4.208 1.525
4.489 1.879
4.277 2.181
4.249 2.655
4.176 3.259
4.176 4.028
4.176 4.978
4.884 6.025
6.584 6.3
8.536 3.696
7.292 1.479
4.176 1.0
4.176 1.235
4.212 1.526
4.176 1.878
4.176 2.321
4.176 2.868
4.256 3.479
4.176 4.269
4.775 5.118
5.285 5.435
6.881 5.165
7.862 2.75
4.278 1.1
4.176 1.328
4.176 1.64
4.176 2.026
4.176 2.504
4.21 3.062
4.306 3.728
4.31 4.517
4.176 5.516
4.623 6.735
5.907 7.364
8.433 5.454
8.043 2.182
4.176 1.0
4.176 1.235
4.211 1.526
4.22 1.88
4.206 2.314
4.176 2.83
4.215 3.463
4.243 4.146
4.742 5.079
5.801 5.424
7.889 4.24
7.901 1.696
4.176 1.0
4.176 1.223
4.176 1.498
4.176 1.851
4.176 2.288
4.176 2.808
4.176 3.47
4.373 4.225
4.345 5.01
5.251 5.912
7.015 5.75
8.826 2.632
6.003 1.053
4.176 1.0
4.176 1.235
4.195 1.526
4.385 1.883
4.176 2.24
4.176 2.739
4.341 3.385
4.23 4.072
4.437 4.971
5.64 5.886
7.46 5.279
9.036 2.111
4.176 1.0
4.176 1.235
4.176 1.526
4.176 1.853
4.176 2.29
4.327 2.83
4.246 3.408
4.216 4.186
4.329 5.157
4.559 6.213
5.339 7.176
7.266 6.6
8.406 2.719
5.133 1.087
4.176 1.0
4.176 1.235
4.176 1.514
4.192 1.871
4.314 2.309
4.176 2.808
4.362 3.471
4.176 4.154
4.538 5.089
5.777 5.787
8.005 4.519
8.908 1.808
4.434 1.0
4.176 1.08
4.176 1.321
4.225 1.633
4.177 2.009
4.176 2.482
4.244 3.067
4.325 3.768
4.304 4.552
4.45 5.563
5.104 6.504
6.884 6.546
8.72 3.179
5.484 1.272
4.176 1.002
4.176 1.238
4.176 1.529
4.243 1.89
4.247 2.321
4.176 2.851
4.176 3.524
4.176 4.356
4.249 5.378
4.999 6.601
6.603 6.802
9.147 3.746
6.692 1.498
4.176 1.0
4.176 1.235
4.246 1.526
4.237 1.874
4.176 2.303
4.247 2.847
4.176 3.496
4.304 4.289
4.368 5.166
4.923 6.041
6.975 6.302
9.015 2.966
4.847 1.186
4.248 1.255
4.176 1.541
4.179 1.904
4.25 2.352
4.219 2.887
4.176 3.554
4.258 4.393
4.194 5.326
4.419 6.561
4.285 7.876
5.121 9.532
7.197 9.329
9.365 3.732
5.442 1.493
4.176 1.11
4.176 1.371
4.176 1.693
4.245 2.092
4.176 2.57
4.245 3.138
4.26 3.812
4.186 4.538
4.176 5.569
4.584 6.856
5.788 7.766
7.918 6.26
8.56 2.504
4.176 1.002
4.176 1.096
4.176 1.354
4.217 1.673
4.334 2.06
4.176 2.481
4.176 3.066
4.221 3.742
4.212 4.607
4.53 5.678
6.226 6.383
9.103 4.205
8.051 1.682
4.176 1.0
4.176 1.235
4.176 1.526
4.176 1.886
4.176 2.305
4.176 2.848
4.209 3.52
4.188 4.338
4.391 5.289
4.616 6.413
5.9 7.193
8.264 5.47
7.736 2.188
4.215 1.0
4.176 1.231
4.176 1.521
4.176 1.88
4.176 2.323
4.192 2.871
4.176 3.544
4.185 4.381
4.247 5.344
4.904 6.477
6.66 6.681
9.156 4.002
6.67 1.601
4.176 1.0
4.176 1.235
4.176 1.526
4.176 1.886
4.199 2.314
4.199 2.854
4.176 3.521
4.212 4.352
4.293 5.363
5.196 6.416
6.82 6.138
8.76 3.189
5.64 1.275
4.176 1.0
4.176 1.235
4.176 1.526
4.212 1.886
4.208 2.323
4.176 2.863
4.25 3.539
4.176 4.346
4.179 5.369
4.858 6.636
6.15 7.055
8.628 5.077
7.212 2.031
4.176 1.0
4.176 1.235
4.176 1.526
4.176 1.886
4.176 2.331
4.176 2.858
4.22 3.533
4.176 4.309
4.176 5.2
4.408 6.331
5.708 7.304
7.908 6.01
8.382 2.404
4.176 1.0
4.176 1.236
4.176 1.527
4.176 1.887
4.256 2.332
4.214 2.862
4.324 3.526
4.417 4.301
4.38 5.082
4.452 6.016
5.976 7.152
8.802 5.479
8.628 2.192
4.176 1.0
4.176 1.235
4.176 1.527
4.301 1.886
4.198 2.305
4.176 2.803
4.176 3.442
4.205 4.227
4.39 5.159
4.519 6.116
5.211 7.07
7.473 6.639
8.913 2.655
5.25 1.062
4.176 1.0
4.176 1.236
4.176 1.527
4.176 1.876
4.176 2.319
4.176 2.866
4.257 3.482
4.183 4.273
4.323 5.28
4.983 6.319
6.863 6.402
9.197 3.141
5.833 1.257
4.176 1.0
4.176 1.236
4.25 1.525
4.241 1.851
4.222 2.261
4.321 2.728
4.176 3.236
4.176 3.934
4.406 4.813
4.717 5.742
6.225 6.156
8.101 4.091
7.321 1.636
4.176 1.0
4.176 1.233
4.176 1.52
4.243 1.871
4.206 2.298
4.224 2.834
4.309 3.471
4.285 4.199
4.469 5.118
4.979 5.94
6.767 6.063
8.79 3.261
6.242 1.304
4.176 1.0
4.176 1.236
4.176 1.527
4.176 1.887
4.195 2.333
4.238 2.866
4.374 3.507
4.3 4.215
4.397 5.138
4.841 6.154
6.493 6.499
8.398 3.857
7.198 1.543
4.213 1.0
4.176 1.232
4.176 1.522
4.176 1.88
4.304 2.308
4.238 2.799
4.344 3.405
4.292 4.024
4.565 4.825
6.287 5.57
9.123 3.775
7.178 1.51
4.176 1.0
4.193 1.236
4.176 1.525
4.194 1.878
4.176 2.318
4.225 2.839
4.176 3.447
4.277 4.262
4.56 5.202
5.403 5.969
7.555 5.372
8.851 2.149
4.177 1.0
4.177 1.236
4.176 1.527
4.176 1.887
4.176 2.333
4.176 2.883
4.258 3.565
4.376 4.375
4.481 5.223
4.559 6.007
5.571 6.918
7.782 6.127
8.586 2.451
4.209 1.0
4.176 1.132
4.176 1.399
4.176 1.729
4.25 2.137
4.176 2.624
4.318 3.244
4.176 3.91
4.341 4.834
4.485 5.838
5.753 6.544
7.955 5.259
8.325 2.104
4.176 1.0
4.176 1.236
4.176 1.527
4.176 1.888
4.176 2.333
4.176 2.884
4.176 3.545
4.229 4.383
4.215 5.394
4.646 6.466
5.89 7.18
8.41 5.209
7.672 2.084
4.176 1.0
4.199 1.236
4.176 1.524
4.211 1.884
4.23 2.29
4.21 2.817
4.252 3.472
4.176 4.264
4.227 5.272
4.321 6.428
5.449 7.624
7.637 6.756
9.723 2.702
4.217 1.081
4.192 1.331
4.176 1.629
4.176 2.013
4.176 2.488
4.176 3.065
4.183 3.759
4.176 4.644
4.228 5.741
4.303 7.054
4.233 8.622
4.923 10.445
6.575 10.857
8.813 6.147
6.755 2.459
4.176 1.09
4.176 1.347
4.176 1.665
4.183 2.058
4.176 2.542
4.176 3.142
4.289 3.885
4.191 4.709
4.18 5.717
4.543 7.066
5.307 8.241
7.221 7.796
7.872 3.118
4.176 1.247
4.176 1.39
4.176 1.718
4.212 2.109
4.176 2.599
4.176 3.213
4.293 3.973
4.316 4.825
4.244 5.829
4.633 7.03
5.541 7.946
7.731 7.046
8.074 2.818
4.256 1.127
4.176 1.381
4.186 1.707
4.176 2.108
4.176 2.606
4.176 3.212
4.176 3.972
4.176 4.912
4.176 5.987
4.482 7.369
5.19 8.598
7.53 8.257
9.342 3.303
5.162 1.321
4.176 1.212
4.176 1.496
4.176 1.849
4.176 2.285
4.176 2.825
4.176 3.493
4.176 4.304
4.176 5.322
4.27 6.518
4.406 7.993
5.51 9.191
7.472 8.255
8.864 3.302
4.764 1.321
4.176 1.31
4.176 1.602
4.176 1.975
4.176 2.43
4.176 3.005
4.176 3.68
4.176 4.55
4.243 5.626
4.289 6.915
4.378 8.466
5.273 10.101
7.653 9.674
9.624 3.87
5.261 1.548
4.176 1.387
4.176 1.714
4.176 2.118
4.227 2.618
4.197 3.222
4.264 3.976
4.176 4.836
4.262 5.98
4.245 7.323
4.651 8.987
5.915 10.038
