5.772 1.0
5.772 1.333
4.176 1.72
4.176 1.0
4.176 1.0
4.176 1.326
4.176 1.786
4.176 2.424
4.176 3.31
4.216 4.55
4.574 6.255
6.146 7.999
10.31 6.623
13.619 2.649
6.415 1.06
4.176 1.0
4.176 1.05
4.176 1.129
4.176 1.238
4.176 1.382
4.176 1.566
4.176 1.798
4.176 2.09
4.176 2.456
4.176 2.898
4.176 3.419
4.286 4.035
4.268 4.72
4.43 5.661
5.162 6.52
6.618 6.092
8.508 3.2
5.676 1.28
4.176 1.0
4.176 1.187
4.176 1.418
4.176 1.704
4.184 2.059
4.176 2.499
4.176 3.051
4.328 3.713
4.176 4.485
4.347 5.392
4.857 6.547
6.753 6.688
8.919 3.377
6.307 1.351
4.176 1.0
4.255 1.208
4.233 1.456
4.176 1.766
4.226 2.161
4.392 2.639
4.176 3.186
4.278 3.923
4.439 4.762
5.417 5.706
7.729 5.183
9.323 2.073
4.198 1.0
4.176 1.191
4.176 1.444
4.285 1.757
4.176 2.113
4.176 2.583
4.355 3.145
4.272 3.747
4.361 4.579
4.354 5.551
4.947 6.542
6.251 6.713
7.941 4.538
7.288 1.815
4.241 1.0
4.241 1.209
4.193 1.466
4.176 1.791
4.176 2.198
4.225 2.704
4.176 3.318
4.176 4.098
4.203 4.975
4.879 5.98
6.875 6.255
9.527 3.058
5.787 1.223
4.249 1.0
4.249 1.212
4.242 1.472
4.296 1.782
4.176 2.126
4.176 2.615
4.209 3.221
4.176 3.918
4.233 4.813
4.542 5.929
6.658 6.617
8.83 4.072
6.44 1.629
4.176 1.0
4.176 1.222
4.186 1.497
4.176 1.834
4.258 2.255
4.176 2.744
4.176 3.382
4.176 4.168
4.329 5.128
5.1 6.105
7.044 6.004
9.186 2.795
4.176 1.118
4.176 1.367
4.254 1.674
4.176 2.037
4.183 2.5
4.255 3.074
4.181 3.76
4.357 4.6
4.176 5.499
4.372 6.597
4.712 7.855
6.309 8.6
8.675 5.466
7.637 2.186
4.176 1.0
4.176 1.222
4.176 1.489
4.176 1.828
4.176 2.246
4.176 2.763
4.407 3.405
4.176 4.067
4.212 5.017
4.306 6.185
5.062 7.482
7.397 7.199
9.602 2.88
4.842 1.152
4.24 1.115
4.176 1.359
4.176 1.656
4.176 2.034
4.176 2.501
4.176 3.081
4.243 3.8
4.241 4.598
4.273 5.65
5.034 6.802
7.229 6.849
9.155 2.997
5.355 1.199
4.176 1.045
4.176 1.282
4.249 1.57
4.283 1.915
4.176 2.307
4.176 2.84
4.222 3.5
4.284 4.301
4.274 5.26
4.75 6.399
5.77 7.041
8.175 5.596
8.613 2.238
4.176 1.0
4.176 1.226
4.176 1.504
4.176 1.848
4.176 2.273
4.176 2.798
4.176 3.413
4.176 4.153
4.176 5.069
4.481 6.217
5.517 7.305
7.801 6.426
9.157 2.57
4.843 1.028
4.176 1.032
4.242 1.267
4.176 1.547
4.217 1.903
4.219 2.331
4.202 2.861
4.282 3.486
4.176 4.236
4.248 5.143
4.798 6.318
6.506 6.821
9.158 3.997
7.077 1.599
4.176 1.0
4.176 1.227
4.176 1.508
4.176 1.854
4.251 2.282
4.176 2.792
4.421 3.442
4.292 3.961
4.553 4.802
5.156 5.582
7.42 5.538
9.119 2.215
4.82 1.0
4.176 1.018
4.176 1.25
4.209 1.528
4.237 1.862
4.176 2.28
4.295 2.81
4.364 3.428
4.18 4.074
4.455 5.02
5.457 5.88
7.441 4.996
9.071 1.999
4.176 1.0
4.176 1.228
4.176 1.508
4.227 1.855
4.176 2.266
4.176 2.79
4.176 3.439
4.176 4.152
4.532 5.06
4.686 5.693
5.726 6.322
7.698 5.201
8.146 2.08
4.176 1.0
4.176 1.222
4.176 1.495
4.176 1.836
4.176 2.261
4.243 2.776
4.333 3.404
4.214 4.091
4.394 5.031
4.878 5.999
6.722 6.242
8.609 3.648
7.077 1.459
4.176 1.0
4.176 1.23
4.176 1.514
4.176 1.864
4.176 2.286
4.176 2.819
4.176 3.425
4.523 4.23
4.28 4.893
5.234 5.821
7.158 5.698
9.24 2.593
5.853 1.037
4.176 1.0
4.176 1.23
4.176 1.514
4.212 1.865
4.176 2.292
4.176 2.826
4.229 3.439
4.3 4.226
4.422 5.095
4.992 6.029
6.948 6.168
8.898 2.864
4.826 1.145
4.176 1.204
4.176 1.482
4.176 1.824
4.176 2.247
4.206 2.77
4.221 3.361
4.199 4.129
4.365 5.087
4.294 6.08
4.608 7.291
5.856 8.19
8.238 6.347
8.581 2.539
4.25 1.015
4.176 1.241
4.176 1.528
4.213 1.882
4.22 2.311
4.256 2.838
4.176 3.452
4.284 4.232
4.277 5.125
4.222 6.209
5.334 7.442
7.135 7.004
9.307 3.091
5.855 1.236
4.201 1.0
4.201 1.228
4.185 1.508
4.176 1.856
4.176 2.288
4.176 2.822
4.255 3.481
4.234 4.219
4.436 5.127
4.575 6.107
6.099 6.808
8.131 5.316
8.173 2.126
4.176 1.0
4.176 1.231
4.176 1.516
4.176 1.868
4.176 2.286
4.348 2.82
4.21 3.411
4.338 4.076
4.505 4.774
4.652 5.492
6.144 6.166
8.534 4.438
7.335 1.775
4.176 1.0
4.176 1.231
4.176 1.516
4.176 1.869
4.176 2.305
4.176 2.843
4.176 3.509
4.284 4.244
4.176 5.147
4.578 6.168
5.99 6.908
8.191 5.437
7.945 2.175
4.176 1.0
4.176 1.231
4.245 1.517
4.176 1.859
4.176 2.293
4.176 2.829
4.176 3.493
4.229 4.311
4.44 5.302
4.869 6.218
6.325 6.541
8.27 4.321
7.315 1.728
4.176 1.0
4.176 1.223
4.176 1.496
4.176 1.845
4.176 2.277
4.176 2.81
4.176 3.471
4.263 4.288
4.218 5.183
4.707 6.28
6.215 6.705
8.572 4.495
7.493 1.798
4.194 1.0
4.194 1.23
4.183 1.514
4.302 1.867
4.176 2.261
4.176 2.789
4.258 3.444
4.358 4.181
4.459 5.084
4.567 5.999
5.739 6.923
7.955 5.46
7.913 2.184
4.237 1.0
4.237 1.226
4.2 1.504
4.176 1.852
4.176 2.286
4.176 2.798
4.176 3.458
4.294 4.207
4.436 5.092
4.77 6.059
6.334 6.459
8.11 4.335
6.854 1.734
4.176 1.0
4.176 1.233
4.176 1.522
4.176 1.863
4.229 2.301
4.458 2.829
4.212 3.409
4.176 4.192
4.412 5.185
4.985 6.136
6.789 6.063
8.728 3.18
6.168 1.272
4.176 1.0
4.176 1.233
4.176 1.522
4.176 1.879
4.176 2.32
4.176 2.856
4.315 3.53
4.248 4.248
4.176 5.213
4.422 6.385
5.766 7.233
7.827 5.947
8.715 2.379
4.176 1.0
4.214 1.201
4.323 1.477
4.176 1.781
4.263 2.199
4.189 2.681
4.203 3.273
4.285 4.018
4.254 4.891
4.869 5.79
6.845 6.015
8.981 3.235
6.517 1.294
4.222 1.0
4.306 1.228
4.214 1.48
4.176 1.821
4.224 2.249
4.176 2.766
4.176 3.418
4.31 4.225
4.536 5.151
4.671 5.967
6.235 6.586
8.729 4.309
7.581 1.724
4.176 1.0
4.176 1.232
4.176 1.52
4.176 1.877
4.176 2.317
4.201 2.863
4.205 3.507
4.176 4.323
4.327 5.326
4.777 6.36
6.437 6.831
9.269 4.31
8.037 1.724
4.255 1.0
4.255 1.224
4.206 1.499
4.176 1.845
4.176 2.277
4.176 2.811
4.295 3.438
4.313 4.202
4.383 5.013
4.866 6.015
6.138 6.302
8.51 4.329
7.239 1.732
4.176 1.0
4.176 1.233
4.176 1.522
4.176 1.878
4.38 2.318
4.46 2.762
4.176 3.231
4.287 3.962
4.21 4.849
5.036 5.804
6.608 5.848
8.712 3.591
6.024 1.436
4.176 1.0
4.176 1.234
4.176 1.523
4.236 1.881
4.176 2.312
4.176 2.857
4.423 3.488
4.386 4.176
4.898 4.931
6.563 5.234
8.998 3.034
5.59 1.214
4.176 1.0
4.176 1.234
4.197 1.523
4.176 1.877
4.325 2.318
4.179 2.777
4.287 3.409
4.176 4.145
4.219 4.992
5.359 6.022
7.395 5.489
8.861 2.196
4.203 1.0
4.176 1.217
4.176 1.502
4.176 1.854
4.176 2.277
4.176 2.812
4.176 3.474
4.208 4.294
4.259 5.166
4.816 6.341
6.208 6.751
8.437 4.689
8.084 1.876
4.176 1.0
4.176 1.234
4.176 1.522
4.176 1.879
4.176 2.32
4.24 2.865
4.268 3.485
4.176 4.233
4.632 5.179
4.779 5.777
6.575 6.079
8.198 3.405
6.006 1.362
4.176 1.0
4.176 1.234
4.176 1.523
4.176 1.881
4.176 2.323
4.246 2.864
4.248 3.495
4.286 4.292
4.5 5.062
5.208 5.842
7.152 5.65
8.917 2.511
5.461 1.004
4.176 1.0
4.176 1.234
4.201 1.523
4.197 1.877
4.176 2.314
4.238 2.859
4.194 3.435
4.329 4.24
5.112 4.936
6.615 4.922
8.487 2.703
6.84 1.081
4.176 1.0
4.176 1.216
4.176 1.48
4.328 1.818
4.401 2.192
4.269 2.625
4.176 3.186
4.321 3.882
4.94 4.658
6.053 4.864
8.097 3.496
7.169 1.399
4.176 1.0
4.176 1.234
4.262 1.524
4.176 1.853
4.176 2.29
4.176 2.829
4.176 3.444
4.25 4.252
5.264 5.205
8.012 4.761
9.474 1.904
4.22 1.0
4.223 1.229
4.176 1.509
4.223 1.863
4.176 2.238
4.176 2.763
4.235 3.413
4.176 4.194
4.176 5.157
4.731 6.283
5.823 6.616
7.507 5.056
7.641 2.022
4.176 1.0
4.176 1.234
4.23 1.523
4.218 1.871
4.216 2.302
4.225 2.833
4.176 3.485
4.198 4.181
4.326 4.971
4.89 5.925
6.498 6.416
8.738 4.048
6.876 1.619
4.176 1.0
4.176 1.225
4.26 1.5
4.176 1.835
4.176 2.261
4.291 2.793
4.176 3.365
4.374 4.137
4.594 4.91
5.734 5.533
7.862 4.575
7.956 1.83
4.176 1.0
4.176 1.234
4.176 1.523
4.176 1.88
4.195 2.322
4.176 2.848
4.176 3.518
4.219 4.348
4.254 5.286
4.554 6.427
5.85 7.356
8.622 5.794
8.946 2.318
4.176 1.0
4.176 1.234
4.176 1.522
4.176 1.879
4.176 2.32
4.176 2.864
4.245 3.538
4.386 4.344
4.232 5.059
4.308 6.156
5.54 7.437
7.761 6.278
9.183 2.511
4.719 1.004
4.176 1.0
4.176 1.234
4.176 1.519
4.234 1.867
4.176 2.293
4.285 2.832
4.176 3.42
4.364 4.225
4.898 4.957
6.338 5.202
8.662 3.307
7.182 1.323
4.176 1.0
4.212 1.234
4.176 1.517
4.176 1.853
4.176 2.288
4.376 2.826
4.28 3.37
4.292 4.104
4.622 4.948
6.053 5.551
7.865 4.215
8.333 1.686
4.176 1.0
4.176 1.234
4.176 1.522
4.176 1.879
4.176 2.319
4.232 2.864
4.183 3.512
4.28 4.293
4.247 5.198
4.613 6.336
6.085 7.173
8.431 5.11
7.585 2.044
4.176 1.0
4.176 1.215
4.176 1.477
4.176 1.803
4.354 2.22
4.176 2.647
4.176 3.269
4.258 4.038
4.257 4.9
4.491 6.012
6.431 6.788
8.963 4.112
7.177 1.645
4.176 1.0
4.176 1.223
4.176 1.479
4.176 1.813
4.176 2.238
4.285 2.763
4.373 3.359
4.227 3.982
4.491 4.844
5.058 5.614
6.854 5.569
8.929 2.685
6.382 1.074
4.176 1.0
4.176 1.23
4.176 1.514
4.176 1.851
4.343 2.277
4.212 2.715
4.176 3.263
4.508 4.031
4.452 4.675
5.502 5.489
7.242 4.944
8.614 1.978
4.176 1.0
4.176 1.234
4.176 1.522
4.176 1.879
4.176 2.319
4.176 2.863
4.35 3.506
4.176 4.203
4.273 5.085
5.17 6.09
6.678 5.988
8.532 3.356
5.688 1.342
4.256 1.0
4.256 1.225
4.207 1.501
4.176 1.847
4.242 2.281
4.176 2.8
4.224 3.458
4.288 4.244
4.376 5.192
5.207 6.12
6.827 5.892
8.902 2.864
5.166 1.145
4.176 1.061
4.176 1.309
4.176 1.615
4.176 1.981
4.176 2.446
4.185 3.021
4.256 3.651
4.176 4.465
4.178 5.466
4.523 6.707
6.291 7.542
8.811 4.901
7.881 1.96
4.176 1.0
4.176 1.229
4.176 1.516
4.176 1.871
4.185 2.309
4.26 2.848
4.176 3.437
4.258 4.199
4.176 5.149
4.271 6.361
5.347 7.482
7.514 6.824
9.103 2.73
5.533 1.092
4.176 1.0
4.176 1.233
4.176 1.522
4.231 1.878
4.176 2.306
4.176 2.847
4.249 3.48
4.257 4.27
4.336 5.236
5.041 6.308
6.825 6.446
9.045 3.492
6.593 1.397
4.176 1.0
4.176 1.233
4.176 1.519
4.176 1.848
4.176 2.231
4.384 2.742
4.271 3.226
4.454 3.944
4.39 4.639
5.818 5.477
8.05 4.547
8.593 1.819
4.176 1.0
4.176 1.186
4.249 1.463
4.273 1.793
4.213 2.175
4.418 2.63
4.241 3.081
4.234 3.757
4.176 4.541
4.298 5.499
5.066 6.494
6.922 6.313
9.562 3.102
6.146 1.241
4.176 1.0
4.176 1.233
4.176 1.521
4.176 1.877
4.176 2.275
4.254 2.795
4.19 3.384
4.348 4.173
4.441 5.076
4.83 5.862
6.206 6.339
8.366 4.331
6.848 1.732
4.176 1.0
4.176 1.234
4.176 1.512
4.176 1.866
4.176 2.304
4.176 2.819
4.358 3.456
4.223 4.2
4.481 5.044
5.336 5.778
7.384 5.532
8.569 2.531
5.026 1.013
4.176 1.0
4.176 1.234
4.176 1.523
4.294 1.879
4.225 2.28
4.176 2.803
4.182 3.431
4.176 4.212
4.812 5.112
6.576 5.531
9.021 3.226
6.697 1.29
4.176 1.0
4.176 1.234
4.176 1.523
4.176 1.88
4.176 2.32
4.176 2.865
4.336 3.468
4.254 4.166
4.658 5.084
6.059 5.637
8.733 4.082
7.04 1.633
4.176 1.0
4.176 1.223
4.176 1.496
4.208 1.847
4.176 2.248
4.185 2.775
4.176 3.424
4.203 4.23
4.567 5.101
5.479 5.765
7.347 5.166
8.916 2.066
4.176 1.0
4.176 1.234
4.176 1.522
4.176 1.878
4.176 2.318
4.176 2.862
4.331 3.509
4.194 4.202
4.186 5.095
4.575 6.284
5.415 7.198
7.446 6.298
8.976 2.519
4.545 1.008
4.176 1.063
4.195 1.312
4.231 1.616
4.176 1.971
4.176 2.434
4.176 3.006
4.254 3.712
4.336 4.553
4.505 5.43
5.468 6.415
8.212 5.657
8.83 2.263
4.176 1.0
4.206 1.234
4.176 1.518
4.176 1.873
4.193 2.312
4.176 2.85
4.311 3.519
4.188 4.253
4.363 5.232
4.428 6.282
5.52 7.427
7.899 6.477
9.103 2.591
4.447 1.036
4.176 1.189
4.245 1.46
4.176 1.79
4.176 2.208
4.176 2.726
4.34 3.353
4.223 4.014
4.219 4.881
4.3 5.95
5.344 7.04
7.329 6.493
8.427 2.599
4.389 1.04
4.176 1.232
4.176 1.52
4.176 1.876
4.198 2.315
4.176 2.853
4.176 3.517
4.407 4.343
4.206 5.194
4.247 6.399
5.041 7.818
6.865 8.01
9.399 3.89
6.524 1.556
4.176 1.0
4.176 1.234
4.177 1.522
4.176 1.879
4.176 2.319
4.176 2.863
4.248 3.535
4.222 4.308
4.392 5.214
5.16 6.179
6.916 5.999
8.612 2.858
6.548 1.143
4.176 1.0
4.176 1.234
4.176 1.522
4.176 1.878
4.176 2.299
4.176 2.838
4.176 3.453
4.195 4.198
4.176 5.083
4.607 6.26
6.015 7.02
8.037 5.33
6.933 2.132
4.235 1.0
4.319 1.228
4.199 1.481
4.176 1.824
4.176 2.253
4.176 2.782
4.176 3.436
4.259 4.244
4.176 5.131
4.756 6.161
5.992 6.652
8.294 4.898
7.99 1.959
4.249 1.0
4.176 1.226
4.235 1.497
4.231 1.838
4.255 2.259
4.176 2.769
4.176 3.421
4.176 4.186
4.408 5.146
4.234 6.06
5.462 7.386
7.727 6.383
9.701 2.553
5.657 1.021
4.176 1.0
4.176 1.234
4.176 1.517
4.235 1.864
4.176 2.29
4.176 2.827
4.258 3.492
4.343 4.282
4.539 5.099
5.619 5.649
8.039 4.659
8.298 1.864
4.176 1.0
4.176 1.234
4.176 1.516
4.176 1.871
4.176 2.31
4.176 2.852
4.217 3.484
4.251 4.288
4.415 5.203
4.369 6.076
4.941 7.097
6.719 7.375
8.753 3.919
6.21 1.568
4.176 1.055
4.176 1.302
4.176 1.607
4.176 1.979
4.176 2.429
4.176 3.0
4.277 3.705
4.438 4.536
4.335 5.341
4.648 6.418
6.356 6.918
8.774 4.697
7.764 1.879
4.176 1.0
4.176 1.234
4.176 1.523
4.236 1.881
4.224 2.31
4.176 2.84
4.176 3.508
4.427 4.194
4.32 4.94
4.734 5.934
6.434 6.629
9.206 4.247
7.745 1.699
4.176 1.0
4.176 1.234
4.176 1.523
4.176 1.88
4.248 2.303
4.176 2.795
4.176 3.413
4.258 4.18
4.25 5.077
4.831 6.168
6.579 6.726
9.213 3.835
6.519 1.534
4.176 1.0
4.228 1.234
4.176 1.516
4.176 1.871
4.227 2.31
4.176 2.839
4.292 3.506
4.387 4.218
4.639 5.057
5.509 5.618
7.393 5.058
9.039 2.023
4.176 1.0
4.176 1.229
4.176 1.51
4.176 1.864
4.248 2.275
4.186 2.791
4.296 3.433
4.355 4.161
4.176 4.962
4.48 6.05
5.952 6.88
8.133 5.342
8.139 2.137
4.176 1.0
4.176 1.234
4.176 1.523
4.197 1.867
4.176 2.301
4.221 2.841
4.239 3.494
4.313 4.291
4.27 5.166
4.901 6.212
6.521 6.562
8.963 3.859
5.667 1.544
4.176 1.122
4.176 1.369
4.256 1.69
4.176 2.071
4.242 2.544
4.176 3.113
4.251 3.779
4.334 4.637
4.832 5.566
6.324 5.848
8.26 3.774
6.616 1.51
4.176 1.0
4.176 1.222
4.176 1.508
4.232 1.842
4.176 2.264
4.176 2.796
4.213 3.3
4.518 4.038
5.217 4.594
6.759 4.351
8.403 2.287
4.176 1.0
4.176 1.196
4.2 1.465
4.198 1.801
4.196 2.2
4.258 2.712
4.399 3.326
4.388 4.027
4.351 4.882
4.957 5.938
6.325 6.147
8.191 3.837
6.611 1.535
4.176 1.0
4.176 1.235
4.176 1.521
4.176 1.879
4.176 2.321
4.176 2.867
4.314 3.532
4.253 4.248
5.085 5.205
7.249 5.274
8.988 2.11
4.176 1.0
4.176 1.157
4.176 1.428
4.176 1.763
4.225 2.178
4.176 2.678
4.293 3.286
4.176 3.972
4.227 4.908
4.674 6.038
6.47 6.8
9.434 4.073
8.052 1.629
4.176 1.0
4.176 1.234
4.176 1.524
4.176 1.881
4.176 2.323
4.254 2.868
4.301 3.495
4.222 4.269
4.421 5.228
5.055 6.191
6.487 6.428
8.317 4.16
6.483 1.664
4.176 1.0
4.176 1.234
4.176 1.524
4.261 1.882
4.228 2.306
4.176 2.835
4.219 3.474
4.456 4.262
4.668 5.134
6.117 5.76
8.279 4.475
6.908 1.79
4.223 1.0
4.196 1.229
4.176 1.515
4.176 1.87
4.176 2.31
4.321 2.853
4.176 3.478
4.293 4.297
4.453 5.2
4.957 6.08
6.793 6.211
8.981 3.102
6.237 1.241
4.193 1.0
4.193 1.232
4.183 1.519
4.176 1.875
4.176 2.315
4.255 2.859
4.259 3.506
4.176 4.299
4.221 5.254
4.658 6.425
5.954 7.088
8.399 5.216
8.597 2.086
4.176 1.0
4.176 1.234
4.206 1.524
4.176 1.876
4.176 2.316
4.176 2.86
4.207 3.483
4.254 4.29
4.297 5.196
4.651 6.323
5.779 7.027
8.085 5.642
9.015 2.257
4.176 1.0
4.176 1.234
4.176 1.523
4.23 1.845
4.176 2.265
4.176 2.792
4.356 3.448
4.176 4.095
4.205 5.059
4.381 6.215
5.413 7.319
7.371 6.556
9.387 2.622
5.604 1.049
4.176 1.0
4.223 1.234
4.176 1.517
4.176 1.873
4.176 2.312
4.176 2.855
4.176 3.526
4.295 4.323
4.176 5.283
4.839 6.255
6.411 6.688
9.165 4.07
6.938 1.628
4.176 1.0
4.176 1.234
4.176 1.523
4.176 1.88
4.205 2.322
4.176 2.859
4.176 3.531
4.24 4.327
4.478 5.148
5.015 5.95
6.311 6.169
8.034 4.086
6.906 1.634
4.301 1.0
4.187 1.202
4.176 1.482
4.176 1.83
4.188 2.26
4.176 2.772
4.283 3.409
4.41 4.147
4.519 4.903
5.566 5.638
7.806 4.847
8.667 1.939
4.489 1.0
4.176 1.121
4.234 1.384
4.176 1.7
4.223 2.099
4.258 2.581
4.298 3.164
4.235 3.866
4.181 4.751
4.559 5.683
6.091 6.4
8.647 4.517
8.537 1.807
4.176 1.0
4.176 1.234
4.225 1.523
4.176 1.872
4.176 2.311
4.244 2.854
4.202 3.503
4.176 4.257
4.25 5.163
4.317 6.148
5.121 7.256
6.945 7.178
8.793 3.429
5.997 1.372
4.205 1.0
4.234 1.231
4.251 1.506
4.252 1.846
4.238 2.264
4.176 2.781
4.176 3.434
4.28 4.242
4.262 5.104
4.708 6.258
6.116 6.884
8.297 4.889
8.734 1.956
4.176 1.0
4.192 1.234
4.176 1.511
4.176 1.865
4.176 2.285
4.176 2.816
4.213 3.468
4.352 4.215
4.373 5.019
4.784 5.931
6.48 6.366
8.754 4.015
7.138 1.606
4.176 1.0
4.176 1.234
4.176 1.524
4.373 1.881
4.176 2.236
4.205 2.738
4.254 3.373
4.251 4.137
4.6 5.077
5.236 5.815
7.072 5.398
8.487 2.589
4.83 1.035
4.176 1.086
4.176 1.34
4.176 1.655
4.184 2.043
4.213 2.522
4.176 3.058
4.307 3.753
4.479 4.526
4.68 5.242
5.811 5.829
8.226 4.561
7.618 1.824
4.176 1.0
4.176 1.235
4.176 1.524
4.176 1.882
4.176 2.325
4.176 2.857
4.278 3.529
4.617 4.259
4.472 4.82
4.928 5.595
6.536 5.802
8.916 3.3
6.408 1.32
4.176 1.0
4.176 1.235
4.176 1.525
4.176 1.874
4.267 2.315
4.253 2.805
4.176 3.436
4.24 4.194
5.002 5.011
6.751 5.0
8.731 2.618
6.781 1.047
4.176 1.0
4.176 1.234
4.205 1.524
4.176 1.877
4.176 2.318
4.176 2.803
4.241 3.419
4.193 4.199
4.21 5.18
4.537 6.323
5.661 7.236
7.302 5.884
7.344 2.354
4.176 1.0
4.176 1.229
4.176 1.517
4.188 1.874
4.304 2.312
4.194 2.794
4.311 3.446
4.45 4.164
4.417 4.868
5.428 5.657
7.436 5.129
8.609 2.051
4.26 1.0
4.176 1.226
4.176 1.514
4.176 1.869
4.176 2.278
4.176 2.79
4.33 3.4
4.176 4.098
4.473 4.886
4.581 5.695
6.209 6.309
8.586 4.223
7.154 1.689
4.176 1.0
4.176 1.235
4.176 1.525
4.301 1.884
4.176 2.275
4.344 2.81
4.391 3.42
4.278 4.049
4.312 4.888
5.092 5.668
6.776 5.638
8.778 2.754
5.793 1.102
4.176 1.0
4.176 1.235
4.176 1.526
4.372 1.885
4.176 2.245
4.217 2.774
4.291 3.415
4.326 4.104
4.679 4.963
6.293 5.409
8.568 3.46
6.952 1.384
4.19 1.0
4.176 1.22
4.176 1.507
4.176 1.862
4.176 2.301
4.211 2.839
4.417 3.498
4.176 4.132
4.855 5.09
5.59 5.448
7.286 4.584
7.562 1.834
4.182 1.0
4.182 1.235
4.178 1.525
4.176 1.883
4.251 2.327
4.241 2.831
4.329 3.443
4.295 4.122
4.38 4.961
4.986 5.853
6.858 5.95
9.003 2.92
5.495 1.168
4.176 1.0
4.176 1.235
4.176 1.526
4.176 1.877
4.249 2.319
4.249 2.835
4.24 3.481
4.277 4.279
4.713 5.193
5.883 5.61
7.759 4.32
8.087 1.728
4.176 1.0
4.176 1.224
4.176 1.512
4.233 1.868
4.233 2.288
4.176 2.813
4.333 3.383
4.387 4.124
4.296 4.902
4.755 5.833
6.859 6.235
8.815 3.099
4.715 1.239
4.201 1.274
4.176 1.555
4.208 1.922
4.176 2.368
4.335 2.92
4.176 3.558
4.272 4.397
4.193 5.364
4.464 6.615
4.441 7.806
5.583 9.075
8.061 7.541
8.257 3.016
4.309 1.207
4.176 1.324
4.176 1.636
4.256 2.021
4.176 2.48
4.176 3.065
4.176 3.788
4.424 4.682
4.286 5.506
4.297 6.471
4.873 7.914
6.174 8.321
8.057 5.698
7.397 2.279
4.225 1.0
4.225 1.23
4.195 1.513
4.176 1.866
4.183 2.307
4.176 2.843
4.187 3.514
4.294 4.295
4.234 5.117
4.5 6.294
5.852 7.168
8.278 5.628
8.932 2.251
4.176 1.0
4.176 1.226
4.176 1.503
4.176 1.847
4.176 2.279
4.226 2.817
4.176 3.466
4.176 4.213
4.449 5.209
4.542 6.033
6.166 6.783
8.005 4.774
7.98 1.91
4.176 1.0
4.176 1.235
4.176 1.526
4.176 1.886
4.176 2.33
4.188 2.88
4.294 3.556
4.176 4.281
4.337 5.219
4.37 6.235
5.842 7.281
8.458 6.076
8.388 2.43
4.176 1.0
4.176 1.231
4.176 1.521
4.176 1.879
4.229 2.322
4.237 2.856
4.181 3.51
4.231 4.307
4.389 5.252
4.444 6.27
5.188 7.315
7.146 7.223
9.127 2.986
4.619 1.195
4.176 1.28
4.212 1.566
4.219 1.923
4.333 2.365
4.176 2.852
4.231 3.525
4.359 4.335
4.176 5.169
4.385 6.374
4.687 7.452
5.994 8.235
7.992 6.607
8.538 2.643
4.176 1.057
4.176 1.192
4.176 1.473
4.176 1.82
4.176 2.248
4.205 2.778
4.453 3.425
4.235 4.01
4.361 4.896
4.405 5.818
5.653 6.659
7.881 5.566
8.187 2.226
4.176 1.0
4.176 1.228
4.176 1.491
4.216 1.838
4.293 2.264
4.176 2.726
4.176 3.37
4.246 4.151
4.176 5.099
4.521 6.268
6.021 7.085
8.781 5.267
8.481 2.107
4.176 1.0
4.176 1.231
4.276 1.516
4.19 1.84
4.176 2.271
4.176 2.806
4.192 3.453
4.274 4.255
4.272 5.162
4.8 6.135
6.604 6.431
8.638 3.93
5.621 1.572
4.176 1.314
4.176 1.623
4.25 2.001
4.208 2.457
4.176 3.028
4.288 3.724
4.176 4.521
4.248 5.589
4.176 6.77
5.236 8.014
7.274 7.425
9.311 2.97
5.075 1.188
4.176 1.099
4.176 1.358
4.176 1.678
4.176 2.074
4.176 2.563
4.176 3.167
4.187 3.907
4.242 4.825
4.568 5.752
5.275 6.513
7.61 6.127
9.002 2.451
4.208 1.0
4.176 1.15
4.176 1.421
4.176 1.756
4.176 2.17
4.305 2.681
4.18 3.239
4.291 3.981
4.204 4.822
4.687 5.905
6.443 6.606
8.771 4.174
6.972 1.67
4.176 1.0
4.176 1.235
4.176 1.525
4.246 1.885
4.176 2.288
4.176 2.828
4.176 3.468
4.176 4.287
4.314 5.3
5.079 6.409
6.779 6.35
9.047 3.206
5.227 1.282
4.176 1.197
4.176 1.479
4.176 1.828
4.176 2.259
4.176 2.775
4.361 3.43
4.337 4.11
4.325 4.904
4.322 5.826
4.526 7.027
5.766 8.058
8.382 6.307
8.837 2.523
4.182 1.009
4.176 1.235
4.176 1.526
4.176 1.885
4.176 2.33
4.246 2.879
4.179 3.508
4.324 4.335
4.32 5.242
4.378 6.344
4.651 7.551
6.033 8.64
8.266 6.18
7.44 2.472
4.252 1.0
4.176 1.227
4.176 1.516
4.176 1.874
4.176 2.316
4.176 2.863
4.176 3.538
4.336 4.374
4.176 5.308
4.504 6.512
5.952 7.289
8.49 5.683
8.142 2.273
4.176 1.0
4.176 1.236
4.205 1.527
4.176 1.864
4.176 2.304
4.176 2.848
4.199 3.52
4.176 4.343
4.212 5.369
4.649 6.555
5.797 7.337
8.047 5.795
7.453 2.318
4.192 1.0
4.192 1.234
4.209 1.523
4.176 1.877
4.176 2.303
4.176 2.84
4.226 3.488
4.228 4.294
4.376 5.089
4.859 6.021
6.639 6.358
8.567 3.773
7.175 1.509
4.176 1.0
4.176 1.236
4.176 1.527
4.176 1.887
4.176 2.332
4.22 2.883
4.33 3.55
4.393 4.329
4.476 5.204
5.403 5.991
7.239 5.621
8.712 2.366
4.299 1.0
4.176 1.17
4.258 1.446
4.176 1.775
4.176 2.194
4.205 2.712
4.203 3.344
4.176 4.124
4.3 5.069
4.93 6.2
6.538 6.468
9.202 3.888
6.569 1.555
4.176 1.0
4.176 1.236
4.176 1.527
4.176 1.848
4.212 2.285
4.176 2.815
4.18 3.481
4.409 4.234
4.485 4.966
5.682 5.637
7.838 4.647
8.245 1.859
4.176 1.0
4.176 1.236
4.176 1.527
4.176 1.887
4.176 2.333
4.176 2.884
4.176 3.565
4.296 4.374
4.485 5.35
4.425 6.36
5.329 7.513
7.521 7.079
8.914 2.832
5.593 1.133
4.176 1.0
4.176 1.236
4.176 1.511
4.176 1.868
4.192 2.309
4.176 2.85
4.324 3.487
4.261 4.236
4.561 5.089
5.212 5.788
6.684 5.63
8.676 3.168
4.816 1.267
4.176 1.293
4.183 1.598
4.176 1.974
4.176 2.439
4.176 3.015
4.176 3.689
4.176 4.56
4.189 5.638
4.267 6.963
4.342 8.473
4.787 10.248
6.479 10.893
8.744 6.511
7.477 2.604
4.176 1.042
4.176 1.287
4.259 1.591
4.176 1.952
4.176 2.413
4.256 2.974
4.176 3.65
4.203 4.445
4.245 5.47
4.345 6.722
5.117 8.035
7.17 7.84
9.375 3.398
6.487 1.359
4.225 1.0
4.176 1.228
4.176 1.517
4.176 1.863
4.219 2.303
4.176 2.806
4.304 3.432
4.28 4.194
4.509 4.924
5.664 5.633
7.816 4.798
8.34 1.919
4.24 1.0
4.176 1.037
4.176 1.281
4.277 1.583
4.176 1.921
4.176 2.367
4.225 2.901
4.297 3.571
4.438 4.337
4.67 5.223
5.447 5.781
7.247 5.162
7.803 2.065
4.176 1.0
4.176 1.236
4.176 1.528
4.176 1.889
4.207 2.329
4.176 2.853
4.181 3.487
4.295 4.261
4.535 5.112
4.735 5.832
6.167 6.449
8.353 4.268
6.606 1.707
4.176 1.0
4.176 1.236
4.176 1.528
4.214 1.889
4.176 2.328
4.305 2.831
4.268 3.432
4.273 4.209
4.789 5.161
6.262 5.763
9.269 4.623
7.043 1.849
4.176 1.0
4.176 1.236
4.176 1.528
4.205 1.889
4.176 2.325
4.176 2.875
4.254 3.551
4.176 4.297
4.309 5.193
4.595 6.286
6.195 6.98
8.847 4.695
7.664 1.878
4.197 1.0
4.197 1.234
4.233 1.522
4.252 1.872
4.244 2.299
4.228 2.825
4.254 3.475
4.312 4.267
4.321 5.163
4.873 6.129
6.669 6.453
9.651 3.48
6.915 1.392
4.176 1.0
4.176 1.236
4.176 1.524
4.246 1.883
4.236 2.314
4.176 2.818
4.19 3.433
4.186 4.15
4.654 5.055
6.361 5.485
8.573 3.482
6.009 1.393
4.176 1.0
4.176 1.236
4.176 1.528
4.176 1.889
4.176 2.336
4.297 2.888
4.22 3.49
4.176 4.291
4.26 5.151
5.136 6.087
7.148 5.923
9.008 2.69
5.048 1.076
4.176 1.0
4.176 1.236
4.176 1.528
4.176 1.889
4.176 2.336
4.374 2.888
4.176 3.508
4.369 4.31
5.632 5.175
8.344 4.497
8.866 1.799
4.262 1.0
4.176 1.152
4.227 1.408
4.176 1.733
4.236 2.142
4.176 2.634
4.225 3.256
4.176 4.008
4.337 4.854
5.417 5.789
7.897 5.396
9.679 2.158
4.176 1.0
4.176 1.185
4.247 1.465
4.176 1.799
4.176 2.221
4.229 2.745
4.434 3.356
4.277 3.919
4.755 4.765
6.327 5.117
8.211 3.282
6.147 1.313
4.176 1.0
4.176 1.227
4.246 1.516
4.238 1.852
4.176 2.276
4.248 2.798
4.237 3.433
4.388 4.202
5.582 4.967
8.358 4.308
8.465 1.723
4.191 1.0
4.176 1.234
4.176 1.525
4.176 1.868
4.176 2.308
4.256 2.853
4.216 3.442
4.336 4.24
4.863 5.062
6.66 5.374
9.221 3.249
5.965 1.3
4.176 1.0
4.176 1.236
4.176 1.527
4.176 1.887
4.176 2.333
4.176 2.883
4.208 3.564
4.176 4.384
4.282 5.38
5.2 6.566
7.674 6.457
9.234 2.583
5.388 1.033
4.176 1.0
4.176 1.236
4.176 1.527
4.176 1.888
4.176 2.333
4.224 2.883
4.176 3.549
4.187 4.369
4.622 5.308
6.149 5.954
8.635 4.105
7.842 1.642
4.176 1.0
4.176 1.236
4.253 1.527
4.185 1.874
4.228 2.297
4.299 2.826
4.187 3.433
4.557 4.239
5.97 4.847
7.822 3.549
6.198 1.419
4.176 1.0
4.176 1.236
4.176 1.527
4.176 1.888
4.23 2.333
4.236 2.854
4.52 3.472
5.62 3.992
7.252 3.423
7.075 1.461
4.176 1.0
4.176 1.236
4.176 1.526
4.176 1.886
4.176 2.331
4.176 2.881
4.233 3.541
4.608 4.337
5.571 5.09
