4.428 1.0
4.428 1.0
4.428 1.0
4.428 1.0
4.521 1.264
4.687 1.593
4.278 1.927
4.176 2.552
4.326 3.46
4.286 4.677
4.844 6.377
7.024 7.811
12.225 4.208
11.952 1.683
4.176 1.0
4.176 1.04
4.176 1.108
4.176 1.205
4.176 1.336
4.176 1.505
4.176 1.694
4.26 1.939
4.304 2.235
4.25 2.548
4.176 2.979
4.218 3.577
4.176 4.31
4.21 5.066
4.607 6.182
5.443 7.006
7.566 6.102
8.67 2.441
4.176 1.0
4.176 1.181
4.176 1.407
4.203 1.678
4.201 2.004
4.242 2.419
4.176 2.922
4.176 3.538
4.248 4.292
4.26 5.245
4.439 6.434
4.849 7.565
6.409 7.899
8.563 4.924
7.716 1.97
4.176 1.0
4.176 1.204
4.176 1.456
4.238 1.766
4.176 2.13
4.285 2.575
4.176 3.075
4.267 3.785
4.221 4.602
4.285 5.639
4.763 6.785
6.587 7.185
8.945 4.468
7.643 1.787
4.176 1.0
4.176 1.201
4.176 1.459
4.176 1.768
4.176 2.159
4.217 2.644
4.176 3.235
4.278 3.982
4.283 4.863
4.9 5.874
6.12 6.388
8.078 4.561
7.302 1.824
4.219 1.0
4.219 1.202
4.176 1.45
4.176 1.771
4.176 2.173
4.176 2.673
4.176 3.272
4.339 4.042
4.176 4.923
5.244 6.106
7.104 5.88
9.248 2.419
6.248 1.0
4.176 1.0
4.176 1.209
4.176 1.465
4.176 1.79
4.224 2.198
4.185 2.689
4.216 3.292
4.211 4.031
4.257 4.968
5.373 6.097
7.225 5.794
9.007 2.375
5.983 1.0
4.176 1.0
4.176 1.212
4.194 1.471
4.176 1.793
4.203 2.195
4.176 2.695
4.207 3.322
4.346 4.043
4.265 4.829
5.318 5.816
7.154 5.483
9.03 2.193
4.176 1.0
4.176 1.223
4.176 1.497
4.176 1.836
4.176 2.251
4.176 2.768
4.176 3.409
4.31 4.114
4.362 4.893
4.532 5.906
5.196 6.795
7.465 6.481
9.139 2.592
5.497 1.037
4.176 1.0
4.24 1.225
4.176 1.494
4.177 1.835
4.176 2.258
4.176 2.781
4.183 3.407
4.176 4.204
4.352 5.197
4.952 6.332
6.756 6.51
9.39 3.55
7.098 1.42
4.176 1.0
4.176 1.215
4.176 1.491
4.176 1.832
4.176 2.255
4.176 2.758
4.253 3.401
4.294 4.131
4.522 5.015
5.602 5.693
7.814 4.834
8.907 1.934
4.176 1.0
4.176 1.223
4.176 1.5
4.176 1.829
4.196 2.242
4.218 2.754
4.238 3.382
4.176 4.102
4.229 5.065
4.606 6.163
5.93 6.885
8.2 5.307
8.314 2.123
4.176 1.0
4.176 1.226
4.253 1.505
4.176 1.837
4.176 2.253
4.176 2.774
4.176 3.42
4.293 4.219
4.261 5.035
4.836 6.094
6.012 6.915
8.307 5.069
8.293 2.028
4.329 1.0
4.176 1.141
4.176 1.375
4.176 1.675
4.176 2.06
4.176 2.536
4.255 3.087
4.312 3.782
4.342 4.564
4.315 5.495
4.996 6.52
6.956 6.605
9.53 2.869
5.982 1.147
4.176 1.0
4.176 1.227
4.176 1.507
4.176 1.853
4.285 2.28
4.176 2.781
4.253 3.398
4.188 4.163
4.294 5.124
4.79 6.002
6.302 6.462
8.587 4.181
7.307 1.672
4.176 1.0
4.176 1.226
4.176 1.505
4.176 1.833
4.176 2.256
4.283 2.752
4.176 3.33
4.219 4.035
4.194 4.909
4.998 6.036
6.794 6.128
8.724 3.205
6.5 1.282
4.217 1.0
4.281 1.222
4.187 1.474
4.176 1.81
4.176 2.227
4.176 2.735
4.176 3.367
4.216 4.154
4.382 5.022
4.936 5.926
6.292 6.117
8.543 4.07
6.736 1.628
4.176 1.0
4.176 1.229
4.257 1.499
4.176 1.832
4.176 2.244
4.176 2.766
4.216 3.405
4.205 4.189
4.54 5.075
5.176 5.827
7.024 5.362
8.641 2.145
4.248 1.0
4.176 1.176
4.176 1.447
4.176 1.781
4.214 2.194
4.212 2.695
4.224 3.314
4.243 4.031
4.533 4.876
4.461 5.596
5.31 6.526
7.576 5.982
9.268 2.393
4.176 1.0
4.176 1.23
4.39 1.504
4.176 1.781
4.176 2.195
4.176 2.663
4.183 3.285
4.239 4.01
4.332 4.925
4.461 5.939
5.661 6.865
7.995 5.566
8.637 2.226
4.176 1.0
4.176 1.23
4.227 1.514
4.176 1.856
4.224 2.286
4.176 2.806
4.248 3.463
4.176 4.247
4.297 5.247
4.393 6.322
5.349 7.394
7.367 6.754
9.191 2.702
5.606 1.081
4.176 1.0
4.176 1.231
4.176 1.515
4.176 1.867
4.2 2.302
4.319 2.807
4.271 3.42
4.176 4.188
4.348 5.125
4.878 6.123
6.502 6.751
8.908 4.112
7.038 1.645
4.176 1.0
4.176 1.231
4.176 1.515
4.176 1.867
4.21 2.301
4.239 2.785
4.251 3.417
4.176 4.191
4.284 5.177
4.868 6.312
6.488 6.77
9.002 4.18
6.709 1.672
4.244 1.0
4.244 1.223
4.202 1.498
4.277 1.841
4.186 2.225
4.176 2.742
4.226 3.371
4.426 4.101
4.447 4.781
5.026 5.608
6.982 5.526
8.918 2.5
5.837 1.0
4.237 1.0
4.237 1.202
4.176 1.445
4.238 1.781
4.176 2.143
4.178 2.644
4.395 3.207
4.176 3.799
4.442 4.696
5.429 5.452
7.381 4.923
8.881 1.969
4.176 1.0
4.176 1.219
4.176 1.502
4.243 1.851
4.176 2.269
4.335 2.767
4.215 3.368
4.256 4.145
4.439 5.085
4.618 6.138
5.918 6.92
8.302 5.122
7.732 2.049
4.176 1.0
4.176 1.232
4.176 1.518
4.176 1.872
4.176 2.302
4.176 2.841
4.176 3.467
4.199 4.216
4.347 5.2
4.468 6.22
5.336 7.262
7.669 6.66
8.789 2.664
4.484 1.066
4.176 1.204
4.211 1.484
4.176 1.824
4.176 2.25
4.207 2.763
4.176 3.403
4.262 4.204
4.437 5.155
4.5 6.002
4.836 7.048
6.49 7.337
8.572 4.293
6.129 1.717
4.176 1.0
4.176 1.233
4.232 1.521
4.267 1.868
4.176 2.247
4.234 2.775
4.205 3.411
4.377 4.206
4.495 4.941
5.248 5.613
7.208 5.278
8.532 2.111
4.176 1.0
4.176 1.219
4.176 1.488
4.176 1.816
4.193 2.242
4.239 2.766
4.391 3.394
4.273 3.956
4.327 4.85
4.545 5.777
6.089 6.539
8.454 4.569
8.034 1.828
4.176 1.0
4.176 1.233
4.176 1.522
4.176 1.878
4.176 2.296
4.223 2.836
4.22 3.49
4.176 4.241
4.315 5.21
4.502 6.165
5.574 7.158
7.738 5.972
8.746 2.389
4.176 1.0
4.176 1.233
4.176 1.519
4.176 1.875
4.176 2.314
4.176 2.859
4.301 3.493
4.176 4.236
4.524 5.217
4.325 5.993
5.577 7.209
7.87 6.041
9.058 2.416
4.282 1.0
4.225 1.079
4.176 1.326
4.176 1.637
4.176 2.021
4.221 2.496
4.176 3.072
4.214 3.797
4.334 4.679
4.286 5.678
4.949 6.846
6.927 7.05
8.979 3.636
6.743 1.454
4.176 1.0
4.176 1.234
4.219 1.522
4.176 1.872
4.248 2.313
4.297 2.809
4.176 3.406
4.398 4.17
4.471 4.925
6.046 5.567
8.714 4.095
8.563 1.638
4.246 1.0
4.246 1.225
4.287 1.501
4.176 1.815
4.176 2.24
4.176 2.741
4.176 3.364
4.176 4.14
4.451 5.117
4.616 5.984
5.944 6.806
8.055 5.01
7.857 2.004
4.254 1.0
4.254 1.225
4.293 1.5
4.211 1.816
4.22 2.216
4.239 2.684
4.287 3.242
4.181 3.89
4.243 4.796
4.5 5.805
5.068 6.726
7.104 6.726
8.64 2.89
5.415 1.156
4.176 1.0
4.176 1.234
4.176 1.523
4.176 1.88
4.225 2.322
4.176 2.849
4.176 3.496
4.242 4.323
4.439 5.298
5.369 6.221
7.081 5.73
8.951 2.613
6.308 1.045
4.176 1.0
4.176 1.234
4.181 1.517
4.176 1.873
4.227 2.313
4.176 2.786
4.176 3.441
4.176 4.189
4.575 5.181
5.481 5.922
7.589 5.204
9.05 2.082
4.176 1.0
4.176 1.231
4.176 1.516
4.176 1.858
4.176 2.259
4.328 2.74
4.25 3.269
4.184 3.986
4.176 4.925
4.829 6.043
6.377 6.332
8.779 4.012
7.074 1.605
4.176 1.0
4.176 1.234
4.257 1.523
4.176 1.866
4.195 2.305
4.176 2.843
4.436 3.5
4.71 4.109
4.757 4.5
6.014 4.871
8.234 3.516
6.774 1.406
4.176 1.0
4.176 1.234
4.176 1.509
4.176 1.842
4.176 2.276
4.176 2.813
4.263 3.463
4.232 4.184
5.41 4.944
7.314 4.57
8.574 1.828
5.296 1.0
4.176 1.0
4.176 1.234
4.176 1.523
4.247 1.881
4.257 2.309
4.176 2.832
4.176 3.471
4.242 4.244
5.16 5.107
7.364 4.878
8.369 1.951
5.171 1.0
4.192 1.0
4.246 1.232
4.256 1.512
4.189 1.853
4.176 2.286
4.234 2.815
4.252 3.461
4.428 4.203
5.541 4.928
7.589 4.251
8.041 1.7
4.176 1.0
4.176 1.234
4.176 1.523
4.251 1.88
4.176 2.283
4.177 2.82
4.267 3.485
4.26 4.187
4.402 5.137
4.93 6.161
7.09 6.384
9.652 2.806
5.76 1.123
4.176 1.0
4.176 1.234
4.176 1.522
4.176 1.879
4.176 2.319
4.221 2.864
4.291 3.524
4.39 4.242
4.638 4.88
5.325 5.402
6.969 5.08
8.398 2.352
4.176 1.0
4.176 1.221
4.176 1.492
4.302 1.838
4.302 2.219
4.218 2.671
4.176 3.252
4.39 4.003
4.285 4.676
5.251 5.635
7.319 5.337
9.069 2.135
4.176 1.0
4.18 1.234
4.176 1.519
4.213 1.875
4.176 2.307
4.176 2.849
4.281 3.493
4.219 4.276
4.337 5.139
4.41 6.009
5.426 7.025
7.396 6.524
8.62 2.61
4.705 1.044
4.176 1.069
4.176 1.32
4.176 1.629
4.234 2.012
4.202 2.466
4.176 3.039
4.199 3.748
4.297 4.565
4.879 5.537
7.011 5.717
9.454 2.577
6.844 1.031
4.176 1.0
4.176 1.228
4.176 1.513
4.176 1.868
4.176 2.306
4.19 2.822
4.32 3.482
4.629 4.211
4.398 4.771
5.083 5.692
6.707 5.816
8.939 3.172
6.267 1.269
4.222 1.0
4.222 1.228
4.193 1.509
4.176 1.86
4.187 2.296
4.176 2.81
4.176 3.455
4.176 4.269
4.667 5.222
5.108 5.929
6.804 5.694
8.881 2.881
5.389 1.153
4.176 1.0
4.176 1.234
4.176 1.522
4.217 1.878
4.176 2.31
4.176 2.853
4.307 3.484
4.367 4.149
4.477 4.832
5.144 5.573
7.232 5.438
8.791 2.175
4.18 1.0
4.176 1.233
4.176 1.521
4.176 1.878
4.176 2.318
4.176 2.854
4.176 3.498
4.271 4.321
4.202 5.214
4.536 6.429
5.836 7.323
8.242 5.983
8.344 2.393
4.284 1.0
4.284 1.207
4.253 1.458
4.196 1.755
4.311 2.163
4.185 2.606
4.255 3.216
4.337 3.945
4.303 4.703
4.879 5.691
6.923 5.994
9.118 2.948
6.394 1.179
4.235 1.0
4.319 1.227
4.226 1.494
4.176 1.836
4.176 2.266
4.227 2.798
4.176 3.439
4.376 4.248
4.422 4.888
5.034 5.799
6.854 5.939
8.564 2.881
6.575 1.153
4.176 1.0
4.176 1.233
4.176 1.522
4.176 1.878
4.176 2.318
4.217 2.861
4.176 3.482
4.176 4.187
4.206 5.173
4.515 6.188
6.027 6.892
8.134 5.019
8.203 2.008
4.194 1.0
4.194 1.232
4.183 1.517
4.176 1.871
4.176 2.31
4.176 2.851
4.176 3.515
4.217 4.342
4.39 5.332
4.623 6.34
5.847 7.112
7.724 5.656
8.342 2.262
4.176 1.0
4.176 1.234
4.176 1.522
4.176 1.879
4.176 2.32
4.243 2.865
4.257 3.513
4.213 4.281
4.479 5.21
4.824 5.998
6.584 6.325
8.813 3.602
7.329 1.441
4.176 1.0
4.258 1.23
4.176 1.507
4.226 1.86
4.176 2.286
4.242 2.823
4.176 3.467
4.277 4.233
4.406 5.157
5.624 6.105
8.453 5.001
8.735 2.0
4.176 1.0
4.176 1.233
4.176 1.516
4.176 1.854
4.176 2.289
4.176 2.822
4.335 3.469
4.311 4.157
4.269 5.059
4.785 6.104
6.473 6.636
9.173 3.832
6.553 1.533
4.213 1.0
4.213 1.229
4.274 1.512
4.238 1.833
4.176 2.229
4.176 2.752
4.294 3.355
4.219 4.033
4.699 4.924
5.686 5.496
8.026 4.543
8.307 1.817
4.176 1.0
4.176 1.178
4.192 1.453
4.176 1.77
4.176 2.184
4.176 2.696
4.382 3.329
4.176 3.952
4.282 4.838
4.273 5.895
4.587 7.128
5.727 7.885
8.121 6.181
8.829 2.472
4.217 1.0
4.217 1.229
4.276 1.511
4.231 1.829
4.261 2.221
4.206 2.707
4.176 3.333
4.269 4.116
4.176 5.041
4.333 6.228
5.377 7.458
7.613 6.797
9.503 2.719
4.211 1.087
4.176 1.235
4.204 1.524
4.176 1.875
4.176 2.29
4.191 2.826
4.212 3.445
4.297 4.199
4.268 5.111
4.384 6.111
4.904 7.133
6.964 7.442
8.847 3.255
5.187 1.302
4.183 1.067
4.176 1.314
4.176 1.621
4.176 2.001
4.176 2.47
4.176 3.049
4.235 3.765
4.176 4.616
4.474 5.636
4.516 6.507
5.792 7.438
8.054 5.993
8.504 2.397
4.245 1.0
4.245 1.226
4.203 1.503
4.176 1.851
4.226 2.285
4.252 2.808
4.254 3.445
4.176 4.225
4.349 5.215
4.868 6.167
6.784 6.48
9.214 3.418
6.47 1.367
4.187 1.0
4.176 1.229
4.176 1.502
4.176 1.853
4.176 2.255
4.223 2.784
4.211 3.424
4.241 4.122
4.907 5.009
6.401 5.104
8.601 3.214
7.077 1.286
4.176 1.0
4.176 1.234
4.176 1.522
4.194 1.879
4.239 2.316
4.199 2.844
4.19 3.477
4.48 4.29
4.753 4.948
6.016 5.37
8.208 3.808
8.072 1.523
4.176 1.0
4.176 1.234
4.176 1.522
4.176 1.879
4.176 2.319
4.176 2.811
4.176 3.471
4.282 4.192
4.244 5.13
4.682 6.025
5.878 6.671
8.368 4.946
8.06 1.978
4.176 1.0
4.176 1.234
4.176 1.522
4.238 1.879
4.22 2.306
4.352 2.811
4.296 3.318
4.335 4.024
4.281 4.879
4.639 5.893
6.467 6.492
8.95 3.765
7.534 1.506
4.176 1.0
4.176 1.234
4.176 1.522
4.176 1.879
4.176 2.319
4.176 2.863
4.176 3.505
4.434 4.329
4.422 5.165
4.809 6.137
6.865 6.296
9.319 3.405
6.707 1.362
4.176 1.0
4.176 1.231
4.198 1.519
4.184 1.872
4.218 2.309
4.176 2.839
4.176 3.487
4.609 4.287
4.688 4.814
5.726 5.372
8.006 4.317
7.466 1.727
4.176 1.0
4.223 1.216
4.176 1.494
4.176 1.845
4.176 2.277
4.176 2.783
4.256 3.437
4.243 4.12
4.359 5.001
5.088 6.017
6.948 5.94
9.498 2.791
5.962 1.117
4.176 1.0
4.176 1.232
4.176 1.52
4.176 1.876
4.176 2.29
4.276 2.827
4.179 3.446
4.176 4.255
4.465 5.255
4.848 5.946
6.308 6.359
8.32 4.098
6.583 1.639
4.176 1.0
4.176 1.234
4.176 1.523
4.176 1.869
4.19 2.307
4.248 2.827
4.394 3.469
4.24 4.119
4.498 5.059
5.119 5.809
7.031 5.679
8.584 2.577
5.305 1.031
4.176 1.0
4.176 1.234
4.205 1.523
4.176 1.876
4.243 2.316
4.176 2.844
4.342 3.498
4.334 4.232
4.497 5.145
5.37 5.835
7.31 5.334
8.719 2.134
4.176 1.0
4.176 1.234
4.257 1.523
4.202 1.867
4.176 2.282
4.22 2.817
4.176 3.466
4.215 4.281
4.176 5.237
4.486 6.365
5.226 7.535
7.265 7.246
9.526 3.078
5.522 1.231
4.176 1.079
4.237 1.331
4.176 1.634
4.176 2.003
4.21 2.473
4.231 3.045
4.176 3.742
4.247 4.622
4.176 5.629
4.713 6.831
5.649 7.74
7.923 6.429
8.301 2.572
4.228 1.029
4.176 1.263
4.232 1.559
4.203 1.915
4.176 2.359
4.193 2.907
4.176 3.584
4.176 4.408
4.418 5.38
4.447 6.503
4.711 7.57
6.192 8.301
8.649 5.657
7.671 2.263
4.176 1.0
4.176 1.234
4.176 1.523
4.176 1.87
4.176 2.309
4.241 2.851
4.176 3.467
4.346 4.282
4.333 5.156
4.811 6.153
6.291 6.542
8.572 4.119
7.142 1.648
4.176 1.0
4.176 1.234
4.176 1.523
4.176 1.881
4.212 2.323
4.243 2.859
4.176 3.511
4.237 4.248
4.279 5.163
5.251 6.094
7.435 5.774
9.745 2.31
5.494 1.0
4.176 1.0
4.176 1.234
4.176 1.523
4.204 1.87
4.231 2.303
4.176 2.806
4.176 3.434
4.257 4.241
4.483 5.164
5.458 5.967
7.526 5.287
9.448 2.115
4.267 1.0
4.176 1.184
4.176 1.462
4.314 1.804
4.176 2.182
4.176 2.694
4.176 3.3
4.176 4.076
4.176 5.034
4.517 6.037
5.389 7.069
7.814 6.153
9.068 2.461
4.228 1.0
4.228 1.228
4.27 1.509
4.176 1.827
4.176 2.256
4.177 2.785
4.224 3.438
4.347 4.228
4.176 4.952
4.377 5.97
5.185 6.956
7.515 6.878
9.167 2.763
4.868 1.105
4.176 1.0
4.176 1.234
4.189 1.523
4.176 1.878
4.176 2.319
4.235 2.858
4.278 3.511
4.24 4.223
4.496 5.187
5.492 5.967
7.308 5.415
9.0 2.166
4.224 1.0
4.176 1.216
4.184 1.501
4.176 1.852
4.176 2.286
4.176 2.822
4.252 3.482
4.176 4.271
4.176 5.276
4.499 6.329
5.463 7.14
7.36 6.32
8.08 2.772
4.231 1.109
4.176 1.289
4.268 1.591
4.229 1.942
4.176 2.37
4.277 2.927
4.234 3.523
4.176 4.286
4.233 5.295
4.433 6.387
5.193 7.395
7.043 7.108
8.315 3.236
4.847 1.295
4.176 1.33
4.176 1.628
4.176 2.009
4.176 2.481
4.19 3.053
4.176 3.766
4.217 4.627
4.176 5.695
4.686 6.887
4.487 7.562
5.034 8.753
6.888 8.639
8.648 3.935
4.18 1.574
4.176 1.86
4.176 2.296
4.176 2.835
4.318 3.463
4.176 4.152
4.217 5.129
4.176 6.314
4.176 7.748
4.287 9.574
4.573 11.441
5.959 13.123
8.265 9.782
8.371 3.913
4.176 1.565
4.176 1.932
4.176 2.385
4.176 2.931
4.176 3.62
4.176 4.471
4.243 5.522
4.176 6.743
4.183 8.272
4.22 10.147
4.243 12.406
5.279 14.994
7.713 14.262
9.421 5.705
6.033 2.282
4.198 1.622
4.176 1.998
4.225 2.467
4.219 3.032
4.258 3.728
4.176 4.528
4.223 5.592
4.176 6.829
4.361 8.391
4.461 10.195
4.363 11.808
5.49 14.06
7.554 12.339
8.586 4.935
4.198 1.974
4.176 2.412
4.176 2.978
4.176 3.676
4.231 4.539
4.244 5.522
4.176 6.778
4.176 8.372
4.313 10.341
4.223 12.377
4.656 15.062
5.244 16.97
6.917 15.786
8.782 7.331
6.286 2.932
4.176 1.787
4.176 2.206
4.176 2.724
4.176 3.363
4.176 4.153
4.21 5.094
4.269 6.273
4.206 7.615
4.339 9.25
4.372 11.067
5.086 13.057
6.798 13.082
9.027 6.528
7.445 2.611
4.258 1.045
4.176 1.28
4.176 1.58
4.176 1.951
4.176 2.409
4.195 2.975
4.176 3.669
4.176 4.513
4.253 5.477
4.426 6.721
5.698 7.871
8.164 6.644
9.095 2.657
4.43 1.063
4.176 1.223
4.176 1.51
4.176 1.863
4.176 2.301
4.176 2.841
4.221 3.508
4.176 4.316
4.24 5.126
4.35 6.254
4.305 7.535
5.617 8.533
8.161 6.802
9.043 2.721
4.6 1.088
4.176 1.174
4.176 1.449
4.176 1.789
4.176 2.209
4.176 2.727
4.217 3.368
4.176 4.135
4.324 5.076
4.259 5.947
4.701 7.115
6.001 7.811
8.335 5.717
8.377 2.287
4.275 1.0
4.275 1.206
4.176 1.456
4.176 1.797
4.241 2.219
4.289 2.724
4.239 3.315
4.416 4.025
4.437 4.815
4.72 5.607
6.76 6.146
8.878 3.202
6.978 1.281
4.176 1.0
4.176 1.227
4.203 1.498
4.176 1.845
4.176 2.278
4.33 2.784
4.34 3.345
4.248 4.024
4.677 4.776
5.925 5.215
7.849 3.941
7.089 1.577
4.176 1.0
4.176 1.234
4.176 1.524
4.176 1.866
4.176 2.304
4.243 2.846
4.317 3.457
4.297 4.217
4.469 5.019
4.88 5.972
6.7 6.264
8.612 3.452
6.468 1.381
4.176 1.0
4.176 1.234
4.176 1.507
4.246 1.861
4.277 2.28
4.279 2.783
4.598 3.348
4.182 3.763
4.48 4.543
6.211 5.164
8.655 3.435
8.227 1.374
4.176 1.0
4.176 1.234
4.176 1.523
4.176 1.881
4.176 2.32
4.24 2.864
4.19 3.517
4.176 4.292
4.332 5.302
4.69 6.386
5.954 7.183
8.138 5.324
7.442 2.13
4.176 1.0
4.176 1.234
4.176 1.523
4.193 1.878
4.176 2.315
4.176 2.831
4.176 3.496
4.176 4.318
4.437 5.322
4.284 6.308
5.312 7.499
7.326 6.904
9.06 2.762
6.354 1.105
4.25 1.0
4.266 1.226
4.204 1.498
4.176 1.845
4.176 2.278
4.176 2.813
4.176 3.474
4.345 4.27
4.444 5.066
4.903 5.939
6.691 6.245
9.255 3.523
7.475 1.409
4.183 1.0
4.183 1.231
4.188 1.516
4.372 1.87
4.243 2.219
4.176 2.724
4.18 3.36
4.41 4.149
4.317 4.861
5.406 5.632
7.386 5.057
8.444 2.023
4.212 1.0
4.212 1.23
4.19 1.514
4.201 1.867
4.204 2.301
4.208 2.834
4.276 3.491
4.234 4.227
4.485 5.195
4.899 6.139
6.283 6.402
8.088 4.204
6.443 1.682
4.239 1.0
4.239 1.228
4.2 1.507
4.198 1.857
4.244 2.27
4.297 2.787
4.176 3.406
4.256 4.13
4.525 5.067
5.572 5.883
7.808 4.968
8.884 1.987
4.201 1.0
4.201 1.232
4.27 1.517
4.241 1.84
4.184 2.233
4.176 2.757
4.245 3.405
4.247 4.136
4.295 5.063
5.003 6.089
6.679 6.197
8.936 3.339
6.712 1.336
4.176 1.0
4.176 1.235
4.176 1.524
4.176 1.882
4.225 2.314
4.194 2.846
4.321 3.51
4.176 4.27
4.42 5.228
5.623 6.097
7.518 5.009
7.32 2.004
4.176 1.0
4.176 1.232
4.176 1.522
4.176 1.88
4.176 2.322
4.176 2.868
4.176 3.544
4.471 4.305
4.281 5.11
4.614 6.256
6.354 6.949
8.808 4.431
7.006 1.772
4.176 1.0
4.176 1.235
4.176 1.525
4.176 1.881
4.251 2.324
4.23 2.852
4.287 3.506
4.176 4.29
4.249 5.194
4.915 6.178
6.503 6.492
8.566 4.053
6.714 1.621
4.176 1.0
4.176 1.235
4.176 1.525
4.176 1.884
4.176 2.327
4.176 2.85
4.195 3.521
4.632 4.267
4.337 4.826
5.051 5.701
7.107 5.543
8.643 2.594
5.007 1.038
4.176 1.044
4.253 1.29
4.202 1.582
4.216 1.95
4.236 2.401
4.176 2.951
4.375 3.625
4.234 4.33
4.614 5.26
5.931 5.819
8.336 4.488
7.41 1.795
4.198 1.0
4.176 1.214
4.176 1.494
4.202 1.842
4.182 2.271
4.176 2.804
4.232 3.432
4.176 4.193
4.352 5.009
4.753 5.988
6.001 6.5
7.654 4.593
6.439 1.837
4.176 1.0
4.176 1.229
4.176 1.519
4.294 1.862
4.245 2.276
4.25 2.768
4.176 3.399
4.23 4.201
4.94 5.06
6.065 5.443
8.425 3.922
8.209 1.569
4.176 1.0
4.176 1.235
4.176 1.526
4.176 1.885
4.176 2.33
4.224 2.825
4.182 3.476
4.205 4.244
4.37 5.105
5.372 5.856
6.996 5.517
8.161 2.508
4.357 1.003
4.176 1.15
4.176 1.399
4.176 1.728
4.176 2.135
4.37 2.599
4.176 3.139
4.344 3.864
4.345 4.592
4.876 5.415
6.28 5.599
8.736 3.546
6.432 1.418
4.178 1.0
4.176 1.229
4.305 1.519
4.23 1.855
4.331 2.282
4.225 2.768
4.239 3.406
4.425 4.156
4.898 4.889
6.689 4.906
8.793 2.632
7.146 1.053
4.176 1.0
4.176 1.235
4.176 1.526
4.176 1.886
4.176 2.33
4.176 2.88
4.3 3.521
4.307 4.219
4.501 5.108
4.598 5.901
5.762 6.828
7.893 5.361
8.019 2.144
4.176 1.0
4.176 1.235
4.176 1.527
4.176 1.886
4.187 2.331
4.218 2.879
4.176 3.545
4.255 4.295
4.393 5.211
4.99 6.24
7.054 6.252
9.028 2.702
6.874 1.081
4.176 1.0
4.176 1.235
4.176 1.526
4.24 1.881
4.176 2.311
4.283 2.856
4.247 3.496
4.214 4.258
4.236 5.229
4.851 6.261
6.511 6.319
8.483 3.791
7.215 1.516
4.176 1.0
4.176 1.235
4.176 1.526
4.176 1.886
4.176 2.305
4.176 2.848
4.176 3.521
4.243 4.339
4.371 5.284
5.373 6.391
7.924 5.971
9.1 2.388
4.792 1.0
4.176 1.054
4.176 1.302
4.176 1.609
4.176 1.984
4.176 2.452
4.216 3.03
4.229 3.731
4.184 4.539
4.358 5.552
4.401 6.636
5.693 7.649
8.141 6.062
8.519 2.425
4.176 1.0
4.176 1.235
4.176 1.526
4.176 1.886
4.176 2.33
4.26 2.851
4.176 3.497
4.319 4.322
4.256 5.2
4.262 6.347
5.294 7.778
7.508 7.269
9.454 2.908
4.806 1.163
4.224 1.237
4.176 1.521
4.176 1.88
4.225 2.316
4.176 2.85
4.176 3.522
4.326 4.312
4.331 5.172
4.487 6.238
4.531 7.175
5.955 7.968
8.415 5.955
8.475 2.382
4.218 1.0
4.302 1.231
4.192 1.492
4.176 1.841
4.258 2.275
4.18 2.767
4.275 3.418
4.176 4.188
4.21 5.12
4.506 6.24
5.73 7.094
8.264 5.854
9.182 2.342
4.312 1.0
4.176 1.22
4.176 1.508
4.331 1.851
4.176 2.255
4.176 2.787
4.259 3.444
4.184 4.226
4.176 5.093
4.584 6.173
5.412 6.981
7.426 6.483
8.596 2.593
4.957 1.037
4.176 1.0
4.176 1.235
4.217 1.521
4.176 1.873
4.176 2.294
4.176 2.831
4.251 3.5
4.345 4.252
4.441 5.119
5.707 5.931
8.247 4.926
8.665 1.97
4.176 1.0
4.176 1.235
4.176 1.526
4.176 1.886
4.179 2.331
4.21 2.88
4.196 3.549
4.176 4.379
4.612 5.364
4.644 6.18
5.98 6.887
8.166 5.112
8.474 2.045
4.18 1.0
4.18 1.235
4.262 1.525
4.21 1.87
4.176 2.293
4.176 2.821
4.176 3.487
4.305 4.267
4.247 5.214
4.728 6.405
6.344 6.783
8.954 4.339
7.036 1.736
4.176 1.0
4.176 1.235
4.176 1.527
4.176 1.881
4.176 2.325
4.176 2.874
4.176 3.552
4.176 4.349
4.221 5.244
4.959 6.333
6.511 6.511
8.809 3.941
5.486 1.576
4.299 1.273
4.176 1.547
4.176 1.912
4.217 2.363
4.246 2.91
4.176 3.574
4.222 4.362
4.176 5.37
4.196 6.58
4.878 7.986
6.817 8.297
9.435 4.563
7.065 1.825
4.176 1.0
4.176 1.235
4.176 1.527
4.176 1.886
4.176 2.331
4.241 2.865
4.176 3.46
4.176 4.277
4.213 5.288
4.515 6.376
5.603 7.392
7.453 6.379
8.749 2.552
4.531 1.021
4.176 1.144
4.176 1.414
4.176 1.747
4.176 2.159
4.176 2.668
4.259 3.298
4.176 4.005
4.216 4.938
4.176 6.078
5.054 7.208
7.011 7.22
9.063 3.232
6.087 1.293
4.176 1.0
4.176 1.236
4.244 1.527
4.176 1.875
4.176 2.318
4.176 2.832
4.176 3.501
4.176 4.328
4.244 5.213
4.708 6.148
6.184 6.743
7.82 4.831
7.48 1.932
4.176 1.0
4.176 1.228
4.176 1.518
4.176 1.857
4.203 2.295
4.176 2.83
4.176 3.473
4.23 4.294
4.277 5.21
4.676 6.307
5.704 7.041
7.689 5.993
8.643 2.397
4.176 1.0
4.176 1.234
4.176 1.525
4.176 1.871
4.251 2.313
4.254 2.839
4.176 3.486
4.332 4.31
4.256 5.129
4.41 6.186
5.838 7.254
8.094 5.854
7.836 2.342
4.176 1.0
4.176 1.236
4.176 1.527
4.176 1.888
4.176 2.334
4.176 2.885
4.211 3.567
4.275 4.313
4.37 5.226
5.318 6.163
7.146 5.81
9.116 2.483
6.473 1.0
4.176 1.0
4.176 1.231
4.176 1.515
4.176 1.856
4.176 2.294
4.18 2.833
4.245 3.502
4.226 4.294
4.414 5.186
5.074 6.081
6.994 6.047
8.944 3.133
5.048 1.253
4.176 1.125
4.177 1.39
4.176 1.717
4.176 2.123
4.176 2.624
4.323 3.244
4.176 3.958
4.424 4.893
4.381 5.76
5.023 6.822
6.645 6.99
8.889 3.809
5.952 1.524
4.176 1.076
4.176 1.33
4.183 1.644
4.196 2.03
4.176 2.505
4.176 3.097
4.326 3.798
4.264 4.589
4.873 5.524
6.401 5.925
8.432 3.629
6.852 1.452
4.176 1.0
4.176 1.236
4.176 1.501
4.176 1.855
4.209 2.293
4.176 2.8
4.176 3.462
4.25 4.281
4.611 5.133
6.06 5.686
8.631 4.305
7.641 1.722
4.176 1.0
4.176 1.236
4.176 1.527
4.176 1.866
4.221 2.307
4.179 2.84
4.25 3.51
4.176 4.232
4.231 5.172
4.418 6.365
5.914 7.469
8.62 5.667
8.92 2.267
4.176 1.0
4.176 1.198
4.217 1.467
4.201 1.806
4.176 2.228
4.176 2.753
4.176 3.404
4.176 4.208
4.392 5.166
4.503 6.161
5.823 6.936
7.797 5.552
8.247 2.221
4.176 1.0
4.176 1.236
4.176 1.527
4.176 1.868
4.176 2.308
4.176 2.854
4.257 3.528
4.176 4.33
4.671 5.293
4.671 5.916
6.015 6.638
7.803 4.938
6.729 1.975
4.184 1.0
4.176 1.235
4.176 1.527
4.176 1.878
4.222 2.322
4.277 2.842
4.23 3.435
4.188 4.18
4.284 5.164
5.343 6.041
7.647 5.437
8.45 2.175
4.176 1.0
4.176 1.236
4.176 1.528
4.176 1.889
4.198 2.327
4.186 2.804
4.23 3.454
4.191 4.237
4.3 5.173
4.945 6.327
6.913 6.491
9.775 3.315
6.471 1.326
4.176 1.0
4.231 1.236
4.214 1.521
4.301 1.873
4.201 2.264
4.286 2.793
4.409 3.391
4.279 4.067
4.892 4.913
6.539 5.167
8.903 3.068
6.879 1.227
4.176 1.0
4.176 1.236
4.176 1.528
4.217 1.889
4.176 2.318
4.176 2.864
4.176 3.541
4.285 4.356
4.311 5.197
4.644 6.212
6.432 6.786
9.546 4.883
7.146 1.953
4.176 1.0
4.176 1.225
4.216 1.502
4.184 1.843
4.176 2.277
4.277 2.798
4.195 3.407
4.308 4.205
4.321 5.138
5.017 6.261
7.013 6.451
8.567 3.077
4.176 1.231
4.176 1.459
4.176 1.804
4.176 2.23
4.176 2.757
4.268 3.408
4.176 4.156
4.234 5.053
4.176 6.178
4.488 7.569
5.46 8.991
7.554 8.002
8.858 3.201
4.176 1.28
4.176 1.583
4.176 1.956
4.176 2.419
4.22 2.99
4.176 3.682
4.282 4.553
4.176 5.513
4.176 6.701
4.262 8.159
5.387 10.012
7.886 9.239
9.404 3.695
4.61 1.478
4.176 1.153
4.176 1.426
4.176 1.762
4.227 2.153
4.176 2.636
4.232 3.258
4.302 4.008
4.344 4.886
5.124 5.846
7.324 5.962
9.742 2.385
6.004 1.0
4.176 1.0
4.176 1.234
4.176 1.526
4.176 1.886
4.176 2.331
4.176 2.871
4.294 3.549
4.69 4.335
6.07 4.845
