4.512 1.0
4.512 1.0
4.512 1.0
4.512 1.018
4.338 1.264
4.59 1.631
4.388 2.035
4.299 2.677
4.291 3.612
4.281 4.853
5.949 6.572
9.856 5.841
13.762 2.336
8.374 1.0
4.176 1.0
4.176 1.042
4.176 1.113
4.176 1.214
4.176 1.347
4.176 1.515
4.176 1.723
4.214 1.976
4.339 2.276
4.255 2.598
4.176 3.07
4.176 3.653
4.355 4.313
4.402 5.049
4.492 5.905
5.324 6.815
7.445 6.208
8.609 2.483
4.191 1.0
4.176 1.182
4.176 1.379
4.283 1.644
4.176 1.909
4.26 2.309
4.176 2.76
4.176 3.37
4.3 4.112
4.239 4.963
4.473 6.073
5.297 7.108
7.169 6.59
8.891 2.677
5.642 1.071
4.176 1.0
4.176 1.203
4.176 1.451
4.19 1.762
4.176 2.149
4.176 2.619
4.191 3.174
4.176 3.872
4.221 4.77
4.531 5.771
6.239 6.64
8.699 4.471
8.494 1.789
4.176 1.0
4.176 1.203
4.211 1.452
4.176 1.762
4.176 2.121
4.176 2.575
4.176 3.162
4.176 3.892
4.285 4.753
4.511 5.548
5.069 6.366
6.817 6.289
8.503 3.534
5.747 1.414
4.185 1.0
4.185 1.217
4.18 1.485
4.176 1.817
4.176 2.229
4.176 2.741
4.176 3.378
4.176 4.173
4.304 5.164
5.001 6.151
6.481 6.303
9.105 3.791
6.953 1.516
4.211 1.0
4.211 1.217
4.19 1.484
4.239 1.817
4.264 2.22
4.176 2.688
4.208 3.307
4.176 4.043
4.479 4.859
5.077 5.629
6.973 5.589
8.994 2.685
6.276 1.074
4.176 1.0
4.176 1.222
4.176 1.495
4.179 1.833
4.176 2.25
4.299 2.767
4.176 3.366
4.204 4.152
4.287 4.942
4.872 5.897
6.368 6.237
8.754 4.017
6.891 1.607
4.176 1.0
4.202 1.224
4.188 1.48
4.176 1.816
4.326 2.233
4.256 2.713
4.22 3.321
4.176 4.079
4.353 5.023
5.526 5.959
7.166 5.454
9.002 2.182
4.526 1.0
4.241 1.119
4.176 1.363
4.176 1.672
4.176 2.055
4.176 2.515
4.222 3.099
4.238 3.8
4.229 4.67
4.176 5.681
4.839 6.873
6.559 7.099
9.247 3.925
7.139 1.57
4.176 1.0
4.176 1.225
4.176 1.503
4.215 1.839
4.176 2.235
4.203 2.752
4.176 3.385
4.176 4.179
4.618 5.129
5.137 5.76
7.589 5.546
9.382 2.218
4.93 1.0
4.176 1.001
4.176 1.228
4.176 1.507
4.176 1.853
4.176 2.267
4.212 2.792
4.196 3.395
4.338 4.141
4.352 4.889
5.807 5.802
7.795 4.782
8.961 1.913
4.176 1.0
4.176 1.226
4.176 1.489
4.176 1.829
4.176 2.25
4.228 2.771
4.176 3.399
4.256 4.184
4.176 5.118
4.499 6.325
5.963 7.084
8.555 5.408
8.087 2.163
4.176 1.0
4.176 1.227
4.176 1.507
4.176 1.853
4.3 2.266
4.176 2.76
4.176 3.403
4.176 4.074
4.263 4.986
4.632 6.008
6.4 6.631
9.004 4.146
7.387 1.658
4.176 1.0
4.176 1.227
4.176 1.507
4.176 1.853
4.176 2.28
4.239 2.808
4.176 3.441
4.191 4.245
4.323 5.234
4.714 6.32
6.09 6.918
8.217 4.923
8.63 1.969
4.185 1.0
4.185 1.227
4.18 1.506
4.176 1.852
4.247 2.279
4.29 2.789
4.353 3.386
4.304 4.111
4.249 4.987
4.627 6.015
6.319 6.584
8.64 4.312
7.665 1.725
4.195 1.0
4.195 1.226
4.184 1.504
4.248 1.849
4.176 2.261
4.176 2.786
4.176 3.434
4.241 4.165
4.429 5.112
4.569 5.992
6.409 6.367
8.599 3.992
6.592 1.597
4.176 1.0
4.176 1.229
4.247 1.512
4.176 1.85
4.176 2.279
4.205 2.81
4.35 3.424
4.325 4.085
4.373 4.932
5.537 5.816
7.709 5.13
8.635 2.052
4.176 1.0
4.176 1.228
4.176 1.508
4.176 1.856
4.176 2.287
4.176 2.802
4.294 3.457
4.273 4.18
4.284 5.071
4.329 6.023
5.441 7.098
7.639 6.358
9.163 2.543
4.489 1.017
4.176 1.083
4.369 1.329
4.238 1.558
4.176 1.901
4.176 2.343
4.176 2.89
4.176 3.567
4.292 4.327
4.402 5.2
5.242 6.065
6.898 5.7
9.064 2.631
6.322 1.052
4.239 1.0
4.239 1.223
4.2 1.498
4.176 1.841
4.176 2.269
4.181 2.799
4.176 3.453
4.306 4.223
4.176 5.157
4.759 6.121
6.295 6.73
8.761 4.393
7.294 1.757
4.176 1.0
4.176 1.231
4.176 1.515
4.176 1.867
4.176 2.301
4.24 2.839
4.326 3.468
4.176 4.21
4.211 5.202
4.495 6.341
5.719 7.298
8.082 6.035
9.18 2.414
4.176 1.0
4.176 1.226
4.176 1.509
4.236 1.859
4.176 2.278
4.228 2.807
4.176 3.422
4.331 4.223
4.176 5.088
4.205 6.146
4.942 7.501
6.872 7.693
9.098 3.975
5.865 1.59
4.176 1.216
4.176 1.497
4.176 1.844
4.176 2.273
4.186 2.802
4.176 3.42
4.176 4.221
4.236 5.188
4.464 6.375
4.534 7.324
5.634 8.389
7.746 6.873
8.635 2.749
4.375 1.1
4.176 1.297
4.297 1.597
4.176 1.93
4.176 2.379
4.327 2.933
4.231 3.531
4.327 4.326
4.176 5.27
4.259 6.414
4.543 7.595
5.535 8.869
7.887 7.38
8.951 2.952
4.176 1.181
4.176 1.454
4.176 1.791
4.176 2.207
4.176 2.721
4.206 3.356
4.176 4.123
4.176 5.09
4.176 6.135
4.351 7.583
5.187 9.1
6.759 8.768
8.631 4.734
6.515 1.894
4.26 1.088
4.244 1.331
4.176 1.631
4.176 2.005
4.241 2.474
4.176 3.036
4.176 3.736
4.252 4.615
4.247 5.647
4.251 6.938
4.843 8.23
6.685 8.502
8.974 4.504
6.655 1.802
4.176 1.0
4.176 1.232
4.176 1.52
4.176 1.875
4.176 2.314
4.215 2.856
4.176 3.516
4.222 4.306
4.332 5.253
4.8 6.304
5.992 6.772
8.073 4.865
7.877 1.946
4.176 1.0
4.176 1.229
4.176 1.512
4.176 1.862
4.176 2.252
4.242 2.71
4.176 3.29
4.213 4.065
4.356 4.999
4.598 5.925
5.618 6.686
7.871 5.412
7.997 2.165
4.176 1.0
4.176 1.233
4.237 1.506
4.176 1.849
4.176 2.263
4.176 2.796
4.194 3.452
4.177 4.235
4.339 5.209
5.114 6.127
6.406 6.106
8.647 3.485
6.847 1.394
4.26 1.0
4.255 1.224
4.228 1.499
4.202 1.836
4.176 2.242
4.176 2.771
4.311 3.425
4.403 4.144
4.515 4.865
5.859 5.635
7.843 4.395
8.061 1.758
4.176 1.0
4.221 1.234
4.225 1.516
4.225 1.826
4.176 2.245
4.256 2.741
4.211 3.334
4.176 4.11
4.276 5.083
4.753 6.086
6.341 6.591
8.672 4.209
7.709 1.683
4.176 1.0
4.176 1.228
4.176 1.51
4.176 1.864
4.176 2.302
4.221 2.844
4.432 3.486
4.176 4.099
4.211 5.021
4.892 6.144
6.62 6.329
8.602 3.895
7.658 1.558
4.176 1.0
4.176 1.233
4.176 1.522
4.176 1.879
4.176 2.32
4.239 2.866
4.198 3.469
4.176 4.214
4.288 5.188
5.116 6.245
7.1 6.415
9.452 2.615
7.07 1.046
4.257 1.0
4.257 1.21
4.176 1.466
4.176 1.801
4.176 2.223
4.338 2.744
4.201 3.341
4.188 4.118
4.311 5.049
4.92 5.924
6.44 6.15
8.563 3.664
6.903 1.466
4.176 1.0
4.176 1.233
4.176 1.522
4.176 1.879
4.176 2.32
4.468 2.865
4.264 3.375
4.245 4.137
4.51 5.083
5.404 6.099
7.004 5.658
8.695 2.689
5.152 1.076
4.176 1.0
4.176 1.234
4.176 1.523
4.176 1.859
4.176 2.282
4.176 2.816
4.212 3.48
4.457 4.252
4.608 4.89
5.643 5.543
7.947 4.609
8.363 1.844
4.176 1.0
4.176 1.209
4.251 1.491
4.176 1.829
4.176 2.258
4.241 2.776
4.231 3.392
4.423 4.139
4.337 4.865
4.435 5.855
6.227 6.711
8.337 4.585
8.031 1.834
4.176 1.0
4.176 1.229
4.176 1.51
4.176 1.864
4.176 2.302
4.176 2.844
4.176 3.44
4.256 4.253
4.333 5.215
5.269 6.32
7.149 5.941
8.787 2.808
5.811 1.123
4.176 1.0
4.176 1.234
4.176 1.507
4.227 1.86
4.176 2.287
4.176 2.795
4.316 3.449
4.216 4.178
4.62 5.148
5.661 5.781
7.629 4.826
7.867 1.931
4.223 1.0
4.223 1.229
4.176 1.51
4.176 1.864
4.176 2.302
4.176 2.798
4.329 3.458
4.176 4.216
4.499 5.081
4.9 5.853
6.604 6.117
8.608 3.839
7.116 1.536
4.176 1.0
4.187 1.234
4.176 1.522
4.182 1.874
4.176 2.287
4.176 2.826
4.176 3.492
4.564 4.263
4.876 4.926
6.451 5.125
8.511 3.077
6.603 1.231
4.176 1.0
4.176 1.234
4.176 1.523
4.176 1.88
4.229 2.322
4.276 2.849
4.176 3.453
4.355 4.267
4.568 5.135
5.513 5.79
7.321 4.954
7.952 1.982
4.176 1.0
4.176 1.113
4.176 1.374
4.23 1.684
4.29 2.048
4.176 2.483
4.176 3.068
4.231 3.783
4.379 4.606
5.681 5.544
7.989 4.731
9.312 1.892
4.176 1.0
4.176 1.233
4.176 1.522
4.176 1.878
4.304 2.318
4.211 2.788
4.223 3.432
4.302 4.223
4.281 5.099
4.761 6.244
5.817 6.794
7.75 5.307
7.607 2.123
4.253 1.0
4.249 1.208
4.176 1.482
4.176 1.829
4.176 2.259
4.297 2.79
4.24 3.377
4.176 4.148
4.356 5.112
4.893 6.088
6.737 6.304
8.945 3.51
6.209 1.404
4.176 1.0
4.176 1.233
4.176 1.522
4.176 1.879
4.299 2.321
4.176 2.816
4.249 3.48
4.394 4.152
4.844 4.871
6.362 5.085
8.454 3.229
6.558 1.292
4.176 1.0
4.176 1.234
4.176 1.524
4.176 1.869
4.176 2.293
4.426 2.833
4.27 3.316
4.368 4.022
5.124 4.737
7.503 4.564
9.42 1.825
4.176 1.0
4.176 1.234
4.176 1.522
4.176 1.879
4.176 2.32
4.226 2.864
4.211 3.51
4.482 4.282
4.328 4.937
4.362 5.923
5.882 7.025
7.936 5.394
8.956 2.158
4.176 1.0
4.176 1.233
4.176 1.522
4.176 1.878
4.176 2.3
4.207 2.833
4.176 3.49
4.249 4.311
4.319 5.247
5.036 6.354
6.692 6.467
8.768 3.674
6.88 1.469
4.176 1.0
4.176 1.234
4.176 1.522
4.222 1.865
4.176 2.267
4.176 2.8
4.176 3.458
4.557 4.265
4.701 5.091
5.436 5.605
7.556 4.787
8.396 1.915
4.176 1.0
4.176 1.221
4.176 1.506
4.229 1.858
4.196 2.283
4.176 2.814
4.176 3.475
4.284 4.293
4.176 5.233
4.444 6.408
5.556 7.415
7.589 6.429
8.861 2.572
4.634 1.029
4.176 1.023
4.176 1.262
4.22 1.552
4.176 1.908
4.236 2.331
4.176 2.863
4.224 3.524
4.267 4.248
4.492 5.207
5.254 6.052
7.318 5.727
9.183 2.291
5.514 1.0
4.176 1.0
4.176 1.234
4.176 1.522
4.176 1.878
4.208 2.319
4.176 2.84
4.414 3.506
4.312 4.111
4.417 4.93
5.494 5.698
7.798 4.95
8.592 1.98
4.213 1.0
4.213 1.229
4.191 1.512
4.238 1.863
4.176 2.287
4.176 2.823
4.243 3.486
4.273 4.235
4.5 5.126
4.848 5.8
6.08 6.045
8.503 4.287
6.885 1.715
4.176 1.0
4.256 1.234
4.176 1.511
4.176 1.866
4.176 2.303
4.176 2.844
4.193 3.491
4.303 4.306
4.631 5.124
5.567 5.684
7.687 4.931
8.614 1.973
4.176 1.0
4.176 1.234
4.182 1.523
4.176 1.878
4.178 2.319
4.318 2.837
4.194 3.46
4.176 4.268
4.381 5.261
5.11 6.256
6.85 6.206
8.764 3.123
5.336 1.249
4.176 1.054
4.176 1.301
4.176 1.605
4.176 1.981
4.21 2.446
4.176 3.011
4.176 3.719
4.198 4.595
4.228 5.666
4.483 6.766
5.791 7.748
8.491 6.168
8.652 2.467
4.203 1.0
4.176 1.203
4.176 1.481
4.176 1.828
4.176 2.256
4.247 2.784
4.279 3.376
4.358 4.098
4.23 4.899
4.638 6.016
5.742 6.733
8.376 5.409
8.67 2.163
4.176 1.0
4.176 1.233
4.176 1.521
4.176 1.877
4.246 2.317
4.176 2.818
4.205 3.464
4.295 4.267
4.325 5.215
4.379 6.233
5.595 7.28
7.691 6.371
8.645 2.549
4.499 1.019
4.176 1.072
4.176 1.323
4.176 1.632
4.193 2.014
4.176 2.47
4.245 3.019
4.296 3.611
4.205 4.381
4.255 5.398
4.36 6.532
5.488 7.81
7.906 6.902
8.746 2.761
4.438 1.104
4.193 1.26
4.243 1.552
4.176 1.904
4.176 2.349
4.237 2.9
4.179 3.485
4.176 4.302
4.176 5.313
4.197 6.563
4.483 7.761
5.679 8.999
8.353 7.419
8.825 2.967
4.176 1.187
4.176 1.464
4.176 1.806
4.176 2.228
4.176 2.749
4.176 3.393
4.176 4.171
4.275 5.15
4.295 6.292
4.506 7.69
5.148 8.946
7.044 8.788
8.932 4.352
5.947 1.741
4.176 1.322
4.214 1.631
4.176 2.006
4.183 2.461
4.241 3.035
4.176 3.726
4.287 4.562
4.26 5.492
4.176 6.733
4.595 8.291
5.553 9.246
7.814 8.048
8.746 3.219
4.211 1.288
4.176 1.583
4.176 1.954
4.176 2.411
4.176 2.963
4.176 3.658
4.191 4.517
4.243 5.57
4.283 6.751
4.338 8.14
4.552 9.791
6.016 11.182
7.956 8.464
8.792 3.385
4.356 1.354
4.176 1.588
4.176 1.959
4.246 2.417
4.229 2.918
4.208 3.585
4.194 4.38
4.252 5.4
4.244 6.623
4.176 8.13
4.192 9.942
4.819 12.129
6.247 13.128
8.469 8.994
7.983 3.598
4.176 1.439
4.176 1.775
4.238 2.19
4.176 2.687
4.188 3.317
4.176 4.09
4.176 5.05
4.176 6.216
4.176 7.678
4.199 9.484
4.789 11.373
6.147 12.342
8.391 8.684
8.295 3.474
4.176 1.39
4.176 1.714
4.176 2.115
4.254 2.61
4.176 3.187
4.19 3.892
4.176 4.774
4.176 5.77
4.315 7.126
4.267 8.564
4.516 10.307
5.566 11.77
7.558 10.245
8.81 4.098
4.301 1.639
4.176 1.965
4.176 2.425
4.176 2.992
4.269 3.693
4.176 4.486
4.176 5.505
4.31 6.797
4.359 8.11
4.246 9.823
4.208 12.051
4.877 14.847
6.308 16.022
8.888 10.383
8.093 4.153
4.176 1.661
4.176 2.049
4.176 2.528
4.176 3.12
4.176 3.85
4.176 4.753
4.176 5.868
4.351 7.245
4.196 8.64
4.176 10.653
4.333 13.052
5.18 15.35
6.988 15.418
9.285 7.175
6.925 2.87
4.176 1.148
4.235 1.407
4.176 1.726
4.181 2.13
4.176 2.627
4.405 3.24
4.227 3.832
4.274 4.664
4.3 5.685
4.49 6.945
5.254 8.159
7.024 7.634
8.522 3.201
4.35 1.28
4.176 1.508
4.201 1.861
4.176 2.277
4.176 2.788
4.223 3.413
4.176 4.187
4.176 5.17
4.198 6.295
4.187 7.73
4.428 9.316
5.358 10.822
7.29 9.649
9.663 3.86
5.611 1.544
4.176 1.189
4.176 1.466
4.176 1.809
4.176 2.233
4.257 2.747
4.263 3.366
4.244 4.049
4.324 4.92
4.645 5.902
5.557 6.653
7.78 5.725
8.002 2.29
4.176 1.0
4.176 1.234
4.176 1.522
4.176 1.879
4.176 2.305
4.213 2.846
4.176 3.501
4.249 4.323
4.316 5.306
4.464 6.319
5.588 7.277
7.432 6.247
8.308 2.499
4.176 1.0
4.176 1.234
4.176 1.515
4.176 1.87
4.176 2.309
4.244 2.851
4.193 3.467
4.308 4.276
4.238 5.167
4.308 6.209
5.336 7.357
7.492 6.763
8.818 2.705
5.5 1.082
4.176 1.0
4.176 1.234
4.176 1.523
4.176 1.881
4.176 2.323
4.176 2.868
4.176 3.523
4.307 4.348
4.231 5.225
4.927 6.335
6.735 6.31
9.207 3.187
6.667 1.275
4.221 1.0
4.176 1.229
4.176 1.517
4.176 1.873
4.176 2.313
4.19 2.857
4.186 3.493
4.352 4.292
5.078 5.128
7.058 5.248
8.841 2.327
4.503 1.0
4.176 1.111
4.176 1.371
4.328 1.692
4.176 2.032
4.176 2.509
4.213 3.099
4.239 3.815
4.279 4.686
4.407 5.633
5.37 6.636
7.237 6.109
8.773 2.444
4.45 1.0
4.176 1.108
4.203 1.367
4.195 1.684
4.176 2.042
4.22 2.521
4.176 3.101
4.216 3.831
4.305 4.683
4.621 5.72
5.605 6.374
8.22 5.398
8.244 2.159
4.176 1.0
4.176 1.234
4.269 1.523
4.176 1.853
4.176 2.285
4.176 2.803
4.349 3.462
4.235 4.118
4.26 4.931
5.169 5.927
7.281 5.955
9.609 2.603
6.426 1.041
4.199 1.0
4.199 1.231
4.185 1.517
4.176 1.871
4.365 2.309
4.176 2.757
4.248 3.405
4.299 4.12
4.285 4.945
4.983 5.975
6.807 6.114
9.226 3.072
6.546 1.229
4.176 1.0
4.176 1.234
4.176 1.523
4.176 1.879
4.176 2.318
4.176 2.862
4.176 3.502
4.176 4.3
4.538 5.271
4.309 6.001
5.653 7.136
7.718 5.983
8.492 2.393
4.206 1.0
4.206 1.217
4.176 1.482
4.176 1.814
4.176 2.221
4.176 2.73
4.234 3.371
4.369 4.1
4.184 4.852
4.707 5.99
6.039 6.596
8.207 4.721
8.166 1.888
4.176 1.0
4.176 1.234
4.176 1.523
4.176 1.88
4.176 2.32
4.256 2.865
4.2 3.512
4.256 4.286
4.234 5.256
4.468 6.459
5.54 7.515
7.228 6.463
9.046 2.585
5.125 1.034
4.176 1.0
4.176 1.234
4.228 1.523
4.206 1.851
4.184 2.279
4.257 2.813
4.282 3.387
4.342 4.086
4.577 4.851
5.906 5.313
7.946 4.04
7.65 1.616
4.176 1.0
4.176 1.234
4.176 1.524
4.176 1.881
4.176 2.323
4.183 2.868
4.211 3.54
4.31 4.36
4.66 5.276
5.233 5.977
7.141 5.625
8.288 2.352
4.403 1.0
4.247 1.174
4.176 1.44
4.241 1.778
4.176 2.182
4.176 2.695
4.529 3.33
4.44 3.857
4.376 4.514
4.895 5.347
6.639 5.643
8.31 3.135
4.758 1.254
4.176 1.297
4.186 1.602
4.176 1.976
4.176 2.44
4.202 3.014
4.223 3.714
4.226 4.543
4.259 5.579
4.188 6.843
4.788 8.318
6.265 8.898
8.358 6.055
8.388 2.422
4.176 1.0
4.209 1.235
4.176 1.52
4.176 1.877
4.176 2.318
4.196 2.863
4.24 3.531
4.272 4.338
4.312 5.312
5.086 6.377
6.93 6.439
9.39 3.148
6.806 1.259
4.176 1.0
4.176 1.234
4.176 1.524
4.176 1.882
4.176 2.324
4.176 2.87
4.185 3.545
4.21 4.349
5.123 5.327
6.763 5.225
8.931 2.958
4.815 1.183
4.176 1.231
4.176 1.519
4.176 1.876
4.176 2.295
4.176 2.831
4.176 3.464
4.267 4.279
4.213 5.243
4.587 6.415
5.199 7.109
7.491 6.685
8.565 2.674
5.052 1.07
4.176 1.017
4.176 1.24
4.244 1.529
4.176 1.877
4.176 2.318
4.242 2.857
4.202 3.509
4.27 4.325
4.521 5.275
5.346 6.099
7.618 5.65
8.98 2.26
4.176 1.0
4.176 1.231
4.176 1.519
4.176 1.875
4.176 2.313
4.176 2.856
4.176 3.527
4.176 4.357
4.188 5.383
4.295 6.493
5.143 7.897
7.106 7.784
9.255 3.462
6.891 1.385
4.176 1.0
4.176 1.234
4.176 1.517
4.176 1.862
4.176 2.299
4.225 2.814
4.176 3.435
4.283 4.206
4.269 4.999
5.499 6.107
7.779 5.365
9.485 2.146
4.397 1.0
4.176 1.137
4.445 1.397
4.28 1.635
4.176 1.973
4.201 2.436
4.176 3.001
4.22 3.669
4.355 4.3
4.276 5.059
4.643 6.147
6.287 6.917
8.873 4.287
7.339 1.715
4.176 1.0
4.176 1.234
4.176 1.523
4.176 1.881
4.176 2.322
4.183 2.867
4.275 3.47
4.176 4.21
4.308 5.201
4.813 6.336
6.117 6.815
8.658 4.933
8.13 1.973
4.176 1.0
4.176 1.234
4.249 1.523
4.176 1.868
4.176 2.306
4.244 2.847
4.176 3.494
4.176 4.315
4.176 5.279
4.691 6.262
5.175 6.847
6.738 6.484
8.166 3.418
4.666 1.367
4.287 1.46
4.176 1.777
4.176 2.194
4.262 2.689
4.176 3.294
4.238 4.068
4.23 4.996
4.312 6.14
4.414 7.494
4.646 8.937
5.633 9.902
7.726 8.291
8.738 3.316
4.176 1.327
4.176 1.584
4.179 1.942
4.176 2.383
4.176 2.942
4.191 3.633
4.278 4.481
4.184 5.407
4.176 6.611
4.422 8.167
4.358 9.55
5.062 11.382
6.756 11.374
9.5 5.816
7.148 2.327
4.176 1.0
4.176 1.201
4.176 1.443
4.176 1.781
4.259 2.199
4.176 2.695
4.254 3.278
4.176 4.021
4.35 4.967
4.458 6.0
5.546 7.026
7.768 6.041
8.62 2.416
4.196 1.0
4.176 1.157
4.188 1.429
4.176 1.762
4.217 2.156
4.23 2.652
4.21 3.26
4.296 4.011
4.356 4.902
4.598 5.851
6.05 6.425
8.468 4.647
8.119 1.859
4.176 1.0
4.176 1.234
4.176 1.516
4.176 1.872
4.176 2.311
4.176 2.854
4.176 3.524
4.236 4.353
4.258 5.348
4.532 6.558
5.176 7.483
7.18 7.163
9.091 2.885
4.183 1.154
4.176 1.311
4.176 1.617
4.176 1.996
4.176 2.464
4.176 3.042
4.315 3.757
4.176 4.549
4.208 5.618
4.367 6.888
4.462 8.318
5.02 9.749
6.712 9.877
8.356 5.805
6.682 2.322
4.176 1.227
4.216 1.502
4.176 1.847
4.176 2.281
4.176 2.816
4.191 3.478
4.176 4.279
4.281 5.286
4.176 6.37
4.562 7.747
5.244 8.844
7.158 8.764
8.106 4.184
4.647 1.674
4.176 1.686
4.176 2.081
4.232 2.569
4.176 3.157
4.176 3.899
4.176 4.815
4.176 5.948
4.22 7.215
4.176 8.878
4.422 10.873
4.638 12.746
6.146 14.17
8.242 10.385
7.951 4.154
4.176 1.662
4.176 2.051
4.176 2.532
4.176 3.127
4.197 3.861
4.176 4.76
4.176 5.811
4.235 7.178
4.358 8.652
4.176 10.373
4.474 12.817
5.405 14.906
7.473 13.665
9.015 5.466
5.793 2.186
4.176 1.563
4.176 1.928
4.176 2.362
4.176 2.916
4.327 3.601
4.176 4.356
4.224 5.348
4.3 6.547
4.176 7.936
4.242 9.705
4.474 11.71
5.391 13.234
7.041 11.978
7.803 5.226
5.015 2.09
4.176 2.038
4.254 2.517
4.176 3.086
4.176 3.812
4.176 4.71
4.221 5.78
4.283 7.035
4.176 8.609
4.176 10.279
4.626 12.626
5.991 13.796
8.439 9.996
8.221 3.998
4.176 1.599
4.203 1.649
4.176 2.031
4.186 2.508
4.225 3.096
4.176 3.807
4.176 4.704
4.255 5.812
4.374 7.073
4.224 8.474
4.29 10.406
5.388 12.476
7.028 11.73
8.984 5.207
6.14 2.083
4.196 1.423
4.248 1.754
4.176 2.152
4.176 2.658
4.176 3.283
4.248 4.057
4.177 4.98
4.468 6.151
4.208 7.191
4.35 8.658
5.439 10.063
7.294 8.775
8.67 3.51
4.338 1.404
4.176 1.677
4.221 2.071
4.176 2.548
4.176 3.147
4.176 3.888
4.317 4.804
4.176 5.862
4.176 7.191
4.22 8.888
4.653 10.432
5.763 11.496
7.787 8.701
8.129 3.48
4.176 1.392
4.176 1.577
4.176 1.947
4.176 2.382
4.176 2.943
4.192 3.635
4.176 4.485
4.219 5.542
4.36 6.822
4.231 8.2
4.307 10.085
4.997 11.665
6.313 11.654
7.693 7.818
6.193 3.127
4.176 1.957
4.176 2.418
4.176 2.987
4.176 3.679
4.391 4.546
4.22 5.354
4.176 6.528
4.176 8.069
4.176 9.887
4.266 11.638
4.724 13.704
5.844 15.023
8.062 11.454
8.859 4.582
4.348 1.833
4.176 2.009
4.176 2.482
4.187 3.066
4.176 3.785
4.176 4.676
4.176 5.779
4.176 7.142
4.226 8.826
4.387 10.744
4.409 12.766
4.796 15.026
5.786 16.332
7.814 12.518
7.958 5.007
4.176 2.003
4.176 2.474
4.176 3.057
4.176 3.777
4.211 4.667
4.263 5.749
4.209 6.993
4.329 8.545
4.176 10.3
4.462 12.732
4.446 14.906
4.874 17.34
6.153 18.749
8.253 12.851
7.608 5.14
4.176 2.056
4.176 2.54
4.239 3.138
4.231 3.856
4.257 4.741
4.176 5.817
4.281 7.19
4.227 8.804
4.31 10.77
4.316 13.155
4.235 15.926
4.867 18.8
6.648 19.493
8.792 11.103
7.568 4.441
4.176 1.776
4.257 2.195
4.176 2.692
4.176 3.326
4.273 4.109
4.298 4.979
4.249 6.086
4.239 7.369
4.348 9.058
4.365 10.762
4.459 12.976
5.278 14.684
7.004 13.818
8.66 6.581
5.559 2.632
4.176 1.939
4.176 2.375
4.244 2.934
4.176 3.604
4.176 4.454
4.204 5.504
4.176 6.786
4.176 8.388
4.316 10.369
4.176 12.553
4.524 15.401
5.808 17.107
8.04 13.461
9.297 5.384
5.433 2.154
4.176 1.917
4.176 2.369
4.176 2.926
4.176 3.616
4.176 4.468
4.176 5.522
4.176 6.816
4.195 8.424
4.176 10.396
4.427 12.625
4.952 14.864
6.392 15.391
8.384 9.797
7.576 3.919
4.176 1.568
4.176 1.937
4.238 2.378
4.176 2.882
4.268 3.556
4.176 4.317
4.176 5.289
4.283 6.537
4.236 7.922
4.211 9.515
4.207 11.626
5.059 14.241
6.946 13.938
9.502 6.191
6.842 2.476
4.176 1.0
4.176 1.235
4.176 1.512
4.191 1.868
4.176 2.306
4.176 2.849
4.257 3.466
4.202 4.238
4.4 5.221
4.656 6.163
6.148 6.643
8.361 4.68
7.573 1.872
4.176 1.0
4.176 1.235
4.176 1.526
4.176 1.886
4.176 2.33
4.176 2.863
4.261 3.498
4.32 4.268
4.434 5.044
4.258 5.882
5.074 7.144
7.06 6.972
9.454 2.819
5.03 1.128
4.176 1.122
4.176 1.37
4.176 1.692
4.176 2.082
4.176 2.573
4.274 3.18
4.176 3.739
4.286 4.622
4.248 5.596
4.929 6.734
6.717 6.79
8.913 3.857
5.523 1.543
4.176 1.281
4.176 1.583
4.18 1.956
4.176 2.416
4.176 2.986
4.176 3.638
4.201 4.497
4.47 5.547
4.256 6.476
4.546 7.769
5.579 9.013
7.937 7.647
9.101 3.059
4.176 1.224
4.176 1.468
4.176 1.814
4.176 2.241
4.176 2.769
4.245 3.422
4.242 4.202
4.176 5.069
4.176 6.188
4.454 7.649
4.874 8.941
6.266 9.566
8.442 6.263
7.07 2.505
4.176 1.016
4.176 1.255
4.176 1.539
4.176 1.901
4.176 2.35
4.176 2.882
4.176 3.562
4.266 4.403
4.232 5.338
4.888 6.47
6.136 6.85
8.623 4.921
7.735 1.968
4.176 1.0
4.176 1.235
4.176 1.526
4.296 1.886
4.176 2.275
4.176 2.811
4.176 3.449
4.176 4.235
4.176 5.05
4.434 6.015
5.622 6.989
8.066 5.892
8.456 2.357
4.229 1.0
4.229 1.222
4.199 1.493
4.242 1.841
4.254 2.256
4.25 2.769
4.308 3.399
4.176 4.141
4.247 5.119
4.697 6.246
5.925 6.818
8.298 5.005
8.258 2.002
4.2 1.0
4.176 1.233
4.176 1.523
4.176 1.882
4.176 2.326
4.176 2.874
4.3 3.552
4.181 4.294
4.22 5.306
4.383 6.447
4.963 7.774
6.841 7.897
