4.68 1.0
4.68 1.0
4.68 1.0
4.68 1.042
4.276 1.246
4.176 1.641
4.176 2.223
4.283 3.004
4.176 4.052
4.299 5.585
5.643 7.547
9.765 7.473
13.791 2.989
8.901 1.196
4.198 1.0
4.198 1.044
4.176 1.115
4.176 1.231
4.202 1.381
4.245 1.569
4.176 1.801
4.306 2.081
4.176 2.372
4.249 2.806
4.176 3.313
4.176 3.88
4.298 4.558
4.725 5.504
5.813 6.174
8.045 4.629
7.572 1.852
4.176 1.0
4.176 1.182
4.176 1.405
4.176 1.688
4.176 2.038
4.176 2.474
4.212 3.018
4.238 3.688
4.176 4.444
4.361 5.328
4.928 6.283
6.272 6.562
8.573 4.357
7.367 1.743
4.176 1.0
4.176 1.196
4.176 1.436
4.23 1.739
4.215 2.112
4.191 2.576
4.371 3.16
4.218 3.76
4.224 4.578
4.416 5.571
5.58 6.506
8.162 5.562
9.134 2.225
4.176 1.0
4.176 1.21
4.176 1.464
4.204 1.782
4.268 2.141
4.189 2.584
4.187 3.168
4.176 3.869
4.376 4.761
4.527 5.575
4.854 6.478
6.274 6.861
8.296 4.45
6.534 1.78
4.176 1.0
4.176 1.219
4.266 1.49
4.176 1.809
4.176 2.221
4.202 2.734
4.176 3.349
4.334 4.004
4.32 4.82
5.364 5.835
7.808 5.472
8.966 2.189
4.176 1.0
4.176 1.219
4.176 1.489
4.176 1.816
4.176 2.222
4.226 2.729
4.203 3.313
4.176 4.076
4.176 5.035
4.602 6.128
5.642 6.878
7.902 5.899
8.886 2.36
4.25 1.0
4.25 1.213
4.204 1.473
4.176 1.801
4.176 2.21
4.225 2.715
4.176 3.329
4.26 4.029
4.355 4.938
4.319 5.818
5.003 6.978
7.269 6.849
9.195 2.74
6.246 1.096
4.176 1.0
4.176 1.223
4.176 1.499
4.176 1.84
4.176 2.262
4.194 2.784
4.176 3.427
4.251 4.182
4.35 5.034
4.608 5.966
6.504 6.559
8.94 4.038
6.381 1.615
4.176 1.0
4.176 1.225
4.176 1.503
4.194 1.831
4.176 2.237
4.176 2.737
4.308 3.376
4.176 4.091
4.351 5.058
5.221 6.051
7.029 5.702
9.536 2.403
6.383 1.0
4.176 1.0
4.176 1.225
4.253 1.503
4.217 1.829
4.307 2.242
4.176 2.706
4.176 3.336
4.333 4.117
4.351 4.962
5.163 5.96
7.307 5.771
9.232 2.308
5.479 1.0
4.176 1.0
4.176 1.226
4.176 1.503
4.176 1.848
4.176 2.273
4.198 2.8
4.266 3.445
4.296 4.176
4.176 5.049
5.373 6.111
6.985 5.589
8.922 2.621
6.057 1.048
4.219 1.0
4.176 1.222
4.176 1.5
4.176 1.824
4.176 2.244
4.281 2.763
4.176 3.374
4.291 4.121
4.198 5.038
4.779 6.111
6.391 6.604
8.648 4.19
7.22 1.676
4.188 1.0
4.188 1.226
4.181 1.504
4.176 1.849
4.283 2.275
4.273 2.727
4.176 3.334
4.179 4.114
4.176 5.079
4.704 6.204
6.316 6.786
9.016 4.797
7.354 1.919
4.176 1.0
4.176 1.227
4.176 1.507
4.176 1.852
4.176 2.278
4.176 2.805
4.182 3.457
4.318 4.237
4.341 5.104
4.597 6.093
5.773 6.893
8.048 5.503
8.666 2.201
4.176 1.0
4.176 1.227
4.176 1.497
4.176 1.835
4.176 2.259
4.176 2.758
4.202 3.369
4.226 4.028
4.322 4.773
4.597 5.754
6.117 6.484
8.679 4.472
7.97 1.789
4.176 1.0
4.24 1.228
4.177 1.5
4.176 1.829
4.176 2.251
4.176 2.748
4.176 3.388
4.414 4.061
4.355 4.829
4.876 5.834
6.144 6.101
8.464 4.239
6.983 1.696
4.176 1.0
4.176 1.229
4.256 1.511
4.176 1.847
4.176 2.275
4.176 2.804
4.176 3.428
4.241 4.139
4.273 5.056
5.033 5.998
6.793 5.988
8.647 3.057
5.491 1.223
4.176 1.031
4.176 1.262
4.176 1.538
4.176 1.865
4.176 2.298
4.185 2.833
4.256 3.494
4.467 4.283
4.259 5.004
4.571 6.039
6.119 6.718
8.318 4.771
8.036 1.908
4.176 1.0
4.176 1.211
4.176 1.485
4.292 1.828
4.176 2.206
4.198 2.719
4.176 3.294
4.25 4.064
4.243 4.976
4.559 5.929
6.003 6.801
8.277 5.087
8.629 2.035
4.176 1.0
4.176 1.23
4.176 1.514
4.176 1.864
4.176 2.298
4.176 2.829
4.2 3.441
4.176 4.231
4.176 5.138
4.526 6.315
5.73 7.21
7.855 5.84
8.671 2.336
4.176 1.0
4.176 1.23
4.176 1.514
4.176 1.856
4.176 2.271
4.228 2.801
4.32 3.439
4.326 4.191
4.262 5.029
4.198 6.081
5.194 7.456
7.341 6.908
9.371 2.763
4.199 1.105
4.281 1.239
4.176 1.504
4.176 1.852
4.176 2.279
4.176 2.809
4.176 3.464
4.33 4.275
4.176 5.114
4.404 6.318
4.64 7.369
6.302 8.231
8.528 5.868
7.79 2.347
4.176 1.0
4.176 1.231
4.176 1.516
4.227 1.867
4.176 2.292
4.176 2.827
4.388 3.488
4.458 4.161
4.499 4.839
4.382 5.635
5.345 6.512
7.764 5.816
8.544 2.326
4.176 1.0
4.176 1.231
4.176 1.516
4.238 1.848
4.32 2.266
4.176 2.735
4.196 3.375
4.18 4.123
4.426 5.091
4.329 5.913
5.673 6.907
7.874 5.513
8.762 2.205
4.176 1.0
4.176 1.225
4.176 1.501
4.176 1.828
4.176 2.218
4.176 2.702
4.182 3.336
4.176 4.118
4.377 5.06
4.746 6.09
6.338 6.427
8.588 4.051
6.563 1.62
4.176 1.0
4.176 1.232
4.22 1.519
4.176 1.864
4.176 2.3
4.249 2.839
4.176 3.484
4.242 4.27
4.299 5.211
4.98 6.241
6.792 6.455
9.024 3.35
5.824 1.34
4.176 1.0
4.176 1.229
4.176 1.512
4.176 1.865
4.176 2.301
4.182 2.841
4.176 3.507
4.24 4.284
4.404 5.132
4.725 5.97
6.037 6.588
8.027 4.938
7.877 1.975
4.176 1.0
4.176 1.232
4.176 1.519
4.244 1.874
4.176 2.273
4.176 2.806
4.237 3.46
4.176 4.252
4.364 5.256
4.509 6.234
5.221 7.216
7.183 6.716
8.713 3.006
4.361 1.202
4.176 1.437
4.176 1.773
4.183 2.176
4.24 2.685
4.276 3.297
4.195 4.037
4.176 4.981
4.217 6.126
4.513 7.55
4.981 8.718
6.475 8.865
8.547 5.339
7.035 2.136
4.176 1.0
4.176 1.233
4.176 1.522
4.176 1.879
4.243 2.32
4.176 2.849
4.231 3.521
4.186 4.332
4.25 5.306
4.608 6.338
5.58 7.103
7.783 5.993
8.821 2.397
4.203 1.0
4.203 1.23
4.187 1.515
4.176 1.868
4.26 2.307
4.176 2.828
4.28 3.495
4.282 4.207
4.381 5.095
4.401 5.886
5.717 6.89
8.155 5.765
8.773 2.306
4.197 1.0
4.176 1.231
4.176 1.518
4.176 1.874
4.176 2.314
4.233 2.858
4.348 3.481
4.433 4.153
4.183 5.018
4.534 6.093
5.71 6.934
7.852 5.679
8.758 2.272
4.176 1.0
4.176 1.222
4.176 1.493
4.176 1.836
4.176 2.254
4.256 2.783
4.24 3.39
4.237 4.124
4.329 5.057
4.863 6.171
6.527 6.533
9.353 3.861
6.981 1.544
4.176 1.0
4.176 1.233
4.176 1.521
4.176 1.877
4.176 2.317
4.176 2.859
4.176 3.532
4.272 4.345
4.378 5.201
4.966 6.036
7.014 6.048
8.55 2.705
5.565 1.082
4.176 1.0
4.176 1.233
4.176 1.522
4.176 1.878
4.176 2.305
4.176 2.847
4.176 3.517
4.395 4.347
4.358 5.143
4.812 6.194
6.248 6.531
8.267 3.992
6.943 1.597
4.193 1.0
4.193 1.232
4.183 1.518
4.176 1.873
4.283 2.314
4.292 2.812
4.285 3.44
4.204 4.195
4.392 5.078
5.367 5.868
7.423 5.293
9.019 2.117
4.176 1.0
4.176 1.234
4.176 1.522
4.176 1.87
4.211 2.273
4.262 2.773
4.217 3.374
4.244 4.097
4.266 5.035
4.541 6.09
5.965 6.79
8.229 4.911
8.281 1.965
4.176 1.0
4.176 1.229
4.176 1.514
4.22 1.868
4.176 2.298
4.176 2.835
4.202 3.503
4.176 4.31
4.176 5.304
4.86 6.485
6.036 6.822
8.414 4.647
8.06 1.859
4.236 1.0
4.236 1.227
4.199 1.506
4.307 1.855
4.242 2.237
4.176 2.747
4.233 3.363
4.277 4.083
4.371 5.002
5.187 5.848
6.887 5.749
8.278 2.8
5.53 1.12
4.176 1.0
4.176 1.234
4.176 1.523
4.217 1.881
4.228 2.315
4.182 2.848
4.358 3.481
4.456 4.156
4.688 4.877
6.044 5.335
8.112 3.893
8.084 1.557
4.176 1.0
4.176 1.234
4.194 1.523
4.176 1.864
4.176 2.303
4.199 2.837
4.197 3.498
4.469 4.281
4.488 4.974
5.526 5.731
7.61 4.983
8.543 1.993
4.297 1.0
4.297 1.213
4.178 1.471
4.176 1.812
4.176 2.238
4.176 2.764
4.176 3.379
4.208 4.098
4.741 4.875
6.01 5.088
8.19 3.629
7.278 1.451
4.176 1.0
4.176 1.234
4.176 1.524
4.176 1.881
4.217 2.324
4.208 2.861
4.176 3.475
4.285 4.285
4.972 5.202
7.296 5.274
9.707 2.11
5.171 1.0
4.263 1.0
4.263 1.215
4.339 1.477
4.213 1.768
4.176 2.137
4.318 2.617
4.203 3.165
4.656 3.866
5.061 4.336
6.777 4.392
8.325 2.46
4.491 1.0
4.186 1.079
4.176 1.33
4.176 1.642
4.399 2.007
4.208 2.372
4.213 2.923
4.424 3.601
4.508 4.303
5.423 4.939
8.075 4.352
8.03 1.741
4.176 1.0
4.176 1.234
4.176 1.511
4.211 1.865
4.191 2.295
4.176 2.831
4.176 3.438
4.218 4.249
4.25 5.232
4.532 6.287
5.88 7.078
7.895 5.395
7.745 2.158
4.176 1.0
4.184 1.234
4.176 1.522
4.176 1.879
4.176 2.32
4.219 2.865
4.221 3.51
4.213 4.294
4.176 5.29
4.344 6.516
5.628 7.655
7.998 6.732
9.3 2.693
5.181 1.077
4.176 1.0
4.176 1.234
4.176 1.523
4.176 1.88
4.176 2.321
4.176 2.867
4.472 3.522
4.362 4.053
4.521 4.672
5.565 5.45
8.017 4.708
8.875 1.883
4.187 1.0
4.176 1.139
4.206 1.405
4.176 1.73
4.176 2.135
4.256 2.627
4.256 3.16
4.237 3.876
4.251 4.763
4.875 5.846
6.319 6.221
8.601 4.079
7.15 1.632
4.176 1.0
4.176 1.233
4.176 1.522
4.176 1.878
4.176 2.319
4.257 2.863
4.351 3.51
4.279 4.203
4.467 5.053
5.365 5.905
7.037 5.552
8.84 2.565
5.765 1.026
4.176 1.0
4.176 1.234
4.176 1.522
4.238 1.863
4.176 2.288
4.176 2.806
4.216 3.427
4.243 4.129
4.568 5.002
5.888 5.688
8.012 4.365
8.081 1.746
4.176 1.0
4.176 1.221
4.305 1.506
4.176 1.821
4.176 2.234
4.176 2.758
4.214 3.378
4.275 4.068
4.239 4.944
4.503 6.051
5.975 7.04
8.296 5.309
8.83 2.124
4.205 1.0
4.205 1.23
4.202 1.514
4.198 1.864
4.353 2.296
4.179 2.766
4.203 3.402
4.278 4.108
4.204 4.829
4.753 5.897
6.837 6.375
8.631 3.183
5.579 1.273
4.176 1.0
4.176 1.223
4.176 1.496
4.2 1.846
4.317 2.274
4.346 2.713
4.176 3.222
4.404 3.892
4.543 4.651
5.479 5.339
7.635 4.621
8.575 1.848
4.176 1.0
4.176 1.234
4.176 1.522
4.176 1.874
4.176 2.313
4.189 2.855
4.176 3.522
4.176 4.286
4.271 5.295
4.555 6.418
5.675 7.414
7.624 6.172
8.74 2.469
4.176 1.0
4.176 1.231
4.212 1.519
4.291 1.85
4.176 2.236
4.236 2.761
4.176 3.392
4.32 4.142
4.176 4.979
4.638 5.776
6.182 6.458
8.63 4.425
7.653 1.77
4.176 1.0
4.176 1.234
4.176 1.522
4.176 1.879
4.176 2.32
4.294 2.843
4.176 3.438
4.237 4.247
4.281 5.219
4.911 6.286
6.679 6.591
9.241 3.865
6.884 1.546
4.176 1.0
4.209 1.234
4.176 1.518
4.176 1.866
4.176 2.284
4.204 2.79
4.176 3.408
4.252 4.21
4.336 5.081
5.314 6.107
7.594 5.551
9.476 2.22
5.201 1.0
4.176 1.0
4.176 1.233
4.176 1.522
4.176 1.87
4.176 2.309
4.227 2.826
4.176 3.448
4.306 4.259
4.44 5.2
5.28 6.049
7.172 5.654
8.942 2.39
5.144 1.0
4.176 1.0
4.176 1.234
4.176 1.522
4.176 1.878
4.176 2.318
4.207 2.851
4.228 3.51
4.206 4.285
4.194 5.28
4.928 6.299
6.284 6.573
8.679 4.539
7.858 1.815
4.176 1.0
4.176 1.234
4.176 1.522
4.176 1.878
4.176 2.318
4.176 2.862
4.176 3.533
4.268 4.334
4.332 5.266
4.282 6.392
5.298 7.652
7.422 7.058
9.634 2.823
4.722 1.129
4.176 1.232
4.176 1.52
4.253 1.875
4.235 2.297
4.226 2.82
4.176 3.461
4.176 4.228
4.176 5.221
4.475 6.295
4.656 7.407
6.096 8.206
8.07 5.615
7.446 2.246
4.176 1.0
4.176 1.234
4.176 1.522
4.176 1.878
4.258 2.318
4.176 2.825
4.205 3.489
4.305 4.231
4.246 5.112
4.498 6.277
5.754 7.236
7.899 5.682
8.475 2.273
4.225 1.0
4.225 1.22
4.197 1.489
4.229 1.834
4.176 2.253
4.176 2.737
4.263 3.344
4.186 4.087
4.426 5.045
5.116 5.948
7.164 5.779
9.099 2.371
5.805 1.0
4.176 1.0
4.176 1.234
4.186 1.516
4.343 1.861
4.176 2.232
4.176 2.726
4.291 3.338
4.176 4.048
4.61 5.001
5.591 5.635
7.827 4.788
8.835 1.915
4.176 1.0
4.176 1.225
4.176 1.502
4.176 1.848
4.176 2.281
4.176 2.817
4.201 3.433
4.208 4.228
4.565 5.043
4.832 5.955
6.72 6.454
8.784 3.495
6.088 1.398
4.176 1.0
4.176 1.234
4.176 1.523
4.176 1.872
4.227 2.311
4.176 2.824
4.563 3.436
4.423 3.906
4.964 4.513
6.404 4.816
8.712 3.003
6.2 1.201
4.176 1.0
4.176 1.234
4.176 1.522
4.176 1.879
4.176 2.32
4.176 2.864
4.258 3.514
4.181 4.199
4.39 5.157
5.272 6.044
7.16 5.679
9.385 2.366
5.644 1.0
4.253 1.0
4.253 1.225
4.266 1.501
4.212 1.822
4.288 2.237
4.176 2.734
4.232 3.377
4.419 4.127
4.616 4.857
5.867 5.503
8.211 4.508
8.758 1.803
4.176 1.0
4.176 1.187
4.176 1.464
4.176 1.807
4.323 2.23
4.176 2.685
4.176 3.315
4.204 4.094
4.632 5.043
4.588 5.653
5.5 6.396
7.72 5.469
7.696 2.188
4.176 1.0
4.176 1.2
4.176 1.48
4.176 1.827
4.176 2.255
4.176 2.784
4.207 3.438
4.249 4.234
4.209 5.196
4.531 6.4
5.807 7.44
8.489 5.706
8.849 2.282
4.182 1.0
4.182 1.233
4.178 1.52
4.176 1.876
4.176 2.315
4.4 2.858
4.308 3.38
4.225 4.074
4.176 5.009
4.506 6.145
5.478 7.038
7.29 6.01
8.352 2.404
4.299 1.0
4.176 1.22
4.176 1.506
4.207 1.858
4.176 2.287
4.176 2.823
4.176 3.463
4.26 4.272
4.239 5.181
4.479 6.345
5.287 7.419
6.905 7.062
8.297 3.574
5.733 1.429
4.176 1.128
4.246 1.391
4.176 1.705
4.176 2.105
4.21 2.584
4.213 3.153
4.281 3.881
4.227 4.72
4.258 5.795
4.495 7.108
5.287 8.144
7.465 7.295
8.69 2.918
4.179 1.167
4.176 1.425
4.245 1.759
4.176 2.134
4.301 2.628
4.176 3.165
4.211 3.909
4.183 4.788
4.29 5.851
4.241 7.156
4.606 8.685
5.794 9.664
8.076 7.518
9.004 3.007
4.176 1.203
4.176 1.484
4.176 1.832
4.227 2.242
4.176 2.755
4.176 3.401
4.176 4.134
4.176 5.106
4.176 6.195
4.5 7.607
5.269 8.845
7.183 8.35
8.923 3.432
5.043 1.373
4.176 1.009
4.192 1.245
4.25 1.534
4.176 1.881
4.176 2.308
4.176 2.831
4.186 3.472
4.536 4.285
4.257 4.91
4.557 6.023
6.005 6.741
8.308 4.729
8.03 1.892
4.176 1.0
4.176 1.234
4.176 1.523
4.176 1.88
4.176 2.321
4.176 2.867
4.176 3.528
4.176 4.336
4.289 5.344
4.32 6.443
5.14 7.663
7.106 7.483
9.29 3.232
5.642 1.293
4.176 1.0
4.199 1.234
4.176 1.52
4.176 1.877
4.176 2.318
4.237 2.862
4.288 3.516
4.254 4.197
4.221 5.107
4.887 6.212
6.843 6.418
9.279 3.287
6.559 1.315
4.176 1.0
4.176 1.234
4.176 1.523
4.232 1.88
4.176 2.278
4.202 2.785
4.176 3.425
4.337 4.156
4.602 4.996
6.252 5.426
9.056 3.617
7.444 1.447
4.196 1.0
4.176 1.232
4.176 1.52
4.176 1.876
4.176 2.316
4.176 2.859
4.237 3.484
4.251 4.231
4.422 5.191
5.123 6.032
6.831 6.142
8.692 3.32
6.076 1.328
4.176 1.0
4.176 1.234
4.176 1.523
4.176 1.871
4.176 2.29
4.176 2.827
4.183 3.487
4.402 4.232
4.241 4.983
4.566 6.113
6.014 6.925
8.235 5.049
8.606 2.02
4.233 1.0
4.233 1.228
4.198 1.507
4.205 1.857
4.176 2.268
4.176 2.783
4.176 3.437
4.422 4.186
4.397 4.937
4.884 5.9
6.888 6.079
8.931 2.93
5.547 1.172
4.176 1.0
4.288 1.224
4.176 1.488
4.312 1.829
4.258 2.214
4.176 2.714
4.176 3.333
4.306 4.117
4.662 5.027
5.838 5.575
7.422 4.492
8.134 1.797
4.192 1.0
4.176 1.222
4.229 1.509
4.176 1.854
4.176 2.283
4.22 2.819
4.365 3.469
4.247 4.145
4.29 5.024
4.791 6.117
6.071 6.477
8.119 4.676
6.985 1.87
4.203 1.0
4.317 1.231
4.186 1.477
4.176 1.822
4.176 2.251
4.176 2.78
4.176 3.429
4.411 4.175
4.643 4.912
5.447 5.561
7.099 4.983
8.032 2.178
4.176 1.0
4.176 1.225
4.176 1.513
4.339 1.868
4.176 2.228
4.253 2.739
4.187 3.36
4.362 4.148
4.55 4.893
5.84 5.587
8.108 4.388
8.479 1.755
4.209 1.0
4.209 1.231
4.189 1.515
4.176 1.869
4.176 2.308
4.224 2.848
4.257 3.471
4.244 4.257
4.258 5.134
4.699 6.213
6.655 6.598
9.475 3.654
6.651 1.462
4.176 1.0
4.176 1.234
4.196 1.524
4.176 1.878
4.176 2.319
4.22 2.864
4.176 3.489
4.176 4.257
4.654 5.214
5.674 5.739
7.682 4.725
8.407 1.89
4.249 1.0
4.176 1.226
4.176 1.51
4.176 1.864
4.204 2.302
4.176 2.835
4.253 3.476
4.2 4.265
4.277 5.258
4.525 6.186
6.289 6.703
8.473 4.496
7.651 1.798
4.176 1.0
4.176 1.234
4.176 1.524
4.217 1.882
4.176 2.315
4.176 2.859
4.212 3.515
4.176 4.329
4.322 5.344
4.742 6.423
6.286 7.095
8.806 4.848
7.342 1.939
4.176 1.0
4.176 1.231
4.176 1.517
4.176 1.871
4.176 2.31
4.176 2.853
4.176 3.486
4.306 4.257
4.21 5.187
4.584 6.35
6.152 7.076
8.57 5.05
7.946 2.02
4.308 1.0
4.224 1.22
4.176 1.499
4.221 1.851
4.176 2.273
4.176 2.807
4.176 3.467
4.176 4.253
4.242 5.253
4.504 6.356
5.236 7.298
7.515 6.687
9.429 2.675
6.255 1.07
4.176 1.0
4.176 1.234
4.176 1.523
4.176 1.868
4.176 2.306
4.176 2.848
4.51 3.428
4.405 4.004
4.227 4.731
4.75 5.738
6.674 6.186
9.089 3.397
7.289 1.359
4.176 1.0
4.176 1.234
4.212 1.518
4.274 1.867
4.189 2.265
4.176 2.741
4.241 3.386
4.176 4.15
4.575 5.127
5.598 5.764
7.634 4.959
8.863 1.984
4.176 1.0
4.176 1.23
4.176 1.513
4.176 1.868
4.176 2.306
4.176 2.814
4.176 3.475
4.228 4.275
4.365 5.256
4.254 6.293
5.102 7.167
6.772 6.945
8.212 3.576
4.812 1.431
4.252 1.52
4.176 1.863
4.176 2.3
4.176 2.839
4.176 3.506
4.176 4.254
4.203 5.254
4.337 6.475
4.176 7.785
4.253 9.619
4.771 11.638
6.248 12.527
8.58 8.062
7.557 3.225
4.176 1.29
4.176 1.592
4.176 1.965
4.176 2.426
4.176 2.996
4.176 3.699
4.176 4.569
4.176 5.579
4.176 6.874
4.21 8.492
4.346 10.193
5.342 12.203
7.45 11.392
9.547 4.557
5.233 1.823
4.176 1.548
4.259 1.91
4.176 2.341
4.184 2.889
4.176 3.565
4.176 4.402
4.248 5.437
4.218 6.672
4.365 8.058
4.268 9.623
5.007 11.657
6.491 11.562
8.573 6.896
7.558 2.758
4.251 1.103
4.219 1.349
4.243 1.643
4.24 2.017
4.176 2.452
4.176 3.028
4.31 3.739
4.272 4.524
4.378 5.541
4.545 6.552
5.605 7.559
8.395 6.265
8.367 2.506
4.176 1.002
4.176 1.237
4.19 1.527
4.176 1.883
4.176 2.325
4.391 2.871
4.227 3.333
4.176 4.098
4.544 5.013
4.5 5.731
5.828 6.549
8.371 5.157
8.035 2.063
4.234 1.0
4.176 1.227
4.176 1.514
4.203 1.869
4.176 2.298
4.176 2.837
4.176 3.504
4.214 4.303
4.398 5.297
4.363 6.241
5.088 7.41
6.612 7.194
8.472 3.865
6.28 1.546
4.237 1.0
4.176 1.228
4.178 1.516
4.176 1.871
4.176 2.31
4.212 2.853
4.243 3.463
4.313 4.221
4.697 5.151
5.909 5.57
7.825 4.153
8.005 1.661
4.176 1.0
4.176 1.223
4.249 1.496
4.224 1.835
4.244 2.257
4.328 2.77
4.246 3.376
4.283 4.121
4.528 4.986
4.654 5.716
6.554 6.241
8.525 3.636
7.549 1.454
4.196 1.0
4.176 1.232
4.176 1.522
4.176 1.855
4.176 2.291
4.176 2.816
4.335 3.479
4.176 4.146
4.508 5.123
5.693 5.764
8.065 4.618
8.748 1.847
4.176 1.0
4.377 1.18
4.227 1.387
4.176 1.705
4.176 2.091
4.262 2.582
4.176 3.132
4.176 3.869
4.241 4.582
4.546 5.628
5.686 6.424
7.343 5.279
7.575 2.112
4.176 1.0
4.176 1.206
4.176 1.489
4.176 1.839
4.266 2.271
4.176 2.756
4.286 3.405
4.271 4.033
4.441 4.942
4.942 5.779
6.742 5.921
8.684 3.126
5.94 1.25
4.176 1.0
4.176 1.235
4.176 1.525
4.176 1.884
4.176 2.327
4.176 2.853
4.176 3.508
4.287 4.302
4.401 5.263
4.626 6.045
6.178 6.696
8.357 4.593
7.646 1.837
4.176 1.0
4.176 1.233
4.176 1.522
4.176 1.88
4.176 2.323
4.176 2.855
4.176 3.527
4.246 4.359
4.274 5.296
4.495 6.291
5.595 7.183
7.527 6.088
8.277 2.435
4.176 1.0
4.176 1.235
4.176 1.513
4.412 1.869
4.176 2.209
4.176 2.73
4.185 3.373
4.176 4.165
4.567 5.018
5.314 5.674
7.174 5.424
8.713 2.454
4.855 1.0
4.176 1.0
4.267 1.235
4.176 1.483
4.176 1.832
4.176 2.263
4.176 2.797
4.226 3.456
4.2 4.252
4.824 5.24
5.532 5.598
7.228 4.952
7.607 2.094
4.176 1.0
4.176 1.229
4.176 1.502
4.222 1.856
4.33 2.284
4.176 2.673
4.176 3.303
4.522 4.083
4.379 4.808
4.991 5.669
7.179 5.715
9.113 2.551
5.984 1.02
4.176 1.0
4.176 1.235
4.176 1.526
4.176 1.886
4.176 2.33
4.176 2.851
4.362 3.488
4.407 4.207
4.741 4.992
5.965 5.288
7.977 3.831
7.389 1.533
4.176 1.0
4.176 1.223
4.176 1.496
4.176 1.849
4.228 2.262
4.258 2.768
4.253 3.332
4.499 4.003
4.569 4.605
6.123 5.281
8.295 3.731
7.555 1.492
4.176 1.0
4.176 1.228
4.176 1.49
4.311 1.842
4.253 2.223
4.277 2.729
4.418 3.312
4.363 3.912
4.567 4.635
5.821 5.213
8.077 4.263
8.252 1.705
4.176 1.0
4.176 1.235
4.176 1.526
4.187 1.886
4.176 2.307
4.176 2.852
4.176 3.451
4.226 4.246
4.543 5.197
4.556 6.019
5.58 6.802
7.691 5.918
8.453 2.367
4.247 1.0
4.176 1.228
4.176 1.517
4.185 1.874
4.23 2.314
4.176 2.847
4.176 3.518
4.176 4.35
4.176 5.29
4.488 6.476
5.908 7.494
8.47 5.687
8.716 2.275
4.176 1.0
4.176 1.235
4.196 1.526
4.176 1.882
4.208 2.308
4.176 2.844
4.237 3.491
4.176 4.292
4.366 5.252
4.75 6.138
6.218 6.816
8.36 4.573
7.273 1.829
4.203 1.0
4.203 1.232
4.187 1.519
4.176 1.875
4.291 2.317
4.187 2.782
4.176 3.39
4.186 4.191
4.181 5.122
5.114 6.158
7.022 6.11
9.482 2.694
4.754 1.078
4.176 1.109
4.176 1.37
4.176 1.693
4.176 2.091
4.176 2.584
4.176 3.17
4.176 3.884
4.176 4.801
4.349 5.916
4.923 6.974
6.848 7.143
8.912 3.685
6.548 1.474
4.176 1.0
4.176 1.231
4.255 1.521
4.217 1.866
4.176 2.298
4.176 2.823
4.248 3.462
4.176 4.167
4.591 5.151
5.554 6.037
7.686 5.152
9.235 2.061
4.176 1.0
4.176 1.235
4.176 1.526
4.176 1.886
4.22 2.33
4.209 2.868
4.227 3.52
4.227 4.315
4.194 5.31
4.322 6.454
5.222 7.571
6.955 7.294
9.013 3.382
5.321 1.353
4.176 1.254
4.23 1.55
4.176 1.905
4.176 2.354
4.239 2.908
4.176 3.573
4.176 4.417
4.214 5.459
4.321 6.714
4.403 8.047
4.702 9.603
6.232 10.534
8.804 7.127
8.48 2.851
4.176 1.14
4.176 1.409
4.176 1.74
4.213 2.15
4.243 2.644
4.19 3.248
4.238 4.009
4.176 4.928
4.212 6.092
4.386 7.506
5.178 8.805
7.068 8.726
8.648 3.749
5.6 1.499
4.244 1.223
4.215 1.502
4.176 1.849
4.176 2.284
4.229 2.794
4.176 3.436
4.256 4.224
4.242 5.184
4.235 6.371
4.301 7.736
4.994 9.333
6.62 9.587
9.232 5.105
7.204 2.042
4.176 1.0
4.176 1.235
4.176 1.526
4.176 1.882
4.176 2.326
4.176 2.874
4.176 3.511
4.241 4.31
4.363 5.262
4.722 6.189
5.902 6.785
8.161 5.056
8.463 2.022
4.176 1.0
4.176 1.235
4.176 1.526
4.176 1.876
4.176 2.319
4.25 2.866
4.223 3.519
4.312 4.332
4.176 5.195
4.807 6.42
6.267 6.885
8.733 4.256
7.04 1.702
4.181 1.0
4.176 1.235
4.176 1.526
4.259 1.886
4.176 2.307
4.234 2.819
4.176 3.466
4.176 4.282
4.176 5.294
5.031 6.358
6.775 6.406
8.947 3.526
5.835 1.411
4.176 1.0
4.176 1.233
4.176 1.524
4.176 1.884
4.209 2.328
4.278 2.869
4.249 3.437
4.363 4.222
4.279 5.056
4.831 6.068
6.487 6.702
9.511 3.999
7.267 1.6
4.176 1.0
4.176 1.235
4.176 1.527
4.251 1.886
4.176 2.316
4.176 2.862
4.222 3.538
4.338 4.266
4.323 5.146
4.409 6.101
5.929 6.965
8.101 5.363
7.891 2.145
4.176 1.0
4.176 1.229
4.176 1.519
4.176 1.877
4.176 2.32
4.301 2.868
4.275 3.437
4.252 4.175
4.471 5.126
4.964 5.939
6.584 6.453
8.978 3.617
7.114 1.447
4.176 1.0
4.176 1.236
4.176 1.527
4.258 1.887
4.219 2.315
4.266 2.829
4.248 3.45
4.176 4.237
4.599 5.239
5.307 5.815
7.227 5.365
8.177 2.26
4.176 1.0
4.176 1.236
4.176 1.527
4.176 1.887
4.176 2.333
4.205 2.857
4.317 3.485
4.258 4.252
4.209 5.132
4.363 6.21
5.475 7.24
7.373 6.737
8.675 2.695
5.489 1.078
4.176 1.0
4.176 1.236
4.176 1.527
4.25 1.888
4.252 2.309
4.176 2.796
4.346 3.436
4.176 4.094
4.56 4.91
5.616 5.667
7.972 4.719
8.262 1.887
4.187 1.0
4.24 1.225
4.176 1.505
4.232 1.861
4.176 2.288
4.176 2.829
4.176 3.483
4.176 4.307
4.219 5.201
4.568 6.407
6.352 7.221
8.83 4.571
8.074 1.829
4.176 1.0
4.176 1.236
4.176 1.527
4.176 1.887
4.176 2.333
4.176 2.883
4.176 3.564
4.384 4.399
4.295 5.242
4.599 6.318
5.635 7.103
7.67 6.017
8.402 2.407
4.176 1.0
4.176 1.236
4.176 1.527
4.176 1.887
4.176 2.332
4.176 2.883
4.31 3.564
4.428 4.304
4.44 5.055
4.356 5.84
5.544 6.723
8.0 5.696
8.51 2.278
4.176 1.0
4.176 1.236
4.176 1.51
4.176 1.867
4.272 2.281
4.176 2.787
4.176 3.446
4.232 4.26
4.311 5.241
4.688 6.286
5.784 7.003
7.818 5.529
8.148 2.212
4.289 1.0
4.205 1.214
4.176 1.496
4.176 1.849
4.176 2.286
4.176 2.826
4.218 3.494
4.232 4.251
4.566 5.179
4.851 6.034
6.643 6.383
9.121 3.316
6.073 1.327
4.176 1.0
4.176 1.236
4.176 1.527
4.176 1.881
4.176 2.316
4.176 2.863
4.308 3.54
4.26 4.325
4.323 5.25
4.546 6.337
5.682 7.138
8.335 5.723
9.391 2.289
4.395 1.0
4.244 1.186
4.176 1.456
4.176 1.8
4.176 2.225
4.176 2.75
4.176 3.399
4.176 4.202
4.474 5.196
4.442 6.087
5.11 7.243
7.344 7.017
8.751 2.855
5.334 1.142
4.176 1.014
4.234 1.253
4.176 1.541
4.176 1.904
4.176 2.354
4.176 2.88
4.176 3.56
4.329 4.336
4.519 5.287
4.936 6.163
6.596 6.283
7.94 3.8
5.688 1.52
4.176 1.215
4.176 1.502
4.176 1.852
4.176 2.289
4.18 2.83
4.257 3.498
4.303 4.294
4.504 5.25
4.497 6.033
6.037 6.845
8.183 4.923
7.588 1.969
4.176 1.0
4.176 1.236
4.176 1.521
4.203 1.881
4.179 2.317
4.197 2.865
4.312 3.531
4.295 4.246
4.5 5.141
5.115 6.065
6.939 6.075
9.481 2.708
5.401 1.083
4.176 1.0
4.176 1.236
4.238 1.528
4.176 1.877
4.214 2.314
4.231 2.851
4.176 3.478
4.33 4.301
4.423 5.246
5.053 6.126
6.929 6.169
8.963 3.131
5.227 1.252
4.176 1.147
4.176 1.418
4.176 1.753
4.202 2.15
4.176 2.652
4.235 3.279
4.176 4.034
4.256 4.951
4.277 6.057
4.833 7.283
7.186 7.612
9.755 3.214
6.467 1.286
4.238 1.0
4.238 1.229
4.2 1.511
4.176 1.864
4.176 2.294
4.222 2.808
4.176 3.422
4.176 4.231
4.217 5.171
4.84 6.207
6.788 6.487
8.636 3.453
5.32 1.381
4.176 1.084
4.176 1.34
4.217 1.657
4.176 2.04
4.309 2.523
4.197 3.082
4.176 3.804
4.212 4.646
4.596 5.727
6.172 6.562
8.389 4.816
7.851 1.927
4.176 1.0
4.176 1.236
4.176 1.521
4.176 1.88
4.23 2.324
4.176 2.86
4.176 3.485
4.181 4.291
4.462 5.212
5.902 6.091
8.879 4.784
8.705 1.914
4.195 1.0
4.176 1.234
4.176 1.525
4.176 1.884
4.176 2.328
4.176 2.828
4.191 3.481
4.325 4.298
4.541 5.174
5.525 5.975
7.937 5.231
9.779 2.093
4.472 1.0
4.176 1.018
4.176 1.258
4.176 1.54
4.176 1.89
4.176 2.336
4.409 2.871
4.41 3.45
5.142 4.08
6.996 3.997
8.708 1.779
4.256 1.0
4.241 1.096
4.222 1.347
4.176 1.644
4.176 2.032
4.182 2.507
4.254 3.098
4.363 3.77
5.427 4.459
7.809 4.11
9.837 1.644
4.937 1.0
4.176 1.0
4.185 1.235
4.188 1.525
4.176 1.879
4.176 2.322
4.176 2.87
4.194 3.508
4.753 4.233
6.832 4.569
9.348 2.369
5.874 1.0
4.257 1.0
4.257 1.227
4.208 1.505
4.176 1.855
4.176 2.293
4.386 2.804
4.176 3.401
4.247 4.157
