0.000 300	1.000 73.560 148.834
0.050 325	1.000 69.920 143.867
0.100 351	1.000 75.004 141.088
0.150 402	1.000 78.449 149.418
0.200 451	1.000 76.559 151.141
0.250 501	1.000 80.797 161.097
0.300 551	1.000 74.903 150.472
0.350 602	1.000 75.383 136.799
0.400 651	1.000 84.110 155.144
0.450 705	1.000 83.930 161.333
0.500 856	1.000 67.707 145.016
0.550 1010	1.000 83.062 150.062
0.600 1716	1.060 82.532 155.145
0.650 6806	1.194 82.780 151.410
0.700 35895	2.764 68.549 116.057
0.750 46309	4.978 67.658 111.587
0.800 68922	11.307 60.813 100.676
0.850 125345	24.524 57.564 89.726
0.900 341071	50.474 68.169 97.113
0.950 9998299	83.146 98.462 99.130
初始发送速率为10Gbps
目标RTT5us
wp = -0.358
wi = -0.06
wd = 0.04
