5145 100.0 100.0
6798 100.0 100.0
8451 100.0 100.0
10104 100.0 100.0
11757 100.0 100.0
13410 100.0 100.0
15063 100.0 100.0
16716 100.0 100.0
18369 100.0 100.0
20022 100.0 100.0
21675 100.0 100.0
23328 100.0 100.0
24981 100.0 100.0
26634 100.0 100.0
28287 100.0 100.0
29940 100.0 100.0
31593 100.0 100.0
33246 100.0 100.0
34899 100.0 100.0
36552 100.0 100.0
38205 100.0 100.0
39858 100.0 100.0
41511 100.0 100.0
43164 100.0 100.0
44817 100.0 100.0
46470 100.0 100.0
48123 100.0 100.0
49776 100.0 100.0
51429 100.0 100.0
53082 100.0 100.0
54735 100.0 100.0
56388 100.0 100.0
58041 100.0 100.0
59694 100.0 100.0
61347 100.0 100.0
63000 100.0 100.0
64653 100.0 100.0
66306 100.0 100.0
67959 100.0 100.0
69612 100.0 100.0
71265 100.0 100.0
72918 100.0 100.0
74571 100.0 100.0
76224 100.0 100.0
77877 100.0 100.0
79530 100.0 100.0
81183 100.0 100.0
82836 100.0 100.0
84489 100.0 100.0
86142 100.0 100.0
87795 100.0 100.0
89448 100.0 100.0
90480 100.0 19.582
16878 19.582 19.582
17369 19.582 19.582
18009 19.582 19.582
18450 19.582 19.582
19749 19.582 19.582
20132 19.582 19.582
20880 19.582 19.582
20880 19.582 19.582
20880 19.582 19.582
19053 19.582 19.582
18792 19.582 9.514
6960 9.514 9.514
6960 9.514 9.514
7482 9.514 9.514
8045 9.514 9.514
8521 9.514 5.571
5307 5.571 5.571
5085 5.571 5.571
4912 5.571 4.317
4188 4.317 4.317
4188 4.317 4.317
4262 4.317 4.797
4327 4.797 4.797
4469 4.797 4.797
4305 4.797 4.878
4599 4.878 4.878
4633 4.878 4.878
4673 4.878 4.556
4590 4.556 4.556
4550 4.556 4.556
4300 4.556 4.539
4228 4.539 4.539
4267 4.539 4.539
4267 4.539 4.747
4354 4.747 4.747
4528 4.747 4.747
4432 4.747 4.655
4399 4.655 4.655
4464 4.655 4.655
4244 4.655 4.408
4232 4.408 4.408
4304 4.408 4.408
4364 4.408 4.565
4380 4.565 4.565
4269 4.565 4.565
4220 4.565 4.584
4381 4.584 4.584
4425 4.584 4.584
4432 4.584 4.617
4542 4.617 4.617
4515 4.617 4.617
4307 4.617 4.552
4386 4.552 4.552
4293 4.552 4.552
4349 4.552 4.679
4188 4.679 4.679
4306 4.679 4.679
4188 4.679 5.055
4201 5.055 5.055
4312 5.055 5.055
4233 5.055 5.029
4217 5.029 5.029
4316 5.029 5.029
4292 5.029 4.944
4381 4.944 4.944
4420 4.944 4.944
4289 4.944 5.007
4190 5.007 5.007
4235 5.007 5.007
4393 5.007 4.92
4325 4.92 4.92
4396 4.92 4.92
4402 4.92 4.898
4393 4.898 4.898
4228 4.898 4.898
4336 4.898 4.917
4293 4.917 4.917
4188 4.917 4.917
4368 4.917 4.955
4531 4.955 4.955
4295 4.955 4.955
4202 4.955 4.888
4213 4.888 4.888
4204 4.888 4.888
4308 4.888 5.066
4188 5.066 5.066
4316 5.066 5.066
4335 5.066 4.923
4216 4.923 4.923
4188 4.923 4.923
4416 4.923 4.953
4335 4.953 4.953
4257 4.953 4.953
4322 4.953 5.141
4258 5.141 5.141
4474 5.141 5.141
4385 5.141 5.241
4214 5.241 5.241
4194 5.241 5.241
4210 5.241 5.21
4375 5.21 5.21
4348 5.21 5.21
4296 5.21 5.162
4263 5.162 5.162
4414 5.162 5.162
4204 5.162 5.162
4463 5.162 5.162
4569 5.162 5.162
4419 5.162 5.133
4255 5.133 5.133
4239 5.133 5.133
4416 5.133 5.002
4272 5.002 5.002
4229 5.002 5.002
4188 5.002 5.076
4262 5.076 5.076
4249 5.076 5.076
4286 5.076 5.194
4476 5.194 5.194
4188 5.194 5.194
4206 5.194 5.14
4410 5.14 5.14
4481 5.14 5.14
4359 5.14 5.061
4188 5.061 5.061
4342 5.061 5.061
4241 5.061 5.099
4695 5.099 5.099
4608 5.099 5.099
4284 5.099 5.266
4299 5.266 5.266
4287 5.266 5.266
4397 5.266 5.02
4201 5.02 5.02
4234 5.02 5.02
4188 5.02 5.053
4405 5.053 5.053
4394 5.053 5.053
4305 5.053 5.373
4282 5.373 5.373
4290 5.373 5.373
4408 5.373 5.331
4490 5.331 5.331
4547 5.331 5.331
4481 5.331 5.21
4321 5.21 5.21
4220 5.21 5.21
4336 5.21 5.18
4188 5.18 5.18
4293 5.18 5.18
4285 5.18 5.367
4516 5.367 5.367
4367 5.367 5.367
4270 5.367 5.318
4366 5.318 5.318
4217 5.318 5.318
4484 5.318 5.355
4188 5.355 5.355
4240 5.355 5.355
4352 5.355 5.321
4375 5.321 5.321
4296 5.321 5.321
4244 5.321 5.311
4252 5.311 5.311
4364 5.311 5.311
4353 5.311 5.274
4320 5.274 5.274
4241 5.274 5.274
4424 5.274 5.416
4415 5.416 5.416
4188 5.416 5.416
4295 5.416 5.353
4350 5.353 5.353
4558 5.353 5.353
4558 5.353 5.336
4242 5.336 5.336
4440 5.336 5.336
4285 5.336 5.382
4237 5.382 5.382
4362 5.382 5.382
4261 5.382 5.435
4266 5.435 5.435
4249 5.435 5.435
4281 5.435 5.453
4374 5.453 5.453
4278 5.453 5.453
4271 5.453 5.434
4350 5.434 5.434
4430 5.434 5.434
4325 5.434 5.376
4188 5.376 5.376
4326 5.376 5.376
4316 5.376 5.293
4393 5.293 5.293
4360 5.293 5.293
4409 5.293 5.199
4375 5.199 5.199
4368 5.199 5.199
4188 5.199 5.243
4188 5.243 5.243
4305 5.243 5.243
4265 5.243 5.327
4224 5.327 5.327
4298 5.327 5.327
4397 5.327 5.411
4588 5.411 5.411
4319 5.411 5.411
4297 5.411 5.377
4292 5.377 5.377
4330 5.377 5.377
4373 5.377 5.266
4403 5.266 5.266
4219 5.266 5.266
4396 5.266 5.249
4650 5.249 5.249
4577 5.249 5.249
4595 5.249 5.21
4291 5.21 5.21
4261 5.21 5.21
4290 5.21 5.209
4205 5.209 5.209
4347 5.209 5.209
4675 5.209 5.367
4271 5.367 5.367
4372 5.367 5.367
4314 5.367 5.328
4414 5.328 5.328
4346 5.328 5.328
4242 5.328 5.329
4296 5.329 5.329
4552 5.329 5.329
4755 5.329 5.455
4564 5.455 5.455
4321 5.455 5.455
4321 5.455 5.198
4228 5.198 5.198
4332 5.198 5.198
4232 5.198 5.233
4270 5.233 5.233
4270 5.233 5.233
4257 5.233 5.248
4474 5.248 5.248
4553 5.248 5.248
4386 5.248 5.23
4370 5.23 5.23
4299 5.23 5.23
4372 5.23 4.849
4449 4.849 4.849
4499 4.849 4.849
4655 4.849 4.93
4494 4.93 4.93
4346 4.93 4.93
4188 4.93 5.182
4459 5.182 5.182
4554 5.182 5.182
4418 5.182 5.087
4322 5.087 5.087
4245 5.087 5.087
4188 5.087 5.11
4332 5.11 5.11
4313 5.11 5.11
4360 5.11 5.144
4327 5.144 5.144
4252 5.144 5.144
4254 5.144 5.169
4289 5.169 5.169
4384 5.169 5.169
4258 5.169 5.129
4297 5.129 5.129
4414 5.129 5.129
4398 5.129 5.046
4485 5.046 5.046
4525 5.046 5.046
4276 5.046 4.838
4328 4.838 4.838
4192 4.838 4.838
4354 4.838 4.849
4392 4.849 4.849
4448 4.849 4.849
4443 4.849 4.988
4235 4.988 4.988
4361 4.988 4.988
4236 4.988 5.15
4270 5.15 5.15
4402 5.15 5.15
4275 5.15 5.008
4318 5.008 5.008
4245 5.008 5.008
4195 5.008 4.997
4298 4.997 4.997
4188 4.997 4.997
4188 4.997 5.186
4479 5.186 5.186
4188 5.186 5.186
4193 5.186 5.288
4328 5.288 5.288
4533 5.288 5.288
4313 5.288 5.165
4263 5.165 5.165
4545 5.165 5.165
4310 5.165 5.147
4259 5.147 5.147
4223 5.147 5.147
4298 5.147 5.201
4191 5.201 5.201
4273 5.201 5.201
4438 5.201 5.462
4299 5.462 5.462
4496 5.462 5.462
4238 5.462 5.414
4582 5.414 5.414
4262 5.414 5.414
4188 5.414 5.297
4367 5.297 5.297
4355 5.297 5.297
4396 5.297 5.384
4308 5.384 5.384
4285 5.384 5.384
4197 5.384 5.413
4600 5.413 5.413
4348 5.413 5.413
4303 5.413 5.414
4373 5.414 5.414
4402 5.414 5.414
4460 5.414 5.263
4326 5.263 5.263
4221 5.263 5.263
4188 5.263 5.255
4252 5.255 5.255
4218 5.255 5.255
4404 5.255 5.329
4504 5.329 5.329
4513 5.329 5.329
4234 5.329 5.396
4213 5.396 5.396
4194 5.396 5.396
4447 5.396 5.298
4390 5.298 5.298
4540 5.298 5.298
4327 5.298 5.319
4442 5.319 5.319
4283 5.319 5.319
4188 5.319 5.484
4309 5.484 5.484
4228 5.484 5.484
4362 5.484 5.372
4334 5.372 5.372
4496 5.372 5.372
4207 5.372 5.401
4360 5.401 5.401
4196 5.401 5.401
4269 5.401 5.436
4465 5.436 5.436
4406 5.436 5.436
4426 5.436 5.414
4310 5.414 5.414
4463 5.414 5.414
4419 5.414 5.374
4289 5.374 5.374
4342 5.374 5.374
4329 5.374 5.392
4350 5.392 5.392
4525 5.392 5.392
4560 5.392 5.359
4258 5.359 5.359
4268 5.359 5.359
4273 5.359 5.269
4439 5.269 5.269
4597 5.269 5.269
4225 5.269 5.287
4227 5.287 5.287
4210 5.287 5.287
4256 5.287 5.412
4325 5.412 5.412
4343 5.412 5.412
4419 5.412 5.43
4276 5.43 5.43
4411 5.43 5.43
4198 5.43 5.426
4444 5.426 5.426
4319 5.426 5.426
4352 5.426 5.401
4274 5.401 5.401
4433 5.401 5.401
4335 5.401 5.464
4372 5.464 5.464
4350 5.464 5.464
4261 5.464 5.525
4188 5.525 5.525
4359 5.525 5.525
4374 5.525 5.403
4188 5.403 5.403
4306 5.403 5.403
4470 5.403 5.512
4209 5.512 5.512
4244 5.512 5.512
4336 5.512 5.476
4267 5.476 5.476
4188 5.476 5.476
4280 5.476 5.388
4300 5.388 5.388
4418 5.388 5.388
4279 5.388 5.414
4374 5.414 5.414
4292 5.414 5.414
4192 5.414 5.498
4326 5.498 5.498
4430 5.498 5.498
4342 5.498 5.369
4473 5.369 5.369
4294 5.369 5.369
4410 5.369 5.268
4344 5.268 5.268
4244 5.268 5.268
4304 5.268 5.24
4223 5.24 5.24
4610 5.24 5.24
4290 5.24 5.433
4282 5.433 5.433
4238 5.433 5.433
4460 5.433 5.295
4692 5.295 5.295
4574 5.295 5.295
4320 5.295 5.046
4373 5.046 5.046
4188 5.046 5.046
4319 5.046 4.969
4479 4.969 4.969
4234 4.969 4.969
4367 4.969 5.226
4199 5.226 5.226
4363 5.226 5.226
4216 5.226 5.162
4381 5.162 5.162
4212 5.162 5.162
4188 5.162 5.144
4239 5.144 5.144
4263 5.144 5.144
4188 5.144 5.319
4275 5.319 5.319
4441 5.319 5.319
4344 5.319 5.289
4323 5.289 5.289
4389 5.289 5.289
4434 5.289 5.151
4494 5.151 5.151
4400 5.151 5.151
4316 5.151 5.025
4325 5.025 5.025
4188 5.025 5.025
4188 5.025 5.079
4205 5.079 5.079
4652 5.079 5.079
4447 5.079 5.16
4281 5.16 5.16
4457 5.16 5.16
4308 5.16 5.091
4388 5.091 5.091
4214 5.091 5.091
4267 5.091 5.027
4336 5.027 5.027
4450 5.027 5.027
4526 5.027 5.196
4537 5.196 5.196
4413 5.196 5.196
4388 5.196 4.953
4399 4.953 4.953
4188 4.953 4.953
4188 4.953 4.846
4212 4.846 4.846
4216 4.846 4.846
4188 4.846 5.093
4456 5.093 5.093
4325 5.093 5.093
4353 5.093 5.028
4637 5.028 5.028
4457 5.028 5.028
4517 5.028 4.899
4273 4.899 4.899
4314 4.899 4.899
4252 4.899 4.809
4267 4.809 4.809
4398 4.809 4.809
4250 4.809 4.822
4188 4.822 4.822
4197 4.822 4.822
4411 4.822 4.936
4356 4.936 4.936
4337 4.936 4.936
4271 4.936 4.894
4188 4.894 4.894
4273 4.894 4.894
4270 4.894 4.941
4316 4.941 4.941
4366 4.941 4.941
4302 4.941 5.115
4317 5.115 5.115
4339 5.115 5.115
4288 5.115 4.955
4330 4.955 4.955
4441 4.955 4.955
4332 4.955 4.763
4284 4.763 4.763
4218 4.763 4.763
4188 4.763 4.845
4286 4.845 4.845
4497 4.845 4.845
4511 4.845 5.038
4408 5.038 5.038
4350 5.038 5.038
4360 5.038 4.853
4470 4.853 4.853
4266 4.853 4.853
4297 4.853 4.582
4287 4.582 4.582
4258 4.582 4.582
4420 4.582 4.694
4249 4.694 4.694
4249 4.694 4.694
4576 4.694 4.919
4351 4.919 4.919
4356 4.919 4.919
4371 4.919 4.794
4334 4.794 4.794
4392 4.794 4.794
4465 4.794 4.779
4455 4.779 4.779
4317 4.779 4.779
4473 4.779 4.828
4271 4.828 4.828
4375 4.828 4.828
4286 4.828 4.782
4376 4.782 4.782
4335 4.782 4.782
4259 4.782 4.758
4199 4.758 4.758
4188 4.758 4.758
4270 4.758 4.714
4325 4.714 4.714
4286 4.714 4.714
4213 4.714 4.779
4271 4.779 4.779
4231 4.779 4.779
4254 4.779 4.624
4300 4.624 4.624
4395 4.624 4.624
4391 4.624 4.671
4525 4.671 4.671
4590 4.671 4.671
4670 4.671 4.529
4506 4.529 4.529
4294 4.529 4.529
4270 4.529 4.441
4374 4.441 4.441
4356 4.441 4.441
4280 4.441 4.58
4542 4.58 4.58
4604 4.58 4.58
4440 4.58 4.199
4516 4.199 4.199
4502 4.199 4.199
4427 4.199 3.737
4242 3.737 3.737
4374 3.737 3.917
4195 3.917 3.917
4218 3.917 4.257
4188 4.257 4.257
4250 4.257 4.257
4464 4.257 4.08
4387 4.08 4.08
4283 4.08 4.08
4188 4.08 4.02
4678 4.02 4.02
4419 4.02 4.023
4513 4.023 4.023
4337 4.023 4.023
4243 4.023 4.086
4381 4.086 4.086
4460 4.086 4.098
4188 4.098 4.098
4257 4.098 4.098
4188 4.098 4.18
4343 4.18 4.18
4256 4.18 4.389
4238 4.389 4.389
4231 4.389 4.389
4423 4.389 4.395
4361 4.395 4.395
4299 4.395 4.395
4453 4.395 4.228
4483 4.228 4.228
4517 4.228 4.228
4507 4.228 4.364
4401 4.364 4.364
4287 4.364 4.364
4188 4.364 4.442
4375 4.442 4.442
4188 4.442 4.442
4297 4.442 4.379
4227 4.379 4.379
4355 4.379 4.379
4396 4.379 4.478
4328 4.478 4.478
4392 4.478 4.478
4394 4.478 4.477
4355 4.477 4.477
4229 4.477 4.477
4265 4.477 4.517
4253 4.517 4.517
4188 4.517 4.517
4188 4.517 4.692
4188 4.692 4.692
4280 4.692 4.692
4320 4.692 4.676
4241 4.676 4.676
4188 4.676 4.676
4188 4.676 4.775
4319 4.775 4.775
4367 4.775 4.775
4468 4.775 4.796
4357 4.796 4.796
4188 4.796 4.796
4397 4.796 4.86
4347 4.86 4.86
4188 4.86 4.86
4312 4.86 4.927
4270 4.927 4.927
4219 4.927 4.927
4370 4.927 4.99
4508 4.99 4.99
4398 4.99 4.99
4327 4.99 4.794
4188 4.794 4.794
4273 4.794 4.794
4429 4.794 4.831
4249 4.831 4.831
4246 4.831 4.831
4325 4.831 4.747
4505 4.747 4.747
4460 4.747 4.747
4553 4.747 4.735
4339 4.735 4.735
4499 4.735 4.735
4237 4.735 4.645
4297 4.645 4.645
4403 4.645 4.645
4393 4.645 4.59
4444 4.59 4.59
4385 4.59 4.59
4292 4.59 4.394
4520 4.394 4.394
4490 4.394 4.394
4367 4.394 4.233
4334 4.233 4.233
4215 4.233 4.233
4382 4.233 4.29
4230 4.29 4.29
4425 4.29 4.29
4400 4.29 4.233
4458 4.233 4.233
4489 4.233 4.233
4423 4.233 4.179
4304 4.179 4.179
4197 4.179 4.179
4245 4.179 4.225
4261 4.225 4.225
4357 4.225 4.225
4357 4.225 4.342
4322 4.342 4.342
4440 4.342 4.342
4188 4.342 4.399
4225 4.399 4.399
4188 4.399 4.399
4188 4.399 4.646
4282 4.646 4.646
4188 4.646 4.646
4400 4.646 4.621
4188 4.621 4.621
4339 4.621 4.621
4229 4.621 4.57
4188 4.57 4.57
4188 4.57 4.57
4330 4.57 4.702
4244 4.702 4.702
4188 4.702 4.702
4307 4.702 4.788
4443 4.788 4.788
4396 4.788 4.788
4315 4.788 4.567
4342 4.567 4.567
4263 4.567 4.567
4199 4.567 4.458
4379 4.458 4.458
4231 4.458 4.458
4322 4.458 4.634
4499 4.634 4.634
4384 4.634 4.634
4493 4.634 4.709
4580 4.709 4.709
4588 4.709 4.709
4216 4.709 4.406
4262 4.406 4.406
4296 4.406 4.406
4265 4.406 4.417
4291 4.417 4.417
4346 4.417 4.417
4188 4.417 4.675
4310 4.675 4.675
4212 4.675 4.675
4264 4.675 4.63
4450 4.63 4.63
4335 4.63 4.63
4481 4.63 4.55
4257 4.55 4.55
4327 4.55 4.55
4258 4.55 4.614
4271 4.614 4.614
4403 4.614 4.614
4337 4.614 4.596
4320 4.596 4.596
4438 4.596 4.596
4444 4.596 4.524
4380 4.524 4.524
4454 4.524 4.524
4535 4.524 4.583
4188 4.583 4.583
4215 4.583 4.583
4203 4.583 4.686
4375 4.686 4.686
4330 4.686 4.686
4337 4.686 4.702
4546 4.702 4.702
4705 4.702 4.702
4330 4.702 4.637
4229 4.637 4.637
4307 4.637 4.637
4379 4.637 4.645
4321 4.645 4.645
4276 4.645 4.645
4271 4.645 4.501
4294 4.501 4.501
4188 4.501 4.501
4281 4.501 4.491
4436 4.491 4.491
4267 4.491 4.491
4366 4.491 4.558
4413 4.558 4.558
4267 4.558 4.558
4268 4.558 4.386
4277 4.386 4.386
4459 4.386 4.386
4453 4.386 4.448
4664 4.448 4.448
4666 4.448 4.448
4446 4.448 4.271
4670 4.271 4.271
4360 4.271 4.271
4478 4.271 4.014
4487 4.014 4.014
4345 4.014 4.014
4255 4.014 4.058
4357 4.058 4.058
4506 4.058 4.21
4359 4.21 4.21
4411 4.21 4.21
4356 4.21 4.264
4294 4.264 4.264
4292 4.264 4.264
4335 4.264 4.157
4321 4.157 4.157
4286 4.157 4.157
4280 4.157 4.29
4319 4.29 4.29
4209 4.29 4.29
4543 4.29 4.446
4414 4.446 4.446
4271 4.446 4.446
4250 4.446 4.313
4188 4.313 4.313
4214 4.313 4.313
4398 4.313 4.149
4440 4.149 4.149
4541 4.149 4.149
4352 4.149 4.187
4279 4.187 4.187
4403 4.187 4.187
4402 4.187 4.145
4534 4.145 4.145
4558 4.145 4.145
4536 4.145 3.895
4440 3.895 3.895
4348 3.895 3.895
4390 3.895 3.823
4271 3.823 3.823
4253 3.823 3.821
4291 3.821 3.821
4483 3.821 3.88
4279 3.88 3.88
4467 3.88 3.866
4282 3.866 3.866
4463 3.866 3.711
4289 3.711 3.711
4234 3.711 3.633
4383 3.633 3.633
4312 3.633 3.753
4284 3.753 3.753
4188 3.753 3.831
4381 3.831 3.831
4306 3.831 3.73
4436 3.73 3.73
4219 3.73 3.666
4188 3.666 3.666
4259 3.666 3.782
4518 3.782 3.782
4515 3.782 3.749
4541 3.749 3.749
4401 3.749 3.749
4215 3.749 3.56
4531 3.56 3.56
4575 3.56 3.536
4496 3.536 3.536
4188 3.536 3.601
4247 3.601 3.601
4343 3.601 3.809
4497 3.809 3.809
4209 3.809 3.74
4208 3.74 3.74
4363 3.74 3.777
4297 3.777 3.777
4188 3.777 3.79
4379 3.79 3.79
4440 3.79 3.687
4395 3.687 3.687
4355 3.687 3.687
4219 3.687 3.546
4326 3.546 3.546
4259 3.546 3.578
4210 3.578 3.578
4579 3.578 3.62
4358 3.62 3.62
4444 3.62 3.417
4450 3.417 3.417
4331 3.417 3.335
4234 3.335 3.335
4373 3.335 3.412
4357 3.412 3.412
4269 3.412 3.395
4192 3.395 3.395
4574 3.395 3.4
4267 3.4 3.4
4332 3.4 3.406
4213 3.406 3.406
4445 3.406 3.491
4337 3.491 3.491
4278 3.491 3.595
4264 3.595 3.595
4290 3.595 3.575
4286 3.575 3.575
4492 3.575 3.573
4309 3.573 3.573
4507 3.573 3.478
4416 3.478 3.478
4331 3.478 3.463
4372 3.463 3.463
4397 3.463 3.517
4222 3.517 3.517
4516 3.517 3.514
4475 3.514 3.514
4264 3.514 3.483
4255 3.483 3.483
4473 3.483 3.526
4207 3.526 3.526
4264 3.526 3.639
4275 3.639 3.639
4222 3.639 3.568
4188 3.568 3.568
4597 3.568 3.632
4349 3.632 3.632
4319 3.632 3.628
4253 3.628 3.628
4188 3.628 3.573
4403 3.573 3.573
4188 3.573 3.558
4602 3.558 3.558
4455 3.558 3.512
4304 3.512 3.512
4385 3.512 3.473
4314 3.473 3.473
4258 3.473 3.663
4465 3.663 3.663
4595 3.663 3.471
4650 3.471 3.471
4394 3.471 3.471
4476 3.471 3.523
4282 3.523 3.523
4352 3.523 3.814
4445 3.814 3.814
4188 3.814 3.907
4364 3.907 3.907
4220 3.907 3.89
4407 3.89 3.89
4370 3.89 3.687
4188 3.687 3.687
4188 3.687 3.755
4188 3.755 3.755
4511 3.755 3.965
4474 3.965 3.965
4314 3.965 3.965
4424 3.965 3.844
4302 3.844 3.844
4283 3.844 3.726
4253 3.726 3.726
4274 3.726 3.717
4417 3.717 3.717
4361 3.717 3.757
4351 3.757 3.757
4458 3.757 3.824
4566 3.824 3.824
4374 3.824 3.631
4241 3.631 3.631
4357 3.631 3.586
4321 3.586 3.586
4241 3.586 3.783
4340 3.783 3.783
4188 3.783 3.89
4328 3.89 3.89
4491 3.89 3.845
4795 3.845 3.845
4607 3.845 3.845
4334 3.845 3.65
4188 3.65 3.65
4319 3.65 3.747
4358 3.747 3.747
4597 3.747 3.907
4503 3.907 3.907
4555 3.907 3.907
4412 3.907 3.705
4461 3.705 3.705
4278 3.705 3.71
4434 3.71 3.71
4188 3.71 3.809
4322 3.809 3.809
4225 3.809 3.929
4349 3.929 3.929
4392 3.929 3.89
4536 3.89 3.89
4374 3.89 3.89
4221 3.89 3.737
4211 3.737 3.737
4188 3.737 4.058
4335 4.058 4.058
4394 4.058 4.262
4334 4.262 4.262
4626 4.262 4.262
4494 4.262 4.077
4504 4.077 4.077
4511 4.077 4.077
4188 4.077 3.951
4188 3.951 3.951
4244 3.951 4.221
4219 4.221 4.221
4452 4.221 4.469
4188 4.469 4.469
4465 4.469 4.469
4428 4.469 4.341
4390 4.341 4.341
4201 4.341 4.341
4188 4.341 4.257
4262 4.257 4.257
4245 4.257 4.257
4339 4.257 4.381
4375 4.381 4.381
4257 4.381 4.381
4285 4.381 4.342
4304 4.342 4.342
4433 4.342 4.342
4426 4.342 4.205
4405 4.205 4.205
4273 4.205 4.205
4320 4.205 4.318
4258 4.318 4.318
4398 4.318 4.318
4188 4.318 4.475
4378 4.475 4.475
4296 4.475 4.475
4436 4.475 4.349
4402 4.349 4.349
4372 4.349 4.349
4386 4.349 4.266
4364 4.266 4.266
4368 4.266 4.266
4247 4.266 4.321
4415 4.321 4.321
4406 4.321 4.321
4254 4.321 4.432
4262 4.432 4.432
4250 4.432 4.432
4349 4.432 4.415
4471 4.415 4.415
4313 4.415 4.415
4274 4.415 4.382
4254 4.382 4.382
4292 4.382 4.382
4281 4.382 4.45
4526 4.45 4.45
4529 4.45 4.45
4443 4.45 4.374
4337 4.374 4.374
4374 4.374 4.374
4357 4.374 4.22
4194 4.22 4.22
4233 4.22 4.22
4285 4.22 4.295
4273 4.295 4.295
4252 4.295 4.295
4188 4.295 4.313
4344 4.313 4.313
4335 4.313 4.313
4484 4.313 4.187
4280 4.187 4.187
4319 4.187 4.187
4286 4.187 4.162
4350 4.162 4.162
4288 4.162 4.162
4194 4.162 4.115
4298 4.115 4.115
4188 4.115 4.115
4188 4.115 4.372
4270 4.372 4.372
4499 4.372 4.372
4655 4.372 4.232
4784 4.232 4.232
4672 4.232 4.232
4670 4.232 4.028
4458 4.028 4.028
4425 4.028 4.028
4474 4.028 4.226
4411 4.226 4.226
4631 4.226 4.226
4395 4.226 4.166
4295 4.166 4.166
4296 4.166 4.166
4503 4.166 4.102
4481 4.102 4.102
4188 4.102 4.102
4188 4.102 4.112
4188 4.112 4.112
4432 4.112 4.329
4278 4.329 4.329
4188 4.329 4.329
4349 4.329 4.236
4225 4.236 4.236
4193 4.236 4.236
4371 4.236 4.279
4188 4.279 4.279
4246 4.279 4.279
4396 4.279 4.454
4371 4.454 4.454
4277 4.454 4.454
4611 4.454 4.486
4399 4.486 4.486
4387 4.486 4.486
4392 4.486 4.341
4489 4.341 4.341
4332 4.341 4.341
4297 4.341 4.332
4290 4.332 4.332
4352 4.332 4.332
4398 4.332 4.455
4363 4.455 4.455
4481 4.455 4.455
4351 4.455 4.316
4328 4.316 4.316
4275 4.316 4.316
4436 4.316 4.363
4412 4.363 4.363
4425 4.363 4.363
4478 4.363 4.42
4262 4.42 4.42
4276 4.42 4.42
4375 4.42 4.352
4188 4.352 4.352
4225 4.352 4.352
4233 4.352 4.5
4504 4.5 4.5
4454 4.5 4.5
4344 4.5 4.134
4380 4.134 4.134
4306 4.134 4.134
4264 4.134 4.165
4188 4.165 4.165
4188 4.165 4.277
4188 4.277 4.277
4188 4.277 4.277
4412 4.277 4.293
4420 4.293 4.293
4540 4.293 4.293
4349 4.293 4.081
4196 4.081 4.081
4401 4.081 4.081
4307 4.081 4.209
4430 4.209 4.209
4504 4.209 4.209
4451 4.209 4.203
4552 4.203 4.203
4492 4.203 4.203
4442 4.203 4.058
4331 4.058 4.058
4266 4.058 4.058
4263 4.058 4.154
4188 4.154 4.154
4188 4.154 4.154
4272 4.154 4.353
4391 4.353 4.353
4377 4.353 4.353
4375 4.353 4.235
4272 4.235 4.235
4188 4.235 4.235
4209 4.235 4.222
4272 4.222 4.222
4493 4.222 4.222
4345 4.222 4.352
4287 4.352 4.352
4324 4.352 4.352
4347 4.352 4.326
4299 4.326 4.326
4426 4.326 4.326
4296 4.326 4.27
4188 4.27 4.27
4288 4.27 4.27
4343 4.27 4.33
4219 4.33 4.33
4316 4.33 4.33
4396 4.33 4.302
4348 4.302 4.302
4624 4.302 4.302
4450 4.302 4.324
4355 4.324 4.324
4205 4.324 4.324
4188 4.324 4.395
4296 4.395 4.395
4257 4.395 4.395
4311 4.395 4.487
4359 4.487 4.487
4207 4.487 4.487
4366 4.487 4.495
4320 4.495 4.495
4452 4.495 4.495
4611 4.495 4.592
4307 4.592 4.592
4410 4.592 4.592
4339 4.592 4.397
4390 4.397 4.397
4270 4.397 4.397
4386 4.397 4.33
4528 4.33 4.33
4531 4.33 4.33
4385 4.33 4.315
4561 4.315 4.315
4286 4.315 4.315
4595 4.315 4.192
4414 4.192 4.192
4308 4.192 4.192
4536 4.192 3.882
4393 3.882 3.882
4324 3.882 3.934
4207 3.934 3.934
4257 3.934 4.174
4263 4.174 4.174
4346 4.174 4.353
4345 4.353 4.353
4413 4.353 4.353
4324 4.353 4.146
4224 4.146 4.146
4264 4.146 4.146
4188 4.146 4.245
4188 4.245 4.245
4221 4.245 4.442
4284 4.442 4.442
4188 4.442 4.442
4313 4.442 4.439
4216 4.439 4.439
4261 4.439 4.439
4298 4.439 4.34
4282 4.34 4.34
4470 4.34 4.34
4492 4.34 4.569
4519 4.569 4.569
4433 4.569 4.569
4526 4.569 4.482
4690 4.482 4.482
4648 4.482 4.482
4375 4.482 4.398
4377 4.398 4.398
4188 4.398 4.398
4188 4.398 4.55
4259 4.55 4.55
4188 4.55 4.55
4269 4.55 4.634
4272 4.634 4.634
4477 4.634 4.634
4365 4.634 4.599
4203 4.599 4.599
4353 4.599 4.599
4198 4.599 4.598
4345 4.598 4.598
4486 4.598 4.598
4212 4.598 4.658
4323 4.658 4.658
4257 4.658 4.658
4333 4.658 4.545
4353 4.545 4.545
4288 4.545 4.545
4479 4.545 4.461
4377 4.461 4.461
4309 4.461 4.461
4497 4.461 4.496
4188 4.496 4.496
4188 4.496 4.496
4356 4.496 4.562
4349 4.562 4.562
4389 4.562 4.562
4401 4.562 4.6
4443 4.6 4.6
4271 4.6 4.6
4190 4.6 4.708
4346 4.708 4.708
4264 4.708 4.708
4239 4.708 4.716
4351 4.716 4.716
4484 4.716 4.716
4375 4.716 4.526
4348 4.526 4.526
4332 4.526 4.526
4188 4.526 4.424
4286 4.424 4.424
4416 4.424 4.424
4457 4.424 4.732
4223 4.732 4.732
4261 4.732 4.732
4246 4.732 4.682
4260 4.682 4.682
4393 4.682 4.682
4515 4.682 4.825
4363 4.825 4.825
4339 4.825 4.825
4243 4.825 4.869
4714 4.869 4.869
4594 4.869 4.869
4529 4.869 4.862
4383 4.862 4.862
4270 4.862 4.862
4188 4.862 4.738
4301 4.738 4.738
4290 4.738 4.738
4504 4.738 4.824
4389 4.824 4.824
4188 4.824 4.824
4416 4.824 4.938
4409 4.938 4.938
4395 4.938 4.938
4644 4.938 5.013
4269 5.013 5.013
4427 5.013 5.013
4341 5.013 4.906
4359 4.906 4.906
4409 4.906 4.906
4461 4.906 4.978
4188 4.978 4.978
4360 4.978 4.978
4414 4.978 5.041
4285 5.041 5.041
4305 5.041 5.041
4420 5.041 5.157
4247 5.157 5.157
4318 5.157 5.157
4204 5.157 5.113
4518 5.113 5.113
4446 5.113 5.113
4188 5.113 5.199
4259 5.199 5.199
4188 5.199 5.199
4423 5.199 5.218
4573 5.218 5.218
4363 5.218 5.218
4345 5.218 5.012
4262 5.012 5.012
4479 5.012 5.012
4263 5.012 5.182
4188 5.182 5.182
4293 5.182 5.182
4456 5.182 5.07
4294 5.07 5.07
4532 5.07 5.07
4493 5.07 4.97
4332 4.97 4.97
4325 4.97 4.97
4414 4.97 5.1
4440 5.1 5.1
4250 5.1 5.1
4203 5.1 5.167
4259 5.167 5.167
4504 5.167 5.167
4383 5.167 5.006
4572 5.006 5.006
4333 5.006 5.006
4244 5.006 4.871
4212 4.871 4.871
4420 4.871 4.871
4303 4.871 4.945
4188 4.945 4.945
4325 4.945 4.945
4366 4.945 5.039
4537 5.039 5.039
4486 5.039 5.039
4658 5.039 5.179
4285 5.179 5.179
4376 5.179 5.179
4607 5.179 4.818
4366 4.818 4.818
4349 4.818 4.818
4434 4.818 4.776
4299 4.776 4.776
4202 4.776 4.776
4323 4.776 4.968
4412 4.968 4.968
4322 4.968 4.968
4440 4.968 5.05
4511 5.05 5.05
4199 5.05 5.05
4276 5.05 4.96
4188 4.96 4.96
4344 4.96 4.96
4305 4.96 4.904
4245 4.904 4.904
4188 4.904 4.904
4334 4.904 4.967
4392 4.967 4.967
4223 4.967 4.967
4225 4.967 4.896
4281 4.896 4.896
4188 4.896 4.896
4294 4.896 4.853
4374 4.853 4.853
4319 4.853 4.853
4423 4.853 4.883
4188 4.883 4.883
4530 4.883 4.883
4311 4.883 4.712
4304 4.712 4.712
4282 4.712 4.712
4574 4.712 4.55
4419 4.55 4.55
4314 4.55 4.55
4371 4.55 4.789
4229 4.789 4.789
4330 4.789 4.789
4365 4.789 4.845
4677 4.845 4.845
4298 4.845 4.845
4344 4.845 4.85
4302 4.85 4.85
4673 4.85 4.85
4529 4.85 4.716
4382 4.716 4.716
4511 4.716 4.716
4406 4.716 4.612
4411 4.612 4.612
4470 4.612 4.612
4188 4.612 4.673
4347 4.673 4.673
4379 4.673 4.673
4428 4.673 4.622
4299 4.622 4.622
4408 4.622 4.622
4262 4.622 4.488
4188 4.488 4.488
4334 4.488 4.488
4202 4.488 4.551
4454 4.551 4.551
4283 4.551 4.551
4498 4.551 4.557
4342 4.557 4.557
4464 4.557 4.557
4260 4.557 4.387
4235 4.387 4.387
4201 4.387 4.387
4367 4.387 4.56
4381 4.56 4.56
4519 4.56 4.56
4569 4.56 4.59
4649 4.59 4.59
4529 4.59 4.59
4759 4.59 4.507
4570 4.507 4.507
4208 4.507 4.507
4418 4.507 4.504
4246 4.504 4.504
4377 4.504 4.504
4502 4.504 4.619
4234 4.619 4.619
4188 4.619 4.619
4302 4.619 4.505
4243 4.505 4.505
4188 4.505 4.505
4303 4.505 4.475
4246 4.475 4.475
4324 4.475 4.475
4746 4.475 4.599
4437 4.599 4.599
4494 4.599 4.599
4252 4.599 4.549
4425 4.549 4.549
4469 4.549 4.549
4351 4.549 4.277
4340 4.277 4.277
4266 4.277 4.277
4347 4.277 3.998
4472 3.998 3.998
4309 3.998 4.004
4247 4.004 4.004
4531 4.004 4.193
4349 4.193 4.193
4358 4.193 4.193
4367 4.193 4.044
4376 4.044 4.044
4394 4.044 4.044
4282 4.044 3.869
4403 3.869 3.869
4188 3.869 4.074
4327 4.074 4.074
4423 4.074 4.333
4371 4.333 4.333
4268 4.333 4.333
4344 4.333 4.203
4326 4.203 4.203
4425 4.203 4.203
4446 4.203 4.142
4405 4.142 4.142
4225 4.142 4.142
4398 4.142 4.202
4460 4.202 4.202
4465 4.202 4.202
4404 4.202 4.059
4283 4.059 4.059
4298 4.059 4.059
4216 4.059 4.018
4309 4.018 4.018
4188 4.018 4.059
4413 4.059 4.059
4190 4.059 4.134
4242 4.134 4.134
4308 4.134 4.06
4287 4.06 4.06
4317 4.06 4.06
4244 4.06 3.914
4307 3.914 3.914
4238 3.914 3.958
4320 3.958 3.958
4404 3.958 4.063
4311 4.063 4.063
4416 4.063 4.063
4358 4.063 3.917
4225 3.917 3.917
4304 3.917 3.917
4495 3.917 3.874
4339 3.874 3.874
4238 3.874 3.874
4388 3.874 3.804
4300 3.804 3.804
4272 3.804 3.909
4252 3.909 3.909
4425 3.909 3.975
4477 3.975 3.975
4337 3.975 3.975
4269 3.975 3.921
4451 3.921 3.921
4349 3.921 3.83
4311 3.83 3.83
4264 3.83 3.847
4310 3.847 3.847
4276 3.847 3.951
4330 3.951 3.951
4313 3.951 3.916
4457 3.916 3.916
4238 3.916 3.925
4188 3.925 3.925
4496 3.925 4.094
4445 4.094 4.094
4585 4.094 4.094
4457 4.094 3.815
4399 3.815 3.815
4188 3.815 3.815
4396 3.815 3.89
4518 3.89 3.89
4320 3.89 3.99
4294 3.99 3.99
4393 3.99 3.916
4277 3.916 3.916
4274 3.916 3.916
4329 3.916 3.912
4368 3.912 3.912
4579 3.912 4.002
4292 4.002 4.002
4502 4.002 4.002
4339 4.002 3.945
4484 3.945 3.945
4270 3.945 3.841
4194 3.841 3.841
4386 3.841 4.036
4323 4.036 4.036
4315 4.036 4.063
4586 4.063 4.063
4432 4.063 3.829
4427 3.829 3.829
4230 3.829 3.829
4215 3.829 3.888
4326 3.888 3.888
4320 3.888 4.087
4195 4.087 4.087
4489 4.087 4.07
4416 4.07 4.07
4451 4.07 4.07
4223 4.07 3.891
4344 3.891 3.891
4293 3.891 3.888
4389 3.888 3.888
4358 3.888 4.12
4234 4.12 4.12
4292 4.12 4.167
4403 4.167 4.167
4243 4.167 4.167
4391 4.167 4.178
4219 4.178 4.178
4188 4.178 4.178
4217 4.178 4.176
4274 4.176 4.176
4315 4.176 4.176
4188 4.176 4.321
4333 4.321 4.321
4436 4.321 4.321
4270 4.321 4.4
4401 4.4 4.4
4439 4.4 4.4
4600 4.4 4.433
4433 4.433 4.433
4567 4.433 4.433
4428 4.433 4.157
4665 4.157 4.157
4549 4.157 4.157
4288 4.157 3.896
4287 3.896 3.896
4268 3.896 3.99
4188 3.99 3.99
4246 3.99 4.16
4245 4.16 4.16
4188 4.16 4.396
4267 4.396 4.396
4232 4.396 4.396
4383 4.396 4.19
4331 4.19 4.19
4207 4.19 4.19
4403 4.19 4.266
4369 4.266 4.266
4188 4.266 4.266
4286 4.266 4.329
4336 4.329 4.329
4406 4.329 4.329
4375 4.329 4.345
4289 4.345 4.345
4217 4.345 4.345
4284 4.345 4.351
4322 4.351 4.351
4567 4.351 4.351
4418 4.351 4.146
4678 4.146 4.146
4580 4.146 4.146
4580 4.146 4.097
4442 4.097 4.097
4275 4.097 4.097
4338 4.097 4.174
4449 4.174 4.174
4377 4.174 4.174
4326 4.174 4.214
4306 4.214 4.214
4361 4.214 4.214
4423 4.214 4.093
4569 4.093 4.093
4422 4.093 4.093
4188 4.093 3.973
4351 3.973 3.973
4453 3.973 4.017
4188 4.017 4.017
4210 4.017 4.017
4472 4.017 4.091
4476 4.091 4.091
4501 4.091 4.091
4310 4.091 3.942
4259 3.942 3.942
4289 3.942 3.865
4223 3.865 3.865
4194 3.865 4.001
4244 4.001 4.001
4293 4.001 4.144
4366 4.144 4.144
4487 4.144 4.144
4188 4.144 4.128
4330 4.128 4.128
4353 4.128 4.218
4242 4.218 4.218
4310 4.218 4.218
4188 4.218 4.223
4469 4.223 4.223
4437 4.223 4.223
4390 4.223 4.159
4630 4.159 4.159
4565 4.159 4.159
4481 4.159 3.935
4448 3.935 3.935
4335 3.935 3.935
4205 3.935 3.859
4188 3.859 3.859
4556 3.859 4.087
4330 4.087 4.087
4364 4.087 4.087
4340 4.087 4.048
4378 4.048 4.048
4257 4.048 4.048
4246 4.048 4.086
4344 4.086 4.086
4299 4.086 4.144
4281 4.144 4.144
4240 4.144 4.144
4355 4.144 4.222
4281 4.222 4.222
4220 4.222 4.222
4335 4.222 4.254
4256 4.254 4.254
4188 4.254 4.254
4188 4.254 4.341
4310 4.341 4.341
4249 4.341 4.341
4439 4.341 4.44
4227 4.44 4.44
4188 4.44 4.44
4188 4.44 4.48
4236 4.48 4.48
4280 4.48 4.48
4272 4.48 4.522
4405 4.522 4.522
4450 4.522 4.522
4432 4.522 4.544
4325 4.544 4.544
4456 4.544 4.544
4277 4.544 4.374
4223 4.374 4.374
4188 4.374 4.374
4188 4.374 4.394
4188 4.394 4.394
4188 4.394 4.394
4188 4.394 4.458
4544 4.458 4.458
4606 4.458 4.458
4565 4.458 4.326
4594 4.326 4.326
4739 4.326 4.326
4491 4.326 4.12
4335 4.12 4.12
4565 4.12 4.12
4619 4.12 4.293
4380 4.293 4.293
4462 4.293 4.293
4352 4.293 4.254
4273 4.254 4.254
4325 4.254 4.254
4267 4.254 4.232
4427 4.232 4.232
4325 4.232 4.232
4249 4.232 4.359
4274 4.359 4.359
4188 4.359 4.359
4539 4.359 4.438
4220 4.438 4.438
4188 4.438 4.438
4261 4.438 4.475
4228 4.475 4.475
4319 4.475 4.475
4363 4.475 4.587
4359 4.587 4.587
4315 4.587 4.587
4421 4.587 4.765
4381 4.765 4.765
4268 4.765 4.765
4241 4.765 4.722
4269 4.722 4.722
4359 4.722 4.722
4442 4.722 4.723
4396 4.723 4.723
4258 4.723 4.723
4386 4.723 4.751
4473 4.751 4.751
4343 4.751 4.751
4232 4.751 4.65
4354 4.65 4.65
4214 4.65 4.65
4192 4.65 4.664
4304 4.664 4.664
4290 4.664 4.664
4353 4.664 4.762
4342 4.762 4.762
4326 4.762 4.762
4188 4.762 4.797
4399 4.797 4.797
4283 4.797 4.797
4421 4.797 4.613
4481 4.613 4.613
4326 4.613 4.613
4263 4.613 4.428
4429 4.428 4.428
4188 4.428 4.428
4265 4.428 4.38
4188 4.38 4.38
4217 4.38 4.38
4190 4.38 4.409
4286 4.409 4.409
4298 4.409 4.409
4188 4.409 4.567
4451 4.567 4.567
4438 4.567 4.567
4188 4.567 4.561
4188 4.561 4.561
4247 4.561 4.561
4203 4.561 4.563
4394 4.563 4.563
4228 4.563 4.563
4366 4.563 4.614
4330 4.614 4.614
4204 4.614 4.614
4282 4.614 4.629
4188 4.629 4.629
4482 4.629 4.629
4339 4.629 4.601
4188 4.601 4.601
4290 4.601 4.601
4321 4.601 4.618
4306 4.618 4.618
4332 4.618 4.618
4723 4.618 4.833
4261 4.833 4.833
4257 4.833 4.833
4567 4.833 4.871
4424 4.871 4.871
4535 4.871 4.871
4268 4.871 4.846
4519 4.846 4.846
4329 4.846 4.846
4306 4.846 4.592
4507 4.592 4.592
4376 4.592 4.592
4425 4.592 4.547
4354 4.547 4.547
4350 4.547 4.547
4191 4.547 4.524
4314 4.524 4.524
4455 4.524 4.524
4442 4.524 4.422
4514 4.422 4.422
4294 4.422 4.422
4463 4.422 4.457
4591 4.457 4.457
4458 4.457 4.457
4635 4.457 4.356
4416 4.356 4.356
4456 4.356 4.356
4435 4.356 4.239
4453 4.239 4.239
4520 4.239 4.239
4664 4.239 4.254
4571 4.254 4.254
4421 4.254 4.254
4500 4.254 4.266
4509 4.266 4.266
4496 4.266 4.266
4497 4.266 4.388
4320 4.388 4.388
4409 4.388 4.388
4423 4.388 4.284
4188 4.284 4.284
4263 4.284 4.284
4188 4.284 4.57
4333 4.57 4.57
4188 4.57 4.57
4323 4.57 4.618
4523 4.618 4.618
4610 4.618 4.618
4749 4.618 4.305
4442 4.305 4.305
4375 4.305 4.305
4328 4.305 4.286
4399 4.286 4.286
4298 4.286 4.286
4484 4.286 4.625
4204 4.625 4.625
4188 4.625 4.625
4304 4.625 4.595
4359 4.595 4.595
4561 4.595 4.595
4317 4.595 4.422
4210 4.422 4.422
4199 4.422 4.422
4188 4.422 4.378
4460 4.378 4.378
4444 4.378 4.378
4442 4.378 4.371
4452 4.371 4.371
4582 4.371 4.371
4415 4.371 4.2
4361 4.2 4.2
4188 4.2 4.2
4262 4.2 4.219
4280 4.219 4.219
4247 4.219 4.219
4303 4.219 4.425
4212 4.425 4.425
4188 4.425 4.425
4228 4.425 4.471
4313 4.471 4.471
4453 4.471 4.471
4417 4.471 4.325
4808 4.325 4.325
4443 4.325 4.325
4294 4.325 4.264
4264 4.264 4.264
4284 4.264 4.264
4466 4.264 4.56
4367 4.56 4.56
4284 4.56 4.56
4373 4.56 4.465
4234 4.465 4.465
4188 4.465 4.465
4380 4.465 4.457
4411 4.457 4.457
4277 4.457 4.457
4341 4.457 4.727
4354 4.727 4.727
4188 4.727 4.727
4345 4.727 4.68
4418 4.68 4.68
4267 4.68 4.68
4300 4.68 4.544
4348 4.544 4.544
4497 4.544 4.544
4569 4.544 4.632
4693 4.632 4.632
4414 4.632 4.632
4359 4.632 4.396
4290 4.396 4.396
4293 4.396 4.396
4223 4.396 4.319
4231 4.319 4.319
4188 4.319 4.319
4188 4.319 4.484
4199 4.484 4.484
4324 4.484 4.484
4218 4.484 4.486
4411 4.486 4.486
4379 4.486 4.486
4606 4.486 4.345
4368 4.345 4.345
4375 4.345 4.345
4340 4.345 4.361
4247 4.361 4.361
4420 4.361 4.361
4383 4.361 4.411
4313 4.411 4.411
4215 4.411 4.411
4245 4.411 4.474
4297 4.474 4.474
4427 4.474 4.474
4545 4.474 4.587
4500 4.587 4.587
4428 4.587 4.587
4382 4.587 4.563
4301 4.563 4.563
4470 4.563 4.563
4269 4.563 4.75
4205 4.75 4.75
4306 4.75 4.75
4257 4.75 4.719
4443 4.719 4.719
4390 4.719 4.719
4381 4.719 4.503
4235 4.503 4.503
4221 4.503 4.503
4516 4.503 4.646
4290 4.646 4.646
4188 4.646 4.646
4235 4.646 4.824
4242 4.824 4.824
4188 4.824 4.824
4439 4.824 4.831
4503 4.831 4.831
4295 4.831 4.831
4379 4.831 4.788
4463 4.788 4.788
4414 4.788 4.788
4264 4.788 4.885
4231 4.885 4.885
4436 4.885 4.885
4406 4.885 4.827
4199 4.827 4.827
4278 4.827 4.827
4374 4.827 4.97
4415 4.97 4.97
4213 4.97 4.97
4375 4.97 5.205
4207 5.205 5.205
4352 5.205 5.205
4417 5.205 4.936
4441 4.936 4.936
4203 4.936 4.936
4490 4.936 5.094
4211 5.094 5.094
4389 5.094 5.094
4311 5.094 5.2
4484 5.2 5.2
4357 5.2 5.2
4249 5.2 5.094
4188 5.094 5.094
4378 5.094 5.094
4395 5.094 5.062
4533 5.062 5.062
4401 5.062 5.062
4191 5.062 5.041
4409 5.041 5.041
4290 5.041 5.041
4372 5.041 5.015
4373 5.015 5.015
4274 5.015 5.015
4357 5.015 5.087
4482 5.087 5.087
4349 5.087 5.087
4437 5.087 5.122
4236 5.122 5.122
4276 5.122 5.122
4219 5.122 5.132
4372 5.132 5.132
4354 5.132 5.132
4254 5.132 5.143
4330 5.143 5.143
4705 5.143 5.143
4489 5.143 5.157
4354 5.157 5.157
4257 5.157 5.157
4307 5.157 5.008
4343 5.008 5.008
4527 5.008 5.008
4244 5.008 5.058
4302 5.058 5.058
4302 5.058 5.058
4249 5.058 5.049
4330 5.049 5.049
4243 5.049 5.049
4346 5.049 5.005
4198 5.005 5.005
4188 5.005 5.005
4455 5.005 5.024
4717 5.024 5.024
4386 5.024 5.024
4217 5.024 4.892
4316 4.892 4.892
4258 4.892 4.892
4555 4.892 5.019
4424 5.019 5.019
4439 5.019 5.019
4355 5.019 4.885
4321 4.885 4.885
4459 4.885 4.885
4267 4.885 4.947
4341 4.947 4.947
4464 4.947 4.947
4378 4.947 4.989
4188 4.989 4.989
4342 4.989 4.989
4485 4.989 5.027
4828 5.027 5.027
4368 5.027 5.027
4200 5.027 4.906
4342 4.906 4.906
4478 4.906 4.906
4188 4.906 4.868
4458 4.868 4.868
4264 4.868 4.868
4277 4.868 4.841
4188 4.841 4.841
4381 4.841 4.841
4429 4.841 4.998
4376 4.998 4.998
4351 4.998 4.998
4226 4.998 5.097
4506 5.097 5.097
4559 5.097 5.097
4589 5.097 4.831
4599 4.831 4.831
4584 4.831 4.831
4371 4.831 4.695
4213 4.695 4.695
4298 4.695 4.695
4423 4.695 5.056
4539 5.056 5.056
4290 5.056 5.056
4306 5.056 5.019
4377 5.019 5.019
4519 5.019 5.019
4592 5.019 4.655
4260 4.655 4.655
4241 4.655 4.655
4420 4.655 4.668
4215 4.668 4.668
4242 4.668 4.668
4506 4.668 4.944
4320 4.944 4.944
4314 4.944 4.944
4387 4.944 4.989
4476 4.989 4.989
4385 4.989 4.989
4204 4.989 4.804
4264 4.804 4.804
4314 4.804 4.804
4419 4.804 4.656
4242 4.656 4.656
4420 4.656 4.656
4288 4.656 4.605
4349 4.605 4.605
4409 4.605 4.605
4256 4.605 4.531
4371 4.531 4.531
4188 4.531 4.531
4281 4.531 4.522
4329 4.522 4.522
4339 4.522 4.522
4272 4.522 4.601
4385 4.601 4.601
4364 4.601 4.601
4398 4.601 4.547
4281 4.547 4.547
4260 4.547 4.547
4245 4.547 4.601
4320 4.601 4.601
4320 4.601 4.601
4276 4.601 4.419
4188 4.419 4.419
4553 4.419 4.419
4320 4.419 4.343
4282 4.343 4.343
4188 4.343 4.343
4322 4.343 4.398
4284 4.398 4.398
4188 4.398 4.398
4404 4.398 4.516
4276 4.516 4.516
4370 4.516 4.516
4353 4.516 4.346
4344 4.346 4.346
4426 4.346 4.346
4496 4.346 4.365
4439 4.365 4.365
4294 4.365 4.365
4284 4.365 4.353
4250 4.353 4.353
4188 4.353 4.353
4248 4.353 4.301
4284 4.301 4.301
4309 4.301 4.301
4422 4.301 4.307
4397 4.307 4.307
4436 4.307 4.307
4466 4.307 4.297
4296 4.297 4.297
4334 4.297 4.297
4557 4.297 4.169
4427 4.169 4.169
4374 4.169 4.169
4438 4.169 4.023
4436 4.023 4.023
4227 4.023 4.023
4395 4.023 4.006
4221 4.006 4.006
4285 4.006 4.006
4375 4.006 3.967
4295 3.967 3.967
4385 3.967 3.967
4524 3.967 4.106
4466 4.106 4.106
4188 4.106 4.106
4339 4.106 4.19
4318 4.19 4.19
4433 4.19 4.19
4233 4.19 4.051
4357 4.051 4.051
4269 4.051 3.925
4332 3.925 3.925
4226 3.925 3.879
4370 3.879 3.879
4361 3.879 3.982
4337 3.982 3.982
4505 3.982 4.018
4358 4.018 4.018
4632 4.018 4.018
4555 4.018 3.913
4518 3.913 3.913
4310 3.913 3.913
4424 3.913 3.762
4331 3.762 3.762
4418 3.762 3.942
4220 3.942 3.942
4254 3.942 3.998
4204 3.998 3.998
4188 3.998 4.177
4188 4.177 4.177
4313 4.177 4.294
4242 4.294 4.294
4322 4.294 4.294
4427 4.294 4.174
4412 4.174 4.174
4475 4.174 4.174
4454 4.174 4.11
4592 4.11 4.11
4473 4.11 4.11
4344 4.11 4.069
4429 4.069 4.069
4356 4.069 4.069
4263 4.069 4.037
4188 4.037 4.037
4213 4.037 4.028
4188 4.028 4.028
4285 4.028 4.018
4525 4.018 4.018
4451 4.018 4.018
4369 4.018 3.963
4549 3.963 3.963
4397 3.963 3.963
4391 3.963 3.878
4417 3.878 3.878
4262 3.878 3.914
4188 3.914 3.914
4435 3.914 4.076
4273 4.076 4.076
4232 4.076 4.076
4438 4.076 4.072
4333 4.072 4.072
4216 4.072 4.072
4350 4.072 4.366
4307 4.366 4.366
4486 4.366 4.366
4491 4.366 4.265
4636 4.265 4.265
4586 4.265 4.265
4441 4.265 4.071
4572 4.071 4.071
4317 4.071 4.071
4417 4.071 4.007
4384 4.007 4.007
4369 4.007 4.007
4533 4.007 4.0
4612 4.0 4.0
4459 4.0 4.0
4354 4.0 3.937
4528 3.937 3.937
4356 3.937 3.937
4224 3.937 3.889
4208 3.889 3.889
4316 3.889 3.923
4341 3.923 3.923
4284 3.923 3.917
4373 3.917 3.917
4411 3.917 3.866
4323 3.866 3.866
4325 3.866 3.866
4188 3.866 3.764
4263 3.764 3.764
4411 3.764 3.854
4296 3.854 3.854
4209 3.854 3.854
4450 3.854 3.854
4234 3.854 3.762
4271 3.762 3.762
4189 3.762 3.76
4321 3.76 3.76
4435 3.76 3.858
4324 3.858 3.858
4458 3.858 3.852
4336 3.852 3.852
4398 3.852 3.89
4245 3.89 3.89
4197 3.89 3.889
4328 3.889 3.889
4289 3.889 3.905
4254 3.905 3.905
4188 3.905 3.969
4317 3.969 3.969
4349 3.969 3.913
4405 3.913 3.913
4387 3.913 3.91
4188 3.91 3.91
4432 3.91 3.933
4188 3.933 3.933
4328 3.933 3.994
4327 3.994 3.994
4254 3.994 3.994
4357 3.994 3.856
4318 3.856 3.856
4331 3.856 3.856
4306 3.856 3.911
4188 3.911 3.911
4218 3.911 4.054
4358 4.054 4.054
4449 4.054 3.95
4439 3.95 3.95
4279 3.95 3.95
4206 3.95 3.937
4235 3.937 3.937
4440 3.937 4.063
4507 4.063 4.063
4327 4.063 4.063
4345 4.063 4.056
4258 4.056 4.056
4188 4.056 4.056
4205 4.056 4.153
4349 4.153 4.153
4261 4.153 4.153
4543 4.153 4.142
4570 4.142 4.142
4472 4.142 4.142
4455 4.142 3.974
4301 3.974 3.974
4206 3.974 3.974
4354 3.974 4.103
4368 4.103 4.103
4456 4.103 4.103
4507 4.103 4.129
4313 4.129 4.129
4412 4.129 4.129
4535 4.129 4.136
4229 4.136 4.136
4261 4.136 4.136
4684 4.136 4.294
4492 4.294 4.294
4315 4.294 4.294
4512 4.294 4.229
4456 4.229 4.229
4347 4.229 4.229
4309 4.229 4.217
4413 4.217 4.217
4344 4.217 4.217
4583 4.217 4.378
4188 4.378 4.378
4190 4.378 4.378
4355 4.378 4.441
4263 4.441 4.441
4208 4.441 4.441
4221 4.441 4.37
4188 4.37 4.37
4203 4.37 4.37
4700 4.37 4.87
4364 4.87 4.87
4188 4.87 4.87
4225 4.87 4.871
4272 4.871 4.871
4314 4.871 4.871
4522 4.871 4.791
4595 4.791 4.791
4468 4.791 4.791
4188 4.791 4.926
4243 4.926 4.926
4262 4.926 4.926
4343 4.926 4.909
4188 4.909 4.909
4288 4.909 4.909
4327 4.909 5.104
4226 5.104 5.104
4219 5.104 5.104
4483 5.104 5.247
4765 5.247 5.247
4714 5.247 5.247
4445 5.247 4.923
4241 4.923 4.923
4397 4.923 4.923
4503 4.923 4.737
4256 4.737 4.737
4310 4.737 4.737
4375 4.737 5.017
4324 5.017 5.017
4188 5.017 5.017
4364 5.017 5.062
4543 5.062 5.062
4471 5.062 5.062
4228 5.062 4.874
4393 4.874 4.874
4413 4.874 4.874
4537 4.874 5.003
4395 5.003 5.003
4289 5.003 5.003
4410 5.003 5.016
4407 5.016 5.016
4206 5.016 5.016
4208 5.016 4.956
4266 4.956 4.956
4350 4.956 4.956
4354 4.956 4.918
4444 4.918 4.918
4283 4.918 4.918
4299 4.918 4.841
4325 4.841 4.841
4420 4.841 4.841
4325 4.841 4.872
4188 4.872 4.872
4188 4.872 4.872
4313 4.872 4.82
4307 4.82 4.82
4243 4.82 4.82
4330 4.82 4.93
4196 4.93 4.93
4281 4.93 4.93
4188 4.93 4.873
4304 4.873 4.873
4286 4.873 4.873
4324 4.873 4.795
4335 4.795 4.795
4503 4.795 4.795
4595 4.795 4.768
4269 4.768 4.768
4380 4.768 4.768
4188 4.768 4.864
4188 4.864 4.864
4422 4.864 4.864
4316 4.864 4.951
4188 4.951 4.951
4377 4.951 4.951
4443 4.951 4.826
4596 4.826 4.826
4649 4.826 4.826
4458 4.826 4.472
4395 4.472 4.472
4244 4.472 4.472
4360 4.472 4.303
4198 4.303 4.303
4257 4.303 4.303
4253 4.303 4.654
4188 4.654 4.654
4311 4.654 4.654
4188 4.654 4.805
4326 4.805 4.805
4264 4.805 4.805
4282 4.805 4.701
4383 4.701 4.701
4188 4.701 4.701
4312 4.701 4.754
4562 4.754 4.754
4291 4.754 4.754
4264 4.754 4.715
4188 4.715 4.715
4203 4.715 4.715
4454 4.715 4.706
4300 4.706 4.706
4306 4.706 4.706
4459 4.706 4.807
4332 4.807 4.807
4618 4.807 4.807
4283 4.807 4.809
4357 4.809 4.809
4395 4.809 4.809
4560 4.809 4.813
4510 4.813 4.813
4688 4.813 4.813
4356 4.813 4.701
4301 4.701 4.701
4326 4.701 4.701
4293 4.701 4.503
4196 4.503 4.503
4347 4.503 4.503
4439 4.503 4.625
4321 4.625 4.625
4257 4.625 4.625
4238 4.625 4.652
4368 4.652 4.652
4253 4.652 4.652
4354 4.652 4.574
4308 4.574 4.574
4286 4.574 4.574
4235 4.574 4.623
4307 4.623 4.623
4188 4.623 4.623
4303 4.623 4.602
4321 4.602 4.602
4477 4.602 4.602
4344 4.602 4.485
4422 4.485 4.485
4236 4.485 4.485
4442 4.485 4.697
4345 4.697 4.697
4188 4.697 4.697
4333 4.697 4.652
4188 4.652 4.652
4389 4.652 4.652
4188 4.652 4.708
4302 4.708 4.708
4432 4.708 4.708
4238 4.708 4.654
4429 4.654 4.654
4606 4.654 4.654
4349 4.654 4.717
4400 4.717 4.717
4382 4.717 4.717
4190 4.717 4.547
4227 4.547 4.547
4199 4.547 4.547
4250 4.547 4.607
4385 4.607 4.607
4381 4.607 4.607
4382 4.607 4.608
4407 4.608 4.608
4407 4.608 4.608
4322 4.608 4.544
4404 4.544 4.544
4253 4.544 4.544
4344 4.544 4.494
4230 4.494 4.494
4231 4.494 4.494
4368 4.494 4.449
4406 4.449 4.449
4188 4.449 4.449
4252 4.449 4.451
4466 4.451 4.451
4678 4.451 4.451
4796 4.451 4.625
4625 4.625 4.625
4577 4.625 4.625
4606 4.625 4.336
4275 4.336 4.336
4295 4.336 4.336
4439 4.336 4.483
4395 4.483 4.483
4415 4.483 4.483
4389 4.483 4.502
4485 4.502 4.502
4437 4.502 4.502
4589 4.502 4.262
4468 4.262 4.262
4400 4.262 4.262
4417 4.262 4.232
4188 4.232 4.232
4361 4.232 4.232
4376 4.232 4.486
4371 4.486 4.486
4381 4.486 4.486
4468 4.486 4.373
4354 4.373 4.373
4188 4.373 4.373
4434 4.373 4.306
4377 4.306 4.306
4481 4.306 4.306
4240 4.306 4.282
4362 4.282 4.282
4219 4.282 4.282
4452 4.282 4.318
4309 4.318 4.318
4339 4.318 4.318
4382 4.318 4.308
4249 4.308 4.308
4450 4.308 4.308
4188 4.308 4.198
4379 4.198 4.198
4236 4.198 4.198
4188 4.198 4.428
4417 4.428 4.428
4233 4.428 4.428
4262 4.428 4.464
4251 4.464 4.464
4277 4.464 4.464
4267 4.464 4.532
4274 4.532 4.532
4232 4.532 4.532
4323 4.532 4.635
4479 4.635 4.635
4483 4.635 4.635
4303 4.635 4.568
4341 4.568 4.568
4227 4.568 4.568
4302 4.568 4.589
4379 4.589 4.589
4277 4.589 4.589
4567 4.589 4.645
4464 4.645 4.645
4297 4.645 4.645
4384 4.645 4.675
4307 4.675 4.675
4416 4.675 4.675
4401 4.675 4.558
4188 4.558 4.558
4540 4.558 4.558
4249 4.558 4.612
4250 4.612 4.612
4246 4.612 4.612
4188 4.612 4.492
4592 4.492 4.492
4592 4.492 4.492
4395 4.492 4.554
4595 4.554 4.554
4658 4.554 4.554
4397 4.554 4.414
4397 4.414 4.414
4396 4.414 4.414
4449 4.414 4.322
4270 4.322 4.322
4281 4.322 4.322
4266 4.322 4.372
4466 4.372 4.372
4399 4.372 4.372
4212 4.372 4.403
4275 4.403 4.403
4192 4.403 4.403
4266 4.403 4.298
4285 4.298 4.298
4297 4.298 4.298
4236 4.298 4.457
4188 4.457 4.457
4357 4.457 4.457
4429 4.457 4.628
4202 4.628 4.628
4413 4.628 4.628
4443 4.628 4.489
4472 4.489 4.489
4349 4.489 4.489
4476 4.489 4.517
4396 4.517 4.517
4457 4.517 4.517
4264 4.517 4.527
4188 4.527 4.527
4420 4.527 4.527
4321 4.527 4.445
4267 4.445 4.445
4251 4.445 4.445
4188 4.445 4.562
4316 4.562 4.562
4188 4.562 4.562
4188 4.562 4.633
4309 4.633 4.633
4318 4.633 4.633
4263 4.633 4.561
4307 4.561 4.561
4414 4.561 4.561
4196 4.561 4.518
4441 4.518 4.518
4318 4.518 4.518
4259 4.518 4.554
4388 4.554 4.554
4419 4.554 4.554
4511 4.554 4.567
4561 4.567 4.567
4687 4.567 4.567
4643 4.567 4.299
4546 4.299 4.299
4387 4.299 4.299
4315 4.299 4.272
4223 4.272 4.272
4188 4.272 4.272
4293 4.272 4.447
4312 4.447 4.447
4369 4.447 4.447
4229 4.447 4.457
4360 4.457 4.457
4231 4.457 4.457
4249 4.457 4.413
4272 4.413 4.413
4393 4.413 4.413
4204 4.413 4.55
4302 4.55 4.55
4253 4.55 4.55
4484 4.55 4.567
4330 4.567 4.567
4192 4.567 4.567
4239 4.567 4.455
4188 4.455 4.455
4188 4.455 4.455
4366 4.455 4.507
4354 4.507 4.507
4268 4.507 4.507
4214 4.507 4.597
4244 4.597 4.597
4188 4.597 4.597
4188 4.597 4.695
4226 4.695 4.695
4291 4.695 4.695
4396 4.695 4.847
4431 4.847 4.847
4650 4.847 4.847
4755 4.847 4.878
4407 4.878 4.878
4401 4.878 4.878
4271 4.878 4.807
4188 4.807 4.807
4200 4.807 4.807
4226 4.807 4.863
4225 4.863 4.863
4382 4.863 4.863
4577 4.863 5.109
4300 5.109 5.109
4406 5.109 5.109
4382 5.109 5.065
4466 5.065 5.065
4562 5.065 5.065
4407 5.065 4.823
4576 4.823 4.823
4262 4.823 4.823
4188 4.823 5.106
4272 5.106 5.106
4365 5.106 5.106
4417 5.106 5.105
4292 5.105 5.105
4377 5.105 5.105
4235 5.105 5.038
4375 5.038 5.038
4522 5.038 5.038
4534 5.038 5.01
4220 5.01 5.01
4435 5.01 5.01
4706 5.01 5.155
4252 5.155 5.155
4188 5.155 5.155
4411 5.155 5.115
4370 5.115 5.115
4366 5.115 5.115
4283 5.115 5.114
4188 5.114 5.114
4611 5.114 5.114
4491 5.114 5.362
4451 5.362 5.362
4479 5.362 5.362
4332 5.362 5.104
4454 5.104 5.104
4289 5.104 5.104
4234 5.104 4.852
4256 4.852 4.852
4240 4.852 4.852
4257 4.852 5.021
4326 5.021 5.021
4704 5.021 5.021
4510 5.021 5.244
4261 5.244 5.244
4421 5.244 5.244
4238 5.244 5.126
4435 5.126 5.126
4463 5.126 5.126
4242 5.126 5.143
4534 5.143 5.143
4355 5.143 5.143
4313 5.143 5.11
4188 5.11 5.11
4188 5.11 5.11
4309 5.11 5.012
4554 5.012 5.012
4188 5.012 5.012
4276 5.012 5.015
4350 5.015 5.015
4233 5.015 5.015
4358 5.015 5.072
4288 5.072 5.072
4188 5.072 5.072
4267 5.072 5.098
4292 5.098 5.098
4225 5.098 5.098
4232 5.098 5.085
4396 5.085 5.085
4188 5.085 5.085
4216 5.085 5.143
4188 5.143 5.143
4264 5.143 5.143
4391 5.143 5.232
4515 5.232 5.232
4488 5.232 5.232
4301 5.232 5.074
4554 5.074 5.074
4348 5.074 5.074
4283 5.074 4.958
4188 4.958 4.958
4352 4.958 4.958
4339 4.958 5.036
4286 5.036 5.036
4277 5.036 5.036
4295 5.036 5.118
4269 5.118 5.118
4233 5.118 5.118
4312 5.118 5.2
4353 5.2 5.2
4542 5.2 5.2
4659 5.2 5.136
4393 5.136 5.136
4476 5.136 5.136
4408 5.136 4.929
4318 4.929 4.929
4255 4.929 4.929
4275 4.929 4.9
4255 4.9 4.9
4188 4.9 4.9
4429 4.9 5.034
4209 5.034 5.034
4291 5.034 5.034
4471 5.034 5.255
4360 5.255 5.255
4412 5.255 5.255
4323 5.255 4.994
4351 4.994 4.994
4331 4.994 4.994
4306 4.994 4.923
4310 4.923 4.923
4265 4.923 4.923
4522 4.923 5.065
4397 5.065 5.065
4371 5.065 5.065
4390 5.065 4.904
4405 4.904 4.904
4360 4.904 4.904
4295 4.904 4.728
4188 4.728 4.728
4188 4.728 4.728
4344 4.728 4.786
4188 4.786 4.786
4364 4.786 4.786
4413 4.786 4.81
4300 4.81 4.81
4188 4.81 4.81
4446 4.81 4.824
4703 4.824 4.824
4489 4.824 4.824
4244 4.824 4.731
4350 4.731 4.731
4250 4.731 4.731
4383 4.731 4.772
4307 4.772 4.772
4332 4.772 4.772
4245 4.772 4.79
4269 4.79 4.79
4258 4.79 4.79
4263 4.79 4.775
4440 4.775 4.775
4447 4.775 4.775
4256 4.775 4.685
4346 4.685 4.685
4616 4.685 4.685
4241 4.685 4.758
4414 4.758 4.758
4503 4.758 4.758
4324 4.758 4.593
4230 4.593 4.593
4244 4.593 4.593
4260 4.593 4.406
4478 4.406 4.406
4472 4.406 4.406
4730 4.406 4.697
4341 4.697 4.697
4304 4.697 4.697
4188 4.697 4.579
4292 4.579 4.579
4496 4.579 4.579
4328 4.579 4.627
4270 4.627 4.627
4234 4.627 4.627
4188 4.627 4.625
4369 4.625 4.625
4400 4.625 4.625
4514 4.625 4.763
4246 4.763 4.763
4213 4.763 4.763
4263 4.763 4.809
4595 4.809 4.809
4544 4.809 4.809
4463 4.809 4.794
4600 4.794 4.794
4302 4.794 4.794
4188 4.794 4.725
4252 4.725 4.725
4313 4.725 4.725
4317 4.725 4.91
4188 4.91 4.91
4189 4.91 4.91
4398 4.91 4.959
4306 4.959 4.959
4188 4.959 4.959
4366 4.959 4.929
4413 4.929 4.929
4265 4.929 4.929
4189 4.929 4.854
4472 4.854 4.854
4293 4.854 4.854
4263 4.854 4.842
4538 4.842 4.842
4409 4.842 4.842
4250 4.842 4.869
4420 4.869 4.869
4196 4.869 4.869
4339 4.869 4.969
4400 4.969 4.969
4281 4.969 4.969
4324 4.969 4.828
4341 4.828 4.828
4360 4.828 4.828
4249 4.828 4.907
4382 4.907 4.907
4305 4.907 4.907
4327 4.907 5.04
4503 5.04 5.04
4517 5.04 5.04
4440 5.04 4.737
4309 4.737 4.737
4362 4.737 4.737
4188 4.737 4.511
4306 4.511 4.511
4338 4.511 4.511
4339 4.511 4.695
4306 4.695 4.695
4508 4.695 4.695
4506 4.695 4.74
4496 4.74 4.74
4453 4.74 4.74
4537 4.74 4.707
4320 4.707 4.707
4188 4.707 4.707
4198 4.707 4.612
4320 4.612 4.612
4260 4.612 4.612
4371 4.612 4.678
4188 4.678 4.678
4237 4.678 4.678
4232 4.678 4.757
4360 4.757 4.757
4325 4.757 4.757
4344 4.757 4.655
4188 4.655 4.655
4395 4.655 4.655
4370 4.655 4.741
4237 4.741 4.741
4204 4.741 4.741
4290 4.741 4.884
4643 4.884 4.884
4566 4.884 4.884
4452 4.884 4.657
4324 4.657 4.657
4550 4.657 4.657
4331 4.657 4.373
4279 4.373 4.373
4253 4.373 4.373
4468 4.373 4.44
4241 4.44 4.44
4207 4.44 4.44
4209 4.44 4.618
4234 4.618 4.618
4499 4.618 4.618
4264 4.618 4.463
4213 4.463 4.463
4397 4.463 4.463
4273 4.463 4.368
4238 4.368 4.368
4385 4.368 4.368
4208 4.368 4.556
4401 4.556 4.556
4552 4.556 4.556
4309 4.556 4.6
4318 4.6 4.6
4335 4.6 4.6
4583 4.6 4.568
4396 4.568 4.568
4307 4.568 4.568
4201 4.568 4.585
4272 4.585 4.585
4208 4.585 4.585
4502 4.585 4.761
4247 4.761 4.761
4354 4.761 4.761
4262 4.761 4.811
4239 4.811 4.811
4225 4.811 4.811
4235 4.811 4.772
4188 4.772 4.772
4330 4.772 4.772
4396 4.772 4.887
4446 4.887 4.887
4188 4.887 4.887
4188 4.887 4.837
4313 4.837 4.837
4275 4.837 4.837
4410 4.837 4.981
4298 4.981 4.981
4188 4.981 4.981
4257 4.981 4.93
4308 4.93 4.93
4304 4.93 4.93
4314 4.93 5.071
4553 5.071 5.071
4435 5.071 5.071
4315 5.071 4.988
4541 4.988 4.988
4377 4.988 4.988
4282 4.988 4.727
4324 4.727 4.727
4383 4.727 4.727
4507 4.727 4.683
4476 4.683 4.683
4217 4.683 4.683
4428 4.683 4.804
4274 4.804 4.804
4350 4.804 4.804
4449 4.804 4.613
4472 4.613 4.613
4516 4.613 4.613
4279 4.613 4.383
4284 4.383 4.383
4337 4.383 4.383
4302 4.383 4.557
4188 4.557 4.557
4259 4.557 4.557
4266 4.557 4.541
4360 4.541 4.541
4256 4.541 4.541
4240 4.541 4.585
4219 4.585 4.585
4362 4.585 4.585
4375 4.585 4.499
4239 4.499 4.499
4280 4.499 4.499
4257 4.499 4.492
4319 4.492 4.492
4511 4.492 4.492
4188 4.492 4.76
4474 4.76 4.76
4560 4.76 4.76
4486 4.76 4.65
4352 4.65 4.65
4221 4.65 4.65
4235 4.65 4.533
4221 4.533 4.533
4397 4.533 4.533
4247 4.533 4.735
4407 4.735 4.735
4328 4.735 4.735
4474 4.735 4.804
4533 4.804 4.804
4381 4.804 4.804
4197 4.804 4.754
4188 4.754 4.754
4303 4.754 4.754
4237 4.754 4.918
4207 4.918 4.918
4188 4.918 4.918
4229 4.918 4.928
4410 4.928 4.928
4272 4.928 4.928
4330 4.928 4.821
4384 4.821 4.821
4582 4.821 4.821
4514 4.821 4.663
4292 4.663 4.663
4402 4.663 4.663
4279 4.663 4.659
4408 4.659 4.659
4317 4.659 4.659
4273 4.659 4.627
4450 4.627 4.627
4344 4.627 4.627
4325 4.627 4.667
4286 4.667 4.667
4188 4.667 4.667
4188 4.667 4.686
4335 4.686 4.686
4383 4.686 4.686
4640 4.686 4.659
4365 4.659 4.659
4387 4.659 4.659
4343 4.659 4.286
4422 4.286 4.286
4472 4.286 4.286
4292 4.286 4.118
4439 4.118 4.118
4306 4.118 4.139
4480 4.139 4.139
4382 4.139 4.139
4385 4.139 3.912
4609 3.912 3.912
4402 3.912 3.912
4239 3.912 3.905
4200 3.905 3.905
4188 3.905 4.037
4188 4.037 4.037
4379 4.037 4.182
4211 4.182 4.182
4188 4.182 4.182
4604 4.182 4.304
4478 4.304 4.304
4453 4.304 4.304
4188 4.304 4.248
4188 4.248 4.248
4370 4.248 4.248
4257 4.248 4.337
4253 4.337 4.337
4243 4.337 4.337
4280 4.337 4.376
4355 4.376 4.376
4371 4.376 4.376
4500 4.376 4.317
4247 4.317 4.317
4188 4.317 4.317
4225 4.317 4.333
4536 4.333 4.333
4582 4.333 4.333
4297 4.333 4.211
4546 4.211 4.211
4450 4.211 4.211
4658 4.211 4.277
4382 4.277 4.277
4289 4.277 4.277
4309 4.277 4.069
4332 4.069 4.069
4294 4.069 4.069
4576 4.069 4.3
4462 4.3 4.3
4321 4.3 4.3
4248 4.3 4.177
4630 4.177 4.177
4395 4.177 4.177
4314 4.177 3.979
4393 3.979 3.979
4425 3.979 3.979
4188 3.979 4.012
4326 4.012 4.012
4316 4.012 4.064
4305 4.064 4.064
4464 4.064 4.064
4563 4.064 4.024
4397 4.024 4.024
4188 4.024 4.024
4188 4.024 4.11
4233 4.11 4.11
4255 4.11 4.29
4231 4.29 4.29
4264 4.29 4.29
4188 4.29 4.349
4188 4.349 4.349
4486 4.349 4.349
4312 4.349 4.357
4566 4.357 4.357
4498 4.357 4.357
4266 4.357 4.302
4266 4.302 4.302
4194 4.302 4.302
4423 4.302 4.391
4382 4.391 4.391
4405 4.391 4.391
4349 4.391 4.483
4285 4.483 4.483
4261 4.483 4.483
4188 4.483 4.638
4224 4.638 4.638
4316 4.638 4.638
4545 4.638 4.684
4426 4.684 4.684
4230 4.684 4.684
4188 4.684 4.825
4305 4.825 4.825
4215 4.825 4.825
4236 4.825 4.872
4501 4.872 4.872
4297 4.872 4.872
4260 4.872 4.894
4188 4.894 4.894
4280 4.894 4.894
4307 4.894 4.85
4494 4.85 4.85
4400 4.85 4.85
4329 4.85 4.844
4281 4.844 4.844
4188 4.844 4.844
4302 4.844 4.747
4245 4.747 4.747
4188 4.747 4.747
4188 4.747 4.791
4336 4.791 4.791
4440 4.791 4.791
4344 4.791 4.94
4292 4.94 4.94
4192 4.94 4.94
4299 4.94 4.835
4374 4.835 4.835
4495 4.835 4.835
4193 4.835 4.816
4308 4.816 4.816
4252 4.816 4.816
4478 4.816 5.036
4493 5.036 5.036
4188 5.036 5.036
4232 5.036 4.984
4433 4.984 4.984
4578 4.984 4.984
4475 4.984 4.922
4350 4.922 4.922
4273 4.922 4.922
4425 4.922 4.786
4216 4.786 4.786
4586 4.786 4.786
4448 4.786 4.862
4464 4.862 4.862
4554 4.862 4.862
4330 4.862 4.818
4221 4.818 4.818
4276 4.818 4.818
4244 4.818 4.688
4191 4.688 4.688
4287 4.688 4.688
4454 4.688 4.965
4718 4.965 4.965
4590 4.965 4.965
4400 4.965 4.773
4409 4.773 4.773
4298 4.773 4.773
4212 4.773 4.578
4441 4.578 4.578
4500 4.578 4.578
4233 4.578 4.68
4283 4.68 4.68
4349 4.68 4.68
4388 4.68 4.695
4512 4.695 4.695
4357 4.695 4.695
4466 4.695 4.687
4345 4.687 4.687
4555 4.687 4.687
4457 4.687 4.429
4281 4.429 4.429
4188 4.429 4.429
4249 4.429 4.473
4318 4.473 4.473
4633 4.473 4.473
4377 4.473 4.449
4325 4.449 4.449
4226 4.449 4.449
4188 4.449 4.376
4188 4.376 4.376
4379 4.376 4.376
4188 4.376 4.746
4269 4.746 4.746
4242 4.746 4.746
4232 4.746 4.627
4380 4.627 4.627
4191 4.627 4.627
4188 4.627 4.596
4254 4.596 4.596
4346 4.596 4.596
4482 4.596 4.836
4376 4.836 4.836
4188 4.836 4.836
4386 4.836 4.789
4504 4.789 4.789
4750 4.789 4.789
4263 4.789 4.652
4188 4.652 4.652
4365 4.652 4.652
4215 4.652 4.593
4250 4.593 4.593
4188 4.593 4.593
4188 4.593 4.737
4208 4.737 4.737
4400 4.737 4.737
4464 4.737 5.143
4397 5.143 5.143
4452 5.143 5.143
4671 5.143 4.804
4553 4.804 4.804
4533 4.804 4.804
4246 4.804 4.541
4271 4.541 4.541
4282 4.541 4.541
4188 4.541 4.815
4225 4.815 4.815
4188 4.815 4.815
4213 4.815 4.989
4439 4.989 4.989
4516 4.989 4.989
4335 4.989 4.772
4392 4.772 4.772
4188 4.772 4.772
4449 4.772 4.659
4367 4.659 4.659
4195 4.659 4.659
4302 4.659 4.868
4217 4.868 4.868
4189 4.868 4.868
4222 4.868 4.952
4294 4.952 4.952
4311 4.952 4.952
4404 4.952 4.999
4210 4.999 4.999
4240 4.999 4.999
4236 4.999 4.968
4289 4.968 4.968
4316 4.968 4.968
4301 4.968 4.928
4386 4.928 4.928
4512 4.928 4.928
4276 4.928 4.927
4242 4.927 4.927
4379 4.927 4.927
4387 4.927 4.979
4259 4.979 4.979
4284 4.979 4.979
4580 4.979 4.912
4452 4.912 4.912
4264 4.912 4.912
4325 4.912 4.821
4333 4.821 4.821
4198 4.821 4.821
4415 4.821 4.945
4292 4.945 4.945
4426 4.945 4.945
4429 4.945 4.888
4349 4.888 4.888
4384 4.888 4.888
4376 4.888 4.783
4319 4.783 4.783
4219 4.783 4.783
4336 4.783 4.808
4213 4.808 4.808
4202 4.808 4.808
4408 4.808 4.802
4393 4.802 4.802
4294 4.802 4.802
4425 4.802 4.715
4344 4.715 4.715
4292 4.715 4.715
4188 4.715 4.774
4317 4.774 4.774
4419 4.774 4.774
4596 4.774 4.708
4383 4.708 4.708
4387 4.708 4.708
4316 4.708 4.632
4239 4.632 4.632
4188 4.632 4.632
4216 4.632 4.648
4408 4.648 4.648
4323 4.648 4.648
4235 4.648 4.818
4229 4.818 4.818
4347 4.818 4.818
4278 4.818 4.734
4268 4.734 4.734
4292 4.734 4.734
4275 4.734 4.854
4255 4.854 4.854
4352 4.854 4.854
4471 4.854 4.88
4267 4.88 4.88
4256 4.88 4.88
4473 4.88 4.853
4275 4.853 4.853
4381 4.853 4.853
4370 4.853 4.985
4188 4.985 4.985
4287 4.985 4.985
4633 4.985 4.994
4711 4.994 4.994
4652 4.994 4.994
4385 4.994 4.761
4224 4.761 4.761
4208 4.761 4.761
4234 4.761 4.915
4272 4.915 4.915
4250 4.915 4.915
4245 4.915 5.222
4421 5.222 5.222
4315 5.222 5.222
4386 5.222 5.098
4463 5.098 5.098
4385 5.098 5.098
4598 5.098 4.929
4201 4.929 4.929
4302 4.929 4.929
4355 4.929 4.829
4436 4.829 4.829
4272 4.829 4.829
4207 4.829 4.835
4309 4.835 4.835
4384 4.835 4.835
4234 4.835 4.766
4532 4.766 4.766
4407 4.766 4.766
4318 4.766 4.59
4383 4.59 4.59
4269 4.59 4.59
4263 4.59 4.474
4379 4.474 4.474
4245 4.474 4.474
4243 4.474 4.532
4188 4.532 4.532
4272 4.532 4.532
4276 4.532 4.534
4210 4.534 4.534
4188 4.534 4.534
4417 4.534 4.558
4413 4.558 4.558
4402 4.558 4.558
4481 4.558 4.584
4268 4.584 4.584
4417 4.584 4.584
4212 4.584 4.589
4253 4.589 4.589
4395 4.589 4.589
4423 4.589 4.643
4783 4.643 4.643
4792 4.643 4.643
4480 4.643 4.553
4537 4.553 4.553
4458 4.553 4.553
4612 4.553 4.499
4440 4.499 4.499
4260 4.499 4.499
4328 4.499 4.54
4312 4.54 4.54
4188 4.54 4.54
4438 4.54 4.713
4409 4.713 4.713
4473 4.713 4.713
4664 4.713 4.566
4452 4.566 4.566
4472 4.566 4.566
4327 4.566 4.536
4261 4.536 4.536
4376 4.536 4.536
4248 4.536 4.623
4273 4.623 4.623
4358 4.623 4.623
4486 4.623 4.67
4497 4.67 4.67
4667 4.67 4.67
4381 4.67 4.557
4382 4.557 4.557
4332 4.557 4.557
4188 4.557 4.525
4518 4.525 4.525
4271 4.525 4.525
4272 4.525 4.567
4407 4.567 4.567
4549 4.567 4.567
4523 4.567 4.635
4393 4.635 4.635
4404 4.635 4.635
4546 4.635 4.46
4402 4.46 4.46
4385 4.46 4.46
4448 4.46 4.39
4471 4.39 4.39
4428 4.39 4.39
4510 4.39 4.457
4349 4.457 4.457
4291 4.457 4.457
4423 4.457 4.358
4367 4.358 4.358
4352 4.358 4.358
4578 4.358 4.339
4399 4.339 4.339
4273 4.339 4.339
4328 4.339 4.34
4242 4.34 4.34
4243 4.34 4.34
4217 4.34 4.478
4188 4.478 4.478
4188 4.478 4.478
4188 4.478 4.472
4315 4.472 4.472
4266 4.472 4.472
4389 4.472 4.353
4418 4.353 4.353
4380 4.353 4.353
4480 4.353 4.53
4554 4.53 4.53
4434 4.53 4.53
4423 4.53 4.403
4219 4.403 4.403
4355 4.403 4.403
4493 4.403 4.482
4380 4.482 4.482
4419 4.482 4.482
4270 4.482 4.594
4205 4.594 4.594
4482 4.594 4.594
4324 4.594 4.467
4370 4.467 4.467
4334 4.467 4.467
4376 4.467 4.497
4527 4.497 4.497
4280 4.497 4.497
4334 4.497 4.458
4431 4.458 4.458
4358 4.458 4.458
4390 4.458 4.432
4240 4.432 4.432
4298 4.432 4.432
4245 4.432 4.311
4241 4.311 4.311
4188 4.311 4.311
4254 4.311 4.48
4272 4.48 4.48
4442 4.48 4.48
4497 4.48 4.499
4431 4.499 4.499
4225 4.499 4.499
4300 4.499 4.427
4262 4.427 4.427
4700 4.427 4.427
4557 4.427 4.361
4336 4.361 4.361
4199 4.361 4.361
4331 4.361 4.344
4206 4.344 4.344
4389 4.344 4.344
4389 4.344 4.516
4511 4.516 4.516
4443 4.516 4.516
4427 4.516 4.305
4441 4.305 4.305
4357 4.305 4.305
4286 4.305 4.216
4359 4.216 4.216
4204 4.216 4.47
4275 4.47 4.47
4188 4.47 4.47
4207 4.47 4.49
4246 4.49 4.49
4390 4.49 4.49
4362 4.49 4.337
4556 4.337 4.337
4449 4.337 4.337
4314 4.337 4.217
4396 4.217 4.217
4460 4.217 4.217
4309 4.217 4.18
4238 4.18 4.18
4449 4.18 4.18
4487 4.18 4.053
4447 4.053 4.053
4237 4.053 4.053
4188 4.053 4.0
4523 4.0 4.0
4277 4.0 3.936
4352 3.936 3.936
4306 3.936 4.306
4542 4.306 4.306
4590 4.306 4.306
4305 4.306 4.063
4281 4.063 4.063
4384 4.063 4.063
4188 4.063 4.312
4247 4.312 4.312
4223 4.312 4.468
4188 4.468 4.468
4263 4.468 4.468
4247 4.468 4.463
4377 4.463 4.463
4441 4.463 4.463
4476 4.463 4.325
4364 4.325 4.325
4321 4.325 4.325
4288 4.325 4.358
4402 4.358 4.358
4291 4.358 4.358
4188 4.358 4.39
4286 4.39 4.39
4188 4.39 4.39
4335 4.39 4.497
4362 4.497 4.497
4422 4.497 4.497
4529 4.497 4.296
4423 4.296 4.296
4417 4.296 4.296
4513 4.296 4.234
4413 4.234 4.234
4398 4.234 4.234
4460 4.234 4.273
4188 4.273 4.273
4406 4.273 4.273
4227 4.273 4.162
4188 4.162 4.162
4188 4.162 4.162
4273 4.162 4.395
4268 4.395 4.395
4230 4.395 4.395
4333 4.395 4.484
4194 4.484 4.484
4343 4.484 4.484
4340 4.484 4.481
4577 4.481 4.481
4502 4.481 4.481
4296 4.481 4.334
4330 4.334 4.334
4241 4.334 4.334
4287 4.334 4.398
4393 4.398 4.398
4547 4.398 4.398
4549 4.398 4.564
4307 4.564 4.564
4455 4.564 4.564
4374 4.564 4.463
4549 4.463 4.463
4461 4.463 4.463
4710 4.463 4.401
4766 4.401 4.401
4571 4.401 4.401
4310 4.401 4.176
4298 4.176 4.176
4246 4.176 4.176
4188 4.176 4.249
4188 4.249 4.249
4354 4.249 4.388
4318 4.388 4.388
4456 4.388 4.388
4423 4.388 4.271
4422 4.271 4.271
4237 4.271 4.271
4489 4.271 4.239
4392 4.239 4.239
4221 4.239 4.239
4274 4.239 4.24
4529 4.24 4.24
4339 4.24 4.24
4313 4.24 4.307
4338 4.307 4.307
4557 4.307 4.307
4594 4.307 4.146
4448 4.146 4.146
4489 4.146 4.146
4549 4.146 4.006
4416 4.006 4.006
4276 4.006 4.006
4188 4.006 4.138
4242 4.138 4.138
4238 4.138 4.139
4188 4.139 4.139
4217 4.139 4.139
4245 4.139 4.232
4534 4.232 4.232
4301 4.232 4.232
4256 4.232 4.148
4328 4.148 4.148
4418 4.148 4.148
4188 4.148 4.192
4375 4.192 4.192
4330 4.192 4.192
4260 4.192 4.176
4290 4.176 4.176
4188 4.176 4.176
4244 4.176 4.277
4362 4.277 4.277
4580 4.277 4.277
4412 4.277 4.179
4347 4.179 4.179
4600 4.179 4.179
4382 4.179 4.023
4354 4.023 4.023
4364 4.023 4.023
4467 4.023 4.032
4619 4.032 4.032
4451 4.032 4.032
4357 4.032 4.008
4477 4.008 4.008
4579 4.008 3.893
4353 3.893 3.893
4379 3.893 3.893
4267 3.893 3.834
4249 3.834 3.834
4255 3.834 3.82
4273 3.82 3.82
4550 3.82 3.804
4309 3.804 3.804
4253 3.804 3.804
4259 3.804 3.661
4291 3.661 3.661
4197 3.661 3.79
4486 3.79 3.79
4713 3.79 3.694
4651 3.694 3.694
4374 3.694 3.694
4397 3.694 3.509
4212 3.509 3.509
4522 3.509 3.626
4454 3.626 3.626
4501 3.626 3.717
4382 3.717 3.717
4539 3.717 3.738
4612 3.738 3.738
4345 3.738 3.562
4255 3.562 3.562
4394 3.562 3.723
4288 3.723 3.723
4428 3.723 3.982
4188 3.982 3.982
4443 3.982 4.027
4345 4.027 4.027
4188 4.027 4.027
4384 4.027 4.072
4431 4.072 4.072
4273 4.072 4.094
4296 4.094 4.094
4188 4.094 4.094
4318 4.094 4.126
4237 4.126 4.126
4389 4.126 4.126
4519 4.126 4.063
4350 4.063 4.063
4445 4.063 4.063
4437 4.063 3.893
4383 3.893 3.893
4586 3.893 3.893
4351 3.893 3.821
4409 3.821 3.821
4614 3.821 3.803
4465 3.803 3.803
4188 3.803 3.803
4553 3.803 3.936
4297 3.936 3.936
4350 3.936 4.106
4425 4.106 4.106
4473 4.106 3.968
4474 3.968 3.968
4585 3.968 3.968
4302 3.968 3.678
4188 3.678 3.678
4247 3.678 3.868
4279 3.868 3.868
4242 3.868 3.964
4462 3.964 3.964
4371 3.964 3.964
4340 3.964 3.828
4522 3.828 3.828
4371 3.828 3.659
4261 3.659 3.659
4232 3.659 3.821
4188 3.821 3.821
4298 3.821 3.954
4365 3.954 3.954
4423 3.954 3.862
4509 3.862 3.862
4215 3.862 3.812
4240 3.812 3.812
4540 3.812 3.844
4305 3.844 3.844
4465 3.844 3.92
4363 3.92 3.92
4350 3.92 4.088
4259 4.088 4.088
4188 4.088 4.125
4323 4.125 4.125
4352 4.125 4.121
4304 4.121 4.121
4382 4.121 4.121
4438 4.121 4.065
4332 4.065 4.065
4341 4.065 4.065
4284 4.065 3.97
4317 3.97 3.97
4368 3.97 3.97
4309 3.97 3.92
4395 3.92 3.92
4456 3.92 3.99
4312 3.99 3.99
4453 3.99 3.99
4349 3.99 3.823
4405 3.823 3.823
4489 3.823 3.853
4258 3.853 3.853
4370 3.853 3.91
4591 3.91 3.91
4275 3.91 3.76
4285 3.76 3.76
4425 3.76 3.7
4410 3.7 3.7
4262 3.7 3.658
4514 3.658 3.658
4188 3.658 3.756
4324 3.756 3.756
4235 3.756 3.881
4503 3.881 3.881
4432 3.881 3.733
4439 3.733 3.733
4273 3.733 3.794
4482 3.794 3.794
4263 3.794 3.808
4317 3.808 3.808
4325 3.808 3.8
4330 3.8 3.8
4336 3.8 3.752
4275 3.752 3.752
4276 3.752 3.665
4272 3.665 3.665
4283 3.665 3.816
4324 3.816 3.816
4242 3.816 3.935
4322 3.935 3.935
4285 3.935 3.934
4406 3.934 3.934
4325 3.934 3.883
4275 3.883 3.883
4406 3.883 3.981
4306 3.981 3.981
4577 3.981 3.981
4239 3.981 3.882
4261 3.882 3.882
4325 3.882 3.854
4427 3.854 3.854
4441 3.854 3.907
4255 3.907 3.907
4267 3.907 3.965
4539 3.965 3.965
4515 3.965 3.79
4317 3.79 3.79
4235 3.79 3.79
4415 3.79 3.879
4454 3.879 3.879
4351 3.879 3.949
4259 3.949 3.949
4250 3.949 3.972
4188 3.972 3.972
4412 3.972 3.972
4400 3.972 3.944
4372 3.944 3.944
4328 3.944 3.944
4234 3.944 3.811
4261 3.811 3.811
4403 3.811 4.032
4438 4.032 4.032
4395 4.032 3.969
4318 3.969 3.969
4463 3.969 3.969
4356 3.969 3.916
4301 3.916 3.916
4401 3.916 3.902
4289 3.902 3.902
4188 3.902 4.125
4287 4.125 4.125
4367 4.125 4.141
4271 4.141 4.141
4261 4.141 4.141
4270 4.141 4.074
4551 4.074 4.074
4475 4.074 3.965
4265 3.965 3.965
4517 3.965 3.965
4506 3.965 3.908
4222 3.908 3.908
4478 3.908 3.908
4220 3.908 3.884
4242 3.884 3.884
4188 3.884 3.958
4306 3.958 3.958
4645 3.958 4.037
4497 4.037 4.037
4330 4.037 4.037
4208 4.037 3.922
4188 3.922 3.922
4298 3.922 4.2
4386 4.2 4.2
4326 4.2 4.095
4462 4.095 4.095
4381 4.095 4.095
4415 4.095 3.935
4406 3.935 3.935
4395 3.935 3.76
4725 3.76 3.76
4408 3.76 3.658
4396 3.658 3.658
4497 3.658 3.672
4305 3.672 3.672
4293 3.672 3.705
4247 3.705 3.705
4276 3.705 3.746
4188 3.746 3.746
4467 3.746 3.719
4257 3.719 3.719
4386 3.719 3.734
4349 3.734 3.734
4632 3.734 3.73
4362 3.73 3.73
4328 3.73 3.665
4332 3.665 3.665
4503 3.665 3.736
4489 3.736 3.736
4483 3.736 3.632
4517 3.632 3.632
4595 3.632 3.46
4188 3.46 3.46
4196 3.46 3.505
4223 3.505 3.505
4231 3.505 3.889
4490 3.889 3.889
4424 3.889 3.8
4532 3.8 3.8
4245 3.8 3.8
4386 3.8 3.678
4351 3.678 3.678
4259 3.678 3.869
4606 3.869 3.869
4354 3.869 3.804
4363 3.804 3.804
4474 3.804 3.804
4433 3.804 3.47
4188 3.47 3.47
4377 3.47 3.48
4188 3.48 3.48
4202 3.48 3.642
4267 3.642 3.642
4188 3.642 3.774
4718 3.774 3.774
4772 3.774 3.642
4539 3.642 3.642
4218 3.642 3.642
4352 3.642 3.557
4267 3.557 3.557
4265 3.557 3.678
4222 3.678 3.678
4416 3.678 3.782
4428 3.782 3.782
4296 3.782 3.701
4241 3.701 3.701
4677 3.701 3.668
4424 3.668 3.668
4274 3.668 3.764
4329 3.764 3.764
4377 3.764 3.812
4188 3.812 3.812
4188 3.812 4.001
4471 4.001 4.001
4555 4.001 3.925
4378 3.925 3.925
4188 3.925 3.925
4416 3.925 3.956
4530 3.956 3.956
4233 3.956 4.022
4365 4.022 4.022
4365 4.022 4.111
4226 4.111 4.111
4188 4.111 4.111
4294 4.111 4.091
4376 4.091 4.091
4444 4.091 4.091
4329 4.091 4.098
4255 4.098 4.098
4267 4.098 4.098
4255 4.098 4.304
4439 4.304 4.304
4503 4.304 4.304
4418 4.304 4.211
4458 4.211 4.211
4384 4.211 4.211
4572 4.211 4.204
4607 4.204 4.204
4437 4.204 4.204
4199 4.204 4.168
4310 4.168 4.168
4434 4.168 4.168
4489 4.168 4.074
4376 4.074 4.074
4576 4.074 4.074
4690 4.074 4.057
4391 4.057 4.057
4359 4.057 4.057
4212 4.057 4.082
4208 4.082 4.082
4450 4.082 4.261
4423 4.261 4.261
4466 4.261 4.261
4334 4.261 4.198
4227 4.198 4.198
4188 4.198 4.198
4374 4.198 4.176
4229 4.176 4.176
4188 4.176 4.176
4397 4.176 4.377
4509 4.377 4.377
4188 4.377 4.377
4326 4.377 4.341
4448 4.341 4.341
4381 4.341 4.341
4487 4.341 4.252
4341 4.252 4.252
4320 4.252 4.252
4188 4.252 4.462
4385 4.462 4.462
4602 4.462 4.462
4479 4.462 4.441
4646 4.441 4.441
4295 4.441 4.441
4242 4.441 4.291
4188 4.291 4.291
4239 4.291 4.291
4266 4.291 4.339
4188 4.339 4.339
4394 4.339 4.339
4299 4.339 4.414
4322 4.414 4.414
4495 4.414 4.414
4331 4.414 4.409
4319 4.409 4.409
4349 4.409 4.409
4314 4.409 4.529
4462 4.529 4.529
4287 4.529 4.529
4340 4.529 4.571
4361 4.571 4.571
4327 4.571 4.571
4543 4.571 4.749
4631 4.749 4.749
4583 4.749 4.749
4400 4.749 4.513
4252 4.513 4.513
4192 4.513 4.513
4303 4.513 4.531
4188 4.531 4.531
4188 4.531 4.531
4345 4.531 4.673
4279 4.673 4.673
4221 4.673 4.673
4595 4.673 4.673
4337 4.673 4.673
4191 4.673 4.673
4209 4.673 4.626
4242 4.626 4.626
4398 4.626 4.626
4332 4.626 4.614
4386 4.614 4.614
4348 4.614 4.614
4498 4.614 4.669
4319 4.669 4.669
4240 4.669 4.669
4459 4.669 4.727
4306 4.727 4.727
4188 4.727 4.727
4313 4.727 4.614
4188 4.614 4.614
4188 4.614 4.614
4323 4.614 5.105
4188 5.105 5.105
4216 5.105 5.105
4449 5.105 5.333
4515 5.333 5.333
4545 5.333 5.333
4389 5.333 5.004
4509 5.004 5.004
4471 5.004 5.004
4556 5.004 4.613
4576 4.613 4.613
4503 4.613 4.613
4362 4.613 4.541
4310 4.541 4.541
4229 4.541 4.541
4215 4.541 4.698
4428 4.698 4.698
4438 4.698 4.698
4322 4.698 4.614
4276 4.614 4.614
4262 4.614 4.614
4239 4.614 4.53
4217 4.53 4.53
4266 4.53 4.53
4207 4.53 4.618
4278 4.618 4.618
4425 4.618 4.618
4233 4.618 4.702
4443 4.702 4.702
4342 4.702 4.702
4443 4.702 4.898
4478 4.898 4.898
4324 4.898 4.898
4517 4.898 4.838
4373 4.838 4.838
4276 4.838 4.838
4479 4.838 4.744
4414 4.744 4.744
4502 4.744 4.744
4293 4.744 4.862
4338 4.862 4.862
4404 4.862 4.862
4303 4.862 4.758
4222 4.758 4.758
4323 4.758 4.758
4557 4.758 4.818
4491 4.818 4.818
4452 4.818 4.818
4315 4.818 4.708
4188 4.708 4.708
4224 4.708 4.708
4286 4.708 4.63
4188 4.63 4.63
4411 4.63 4.63
4188 4.63 4.65
4273 4.65 4.65
4355 4.65 4.65
4328 4.65 4.725
4198 4.725 4.725
4228 4.725 4.725
4362 4.725 4.668
4316 4.668 4.668
4465 4.668 4.668
4235 4.668 4.557
4363 4.557 4.557
4429 4.557 4.557
4401 4.557 4.595
4433 4.595 4.595
4529 4.595 4.595
4372 4.595 4.483
4225 4.483 4.483
4375 4.483 4.483
4451 4.483 4.467
4225 4.467 4.467
4188 4.467 4.467
4379 4.467 4.721
4393 4.721 4.721
4188 4.721 4.721
4340 4.721 4.757
4264 4.757 4.757
4355 4.757 4.757
4523 4.757 4.615
4426 4.615 4.615
4411 4.615 4.615
4268 4.615 4.738
4356 4.738 4.738
4403 4.738 4.738
4570 4.738 4.372
4539 4.372 4.372
4618 4.372 4.372
4277 4.372 4.013
4417 4.013 4.013
4226 4.013 3.999
4188 3.999 3.999
4381 3.999 4.118
4188 4.118 4.118
4354 4.118 4.118
4201 4.118 4.227
4440 4.227 4.227
4383 4.227 4.227
4188 4.227 4.347
4390 4.347 4.347
4347 4.347 4.347
4244 4.347 4.387
4337 4.387 4.387
4391 4.387 4.387
4390 4.387 4.351
4200 4.351 4.351
4310 4.351 4.351
4274 4.351 4.386
4434 4.386 4.386
4450 4.386 4.386
4402 4.386 4.301
4501 4.301 4.301
4349 4.301 4.301
4307 4.301 4.218
4367 4.218 4.218
4393 4.218 4.218
4442 4.218 4.299
4231 4.299 4.299
4239 4.299 4.299
4272 4.299 4.281
4188 4.281 4.281
4188 4.281 4.281
4188 4.281 4.467
4339 4.467 4.467
4367 4.467 4.467
4197 4.467 4.416
4315 4.416 4.416
4349 4.416 4.416
4391 4.416 4.583
4546 4.583 4.583
4331 4.583 4.583
4264 4.583 4.669
4415 4.669 4.669
4212 4.669 4.669
4322 4.669 4.804
4221 4.804 4.804
4516 4.804 4.804
4312 4.804 4.767
4538 4.767 4.767
4382 4.767 4.767
4556 4.767 4.89
4409 4.89 4.89
4300 4.89 4.89
4487 4.89 4.793
4229 4.793 4.793
4388 4.793 4.793
4326 4.793 4.752
4241 4.752 4.752
4287 4.752 4.752
4289 4.752 4.848
4366 4.848 4.848
4236 4.848 4.848
4188 4.848 4.859
4273 4.859 4.859
4444 4.859 4.859
4193 4.859 4.773
4188 4.773 4.773
4290 4.773 4.773
4254 4.773 4.749
4486 4.749 4.749
4500 4.749 4.749
4498 4.749 4.501
4312 4.501 4.501
4387 4.501 4.501
4290 4.501 4.332
4262 4.332 4.332
4191 4.332 4.332
4188 4.332 4.37
4282 4.37 4.37
4386 4.37 4.37
4280 4.37 4.497
4260 4.497 4.497
4188 4.497 4.497
4337 4.497 4.447
4188 4.447 4.447
4381 4.447 4.447
4192 4.447 4.5
4351 4.5 4.5
4188 4.5 4.5
4355 4.5 4.7
4237 4.7 4.7
4287 4.7 4.7
4188 4.7 4.714
4188 4.714 4.714
4244 4.714 4.714
4440 4.714 4.728
4632 4.728 4.728
4536 4.728 4.728
4188 4.728 4.731
4294 4.731 4.731
4188 4.731 4.731
4350 4.731 4.854
4287 4.854 4.854
4270 4.854 4.854
4188 4.854 5.026
4261 5.026 5.026
4416 5.026 5.026
4422 5.026 4.881
4357 4.881 4.881
4317 4.881 4.881
4271 4.881 4.73
4262 4.73 4.73
4275 4.73 4.73
4227 4.73 4.844
4274 4.844 4.844
4241 4.844 4.844
4267 4.844 4.918
4327 4.918 4.918
4189 4.918 4.918
4337 4.918 4.998
4404 4.998 4.998
4337 4.998 4.998
4417 4.998 4.923
4364 4.923 4.923
4273 4.923 4.923
4275 4.923 4.886
4252 4.886 4.886
4467 4.886 4.886
4449 4.886 4.924
4415 4.924 4.924
4289 4.924 4.924
4188 4.924 4.889
4613 4.889 4.889
4384 4.889 4.889
4232 4.889 4.741
4418 4.741 4.741
4239 4.741 4.741
4332 4.741 4.695
4499 4.695 4.695
4396 4.695 4.695
4424 4.695 4.728
4188 4.728 4.728
4344 4.728 4.728
4188 4.728 4.678
4204 4.678 4.678
4308 4.678 4.678
4502 4.678 4.784
4358 4.784 4.784
4370 4.784 4.784
4367 4.784 4.591
4247 4.591 4.591
4387 4.591 4.591
4452 4.591 4.673
4272 4.673 4.673
4405 4.673 4.673
4381 4.673 4.51
4301 4.51 4.51
4297 4.51 4.51
4540 4.51 4.621
4284 4.621 4.621
4355 4.621 4.621
4335 4.621 4.645
4373 4.645 4.645
4335 4.645 4.645
4285 4.645 4.518
4198 4.518 4.518
4391 4.518 4.518
4188 4.518 4.711
4443 4.711 4.711
4541 4.711 4.711
4430 4.711 4.557
4223 4.557 4.557
4233 4.557 4.557
4423 4.557 4.556
4260 4.556 4.556
4355 4.556 4.556
4205 4.556 4.822
4269 4.822 4.822
4188 4.822 4.822
4317 4.822 4.979
4198 4.979 4.979
4188 4.979 4.979
4269 4.979 5.036
4188 5.036 5.036
4188 5.036 5.036
4289 5.036 5.068
4429 5.068 5.068
4253 5.068 5.068
4188 5.068 5.185
4326 5.185 5.185
4351 5.185 5.185
4188 5.185 5.472
4249 5.472 5.472
4188 5.472 5.472
4422 5.472 5.495
4355 5.495 5.495
4231 5.495 5.495
4237 5.495 5.294
4288 5.294 5.294
4350 5.294 5.294
4487 5.294 5.438
4245 5.438 5.438
4197 5.438 5.438
4244 5.438 5.529
4421 5.529 5.529
4507 5.529 5.529
4271 5.529 5.604
4279 5.604 5.604
4314 5.604 5.604
4359 5.604 5.461
4284 5.461 5.461
4246 5.461 5.461
4188 5.461 5.41
4188 5.41 5.41
4258 5.41 5.41
4224 5.41 5.439
4326 5.439 5.439
4211 5.439 5.439
4263 5.439 5.552
4246 5.552 5.552
4299 5.552 5.552
4459 5.552 5.535
4327 5.535 5.535
4198 5.535 5.535
4188 5.535 5.4
4188 5.4 5.4
4226 5.4 5.4
4272 5.4 5.495
4285 5.495 5.495
4363 5.495 5.495
4391 5.495 5.568
4457 5.568 5.568
4215 5.568 5.568
4390 5.568 5.643
4481 5.643 5.643
4434 5.643 5.643
4450 5.643 5.501
4511 5.501 5.501
4481 5.501 5.501
4375 5.501 5.183
4232 5.183 5.183
4207 5.183 5.183
4407 5.183 5.281
4288 5.281 5.281
4369 5.281 5.281
4220 5.281 5.404
4234 5.404 5.404
4188 5.404 5.404
4397 5.404 5.42
4490 5.42 5.42
4303 5.42 5.42
4276 5.42 5.279
4453 5.279 5.279
4308 5.279 5.279
4249 5.279 5.418
4240 5.418 5.418
4188 5.418 5.418
4262 5.418 5.498
4199 5.498 5.498
4279 5.498 5.498
4656 5.498 5.47
4538 5.47 5.47
4262 5.47 5.47
4244 5.47 5.579
4327 5.579 5.579
4398 5.579 5.579
4390 5.579 5.507
4348 5.507 5.507
4282 5.507 5.507
4436 5.507 5.47
4363 5.47 5.47
4362 5.47 5.47
4265 5.47 5.294
4271 5.294 5.294
4317 5.294 5.294
4226 5.294 5.1
4481 5.1 5.1
4360 5.1 5.1
4377 5.1 5.132
4442 5.132 5.132
4431 5.132 5.132
4458 5.132 5.198
4386 5.198 5.198
4416 5.198 5.198
4400 5.198 4.936
4259 4.936 4.936
4188 4.936 4.936
4200 4.936 5.031
4235 5.031 5.031
4228 5.031 5.031
4395 5.031 5.067
4467 5.067 5.067
4606 5.067 5.067
4452 5.067 4.926
4285 4.926 4.926
4389 4.926 4.926
4299 4.926 4.727
4482 4.727 4.727
4345 4.727 4.727
4338 4.727 4.889
4667 4.889 4.889
4630 4.889 4.889
4330 4.889 4.897
4437 4.897 4.897
4416 4.897 4.897
4188 4.897 4.84
4188 4.84 4.84
4206 4.84 4.84
4520 4.84 4.958
4359 4.958 4.958
4314 4.958 4.958
4356 4.958 5.025
4215 5.025 5.025
4351 5.025 5.025
4319 5.025 4.932
4232 4.932 4.932
4188 4.932 4.932
4188 4.932 5.185
4209 5.185 5.185
4256 5.185 5.185
4335 5.185 5.022
4432 5.022 5.022
4199 5.022 5.022
4285 5.022 5.0
4262 5.0 5.0
4228 5.0 5.0
4322 5.0 5.065
4258 5.065 5.065
4225 5.065 5.065
4266 5.065 5.027
4206 5.027 5.027
4188 5.027 5.027
4193 5.027 5.171
4333 5.171 5.171
4326 5.171 5.171
4397 5.171 5.073
4302 5.073 5.073
4339 5.073 5.073
4188 5.073 5.328
4334 5.328 5.328
4356 5.328 5.328
4373 5.328 5.277
4377 5.277 5.277
4234 5.277 5.277
4212 5.277 5.222
4377 5.222 5.222
4258 5.222 5.222
4461 5.222 5.351
4542 5.351 5.351
4353 5.351 5.351
4561 5.351 5.329
4498 5.329 5.329
4355 5.329 5.329
4188 5.329 5.15
4270 5.15 5.15
4453 5.15 5.15
4459 5.15 5.332
4377 5.332 5.332
4241 5.332 5.332
4426 5.332 5.326
4420 5.326 5.326
4319 5.326 5.326
4309 5.326 5.306
4188 5.306 5.306
4306 5.306 5.306
4316 5.306 5.119
4394 5.119 5.119
4405 5.119 5.119
4253 5.119 5.066
4268 5.066 5.066
4227 5.066 5.066
4188 5.066 5.321
4435 5.321 5.321
4473 5.321 5.321
4473 5.321 5.424
4366 5.424 5.424
4317 5.424 5.424
4450 5.424 5.114
4385 5.114 5.114
4265 5.114 5.114
4324 5.114 5.31
4494 5.31 5.31
4395 5.31 5.31
4188 5.31 5.311
4188 5.311 5.311
4256 5.311 5.311
4379 5.311 5.425
4454 5.425 5.425
4204 5.425 5.425
4601 5.425 5.513
4388 5.513 5.513
4260 5.513 5.513
4188 5.513 5.565
4188 5.565 5.565
4424 5.565 5.565
4262 5.565 5.452
4188 5.452 5.452
4246 5.452 5.452
4188 5.452 5.498
4290 5.498 5.498
4306 5.498 5.498
4188 5.498 5.624
4222 5.624 5.624
4418 5.624 5.624
4424 5.624 5.517
4304 5.517 5.517
4266 5.517 5.517
4282 5.517 5.331
4331 5.331 5.331
4188 5.331 5.331
4214 5.331 5.407
4188 5.407 5.407
4334 5.407 5.407
4248 5.407 5.406
4286 5.406 5.406
4188 5.406 5.406
4291 5.406 5.374
4212 5.374 5.374
4392 5.374 5.374
4472 5.374 5.56
4366 5.56 5.56
4252 5.56 5.56
4252 5.56 5.462
4220 5.462 5.462
4482 5.462 5.462
4188 5.462 5.55
4211 5.55 5.55
4188 5.55 5.55
4514 5.55 5.639
4419 5.639 5.639
4423 5.639 5.639
4356 5.639 5.546
4292 5.546 5.546
4341 5.546 5.546
4254 5.546 5.572
4251 5.572 5.572
4284 5.572 5.572
4406 5.572 5.729
4188 5.729 5.729
4293 5.729 5.729
4316 5.729 5.816
4188 5.816 5.816
4205 5.816 5.816
4188 5.816 5.814
4282 5.814 5.814
4461 5.814 5.814
4357 5.814 5.691
4437 5.691 5.691
4348 5.691 5.691
4399 5.691 5.609
4430 5.609 5.609
4342 5.609 5.609
4397 5.609 5.416
4285 5.416 5.416
4417 5.416 5.416
4429 5.416 5.326
4188 5.326 5.326
4188 5.326 5.326
4408 5.326 5.523
4213 5.523 5.523
4485 5.523 5.523
4212 5.523 5.576
4275 5.576 5.576
4356 5.576 5.576
4298 5.576 5.648
4188 5.648 5.648
4237 5.648 5.648
4214 5.648 5.791
4339 5.791 5.791
4281 5.791 5.791
4461 5.791 6.006
4303 6.006 6.006
4194 6.006 6.006
4293 6.006 6.006
4426 6.006 5.859
4504 5.859 5.859
4391 5.859 5.859
4269 5.859 5.859
4382 5.859 5.817
4480 5.817 5.817
4393 5.817 5.817
4451 5.817 5.845
4363 5.845 5.845
4266 5.845 5.845
4315 5.845 5.75
4516 5.75 5.75
4464 5.75 5.75
4514 5.75 5.725
4484 5.725 5.725
4494 5.725 5.725
4650 5.725 5.738
4418 5.738 5.738
4255 5.738 5.738
4370 5.738 5.833
4296 5.833 5.833
4252 5.833 5.833
4274 5.833 5.819
4355 5.819 5.819
4422 5.819 5.819
4400 5.819 5.865
4372 5.865 5.865
4324 5.865 5.865
4431 5.865 5.942
4350 5.942 5.942
4188 5.942 5.942
4315 5.942 6.033
4276 6.033 6.033
4377 6.033 6.033
4411 6.033 5.807
4460 5.807 5.807
4377 5.807 5.807
4656 5.807 5.807
4713 5.807 5.801
4386 5.801 5.801
4275 5.801 5.801
4204 5.801 5.801
4188 5.801 5.95
4188 5.95 5.95
4188 5.95 5.95
4332 5.95 5.994
4394 5.994 5.994
4252 5.994 5.994
4263 5.994 5.994
4222 5.994 5.875
4298 5.875 5.875
4576 5.875 5.875
4481 5.875 5.863
4416 5.863 5.863
4188 5.863 5.863
4188 5.863 5.805
4326 5.805 5.805
4275 5.805 5.805
4301 5.805 5.703
4290 5.703 5.703
4307 5.703 5.703
4274 5.703 5.691
4318 5.691 5.691
4250 5.691 5.691
4314 5.691 5.835
4362 5.835 5.835
4188 5.835 5.835
4343 5.835 5.794
4430 5.794 5.794
4501 5.794 5.794
4383 5.794 5.776
4380 5.776 5.776
4188 5.776 5.776
4368 5.776 5.954
4188 5.954 5.954
4310 5.954 5.954
4255 5.954 5.982
4239 5.982 5.982
4301 5.982 5.982
4373 5.982 5.806
4508 5.806 5.806
4434 5.806 5.806
4189 5.806 5.772
4255 5.772 5.772
4265 5.772 5.772
4188 5.772 5.84
4384 5.84 5.84
4188 5.84 5.84
4261 5.84 5.866
4357 5.866 5.866
4533 5.866 5.866
4271 5.866 5.816
4195 5.816 5.816
4348 5.816 5.816
4300 5.816 5.757
4351 5.757 5.757
4340 5.757 5.757
4392 5.757 5.762
4340 5.762 5.762
4350 5.762 5.762
4486 5.762 5.634
4413 5.634 5.634
4225 5.634 5.634
4203 5.634 5.658
4188 5.658 5.658
4200 5.658 5.658
4400 5.658 5.742
4370 5.742 5.742
4600 5.742 5.742
4504 5.742 5.758
4289 5.758 5.758
4329 5.758 5.758
4188 5.758 5.871
4188 5.871 5.871
4194 5.871 5.871
4338 5.871 5.837
4417 5.837 5.837
4451 5.837 5.837
4614 5.837 5.681
4523 5.681 5.681
4431 5.681 5.681
4269 5.681 5.542
4364 5.542 5.542
4188 5.542 5.542
4299 5.542 5.514
4284 5.514 5.514
4240 5.514 5.514
4188 5.514 5.668
4188 5.668 5.668
4188 5.668 5.668
4283 5.668 5.802
4188 5.802 5.802
4199 5.802 5.802
4359 5.802 6.136
4210 6.136 6.136
4248 6.136 6.136
4336 6.136 6.136
4353 6.136 6.188
4460 6.188 6.188
4473 6.188 6.188
4390 6.188 6.188
4258 6.188 6.044
4188 6.044 6.044
4202 6.044 6.044
4328 6.044 6.02
4385 6.02 6.02
4276 6.02 6.02
4440 6.02 6.193
4243 6.193 6.193
4338 6.193 6.193
4190 6.193 6.193
4188 6.193 6.102
4389 6.102 6.102
4359 6.102 6.102
4342 6.102 5.915
4312 5.915 5.915
4450 5.915 5.915
4245 5.915 5.915
4477 5.915 5.921
4464 5.921 5.921
4443 5.921 5.921
4506 5.921 5.932
4527 5.932 5.932
4455 5.932 5.932
4418 5.932 5.932
4527 5.932 5.911
4367 5.911 5.911
4346 5.911 5.911
4269 5.911 5.911
4300 5.911 5.859
4188 5.859 5.859
4312 5.859 5.859
4261 5.859 6.01
4312 6.01 6.01
4298 6.01 6.01
4392 6.01 6.288
4289 6.288 6.288
4360 6.288 6.288
4380 6.288 6.288
4386 6.288 5.913
4385 5.913 5.913
4248 5.913 5.913
4257 5.913 5.913
4188 5.913 5.901
4242 5.901 5.901
4419 5.901 5.901
4188 5.901 6.214
4188 6.214 6.214
4243 6.214 6.214
4325 6.214 6.494
4188 6.494 6.494
4336 6.494 6.494
4446 6.494 6.494
4409 6.494 6.283
4504 6.283 6.283
4300 6.283 6.283
4262 6.283 6.283
4301 6.283 6.209
4334 6.209 6.209
4193 6.209 6.209
4188 6.209 6.6
4198 6.6 6.6
4223 6.6 6.6
4257 6.6 6.6
4275 6.6 6.638
4229 6.638 6.638
4333 6.638 6.638
4288 6.638 6.638
4280 6.638 6.529
4299 6.529 6.529
4282 6.529 6.529
4287 6.529 6.529
4268 6.529 6.474
4256 6.474 6.474
4351 6.474 6.474
4512 6.474 6.474
4190 6.474 6.921
4188 6.921 6.921
4265 6.921 6.921
4372 6.921 6.921
4331 6.921 6.813
4290 6.813 6.813
4277 6.813 6.813
4426 6.813 6.813
4365 6.813 6.597
4188 6.597 6.597
4255 6.597 6.597
4425 6.597 6.597
4369 6.597 6.82
4351 6.82 6.82
4392 6.82 6.82
4268 6.82 6.82
4188 6.82 7.32
4341 7.32 7.32
4307 7.32 7.32
4284 7.32 7.32
4311 7.32 7.296
4296 7.296 7.296
4355 7.296 7.296
4317 7.296 7.296
4253 7.296 7.036
4209 7.036 7.036
4242 7.036 7.036
4188 7.036 7.036
4275 7.036 7.111
4367 7.111 7.111
4312 7.111 7.111
4361 7.111 7.111
4499 7.111 7.175
4591 7.175 7.175
4446 7.175 7.175
4558 7.175 7.175
4387 7.175 7.023
4378 7.023 7.023
4233 7.023 7.023
4324 7.023 7.023
4214 7.023 6.691
4411 6.691 6.691
4301 6.691 6.691
4276 6.691 6.691
4364 6.691 6.613
4381 6.613 6.613
4272 6.613 6.613
4315 6.613 6.613
4245 6.613 6.618
4319 6.618 6.618
4223 6.618 6.618
4282 6.618 6.618
4276 6.618 6.649
4339 6.649 6.649
4306 6.649 6.649
4379 6.649 6.649
4373 6.649 6.549
4388 6.549 6.549
4390 6.549 6.549
4232 6.549 6.549
4439 6.549 6.361
4340 6.361 6.361
4390 6.361 6.361
4274 6.361 6.361
4301 6.361 6.449
4383 6.449 6.449
4266 6.449 6.449
4238 6.449 6.449
4262 6.449 6.545
4188 6.545 6.545
4265 6.545 6.545
4188 6.545 6.545
4363 6.545 6.477
4273 6.477 6.477
4346 6.477 6.477
4343 6.477 6.477
4320 6.477 6.468
4268 6.468 6.468
4210 6.468 6.468
4281 6.468 6.468
4188 6.468 6.466
4376 6.466 6.466
4373 6.466 6.466
4555 6.466 6.466
4484 6.466 6.561
4573 6.561 6.561
4287 6.561 6.561
4241 6.561 6.561
4188 6.561 6.539
4231 6.539 6.539
4262 6.539 6.539
4243 6.539 6.539
4242 6.539 6.389
4287 6.389 6.389
4255 6.389 6.389
4373 6.389 6.389
4462 6.389 6.483
4356 6.483 6.483
4347 6.483 6.483
4258 6.483 6.483
4265 6.483 6.321
4211 6.321 6.321
4250 6.321 6.321
4188 6.321 6.321
4203 6.321 6.539
4323 6.539 6.539
4348 6.539 6.539
4459 6.539 6.539
4462 6.539 6.699
4444 6.699 6.699
4399 6.699 6.699
4405 6.699 6.699
4322 6.699 6.498
4344 6.498 6.498
4275 6.498 6.498
4273 6.498 6.498
4370 6.498 6.368
4265 6.368 6.368
4229 6.368 6.368
4275 6.368 6.368
4188 6.368 7.226
4286 7.226 7.226
4235 7.226 7.226
4615 7.226 7.226
4352 7.226 8.144
4346 8.144 8.144
4385 8.144 8.144
4385 8.144 8.144
4469 8.144 8.144
4530 8.144 8.001
4495 8.001 8.001
4522 8.001 8.001
4543 8.001 8.001
4435 8.001 8.001
4390 8.001 7.553
4469 7.553 7.553
4429 7.553 7.553
4188 7.553 7.553
4268 7.553 7.462
4188 7.462 7.462
4356 7.462 7.462
4407 7.462 7.462
4364 7.462 7.834
4332 7.834 7.834
4407 7.834 7.834
4320 7.834 7.834
4338 7.834 7.853
4357 7.853 7.853
4358 7.853 7.853
4351 7.853 7.853
4395 7.853 7.853
4291 7.853 7.708
4287 7.708 7.708
4227 7.708 7.708
4370 7.708 7.708
4658 7.708 7.633
4472 7.633 7.633
4279 7.633 7.633
4286 7.633 7.633
4244 7.633 7.76
4188 7.76 7.76
4188 7.76 7.76
4188 7.76 7.76
4275 7.76 8.086
4225 8.086 8.086
4301 8.086 8.086
4283 8.086 8.086
4373 8.086 8.059
4276 8.059 8.059
4215 8.059 8.059
4293 8.059 8.059
4244 8.059 8.059
4217 8.059 7.927
4371 7.927 7.927
4277 7.927 7.927
4310 7.927 7.927
4311 7.927 7.857
4293 7.857 7.857
4264 7.857 7.857
4283 7.857 7.857
4335 7.857 7.974
4203 7.974 7.974
4229 7.974 7.974
4236 7.974 7.974
4239 7.974 7.971
4244 7.971 7.971
4254 7.971 7.971
4326 7.971 7.971
4400 7.971 8.017
4354 8.017 8.017
4273 8.017 8.017
4546 8.017 8.017
4477 8.017 8.017
4349 8.017 7.777
4354 7.777 7.777
4322 7.777 7.777
4353 7.777 7.777
4371 7.777 7.623
4551 7.623 7.623
4367 7.623 7.623
4203 7.623 7.623
4365 7.623 7.581
4309 7.581 7.581
4453 7.581 7.581
4310 7.581 7.581
4256 7.581 7.612
4317 7.612 7.612
4263 7.612 7.612
4188 7.612 7.612
4381 7.612 8.018
4388 8.018 8.018
4385 8.018 8.018
4442 8.018 8.018
4324 8.018 7.806
4366 7.806 7.806
4326 7.806 7.806
4268 7.806 7.806
4251 7.806 7.628
4290 7.628 7.628
