5232 100.0 100.0
6885 100.0 100.0
8538 100.0 100.0
10191 100.0 100.0
11844 100.0 100.0
13497 100.0 100.0
15150 100.0 100.0
16803 100.0 100.0
18456 100.0 100.0
20109 100.0 100.0
21762 100.0 100.0
23415 100.0 100.0
25068 100.0 100.0
26721 100.0 100.0
28374 100.0 100.0
30027 100.0 100.0
31680 100.0 100.0
33333 100.0 100.0
34986 100.0 100.0
36639 100.0 100.0
38292 100.0 100.0
39945 100.0 100.0
41598 100.0 100.0
43251 100.0 100.0
44904 100.0 100.0
46557 100.0 100.0
48210 100.0 100.0
49863 100.0 100.0
51516 100.0 100.0
53169 100.0 100.0
54822 100.0 100.0
56475 100.0 100.0
58128 100.0 100.0
59781 100.0 100.0
61434 100.0 100.0
63087 100.0 100.0
64740 100.0 100.0
66393 100.0 100.0
68046 100.0 100.0
69699 100.0 100.0
71352 100.0 100.0
73005 100.0 100.0
74658 100.0 100.0
76311 100.0 100.0
77964 100.0 100.0
79617 100.0 100.0
81270 100.0 100.0
82923 100.0 100.0
84576 100.0 100.0
86229 100.0 100.0
87882 100.0 100.0
89535 100.0 100.0
90480 100.0 19.591
16356 19.591 19.591
16965 19.591 19.591
18096 19.591 19.591
18539 19.591 19.591
19836 19.591 19.591
20221 19.591 19.591
20880 19.591 19.591
20880 19.591 19.591
20880 19.591 19.591
19053 19.591 19.591
18792 19.591 9.56
6960 9.56 9.56
6960 9.56 9.56
7569 9.56 9.56
8225 9.56 9.56
8531 9.56 5.602
5220 5.602 5.602
5122 5.602 5.602
5045 5.602 4.429
4188 4.429 4.429
4188 4.429 4.429
4395 4.429 4.857
4188 4.857 4.857
4205 4.857 4.857
4237 4.857 4.966
4396 4.966 4.966
4482 4.966 4.966
4640 4.966 4.463
4612 4.463 4.463
4309 4.463 4.463
4275 4.463 4.435
4218 4.435 4.435
4193 4.435 4.435
4409 4.435 4.66
4436 4.66 4.66
4560 4.66 4.66
4516 4.66 4.548
4400 4.548 4.548
4538 4.548 4.548
4448 4.548 4.318
4511 4.318 4.318
4247 4.318 4.318
4353 4.318 4.316
4314 4.316 4.316
4328 4.316 4.316
4272 4.316 4.29
4188 4.29 4.29
4308 4.29 4.29
4478 4.29 4.46
4642 4.46 4.46
4598 4.46 4.46
4622 4.46 4.272
4238 4.272 4.272
4283 4.272 4.272
4344 4.272 4.36
4188 4.36 4.36
4313 4.36 4.36
4242 4.36 4.444
4247 4.444 4.444
4378 4.444 4.444
4330 4.444 4.357
4411 4.357 4.357
4560 4.357 4.357
4273 4.357 4.359
4315 4.359 4.359
4440 4.359 4.359
4387 4.359 4.212
4306 4.212 4.212
4214 4.212 4.212
4270 4.212 4.197
4188 4.197 4.197
4322 4.197 4.197
4319 4.197 4.261
4284 4.261 4.261
4269 4.261 4.261
4231 4.261 4.35
4188 4.35 4.35
4319 4.35 4.35
4426 4.35 4.219
4373 4.219 4.219
4665 4.219 4.219
4568 4.219 4.251
4373 4.251 4.251
4229 4.251 4.251
4322 4.251 4.364
4188 4.364 4.364
4287 4.364 4.364
4210 4.364 4.324
4283 4.324 4.324
4272 4.324 4.324
4385 4.324 4.356
4360 4.356 4.356
4458 4.356 4.356
4237 4.356 4.346
4364 4.346 4.346
4297 4.346 4.346
4256 4.346 4.408
4194 4.408 4.408
4188 4.408 4.408
4403 4.408 4.473
4459 4.473 4.473
4350 4.473 4.473
4450 4.473 4.278
4325 4.278 4.278
4263 4.278 4.278
4277 4.278 4.298
4314 4.298 4.298
4326 4.298 4.298
4470 4.298 4.321
4407 4.321 4.321
4492 4.321 4.321
4355 4.321 4.322
4354 4.322 4.322
4322 4.322 4.322
4414 4.322 4.402
4188 4.402 4.402
4309 4.402 4.402
4639 4.402 4.378
4656 4.378 4.378
4407 4.378 4.378
4356 4.378 4.07
4356 4.07 4.07
4332 4.07 4.07
4382 4.07 4.154
4250 4.154 4.154
4188 4.154 4.154
4241 4.154 4.36
4294 4.36 4.36
4456 4.36 4.36
4471 4.36 4.337
4451 4.337 4.337
4319 4.337 4.337
4306 4.337 4.22
4188 4.22 4.22
4417 4.22 4.22
4200 4.22 4.35
4404 4.35 4.35
4298 4.35 4.35
4256 4.35 4.321
4188 4.321 4.321
4363 4.321 4.321
4343 4.321 4.216
4369 4.216 4.216
4188 4.216 4.216
4318 4.216 4.219
4213 4.219 4.219
4290 4.219 4.219
4202 4.219 4.208
4311 4.208 4.208
4442 4.208 4.208
4232 4.208 4.116
4256 4.116 4.116
4557 4.116 4.116
4353 4.116 3.914
4496 3.914 3.914
4346 3.914 3.914
4366 3.914 3.837
4188 3.837 3.837
4322 3.837 3.935
4229 3.935 3.935
4206 3.935 4.041
4188 4.041 4.041
4188 4.041 4.061
4269 4.061 4.061
4259 4.061 4.129
4240 4.129 4.129
4336 4.129 4.129
4438 4.129 4.0
4486 4.0 4.0
4443 4.0 4.0
4307 4.0 3.951
4243 3.951 3.951
4403 3.951 3.95
4460 3.95 3.95
4211 3.95 3.95
4233 3.95 3.993
4197 3.993 3.993
4188 3.993 4.224
4257 4.224 4.224
4223 4.224 4.276
4273 4.276 4.276
4328 4.276 4.276
4325 4.276 4.345
4384 4.345 4.345
4303 4.345 4.345
4321 4.345 4.344
4446 4.344 4.344
4362 4.344 4.344
4188 4.344 4.124
4346 4.124 4.124
4599 4.124 4.124
4487 4.124 4.213
4578 4.213 4.213
4494 4.213 4.213
4425 4.213 4.156
4427 4.156 4.156
4438 4.156 4.156
4524 4.156 4.032
4634 4.032 4.032
4491 4.032 4.032
4188 4.032 3.86
4188 3.86 3.86
4188 3.86 3.897
4188 3.897 3.897
4240 3.897 4.13
4294 4.13 4.13
4250 4.13 4.248
4282 4.248 4.248
4482 4.248 4.248
4431 4.248 3.973
4434 3.973 3.973
4525 3.973 3.973
4633 3.973 3.869
4402 3.869 3.869
4317 3.869 3.912
4320 3.912 3.912
4474 3.912 3.909
4372 3.909 3.909
4188 3.909 3.909
4301 3.909 3.991
4343 3.991 3.991
4188 3.991 3.967
4249 3.967 3.967
4427 3.967 4.097
4188 4.097 4.097
4188 4.097 4.097
4188 4.097 4.117
4446 4.117 4.117
4253 4.117 4.117
4188 4.117 4.187
4390 4.187 4.187
4293 4.187 4.187
4289 4.187 4.012
4390 4.012 4.012
4454 4.012 4.012
4286 4.012 4.041
4616 4.041 4.041
4458 4.041 4.058
4555 4.058 4.058
4512 4.058 4.058
4278 4.058 4.016
4329 4.016 4.016
4275 4.016 4.016
4235 4.016 3.943
4275 3.943 3.943
4329 3.943 4.141
4365 4.141 4.141
4255 4.141 4.245
4306 4.245 4.245
4447 4.245 4.245
4361 4.245 4.138
4314 4.138 4.138
4464 4.138 4.138
4419 4.138 4.094
4367 4.094 4.094
4333 4.094 4.094
4296 4.094 4.205
4465 4.205 4.205
4458 4.205 4.205
4558 4.205 4.045
4496 4.045 4.045
4308 4.045 4.045
4213 4.045 3.873
4350 3.873 3.873
4395 3.873 3.92
4220 3.92 3.92
4188 3.92 3.92
4254 3.92 4.113
4501 4.113 4.113
4346 4.113 4.048
4265 4.048 4.048
4464 4.048 4.048
4188 4.048 3.971
4280 3.971 3.971
4491 3.971 4.078
4411 4.078 4.078
4359 4.078 4.078
4376 4.078 4.094
4612 4.094 4.094
4688 4.094 4.094
4427 4.094 4.043
4400 4.043 4.043
4270 4.043 4.043
4201 4.043 4.138
4512 4.138 4.138
4397 4.138 4.23
4299 4.23 4.23
4404 4.23 4.23
4401 4.23 4.221
4317 4.221 4.221
4260 4.221 4.221
4304 4.221 4.162
4295 4.162 4.162
4466 4.162 4.162
4342 4.162 4.143
4472 4.143 4.143
4298 4.143 4.143
4279 4.143 4.132
4409 4.132 4.132
4427 4.132 4.132
4558 4.132 4.114
4510 4.114 4.114
4485 4.114 4.114
4520 4.114 4.016
4379 4.016 4.016
4596 4.016 4.016
4317 4.016 4.062
4204 4.062 4.062
4362 4.062 4.212
4506 4.212 4.212
4502 4.212 4.212
4464 4.212 4.072
4624 4.072 4.072
4377 4.072 4.072
4380 4.072 3.868
4421 3.868 3.868
4404 3.868 3.843
4304 3.843 3.843
4266 3.843 3.993
4476 3.993 3.993
4436 3.993 3.953
4368 3.953 3.953
4254 3.953 3.953
4373 3.953 3.993
4629 3.993 3.993
4400 3.993 3.886
4280 3.886 3.886
4346 3.886 3.886
4262 3.886 3.91
4235 3.91 3.91
4217 3.91 4.016
4250 4.016 4.016
4188 4.016 4.11
4188 4.11 4.11
4287 4.11 4.11
4409 4.11 4.075
4593 4.075 4.075
4345 4.075 4.075
4306 4.075 4.032
4263 4.032 4.032
4336 4.032 4.124
4549 4.124 4.124
4760 4.124 4.076
4583 4.076 4.076
4665 4.076 4.076
4375 4.076 3.905
4290 3.905 3.905
4270 3.905 3.846
4475 3.846 3.846
4247 3.846 3.892
4188 3.892 3.892
4471 3.892 3.887
4281 3.887 3.887
4327 3.887 3.887
4327 3.887 3.794
4191 3.794 3.794
4188 3.794 3.901
4195 3.901 3.901
4377 3.901 4.018
4262 4.018 4.018
4348 4.018 4.018
4198 4.018 3.994
4514 3.994 3.994
4530 3.994 3.903
4477 3.903 3.903
4247 3.903 3.903
4188 3.903 4.047
4188 4.047 4.047
4188 4.047 4.19
4188 4.19 4.19
4244 4.19 4.19
4486 4.19 4.128
4237 4.128 4.128
4269 4.128 4.128
4375 4.128 4.123
4399 4.123 4.123
4523 4.123 4.123
4436 4.123 4.158
4344 4.158 4.158
4342 4.158 4.158
4206 4.158 4.151
4192 4.151 4.151
4286 4.151 4.272
4440 4.272 4.272
4298 4.272 4.272
4319 4.272 4.42
4407 4.42 4.42
4547 4.42 4.42
4402 4.42 4.378
4303 4.378 4.378
4188 4.378 4.378
4301 4.378 4.37
4362 4.37 4.37
4395 4.37 4.37
4500 4.37 4.425
4198 4.425 4.425
4188 4.425 4.425
4188 4.425 4.525
4221 4.525 4.525
4433 4.525 4.525
4247 4.525 4.439
4188 4.439 4.439
4325 4.439 4.439
4206 4.439 4.613
4279 4.613 4.613
4379 4.613 4.613
4502 4.613 4.802
4423 4.802 4.802
4416 4.802 4.802
4515 4.802 4.566
4323 4.566 4.566
4347 4.566 4.566
4218 4.566 4.514
4214 4.514 4.514
4188 4.514 4.514
4419 4.514 4.796
4508 4.796 4.796
4280 4.796 4.796
4277 4.796 4.776
4269 4.776 4.776
4188 4.776 4.776
4353 4.776 4.778
4295 4.778 4.778
4480 4.778 4.778
4313 4.778 4.743
4483 4.743 4.743
4238 4.743 4.743
4346 4.743 4.797
4383 4.797 4.797
4280 4.797 4.797
4260 4.797 4.832
4300 4.832 4.832
4274 4.832 4.832
4500 4.832 4.609
4440 4.609 4.609
4473 4.609 4.609
4665 4.609 4.59
4627 4.59 4.59
4251 4.59 4.59
4263 4.59 4.627
4280 4.627 4.627
4435 4.627 4.627
4416 4.627 4.609
4258 4.609 4.609
4242 4.609 4.609
4263 4.609 4.726
4330 4.726 4.726
4338 4.726 4.726
4245 4.726 4.63
4392 4.63 4.63
4466 4.63 4.63
4289 4.63 4.517
4188 4.517 4.517
4273 4.517 4.517
4211 4.517 4.566
4188 4.566 4.566
4209 4.566 4.566
4312 4.566 4.636
4369 4.636 4.636
4249 4.636 4.636
4188 4.636 4.589
4304 4.589 4.589
4318 4.589 4.589
4422 4.589 4.742
4482 4.742 4.742
4767 4.742 4.742
4846 4.742 4.816
4823 4.816 4.816
4688 4.816 4.816
4618 4.816 4.409
4374 4.409 4.409
4221 4.409 4.409
4188 4.409 4.379
4307 4.379 4.379
4189 4.379 4.749
4322 4.749 4.749
4367 4.749 4.749
4445 4.749 4.69
4421 4.69 4.69
4560 4.69 4.69
4267 4.69 4.42
4252 4.42 4.42
4343 4.42 4.42
4491 4.42 4.624
4409 4.624 4.624
4509 4.624 4.624
4451 4.624 4.624
4417 4.624 4.624
4341 4.624 4.624
4332 4.624 4.464
4250 4.464 4.464
4233 4.464 4.464
4395 4.464 4.398
4383 4.398 4.398
4494 4.398 4.398
4708 4.398 4.49
4687 4.49 4.49
4681 4.49 4.49
4743 4.49 4.387
4662 4.387 4.387
4329 4.387 4.387
4188 4.387 4.347
4188 4.347 4.347
4250 4.347 4.347
4558 4.347 4.546
4474 4.546 4.546
4345 4.546 4.546
4500 4.546 4.522
4422 4.522 4.522
4241 4.522 4.522
4353 4.522 4.279
4281 4.279 4.279
4297 4.279 4.279
4292 4.279 4.393
4241 4.393 4.393
4390 4.393 4.393
4188 4.393 4.473
4271 4.473 4.473
4188 4.473 4.473
4391 4.473 4.533
4496 4.533 4.533
4534 4.533 4.533
4629 4.533 4.42
4411 4.42 4.42
4331 4.42 4.42
4272 4.42 4.332
4449 4.332 4.332
4466 4.332 4.332
4565 4.332 4.385
4543 4.385 4.385
4441 4.385 4.385
4417 4.385 4.36
4319 4.36 4.36
4420 4.36 4.36
4286 4.36 4.342
4454 4.342 4.342
4354 4.342 4.342
4390 4.342 4.376
4289 4.376 4.376
4364 4.376 4.376
4545 4.376 4.323
4203 4.323 4.323
4316 4.323 4.323
4241 4.323 4.338
4328 4.338 4.338
4222 4.338 4.338
4243 4.338 4.328
4404 4.328 4.328
4446 4.328 4.328
4361 4.328 4.32
4485 4.32 4.32
4351 4.32 4.32
4229 4.32 4.396
4374 4.396 4.396
4351 4.396 4.396
4315 4.396 4.409
4361 4.409 4.409
4372 4.409 4.409
4381 4.409 4.362
4446 4.362 4.362
4262 4.362 4.362
4462 4.362 4.429
4268 4.429 4.429
4188 4.429 4.429
4308 4.429 4.458
4426 4.458 4.458
4317 4.458 4.458
4192 4.458 4.388
4217 4.388 4.388
4318 4.388 4.388
4497 4.388 4.248
4405 4.248 4.248
4299 4.248 4.248
4188 4.248 4.234
4188 4.234 4.234
4360 4.234 4.234
4215 4.234 4.254
4384 4.254 4.254
4342 4.254 4.254
4381 4.254 4.276
4389 4.276 4.276
4336 4.276 4.276
4366 4.276 4.317
4326 4.317 4.317
4426 4.317 4.317
4321 4.317 4.196
4290 4.196 4.196
4188 4.196 4.196
4193 4.196 4.174
4242 4.174 4.174
4258 4.174 4.264
4188 4.264 4.264
4214 4.264 4.264
4188 4.264 4.352
4388 4.352 4.352
4323 4.352 4.352
4273 4.352 4.208
4321 4.208 4.208
4200 4.208 4.208
4304 4.208 4.285
4465 4.285 4.285
4252 4.285 4.285
4351 4.285 4.425
4400 4.425 4.425
4442 4.425 4.425
4386 4.425 4.397
4307 4.397 4.397
4474 4.397 4.397
4445 4.397 4.289
4295 4.289 4.289
4193 4.289 4.289
4403 4.289 4.593
4321 4.593 4.593
4474 4.593 4.593
4403 4.593 4.573
4213 4.573 4.573
4251 4.573 4.573
4346 4.573 4.445
4259 4.445 4.445
4271 4.445 4.445
4448 4.445 4.556
4412 4.556 4.556
4390 4.556 4.556
4400 4.556 4.626
4337 4.626 4.626
4332 4.626 4.626
4258 4.626 4.593
4297 4.593 4.593
4303 4.593 4.593
4244 4.593 4.537
4429 4.537 4.537
4241 4.537 4.537
4259 4.537 4.6
4279 4.6 4.6
4389 4.6 4.6
4447 4.6 4.607
4528 4.607 4.607
4326 4.607 4.607
4188 4.607 4.759
4236 4.759 4.759
4258 4.759 4.759
4355 4.759 4.716
4477 4.716 4.716
4436 4.716 4.716
4189 4.716 4.727
4252 4.727 4.727
4305 4.727 4.727
4583 4.727 4.786
4445 4.786 4.786
4410 4.786 4.786
4544 4.786 4.713
4621 4.713 4.713
4455 4.713 4.713
4273 4.713 4.655
4247 4.655 4.655
4222 4.655 4.655
4441 4.655 4.753
4393 4.753 4.753
4376 4.753 4.753
4725 4.753 4.855
4595 4.855 4.855
4448 4.855 4.855
4559 4.855 4.709
4294 4.709 4.709
4246 4.709 4.709
4222 4.709 4.587
4324 4.587 4.587
4506 4.587 4.587
4259 4.587 4.569
4341 4.569 4.569
4591 4.569 4.569
4510 4.569 4.655
4340 4.655 4.655
4423 4.655 4.655
4347 4.655 4.487
4350 4.487 4.487
4438 4.487 4.487
4188 4.487 4.303
4188 4.303 4.303
4275 4.303 4.303
4188 4.303 4.436
4210 4.436 4.436
4356 4.436 4.436
4496 4.436 4.496
4399 4.496 4.496
4525 4.496 4.496
4265 4.496 4.389
4392 4.389 4.389
4297 4.389 4.389
4342 4.389 4.265
4391 4.265 4.265
4493 4.265 4.265
4361 4.265 4.237
4247 4.237 4.237
4488 4.237 4.237
4424 4.237 4.217
4498 4.217 4.217
4528 4.217 4.217
4542 4.217 3.935
4401 3.935 3.935
4368 3.935 3.935
4259 3.935 3.927
4464 3.927 3.927
4332 3.927 3.904
4188 3.904 3.904
4544 3.904 4.042
4475 4.042 4.042
4623 4.042 4.042
4467 4.042 3.916
4197 3.916 3.916
4615 3.916 3.916
4254 3.916 3.842
4249 3.842 3.842
4328 3.842 3.989
4373 3.989 3.989
4336 3.989 3.993
4365 3.993 3.993
4367 3.993 3.993
4297 3.993 3.851
4304 3.851 3.851
4247 3.851 3.793
4188 3.793 3.793
4276 3.793 3.878
4299 3.878 3.878
4527 3.878 3.806
4539 3.806 3.806
4472 3.806 3.806
4281 3.806 3.618
4243 3.618 3.618
4413 3.618 3.531
4363 3.531 3.531
4188 3.531 3.412
4200 3.412 3.412
4249 3.412 3.643
4577 3.643 3.643
4272 3.643 3.564
4408 3.564 3.564
4535 3.564 3.541
4381 3.541 3.541
4293 3.541 3.6
4773 3.6 3.6
4278 3.6 3.589
4188 3.589 3.589
4195 3.589 3.497
4393 3.497 3.497
4188 3.497 3.668
4408 3.668 3.668
4376 3.668 3.675
4346 3.675 3.675
4626 3.675 3.595
4486 3.595 3.595
4188 3.595 3.571
4444 3.571 3.571
4480 3.571 3.621
4377 3.621 3.621
4285 3.621 3.563
4259 3.563 3.563
4343 3.563 3.661
4419 3.661 3.661
4238 3.661 3.616
4436 3.616 3.616
4188 3.616 3.58
4263 3.58 3.58
4215 3.58 3.618
4200 3.618 3.618
4315 3.618 3.686
4384 3.686 3.686
4434 3.686 3.675
4200 3.675 3.675
4299 3.675 3.675
4385 3.675 3.675
4188 3.675 3.903
4480 3.903 3.903
4211 3.903 3.869
4267 3.869 3.869
4431 3.869 3.855
4315 3.855 3.855
4368 3.855 3.855
4473 3.855 3.688
4341 3.688 3.688
4188 3.688 3.741
4377 3.741 3.741
4427 3.741 3.682
4511 3.682 3.682
4315 3.682 3.591
4307 3.591 3.591
4324 3.591 3.479
4350 3.479 3.479
4230 3.479 3.633
4412 3.633 3.633
4367 3.633 3.667
4323 3.667 3.667
4284 3.667 3.804
4331 3.804 3.804
4303 3.804 3.717
4235 3.717 3.717
4347 3.717 3.81
4244 3.81 3.81
4322 3.81 3.91
4464 3.91 3.91
4255 3.91 3.936
4719 3.936 3.936
4666 3.936 3.848
4589 3.848 3.848
4389 3.848 3.848
4200 3.848 3.876
4239 3.876 3.876
4252 3.876 3.978
4196 3.978 3.978
4256 3.978 4.159
4425 4.159 4.159
4581 4.159 4.159
4573 4.159 3.987
4383 3.987 3.987
4300 3.987 3.987
4211 3.987 3.894
4191 3.894 3.894
4330 3.894 4.126
4425 4.126 4.126
4188 4.126 4.264
4278 4.264 4.264
4371 4.264 4.264
4332 4.264 4.144
4280 4.144 4.144
4188 4.144 4.144
4271 4.144 4.174
4478 4.174 4.174
4565 4.174 4.174
4244 4.174 4.13
4374 4.13 4.13
4258 4.13 4.13
4497 4.13 4.065
4399 4.065 4.065
4284 4.065 4.065
4304 4.065 3.99
4271 3.99 3.99
4229 3.99 4.117
4386 4.117 4.117
4357 4.117 4.117
4217 4.117 4.174
4303 4.174 4.174
4188 4.174 4.174
4593 4.174 4.241
4519 4.241 4.241
4470 4.241 4.241
4345 4.241 4.098
4303 4.098 4.098
4332 4.098 4.098
4501 4.098 4.211
4586 4.211 4.211
4479 4.211 4.211
4410 4.211 4.047
4476 4.047 4.047
4382 4.047 4.047
4439 4.047 3.911
4312 3.911 3.911
4421 3.911 4.028
4188 4.028 4.028
4421 4.028 4.216
4312 4.216 4.216
4649 4.216 4.216
4669 4.216 4.061
4380 4.061 4.061
4544 4.061 4.061
4259 4.061 3.798
4328 3.798 3.798
4516 3.798 4.072
4249 4.072 4.072
4538 4.072 4.227
4354 4.227 4.227
4829 4.227 4.227
4594 4.227 4.108
4620 4.108 4.108
4278 4.108 4.108
4232 4.108 3.921
4332 3.921 3.921
4309 3.921 4.154
4401 4.154 4.154
4339 4.154 4.228
4476 4.228 4.228
4373 4.228 4.228
4399 4.228 4.019
4248 4.019 4.019
4467 4.019 4.019
4388 4.019 4.003
4287 4.003 4.003
4259 4.003 4.124
4506 4.124 4.124
4238 4.124 4.114
4292 4.114 4.114
4232 4.114 4.114
4636 4.114 4.011
4263 4.011 4.011
4249 4.011 4.011
4188 4.011 4.077
4188 4.077 4.077
4211 4.077 4.228
4278 4.228 4.228
4261 4.228 4.228
4374 4.228 4.187
4235 4.187 4.187
4569 4.187 4.187
4401 4.187 4.033
4459 4.033 4.033
4610 4.033 4.033
4337 4.033 3.895
4462 3.895 3.895
4188 3.895 3.96
4472 3.96 3.96
4263 3.96 4.135
4377 4.135 4.135
4298 4.135 4.045
4256 4.045 4.045
4188 4.045 4.045
4542 4.045 4.067
4334 4.067 4.067
4210 4.067 4.067
4326 4.067 4.157
4188 4.157 4.157
4473 4.157 4.157
4385 4.157 4.065
4287 4.065 4.065
4427 4.065 4.065
4433 4.065 3.972
4188 3.972 3.972
4215 3.972 4.014
4337 4.014 4.014
4567 4.014 4.05
4361 4.05 4.05
4375 4.05 4.05
4301 4.05 4.061
4273 4.061 4.061
4227 4.061 4.061
4195 4.061 4.181
4437 4.181 4.181
4188 4.181 4.244
4412 4.244 4.244
4384 4.244 4.244
4327 4.244 4.203
4274 4.203 4.203
4452 4.203 4.203
4302 4.203 4.368
4406 4.368 4.368
4351 4.368 4.368
4418 4.368 4.396
4438 4.396 4.396
4231 4.396 4.396
4188 4.396 4.42
4188 4.42 4.42
4258 4.42 4.42
4374 4.42 4.622
4381 4.622 4.622
4471 4.622 4.622
4499 4.622 4.582
4241 4.582 4.582
4207 4.582 4.582
4282 4.582 4.419
4351 4.419 4.419
4328 4.419 4.419
4352 4.419 4.41
4379 4.41 4.41
4571 4.41 4.41
4510 4.41 4.405
4289 4.405 4.405
4412 4.405 4.405
4347 4.405 4.257
4413 4.257 4.257
4320 4.257 4.257
4421 4.257 4.218
4303 4.218 4.218
4247 4.218 4.218
4541 4.218 4.38
4382 4.38 4.38
4511 4.38 4.38
4551 4.38 4.374
4341 4.374 4.374
4470 4.374 4.374
4338 4.374 4.258
4216 4.258 4.258
4188 4.258 4.258
4219 4.258 4.261
4375 4.261 4.261
4495 4.261 4.261
4333 4.261 4.435
4301 4.435 4.435
4304 4.435 4.435
4475 4.435 4.372
4251 4.372 4.372
4243 4.372 4.372
4256 4.372 4.394
4230 4.394 4.394
4342 4.394 4.394
4496 4.394 4.58
4308 4.58 4.58
4409 4.58 4.58
4188 4.58 4.604
4313 4.604 4.604
4260 4.604 4.604
4377 4.604 4.842
4478 4.842 4.842
4266 4.842 4.842
4293 4.842 4.674
4188 4.674 4.674
4197 4.674 4.674
4237 4.674 4.593
4449 4.593 4.593
4443 4.593 4.593
4266 4.593 4.703
4349 4.703 4.703
4583 4.703 4.703
4556 4.703 4.509
4255 4.509 4.509
4419 4.509 4.509
4326 4.509 4.304
4327 4.304 4.304
4353 4.304 4.304
4218 4.304 4.294
4188 4.294 4.294
4361 4.294 4.294
4245 4.294 4.304
4231 4.304 4.304
4584 4.304 4.304
4321 4.304 4.148
4341 4.148 4.148
4239 4.148 4.148
4282 4.148 4.156
4259 4.156 4.156
4362 4.156 4.258
4563 4.258 4.258
4483 4.258 4.258
4489 4.258 4.123
4570 4.123 4.123
4363 4.123 4.123
4637 4.123 3.933
4356 3.933 3.933
4229 3.933 3.933
4327 3.933 4.03
4322 4.03 4.03
4217 4.03 4.137
4351 4.137 4.137
4270 4.137 4.04
4514 4.04 4.04
4413 4.04 4.04
4314 4.04 3.943
4379 3.943 3.943
4412 3.943 3.972
4407 3.972 3.972
4427 3.972 4.127
4238 4.127 4.127
4405 4.127 4.127
4666 4.127 4.074
4367 4.074 4.074
4523 4.074 4.074
4287 4.074 3.997
4323 3.997 3.997
4264 3.997 3.997
4469 3.997 4.065
4407 4.065 4.065
4293 4.065 4.065
4335 4.065 4.047
4315 4.047 4.047
4335 4.047 4.165
4360 4.165 4.165
4369 4.165 4.165
4509 4.165 4.053
4272 4.053 4.053
4394 4.053 4.053
4188 4.053 3.988
4287 3.988 3.988
4188 3.988 4.269
4240 4.269 4.269
4188 4.269 4.392
4205 4.392 4.392
4188 4.392 4.392
4204 4.392 4.413
4234 4.413 4.413
4306 4.413 4.413
4350 4.413 4.203
4270 4.203 4.203
4248 4.203 4.203
4210 4.203 4.328
4267 4.328 4.328
4341 4.328 4.328
4261 4.328 4.523
4272 4.523 4.523
4238 4.523 4.523
4485 4.523 4.313
4295 4.313 4.313
4260 4.313 4.313
4221 4.313 4.322
4350 4.322 4.322
4347 4.322 4.422
4372 4.422 4.422
4493 4.422 4.422
4232 4.422 4.414
4289 4.414 4.414
4241 4.414 4.414
4262 4.414 4.395
4323 4.395 4.395
4376 4.395 4.395
4598 4.395 4.485
4582 4.485 4.485
4751 4.485 4.485
4547 4.485 4.273
4500 4.273 4.273
4344 4.273 4.273
4237 4.273 4.092
4311 4.092 4.092
4244 4.092 4.092
4237 4.092 4.092
4391 4.092 4.092
4230 4.092 4.112
4241 4.112 4.112
4247 4.112 4.112
4388 4.112 4.102
4191 4.102 4.102
4223 4.102 4.102
4262 4.102 4.075
4385 4.075 4.075
4509 4.075 4.075
4427 4.075 4.097
4188 4.097 4.097
4349 4.097 4.097
4459 4.097 3.949
4470 3.949 3.949
4440 3.949 3.949
4348 3.949 4.084
4419 4.084 4.084
4576 4.084 4.024
4449 4.024 4.024
4434 4.024 4.024
4231 4.024 4.054
4294 4.054 4.054
4327 4.054 4.17
4444 4.17 4.17
4199 4.17 4.17
4373 4.17 4.282
4264 4.282 4.282
4353 4.282 4.282
4694 4.282 4.107
4567 4.107 4.107
4512 4.107 4.107
4390 4.107 3.854
4468 3.854 3.854
4544 3.854 3.902
4425 3.902 3.902
4313 3.902 3.985
4277 3.985 3.985
4188 3.985 4.094
4274 4.094 4.094
4302 4.094 4.094
4244 4.094 4.211
4384 4.211 4.211
4267 4.211 4.257
4430 4.257 4.257
4459 4.257 4.257
4564 4.257 4.15
4566 4.15 4.15
4394 4.15 4.15
4555 4.15 3.964
4486 3.964 3.964
4344 3.964 3.964
4547 3.964 4.088
4213 4.088 4.088
4188 4.088 4.088
4188 4.088 4.24
4278 4.24 4.24
4508 4.24 4.24
4688 4.24 4.018
4489 4.018 4.018
4366 4.018 4.018
4481 4.018 3.845
4514 3.845 3.845
4404 3.845 3.796
4271 3.796 3.796
4301 3.796 3.801
4221 3.801 3.801
4293 3.801 3.9
4317 3.9 3.9
4304 3.9 3.898
4271 3.898 3.898
4205 3.898 3.975
4246 3.975 3.975
4475 3.975 4.043
4449 4.043 4.043
4419 4.043 4.043
4298 4.043 4.013
4188 4.013 4.013
4242 4.013 4.19
4351 4.19 4.19
4259 4.19 4.159
4266 4.159 4.159
4251 4.159 4.159
4444 4.159 4.154
4342 4.154 4.154
4248 4.154 4.154
4264 4.154 4.236
4258 4.236 4.236
4398 4.236 4.236
4537 4.236 4.237
4366 4.237 4.237
4274 4.237 4.237
4217 4.237 4.215
4188 4.215 4.215
4491 4.215 4.215
4272 4.215 4.207
4472 4.207 4.207
4367 4.207 4.207
4360 4.207 4.239
4518 4.239 4.239
4496 4.239 4.239
4689 4.239 4.464
4555 4.464 4.464
4462 4.464 4.464
4400 4.464 4.257
4338 4.257 4.257
4364 4.257 4.257
4447 4.257 4.414
4405 4.414 4.414
4293 4.414 4.414
4308 4.414 4.434
4188 4.434 4.434
4462 4.434 4.434
4410 4.434 4.325
4255 4.325 4.325
4319 4.325 4.325
4264 4.325 4.211
4419 4.211 4.211
4449 4.211 4.211
4319 4.211 4.302
4618 4.302 4.302
4266 4.302 4.302
4383 4.302 4.273
4401 4.273 4.273
4343 4.273 4.273
4246 4.273 4.314
4437 4.314 4.314
4399 4.314 4.314
4807 4.314 4.505
4444 4.505 4.505
4442 4.505 4.505
4334 4.505 4.175
4221 4.175 4.175
4478 4.175 4.175
4188 4.175 4.255
4533 4.255 4.255
4267 4.255 4.343
4261 4.343 4.343
4356 4.343 4.343
4365 4.343 4.533
4398 4.533 4.533
4452 4.533 4.533
4259 4.533 4.493
4265 4.493 4.493
4415 4.493 4.493
4600 4.493 4.319
4340 4.319 4.319
4449 4.319 4.319
4387 4.319 4.272
4417 4.272 4.272
4434 4.272 4.272
4415 4.272 4.155
4188 4.155 4.155
4239 4.155 4.155
4324 4.155 4.123
4342 4.123 4.123
4188 4.123 4.123
4188 4.123 4.254
4477 4.254 4.254
4300 4.254 4.274
4469 4.274 4.274
4377 4.274 4.274
4283 4.274 4.102
4305 4.102 4.102
4228 4.102 4.102
4367 4.102 4.276
4188 4.276 4.276
4221 4.276 4.276
4579 4.276 4.384
4455 4.384 4.384
4474 4.384 4.384
4527 4.384 4.114
4443 4.114 4.114
4285 4.114 4.114
4310 4.114 4.004
4330 4.004 4.004
4620 4.004 4.296
4614 4.296 4.296
4435 4.296 4.296
4305 4.296 4.269
4545 4.269 4.269
4551 4.269 4.269
4492 4.269 4.198
4497 4.198 4.198
4188 4.198 4.198
4302 4.198 4.484
4310 4.484 4.484
4484 4.484 4.484
4628 4.484 4.43
4584 4.43 4.43
4581 4.43 4.43
4673 4.43 4.21
4715 4.21 4.21
4634 4.21 4.21
4421 4.21 3.959
4455 3.959 3.959
4357 3.959 4.029
4447 4.029 4.029
4745 4.029 4.169
4710 4.169 4.169
4464 4.169 4.169
4461 4.169 3.932
4490 3.932 3.932
4277 3.932 3.932
4188 3.932 3.866
4188 3.866 3.866
4233 3.866 4.05
4222 4.05 4.05
4566 4.05 4.183
4324 4.183 4.183
4620 4.183 4.183
4537 4.183 3.936
4358 3.936 3.936
4334 3.936 3.936
4188 3.936 3.966
4257 3.966 3.966
4188 3.966 4.157
4206 4.157 4.157
4267 4.157 4.352
4319 4.352 4.352
4256 4.352 4.352
4465 4.352 4.303
4343 4.303 4.303
4274 4.303 4.303
4402 4.303 4.353
4351 4.353 4.353
4310 4.353 4.353
4331 4.353 4.431
4509 4.431 4.431
4513 4.431 4.431
4372 4.431 4.233
4355 4.233 4.233
4316 4.233 4.233
4313 4.233 4.16
4299 4.16 4.16
4408 4.16 4.417
4251 4.417 4.417
4262 4.417 4.417
4456 4.417 4.497
4275 4.497 4.497
4385 4.497 4.497
4308 4.497 4.469
4476 4.469 4.469
4491 4.469 4.469
4509 4.469 4.345
4296 4.345 4.345
4285 4.345 4.345
4571 4.345 4.435
4243 4.435 4.435
4221 4.435 4.435
4330 4.435 4.552
4484 4.552 4.552
4331 4.552 4.552
4351 4.552 4.545
4205 4.545 4.545
4343 4.545 4.545
4372 4.545 4.458
4333 4.458 4.458
4188 4.458 4.458
4188 4.458 4.55
4296 4.55 4.55
4315 4.55 4.55
4313 4.55 4.435
4247 4.435 4.435
4239 4.435 4.435
4217 4.435 4.432
4198 4.432 4.432
4609 4.432 4.432
4562 4.432 4.609
4567 4.609 4.609
4404 4.609 4.609
4513 4.609 4.332
4668 4.332 4.332
4298 4.332 4.332
4188 4.332 4.281
4188 4.281 4.281
4201 4.281 4.592
4295 4.592 4.592
4227 4.592 4.592
4265 4.592 4.505
4277 4.505 4.505
4381 4.505 4.505
4491 4.505 4.401
4449 4.401 4.401
4319 4.401 4.401
4517 4.401 4.417
4476 4.417 4.417
4429 4.417 4.417
4293 4.417 4.404
4207 4.404 4.404
4433 4.404 4.404
4280 4.404 4.313
4428 4.313 4.313
4652 4.313 4.313
4667 4.313 4.274
4625 4.274 4.274
4568 4.274 4.274
4355 4.274 3.995
4261 3.995 3.995
4275 3.995 3.995
4345 3.995 4.052
4348 4.052 4.052
4240 4.052 4.246
4188 4.246 4.246
4188 4.246 4.246
4378 4.246 4.275
4420 4.275 4.275
4327 4.275 4.275
4411 4.275 4.207
4196 4.207 4.207
4219 4.207 4.207
4271 4.207 4.5
4215 4.5 4.5
4315 4.5 4.5
4391 4.5 4.486
4427 4.486 4.486
4235 4.486 4.486
4270 4.486 4.494
4188 4.494 4.494
4296 4.494 4.494
4388 4.494 4.509
4480 4.509 4.509
4407 4.509 4.509
4450 4.509 4.556
4400 4.556 4.556
4508 4.556 4.556
4188 4.556 4.537
4275 4.537 4.537
4284 4.537 4.537
4493 4.537 4.624
4533 4.624 4.624
4578 4.624 4.624
4692 4.624 4.63
4327 4.63 4.63
4699 4.63 4.63
4472 4.63 4.389
4346 4.389 4.389
4265 4.389 4.389
4272 4.389 4.306
4507 4.306 4.306
4456 4.306 4.306
4321 4.306 4.334
4401 4.334 4.334
4617 4.334 4.334
4519 4.334 4.183
4511 4.183 4.183
4475 4.183 4.183
4332 4.183 4.074
4525 4.074 4.074
4393 4.074 4.104
4345 4.104 4.104
4333 4.104 4.104
4385 4.104 4.117
4356 4.117 4.117
4337 4.117 4.117
4309 4.117 4.15
4548 4.15 4.15
4359 4.15 4.15
4419 4.15 4.118
4351 4.118 4.118
4355 4.118 4.118
4409 4.118 4.122
4524 4.122 4.122
4513 4.122 4.122
4431 4.122 3.923
4306 3.923 3.923
4337 3.923 4.037
4191 4.037 4.037
4290 4.037 4.148
4332 4.148 4.148
4188 4.148 4.148
4188 4.148 4.219
4437 4.219 4.219
4343 4.219 4.219
4317 4.219 4.051
4266 4.051 4.051
4402 4.051 4.051
4208 4.051 4.132
4321 4.132 4.132
4295 4.132 4.203
4205 4.203 4.203
4487 4.203 4.203
4355 4.203 4.11
4334 4.11 4.11
4353 4.11 4.11
4199 4.11 3.954
4381 3.954 3.954
4245 3.954 4.057
4275 4.057 4.057
4491 4.057 4.136
4314 4.136 4.136
4423 4.136 4.136
4439 4.136 4.144
4268 4.144 4.144
4262 4.144 4.144
4336 4.144 4.211
4238 4.211 4.211
4232 4.211 4.211
4194 4.211 4.207
4188 4.207 4.207
4231 4.207 4.207
4188 4.207 4.459
4306 4.459 4.459
4188 4.459 4.459
4399 4.459 4.415
4231 4.415 4.415
4188 4.415 4.415
4353 4.415 4.462
4229 4.462 4.462
4527 4.462 4.462
4234 4.462 4.458
4220 4.458 4.458
4431 4.458 4.458
4215 4.458 4.382
4289 4.382 4.382
4233 4.382 4.382
4352 4.382 4.451
4579 4.451 4.451
4358 4.451 4.451
4313 4.451 4.374
4396 4.374 4.374
4509 4.374 4.374
4257 4.374 4.315
4189 4.315 4.315
4484 4.315 4.315
4317 4.315 4.31
4243 4.31 4.31
4239 4.31 4.31
4269 4.31 4.409
4188 4.409 4.409
4188 4.409 4.409
4212 4.409 4.375
4265 4.375 4.375
4392 4.375 4.375
4275 4.375 4.424
4210 4.424 4.424
4199 4.424 4.424
4397 4.424 4.489
4401 4.489 4.489
4188 4.489 4.489
4311 4.489 4.476
4523 4.476 4.476
4332 4.476 4.476
4211 4.476 4.371
4201 4.371 4.371
4234 4.371 4.371
4188 4.371 4.534
4258 4.534 4.534
4252 4.534 4.534
4547 4.534 4.674
4639 4.674 4.674
4495 4.674 4.674
4399 4.674 4.493
4430 4.493 4.493
4501 4.493 4.493
4195 4.493 4.235
4329 4.235 4.235
4479 4.235 4.352
4227 4.352 4.352
4266 4.352 4.352
4271 4.352 4.328
4188 4.328 4.328
4195 4.328 4.328
4206 4.328 4.301
4315 4.301 4.301
4466 4.301 4.301
4188 4.301 4.431
4381 4.431 4.431
4247 4.431 4.431
4595 4.431 4.494
4491 4.494 4.494
4344 4.494 4.494
4478 4.494 4.323
4203 4.323 4.323
4213 4.323 4.323
4188 4.323 4.401
4274 4.401 4.401
4188 4.401 4.401
4328 4.401 4.356
4272 4.356 4.356
4450 4.356 4.356
4253 4.356 4.284
4202 4.284 4.284
4221 4.284 4.284
4550 4.284 4.395
4188 4.395 4.395
4274 4.395 4.395
4352 4.395 4.426
4535 4.426 4.426
4302 4.426 4.426
4491 4.426 4.262
4452 4.262 4.262
4336 4.262 4.262
4521 4.262 4.407
4353 4.407 4.407
4332 4.407 4.407
4496 4.407 4.397
4224 4.397 4.397
4265 4.397 4.397
4457 4.397 4.273
4423 4.273 4.273
4399 4.273 4.273
4355 4.273 4.383
4326 4.383 4.383
4295 4.383 4.383
4227 4.383 4.373
4312 4.373 4.373
4465 4.373 4.373
4282 4.373 4.418
4440 4.418 4.418
4374 4.418 4.418
4481 4.418 4.389
4363 4.389 4.389
4226 4.389 4.389
4188 4.389 4.426
4326 4.426 4.426
4351 4.426 4.426
4452 4.426 4.48
4317 4.48 4.48
4407 4.48 4.48
4319 4.48 4.455
4280 4.455 4.455
4188 4.455 4.455
4188 4.455 4.563
4232 4.563 4.563
4424 4.563 4.563
4479 4.563 4.732
4335 4.732 4.732
4237 4.732 4.732
4222 4.732 4.652
4360 4.652 4.652
4475 4.652 4.652
4341 4.652 4.382
4735 4.382 4.382
4326 4.382 4.382
4394 4.382 4.391
4399 4.391 4.391
4492 4.391 4.391
4552 4.391 4.546
4470 4.546 4.546
4290 4.546 4.546
4287 4.546 4.439
4317 4.439 4.439
4272 4.439 4.439
4255 4.439 4.519
4411 4.519 4.519
4703 4.519 4.519
4445 4.519 4.49
4585 4.49 4.49
4446 4.49 4.49
4332 4.49 4.338
4408 4.338 4.338
4250 4.338 4.338
4294 4.338 4.373
4223 4.373 4.373
4496 4.373 4.373
4549 4.373 4.303
4338 4.303 4.303
4314 4.303 4.303
4355 4.303 4.033
4385 4.033 4.033
4603 4.033 3.969
4729 3.969 3.969
4578 3.969 3.969
4245 3.969 3.975
4330 3.975 3.975
4201 3.975 3.88
4248 3.88 3.88
4524 3.88 3.773
4573 3.773 3.773
4383 3.773 3.773
4378 3.773 3.724
4252 3.724 3.724
4188 3.724 4.001
4487 4.001 4.001
4538 4.001 3.906
4447 3.906 3.906
4360 3.906 3.906
4242 3.906 3.827
4511 3.827 3.827
4281 3.827 3.815
4188 3.815 3.815
4188 3.815 3.973
4369 3.973 3.973
4345 3.973 4.205
4217 4.205 4.205
4407 4.205 4.205
4476 4.205 4.177
4474 4.177 4.177
4360 4.177 4.177
4764 4.177 4.292
4462 4.292 4.292
4422 4.292 4.292
4280 4.292 4.274
4192 4.274 4.274
4238 4.274 4.274
4188 4.274 4.315
4324 4.315 4.315
4334 4.315 4.315
4302 4.315 4.275
4188 4.275 4.275
4262 4.275 4.275
4323 4.275 4.36
4246 4.36 4.36
4223 4.36 4.36
4188 4.36 4.392
4188 4.392 4.392
4307 4.392 4.392
4573 4.392 4.388
4369 4.388 4.388
4390 4.388 4.388
4342 4.388 4.355
4300 4.355 4.355
4332 4.355 4.355
4336 4.355 4.497
4494 4.497 4.497
4286 4.497 4.497
4345 4.497 4.277
4345 4.277 4.277
4369 4.277 4.277
4334 4.277 4.102
4373 4.102 4.102
4460 4.102 4.266
4219 4.266 4.266
4333 4.266 4.266
4332 4.266 4.313
4411 4.313 4.313
4493 4.313 4.313
4386 4.313 4.18
4385 4.18 4.18
4188 4.18 4.18
4264 4.18 4.431
4188 4.431 4.431
4188 4.431 4.665
4396 4.665 4.665
4338 4.665 4.665
4383 4.665 4.48
4521 4.48 4.48
4273 4.48 4.48
4188 4.48 4.708
4288 4.708 4.708
4214 4.708 4.708
4443 4.708 4.879
4307 4.879 4.879
4267 4.879 4.879
4405 4.879 4.913
4470 4.913 4.913
4409 4.913 4.913
4544 4.913 4.821
4268 4.821 4.821
4291 4.821 4.821
4454 4.821 4.752
4484 4.752 4.752
4188 4.752 4.752
4268 4.752 4.78
4270 4.78 4.78
4270 4.78 4.78
4189 4.78 4.808
4378 4.808 4.808
4381 4.808 4.808
4362 4.808 4.83
4708 4.83 4.83
4522 4.83 4.83
4421 4.83 4.676
4553 4.676 4.676
4188 4.676 4.676
4188 4.676 4.777
4531 4.777 4.777
4297 4.777 4.777
4333 4.777 4.936
4560 4.936 4.936
4367 4.936 4.936
4254 4.936 4.834
4310 4.834 4.834
4300 4.834 4.834
4374 4.834 4.641
4391 4.641 4.641
4317 4.641 4.641
4291 4.641 4.624
4515 4.624 4.624
4567 4.624 4.624
4324 4.624 4.544
4473 4.544 4.544
4335 4.544 4.544
4244 4.544 4.334
4197 4.334 4.334
4374 4.334 4.334
4188 4.334 4.407
4263 4.407 4.407
4386 4.407 4.407
4291 4.407 4.44
4428 4.44 4.44
4347 4.44 4.44
4188 4.44 4.443
4439 4.443 4.443
4360 4.443 4.443
4346 4.443 4.482
4504 4.482 4.482
4450 4.482 4.482
4332 4.482 4.372
4385 4.372 4.372
4488 4.372 4.372
4456 4.372 4.374
4356 4.374 4.374
4429 4.374 4.374
4188 4.374 4.329
4302 4.329 4.329
4447 4.329 4.329
4555 4.329 4.433
4261 4.433 4.433
4188 4.433 4.433
4222 4.433 4.426
4188 4.426 4.426
4413 4.426 4.426
4270 4.426 4.405
4267 4.405 4.405
4250 4.405 4.405
4241 4.405 4.497
4222 4.497 4.497
4287 4.497 4.497
4325 4.497 4.558
4376 4.558 4.558
4212 4.558 4.558
4205 4.558 4.533
4333 4.533 4.533
4532 4.533 4.533
4297 4.533 4.517
4641 4.517 4.517
4460 4.517 4.517
4270 4.517 4.39
4230 4.39 4.39
4240 4.39 4.39
4231 4.39 4.503
4454 4.503 4.503
4294 4.503 4.503
4425 4.503 4.439
4347 4.439 4.439
4286 4.439 4.439
4261 4.439 4.343
4249 4.343 4.343
4387 4.343 4.343
4481 4.343 4.304
4759 4.304 4.304
4575 4.304 4.304
4289 4.304 4.16
4273 4.16 4.16
4188 4.16 4.16
4331 4.16 4.177
4515 4.177 4.177
4198 4.177 4.177
4198 4.177 4.164
4389 4.164 4.164
4491 4.164 4.164
4460 4.164 4.067
4542 4.067 4.067
4254 4.067 4.067
4261 4.067 4.091
4272 4.091 4.091
4316 4.091 4.066
4273 4.066 4.066
4507 4.066 4.066
4419 4.066 4.035
4250 4.035 4.035
4192 4.035 4.035
4285 4.035 4.028
4264 4.028 4.028
4215 4.028 4.035
4411 4.035 4.035
4267 4.035 4.296
4595 4.296 4.296
4457 4.296 4.296
4690 4.296 3.876
4589 3.876 3.876
4371 3.876 3.876
4235 3.876 3.733
4255 3.733 3.733
4188 3.733 4.061
4442 4.061 4.061
4296 4.061 4.009
4324 4.009 4.009
4285 4.009 4.009
4355 4.009 3.841
4474 3.841 3.841
4517 3.841 3.702
4369 3.702 3.702
4281 3.702 3.784
4348 3.784 3.784
4305 3.784 3.926
4188 3.926 3.926
4393 3.926 3.999
4361 3.999 3.999
4501 3.999 3.999
4245 3.999 3.901
4397 3.901 3.901
4446 3.901 3.868
4481 3.868 3.868
4507 3.868 3.868
4504 3.868 3.864
4455 3.864 3.864
4302 3.864 3.864
4373 3.864 3.873
4282 3.873 3.873
4236 3.873 3.949
4237 3.949 3.949
4421 3.949 3.966
4397 3.966 3.966
4397 3.966 3.966
4290 3.966 3.952
4199 3.952 3.952
4188 3.952 4.033
4272 4.033 4.033
4223 4.033 3.945
4383 3.945 3.945
4559 3.945 3.945
4359 3.945 3.873
4310 3.873 3.873
4308 3.873 3.862
4296 3.862 3.862
4188 3.862 3.894
4321 3.894 3.894
4269 3.894 3.833
4291 3.833 3.833
4188 3.833 3.8
4319 3.8 3.8
4188 3.8 3.876
4188 3.876 3.876
4290 3.876 3.909
4285 3.909 3.909
4241 3.909 3.829
4217 3.829 3.829
4330 3.829 3.862
4199 3.862 3.862
4192 3.862 4.024
4188 4.024 4.024
4222 4.024 3.999
4188 3.999 3.999
4241 3.999 3.999
4205 3.999 3.99
4358 3.99 3.99
4545 3.99 3.798
4415 3.798 3.798
4489 3.798 3.798
4390 3.798 3.652
4306 3.652 3.652
4194 3.652 3.682
4411 3.682 3.682
4198 3.682 3.768
4286 3.768 3.768
4188 3.768 3.868
4385 3.868 3.868
4495 3.868 3.87
4324 3.87 3.87
4222 3.87 3.87
4212 3.87 4.039
4359 4.039 4.039
4342 4.039 3.869
4419 3.869 3.869
4494 3.869 3.869
4456 3.869 3.649
4486 3.649 3.649
4199 3.649 3.638
4354 3.638 3.638
4446 3.638 3.714
4188 3.714 3.714
4188 3.714 3.866
4353 3.866 3.866
4366 3.866 3.938
4522 3.938 3.938
4302 3.938 3.91
4406 3.91 3.91
4481 3.91 3.865
4372 3.865 3.865
4188 3.865 4.011
4327 4.011 4.011
4190 4.011 4.062
4372 4.062 4.062
4347 4.062 4.233
4332 4.233 4.233
4342 4.233 4.233
4284 4.233 4.128
4252 4.128 4.128
4268 4.128 4.128
4310 4.128 4.231
4597 4.231 4.231
4368 4.231 4.231
4561 4.231 4.319
4284 4.319 4.319
4188 4.319 4.319
4212 4.319 4.327
4225 4.327 4.327
4402 4.327 4.327
4269 4.327 4.38
4393 4.38 4.38
4296 4.38 4.38
4362 4.38 4.5
4496 4.5 4.5
4308 4.5 4.5
4341 4.5 4.443
4300 4.443 4.443
4259 4.443 4.443
4251 4.443 4.421
4188 4.421 4.421
4188 4.421 4.421
4347 4.421 4.609
4335 4.609 4.609
4426 4.609 4.609
4503 4.609 4.483
4286 4.483 4.483
4278 4.483 4.483
4300 4.483 4.341
4367 4.341 4.341
4515 4.341 4.341
4507 4.341 4.364
4554 4.364 4.364
4380 4.364 4.364
4564 4.364 4.31
4391 4.31 4.31
4405 4.31 4.31
4468 4.31 4.28
4333 4.28 4.28
4394 4.28 4.28
4434 4.28 4.434
4347 4.434 4.434
4286 4.434 4.434
4463 4.434 4.413
4282 4.413 4.413
4312 4.413 4.413
4227 4.413 4.384
4591 4.384 4.384
4394 4.384 4.384
4188 4.384 4.318
4266 4.318 4.318
4317 4.318 4.318
4320 4.318 4.376
4188 4.376 4.376
4294 4.376 4.376
4382 4.376 4.41
4500 4.41 4.41
4238 4.41 4.41
4201 4.41 4.296
4216 4.296 4.296
4384 4.296 4.296
4384 4.296 4.333
4548 4.333 4.333
4254 4.333 4.333
4298 4.333 4.228
4427 4.228 4.228
4254 4.228 4.228
4188 4.228 4.23
4319 4.23 4.23
4356 4.23 4.244
4380 4.244 4.244
4272 4.244 4.244
4303 4.244 4.342
4428 4.342 4.342
4230 4.342 4.342
4188 4.342 4.451
4352 4.451 4.451
4322 4.451 4.451
4331 4.451 4.435
4340 4.435 4.435
4315 4.435 4.435
4337 4.435 4.432
4188 4.432 4.432
4388 4.432 4.432
4420 4.432 4.399
4268 4.399 4.399
4347 4.399 4.399
4270 4.399 4.431
4369 4.431 4.431
4436 4.431 4.431
4480 4.431 4.433
4359 4.433 4.433
4421 4.433 4.433
4277 4.433 4.404
4227 4.404 4.404
4238 4.404 4.404
4320 4.404 4.353
4265 4.353 4.353
4281 4.353 4.353
4235 4.353 4.416
4327 4.416 4.416
4251 4.416 4.416
4209 4.416 4.348
4302 4.348 4.348
4257 4.348 4.348
4238 4.348 4.426
4508 4.426 4.426
4366 4.426 4.426
4263 4.426 4.307
4454 4.307 4.307
4342 4.307 4.307
4370 4.307 4.304
4416 4.304 4.304
4368 4.304 4.304
4302 4.304 4.293
4314 4.293 4.293
4278 4.293 4.293
4280 4.293 4.364
4223 4.364 4.364
4286 4.364 4.364
4388 4.364 4.406
4501 4.406 4.406
4421 4.406 4.406
4643 4.406 4.354
4445 4.354 4.354
4188 4.354 4.354
4188 4.354 4.448
4188 4.448 4.448
4188 4.448 4.448
4188 4.448 4.626
4231 4.626 4.626
4295 4.626 4.626
4480 4.626 4.667
4473 4.667 4.667
4396 4.667 4.667
4357 4.667 4.592
4346 4.592 4.592
4331 4.592 4.592
4345 4.592 4.532
4188 4.532 4.532
4250 4.532 4.532
4363 4.532 4.507
4467 4.507 4.507
4705 4.507 4.507
4346 4.507 4.476
4229 4.476 4.476
4419 4.476 4.476
4568 4.476 4.215
4329 4.215 4.215
4339 4.215 4.215
4188 4.215 4.165
4198 4.165 4.165
4510 4.165 4.607
4361 4.607 4.607
4403 4.607 4.607
4369 4.607 4.535
4480 4.535 4.535
4465 4.535 4.535
4501 4.535 4.39
4421 4.39 4.39
4254 4.39 4.39
4298 4.39 4.283
4244 4.283 4.283
4199 4.283 4.283
4188 4.283 4.346
4313 4.346 4.346
4287 4.346 4.346
4304 4.346 4.301
4553 4.301 4.301
4540 4.301 4.301
4539 4.301 4.262
4486 4.262 4.262
4431 4.262 4.262
4349 4.262 4.175
4334 4.175 4.175
4248 4.175 4.175
4413 4.175 4.443
4562 4.443 4.443
4476 4.443 4.443
4515 4.443 4.233
4281 4.233 4.233
4361 4.233 4.233
4289 4.233 4.046
4316 4.046 4.046
4217 4.046 4.148
4194 4.148 4.148
4390 4.148 4.146
4188 4.146 4.146
4396 4.146 4.146
4188 4.146 4.166
4383 4.166 4.166
4429 4.166 4.166
4451 4.166 4.14
4437 4.14 4.14
4274 4.14 4.14
4292 4.14 4.15
4411 4.15 4.15
4266 4.15 4.15
4506 4.15 4.152
4392 4.152 4.152
4251 4.152 4.152
4188 4.152 4.139
4229 4.139 4.139
4459 4.139 4.112
4289 4.112 4.112
4340 4.112 4.112
4300 4.112 4.123
4422 4.123 4.123
4332 4.123 4.115
4214 4.115 4.115
4188 4.115 4.115
4397 4.115 4.113
4247 4.113 4.113
4308 4.113 4.113
4226 4.113 4.144
4250 4.144 4.144
4260 4.144 4.144
4574 4.144 4.133
4391 4.133 4.133
4629 4.133 4.133
4608 4.133 3.768
4675 3.768 3.768
4545 3.768 3.536
4219 3.536 3.536
4188 3.536 3.842
4327 3.842 3.842
4356 3.842 3.917
4313 3.917 3.917
4199 3.917 3.917
4213 3.917 3.753
4263 3.753 3.753
4523 3.753 3.798
4609 3.798 3.798
4342 3.798 3.753
4375 3.753 3.753
4316 3.753 3.808
4314 3.808 3.808
4371 3.808 3.72
4364 3.72 3.72
4188 3.72 3.878
4336 3.878 3.878
4188 3.878 3.912
4193 3.912 3.912
4188 3.912 4.037
4423 4.037 4.037
4616 4.037 4.15
4458 4.15 4.15
4415 4.15 4.15
4402 4.15 3.864
4218 3.864 3.864
4188 3.864 4.005
4480 4.005 4.005
4371 4.005 4.12
4382 4.12 4.12
4408 4.12 4.12
4301 4.12 4.066
4188 4.066 4.066
4259 4.066 4.066
4188 4.066 4.094
4247 4.094 4.094
4308 4.094 4.133
4460 4.133 4.133
4267 4.133 4.133
4313 4.133 4.177
4261 4.177 4.177
4319 4.177 4.177
4265 4.177 4.151
4356 4.151 4.151
4339 4.151 4.151
4419 4.151 4.165
4400 4.165 4.165
4554 4.165 4.165
4462 4.165 4.023
4260 4.023 4.023
4235 4.023 4.023
4284 4.023 3.956
4232 3.956 3.956
4188 3.956 4.065
4260 4.065 4.065
4377 4.065 4.033
4266 4.033 4.033
4293 4.033 4.033
4343 4.033 4.081
4456 4.081 4.081
4313 4.081 4.081
4313 4.081 4.05
4201 4.05 4.05
4188 4.05 4.257
4215 4.257 4.257
4359 4.257 4.397
4457 4.397 4.397
4349 4.397 4.397
4360 4.397 4.192
4319 4.192 4.192
4328 4.192 4.192
4460 4.192 4.099
4357 4.099 4.099
4349 4.099 4.099
4506 4.099 4.143
4744 4.143 4.143
4525 4.143 4.143
4518 4.143 3.846
4407 3.846 3.846
4263 3.846 3.628
4321 3.628 3.628
4188 3.628 3.936
4369 3.936 3.936
4334 3.936 3.95
4530 3.95 3.95
4426 3.95 3.95
4220 3.95 3.782
4278 3.782 3.782
4383 3.782 3.715
4306 3.715 3.715
4308 3.715 3.887
4468 3.887 3.887
4442 3.887 3.93
4284 3.93 3.93
4307 3.93 3.93
4454 3.93 3.831
4238 3.831 3.831
4271 3.831 3.831
4459 3.831 3.914
4188 3.914 3.914
4188 3.914 4.059
4245 4.059 4.059
4331 4.059 4.015
4296 4.015 4.015
4529 4.015 4.015
4346 4.015 3.896
4438 3.896 3.896
4375 3.896 3.794
4483 3.794 3.794
4273 3.794 3.716
4478 3.716 3.716
4394 3.716 3.68
4319 3.68 3.68
4470 3.68 3.722
4585 3.722 3.722
4243 3.722 3.705
4408 3.705 3.705
4188 3.705 3.789
4368 3.789 3.789
4209 3.789 3.864
4293 3.864 3.864
4442 3.864 3.866
4255 3.866 3.866
4294 3.866 3.923
4245 3.923 3.923
4265 3.923 4.032
4384 4.032 4.032
4310 4.032 3.94
4188 3.94 3.94
4338 3.94 3.94
4188 3.94 3.952
4350 3.952 3.952
4511 3.952 4.12
4301 4.12 4.12
4372 4.12 4.12
4344 4.12 3.918
4329 3.918 3.918
4188 3.918 3.918
4343 3.918 4.108
4400 4.108 4.108
4684 4.108 4.113
4476 4.113 4.113
4332 4.113 4.113
4402 4.113 4.076
4188 4.076 4.076
4325 4.076 4.076
4291 4.076 4.2
4307 4.2 4.2
4675 4.2 4.2
4493 4.2 4.143
4450 4.143 4.143
4505 4.143 4.143
4426 4.143 3.996
4241 3.996 3.996
4188 3.996 3.996
4315 3.996 4.159
4257 4.159 4.159
4452 4.159 4.159
4558 4.159 4.129
4637 4.129 4.129
4366 4.129 4.129
4256 4.129 3.843
4268 3.843 3.843
4243 3.843 3.881
4449 3.881 3.881
4508 3.881 3.891
4549 3.891 3.891
4473 3.891 3.891
4335 3.891 3.812
4276 3.812 3.812
4330 3.812 3.815
4491 3.815 3.815
4445 3.815 3.751
4473 3.751 3.751
4417 3.751 3.758
4381 3.758 3.758
4410 3.758 3.634
4343 3.634 3.634
4241 3.634 3.508
4293 3.508 3.508
4193 3.508 3.538
4199 3.538 3.538
4411 3.538 3.611
4462 3.611 3.611
4188 3.611 3.625
4607 3.625 3.625
4622 3.625 3.502
4324 3.502 3.502
4211 3.502 3.563
4218 3.563 3.563
4329 3.563 3.757
4396 3.757 3.757
4239 3.757 3.812
4385 3.812 3.812
4315 3.812 3.754
4244 3.754 3.754
4284 3.754 3.72
4265 3.72 3.72
4248 3.72 3.725
4366 3.725 3.725
4234 3.725 3.765
4307 3.765 3.765
4253 3.765 3.71
4262 3.71 3.71
4280 3.71 3.63
4316 3.63 3.63
4411 3.63 3.696
4316 3.696 3.696
4272 3.696 3.748
4467 3.748 3.748
4504 3.748 3.757
4231 3.757 3.757
4188 3.757 3.865
4272 3.865 3.865
4385 3.865 4.014
4522 4.014 4.014
4567 4.014 3.788
4593 3.788 3.788
4425 3.788 3.788
4337 3.788 3.679
4268 3.679 3.679
4330 3.679 3.821
4475 3.821 3.821
4247 3.821 3.857
4244 3.857 3.857
4419 3.857 3.767
4590 3.767 3.767
4364 3.767 3.59
4250 3.59 3.59
4423 3.59 3.861
4188 3.861 3.861
4385 3.861 3.911
4216 3.911 3.911
4430 3.911 3.911
4663 3.911 3.864
4403 3.864 3.864
4493 3.864 3.864
4309 3.864 3.871
4543 3.871 3.871
4391 3.871 3.782
4408 3.782 3.782
4457 3.782 3.759
4496 3.759 3.759
4233 3.759 3.691
4308 3.691 3.691
4401 3.691 3.634
4600 3.634 3.634
4463 3.634 3.351
4544 3.351 3.351
4224 3.351 3.112
4303 3.112 3.112
4188 3.112 3.309
4350 3.309 3.309
4389 3.309 3.356
4199 3.356 3.356
4224 3.356 3.268
4354 3.268 3.268
4210 3.268 3.284
4428 3.284 3.284
4470 3.284 3.256
4398 3.256 3.256
4191 3.256 3.19
4615 3.19 3.19
4354 3.19 3.261
4188 3.261 3.261
4188 3.261 3.295
4380 3.295 3.295
4336 3.295 3.312
4279 3.312 3.312
4254 3.312 3.45
4387 3.45 3.45
4242 3.45 3.394
4237 3.394 3.394
4522 3.394 3.406
4268 3.406 3.406
4662 3.406 3.48
4445 3.48 3.48
4261 3.48 3.372
4271 3.372 3.372
4396 3.372 3.383
4406 3.383 3.383
4303 3.383 3.613
4447 3.613 3.613
4309 3.613 3.493
4322 3.493 3.493
4351 3.493 3.46
4627 3.46 3.46
4345 3.46 3.361
4409 3.361 3.361
4240 3.361 3.375
4314 3.375 3.375
4361 3.375 3.534
4436 3.534 3.534
4229 3.534 3.627
4361 3.627 3.627
4224 3.627 3.486
4374 3.486 3.486
4376 3.486 3.541
4261 3.541 3.541
4535 3.541 3.709
4342 3.709 3.709
4427 3.709 3.677
4392 3.677 3.677
4312 3.677 3.647
4188 3.647 3.647
4374 3.647 3.854
4401 3.854 3.854
4568 3.854 3.899
4294 3.899 3.899
4449 3.899 4.037
4393 4.037 4.037
4373 4.037 3.996
4218 3.996 3.996
4318 3.996 3.996
4494 3.996 4.041
4203 4.041 4.041
4252 4.041 4.041
4263 4.041 4.165
4233 4.165 4.165
4412 4.165 4.165
4318 4.165 4.212
4188 4.212 4.212
4246 4.212 4.212
4335 4.212 4.285
4254 4.285 4.285
4556 4.285 4.285
4443 4.285 4.21
4460 4.21 4.21
4757 4.21 4.21
4600 4.21 4.038
4429 4.038 4.038
4317 4.038 4.038
4188 4.038 4.114
4363 4.114 4.114
4655 4.114 4.262
4478 4.262 4.262
4259 4.262 4.262
4266 4.262 4.152
4188 4.152 4.152
4414 4.152 4.152
4312 4.152 4.203
4236 4.203 4.203
4369 4.203 4.203
4347 4.203 4.222
4358 4.222 4.222
4465 4.222 4.222
4193 4.222 4.209
4188 4.209 4.209
4384 4.209 4.209
4357 4.209 4.224
4223 4.224 4.224
4379 4.224 4.224
4299 4.224 4.073
4341 4.073 4.073
4316 4.073 4.073
4419 4.073 4.014
4356 4.014 4.014
4469 4.014 4.014
4385 4.014 4.088
4341 4.088 4.088
4469 4.088 4.088
4334 4.088 3.99
4280 3.99 3.99
4188 3.99 3.99
4210 3.99 4.191
4337 4.191 4.191
4188 4.191 4.242
4340 4.242 4.242
4283 4.242 4.242
4195 4.242 4.308
4253 4.308 4.308
4521 4.308 4.308
4497 4.308 4.389
4385 4.389 4.389
4409 4.389 4.389
4326 4.389 4.24
4385 4.24 4.24
4300 4.24 4.24
4334 4.24 4.291
4623 4.291 4.291
4495 4.291 4.291
4290 4.291 4.099
4434 4.099 4.099
4249 4.099 4.099
4265 4.099 4.0
4363 4.0 4.0
4335 4.0 3.96
4494 3.96 3.96
4377 3.96 4.158
4379 4.158 4.158
4320 4.158 4.158
4311 4.158 4.019
4417 4.019 4.019
4213 4.019 4.019
4252 4.019 3.991
4397 3.991 3.991
4289 3.991 4.191
4280 4.191 4.191
4298 4.191 4.191
4358 4.191 4.212
4320 4.212 4.212
4337 4.212 4.212
4380 4.212 4.09
4418 4.09 4.09
4188 4.09 4.09
4356 4.09 4.119
4316 4.119 4.119
4499 4.119 4.119
4640 4.119 4.324
4447 4.324 4.324
4604 4.324 4.324
4690 4.324 4.172
4535 4.172 4.172
4310 4.172 4.172
4403 4.172 4.058
4213 4.058 4.058
4348 4.058 4.289
4450 4.289 4.289
4195 4.289 4.289
4188 4.289 4.445
4519 4.445 4.445
4437 4.445 4.445
4416 4.445 4.281
4188 4.281 4.281
4188 4.281 4.281
4249 4.281 4.276
4252 4.276 4.276
4369 4.276 4.276
4287 4.276 4.52
4344 4.52 4.52
4378 4.52 4.52
4188 4.52 4.509
4423 4.509 4.509
4321 4.509 4.509
4389 4.509 4.348
4372 4.348 4.348
4477 4.348 4.348
4465 4.348 4.572
4422 4.572 4.572
4217 4.572 4.572
4268 4.572 4.587
4260 4.587 4.587
4188 4.587 4.587
4343 4.587 4.557
4274 4.557 4.557
4290 4.557 4.557
4405 4.557 4.59
4270 4.59 4.59
4361 4.59 4.59
4612 4.59 4.475
4369 4.475 4.475
4537 4.475 4.475
4416 4.475 4.226
4674 4.226 4.226
4395 4.226 4.226
4340 4.226 4.126
4290 4.126 4.126
4450 4.126 4.126
4376 4.126 4.236
4417 4.236 4.236
4217 4.236 4.236
4324 4.236 4.317
4462 4.317 4.317
4188 4.317 4.317
4316 4.317 4.219
4188 4.219 4.219
4318 4.219 4.219
4293 4.219 4.35
4286 4.35 4.35
4248 4.35 4.35
4188 4.35 4.496
4497 4.496 4.496
4439 4.496 4.496
4240 4.496 4.365
4205 4.365 4.365
4312 4.365 4.365
4359 4.365 4.453
4296 4.453 4.453
4351 4.453 4.453
4482 4.453 4.445
4295 4.445 4.445
4480 4.445 4.445
4530 4.445 4.521
4529 4.521 4.521
4525 4.521 4.521
4499 4.521 4.389
4410 4.389 4.389
4384 4.389 4.389
4225 4.389 4.33
4367 4.33 4.33
4296 4.33 4.33
4269 4.33 4.424
4457 4.424 4.424
4367 4.424 4.424
4241 4.424 4.334
4280 4.334 4.334
4214 4.334 4.334
4227 4.334 4.273
4285 4.273 4.273
4188 4.273 4.273
4243 4.273 4.389
4233 4.389 4.389
4383 4.389 4.389
4188 4.389 4.396
4246 4.396 4.396
4301 4.396 4.396
4297 4.396 4.356
4188 4.356 4.356
4322 4.356 4.356
4188 4.356 4.408
4311 4.408 4.408
4375 4.408 4.408
4426 4.408 4.55
4428 4.55 4.55
4519 4.55 4.55
4370 4.55 4.493
4227 4.493 4.493
4266 4.493 4.493
4367 4.493 4.38
4188 4.38 4.38
4475 4.38 4.38
4471 4.38 4.489
4280 4.489 4.489
4244 4.489 4.489
4282 4.489 4.473
4466 4.473 4.473
4291 4.473 4.473
4416 4.473 4.468
4278 4.468 4.468
4188 4.468 4.468
4315 4.468 4.605
4395 4.605 4.605
4366 4.605 4.605
4319 4.605 4.517
4346 4.517 4.517
4263 4.517 4.517
4198 4.517 4.525
4240 4.525 4.525
4383 4.525 4.525
4527 4.525 4.682
4496 4.682 4.682
4445 4.682 4.682
4431 4.682 4.45
4629 4.45 4.45
4446 4.45 4.45
4361 4.45 4.198
4298 4.198 4.198
4314 4.198 4.198
4264 4.198 4.337
4232 4.337 4.337
4188 4.337 4.337
4292 4.337 4.449
4277 4.449 4.449
4671 4.449 4.449
4452 4.449 4.359
4368 4.359 4.359
4238 4.359 4.359
4206 4.359 4.256
4265 4.256 4.256
4225 4.256 4.256
4326 4.256 4.351
4233 4.351 4.351
4188 4.351 4.351
4188 4.351 4.497
4312 4.497 4.497
4303 4.497 4.497
4278 4.497 4.413
4283 4.413 4.413
4249 4.413 4.413
4345 4.413 4.492
4188 4.492 4.492
4304 4.492 4.492
4201 4.492 4.507
4391 4.507 4.507
4244 4.507 4.507
4397 4.507 4.683
4334 4.683 4.683
4322 4.683 4.683
4344 4.683 4.579
4257 4.579 4.579
4188 4.579 4.579
4242 4.579 4.682
4240 4.682 4.682
4233 4.682 4.682
4237 4.682 4.687
4435 4.687 4.687
4654 4.687 4.687
4534 4.687 4.626
4398 4.626 4.626
4468 4.626 4.626
4267 4.626 4.661
4277 4.661 4.661
4284 4.661 4.661
4359 4.661 4.786
4355 4.786 4.786
4355 4.786 4.786
4233 4.786 4.683
4573 4.683 4.683
4529 4.683 4.683
4410 4.683 4.423
4417 4.423 4.423
4626 4.423 4.423
4286 4.423 4.327
4499 4.327 4.327
4386 4.327 4.327
4402 4.327 4.361
4344 4.361 4.361
4495 4.361 4.361
4422 4.361 4.321
4378 4.321 4.321
4474 4.321 4.321
4442 4.321 4.354
4320 4.354 4.354
4279 4.354 4.354
4226 4.354 4.292
4307 4.292 4.292
4222 4.292 4.292
4325 4.292 4.449
4246 4.449 4.449
4237 4.449 4.449
4329 4.449 4.492
4404 4.492 4.492
4322 4.492 4.492
4252 4.492 4.529
4306 4.529 4.529
4427 4.529 4.529
4252 4.529 4.515
4490 4.515 4.515
4625 4.515 4.515
4611 4.515 4.424
4188 4.424 4.424
4283 4.424 4.424
4412 4.424 4.427
4410 4.427 4.427
4268 4.427 4.427
4368 4.427 4.392
4444 4.392 4.392
4429 4.392 4.392
4605 4.392 4.399
4516 4.399 4.399
4417 4.399 4.399
4204 4.399 4.357
4220 4.357 4.357
4232 4.357 4.357
4300 4.357 4.513
4575 4.513 4.513
4467 4.513 4.513
4527 4.513 4.499
4357 4.499 4.499
4232 4.499 4.499
4314 4.499 4.35
4395 4.35 4.35
4352 4.35 4.35
4257 4.35 4.434
4453 4.434 4.434
4345 4.434 4.434
4210 4.434 4.386
4299 4.386 4.386
4207 4.386 4.386
4431 4.386 4.506
4298 4.506 4.506
4300 4.506 4.506
4375 4.506 4.347
4193 4.347 4.347
4596 4.347 4.347
4536 4.347 4.451
4447 4.451 4.451
4446 4.451 4.451
4404 4.451 4.463
4188 4.463 4.463
4211 4.463 4.463
4257 4.463 4.43
4290 4.43 4.43
4514 4.43 4.43
4625 4.43 4.418
4425 4.418 4.418
4328 4.418 4.418
4422 4.418 4.179
4218 4.179 4.179
4188 4.179 4.179
4479 4.179 4.383
4188 4.383 4.383
4294 4.383 4.383
4393 4.383 4.511
4347 4.511 4.511
4521 4.511 4.511
4241 4.511 4.461
4540 4.461 4.461
4452 4.461 4.461
4665 4.461 4.516
4381 4.516 4.516
4380 4.516 4.516
4323 4.516 4.43
4319 4.43 4.43
4511 4.43 4.43
4590 4.43 4.657
4532 4.657 4.657
4346 4.657 4.657
4214 4.657 4.519
4272 4.519 4.519
4375 4.519 4.519
4486 4.519 4.557
4521 4.557 4.557
4328 4.557 4.557
4329 4.557 4.281
4363 4.281 4.281
4489 4.281 4.281
4293 4.281 4.036
4188 4.036 4.036
4188 4.036 4.317
4244 4.317 4.317
4245 4.317 4.698
4226 4.698 4.698
4476 4.698 4.698
4543 4.698 4.597
4455 4.597 4.597
4488 4.597 4.597
4259 4.597 4.466
4240 4.466 4.466
4335 4.466 4.466
4385 4.466 4.487
4254 4.487 4.487
4328 4.487 4.487
4423 4.487 4.477
4417 4.477 4.477
4670 4.477 4.477
4811 4.477 4.297
4497 4.297 4.297
4330 4.297 4.297
4471 4.297 4.008
4258 4.008 4.008
4643 4.008 4.008
4209 4.008 4.119
4355 4.119 4.119
4246 4.119 4.21
4376 4.21 4.21
4344 4.21 4.21
4375 4.21 4.234
4317 4.234 4.234
4343 4.234 4.234
4284 4.234 4.243
4188 4.243 4.243
4336 4.243 4.243
4433 4.243 4.378
4481 4.378 4.378
4433 4.378 4.378
4353 4.378 4.236
4348 4.236 4.236
4330 4.236 4.236
4188 4.236 4.18
4323 4.18 4.18
4276 4.18 4.18
4365 4.18 4.126
4318 4.126 4.126
4509 4.126 4.126
4667 4.126 4.196
4301 4.196 4.196
4188 4.196 4.196
4204 4.196 4.407
4198 4.407 4.407
4301 4.407 4.407
4370 4.407 4.47
4412 4.47 4.47
4375 4.47 4.47
4272 4.47 4.488
4221 4.488 4.488
4188 4.488 4.488
4347 4.488 4.493
4188 4.493 4.493
4432 4.493 4.493
4429 4.493 4.489
4424 4.489 4.489
4188 4.489 4.489
4320 4.489 4.53
4188 4.53 4.53
4388 4.53 4.53
4273 4.53 4.624
4302 4.624 4.624
4464 4.624 4.624
4411 4.624 4.537
4288 4.537 4.537
4188 4.537 4.537
4188 4.537 4.627
4188 4.627 4.627
4188 4.627 4.627
4299 4.627 4.635
4352 4.635 4.635
4427 4.635 4.635
4388 4.635 4.505
4400 4.505 4.505
4214 4.505 4.505
4312 4.505 4.454
4188 4.454 4.454
4296 4.454 4.454
4305 4.454 4.461
4393 4.461 4.461
4301 4.461 4.461
4323 4.461 4.45
4331 4.45 4.45
4306 4.45 4.45
4650 4.45 4.523
4370 4.523 4.523
4558 4.523 4.523
4285 4.523 4.583
4425 4.583 4.583
4306 4.583 4.583
4321 4.583 4.47
4348 4.47 4.47
4299 4.47 4.47
4482 4.47 4.492
4305 4.492 4.492
4424 4.492 4.492
4572 4.492 4.177
4398 4.177 4.177
4413 4.177 4.177
4188 4.177 4.007
4228 4.007 4.007
4314 4.007 4.096
4252 4.096 4.096
4490 4.096 4.387
4405 4.387 4.387
4293 4.387 4.387
4220 4.387 4.298
4254 4.298 4.298
4219 4.298 4.298
4374 4.298 4.388
4188 4.388 4.388
4364 4.388 4.388
4378 4.388 4.576
4297 4.576 4.576
4429 4.576 4.576
4188 4.576 4.652
4337 4.652 4.652
4330 4.652 4.652
4408 4.652 4.727
4424 4.727 4.727
4266 4.727 4.727
4510 4.727 4.601
4274 4.601 4.601
4311 4.601 4.601
4430 4.601 4.727
4272 4.727 4.727
4244 4.727 4.727
4549 4.727 4.812
4542 4.812 4.812
4610 4.812 4.812
4477 4.812 4.672
4188 4.672 4.672
4297 4.672 4.672
4204 4.672 4.583
4275 4.583 4.583
4211 4.583 4.583
4231 4.583 4.641
4297 4.641 4.641
4188 4.641 4.641
4434 4.641 4.821
4320 4.821 4.821
4317 4.821 4.821
4585 4.821 4.823
4709 4.823 4.823
4602 4.823 4.823
4481 4.823 4.642
4391 4.642 4.642
4240 4.642 4.642
4363 4.642 4.515
4307 4.515 4.515
4362 4.515 4.515
4342 4.515 4.717
4427 4.717 4.717
4439 4.717 4.717
4505 4.717 4.609
4422 4.609 4.609
4447 4.609 4.609
4382 4.609 4.419
4188 4.419 4.419
4366 4.419 4.419
4298 4.419 4.443
4411 4.443 4.443
4381 4.443 4.443
4211 4.443 4.488
4294 4.488 4.488
4251 4.488 4.488
4349 4.488 4.413
4266 4.413 4.413
4400 4.413 4.413
4335 4.413 4.272
4330 4.272 4.272
4236 4.272 4.272
4393 4.272 4.4
4295 4.4 4.4
4188 4.4 4.4
4223 4.4 4.389
4261 4.389 4.389
4480 4.389 4.389
4398 4.389 4.449
4496 4.449 4.449
4420 4.449 4.449
4295 4.449 4.309
4223 4.309 4.309
4188 4.309 4.309
4474 4.309 4.457
4224 4.457 4.457
4365 4.457 4.457
4415 4.457 4.45
4390 4.45 4.45
4269 4.45 4.45
4224 4.45 4.425
4188 4.425 4.425
4255 4.425 4.425
4188 4.425 4.526
4251 4.526 4.526
4204 4.526 4.526
4214 4.526 4.597
4253 4.597 4.597
4262 4.597 4.597
4511 4.597 4.763
4227 4.763 4.763
4256 4.763 4.763
4493 4.763 4.695
4349 4.695 4.695
4297 4.695 4.695
4431 4.695 4.703
4598 4.703 4.703
4731 4.703 4.703
4530 4.703 4.588
4441 4.588 4.588
4367 4.588 4.588
4294 4.588 4.302
4191 4.302 4.302
4188 4.302 4.302
4188 4.302 4.502
4241 4.502 4.502
4345 4.502 4.502
4455 4.502 4.466
4377 4.466 4.466
4347 4.466 4.466
4422 4.466 4.207
4277 4.207 4.207
4240 4.207 4.207
4329 4.207 4.366
4255 4.366 4.366
4257 4.366 4.366
4455 4.366 4.45
4438 4.45 4.45
4356 4.45 4.45
4268 4.45 4.424
4484 4.424 4.424
4371 4.424 4.424
4408 4.424 4.327
4215 4.327 4.327
4365 4.327 4.327
4435 4.327 4.277
4369 4.277 4.277
4440 4.277 4.277
4459 4.277 4.174
4188 4.174 4.174
4393 4.174 4.174
4619 4.174 4.117
4584 4.117 4.117
4378 4.117 4.117
4348 4.117 4.003
4273 4.003 4.003
4188 4.003 4.003
4474 4.003 4.183
4374 4.183 4.183
4245 4.183 4.183
4571 4.183 4.146
4425 4.146 4.146
4337 4.146 4.146
4322 4.146 3.9
4188 3.9 3.9
4442 3.9 3.98
4348 3.98 3.98
4279 3.98 4.033
4314 4.033 4.033
4206 4.033 4.108
4188 4.108 4.108
4328 4.108 4.067
4188 4.067 4.067
4278 4.067 4.067
4358 4.067 3.954
4271 3.954 3.954
4370 3.954 3.954
4253 3.954 4.032
4322 4.032 4.032
4611 4.032 4.086
4662 4.086 4.086
4423 4.086 4.086
4331 4.086 3.963
4550 3.963 3.963
4581 3.963 3.963
4314 3.963 3.923
4188 3.923 3.923
4708 3.923 4.215
4611 4.215 4.215
4500 4.215 4.215
4259 4.215 4.034
4368 4.034 4.034
4265 4.034 4.002
4665 4.002 4.002
4328 4.002 4.098
4188 4.098 4.098
4385 4.098 4.098
4242 4.098 4.104
4224 4.104 4.104
4250 4.104 4.104
4211 4.104 4.155
4273 4.155 4.155
4243 4.155 4.257
4276 4.257 4.257
4205 4.257 4.257
4188 4.257 4.273
4188 4.273 4.273
4261 4.273 4.273
4257 4.273 4.329
4258 4.329 4.329
4188 4.329 4.329
4428 4.329 4.45
4188 4.45 4.45
4351 4.45 4.45
4258 4.45 4.345
4345 4.345 4.345
4275 4.345 4.345
4301 4.345 4.416
4254 4.416 4.416
4202 4.416 4.416
4204 4.416 4.472
4271 4.472 4.472
4399 4.472 4.472
4486 4.472 4.475
4405 4.475 4.475
4516 4.475 4.475
4309 4.475 4.387
4226 4.387 4.387
4392 4.387 4.387
4470 4.387 4.26
4552 4.26 4.26
4708 4.26 4.26
4487 4.26 4.323
4239 4.323 4.323
4413 4.323 4.323
4380 4.323 4.255
4203 4.255 4.255
4301 4.255 4.255
4203 4.255 4.416
4249 4.416 4.416
4269 4.416 4.416
4260 4.416 4.418
4263 4.418 4.418
4308 4.418 4.418
4188 4.418 4.393
4215 4.393 4.393
4188 4.393 4.393
4328 4.393 4.48
4308 4.48 4.48
4214 4.48 4.48
4188 4.48 4.579
4188 4.579 4.579
4502 4.579 4.579
4512 4.579 4.739
4463 4.739 4.739
4361 4.739 4.739
4532 4.739 4.68
4493 4.68 4.68
4520 4.68 4.68
4397 4.68 4.501
4427 4.501 4.501
4508 4.501 4.501
4380 4.501 4.447
4222 4.447 4.447
4188 4.447 4.447
4188 4.447 4.616
4292 4.616 4.616
4399 4.616 4.616
4376 4.616 4.69
4532 4.69 4.69
4436 4.69 4.69
4508 4.69 4.559
4429 4.559 4.559
4547 4.559 4.559
4484 4.559 4.461
4431 4.461 4.461
4370 4.461 4.461
4400 4.461 4.428
4486 4.428 4.428
4228 4.428 4.428
4188 4.428 4.485
4188 4.485 4.485
4267 4.485 4.485
4516 4.485 4.564
4414 4.564 4.564
4235 4.564 4.564
4493 4.564 4.595
4203 4.595 4.595
4266 4.595 4.595
4188 4.595 4.6
4256 4.6 4.6
4188 4.6 4.6
4288 4.6 4.602
4188 4.602 4.602
4255 4.602 4.602
4328 4.602 4.655
4231 4.655 4.655
4279 4.655 4.655
4189 4.655 4.685
4318 4.685 4.685
4300 4.685 4.685
4227 4.685 4.666
4332 4.666 4.666
4188 4.666 4.666
4313 4.666 4.782
4188 4.782 4.782
4345 4.782 4.782
4349 4.782 4.777
4500 4.777 4.777
4338 4.777 4.777
4569 4.777 4.702
4421 4.702 4.702
4396 4.702 4.702
4337 4.702 4.602
4270 4.602 4.602
4279 4.602 4.602
4460 4.602 4.727
4219 4.727 4.727
4302 4.727 4.727
4332 4.727 4.83
4296 4.83 4.83
4288 4.83 4.83
4499 4.83 4.775
4293 4.775 4.775
4338 4.775 4.775
4283 4.775 4.766
4281 4.766 4.766
4303 4.766 4.766
4419 4.766 4.764
4339 4.764 4.764
4369 4.764 4.764
4366 4.764 4.604
4220 4.604 4.604
4215 4.604 4.604
4365 4.604 4.611
4602 4.611 4.611
4596 4.611 4.611
4429 4.611 4.623
4460 4.623 4.623
4335 4.623 4.623
4343 4.623 4.603
4264 4.603 4.603
4375 4.603 4.603
4233 4.603 4.569
4262 4.569 4.569
4260 4.569 4.569
4295 4.569 4.71
4536 4.71 4.71
4478 4.71 4.71
4293 4.71 4.76
4274 4.76 4.76
4360 4.76 4.76
4356 4.76 4.523
4205 4.523 4.523
4488 4.523 4.523
4318 4.523 4.512
4241 4.512 4.512
4211 4.512 4.512
4203 4.512 4.736
4327 4.736 4.736
4214 4.736 4.736
4353 4.736 4.795
4188 4.795 4.795
4254 4.795 4.795
4294 4.795 4.759
4400 4.759 4.759
4362 4.759 4.759
4336 4.759 4.767
4409 4.767 4.767
4306 4.767 4.767
4304 4.767 4.547
4501 4.547 4.547
4492 4.547 4.547
4471 4.547 4.435
4410 4.435 4.435
4247 4.435 4.435
4291 4.435 4.433
4197 4.433 4.433
4338 4.433 4.433
4582 4.433 4.712
4208 4.712 4.712
4188 4.712 4.712
4275 4.712 4.626
4282 4.626 4.626
4251 4.626 4.626
4293 4.626 4.491
4188 4.491 4.491
4188 4.491 4.491
4323 4.491 4.66
4350 4.66 4.66
4273 4.66 4.66
4403 4.66 4.596
4511 4.596 4.596
4529 4.596 4.596
4323 4.596 4.427
4267 4.427 4.427
4477 4.427 4.427
4252 4.427 4.483
4257 4.483 4.483
4221 4.483 4.483
4249 4.483 4.528
4253 4.528 4.528
4388 4.528 4.528
4252 4.528 4.479
4485 4.479 4.479
4434 4.479 4.479
4466 4.479 4.33
4298 4.33 4.33
4537 4.33 4.33
4312 4.33 4.3
4532 4.3 4.3
4416 4.3 4.3
4402 4.3 4.203
4273 4.203 4.203
4383 4.203 4.203
4451 4.203 4.171
4398 4.171 4.171
4618 4.171 4.171
4613 4.171 4.32
4438 4.32 4.32
4584 4.32 4.32
4393 4.32 4.248
4234 4.248 4.248
4404 4.248 4.248
4228 4.248 4.192
4258 4.192 4.192
4597 4.192 4.192
4284 4.192 4.243
4188 4.243 4.243
4366 4.243 4.243
4188 4.243 4.194
4211 4.194 4.194
4327 4.194 4.194
4394 4.194 4.155
4434 4.155 4.155
4695 4.155 4.155
4250 4.155 4.169
4244 4.169 4.169
4250 4.169 4.169
4190 4.169 4.121
4188 4.121 4.121
4188 4.121 4.121
4214 4.121 4.311
4295 4.311 4.311
4239 4.311 4.311
4188 4.311 4.391
4264 4.391 4.391
4351 4.391 4.391
4532 4.391 4.37
4294 4.37 4.37
4480 4.37 4.37
4382 4.37 4.457
4416 4.457 4.457
4313 4.457 4.457
4200 4.457 4.455
4402 4.455 4.455
4283 4.455 4.455
4191 4.455 4.481
4229 4.481 4.481
4278 4.481 4.481
4268 4.481 4.569
4268 4.569 4.569
4306 4.569 4.569
4299 4.569 4.643
4453 4.643 4.643
4289 4.643 4.643
4415 4.643 4.617
4218 4.617 4.617
4231 4.617 4.617
4423 4.617 4.676
4398 4.676 4.676
4344 4.676 4.676
4192 4.676 4.671
4259 4.671 4.671
4443 4.671 4.671
4188 4.671 4.629
4295 4.629 4.629
4196 4.629 4.629
4400 4.629 4.69
4437 4.69 4.69
4231 4.69 4.69
4371 4.69 4.816
4513 4.816 4.816
4535 4.816 4.816
4465 4.816 4.685
4392 4.685 4.685
4441 4.685 4.685
4368 4.685 4.416
4660 4.416 4.416
4374 4.416 4.416
4457 4.416 4.45
4223 4.45 4.45
4319 4.45 4.45
4244 4.45 4.387
4402 4.387 4.387
4445 4.387 4.387
4475 4.387 4.389
4332 4.389 4.389
4535 4.389 4.389
4303 4.389 4.268
4188 4.268 4.268
4232 4.268 4.268
4188 4.268 4.502
4240 4.502 4.502
4188 4.502 4.502
4269 4.502 4.507
4195 4.507 4.507
4246 4.507 4.507
4446 4.507 4.507
4188 4.507 4.507
4188 4.507 4.507
4245 4.507 4.577
4324 4.577 4.577
4404 4.577 4.577
4518 4.577 4.543
4497 4.543 4.543
4387 4.543 4.543
4495 4.543 4.362
4431 4.362 4.362
4516 4.362 4.362
4437 4.362 4.309
4288 4.309 4.309
4188 4.309 4.309
4452 4.309 4.361
4368 4.361 4.361
4320 4.361 4.361
4310 4.361 4.357
4424 4.357 4.357
4469 4.357 4.357
4244 4.357 4.338
4335 4.338 4.338
4408 4.338 4.338
4238 4.338 4.133
4379 4.133 4.133
4400 4.133 4.133
4424 4.133 4.083
4445 4.083 4.083
4290 4.083 4.083
4245 4.083 4.169
4206 4.169 4.169
4368 4.169 4.169
4214 4.169 4.176
4250 4.176 4.176
4271 4.176 4.176
4408 4.176 4.291
4302 4.291 4.291
4454 4.291 4.291
4385 4.291 4.247
4229 4.247 4.247
4219 4.247 4.247
4266 4.247 4.519
4285 4.519 4.519
4390 4.519 4.519
4253 4.519 4.414
4449 4.414 4.414
4443 4.414 4.414
4382 4.414 4.318
4380 4.318 4.318
4447 4.318 4.318
4437 4.318 4.431
4449 4.431 4.431
4313 4.431 4.431
4491 4.431 4.425
4335 4.425 4.425
4330 4.425 4.425
4320 4.425 4.483
4617 4.483 4.483
4556 4.483 4.483
4742 4.483 4.388
4188 4.388 4.388
4259 4.388 4.388
4300 4.388 4.39
4285 4.39 4.39
4436 4.39 4.39
4614 4.39 4.678
4505 4.678 4.678
4443 4.678 4.678
4493 4.678 4.506
4525 4.506 4.506
4412 4.506 4.506
4188 4.506 4.418
4188 4.418 4.418
4188 4.418 4.418
4365 4.418 4.996
4356 4.996 4.996
4379 4.996 4.996
4374 4.996 4.752
4600 4.752 4.752
4470 4.752 4.752
4376 4.752 4.369
4188 4.369 4.369
4188 4.369 4.369
4241 4.369 4.738
4312 4.738 4.738
4322 4.738 4.738
4314 4.738 4.641
4617 4.641 4.641
4682 4.641 4.641
4559 4.641 4.425
4384 4.425 4.425
4463 4.425 4.425
4494 4.425 4.206
4374 4.206 4.206
4188 4.206 4.206
4188 4.206 4.41
4523 4.41 4.41
4382 4.41 4.41
4535 4.41 4.52
4381 4.52 4.52
4375 4.52 4.52
4273 4.52 4.413
4188 4.413 4.413
4264 4.413 4.413
4255 4.413 4.573
4295 4.573 4.573
4248 4.573 4.573
4188 4.573 4.656
4726 4.656 4.656
4437 4.656 4.656
4514 4.656 4.669
4428 4.669 4.669
4345 4.669 4.669
4219 4.669 4.498
4210 4.498 4.498
4348 4.498 4.498
4216 4.498 4.675
4371 4.675 4.675
4318 4.675 4.675
4267 4.675 4.89
4220 4.89 4.89
4188 4.89 4.89
4312 4.89 4.899
4378 4.899 4.899
4404 4.899 4.899
4468 4.899 4.904
4298 4.904 4.904
4319 4.904 4.904
4188 4.904 4.907
4257 4.907 4.907
4375 4.907 4.907
4697 4.907 5.113
4329 5.113 5.113
4188 5.113 5.113
4424 5.113 5.14
4558 5.14 5.14
4268 5.14 5.14
4312 5.14 5.031
4493 5.031 5.031
4188 5.031 5.031
4203 5.031 5.156
4336 5.156 5.156
4353 5.156 5.156
4448 5.156 5.05
4380 5.05 5.05
4188 5.05 5.05
4188 5.05 5.057
4489 5.057 5.057
4513 5.057 5.057
4521 5.057 5.209
4393 5.209 5.209
4204 5.209 5.209
4531 5.209 5.253
4355 5.253 5.253
4244 5.253 5.253
4326 5.253 5.205
4247 5.205 5.205
4322 5.205 5.205
4324 5.205 5.442
4349 5.442 5.442
4211 5.442 5.442
4533 5.442 5.3
4188 5.3 5.3
4188 5.3 5.3
4395 5.3 5.278
4188 5.278 5.278
4409 5.278 5.278
4706 5.278 5.499
4211 5.499 5.499
4428 5.499 5.499
4447 5.499 5.409
4570 5.409 5.409
4471 5.409 5.409
4253 5.409 5.126
4258 5.126 5.126
4389 5.126 5.126
4404 5.126 5.162
4268 5.162 5.162
4264 5.162 5.162
4315 5.162 5.069
4550 5.069 5.069
4400 5.069 5.069
4424 5.069 4.899
4457 4.899 4.899
4674 4.899 4.899
4369 4.899 4.647
4249 4.647 4.647
4188 4.647 4.647
4188 4.647 4.654
4222 4.654 4.654
4298 4.654 4.654
4584 4.654 4.964
4629 4.964 4.964
4374 4.964 4.964
4342 4.964 4.799
4315 4.799 4.799
4286 4.799 4.799
4495 4.799 4.663
4534 4.663 4.663
4342 4.663 4.663
4363 4.663 4.533
4300 4.533 4.533
4426 4.533 4.533
4325 4.533 4.607
4452 4.607 4.607
4259 4.607 4.607
4455 4.607 4.318
4411 4.318 4.318
4240 4.318 4.318
4237 4.318 4.128
4317 4.128 4.128
4395 4.128 4.389
4312 4.389 4.389
4188 4.389 4.389
4290 4.389 4.367
4407 4.367 4.367
4262 4.367 4.367
4354 4.367 4.311
4491 4.311 4.311
4487 4.311 4.311
4374 4.311 4.223
4432 4.223 4.223
4376 4.223 4.223
4422 4.223 4.175
4460 4.175 4.175
4274 4.175 4.175
4416 4.175 4.185
4443 4.185 4.185
4264 4.185 4.185
4411 4.185 4.12
4395 4.12 4.12
4231 4.12 4.12
4402 4.12 4.59
4391 4.59 4.59
4188 4.59 4.59
4204 4.59 4.63
4188 4.63 4.63
4326 4.63 4.63
4531 4.63 4.469
4491 4.469 4.469
4536 4.469 4.469
4640 4.469 4.305
4526 4.305 4.305
4251 4.305 4.305
4188 4.305 4.443
4318 4.443 4.443
4286 4.443 4.443
4188 4.443 4.602
4348 4.602 4.602
4188 4.602 4.602
4471 4.602 4.599
4419 4.599 4.599
4346 4.599 4.599
4314 4.599 4.549
4188 4.549 4.549
4188 4.549 4.549
4188 4.549 4.686
4237 4.686 4.686
4292 4.686 4.686
4242 4.686 5.046
4301 5.046 5.046
4361 5.046 5.046
4302 5.046 5.289
4307 5.289 5.289
4188 5.289 5.289
4188 5.289 5.324
4269 5.324 5.324
4394 5.324 5.324
4428 5.324 5.362
4422 5.362 5.362
4342 5.362 5.362
4220 5.362 5.436
4243 5.436 5.436
4274 5.436 5.436
4188 5.436 5.391
4269 5.391 5.391
4465 5.391 5.391
4392 5.391 5.424
4188 5.424 5.424
4273 5.424 5.424
4319 5.424 5.297
4324 5.297 5.297
4533 5.297 5.297
4638 5.297 5.257
4420 5.257 5.257
4230 5.257 5.257
4344 5.257 5.199
4291 5.199 5.199
4219 5.199 5.199
4250 5.199 5.258
4205 5.258 5.258
4293 5.258 5.258
4525 5.258 5.343
4588 5.343 5.343
4510 5.343 5.343
4368 5.343 5.147
4188 5.147 5.147
4188 5.147 5.147
4188 5.147 5.191
4188 5.191 5.191
4188 5.191 5.191
4334 5.191 5.225
4545 5.225 5.225
4538 5.225 5.225
4262 5.225 5.248
4259 5.248 5.248
4339 5.248 5.248
4386 5.248 5.261
4504 5.261 5.261
4217 5.261 5.261
4261 5.261 5.469
4188 5.469 5.469
4388 5.469 5.469
4273 5.469 5.397
4516 5.397 5.397
4489 5.397 5.397
4531 5.397 5.334
4539 5.334 5.334
4283 5.334 5.334
4255 5.334 5.324
4211 5.324 5.324
4248 5.324 5.324
4444 5.324 5.562
4558 5.562 5.562
4718 5.562 5.562
4723 5.562 5.55
4277 5.55 5.55
4353 5.55 5.55
4413 5.55 5.55
4382 5.55 5.274
4360 5.274 5.274
4256 5.274 5.274
4294 5.274 5.344
4369 5.344 5.344
4319 5.344 5.344
4263 5.344 5.368
4494 5.368 5.368
4307 5.368 5.368
4341 5.368 5.415
4347 5.415 5.415
4290 5.415 5.415
4313 5.415 5.328
4417 5.328 5.328
4324 5.328 5.328
4302 5.328 5.219
4263 5.219 5.219
4502 5.219 5.219
4420 5.219 5.246
4358 5.246 5.246
4305 5.246 5.246
4417 5.246 5.092
4288 5.092 5.092
4545 5.092 5.092
4339 5.092 5.011
4437 5.011 5.011
4493 5.011 5.011
4519 5.011 5.051
4416 5.051 5.051
4302 5.051 5.051
4213 5.051 4.984
4410 4.984 4.984
4398 4.984 4.984
4414 4.984 5.094
4469 5.094 5.094
4366 5.094 5.094
4282 5.094 5.167
4376 5.167 5.167
4188 5.167 5.167
4237 5.167 5.167
4265 5.167 5.167
4297 5.167 5.167
4421 5.167 5.25
4308 5.25 5.25
4188 5.25 5.25
4271 5.25 5.209
4292 5.209 5.209
4539 5.209 5.209
4553 5.209 5.256
4284 5.256 5.256
4281 5.256 5.256
4188 5.256 5.269
4377 5.269 5.269
4330 5.269 5.269
4253 5.269 5.273
4188 5.273 5.273
4280 5.273 5.273
4344 5.273 5.321
4376 5.321 5.321
4308 5.321 5.321
4538 5.321 5.467
4420 5.467 5.467
4429 5.467 5.467
4313 5.467 5.494
4289 5.494 5.494
4324 5.494 5.494
4620 5.494 5.446
4408 5.446 5.446
4374 5.446 5.446
4443 5.446 5.413
4333 5.413 5.413
4188 5.413 5.413
4230 5.413 5.44
4449 5.44 5.44
4565 5.44 5.44
4268 5.44 5.507
4279 5.507 5.507
4400 5.507 5.507
4289 5.507 5.463
4188 5.463 5.463
4237 5.463 5.463
4188 5.463 5.563
4443 5.563 5.563
4307 5.563 5.563
4523 5.563 5.791
4273 5.791 5.791
4224 5.791 5.791
4372 5.791 5.63
4562 5.63 5.63
4536 5.63 5.63
4306 5.63 5.506
4280 5.506 5.506
4271 5.506 5.506
4188 5.506 5.475
4309 5.475 5.475
4188 5.475 5.475
4241 5.475 5.65
4353 5.65 5.65
4248 5.65 5.65
4188 5.65 5.594
4323 5.594 5.594
4327 5.594 5.594
4188 5.594 5.541
4322 5.541 5.541
4310 5.541 5.541
4247 5.541 5.561
4188 5.561 5.561
4391 5.561 5.561
4453 5.561 5.699
4395 5.699 5.699
4332 5.699 5.699
4195 5.699 5.629
4460 5.629 5.629
4602 5.629 5.629
4264 5.629 5.446
4283 5.446 5.446
4188 5.446 5.446
4278 5.446 5.559
4396 5.559 5.559
4318 5.559 5.559
4427 5.559 5.589
4201 5.589 5.589
4189 5.589 5.589
4286 5.589 5.777
4255 5.777 5.777
4188 5.777 5.777
4397 5.777 5.912
4488 5.912 5.912
4253 5.912 5.912
4344 5.912 5.802
4435 5.802 5.802
4434 5.802 5.802
4498 5.802 5.498
4374 5.498 5.498
4369 5.498 5.498
4223 5.498 5.477
4258 5.477 5.477
4242 5.477 5.477
4306 5.477 5.563
4255 5.563 5.563
4285 5.563 5.563
4233 5.563 5.705
4221 5.705 5.705
4332 5.705 5.705
4551 5.705 5.705
4473 5.705 5.705
4401 5.705 5.705
4258 5.705 5.632
4391 5.632 5.632
4426 5.632 5.632
4240 5.632 5.564
4231 5.564 5.564
4284 5.564 5.564
4395 5.564 5.56
4253 5.56 5.56
4268 5.56 5.56
4266 5.56 5.551
4188 5.551 5.551
4490 5.551 5.551
4487 5.551 5.679
4373 5.679 5.679
4248 5.679 5.679
4286 5.679 5.585
4303 5.585 5.585
4427 5.585 5.585
4345 5.585 5.438
4439 5.438 5.438
4452 5.438 5.438
4473 5.438 5.449
4374 5.449 5.449
4391 5.449 5.449
4188 5.449 5.405
4507 5.405 5.405
4444 5.405 5.405
4405 5.405 5.308
4447 5.308 5.308
4612 5.308 5.308
4291 5.308 5.08
4256 5.08 5.08
4359 5.08 5.08
4450 5.08 5.03
4315 5.03 5.03
4318 5.03 5.03
4325 5.03 4.98
4453 4.98 4.98
4448 4.98 4.98
4343 4.98 4.97
4305 4.97 4.97
4296 4.97 4.97
4195 4.97 5.015
4315 5.015 5.015
4344 5.015 5.015
4348 5.015 5.025
4232 5.025 5.025
4247 5.025 5.025
4188 5.025 4.961
4231 4.961 4.961
4223 4.961 4.961
4269 4.961 5.158
4188 5.158 5.158
4280 5.158 5.158
4243 5.158 5.153
4300 5.153 5.153
4227 5.153 5.153
4188 5.153 5.069
4242 5.069 5.069
4322 5.069 5.069
4230 5.069 5.287
4242 5.287 5.287
4188 5.287 5.287
4369 5.287 5.285
4497 5.285 5.285
4561 5.285 5.285
4478 5.285 5.118
4459 5.118 5.118
4393 5.118 5.118
4367 5.118 4.92
4427 4.92 4.92
4593 4.92 4.92
4397 4.92 4.825
4188 4.825 4.825
4421 4.825 4.825
4202 4.825 4.986
4306 4.986 4.986
4414 4.986 4.986
4446 4.986 4.994
4488 4.994 4.994
4252 4.994 4.994
4333 4.994 4.879
4188 4.879 4.879
4247 4.879 4.879
4422 4.879 4.911
4450 4.911 4.911
4391 4.911 4.911
4302 4.911 5.04
4188 5.04 5.04
4188 5.04 5.04
4202 5.04 5.134
4302 5.134 5.134
4254 5.134 5.134
4418 5.134 5.012
4411 5.012 5.012
4426 5.012 5.012
4312 5.012 4.898
4419 4.898 4.898
4323 4.898 4.898
4319 4.898 5.013
4463 5.013 5.013
4316 5.013 5.013
4273 5.013 5.217
4267 5.217 5.217
4582 5.217 5.217
4477 5.217 5.001
4491 5.001 5.001
4223 5.001 5.001
4275 5.001 4.762
4414 4.762 4.762
4295 4.762 4.762
4188 4.762 4.84
4329 4.84 4.84
4505 4.84 4.84
4303 4.84 4.796
4328 4.796 4.796
4224 4.796 4.796
4240 4.796 4.85
4633 4.85 4.85
4433 4.85 4.85
4376 4.85 4.549
4290 4.549 4.549
4340 4.549 4.549
4277 4.549 4.578
4469 4.578 4.578
4333 4.578 4.578
4239 4.578 4.732
4292 4.732 4.732
4236 4.732 4.732
4242 4.732 4.77
4420 4.77 4.77
4188 4.77 4.77
4188 4.77 4.777
4188 4.777 4.777
4363 4.777 4.777
4273 4.777 4.815
4286 4.815 4.815
4351 4.815 4.815
4193 4.815 4.695
4239 4.695 4.695
4239 4.695 4.695
4306 4.695 4.795
4421 4.795 4.795
4340 4.795 4.795
4188 4.795 4.904
4389 4.904 4.904
4343 4.904 4.904
4357 4.904 4.955
4224 4.955 4.955
4318 4.955 4.955
4332 4.955 4.845
4188 4.845 4.845
4263 4.845 4.845
4337 4.845 4.957
4268 4.957 4.957
4188 4.957 4.957
4188 4.957 5.156
4479 5.156 5.156
4392 5.156 5.156
4267 5.156 4.962
4307 4.962 4.962
4259 4.962 4.962
4221 4.962 4.84
4318 4.84 4.84
4364 4.84 4.84
4188 4.84 4.928
4374 4.928 4.928
4277 4.928 4.928
4400 4.928 5.068
4338 5.068 5.068
4249 5.068 5.068
4269 5.068 4.935
4222 4.935 4.935
4234 4.935 4.935
4358 4.935 5.069
4234 5.069 5.069
4188 5.069 5.069
4188 5.069 5.36
4388 5.36 5.36
4329 5.36 5.36
4337 5.36 5.375
4275 5.375 5.375
4549 5.375 5.375
4297 5.375 5.363
4228 5.363 5.363
4279 5.363 5.363
4580 5.363 5.473
4719 5.473 5.473
4338 5.473 5.473
4311 5.473 5.365
4276 5.365 5.365
4453 5.365 5.365
4268 5.365 5.272
4242 5.272 5.272
4188 5.272 5.272
4241 5.272 5.519
4188 5.519 5.519
4201 5.519 5.519
4294 5.519 5.48
4226 5.48 5.48
4268 5.48 5.48
4303 5.48 5.406
4286 5.406 5.406
4333 5.406 5.406
4491 5.406 5.54
4377 5.54 5.54
4258 5.54 5.54
4306 5.54 5.408
4392 5.408 5.408
4188 5.408 5.408
4188 5.408 5.411
4225 5.411 5.411
4220 5.411 5.411
4188 5.411 5.357
4536 5.357 5.357
4349 5.357 5.357
4234 5.357 5.262
4321 5.262 5.262
4404 5.262 5.262
4378 5.262 5.423
4388 5.423 5.423
4212 5.423 5.423
4251 5.423 5.393
4206 5.393 5.393
4204 5.393 5.393
4419 5.393 5.513
4240 5.513 5.513
4387 5.513 5.513
4358 5.513 5.577
4608 5.577 5.577
4641 5.577 5.577
4470 5.577 5.452
4460 5.452 5.452
4274 5.452 5.452
4214 5.452 5.402
4226 5.402 5.402
4389 5.402 5.402
4188 5.402 5.441
4263 5.441 5.441
4332 5.441 5.441
4398 5.441 5.618
4432 5.618 5.618
4397 5.618 5.618
4385 5.618 5.559
4563 5.559 5.559
4312 5.559 5.559
4223 5.559 5.397
4256 5.397 5.397
4412 5.397 5.397
4261 5.397 5.395
4226 5.395 5.395
4188 5.395 5.395
4198 5.395 5.7
4309 5.7 5.7
4499 5.7 5.7
4434 5.7 5.944
4434 5.944 5.944
4260 5.944 5.944
4316 5.944 5.944
4415 5.944 5.67
4316 5.67 5.67
4374 5.67 5.67
4653 5.67 5.777
4570 5.777 5.777
4312 5.777 5.777
4195 5.777 5.711
4344 5.711 5.711
4390 5.711 5.711
4454 5.711 5.799
4308 5.799 5.799
4235 5.799 5.799
4223 5.799 5.685
4290 5.685 5.685
4235 5.685 5.685
4221 5.685 5.801
4273 5.801 5.801
4411 5.801 5.801
4300 5.801 5.717
4402 5.717 5.717
4267 5.717 5.717
4373 5.717 5.785
4272 5.785 5.785
4274 5.785 5.785
4188 5.785 6.101
4188 6.101 6.101
4350 6.101 6.101
4290 6.101 6.117
4188 6.117 6.117
4270 6.117 6.117
4361 6.117 6.117
4293 6.117 6.007
4188 6.007 6.007
4284 6.007 6.007
4237 6.007 6.215
4188 6.215 6.215
4270 6.215 6.215
4421 6.215 6.332
4325 6.332 6.332
4188 6.332 6.332
4234 6.332 6.332
4287 6.332 6.288
4188 6.288 6.288
4288 6.288 6.288
4248 6.288 6.288
4396 6.288 6.356
4592 6.356 6.356
4297 6.356 6.356
4373 6.356 6.356
4221 6.356 6.309
4288 6.309 6.309
4229 6.309 6.309
4392 6.309 6.309
4399 6.309 6.381
4201 6.381 6.381
4537 6.381 6.381
4536 6.381 6.381
4361 6.381 6.432
4464 6.432 6.432
4356 6.432 6.432
4324 6.432 6.432
4223 6.432 6.267
4346 6.267 6.267
4277 6.267 6.267
4402 6.267 6.267
4188 6.267 6.323
4376 6.323 6.323
4212 6.323 6.323
4324 6.323 6.323
4315 6.323 6.338
4276 6.338 6.338
4461 6.338 6.338
4418 6.338 6.338
4351 6.338 6.225
4204 6.225 6.225
4385 6.225 6.225
4235 6.225 6.225
4263 6.225 6.291
4268 6.291 6.291
4188 6.291 6.291
4346 6.291 6.291
4452 6.291 6.319
4288 6.319 6.319
4377 6.319 6.319
4388 6.319 6.319
4323 6.319 6.195
4384 6.195 6.195
4202 6.195 6.195
4238 6.195 6.195
4299 6.195 6.164
4284 6.164 6.164
4324 6.164 6.164
4285 6.164 6.164
4263 6.164 6.048
4421 6.048 6.048
4435 6.048 6.048
4443 6.048 6.048
4220 6.048 5.841
4282 5.841 5.841
4295 5.841 5.841
4188 5.841 6.053
4188 6.053 6.053
4397 6.053 6.053
4468 6.053 6.352
4278 6.352 6.352
4315 6.352 6.352
4393 6.352 6.352
4513 6.352 6.174
4419 6.174 6.174
4188 6.174 6.174
4202 6.174 6.174
4217 6.174 6.162
4330 6.162 6.162
4189 6.162 6.162
4228 6.162 6.291
4370 6.291 6.291
4348 6.291 6.291
4402 6.291 6.266
4474 6.266 6.266
4358 6.266 6.266
4378 6.266 6.266
4466 6.266 6.253
4563 6.253 6.253
4451 6.253 6.253
4460 6.253 6.253
4469 6.253 6.232
4266 6.232 6.232
4188 6.232 6.232
4218 6.232 6.232
4346 6.232 6.327
4419 6.327 6.327
4198 6.327 6.327
4251 6.327 6.327
4387 6.327 6.469
4445 6.469 6.469
4301 6.469 6.469
4282 6.469 6.469
4267 6.469 6.467
4329 6.467 6.467
4266 6.467 6.467
4347 6.467 6.467
4424 6.467 6.505
4668 6.505 6.505
4348 6.505 6.505
4203 6.505 6.505
4335 6.505 6.445
4429 6.445 6.445
4820 6.445 6.445
4575 6.445 6.445
4357 6.445 6.445
4293 6.445 6.445
4401 6.445 6.445
4479 6.445 6.445
4479 6.445 6.456
4269 6.456 6.456
4188 6.456 6.456
4414 6.456 6.456
4480 6.456 6.382
4256 6.382 6.382
4232 6.382 6.382
4420 6.382 6.382
4320 6.382 6.341
4353 6.341 6.341
4273 6.341 6.341
4208 6.341 6.341
4300 6.341 6.38
4394 6.38 6.38
4254 6.38 6.38
4298 6.38 6.38
4188 6.38 6.261
4188 6.261 6.261
4400 6.261 6.261
4460 6.261 6.261
4303 6.261 6.21
4479 6.21 6.21
4391 6.21 6.21
4370 6.21 6.21
4475 6.21 6.15
4370 6.15 6.15
4365 6.15 6.15
4314 6.15 6.15
4381 6.15 6.054
4513 6.054 6.054
4445 6.054 6.054
4325 6.054 6.054
4194 6.054 5.97
4262 5.97 5.97
4214 5.97 5.97
4188 5.97 6.08
4390 6.08 6.08
4269 6.08 6.08
4230 6.08 6.075
4188 6.075 6.075
4234 6.075 6.075
4365 6.075 6.132
4251 6.132 6.132
4326 6.132 6.132
4188 6.132 6.132
4510 6.132 6.277
4254 6.277 6.277
4244 6.277 6.277
4306 6.277 6.277
4328 6.277 6.248
4301 6.248 6.248
4472 6.248 6.248
4335 6.248 6.248
4267 6.248 6.073
4315 6.073 6.073
4373 6.073 6.073
4437 6.073 6.073
4512 6.073 6.187
4438 6.187 6.187
4432 6.187 6.187
4188 6.187 6.187
4254 6.187 6.229
4233 6.229 6.229
4275 6.229 6.229
4203 6.229 6.229
4503 6.229 6.339
4200 6.339 6.339
4234 6.339 6.339
4314 6.339 6.339
4269 6.339 6.373
4443 6.373 6.373
4237 6.373 6.373
4296 6.373 6.373
4327 6.373 6.188
4511 6.188 6.188
4441 6.188 6.188
4322 6.188 6.188
4392 6.188 5.865
4188 5.865 5.865
4279 5.865 5.865
4205 5.865 5.865
4418 5.865 5.903
4245 5.903 5.903
4292 5.903 5.903
4188 5.903 5.978
4312 5.978 5.978
4339 5.978 5.978
4403 5.978 6.011
4372 6.011 6.011
4240 6.011 6.011
4269 6.011 6.011
4418 6.011 6.074
4444 6.074 6.074
4283 6.074 6.074
4283 6.074 6.074
4346 6.074 6.285
4259 6.285 6.285
4333 6.285 6.285
4188 6.285 6.285
4192 6.285 6.474
4290 6.474 6.474
4263 6.474 6.474
4231 6.474 6.474
4366 6.474 6.478
4350 6.478 6.478
4214 6.478 6.478
4352 6.478 6.478
4213 6.478 6.356
4229 6.356 6.356
4188 6.356 6.356
4219 6.356 6.356
4300 6.356 6.254
4262 6.254 6.254
4251 6.254 6.254
4517 6.254 6.254
4254 6.254 6.207
4296 6.207 6.207
4336 6.207 6.207
4406 6.207 6.207
4327 6.207 6.041
4382 6.041 6.041
4452 6.041 6.041
4354 6.041 6.041
4307 6.041 6.067
4339 6.067 6.067
4276 6.067 6.067
4461 6.067 6.039
4425 6.039 6.039
4374 6.039 6.039
4358 6.039 6.039
4406 6.039 5.855
4433 5.855 5.855
4409 5.855 5.855
4284 5.855 5.667
4227 5.667 5.667
4229 5.667 5.667
4290 5.667 5.732
4337 5.732 5.732
4505 5.732 5.732
4438 5.732 5.904
4748 5.904 5.904
4738 5.904 5.904
4566 5.904 5.618
4521 5.618 5.618
4468 5.618 5.618
4477 5.618 5.256
4224 5.256 5.256
4283 5.256 5.256
4282 5.256 5.359
4419 5.359 5.359
4188 5.359 5.359
4192 5.359 5.642
4299 5.642 5.642
4574 5.642 5.642
4404 5.642 5.533
4500 5.533 5.533
4335 5.533 5.533
4329 5.533 5.407
4240 5.407 5.407
4206 5.407 5.407
4304 5.407 5.458
4396 5.458 5.458
4215 5.458 5.458
4188 5.458 5.69
4219 5.69 5.69
4242 5.69 5.69
4555 5.69 5.802
4551 5.802 5.802
4492 5.802 5.802
4400 5.802 5.802
4386 5.802 5.688
4334 5.688 5.688
4287 5.688 5.688
4344 5.688 5.635
4188 5.635 5.635
4188 5.635 5.635
4188 5.635 5.953
4255 5.953 5.953
4350 5.953 5.953
4278 5.953 5.898
4290 5.898 5.898
4286 5.898 5.898
4329 5.898 5.898
4305 5.898 5.696
4257 5.696 5.696
4242 5.696 5.696
4192 5.696 5.823
4319 5.823 5.823
4188 5.823 5.823
4188 5.823 6.613
4253 6.613 6.613
4243 6.613 6.613
4393 6.613 6.613
4400 6.613 6.598
4294 6.598 6.598
4191 6.598 6.598
4206 6.598 6.598
4190 6.598 6.384
4188 6.384 6.384
4188 6.384 6.384
4188 6.384 6.384
4229 6.384 6.446
4188 6.446 6.446
4244 6.446 6.446
4244 6.446 6.446
4188 6.446 6.719
4188 6.719 6.719
4274 6.719 6.719
4261 6.719 6.719
4293 6.719 6.621
4341 6.621 6.621
4392 6.621 6.621
4402 6.621 6.621
4578 6.621 6.605
4574 6.605 6.605
4469 6.605 6.605
4232 6.605 6.605
4244 6.605 6.709
4301 6.709 6.709
4332 6.709 6.709
4248 6.709 6.709
4188 6.709 6.828
4204 6.828 6.828
4214 6.828 6.828
4242 6.828 6.828
4247 6.828 6.866
4271 6.866 6.866
4396 6.866 6.866
4359 6.866 6.866
4410 6.866 6.706
4529 6.706 6.706
4317 6.706 6.706
4313 6.706 6.706
4369 6.706 6.544
4376 6.544 6.544
4294 6.544 6.544
4188 6.544 6.544
4188 6.544 6.576
4252 6.576 6.576
4194 6.576 6.576
4346 6.576 6.576
4396 6.576 6.666
4367 6.666 6.666
4292 6.666 6.666
4238 6.666 6.666
4188 6.666 6.624
4269 6.624 6.624
4269 6.624 6.624
4450 6.624 6.624
4370 6.624 6.74
4407 6.74 6.74
4393 6.74 6.74
4273 6.74 6.74
4235 6.74 6.697
4221 6.697 6.697
4304 6.697 6.697
4268 6.697 6.697
4417 6.697 6.785
4476 6.785 6.785
4407 6.785 6.785
4331 6.785 6.785
4188 6.785 6.797
4232 6.797 6.797
4312 6.797 6.797
4312 6.797 6.797
4188 6.797 6.644
4188 6.644 6.644
4201 6.644 6.644
4201 6.644 6.644
4429 6.644 6.931
4386 6.931 6.931
4432 6.931 6.931
4295 6.931 6.931
4277 6.931 6.911
4326 6.911 6.911
4298 6.911 6.911
4396 6.911 6.911
4415 6.911 7.193
4286 7.193 7.193
4448 7.193 7.193
4426 7.193 7.193
4299 7.193 7.591
4389 7.591 7.591
4321 7.591 7.591
4496 7.591 7.591
4392 7.591 7.47
4321 7.47 7.47
4308 7.47 7.47
4306 7.47 7.47
4357 7.47 7.04
4213 7.04 7.04
4256 7.04 7.04
4230 7.04 7.04
4188 7.04 7.413
4188 7.413 7.413
4188 7.413 7.413
4188 7.413 7.413
4281 7.413 8.664
4438 8.664 8.664
4274 8.664 8.664
4188 8.664 8.664
4243 8.664 8.664
4201 8.664 9.236
4188 9.236 9.236
4467 9.236 9.236
4460 9.236 9.236
4499 9.236 9.236
4512 9.236 9.048
4480 9.048 9.048
4518 9.048 9.048
4443 9.048 9.048
4445 9.048 9.048
4439 9.048 8.586
4460 8.586 8.586
4425 8.586 8.586
4237 8.586 8.586
4188 8.586 8.586
4270 8.586 8.814
4258 8.814 8.814
4320 8.814 8.814
4188 8.814 8.814
4210 8.814 8.814
4323 8.814 9.407
4373 9.407 9.407
4188 9.407 9.407
4207 9.407 9.407
4223 9.407 9.407
4358 9.407 9.444
4269 9.444 9.444
4352 9.444 9.444
4395 9.444 9.444
4482 9.444 9.444
4429 9.444 9.211
4459 9.211 9.211
4523 9.211 9.211
4432 9.211 9.211
4315 9.211 9.211
4249 9.211 9.033
4237 9.033 9.033
4231 9.033 9.033
4249 9.033 9.033
4188 9.033 9.033
4195 9.033 9.024
4276 9.024 9.024
4188 9.024 9.024
4296 9.024 9.024
4383 9.024 9.024
4305 9.024 9.259
4188 9.259 9.259
4196 9.259 9.259
4283 9.259 9.259
4227 9.259 9.259
4351 9.259 9.194
4319 9.194 9.194
4188 9.194 9.194
4280 9.194 9.194
4219 9.194 9.194
4349 9.194 9.205
4317 9.205 9.205
4241 9.205 9.205
4209 9.205 9.205
4261 9.205 9.205
4227 9.205 9.244
4193 9.244 9.244
4188 9.244 9.244
4396 9.244 9.244
4431 9.244 9.244
4358 9.244 9.204
4384 9.204 9.204
4210 9.204 9.204
4214 9.204 9.204
4188 9.204 9.204
4293 9.204 9.091
4431 9.091 9.091
4551 9.091 9.091
4424 9.091 9.091
4448 9.091 9.091
4480 9.091 9.014
4188 9.014 9.014
4342 9.014 9.014
4188 9.014 9.014
4193 9.014 9.014
4430 9.014 9.144
4460 9.144 9.144
4553 9.144 9.144
4455 9.144 9.144
4234 9.144 9.144
4238 9.144 9.084
4244 9.084 9.084
4193 9.084 9.084
4309 9.084 9.084
4395 9.084 9.084
4225 9.084 9.207
4289 9.207 9.207
4325 9.207 9.207
4254 9.207 9.207
4235 9.207 9.207
4211 9.207 9.268
4188 9.268 9.268
4188 9.268 9.268
4392 9.268 9.268
4404 9.268 9.268
4334 9.268 9.214
4402 9.214 9.214
4360 9.214 9.214
4410 9.214 9.214
4358 9.214 9.214
4195 9.214 8.991
4202 8.991 8.991
4257 8.991 8.991
4201 8.991 8.991
4337 8.991 8.991
4291 8.991 9.073
4390 9.073 9.073
4377 9.073 9.073
4429 9.073 9.073
4318 9.073 9.073
4260 9.073 9.755
4245 9.755 9.755
4269 9.755 9.755
4252 9.755 9.755
4265 9.755 9.755
4252 9.755 10.156
4218 10.156 10.156
4275 10.156 10.156
4218 10.156 10.156
4255 10.156 10.156
4299 10.156 10.333
4287 10.333 10.333
4188 10.333 10.333
4198 10.333 10.333
4301 10.333 10.333
4272 10.333 10.333
4188 10.333 11.144
4243 11.144 11.144
4233 11.144 11.144
4188 11.144 11.144
4188 11.144 11.144
4188 11.144 11.144
4227 11.144 11.433
4271 11.433 11.433
4275 11.433 11.433
4228 11.433 11.433
4188 11.433 11.433
4309 11.433 11.433
4417 11.433 11.277
4358 11.277 11.277
4315 11.277 11.277
4349 11.277 11.277
4315 11.277 11.277
4247 11.277 11.277
4188 11.277 10.891
4219 10.891 10.891
4188 10.891 10.891
4188 10.891 10.891
4257 10.891 10.891
4373 10.891 10.891
4317 10.891 11.126
4274 11.126 11.126
4210 11.126 11.126
4218 11.126 11.126
4216 11.126 11.126
4190 11.126 11.126
4213 11.126 11.286
4191 11.286 11.286
4294 11.286 11.286
4188 11.286 11.286
4250 11.286 11.286
4266 11.286 11.286
4425 11.286 11.364
4360 11.364 11.364
4389 11.364 11.364
4392 11.364 11.364
4505 11.364 11.364
4352 11.364 11.364
4281 11.364 11.145
4293 11.145 11.145
4353 11.145 11.145
4300 11.145 11.145
4317 11.145 11.145
4380 11.145 11.145
4477 11.145 11.05
4394 11.05 11.05
4226 11.05 11.05
4283 11.05 11.05
4216 11.05 11.05
4233 11.05 11.05
4244 11.05 11.935
4250 11.935 11.935
4283 11.935 11.935
4344 11.935 11.935
4331 11.935 11.935
4294 11.935 11.935
4311 11.935 12.592
4206 12.592 12.592
4303 12.592 12.592
4314 12.592 12.592
4362 12.592 12.592
4219 12.592 12.592
4318 12.592 12.592
4409 12.592 12.265
4444 12.265 12.265
4300 12.265 12.265
4414 12.265 12.265
4424 12.265 12.265
4436 12.265 12.265
4343 12.265 12.265
4271 12.265 11.655
4188 11.655 11.655
4188 11.655 11.655
4190 11.655 11.655
4199 11.655 11.655
4188 11.655 11.655
4188 11.655 11.617
4216 11.617 11.617
4412 11.617 11.617
4433 11.617 11.617
4313 11.617 11.617
4350 11.617 11.617
4256 11.617 12.215
4290 12.215 12.215
4247 12.215 12.215
4269 12.215 12.215
4258 12.215 12.215
4315 12.215 12.215
4330 12.215 15.262
4321 15.262 15.262
4188 15.262 15.262
4188 15.262 15.262
