5493 100.0 100.0
7146 100.0 100.0
8799 100.0 100.0
10452 100.0 100.0
12105 100.0 100.0
13758 100.0 100.0
15411 100.0 100.0
17064 100.0 100.0
18717 100.0 100.0
20370 100.0 100.0
22023 100.0 100.0
23676 100.0 100.0
25329 100.0 100.0
26982 100.0 100.0
28635 100.0 100.0
30288 100.0 100.0
31941 100.0 100.0
33594 100.0 100.0
35247 100.0 100.0
36900 100.0 100.0
38553 100.0 100.0
40206 100.0 100.0
41859 100.0 100.0
43512 100.0 100.0
45165 100.0 100.0
46818 100.0 100.0
48471 100.0 100.0
50124 100.0 100.0
51777 100.0 100.0
53430 100.0 100.0
55083 100.0 100.0
56736 100.0 100.0
58389 100.0 100.0
60042 100.0 100.0
61695 100.0 100.0
63348 100.0 100.0
65001 100.0 100.0
66654 100.0 100.0
68307 100.0 100.0
69960 100.0 100.0
71613 100.0 100.0
73266 100.0 100.0
74919 100.0 100.0
76572 100.0 100.0
78225 100.0 100.0
79878 100.0 100.0
81531 100.0 100.0
83184 100.0 100.0
84837 100.0 100.0
86490 100.0 100.0
88143 100.0 100.0
89796 100.0 100.0
90480 100.0 19.679
16356 19.679 19.679
17226 19.679 19.679
18444 19.679 19.679
18807 19.679 19.679
20097 19.679 19.679
20484 19.679 19.679
20880 19.679 19.679
20880 19.679 19.679
20880 19.679 19.679
19053 19.679 19.679
18792 19.679 9.728
6960 9.728 9.728
7134 9.728 9.728
7231 9.728 9.728
7823 9.728 9.728
8352 9.728 5.7
8413 5.7 5.7
5046 5.7 5.7
4959 5.7 4.277
4344 4.277 4.277
4345 4.277 4.623
4436 4.623 4.623
4326 4.623 4.623
4354 4.623 4.571
4391 4.571 4.571
4434 4.571 4.571
4354 4.571 4.291
4188 4.291 4.291
4236 4.291 4.291
4270 4.291 4.332
4188 4.332 4.332
4272 4.332 4.332
4308 4.332 4.571
4498 4.571 4.571
4501 4.571 4.571
4421 4.571 4.521
4253 4.521 4.521
4401 4.521 4.521
4213 4.521 4.353
4188 4.353 4.353
4285 4.353 4.353
4320 4.353 4.54
4242 4.54 4.54
4223 4.54 4.54
4251 4.54 4.597
4340 4.597 4.597
4526 4.597 4.597
4538 4.597 4.573
4574 4.573 4.573
4539 4.573 4.573
4400 4.573 4.42
4257 4.42 4.42
4272 4.42 4.42
4271 4.42 4.475
4188 4.475 4.475
4188 4.475 4.475
4475 4.475 4.731
4233 4.731 4.731
4261 4.731 4.731
4499 4.731 4.662
4250 4.662 4.662
4256 4.662 4.662
4584 4.662 4.694
4199 4.694 4.694
4263 4.694 4.694
4262 4.694 4.796
4229 4.796 4.796
4252 4.796 4.796
4301 4.796 4.764
4376 4.764 4.764
4269 4.764 4.764
4327 4.764 4.736
4309 4.736 4.736
4363 4.736 4.736
4256 4.736 4.735
4517 4.735 4.735
4459 4.735 4.735
4365 4.735 4.686
4456 4.686 4.686
4243 4.686 4.686
4320 4.686 4.563
4449 4.563 4.563
4613 4.563 4.563
4497 4.563 4.585
4204 4.585 4.585
4188 4.585 4.585
4200 4.585 4.482
4405 4.482 4.482
4469 4.482 4.482
4278 4.482 4.537
4375 4.537 4.537
4308 4.537 4.537
4314 4.537 4.532
4379 4.532 4.532
4321 4.532 4.532
4220 4.532 4.551
4440 4.551 4.551
4487 4.551 4.551
4367 4.551 4.572
4699 4.572 4.572
4303 4.572 4.572
4345 4.572 4.611
4330 4.611 4.611
4270 4.611 4.611
4293 4.611 4.508
4188 4.508 4.508
4255 4.508 4.508
4188 4.508 4.425
4317 4.425 4.425
4368 4.425 4.425
4259 4.425 4.698
4249 4.698 4.698
4351 4.698 4.698
4242 4.698 4.652
4350 4.652 4.652
4188 4.652 4.652
4308 4.652 4.653
4418 4.653 4.653
4304 4.653 4.653
4226 4.653 4.63
4188 4.63 4.63
4552 4.63 4.63
4490 4.63 4.626
4344 4.626 4.626
4436 4.626 4.626
4405 4.626 4.418
4483 4.418 4.418
4430 4.418 4.418
4440 4.418 4.548
4364 4.548 4.548
4469 4.548 4.548
4220 4.548 4.556
4295 4.556 4.556
4580 4.556 4.556
4420 4.556 4.456
4336 4.456 4.456
4347 4.456 4.456
4387 4.456 4.291
4273 4.291 4.291
4308 4.291 4.291
4299 4.291 4.495
4434 4.495 4.495
4355 4.495 4.495
4377 4.495 4.411
4430 4.411 4.411
4353 4.411 4.411
4198 4.411 4.453
4234 4.453 4.453
4257 4.453 4.453
4438 4.453 4.528
4280 4.528 4.528
4424 4.528 4.528
4318 4.528 4.562
4188 4.562 4.562
4344 4.562 4.562
4443 4.562 4.64
4437 4.64 4.64
4330 4.64 4.64
4273 4.64 4.663
4200 4.663 4.663
4249 4.663 4.663
4206 4.663 4.594
4316 4.594 4.594
4350 4.594 4.594
4414 4.594 4.605
4270 4.605 4.605
4244 4.605 4.605
4386 4.605 4.602
4229 4.602 4.602
4364 4.602 4.602
4188 4.602 4.607
4257 4.607 4.607
4320 4.607 4.607
4188 4.607 4.666
4229 4.666 4.666
4188 4.666 4.666
4277 4.666 4.637
4584 4.637 4.637
4307 4.637 4.637
4290 4.637 4.716
4255 4.716 4.716
4393 4.716 4.716
4299 4.716 4.659
4367 4.659 4.659
4233 4.659 4.659
4547 4.659 4.769
4351 4.769 4.769
4312 4.769 4.769
4239 4.769 4.748
4337 4.748 4.748
4359 4.748 4.748
4376 4.748 4.727
4468 4.727 4.727
4633 4.727 4.727
4621 4.727 4.728
4816 4.728 4.728
4411 4.728 4.728
4681 4.728 4.633
4580 4.633 4.633
4342 4.633 4.633
4243 4.633 4.543
4471 4.543 4.543
4205 4.543 4.543
4349 4.543 4.76
4312 4.76 4.76
4341 4.76 4.76
4510 4.76 4.784
4397 4.784 4.784
4566 4.784 4.784
4580 4.784 4.869
4732 4.869 4.869
4373 4.869 4.869
4236 4.869 4.606
4289 4.606 4.606
4387 4.606 4.606
4242 4.606 4.663
4287 4.663 4.663
4221 4.663 4.663
4341 4.663 4.766
4307 4.766 4.766
4548 4.766 4.766
4561 4.766 4.551
4703 4.551 4.551
4573 4.551 4.551
4310 4.551 4.185
4428 4.185 4.185
4395 4.185 4.185
4325 4.185 4.128
4290 4.128 4.128
4383 4.128 4.128
4293 4.128 4.131
4394 4.131 4.131
4421 4.131 4.131
4316 4.131 3.967
4328 3.967 3.967
4227 3.967 3.967
4391 3.967 3.976
4273 3.976 3.976
4282 3.976 4.076
4192 4.076 4.076
4234 4.076 4.122
4218 4.122 4.122
4188 4.122 4.122
4366 4.122 4.144
4494 4.144 4.144
4382 4.144 4.144
4192 4.144 4.042
4252 4.042 4.042
4291 4.042 4.123
4253 4.123 4.123
4188 4.123 4.311
4188 4.311 4.311
4188 4.311 4.311
4188 4.311 4.44
4225 4.44 4.44
4261 4.44 4.44
4299 4.44 4.245
4244 4.245 4.245
4188 4.245 4.245
4195 4.245 4.397
4188 4.397 4.397
4271 4.397 4.558
4276 4.558 4.558
4367 4.558 4.558
4368 4.558 4.568
4367 4.568 4.568
4412 4.568 4.568
4366 4.568 4.387
4299 4.387 4.387
4386 4.387 4.387
4440 4.387 4.405
4188 4.405 4.405
4188 4.405 4.405
4345 4.405 4.528
4426 4.528 4.528
4336 4.528 4.528
4271 4.528 4.408
4312 4.408 4.408
4188 4.408 4.408
4268 4.408 4.309
4467 4.309 4.309
4289 4.309 4.309
4278 4.309 4.319
4295 4.319 4.319
4188 4.319 4.319
4247 4.319 4.483
4346 4.483 4.483
4374 4.483 4.483
4294 4.483 4.416
4332 4.416 4.416
4443 4.416 4.416
4266 4.416 4.46
4336 4.46 4.46
4462 4.46 4.46
4381 4.46 4.557
4188 4.557 4.557
4188 4.557 4.557
4195 4.557 4.584
4304 4.584 4.584
4188 4.584 4.584
4188 4.584 4.627
4203 4.627 4.627
4277 4.627 4.627
4327 4.627 4.739
4249 4.739 4.739
4230 4.739 4.739
4188 4.739 4.741
4267 4.741 4.741
4345 4.741 4.741
4188 4.741 4.777
4425 4.777 4.777
4239 4.777 4.777
4314 4.777 4.782
4188 4.782 4.782
4188 4.782 4.782
4361 4.782 4.777
4423 4.777 4.777
4344 4.777 4.777
4430 4.777 4.657
4485 4.657 4.657
4335 4.657 4.657
4443 4.657 4.729
4265 4.729 4.729
4273 4.729 4.729
4277 4.729 4.674
4188 4.674 4.674
4286 4.674 4.674
4498 4.674 4.815
4448 4.815 4.815
4308 4.815 4.815
4454 4.815 4.924
4188 4.924 4.924
4331 4.924 4.924
4596 4.924 4.928
4398 4.928 4.928
4306 4.928 4.928
4277 4.928 4.872
4188 4.872 4.872
4366 4.872 4.872
4478 4.872 4.927
4188 4.927 4.927
4188 4.927 4.927
4292 4.927 5.07
4435 5.07 5.07
4375 5.07 5.07
4451 5.07 5.044
4393 5.044 5.044
4268 5.044 5.044
4280 5.044 4.956
4188 4.956 4.956
4250 4.956 4.956
4355 4.956 5.046
4335 5.046 5.046
4381 5.046 5.046
4324 5.046 4.991
4250 4.991 4.991
4434 4.991 4.991
4399 4.991 5.066
4260 5.066 5.066
4311 5.066 5.066
4285 5.066 5.127
4281 5.127 5.127
4487 5.127 5.127
4197 5.127 5.07
4354 5.07 5.07
4406 5.07 5.07
4339 5.07 4.967
4362 4.967 4.967
4249 4.967 4.967
4271 4.967 4.984
4188 4.984 4.984
4335 4.984 4.984
4539 4.984 5.24
4820 5.24 5.24
4521 5.24 5.24
4284 5.24 5.285
4188 5.285 5.285
4370 5.285 5.285
4188 5.285 5.222
4477 5.222 5.222
4305 5.222 5.222
4592 5.222 5.624
4192 5.624 5.624
4391 5.624 5.624
4381 5.624 5.884
4362 5.884 5.884
4342 5.884 5.884
4294 5.884 5.779
4269 5.779 5.779
4188 5.779 5.779
4334 5.779 5.615
4228 5.615 5.615
4212 5.615 5.615
4293 5.615 5.724
4263 5.724 5.724
4336 5.724 5.724
4376 5.724 5.803
4355 5.803 5.803
4261 5.803 5.803
4349 5.803 5.587
4369 5.587 5.587
4489 5.587 5.587
4345 5.587 5.425
4332 5.425 5.425
4297 5.425 5.425
4293 5.425 5.375
4693 5.375 5.375
4419 5.375 5.375
4284 5.375 5.485
4309 5.485 5.485
4489 5.485 5.485
4530 5.485 5.557
4476 5.557 5.557
4269 5.557 5.557
4353 5.557 5.291
4304 5.291 5.291
4296 5.291 5.291
4198 5.291 5.245
4316 5.245 5.245
4273 5.245 5.245
4264 5.245 5.346
4443 5.346 5.346
4261 5.346 5.346
4370 5.346 5.172
4372 5.172 5.172
4433 5.172 5.172
4256 5.172 5.139
4206 5.139 5.139
4188 5.139 5.139
4375 5.139 5.225
4503 5.225 5.225
4252 5.225 5.225
4237 5.225 5.197
4188 5.197 5.197
4222 5.197 5.197
4426 5.197 5.07
4273 5.07 5.07
4345 5.07 5.07
4192 5.07 4.989
4324 4.989 4.989
4498 4.989 4.989
4242 4.989 5.109
4188 5.109 5.109
4188 5.109 5.109
4504 5.109 5.325
4188 5.325 5.325
4188 5.325 5.325
4225 5.325 5.29
4426 5.29 5.29
4282 5.29 5.29
4245 5.29 5.291
4263 5.291 5.291
4354 5.291 5.291
4268 5.291 5.455
4188 5.455 5.455
4468 5.455 5.455
4535 5.455 5.764
4621 5.764 5.764
4336 5.764 5.764
4390 5.764 5.373
4259 5.373 5.373
4337 5.373 5.373
4253 5.373 5.162
4201 5.162 5.162
4363 5.162 5.162
4236 5.162 5.43
4332 5.43 5.43
4203 5.43 5.43
4251 5.43 5.506
4623 5.506 5.506
4497 5.506 5.506
4567 5.506 5.285
4459 5.285 5.285
4188 5.285 5.285
4279 5.285 5.159
4188 5.159 5.159
4389 5.159 5.159
4281 5.159 5.131
4324 5.131 5.131
4188 5.131 5.131
4335 5.131 5.266
4503 5.266 5.266
4419 5.266 5.266
4266 5.266 5.342
4363 5.342 5.342
4211 5.342 5.342
4261 5.342 5.242
4414 5.242 5.242
4290 5.242 5.242
4188 5.242 5.307
4241 5.307 5.307
4348 5.307 5.307
4445 5.307 5.165
4513 5.165 5.165
4249 5.165 5.165
4396 5.165 5.306
4332 5.306 5.306
4231 5.306 5.306
4252 5.306 5.389
4443 5.389 5.389
4375 5.389 5.389
4456 5.389 5.394
4229 5.394 5.394
4359 5.394 5.394
4258 5.394 5.448
4273 5.448 5.448
4317 5.448 5.448
4213 5.448 5.385
4406 5.385 5.385
4216 5.385 5.385
4346 5.385 5.387
4374 5.387 5.387
4439 5.387 5.387
4485 5.387 5.401
4204 5.401 5.401
4260 5.401 5.401
4212 5.401 5.272
4230 5.272 5.272
4489 5.272 5.272
4351 5.272 5.316
4307 5.316 5.316
4220 5.316 5.316
4467 5.316 5.528
4786 5.528 5.528
4790 5.528 5.528
4257 5.528 5.587
4527 5.587 5.587
4670 5.587 5.587
4589 5.587 5.166
4642 5.166 5.166
4268 5.166 5.166
4211 5.166 5.005
4237 5.005 5.005
4188 5.005 5.005
4270 5.005 5.259
4495 5.259 5.259
4455 5.259 5.259
4450 5.259 5.215
4386 5.215 5.215
4415 5.215 5.215
4570 5.215 4.961
4421 4.961 4.961
4440 4.961 4.961
4369 4.961 5.063
4188 5.063 5.063
4272 5.063 5.063
4442 5.063 5.2
4367 5.2 5.2
4324 5.2 5.2
4188 5.2 5.195
4243 5.195 5.195
4291 5.195 5.195
4367 5.195 5.212
4190 5.212 5.212
4188 5.212 5.212
4428 5.212 5.234
4515 5.234 5.234
4188 5.234 5.234
4188 5.234 5.347
4319 5.347 5.347
4508 5.347 5.347
4621 5.347 5.34
4374 5.34 5.34
4379 5.34 5.34
4188 5.34 5.317
4461 5.317 5.317
4188 5.317 5.317
4329 5.317 5.466
4475 5.466 5.466
4340 5.466 5.466
4313 5.466 5.551
4517 5.551 5.551
4618 5.551 5.551
4266 5.551 5.502
4417 5.502 5.502
4299 5.502 5.502
4320 5.502 5.405
4279 5.405 5.405
4356 5.405 5.405
4340 5.405 5.583
4310 5.583 5.583
4373 5.583 5.583
4405 5.583 5.664
4382 5.664 5.664
4188 5.664 5.664
4376 5.664 5.656
4341 5.656 5.656
4318 5.656 5.656
4234 5.656 5.617
4217 5.617 5.617
4441 5.617 5.617
4646 5.617 5.775
4391 5.775 5.775
4292 5.775 5.775
4337 5.775 5.601
4476 5.601 5.601
4360 5.601 5.601
4255 5.601 5.6
4230 5.6 5.6
4264 5.6 5.6
4487 5.6 5.67
4458 5.67 5.67
4271 5.67 5.67
4462 5.67 5.708
4398 5.708 5.708
4458 5.708 5.708
4188 5.708 5.81
4312 5.81 5.81
4422 5.81 5.81
4318 5.81 5.827
4188 5.827 5.827
4406 5.827 5.827
4395 5.827 5.837
4217 5.837 5.837
4188 5.837 5.837
4360 5.837 5.833
4313 5.833 5.833
4437 5.833 5.833
4188 5.833 5.902
4295 5.902 5.902
4258 5.902 5.902
4527 5.902 5.762
4369 5.762 5.762
4386 5.762 5.762
4239 5.762 5.762
4239 5.762 5.887
4363 5.887 5.887
4202 5.887 5.887
4395 5.887 5.923
4356 5.923 5.923
4266 5.923 5.923
4355 5.923 5.986
4225 5.986 5.986
4407 5.986 5.986
4383 5.986 6.057
4452 6.057 6.057
4314 6.057 6.057
4344 6.057 6.057
4363 6.057 5.887
4443 5.887 5.887
4199 5.887 5.887
4197 5.887 5.824
4477 5.824 5.824
4333 5.824 5.824
4228 5.824 5.832
4311 5.832 5.832
4381 5.832 5.832
4188 5.832 5.933
4266 5.933 5.933
4454 5.933 5.933
4470 5.933 5.961
4245 5.961 5.961
4277 5.961 5.961
4209 5.961 5.961
4493 5.961 5.975
4227 5.975 5.975
4292 5.975 5.975
4395 5.975 5.975
4373 5.975 6.062
4285 6.062 6.062
4261 6.062 6.062
4484 6.062 6.287
4318 6.287 6.287
4375 6.287 6.287
4188 6.287 6.287
4192 6.287 6.27
4200 6.27 6.27
4296 6.27 6.27
4369 6.27 6.27
4349 6.27 6.364
4429 6.364 6.364
4251 6.364 6.364
4583 6.364 6.364
4344 6.364 6.372
4446 6.372 6.372
4644 6.372 6.372
4447 6.372 6.372
4384 6.372 6.179
4262 6.179 6.179
4467 6.179 6.179
4314 6.179 6.179
4208 6.179 6.019
4233 6.019 6.019
4329 6.019 6.019
4289 6.019 6.141
4314 6.141 6.141
4241 6.141 6.141
4332 6.141 6.141
4364 6.141 6.175
4326 6.175 6.175
4316 6.175 6.175
4317 6.175 6.175
4471 6.175 5.977
4394 5.977 5.977
4292 5.977 5.977
4246 5.977 5.977
4198 5.977 5.84
4242 5.84 5.84
4188 5.84 5.84
4248 5.84 6.166
4340 6.166 6.166
4393 6.166 6.166
4443 6.166 6.333
4188 6.333 6.333
4477 6.333 6.333
4557 6.333 6.333
4399 6.333 6.132
4341 6.132 6.132
4476 6.132 6.132
4326 6.132 6.132
4383 6.132 5.981
4364 5.981 5.981
4210 5.981 5.981
4300 5.981 5.981
4407 5.981 6.311
4188 6.311 6.311
4262 6.311 6.311
4381 6.311 6.311
4265 6.311 6.396
4339 6.396 6.396
4409 6.396 6.396
4282 6.396 6.396
4398 6.396 6.28
4390 6.28 6.28
4248 6.28 6.28
4269 6.28 6.28
4233 6.28 6.171
4378 6.171 6.171
4478 6.171 6.171
4340 6.171 6.312
4199 6.312 6.312
4323 6.312 6.312
4188 6.312 6.312
4222 6.312 6.229
4338 6.229 6.229
4323 6.229 6.229
4201 6.229 6.229
4435 6.229 6.229
4341 6.229 6.229
4347 6.229 6.229
4429 6.229 6.229
4335 6.229 6.12
4265 6.12 6.12
4228 6.12 6.12
4479 6.12 6.12
4445 6.12 6.114
4188 6.114 6.114
4414 6.114 6.114
4336 6.114 6.114
4336 6.114 5.972
4629 5.972 5.972
4272 5.972 5.972
4407 5.972 5.972
4426 5.972 5.799
4415 5.799 5.799
4389 5.799 5.799
4514 5.799 5.799
4188 5.799 5.836
4350 5.836 5.836
4332 5.836 5.836
4188 5.836 5.846
4236 5.846 5.846
4356 5.846 5.846
4469 5.846 5.845
4216 5.845 5.845
4331 5.845 5.845
4484 5.845 5.845
4559 5.845 5.825
4220 5.825 5.825
4292 5.825 5.825
4480 5.825 5.825
4332 5.825 5.699
4188 5.699 5.699
4268 5.699 5.699
4517 5.699 5.919
4188 5.919 5.919
4413 5.919 5.919
4514 5.919 6.135
4310 6.135 6.135
4269 6.135 6.135
4395 6.135 6.135
4533 6.135 6.123
4272 6.123 6.123
4403 6.123 6.123
4417 6.123 6.123
4459 6.123 6.033
4252 6.033 6.033
4188 6.033 6.033
4195 6.033 6.033
4188 6.033 6.198
4363 6.198 6.198
4188 6.198 6.198
4261 6.198 6.435
4247 6.435 6.435
4555 6.435 6.435
4188 6.435 6.435
4399 6.435 6.409
4593 6.409 6.409
4343 6.409 6.409
4338 6.409 6.409
4283 6.409 6.154
4253 6.154 6.154
4239 6.154 6.154
4188 6.154 6.154
4212 6.154 6.328
4345 6.328 6.328
4209 6.328 6.328
4244 6.328 6.406
4400 6.406 6.406
4188 6.406 6.406
4336 6.406 6.406
4460 6.406 6.352
4498 6.352 6.352
4374 6.352 6.352
4350 6.352 6.352
4370 6.352 6.146
4293 6.146 6.146
4342 6.146 6.146
4266 6.146 6.146
4230 6.146 6.325
4188 6.325 6.325
4356 6.325 6.325
4188 6.325 6.615
4216 6.615 6.615
4312 6.615 6.615
4188 6.615 6.615
4523 6.615 6.572
4249 6.572 6.572
4235 6.572 6.572
4665 6.572 6.572
4311 6.572 6.612
4374 6.612 6.612
4585 6.612 6.612
4259 6.612 6.612
4333 6.612 6.414
4398 6.414 6.414
4280 6.414 6.414
4440 6.414 6.414
4188 6.414 6.816
4458 6.816 6.816
4366 6.816 6.816
4272 6.816 6.816
4371 6.816 7.007
4188 7.007 7.007
4417 7.007 7.007
4408 7.007 7.007
4295 7.007 6.917
4608 6.917 6.917
4254 6.917 6.917
4407 6.917 6.917
4452 6.917 6.684
4345 6.684 6.684
4457 6.684 6.684
4390 6.684 6.684
4339 6.684 6.399
4357 6.399 6.399
4379 6.399 6.399
4188 6.399 6.399
4188 6.399 6.646
4500 6.646 6.646
4391 6.646 6.646
4337 6.646 6.646
4457 6.646 6.708
4257 6.708 6.708
4355 6.708 6.708
4302 6.708 6.708
4383 6.708 6.668
4378 6.668 6.668
4357 6.668 6.668
4255 6.668 6.668
4256 6.668 6.567
4419 6.567 6.567
4188 6.567 6.567
4232 6.567 6.567
4297 6.567 6.901
4378 6.901 6.901
4509 6.901 6.901
4202 6.901 6.901
4244 6.901 6.897
4394 6.897 6.897
4491 6.897 6.897
4212 6.897 6.897
4340 6.897 6.614
4306 6.614 6.614
4377 6.614 6.614
4510 6.614 6.614
4286 6.614 6.867
4407 6.867 6.867
4419 6.867 6.867
4485 6.867 6.867
4434 6.867 6.767
4478 6.767 6.767
4264 6.767 6.767
4451 6.767 6.767
4188 6.767 6.98
4396 6.98 6.98
4388 6.98 6.98
4188 6.98 6.98
4255 6.98 6.918
4326 6.918 6.918
4416 6.918 6.918
4337 6.918 6.918
4431 6.918 6.77
4432 6.77 6.77
4188 6.77 6.77
4222 6.77 6.77
4667 6.77 6.986
4399 6.986 6.986
4249 6.986 6.986
4470 6.986 6.986
4490 6.986 6.864
4292 6.864 6.864
4347 6.864 6.864
4257 6.864 6.864
4237 6.864 6.745
4299 6.745 6.745
4435 6.745 6.745
4268 6.745 6.745
4233 6.745 6.836
4516 6.836 6.836
4404 6.836 6.836
4279 6.836 6.836
4309 6.836 6.786
4511 6.786 6.786
4351 6.786 6.786
4494 6.786 6.786
4428 6.786 6.385
4424 6.385 6.385
4400 6.385 6.385
4380 6.385 6.385
4188 6.385 6.493
4429 6.493 6.493
4364 6.493 6.493
4372 6.493 6.641
4335 6.641 6.641
4223 6.641 6.641
4221 6.641 6.641
4354 6.641 6.602
4466 6.602 6.602
4253 6.602 6.602
4367 6.602 6.602
4298 6.602 6.522
4361 6.522 6.522
4275 6.522 6.522
4226 6.522 6.522
4207 6.522 6.421
4271 6.421 6.421
4337 6.421 6.421
4261 6.421 6.421
4295 6.421 6.361
4339 6.361 6.361
4345 6.361 6.361
4235 6.361 6.361
4344 6.361 6.316
4464 6.316 6.316
4470 6.316 6.316
4247 6.316 6.316
4358 6.316 6.219
4489 6.219 6.219
4258 6.219 6.219
4522 6.219 6.219
4251 6.219 6.195
4440 6.195 6.195
4639 6.195 6.195
4413 6.195 6.195
4188 6.195 6.253
4248 6.253 6.253
4444 6.253 6.253
4385 6.253 6.253
4365 6.253 6.456
4250 6.456 6.456
4318 6.456 6.456
4230 6.456 6.456
4359 6.456 6.44
4401 6.44 6.44
4262 6.44 6.44
4248 6.44 6.44
4188 6.44 6.434
4384 6.434 6.434
4337 6.434 6.434
4195 6.434 6.434
4525 6.434 6.496
4353 6.496 6.496
4308 6.496 6.496
4529 6.496 6.496
4241 6.496 6.434
4209 6.434 6.434
4260 6.434 6.434
4240 6.434 6.434
4511 6.434 6.512
4196 6.512 6.512
4357 6.512 6.512
4316 6.512 6.512
4299 6.512 6.607
4188 6.607 6.607
4360 6.607 6.607
4363 6.607 6.607
4299 6.607 6.444
4345 6.444 6.444
4362 6.444 6.444
4324 6.444 6.444
4373 6.444 6.336
4201 6.336 6.336
4211 6.336 6.336
4188 6.336 6.336
4472 6.336 6.443
4407 6.443 6.443
4317 6.443 6.443
4280 6.443 6.443
4321 6.443 6.51
4466 6.51 6.51
4596 6.51 6.51
4267 6.51 6.51
4514 6.51 6.452
4544 6.452 6.452
4367 6.452 6.452
4756 6.452 6.452
4499 6.452 6.465
4228 6.465 6.465
4375 6.465 6.465
4418 6.465 6.465
4399 6.465 6.395
4272 6.395 6.395
4236 6.395 6.395
4281 6.395 6.395
4445 6.395 6.722
4278 6.722 6.722
4258 6.722 6.722
4325 6.722 6.722
4402 6.722 6.605
4248 6.605 6.605
4380 6.605 6.605
4376 6.605 6.605
4361 6.605 6.28
4439 6.28 6.28
4421 6.28 6.28
4348 6.28 6.28
4188 6.28 6.038
4291 6.038 6.038
4321 6.038 6.038
4188 6.038 6.336
4433 6.336 6.336
4202 6.336 6.336
4228 6.336 6.555
4239 6.555 6.555
4322 6.555 6.555
4264 6.555 6.555
4326 6.555 6.415
4267 6.415 6.415
4295 6.415 6.415
4289 6.415 6.415
4223 6.415 6.352
4295 6.352 6.352
4296 6.352 6.352
4484 6.352 6.352
4330 6.352 6.438
4253 6.438 6.438
4259 6.438 6.438
4302 6.438 6.438
4437 6.438 6.209
4188 6.209 6.209
4375 6.209 6.209
4606 6.209 6.209
4246 6.209 6.142
4263 6.142 6.142
4253 6.142 6.142
4241 6.142 6.142
4392 6.142 6.073
4370 6.073 6.073
4188 6.073 6.073
4232 6.073 6.073
4539 6.073 6.253
4342 6.253 6.253
4334 6.253 6.253
4498 6.253 6.253
4188 6.253 6.43
4558 6.43 6.43
4695 6.43 6.43
4235 6.43 6.43
4445 6.43 6.426
4645 6.426 6.426
4336 6.426 6.426
4337 6.426 6.426
4303 6.426 6.171
4399 6.171 6.171
4302 6.171 6.171
4202 6.171 6.171
4302 6.171 6.573
4243 6.573 6.573
4377 6.573 6.573
4376 6.573 6.573
4355 6.573 6.665
4472 6.665 6.665
4254 6.665 6.665
4475 6.665 6.665
4319 6.665 6.371
4423 6.371 6.371
4293 6.371 6.371
4285 6.371 6.371
4298 6.371 6.495
4378 6.495 6.495
4317 6.495 6.495
4335 6.495 6.495
4260 6.495 6.685
4188 6.685 6.685
4544 6.685 6.685
4452 6.685 6.685
4366 6.685 6.761
4751 6.761 6.761
4415 6.761 6.761
4389 6.761 6.761
4579 6.761 6.295
4301 6.295 6.295
4398 6.295 6.295
4196 6.295 6.295
4188 6.295 6.209
4501 6.209 6.209
4311 6.209 6.209
4315 6.209 6.31
4466 6.31 6.31
4270 6.31 6.31
4373 6.31 6.31
4434 6.31 6.56
4510 6.56 6.56
4626 6.56 6.56
4445 6.56 6.56
4508 6.56 6.143
4467 6.143 6.143
4308 6.143 6.143
4366 6.143 6.143
4276 6.143 6.157
4238 6.157 6.157
4553 6.157 6.157
4329 6.157 6.607
4188 6.607 6.607
4307 6.607 6.607
4499 6.607 6.607
4398 6.607 6.671
4270 6.671 6.671
4321 6.671 6.671
4356 6.671 6.671
4461 6.671 6.335
4265 6.335 6.335
4381 6.335 6.335
4204 6.335 6.335
4250 6.335 6.312
4251 6.312 6.312
4188 6.312 6.312
4256 6.312 6.312
4500 6.312 6.671
4467 6.671 6.671
4335 6.671 6.671
4219 6.671 6.671
4478 6.671 6.524
4579 6.524 6.524
4313 6.524 6.524
4468 6.524 6.524
4188 6.524 6.269
4368 6.269 6.269
4327 6.269 6.269
4188 6.269 6.269
4281 6.269 6.315
4391 6.315 6.315
4281 6.315 6.315
4257 6.315 6.315
4420 6.315 6.515
4188 6.515 6.515
4344 6.515 6.515
4421 6.515 6.515
4214 6.515 6.363
4376 6.363 6.363
4570 6.363 6.363
4358 6.363 6.363
4380 6.363 6.115
4630 6.115 6.115
4522 6.115 6.115
4251 6.115 6.115
4453 6.115 6.029
4322 6.029 6.029
4210 6.029 6.029
4371 6.029 6.029
4476 6.029 6.315
4343 6.315 6.315
4188 6.315 6.315
4296 6.315 6.315
4308 6.315 6.228
4258 6.228 6.228
4188 6.228 6.228
4188 6.228 6.228
4188 6.228 6.237
4386 6.237 6.237
4213 6.237 6.237
4283 6.237 6.232
4364 6.232 6.232
4293 6.232 6.232
4255 6.232 6.232
4438 6.232 6.221
4473 6.221 6.221
4275 6.221 6.221
4288 6.221 6.221
4412 6.221 6.176
4278 6.176 6.176
4402 6.176 6.176
4320 6.176 6.176
4188 6.176 6.143
4362 6.143 6.143
4294 6.143 6.143
4222 6.143 6.238
4391 6.238 6.238
4655 6.238 6.238
4355 6.238 6.346
4263 6.346 6.346
4303 6.346 6.346
4334 6.346 6.346
4265 6.346 6.25
4347 6.25 6.25
4477 6.25 6.25
4321 6.25 6.25
4313 6.25 6.172
4379 6.172 6.172
4411 6.172 6.172
4334 6.172 6.172
4188 6.172 6.236
4384 6.236 6.236
4414 6.236 6.236
4325 6.236 6.326
4319 6.326 6.326
4387 6.326 6.326
4264 6.326 6.326
4278 6.326 6.319
4340 6.319 6.319
4613 6.319 6.319
4278 6.319 6.319
4378 6.319 6.261
4585 6.261 6.261
4197 6.261 6.261
4443 6.261 6.261
4696 6.261 6.325
4268 6.325 6.325
4188 6.325 6.325
4396 6.325 6.325
4466 6.325 6.219
4336 6.219 6.219
4188 6.219 6.219
4343 6.219 6.219
4266 6.219 6.353
4410 6.353 6.353
4188 6.353 6.353
4504 6.353 6.353
4524 6.353 6.353
4245 6.353 6.353
4393 6.353 6.353
4259 6.353 6.353
4279 6.353 6.191
4590 6.191 6.191
4439 6.191 6.191
4188 6.191 6.191
4416 6.191 6.194
4231 6.194 6.194
4338 6.194 6.194
4721 6.194 6.194
4188 6.194 6.602
4534 6.602 6.602
4260 6.602 6.602
4188 6.602 6.602
4533 6.602 6.473
4272 6.473 6.473
4220 6.473 6.473
4471 6.473 6.473
4418 6.473 6.372
4235 6.372 6.372
4232 6.372 6.372
4254 6.372 6.372
4241 6.372 6.545
4276 6.545 6.545
4317 6.545 6.545
4250 6.545 6.545
4397 6.545 6.563
4500 6.563 6.563
4542 6.563 6.563
4377 6.563 6.563
4354 6.563 6.374
4345 6.374 6.374
4285 6.374 6.374
4246 6.374 6.374
4427 6.374 6.376
4313 6.376 6.376
4356 6.376 6.376
4245 6.376 6.376
4445 6.376 6.487
4257 6.487 6.487
4558 6.487 6.487
4531 6.487 6.487
4188 6.487 6.712
4343 6.712 6.712
4565 6.712 6.712
4318 6.712 6.712
4285 6.712 6.588
4374 6.588 6.588
4229 6.588 6.588
4306 6.588 6.588
4468 6.588 6.61
4259 6.61 6.61
4196 6.61 6.61
4208 6.61 6.61
4224 6.61 6.808
4522 6.808 6.808
4267 6.808 6.808
4286 6.808 6.808
4273 6.808 6.647
4405 6.647 6.647
4487 6.647 6.647
4328 6.647 6.647
4409 6.647 6.426
4342 6.426 6.426
4305 6.426 6.426
4273 6.426 6.426
4466 6.426 6.377
4672 6.377 6.377
4219 6.377 6.377
4335 6.377 6.377
4437 6.377 6.129
4223 6.129 6.129
4284 6.129 6.129
4188 6.129 6.129
4212 6.129 6.094
4573 6.094 6.094
4291 6.094 6.094
4188 6.094 6.277
4592 6.277 6.277
4603 6.277 6.277
4299 6.277 6.277
4476 6.277 6.191
4528 6.191 6.191
4568 6.191 6.191
4340 6.191 6.191
4324 6.191 5.895
4216 5.895 5.895
4302 5.895 5.895
4192 5.895 5.986
4188 5.986 5.986
4245 5.986 5.986
4235 5.986 6.47
4282 6.47 6.47
4292 6.47 6.47
4442 6.47 6.47
4313 6.47 6.449
4389 6.449 6.449
4289 6.449 6.449
4281 6.449 6.449
4188 6.449 6.212
4246 6.212 6.212
4306 6.212 6.212
4188 6.212 6.212
4315 6.212 6.342
4409 6.342 6.342
4229 6.342 6.342
4608 6.342 6.342
4337 6.342 6.528
4340 6.528 6.528
4439 6.528 6.528
4262 6.528 6.528
4493 6.528 6.395
4188 6.395 6.395
4286 6.395 6.395
4384 6.395 6.395
4188 6.395 6.377
4369 6.377 6.377
4265 6.377 6.377
4188 6.377 6.377
4486 6.377 6.458
4492 6.458 6.458
4409 6.458 6.458
4290 6.458 6.458
4188 6.458 6.556
4291 6.556 6.556
4244 6.556 6.556
4381 6.556 6.556
4269 6.556 6.493
4419 6.493 6.493
4274 6.493 6.493
4328 6.493 6.493
4380 6.493 6.497
4206 6.497 6.497
4351 6.497 6.497
4347 6.497 6.497
4442 6.497 6.502
4620 6.502 6.502
4334 6.502 6.502
4313 6.502 6.502
4265 6.502 6.351
4358 6.351 6.351
4395 6.351 6.351
4258 6.351 6.351
4278 6.351 6.281
4282 6.281 6.281
4378 6.281 6.281
4362 6.281 6.281
4324 6.281 6.268
4524 6.268 6.268
4188 6.268 6.268
4284 6.268 6.268
4409 6.268 6.353
4244 6.353 6.353
4339 6.353 6.353
4188 6.353 6.353
4203 6.353 6.353
4261 6.353 6.353
4188 6.353 6.353
4341 6.353 6.353
4385 6.353 6.527
4403 6.527 6.527
4397 6.527 6.527
4441 6.527 6.527
4382 6.527 6.397
4396 6.397 6.397
4458 6.397 6.397
4188 6.397 6.397
4331 6.397 6.222
4221 6.222 6.222
4188 6.222 6.222
4440 6.222 6.222
4188 6.222 6.568
4264 6.568 6.568
4396 6.568 6.568
4226 6.568 6.568
4378 6.568 6.564
4615 6.564 6.564
4322 6.564 6.564
4503 6.564 6.564
4567 6.564 6.39
4309 6.39 6.39
4420 6.39 6.39
4343 6.39 6.39
4389 6.39 6.103
4290 6.103 6.103
4417 6.103 6.103
4313 6.103 6.103
4225 6.103 6.249
4252 6.249 6.249
4302 6.249 6.249
4188 6.249 6.597
4359 6.597 6.597
4498 6.597 6.597
4367 6.597 6.597
4264 6.597 6.463
4432 6.463 6.463
4463 6.463 6.463
4284 6.463 6.463
4355 6.463 6.141
4222 6.141 6.141
4266 6.141 6.141
4606 6.141 6.141
4227 6.141 6.263
4462 6.263 6.263
4356 6.263 6.263
4227 6.263 6.263
4457 6.263 6.453
4484 6.453 6.453
4273 6.453 6.453
4320 6.453 6.453
4555 6.453 6.403
4599 6.403 6.403
4370 6.403 6.403
4372 6.403 6.403
4229 6.403 6.223
4657 6.223 6.223
4430 6.223 6.223
4261 6.223 6.223
4513 6.223 6.178
4587 6.178 6.178
4295 6.178 6.178
4586 6.178 6.178
4456 6.178 6.161
4273 6.161 6.161
4427 6.161 6.161
4306 6.161 6.161
4188 6.161 6.173
4372 6.173 6.173
4345 6.173 6.173
4188 6.173 6.283
4313 6.283 6.283
4314 6.283 6.283
4223 6.283 6.283
4485 6.283 6.411
4354 6.411 6.411
4412 6.411 6.411
4273 6.411 6.411
4217 6.411 6.434
4478 6.434 6.434
4313 6.434 6.434
4318 6.434 6.434
4412 6.434 6.381
4363 6.381 6.381
4273 6.381 6.381
4446 6.381 6.381
4385 6.381 6.419
4362 6.419 6.419
4305 6.419 6.419
4251 6.419 6.419
4318 6.419 6.251
4251 6.251 6.251
4270 6.251 6.251
4313 6.251 6.251
4224 6.251 6.081
4266 6.081 6.081
4405 6.081 6.081
4450 6.081 5.999
4455 5.999 5.999
4429 5.999 5.999
4420 5.999 5.999
4453 5.999 5.678
4388 5.678 5.678
4251 5.678 5.678
4262 5.678 5.678
4270 5.678 5.56
4248 5.56 5.56
4516 5.56 5.56
4338 5.56 5.717
4226 5.717 5.717
4490 5.717 5.717
4447 5.717 5.762
4340 5.762 5.762
4346 5.762 5.762
4312 5.762 5.691
4641 5.691 5.691
4566 5.691 5.691
4426 5.691 5.509
4376 5.509 5.509
4397 5.509 5.509
4397 5.509 5.48
4259 5.48 5.48
4475 5.48 5.48
4450 5.48 5.646
4233 5.646 5.646
4591 5.646 5.646
4352 5.646 5.731
4402 5.731 5.731
4448 5.731 5.731
4406 5.731 5.55
4191 5.55 5.55
4312 5.55 5.55
4464 5.55 5.59
4346 5.59 5.59
4227 5.59 5.59
4193 5.59 5.635
4206 5.635 5.635
4735 5.635 5.635
4471 5.635 5.681
4490 5.681 5.681
4313 5.681 5.681
4257 5.681 5.501
4469 5.501 5.501
4535 5.501 5.501
4293 5.501 5.391
4369 5.391 5.391
4398 5.391 5.391
4407 5.391 5.451
4316 5.451 5.451
4239 5.451 5.451
4262 5.451 5.502
4302 5.502 5.502
4362 5.502 5.502
4619 5.502 5.685
4337 5.685 5.685
4412 5.685 5.685
4271 5.685 5.528
4492 5.528 5.528
4458 5.528 5.528
4273 5.528 5.327
4276 5.327 5.327
4381 5.327 5.327
4452 5.327 5.365
4443 5.365 5.365
4260 5.365 5.365
4302 5.365 5.234
4465 5.234 5.234
4239 5.234 5.234
4199 5.234 5.32
4213 5.32 5.32
4475 5.32 5.32
4188 5.32 5.407
4220 5.407 5.407
4301 5.407 5.407
4429 5.407 5.273
4496 5.273 5.273
4274 5.273 5.273
4188 5.273 5.355
4290 5.355 5.355
4264 5.355 5.355
4188 5.355 5.497
4231 5.497 5.497
4741 5.497 5.497
4351 5.497 5.663
4188 5.663 5.663
4433 5.663 5.663
4286 5.663 5.534
4477 5.534 5.534
4423 5.534 5.534
4188 5.534 5.528
4428 5.528 5.528
4513 5.528 5.528
4352 5.528 5.531
4330 5.531 5.531
4274 5.531 5.531
4360 5.531 5.569
4471 5.569 5.569
4505 5.569 5.569
4332 5.569 5.373
4540 5.373 5.373
4243 5.373 5.373
4274 5.373 5.219
4354 5.219 5.219
4250 5.219 5.219
4188 5.219 5.326
4436 5.326 5.326
4232 5.326 5.326
4200 5.326 5.329
4188 5.329 5.329
4391 5.329 5.329
4536 5.329 5.354
4743 5.354 5.354
4370 5.354 5.354
4308 5.354 5.128
4575 5.128 5.128
4499 5.128 5.128
4365 5.128 4.843
4188 4.843 4.843
4188 4.843 4.843
4261 4.843 5.048
4334 5.048 5.048
4368 5.048 5.048
4196 5.048 5.183
4191 5.183 5.183
4188 5.183 5.183
4382 5.183 5.2
4340 5.2 5.2
4489 5.2 5.2
4477 5.2 4.955
4220 4.955 4.955
4229 4.955 4.955
4545 4.955 5.051
4220 5.051 5.051
4399 5.051 5.051
4334 5.051 5.171
4305 5.171 5.171
4240 5.171 5.171
4272 5.171 5.105
4365 5.105 5.105
4262 5.105 5.105
4284 5.105 5.036
4295 5.036 5.036
4463 5.036 5.036
4726 5.036 5.317
4556 5.317 5.317
4574 5.317 5.317
4326 5.317 5.057
4232 5.057 5.057
4311 5.057 5.057
4392 5.057 4.956
4256 4.956 4.956
4304 4.956 4.956
4229 4.956 5.167
4453 5.167 5.167
4193 5.167 5.167
4275 5.167 5.227
4406 5.227 5.227
4393 5.227 5.227
4319 5.227 5.194
4443 5.194 5.194
4533 5.194 5.194
4508 5.194 4.899
4528 4.899 4.899
4479 4.899 4.899
4357 4.899 4.78
4475 4.78 4.78
4403 4.78 4.78
4245 4.78 4.828
4188 4.828 4.828
4188 4.828 4.828
4188 4.828 4.889
4246 4.889 4.889
4188 4.889 4.889
4232 4.889 4.859
4293 4.859 4.859
4200 4.859 4.859
4286 4.859 4.974
4188 4.974 4.974
4406 4.974 4.974
4219 4.974 5.002
4188 5.002 5.002
4277 5.002 5.002
4274 5.002 4.91
4253 4.91 4.91
4288 4.91 4.91
4464 4.91 4.965
4297 4.965 4.965
4188 4.965 4.965
4317 4.965 5.094
4500 5.094 5.094
4663 5.094 5.094
4604 5.094 4.956
4421 4.956 4.956
4311 4.956 4.956
4292 4.956 4.709
4267 4.709 4.709
4272 4.709 4.709
4188 4.709 4.761
4188 4.761 4.761
4534 4.761 4.761
4589 4.761 5.02
4386 5.02 5.02
4586 5.02 5.02
4415 5.02 4.884
4202 4.884 4.884
4272 4.884 4.884
4470 4.884 4.859
4486 4.859 4.859
4273 4.859 4.859
4188 4.859 4.951
4282 4.951 4.951
4308 4.951 4.951
4281 4.951 5.108
4439 5.108 5.108
4606 5.108 5.108
4589 5.108 5.001
4258 5.001 5.001
4280 5.001 5.001
4277 5.001 4.832
4327 4.832 4.832
4318 4.832 4.832
4432 4.832 4.938
4429 4.938 4.938
4188 4.938 4.938
4188 4.938 5.123
4488 5.123 5.123
4690 5.123 5.123
4438 5.123 5.11
4297 5.11 5.11
4188 5.11 5.11
4309 5.11 4.977
4305 4.977 4.977
4282 4.977 4.977
4433 4.977 5.093
4322 5.093 5.093
4336 5.093 5.093
4359 5.093 5.272
4419 5.272 5.272
4260 5.272 5.272
4259 5.272 5.192
4520 5.192 5.192
4534 5.192 5.192
4521 5.192 4.906
4496 4.906 4.906
4188 4.906 4.906
4262 4.906 4.87
4240 4.87 4.87
4338 4.87 4.87
4391 4.87 5.064
4265 5.064 5.064
4432 5.064 5.064
4464 5.064 4.909
4207 4.909 4.909
4188 4.909 4.909
4239 4.909 4.79
4206 4.79 4.79
4188 4.79 4.79
4257 4.79 4.904
4346 4.904 4.904
4365 4.904 4.904
4437 4.904 5.15
4188 5.15 5.15
4281 5.15 5.15
4415 5.15 5.022
4385 5.022 5.022
4188 5.022 5.022
4438 5.022 4.903
4434 4.903 4.903
4270 4.903 4.903
4324 4.903 5.038
4424 5.038 5.038
4427 5.038 5.038
4284 5.038 4.973
4496 4.973 4.973
4347 4.973 4.973
4334 4.973 4.804
4305 4.804 4.804
4233 4.804 4.804
4336 4.804 4.953
4413 4.953 4.953
4393 4.953 4.953
4570 4.953 4.944
4399 4.944 4.944
4386 4.944 4.944
4189 4.944 4.918
4497 4.918 4.918
4310 4.918 4.918
4287 4.918 4.999
4330 4.999 4.999
4233 4.999 4.999
4229 4.999 4.96
4188 4.96 4.96
4268 4.96 4.96
4284 4.96 4.903
4261 4.903 4.903
4247 4.903 4.903
4231 4.903 4.805
4418 4.805 4.805
4330 4.805 4.805
4302 4.805 4.834
4188 4.834 4.834
4275 4.834 4.834
4227 4.834 4.842
4292 4.842 4.842
4286 4.842 4.842
4539 4.842 4.917
4582 4.917 4.917
4570 4.917 4.917
4454 4.917 4.743
4373 4.743 4.743
4217 4.743 4.743
4326 4.743 4.544
4214 4.544 4.544
4459 4.544 4.544
4359 4.544 4.873
4312 4.873 4.873
4236 4.873 4.873
4274 4.873 4.798
4308 4.798 4.798
4349 4.798 4.798
4427 4.798 4.722
4263 4.722 4.722
4302 4.722 4.722
4270 4.722 4.487
4451 4.487 4.487
4275 4.487 4.487
4340 4.487 4.527
4188 4.527 4.527
4234 4.527 4.527
4188 4.527 4.579
4188 4.579 4.579
4275 4.579 4.579
4311 4.579 4.811
4240 4.811 4.811
4255 4.811 4.811
4247 4.811 4.913
4490 4.913 4.913
4323 4.913 4.913
4516 4.913 4.787
4364 4.787 4.787
4428 4.787 4.787
4392 4.787 4.863
4188 4.863 4.863
4321 4.863 4.863
4235 4.863 4.959
4188 4.959 4.959
4383 4.959 4.959
4278 4.959 4.876
4286 4.876 4.876
4278 4.876 4.876
4352 4.876 4.812
4351 4.812 4.812
4188 4.812 4.812
4188 4.812 4.92
4410 4.92 4.92
4306 4.92 4.92
4303 4.92 4.938
4346 4.938 4.938
4340 4.938 4.938
4427 4.938 4.777
4430 4.777 4.777
4263 4.777 4.777
4188 4.777 4.749
4230 4.749 4.749
4348 4.749 4.749
4205 4.749 4.724
4188 4.724 4.724
4250 4.724 4.724
4236 4.724 4.714
4311 4.714 4.714
4521 4.714 4.714
4413 4.714 4.648
4363 4.648 4.648
4448 4.648 4.648
4454 4.648 4.769
4400 4.769 4.769
4497 4.769 4.769
4496 4.769 4.698
4669 4.698 4.698
4607 4.698 4.698
4326 4.698 4.659
4462 4.659 4.659
4328 4.659 4.659
4335 4.659 4.666
4269 4.666 4.666
4237 4.666 4.666
4188 4.666 4.794
4190 4.794 4.794
4286 4.794 4.794
4295 4.794 4.761
4243 4.761 4.761
4188 4.761 4.761
4445 4.761 4.65
4444 4.65 4.65
4394 4.65 4.65
4263 4.65 4.662
4283 4.662 4.662
4263 4.662 4.662
4313 4.662 4.73
4279 4.73 4.73
4253 4.73 4.73
4325 4.73 4.752
4296 4.752 4.752
4196 4.752 4.752
4262 4.752 4.892
4490 4.892 4.892
4331 4.892 4.892
4317 4.892 4.729
4360 4.729 4.729
4188 4.729 4.729
4274 4.729 4.846
4188 4.846 4.846
4229 4.846 4.846
4350 4.846 4.794
4305 4.794 4.794
4210 4.794 4.794
4302 4.794 4.974
4188 4.974 4.974
4345 4.974 4.974
4270 4.974 4.998
4250 4.998 4.998
4188 4.998 4.998
4311 4.998 5.013
4230 5.013 5.013
4282 5.013 5.013
4439 5.013 4.942
4335 4.942 4.942
4209 4.942 4.942
4256 4.942 5.092
4344 5.092 5.092
4454 5.092 5.092
4268 5.092 5.289
4495 5.289 5.289
4188 5.289 5.289
4280 5.289 5.22
4416 5.22 5.22
4429 5.22 5.22
4291 5.22 5.041
4268 5.041 5.041
4204 5.041 5.041
4267 5.041 5.069
4289 5.069 5.069
4414 5.069 5.069
4297 5.069 5.088
4286 5.088 5.088
4242 5.088 5.088
4479 5.088 5.09
4462 5.09 5.09
4294 5.09 5.09
4368 5.09 5.119
4369 5.119 5.119
4237 5.119 5.119
4344 5.119 5.128
4365 5.128 5.128
4471 5.128 5.128
4487 5.128 5.093
4188 5.093 5.093
4496 5.093 5.093
4263 5.093 5.117
4301 5.117 5.117
4407 5.117 5.117
4250 5.117 5.032
4409 5.032 5.032
4304 5.032 5.032
4364 5.032 4.997
4301 4.997 4.997
4386 4.997 4.997
4208 4.997 5.046
4188 5.046 5.046
4368 5.046 5.046
4401 5.046 5.026
4422 5.026 5.026
4268 5.026 5.026
4276 5.026 5.057
4423 5.057 5.057
4548 5.057 5.057
4303 5.057 4.951
4188 4.951 4.951
4316 4.951 4.951
4329 4.951 4.847
4440 4.847 4.847
4225 4.847 4.847
4220 4.847 4.902
4359 4.902 4.902
4383 4.902 4.902
4454 4.902 4.99
4346 4.99 4.99
4226 4.99 4.99
4279 4.99 5.042
4331 5.042 5.042
4200 5.042 5.042
4298 5.042 5.009
4239 5.009 5.009
4265 5.009 5.009
4482 5.009 4.971
4264 4.971 4.971
4373 4.971 4.971
4296 4.971 5.018
4382 5.018 5.018
4234 5.018 5.018
4373 5.018 4.967
4284 4.967 4.967
4413 4.967 4.967
4485 4.967 4.81
4216 4.81 4.81
4232 4.81 4.81
4188 4.81 4.77
4285 4.77 4.77
4313 4.77 4.77
4188 4.77 4.891
4282 4.891 4.891
4404 4.891 4.891
4335 4.891 4.974
4311 4.974 4.974
4188 4.974 4.974
4349 4.974 4.87
4369 4.87 4.87
4385 4.87 4.87
4403 4.87 4.756
4629 4.756 4.756
4545 4.756 4.756
4519 4.756 4.824
4188 4.824 4.824
4240 4.824 4.824
4354 4.824 4.828
4277 4.828 4.828
4265 4.828 4.828
4189 4.828 4.785
4188 4.785 4.785
4366 4.785 4.785
4293 4.785 4.873
4188 4.873 4.873
4330 4.873 4.873
4422 4.873 4.971
4392 4.971 4.971
4330 4.971 4.971
4188 4.971 4.946
4258 4.946 4.946
4360 4.946 4.946
4304 4.946 4.906
4327 4.906 4.906
4188 4.906 4.906
4411 4.906 4.913
4377 4.913 4.913
4615 4.913 4.913
4319 4.913 4.879
4261 4.879 4.879
4344 4.879 4.879
4242 4.879 4.816
4204 4.816 4.816
4410 4.816 4.816
4279 4.816 4.818
4234 4.818 4.818
4269 4.818 4.818
4260 4.818 4.895
4419 4.895 4.895
4416 4.895 4.895
4272 4.895 4.85
4316 4.85 4.85
4412 4.85 4.85
4672 4.85 4.966
4190 4.966 4.966
4260 4.966 4.966
4246 4.966 4.984
4287 4.984 4.984
4293 4.984 4.984
4320 4.984 4.974
4347 4.974 4.974
4368 4.974 4.974
4483 4.974 4.815
4551 4.815 4.815
4188 4.815 4.815
4204 4.815 4.791
4212 4.791 4.791
4258 4.791 4.791
4299 4.791 4.8
4423 4.8 4.8
4219 4.8 4.8
4541 4.8 4.855
4405 4.855 4.855
4271 4.855 4.855
4337 4.855 4.728
4341 4.728 4.728
4433 4.728 4.728
4494 4.728 4.481
4241 4.481 4.481
4270 4.481 4.481
4239 4.481 4.397
4300 4.397 4.397
4305 4.397 4.397
4267 4.397 4.407
4267 4.407 4.407
4217 4.407 4.407
4250 4.407 4.614
4188 4.614 4.614
4339 4.614 4.614
4364 4.614 4.633
4336 4.633 4.633
4681 4.633 4.633
4629 4.633 4.461
4391 4.461 4.461
4285 4.461 4.461
4332 4.461 4.286
4428 4.286 4.286
4400 4.286 4.286
4188 4.286 4.452
4354 4.452 4.452
4188 4.452 4.452
4188 4.452 4.522
4491 4.522 4.522
4457 4.522 4.522
4392 4.522 4.403
4433 4.403 4.403
4371 4.403 4.403
4359 4.403 4.431
4315 4.431 4.431
4188 4.431 4.431
4234 4.431 4.453
4236 4.453 4.453
4270 4.453 4.453
4322 4.453 4.477
4232 4.477 4.477
4300 4.477 4.477
4320 4.477 4.564
4554 4.564 4.564
4593 4.564 4.564
4468 4.564 4.62
4415 4.62 4.62
4190 4.62 4.62
4370 4.62 4.508
4591 4.508 4.508
4436 4.508 4.508
4529 4.508 4.591
4514 4.591 4.591
4452 4.591 4.591
4246 4.591 4.456
4434 4.456 4.456
4331 4.456 4.456
4768 4.456 4.653
4580 4.653 4.653
4488 4.653 4.653
4372 4.653 4.564
4245 4.564 4.564
4415 4.564 4.564
4360 4.564 4.66
4205 4.66 4.66
4200 4.66 4.66
4385 4.66 4.861
4517 4.861 4.861
4581 4.861 4.861
4528 4.861 4.528
4731 4.528 4.528
4412 4.528 4.528
4274 4.528 4.308
4188 4.308 4.308
4188 4.308 4.308
4213 4.308 4.418
4319 4.418 4.418
4276 4.418 4.418
4259 4.418 4.416
4526 4.416 4.416
4436 4.416 4.416
4322 4.416 4.292
4283 4.292 4.292
4255 4.292 4.292
4225 4.292 4.241
4233 4.241 4.241
4472 4.241 4.241
4458 4.241 4.299
4450 4.299 4.299
4500 4.299 4.299
4548 4.299 4.384
4396 4.384 4.384
4188 4.384 4.384
4420 4.384 4.314
4369 4.314 4.314
4227 4.314 4.314
4326 4.314 4.491
4318 4.491 4.491
4209 4.491 4.491
4325 4.491 4.582
4270 4.582 4.582
4304 4.582 4.582
4478 4.582 4.69
4333 4.69 4.69
4701 4.69 4.69
4321 4.69 4.511
4370 4.511 4.511
4543 4.511 4.511
4617 4.511 4.618
4870 4.618 4.618
4702 4.618 4.618
4811 4.618 4.573
4609 4.573 4.573
4552 4.573 4.573
4388 4.573 4.405
4299 4.405 4.405
4188 4.405 4.405
4267 4.405 4.579
4248 4.579 4.579
4195 4.579 4.579
4245 4.579 4.678
4345 4.678 4.678
4401 4.678 4.678
4451 4.678 4.564
4472 4.564 4.564
4262 4.564 4.564
4505 4.564 4.761
4289 4.761 4.761
4344 4.761 4.761
4340 4.761 4.689
4394 4.689 4.689
4379 4.689 4.689
4260 4.689 4.497
4246 4.497 4.497
4238 4.497 4.497
4287 4.497 4.654
4277 4.654 4.654
4309 4.654 4.654
4349 4.654 4.717
4208 4.717 4.717
4312 4.717 4.717
4364 4.717 4.758
4427 4.758 4.758
4489 4.758 4.758
4310 4.758 4.527
4412 4.527 4.527
4393 4.527 4.527
4463 4.527 4.517
4542 4.517 4.517
4188 4.517 4.517
4302 4.517 4.5
4453 4.5 4.5
4456 4.5 4.5
4569 4.5 4.453
4567 4.453 4.453
4512 4.453 4.453
4603 4.453 4.195
4509 4.195 4.195
4586 4.195 4.195
4339 4.195 4.104
4267 4.104 4.104
4277 4.104 4.104
4188 4.104 4.272
4188 4.272 4.272
4188 4.272 4.347
4322 4.347 4.347
4215 4.347 4.347
4244 4.347 4.177
4188 4.177 4.177
4267 4.177 4.177
4206 4.177 4.233
4255 4.233 4.233
4639 4.233 4.233
4308 4.233 4.258
4479 4.258 4.258
4389 4.258 4.258
4343 4.258 3.955
4274 3.955 3.955
4311 3.955 3.955
4622 3.955 3.965
4562 3.965 3.965
4424 3.965 3.767
4415 3.767 3.767
4376 3.767 3.608
4297 3.608 3.608
4395 3.608 3.843
4358 3.843 3.843
4615 3.843 3.833
4446 3.833 3.833
4451 3.833 3.833
4229 3.833 3.678
4348 3.678 3.678
4376 3.678 3.77
4433 3.77 3.77
4344 3.77 3.734
4492 3.734 3.734
4509 3.734 3.618
4428 3.618 3.618
4269 3.618 3.626
4273 3.626 3.626
4512 3.626 3.703
4460 3.703 3.703
4352 3.703 3.593
4391 3.593 3.593
4369 3.593 3.723
4475 3.723 3.723
4276 3.723 3.641
4228 3.641 3.641
4266 3.641 3.734
4405 3.734 3.734
4285 3.734 3.68
4303 3.68 3.68
4188 3.68 3.939
4456 3.939 3.939
4188 3.939 3.882
4245 3.882 3.882
4441 3.882 3.821
4210 3.821 3.821
4415 3.821 3.899
4375 3.899 3.899
4461 3.899 3.899
4437 3.899 3.876
4341 3.876 3.876
4360 3.876 3.867
4188 3.867 3.867
4203 3.867 3.965
4486 3.965 3.965
4375 3.965 3.915
4393 3.915 3.915
4478 3.915 3.915
4608 3.915 3.793
4428 3.793 3.793
4395 3.793 3.793
4460 3.793 3.725
4428 3.725 3.725
4238 3.725 3.647
4362 3.647 3.647
4296 3.647 3.614
4343 3.614 3.614
4562 3.614 3.806
4333 3.806 3.806
4188 3.806 3.793
4340 3.793 3.793
4399 3.793 3.742
4294 3.742 3.742
4209 3.742 3.798
4254 3.798 3.798
4247 3.798 3.843
4310 3.843 3.843
4319 3.843 4.065
4514 4.065 4.065
4569 4.065 4.065
4860 4.065 3.686
4622 3.686 3.686
4209 3.686 3.474
4333 3.474 3.474
4258 3.474 3.756
4324 3.756 3.756
4499 3.756 4.053
4425 4.053 4.053
4438 4.053 4.053
4462 4.053 3.892
4483 3.892 3.892
4236 3.892 3.892
4217 3.892 4.098
4251 4.098 4.098
4188 4.098 4.297
4376 4.297 4.297
4268 4.297 4.464
4336 4.464 4.464
4492 4.464 4.464
4281 4.464 4.3
4323 4.3 4.3
4379 4.3 4.3
4289 4.3 4.183
4188 4.183 4.183
4308 4.183 4.183
4244 4.183 4.194
4342 4.194 4.194
4515 4.194 4.194
4351 4.194 4.165
4491 4.165 4.165
4512 4.165 4.165
4196 4.165 4.226
4220 4.226 4.226
4284 4.226 4.226
4294 4.226 4.339
4363 4.339 4.339
4188 4.339 4.339
4368 4.339 4.465
4199 4.465 4.465
4188 4.465 4.465
4361 4.465 4.461
4365 4.461 4.461
4195 4.461 4.461
4225 4.461 4.416
4265 4.416 4.416
4291 4.416 4.416
4188 4.416 4.378
4266 4.378 4.378
4253 4.378 4.378
4259 4.378 4.401
4248 4.401 4.401
4234 4.401 4.401
4353 4.401 4.421
4216 4.421 4.421
4273 4.421 4.421
4299 4.421 4.419
4408 4.419 4.419
4303 4.419 4.419
4272 4.419 4.489
4375 4.489 4.489
4466 4.489 4.489
4188 4.489 4.455
4188 4.455 4.455
4366 4.455 4.455
4451 4.455 4.469
4274 4.469 4.469
4272 4.469 4.469
4205 4.469 4.531
4193 4.531 4.531
4345 4.531 4.531
4328 4.531 4.522
4402 4.522 4.522
4517 4.522 4.522
4580 4.522 4.577
4590 4.577 4.577
4546 4.577 4.577
4274 4.577 4.613
4287 4.613 4.613
4508 4.613 4.613
4385 4.613 4.541
4443 4.541 4.541
4358 4.541 4.541
4247 4.541 4.524
4280 4.524 4.524
4249 4.524 4.524
4337 4.524 4.634
4462 4.634 4.634
4293 4.634 4.634
4326 4.634 4.472
4353 4.472 4.472
4581 4.472 4.472
4578 4.472 4.344
4811 4.344 4.344
4750 4.344 4.344
4369 4.344 4.054
4350 4.054 4.054
4250 4.054 4.054
4215 4.054 4.002
4254 4.002 4.002
4226 4.002 4.102
4265 4.102 4.102
4237 4.102 4.224
4212 4.224 4.224
4460 4.224 4.224
4228 4.224 4.198
4425 4.198 4.198
4445 4.198 4.198
4188 4.198 4.121
4188 4.121 4.121
4188 4.121 4.131
4399 4.131 4.131
4203 4.131 4.102
4252 4.102 4.102
4188 4.102 4.102
4188 4.102 4.28
4243 4.28 4.28
4383 4.28 4.28
4188 4.28 4.366
4299 4.366 4.366
4249 4.366 4.366
4444 4.366 4.217
4406 4.217 4.217
4349 4.217 4.217
4531 4.217 4.247
4317 4.247 4.247
4367 4.247 4.247
4236 4.247 4.155
4383 4.155 4.155
4320 4.155 4.155
4359 4.155 4.116
4397 4.116 4.116
4418 4.116 4.116
4326 4.116 4.26
4429 4.26 4.26
4573 4.26 4.26
4353 4.26 4.087
4283 4.087 4.087
4191 4.087 4.087
4218 4.087 4.017
4218 4.017 4.017
4194 4.017 4.289
4353 4.289 4.289
4329 4.289 4.368
4417 4.368 4.368
4437 4.368 4.368
4235 4.368 4.202
4302 4.202 4.202
4188 4.202 4.202
4242 4.202 4.186
4188 4.186 4.186
4275 4.186 4.326
4244 4.326 4.326
4282 4.326 4.326
4188 4.326 4.416
4257 4.416 4.416
4312 4.416 4.416
4250 4.416 4.396
4272 4.396 4.396
4188 4.396 4.396
4438 4.396 4.45
4347 4.45 4.45
4341 4.45 4.45
4188 4.45 4.606
4272 4.606 4.606
4288 4.606 4.606
4296 4.606 4.556
4413 4.556 4.556
4342 4.556 4.556
4423 4.556 4.542
4360 4.542 4.542
4611 4.542 4.542
4343 4.542 4.477
4423 4.477 4.477
4188 4.477 4.477
4368 4.477 4.609
4188 4.609 4.609
4446 4.609 4.609
4295 4.609 4.557
4387 4.557 4.557
4345 4.557 4.557
4358 4.557 4.779
4206 4.779 4.779
4291 4.779 4.779
4294 4.779 4.783
4188 4.783 4.783
4267 4.783 4.783
4271 4.783 4.654
4238 4.654 4.654
4224 4.654 4.654
4343 4.654 4.623
4255 4.623 4.623
4188 4.623 4.623
4387 4.623 4.603
4351 4.603 4.603
4325 4.603 4.603
4268 4.603 4.634
4466 4.634 4.634
4387 4.634 4.634
4351 4.634 4.633
4359 4.633 4.633
4188 4.633 4.633
4344 4.633 4.592
4205 4.592 4.592
4325 4.592 4.592
4307 4.592 4.638
4309 4.638 4.638
4232 4.638 4.638
4301 4.638 4.646
4285 4.646 4.646
4213 4.646 4.646
4316 4.646 4.684
4397 4.684 4.684
4249 4.684 4.684
4426 4.684 4.669
4525 4.669 4.669
4393 4.669 4.669
4277 4.669 4.535
4283 4.535 4.535
4279 4.535 4.535
4188 4.535 4.626
4282 4.626 4.626
4309 4.626 4.626
4380 4.626 4.622
4281 4.622 4.622
4188 4.622 4.622
4355 4.622 4.673
4253 4.673 4.673
4288 4.673 4.673
4321 4.673 4.648
4242 4.648 4.648
4284 4.648 4.648
4361 4.648 4.609
4367 4.609 4.609
4444 4.609 4.609
4431 4.609 4.612
4276 4.612 4.612
4333 4.612 4.612
4402 4.612 4.567
4188 4.567 4.567
4212 4.567 4.567
4249 4.567 4.677
4251 4.677 4.677
4294 4.677 4.677
4431 4.677 4.471
4490 4.471 4.471
4227 4.471 4.471
4341 4.471 4.318
4561 4.318 4.318
4509 4.318 4.318
4320 4.318 4.172
4371 4.172 4.172
4267 4.172 4.172
4249 4.172 4.131
4355 4.131 4.131
4188 4.131 4.085
4235 4.085 4.085
4412 4.085 4.155
4309 4.155 4.155
4287 4.155 4.155
4244 4.155 4.136
4531 4.136 4.136
4336 4.136 4.121
4425 4.121 4.121
4409 4.121 4.121
4279 4.121 4.076
4457 4.076 4.076
4272 4.076 4.076
4311 4.076 3.842
4407 3.842 3.842
4283 3.842 3.842
4408 3.842 3.651
4431 3.651 3.651
4244 3.651 3.643
4681 3.643 3.643
4493 3.643 3.656
4339 3.656 3.656
4508 3.656 3.499
4306 3.499 3.499
4188 3.499 3.549
4299 3.549 3.549
4513 3.549 3.557
4216 3.557 3.557
4306 3.557 3.644
4296 3.644 3.644
4394 3.644 3.718
4346 3.718 3.718
4256 3.718 3.901
4787 3.901 3.901
4665 3.901 3.691
4605 3.691 3.691
4509 3.691 3.691
4448 3.691 3.552
4188 3.552 3.552
4265 3.552 3.887
4465 3.887 3.887
4390 3.887 4.028
4430 4.028 4.028
4394 4.028 4.028
4318 4.028 3.855
4188 3.855 3.855
4487 3.855 4.064
4451 4.064 4.064
4449 4.064 3.963
4254 3.963 3.963
4287 3.963 3.963
4252 3.963 3.997
4252 3.997 3.997
4259 3.997 4.125
4311 4.125 4.125
4332 4.125 4.175
4268 4.175 4.175
4274 4.175 4.175
4427 4.175 4.164
4332 4.164 4.164
4218 4.164 4.164
4313 4.164 4.169
4253 4.169 4.169
4272 4.169 4.169
4338 4.169 4.16
4238 4.16 4.16
4198 4.16 4.16
4339 4.16 4.182
4539 4.182 4.182
4438 4.182 4.182
4471 4.182 4.011
4407 4.011 4.011
4408 4.011 4.011
4441 4.011 3.814
4524 3.814 3.814
4430 3.814 3.8
4395 3.8 3.8
4232 3.8 3.857
4483 3.857 3.857
4640 3.857 3.955
4852 3.955 3.955
4599 3.955 3.955
4483 3.955 3.709
4502 3.709 3.709
4209 3.709 3.611
4336 3.611 3.611
4205 3.611 3.875
4440 3.875 3.875
4488 3.875 3.986
4460 3.986 3.986
4269 3.986 3.986
4302 3.986 3.863
4366 3.863 3.863
4692 3.863 3.877
4424 3.877 3.877
4609 3.877 3.878
4269 3.878 3.878
4386 3.878 3.878
4381 3.878 3.774
4231 3.774 3.774
4314 3.774 3.692
4271 3.692 3.692
4398 3.692 3.816
4188 3.816 3.816
4188 3.816 3.804
4412 3.804 3.804
4592 3.804 3.789
4608 3.789 3.789
4621 3.789 3.789
4263 3.789 3.599
4373 3.599 3.599
4259 3.599 3.525
4188 3.525 3.525
4262 3.525 3.758
4317 3.758 3.758
4281 3.758 3.72
4388 3.72 3.72
4281 3.72 3.686
4268 3.686 3.686
4491 3.686 3.654
4524 3.654 3.654
4188 3.654 3.596
4353 3.596 3.596
4433 3.596 3.606
4410 3.606 3.606
4358 3.606 3.686
4224 3.686 3.686
4340 3.686 3.774
4256 3.774 3.774
4287 3.774 3.748
4442 3.748 3.748
4291 3.748 3.57
4343 3.57 3.57
4428 3.57 3.483
4188 3.483 3.483
4377 3.483 3.712
4518 3.712 3.712
4539 3.712 3.64
4251 3.64 3.64
4188 3.64 3.647
4609 3.647 3.647
4308 3.647 3.522
4188 3.522 3.522
4406 3.522 3.676
4284 3.676 3.676
4188 3.676 3.778
4465 3.778 3.778
4390 3.778 3.829
4532 3.829 3.829
4510 3.829 3.644
4402 3.644 3.644
4188 3.644 3.743
4335 3.743 3.743
4228 3.743 3.8
4188 3.8 3.8
4405 3.8 4.083
4452 4.083 4.083
4508 4.083 4.083
4548 4.083 3.806
4197 3.806 3.806
4261 3.806 3.794
4188 3.794 3.794
4188 3.794 4.12
4267 4.12 4.12
4501 4.12 4.257
4683 4.257 4.257
4543 4.257 4.257
4409 4.257 4.05
4259 4.05 4.05
4192 4.05 4.05
4188 4.05 4.191
4288 4.191 4.191
4413 4.191 4.297
4463 4.297 4.297
4396 4.297 4.297
4188 4.297 4.325
4292 4.325 4.325
4431 4.325 4.325
4219 4.325 4.231
4237 4.231 4.231
4266 4.231 4.231
4445 4.231 4.417
4236 4.417 4.417
4339 4.417 4.417
4338 4.417 4.285
4188 4.285 4.285
4204 4.285 4.285
4344 4.285 4.185
4430 4.185 4.185
4361 4.185 4.185
4265 4.185 4.349
4409 4.349 4.349
4301 4.349 4.349
4651 4.349 4.404
4255 4.404 4.404
4246 4.404 4.404
4352 4.404 4.476
4579 4.476 4.476
4414 4.476 4.476
4497 4.476 4.363
4304 4.363 4.363
4232 4.363 4.363
4225 4.363 4.451
4327 4.451 4.451
4383 4.451 4.451
4307 4.451 4.509
4393 4.509 4.509
4528 4.509 4.509
4366 4.509 4.553
4188 4.553 4.553
4188 4.553 4.553
4417 4.553 4.679
4230 4.679 4.679
4508 4.679 4.679
4660 4.679 4.561
4233 4.561 4.561
4445 4.561 4.561
4398 4.561 4.608
4262 4.608 4.608
4327 4.608 4.608
4318 4.608 4.615
4319 4.615 4.615
4254 4.615 4.615
4573 4.615 4.743
4326 4.743 4.743
4397 4.743 4.743
4456 4.743 4.733
4302 4.733 4.733
4413 4.733 4.733
4343 4.733 4.434
4188 4.434 4.434
4188 4.434 4.434
4269 4.434 4.423
4261 4.423 4.423
4335 4.423 4.423
4242 4.423 4.602
4222 4.602 4.602
4342 4.602 4.602
4383 4.602 4.413
4223 4.413 4.413
4270 4.413 4.413
4372 4.413 4.434
4291 4.434 4.434
4344 4.434 4.434
4280 4.434 4.514
4289 4.514 4.514
4449 4.514 4.514
4372 4.514 4.465
4483 4.465 4.465
4422 4.465 4.465
4384 4.465 4.234
4343 4.234 4.234
4238 4.234 4.234
4248 4.234 4.343
4215 4.343 4.343
4431 4.343 4.571
4335 4.571 4.571
4466 4.571 4.571
4401 4.571 4.542
4375 4.542 4.542
4327 4.542 4.542
4281 4.542 4.541
4236 4.541 4.541
4348 4.541 4.541
4532 4.541 4.679
4424 4.679 4.679
4266 4.679 4.679
4523 4.679 4.622
4347 4.622 4.622
4502 4.622 4.622
4217 4.622 4.457
4188 4.457 4.457
4291 4.457 4.457
4373 4.457 4.505
4241 4.505 4.505
4484 4.505 4.505
4555 4.505 4.54
4453 4.54 4.54
4489 4.54 4.54
4521 4.54 4.093
4544 4.093 4.093
4401 4.093 4.093
4314 4.093 3.951
4188 3.951 3.951
4188 3.951 4.058
4238 4.058 4.058
4353 4.058 4.058
4282 4.058 4.108
4327 4.108 4.108
4284 4.108 4.108
4323 4.108 4.072
4379 4.072 4.072
4485 4.072 4.072
4257 4.072 4.065
4188 4.065 4.065
4188 4.065 4.145
4536 4.145 4.145
4346 4.145 4.124
4331 4.124 4.124
4453 4.124 4.124
4272 4.124 4.035
4235 4.035 4.035
4223 4.035 4.092
4188 4.092 4.092
4372 4.092 4.095
4396 4.095 4.095
4218 4.095 4.095
4351 4.095 4.183
4188 4.183 4.183
4193 4.183 4.183
4188 4.183 4.239
4305 4.239 4.239
4455 4.239 4.239
4365 4.239 4.116
4310 4.116 4.116
4332 4.116 4.116
4188 4.116 4.052
4321 4.052 4.052
4363 4.052 4.115
4301 4.115 4.115
4444 4.115 4.115
4379 4.115 3.93
4283 3.93 3.93
4345 3.93 3.93
4666 3.93 3.698
4360 3.698 3.698
4298 3.698 3.71
4663 3.71 3.71
4250 3.71 3.856
4392 3.856 3.856
4306 3.856 3.786
4519 3.786 3.786
4621 3.786 3.761
4548 3.761 3.761
4390 3.761 3.761
4606 3.761 3.754
4725 3.754 3.754
4416 3.754 3.605
4543 3.605 3.605
4305 3.605 3.557
4247 3.557 3.557
4269 3.557 3.531
4252 3.531 3.531
4188 3.531 3.992
4438 3.992 3.992
4342 3.992 3.871
4507 3.871 3.871
4203 3.871 3.871
4275 3.871 3.856
4227 3.856 3.856
4204 3.856 4.06
4367 4.06 4.06
4371 4.06 4.213
4402 4.213 4.213
4188 4.213 4.213
4245 4.213 4.194
4230 4.194 4.194
4509 4.194 4.296
4571 4.296 4.296
4327 4.296 4.296
4423 4.296 4.106
4486 4.106 4.106
4359 4.106 4.106
4555 4.106 4.095
4545 4.095 4.095
4374 4.095 4.095
4295 4.095 4.127
4338 4.127 4.127
4658 4.127 4.127
4365 4.127 4.116
4198 4.116 4.116
4188 4.116 4.116
4334 4.116 4.214
4382 4.214 4.214
4188 4.214 4.214
4226 4.214 4.285
4294 4.285 4.285
4347 4.285 4.285
4329 4.285 4.35
4490 4.35 4.35
4329 4.35 4.35
4326 4.35 4.152
4348 4.152 4.152
4455 4.152 4.152
4282 4.152 4.145
4344 4.145 4.145
4323 4.145 4.138
4465 4.138 4.138
4561 4.138 4.138
4381 4.138 4.068
4336 4.068 4.068
4233 4.068 4.068
4303 4.068 4.196
4487 4.196 4.196
4434 4.196 4.196
4362 4.196 4.076
4228 4.076 4.076
4298 4.076 4.076
4460 4.076 4.268
4405 4.268 4.268
4255 4.268 4.268
4387 4.268 4.095
4381 4.095 4.095
4389 4.095 4.095
4315 4.095 3.884
4295 3.884 3.884
4281 3.884 3.879
4393 3.879 3.879
4521 3.879 3.966
4483 3.966 3.966
4346 3.966 3.966
4443 3.966 3.755
4466 3.755 3.755
4252 3.755 3.727
4445 3.727 3.727
4454 3.727 3.704
4495 3.704 3.704
4321 3.704 3.704
4394 3.704 3.776
4455 3.776 3.776
4502 3.776 3.734
4614 3.734 3.734
4537 3.734 3.552
4365 3.552 3.552
4409 3.552 3.552
4378 3.552 3.552
4318 3.552 3.577
4351 3.577 3.577
4347 3.577 3.514
4486 3.514 3.514
4356 3.514 3.449
4244 3.449 3.449
4478 3.449 3.634
4658 3.634 3.634
4398 3.634 3.61
4259 3.61 3.61
4472 3.61 3.556
4376 3.556 3.556
4188 3.556 3.601
4513 3.601 3.601
4503 3.601 3.784
4358 3.784 3.784
4229 3.784 3.731
4436 3.731 3.731
4464 3.731 3.833
4444 3.833 3.833
4299 3.833 3.772
4324 3.772 3.772
4325 3.772 3.711
4258 3.711 3.711
4319 3.711 3.702
4266 3.702 3.702
4313 3.702 3.724
4188 3.724 3.724
4188 3.724 3.807
4487 3.807 3.807
4355 3.807 3.68
4387 3.68 3.68
4201 3.68 3.546
4396 3.546 3.546
4242 3.546 3.667
4207 3.667 3.667
4407 3.667 3.82
4377 3.82 3.82
4354 3.82 3.735
4240 3.735 3.735
4544 3.735 3.892
4553 3.892 3.892
4253 3.892 3.839
4292 3.839 3.839
4340 3.839 3.818
4197 3.818 3.818
4271 3.818 3.881
4594 3.881 3.881
4522 3.881 3.734
4334 3.734 3.734
4447 3.734 3.593
4281 3.593 3.593
4263 3.593 3.779
4338 3.779 3.779
4543 3.779 4.013
4445 4.013 4.013
4510 4.013 4.013
4339 4.013 3.754
4336 3.754 3.754
4244 3.754 3.667
4253 3.667 3.667
4419 3.667 3.805
4259 3.805 3.805
4258 3.805 3.939
4360 3.939 3.939
4473 3.939 3.861
4327 3.861 3.861
4331 3.861 3.688
4243 3.688 3.688
4265 3.688 3.867
4383 3.867 3.867
4390 3.867 3.84
4278 3.84 3.84
4359 3.84 3.84
4504 3.84 3.883
4444 3.883 3.883
4201 3.883 3.883
4393 3.883 3.91
4235 3.91 3.91
4283 3.91 3.889
4235 3.889 3.889
4337 3.889 4.023
4421 4.023 4.023
4360 4.023 3.878
4730 3.878 3.878
4465 3.878 3.878
4392 3.878 3.666
4452 3.666 3.666
4370 3.666 3.684
4309 3.684 3.684
4237 3.684 3.85
4262 3.85 3.85
4243 3.85 3.961
4334 3.961 3.961
4334 3.961 3.86
4275 3.86 3.86
4291 3.86 3.812
4345 3.812 3.812
4191 3.812 3.887
4453 3.887 3.887
4271 3.887 3.964
4340 3.964 3.964
4228 3.964 3.848
4473 3.848 3.848
4295 3.848 3.764
4302 3.764 3.764
4311 3.764 3.748
4456 3.748 3.748
4404 3.748 3.719
4266 3.719 3.719
4249 3.719 3.803
4539 3.803 3.803
4307 3.803 3.749
4269 3.749 3.749
4258 3.749 3.791
4496 3.791 3.791
4350 3.791 3.874
4202 3.874 3.874
4242 3.874 3.942
4540 3.942 3.942
4504 3.942 3.761
4317 3.761 3.761
4256 3.761 3.761
4188 3.761 3.794
4199 3.794 3.794
4314 3.794 3.986
4508 3.986 3.986
4322 3.986 3.988
4228 3.988 3.988
4390 3.988 3.988
4266 3.988 3.868
4263 3.868 3.868
4289 3.868 3.951
4350 3.951 3.951
4260 3.951 3.864
4517 3.864 3.864
4548 3.864 3.789
4410 3.789 3.789
4443 3.789 3.789
4425 3.789 3.627
4193 3.627 3.627
4324 3.627 3.744
4391 3.744 3.744
4327 3.744 3.831
4425 3.831 3.831
4303 3.831 3.791
4274 3.791 3.791
4255 3.791 3.893
4406 3.893 3.893
4417 3.893 3.771
4473 3.771 3.771
4356 3.771 3.6
4280 3.6 3.6
4261 3.6 3.704
4191 3.704 3.704
4223 3.704 3.937
4429 3.937 3.937
4580 3.937 3.897
4280 3.897 3.897
4188 3.897 3.897
4320 3.897 3.844
4370 3.844 3.844
4484 3.844 3.966
4277 3.966 3.966
4374 3.966 3.966
4262 3.966 3.974
4317 3.974 3.974
4188 3.974 3.919
4457 3.919 3.919
4460 3.919 3.9
4264 3.9 3.9
4274 3.9 3.913
4429 3.913 3.913
4404 3.913 3.993
4407 3.993 3.993
4445 3.993 3.885
4551 3.885 3.885
4273 3.885 3.885
4205 3.885 3.807
4366 3.807 3.807
4260 3.807 3.821
4430 3.821 3.821
4315 3.821 3.797
4215 3.797 3.797
4188 3.797 3.859
4402 3.859 3.859
4304 3.859 3.822
4241 3.822 3.822
4295 3.822 3.894
4502 3.894 3.894
4438 3.894 3.879
4393 3.879 3.879
4393 3.879 3.879
4311 3.879 3.889
4230 3.889 3.889
4188 3.889 4.079
4361 4.079 4.079
4428 4.079 4.271
4488 4.271 4.271
4409 4.271 4.271
4620 4.271 4.185
4465 4.185 4.185
4388 4.185 4.185
4203 4.185 4.116
4188 4.116 4.116
4222 4.116 4.205
4246 4.205 4.205
4269 4.205 4.205
4255 4.205 4.296
4445 4.296 4.296
4423 4.296 4.296
4308 4.296 4.22
4450 4.22 4.22
4429 4.22 4.22
4501 4.22 4.109
4412 4.109 4.109
4412 4.109 4.109
4366 4.109 4.065
4266 4.065 4.065
4283 4.065 4.065
4188 4.065 4.203
4285 4.203 4.203
4386 4.203 4.221
4226 4.221 4.221
4188 4.221 4.221
4188 4.221 4.271
4272 4.271 4.271
4355 4.271 4.271
4386 4.271 4.243
4435 4.243 4.243
4742 4.243 4.243
4253 4.243 4.088
4247 4.088 4.088
4420 4.088 4.088
4323 4.088 4.008
4199 4.008 4.008
4188 4.008 4.29
4429 4.29 4.29
4188 4.29 4.302
4284 4.302 4.302
4529 4.302 4.302
4417 4.302 4.19
4291 4.19 4.19
4271 4.19 4.19
4396 4.19 4.195
4438 4.195 4.195
4259 4.195 4.195
4342 4.195 4.221
4261 4.221 4.221
4365 4.221 4.221
4329 4.221 4.281
4223 4.281 4.281
4497 4.281 4.281
4686 4.281 4.207
4701 4.207 4.207
4645 4.207 4.207
4528 4.207 4.212
4401 4.212 4.212
4588 4.212 4.212
4213 4.212 4.064
4246 4.064 4.064
4205 4.064 4.233
4188 4.233 4.233
4351 4.233 4.308
4234 4.308 4.308
4321 4.308 4.308
4340 4.308 4.248
4388 4.248 4.248
4272 4.248 4.248
4615 4.248 4.408
4603 4.408 4.408
4309 4.408 4.408
4313 4.408 4.318
4346 4.318 4.318
4403 4.318 4.318
4356 4.318 4.434
4329 4.434 4.434
4351 4.434 4.434
4396 4.434 4.401
4266 4.401 4.401
4266 4.401 4.401
4289 4.401 4.481
4268 4.481 4.481
4319 4.481 4.481
4212 4.481 4.486
4257 4.486 4.486
4310 4.486 4.486
4389 4.486 4.463
4561 4.463 4.463
4334 4.463 4.463
4368 4.463 4.403
4572 4.403 4.403
4580 4.403 4.403
4456 4.403 4.237
4395 4.237 4.237
4455 4.237 4.237
4293 4.237 4.341
4287 4.341 4.341
4427 4.341 4.341
4498 4.341 4.263
4401 4.263 4.263
4405 4.263 4.263
4293 4.263 4.068
4527 4.068 4.068
4324 4.068 4.068
4188 4.068 4.229
4337 4.229 4.229
4261 4.229 4.31
4292 4.31 4.31
4406 4.31 4.31
4421 4.31 4.288
4587 4.288 4.288
4381 4.288 4.288
4349 4.288 4.024
4634 4.024 4.024
4299 4.024 4.024
4426 4.024 3.971
4405 3.971 3.971
4502 3.971 3.971
4397 3.971 3.902
4296 3.902 3.902
4188 3.902 3.806
4283 3.806 3.806
4230 3.806 4.015
4396 4.015 4.015
4392 4.015 3.901
4570 3.901 3.901
4532 3.901 3.901
4472 3.901 3.637
4683 3.637 3.637
4441 3.637 3.667
4249 3.667 3.667
4415 3.667 3.819
4295 3.819 3.819
4403 3.819 3.853
4200 3.853 3.853
4294 3.853 3.922
4512 3.922 3.922
4399 3.922 3.739
4330 3.739 3.739
4307 3.739 3.671
4356 3.671 3.671
4637 3.671 3.913
4434 3.913 3.913
4353 3.913 3.737
4327 3.737 3.737
4294 3.737 3.574
4188 3.574 3.574
4795 3.574 3.819
4685 3.819 3.819
4440 3.819 3.688
4214 3.688 3.688
4299 3.688 3.569
4277 3.569 3.569
4429 3.569 3.811
4188 3.811 3.811
4286 3.811 4.038
4250 4.038 4.038
4188 4.038 4.057
4188 4.057 4.057
4188 4.057 4.069
4352 4.069 4.069
4384 4.069 3.925
4423 3.925 3.925
4382 3.925 3.925
4332 3.925 3.965
4195 3.965 3.965
4381 3.965 4.136
4925 4.136 4.136
4522 4.136 4.136
4328 4.136 3.895
4482 3.895 3.895
4498 3.895 3.895
4310 3.895 3.712
4378 3.712 3.712
4273 3.712 3.863
4188 3.863 3.863
4221 3.863 3.972
4208 3.972 3.972
4288 3.972 3.972
4347 3.972 3.898
4232 3.898 3.898
4519 3.898 3.898
4283 3.898 3.793
4188 3.793 3.793
4188 3.793 3.883
4218 3.883 3.883
4394 3.883 3.881
4438 3.881 3.881
4314 3.881 3.881
4356 3.881 3.926
4361 3.926 3.926
4545 3.926 3.734
4319 3.734 3.734
4345 3.734 3.651
4301 3.651 3.651
4358 3.651 3.66
4283 3.66 3.66
4188 3.66 3.704
4381 3.704 3.704
4399 3.704 3.597
4400 3.597 3.597
4512 3.597 3.458
4365 3.458 3.458
4267 3.458 3.497
4457 3.497 3.497
4263 3.497 3.601
4511 3.601 3.601
4219 3.601 3.611
4327 3.611 3.611
4300 3.611 3.575
4188 3.575 3.575
4385 3.575 3.594
4290 3.594 3.594
4388 3.594 3.667
4474 3.667 3.667
4363 3.667 3.693
4300 3.693 3.693
4261 3.693 3.881
4321 3.881 3.881
4202 3.881 3.853
4208 3.853 3.853
4335 3.853 3.88
4473 3.88 3.88
4442 3.88 3.902
4393 3.902 3.902
4188 3.902 3.998
4249 3.998 3.998
4241 3.998 4.087
4463 4.087 4.087
4243 4.087 4.142
4347 4.142 4.142
4471 4.142 4.142
4271 4.142 4.118
4285 4.118 4.118
4291 4.118 4.118
4297 4.118 4.183
4202 4.183 4.183
4321 4.183 4.183
4213 4.183 4.148
4318 4.148 4.148
4322 4.148 4.148
4440 4.148 4.276
4370 4.276 4.276
4575 4.276 4.276
4625 4.276 3.955
4442 3.955 3.955
4505 3.955 3.955
4250 3.955 3.788
4452 3.788 3.788
4237 3.788 3.97
4309 3.97 3.97
4317 3.97 4.212
4408 4.212 4.212
4437 4.212 4.212
4485 4.212 4.037
4436 4.037 4.037
4504 4.037 4.037
4433 4.037 3.857
4237 3.857 3.857
4325 3.857 3.953
4356 3.953 3.953
4265 3.953 3.976
4284 3.976 3.976
4231 3.976 3.94
4417 3.94 3.94
4379 3.94 3.802
4460 3.802 3.802
4308 3.802 3.802
4275 3.802 3.733
4306 3.733 3.733
4188 3.733 3.821
4352 3.821 3.821
4224 3.821 4.095
4188 4.095 4.095
4260 4.095 4.074
4420 4.074 4.074
4251 4.074 4.074
4409 4.074 4.086
4490 4.086 4.086
4327 4.086 4.086
4351 4.086 4.1
4188 4.1 4.1
4465 4.1 4.1
4238 4.1 4.18
4208 4.18 4.18
4237 4.18 4.18
4326 4.18 4.165
4218 4.165 4.165
4188 4.165 4.165
4425 4.165 4.305
4521 4.305 4.305
4336 4.305 4.305
4578 4.305 4.326
4600 4.326 4.326
4500 4.326 4.326
4394 4.326 4.332
4335 4.332 4.332
4279 4.332 4.332
4307 4.332 4.3
4188 4.3 4.3
4325 4.3 4.3
4203 4.3 4.308
4188 4.308 4.308
4248 4.308 4.308
4278 4.308 4.392
4386 4.392 4.392
4402 4.392 4.392
4370 4.392 4.382
4427 4.382 4.382
4452 4.382 4.382
4374 4.382 4.232
4412 4.232 4.232
4550 4.232 4.232
4514 4.232 4.284
4289 4.284 4.284
4284 4.284 4.284
4242 4.284 4.451
4275 4.451 4.451
4243 4.451 4.451
4188 4.451 4.454
4227 4.454 4.454
4284 4.454 4.454
4417 4.454 4.394
4252 4.394 4.394
4494 4.394 4.394
4277 4.394 4.553
4305 4.553 4.553
4305 4.553 4.553
4222 4.553 4.495
4286 4.495 4.495
4685 4.495 4.495
4521 4.495 4.404
4372 4.404 4.404
4259 4.404 4.404
4444 4.404 4.404
4206 4.404 4.404
4270 4.404 4.404
4314 4.404 4.409
4228 4.409 4.409
4250 4.409 4.409
4486 4.409 4.599
4308 4.599 4.599
4214 4.599 4.599
4237 4.599 4.604
4267 4.604 4.604
4315 4.604 4.604
4212 4.604 4.724
4452 4.724 4.724
4315 4.724 4.724
4209 4.724 4.693
4331 4.693 4.693
4418 4.693 4.693
4371 4.693 4.574
4483 4.574 4.574
4409 4.574 4.574
4323 4.574 4.762
4343 4.762 4.762
4437 4.762 4.762
4391 4.762 4.775
4495 4.775 4.775
4451 4.775 4.775
4478 4.775 4.557
4309 4.557 4.557
4188 4.557 4.557
4188 4.557 4.676
4281 4.676 4.676
4199 4.676 4.676
4408 4.676 4.883
4338 4.883 4.883
4306 4.883 4.883
4305 4.883 4.813
4188 4.813 4.813
4340 4.813 4.813
4356 4.813 4.7
4329 4.7 4.7
4188 4.7 4.7
4188 4.7 4.887
4268 4.887 4.887
4325 4.887 4.887
4188 4.887 4.952
4347 4.952 4.952
4293 4.952 4.952
4336 4.952 4.868
4414 4.868 4.868
4381 4.868 4.868
4426 4.868 4.733
4419 4.733 4.733
4333 4.733 4.733
4365 4.733 4.529
4377 4.529 4.529
4344 4.529 4.529
4355 4.529 4.645
4215 4.645 4.645
4410 4.645 4.645
4328 4.645 4.716
4324 4.716 4.716
4442 4.716 4.716
4421 4.716 4.558
4222 4.558 4.558
4372 4.558 4.558
4339 4.558 4.602
4339 4.602 4.602
4376 4.602 4.602
4308 4.602 4.699
4319 4.699 4.699
4407 4.699 4.699
4338 4.699 4.646
4378 4.646 4.646
4204 4.646 4.646
4188 4.646 4.621
4363 4.621 4.621
4382 4.621 4.621
4365 4.621 4.639
4255 4.639 4.639
4437 4.639 4.639
4355 4.639 4.685
4677 4.685 4.685
4388 4.685 4.685
4400 4.685 4.571
4381 4.571 4.571
4188 4.571 4.571
4334 4.571 4.503
4309 4.503 4.503
4233 4.503 4.503
4228 4.503 4.724
4551 4.724 4.724
4223 4.724 4.724
4220 4.724 4.707
4386 4.707 4.707
4417 4.707 4.707
4457 4.707 4.544
4342 4.544 4.544
4372 4.544 4.544
4469 4.544 4.621
4188 4.621 4.621
4189 4.621 4.621
4249 4.621 4.72
4402 4.72 4.72
4197 4.72 4.72
4356 4.72 4.731
4278 4.731 4.731
4251 4.731 4.731
4247 4.731 4.744
4233 4.744 4.744
4439 4.744 4.744
4263 4.744 4.684
4332 4.684 4.684
4378 4.684 4.684
4188 4.684 4.686
4188 4.686 4.686
4208 4.686 4.686
4294 4.686 4.719
4191 4.719 4.719
4395 4.719 4.719
4246 4.719 4.705
4372 4.705 4.705
4214 4.705 4.705
4399 4.705 4.804
4335 4.804 4.804
4299 4.804 4.804
4257 4.804 4.944
4195 4.944 4.944
4335 4.944 4.944
4203 4.944 4.975
4199 4.975 4.975
4426 4.975 4.975
4280 4.975 5.002
4259 5.002 5.002
4273 5.002 5.002
4188 5.002 4.951
4519 4.951 4.951
4569 4.951 4.951
4264 4.951 4.887
4439 4.887 4.887
4251 4.887 4.887
4379 4.887 4.938
4408 4.938 4.938
4367 4.938 4.938
4495 4.938 4.796
4393 4.796 4.796
4339 4.796 4.796
4296 4.796 4.775
4256 4.775 4.775
4205 4.775 4.775
4276 4.775 4.863
4347 4.863 4.863
4439 4.863 4.863
4301 4.863 4.669
4362 4.669 4.669
4279 4.669 4.669
4354 4.669 4.67
4214 4.67 4.67
4248 4.67 4.67
4188 4.67 4.654
4188 4.654 4.654
4228 4.654 4.654
4561 4.654 4.799
4462 4.799 4.799
4427 4.799 4.799
4394 4.799 4.827
4199 4.827 4.827
4437 4.827 4.827
4498 4.827 4.631
4426 4.631 4.631
4443 4.631 4.631
4229 4.631 4.544
4267 4.544 4.544
4188 4.544 4.544
4271 4.544 4.51
4202 4.51 4.51
4374 4.51 4.51
4376 4.51 4.624
4211 4.624 4.624
4480 4.624 4.624
4613 4.624 4.74
4476 4.74 4.74
4382 4.74 4.74
4264 4.74 4.504
4188 4.504 4.504
4188 4.504 4.504
4188 4.504 4.527
4249 4.527 4.527
4211 4.527 4.527
4274 4.527 4.687
4340 4.687 4.687
4447 4.687 4.687
4305 4.687 4.63
4299 4.63 4.63
4371 4.63 4.63
4420 4.63 4.736
4282 4.736 4.736
4229 4.736 4.736
4289 4.736 4.813
4357 4.813 4.813
4329 4.813 4.813
4291 4.813 4.891
4263 4.891 4.891
4246 4.891 4.891
4246 4.891 4.861
4259 4.861 4.861
4188 4.861 4.861
4188 4.861 4.997
4270 4.997 4.997
4296 4.997 4.997
4321 4.997 4.981
4360 4.981 4.981
4496 4.981 4.981
4534 4.981 4.993
4470 4.993 4.993
4285 4.993 4.993
4480 4.993 4.996
4655 4.996 4.996
4817 4.996 4.996
4203 4.996 5.035
4333 5.035 5.035
4513 5.035 5.035
4266 5.035 4.933
4334 4.933 4.933
4441 4.933 4.933
4188 4.933 4.862
4340 4.862 4.862
4209 4.862 4.862
4188 4.862 4.98
4216 4.98 4.98
4188 4.98 4.98
4269 4.98 5.057
4452 5.057 5.057
4235 5.057 5.057
4338 5.057 5.041
4312 5.041 5.041
4284 5.041 5.041
4208 5.041 4.895
4303 4.895 4.895
4326 4.895 4.895
4332 4.895 5.004
4256 5.004 5.004
4329 5.004 5.004
4387 5.004 4.925
4503 4.925 4.925
4503 4.925 4.925
4212 4.925 4.731
4241 4.731 4.731
4403 4.731 4.731
4188 4.731 4.986
4188 4.986 4.986
4357 4.986 4.986
4554 4.986 4.985
4504 4.985 4.985
4487 4.985 4.985
4632 4.985 4.818
4575 4.818 4.818
4361 4.818 4.818
4220 4.818 4.656
4237 4.656 4.656
4333 4.656 4.656
4230 4.656 4.744
4498 4.744 4.744
4471 4.744 4.744
4474 4.744 4.653
4458 4.653 4.653
4465 4.653 4.653
4331 4.653 4.408
4385 4.408 4.408
4237 4.408 4.408
4195 4.408 4.468
4264 4.468 4.468
4348 4.468 4.468
4192 4.468 4.587
4228 4.587 4.587
4422 4.587 4.587
4373 4.587 4.567
4305 4.567 4.567
4349 4.567 4.567
4482 4.567 4.529
4188 4.529 4.529
4247 4.529 4.529
4245 4.529 4.514
4368 4.514 4.514
4255 4.514 4.514
4384 4.514 4.679
4331 4.679 4.679
4476 4.679 4.679
4365 4.679 4.584
4412 4.584 4.584
4441 4.584 4.584
4316 4.584 4.596
4283 4.596 4.596
4334 4.596 4.596
4648 4.596 4.946
4517 4.946 4.946
4616 4.946 4.946
4616 4.946 4.802
4437 4.802 4.802
4369 4.802 4.802
4306 4.802 4.673
4310 4.673 4.673
4359 4.673 4.673
4188 4.673 4.896
4273 4.896 4.896
4435 4.896 4.896
4481 4.896 4.689
4536 4.689 4.689
4517 4.689 4.689
4349 4.689 4.531
4456 4.531 4.531
4542 4.531 4.531
4188 4.531 4.691
4245 4.691 4.691
4188 4.691 4.691
4265 4.691 4.7
4200 4.7 4.7
4427 4.7 4.7
4312 4.7 4.681
4237 4.681 4.681
4330 4.681 4.681
4206 4.681 4.823
4273 4.823 4.823
4268 4.823 4.823
4453 4.823 4.943
4422 4.943 4.943
4518 4.943 4.943
4407 4.943 4.978
4418 4.978 4.978
4349 4.978 4.978
4188 4.978 4.894
4188 4.894 4.894
4188 4.894 4.894
4317 4.894 4.908
4376 4.908 4.908
4523 4.908 4.908
4398 4.908 4.92
4241 4.92 4.92
4429 4.92 4.92
4397 4.92 4.745
4272 4.745 4.745
4449 4.745 4.745
4227 4.745 4.722
4188 4.722 4.722
4276 4.722 4.722
4370 4.722 4.897
4398 4.897 4.897
4620 4.897 4.897
4406 4.897 4.801
4264 4.801 4.801
4324 4.801 4.801
4252 4.801 4.725
4188 4.725 4.725
4309 4.725 4.725
4188 4.725 4.79
4285 4.79 4.79
4384 4.79 4.79
4369 4.79 4.691
4398 4.691 4.691
4236 4.691 4.691
4204 4.691 4.629
4333 4.629 4.629
4452 4.629 4.629
4396 4.629 4.668
4345 4.668 4.668
4505 4.668 4.668
4434 4.668 4.568
4538 4.568 4.568
4271 4.568 4.568
4442 4.568 4.557
4272 4.557 4.557
4513 4.557 4.557
4410 4.557 4.692
4357 4.692 4.692
4249 4.692 4.692
4234 4.692 4.679
4438 4.679 4.679
4499 4.679 4.679
4414 4.679 4.621
4280 4.621 4.621
4335 4.621 4.621
4383 4.621 4.708
4464 4.708 4.708
4239 4.708 4.708
4244 4.708 4.76
4251 4.76 4.76
4403 4.76 4.76
4316 4.76 4.635
4323 4.635 4.635
4522 4.635 4.635
4341 4.635 4.592
4190 4.592 4.592
4351 4.592 4.592
4481 4.592 4.611
4556 4.611 4.611
4421 4.611 4.611
4476 4.611 4.524
4188 4.524 4.524
4329 4.524 4.524
4307 4.524 4.546
4320 4.546 4.546
4347 4.546 4.546
4461 4.546 4.67
4330 4.67 4.67
4568 4.67 4.67
4354 4.67 4.638
4369 4.638 4.638
4371 4.638 4.638
4279 4.638 4.529
4502 4.529 4.529
4317 4.529 4.529
4188 4.529 4.591
4276 4.591 4.591
4324 4.591 4.591
4189 4.591 4.579
4356 4.579 4.579
4496 4.579 4.579
4522 4.579 4.524
4417 4.524 4.524
4350 4.524 4.524
4279 4.524 4.457
4234 4.457 4.457
4323 4.457 4.457
4424 4.457 4.741
4474 4.741 4.741
4312 4.741 4.741
4297 4.741 4.628
4228 4.628 4.628
4188 4.628 4.628
4328 4.628 4.614
4343 4.614 4.614
4459 4.614 4.614
4334 4.614 4.575
4347 4.575 4.575
4366 4.575 4.575
4481 4.575 4.65
4550 4.65 4.65
4533 4.65 4.65
4460 4.65 4.472
4375 4.472 4.472
4188 4.472 4.472
4389 4.472 4.546
4362 4.546 4.546
4245 4.546 4.546
4254 4.546 4.584
4188 4.584 4.584
4316 4.584 4.584
4513 4.584 4.688
4188 4.688 4.688
4279 4.688 4.688
4291 4.688 4.797
4188 4.797 4.797
4372 4.797 4.797
4749 4.797 4.891
4369 4.891 4.891
4322 4.891 4.891
4316 4.891 4.717
4528 4.717 4.717
4398 4.717 4.717
4361 4.717 4.752
4245 4.752 4.752
4252 4.752 4.752
4213 4.752 4.759
4188 4.759 4.759
4273 4.759 4.759
4269 4.759 4.776
4577 4.776 4.776
4293 4.776 4.776
4188 4.776 4.876
4315 4.876 4.876
4307 4.876 4.876
4392 4.876 4.854
4577 4.854 4.854
4212 4.854 4.854
4192 4.854 4.765
4376 4.765 4.765
4491 4.765 4.765
4401 4.765 4.852
4520 4.852 4.852
4404 4.852 4.852
4472 4.852 4.657
4428 4.657 4.657
4333 4.657 4.657
4412 4.657 4.644
4382 4.644 4.644
4530 4.644 4.644
4475 4.644 4.657
4518 4.657 4.657
4444 4.657 4.657
4292 4.657 4.656
4188 4.656 4.656
4291 4.656 4.656
4379 4.656 4.702
4494 4.702 4.702
4575 4.702 4.702
4503 4.702 4.825
4621 4.825 4.825
4267 4.825 4.825
4222 4.825 4.734
4271 4.734 4.734
4491 4.734 4.734
4466 4.734 4.947
4570 4.947 4.947
4425 4.947 4.947
4403 4.947 4.733
4474 4.733 4.733
4320 4.733 4.733
4219 4.733 4.646
4382 4.646 4.646
4289 4.646 4.646
4370 4.646 4.851
4917 4.851 4.851
4269 4.851 4.851
4386 4.851 4.824
4512 4.824 4.824
4538 4.824 4.824
4471 4.824 4.602
4361 4.602 4.602
4525 4.602 4.602
4188 4.602 4.632
4351 4.632 4.632
4370 4.632 4.632
4335 4.632 4.866
4251 4.866 4.866
4188 4.866 4.866
4333 4.866 5.059
4226 5.059 5.059
4308 5.059 5.059
4325 5.059 4.796
4264 4.796 4.796
4233 4.796 4.796
4293 4.796 4.754
4282 4.754 4.754
4276 4.754 4.754
4438 4.754 5.099
4336 5.099 5.099
4387 5.099 5.099
4377 5.099 5.035
4457 5.035 5.035
4760 5.035 5.035
4333 5.035 4.76
4443 4.76 4.76
4324 4.76 4.76
4285 4.76 4.745
4192 4.745 4.745
4232 4.745 4.745
4241 4.745 4.815
4654 4.815 4.815
4422 4.815 4.815
4299 4.815 4.887
4268 4.887 4.887
4188 4.887 4.887
4198 4.887 4.793
4291 4.793 4.793
4562 4.793 4.793
4508 4.793 4.795
4304 4.795 4.795
4217 4.795 4.795
4188 4.795 4.795
4377 4.795 4.795
4500 4.795 4.795
4188 4.795 4.866
4314 4.866 4.866
4226 4.866 4.866
4262 4.866 4.732
4665 4.732 4.732
4290 4.732 4.732
4276 4.732 4.646
4292 4.646 4.646
4352 4.646 4.646
4352 4.646 4.672
4273 4.672 4.672
4305 4.672 4.672
4222 4.672 4.661
4430 4.661 4.661
4303 4.661 4.661
4368 4.661 4.663
4573 4.663 4.663
4323 4.663 4.663
4406 4.663 4.685
4381 4.685 4.685
4413 4.685 4.685
4512 4.685 4.705
4289 4.705 4.705
4383 4.705 4.705
4472 4.705 4.812
4543 4.812 4.812
4441 4.812 4.812
4369 4.812 4.677
4326 4.677 4.677
4513 4.677 4.677
4337 4.677 4.565
4332 4.565 4.565
4314 4.565 4.565
4188 4.565 4.72
4188 4.72 4.72
4297 4.72 4.72
4364 4.72 4.598
4408 4.598 4.598
4447 4.598 4.598
4188 4.598 4.508
4338 4.508 4.508
4525 4.508 4.508
4540 4.508 4.579
4644 4.579 4.579
4249 4.579 4.579
4301 4.579 4.441
4443 4.441 4.441
4188 4.441 4.441
4426 4.441 4.444
4192 4.444 4.444
4269 4.444 4.444
4224 4.444 4.497
4287 4.497 4.497
4474 4.497 4.497
4363 4.497 4.578
4219 4.578 4.578
4381 4.578 4.578
4342 4.578 4.458
4346 4.458 4.458
4435 4.458 4.458
4320 4.458 4.372
4402 4.372 4.372
4687 4.372 4.372
4504 4.372 4.606
4493 4.606 4.606
4356 4.606 4.606
4188 4.606 4.532
4322 4.532 4.532
4363 4.532 4.532
4465 4.532 4.424
4622 4.424 4.424
4334 4.424 4.424
4306 4.424 4.545
4188 4.545 4.545
4295 4.545 4.545
4460 4.545 4.6
4786 4.6 4.6
4586 4.6 4.6
4431 4.6 4.443
4515 4.443 4.443
4456 4.443 4.443
4555 4.443 4.318
4234 4.318 4.318
4456 4.318 4.318
4553 4.318 4.545
4288 4.545 4.545
4317 4.545 4.545
4257 4.545 4.617
4455 4.617 4.617
4450 4.617 4.617
4532 4.617 4.375
4359 4.375 4.375
4188 4.375 4.375
4188 4.375 4.386
4232 4.386 4.386
4330 4.386 4.386
4381 4.386 4.499
4285 4.499 4.499
4288 4.499 4.499
4610 4.499 4.518
4399 4.518 4.518
4188 4.518 4.518
4188 4.518 4.448
4523 4.448 4.448
4290 4.448 4.448
4442 4.448 4.793
4302 4.793 4.793
4373 4.793 4.793
4208 4.793 4.87
4267 4.87 4.87
4322 4.87 4.87
4533 4.87 4.747
4504 4.747 4.747
4383 4.747 4.747
4254 4.747 4.614
4270 4.614 4.614
4227 4.614 4.614
4188 4.614 4.77
4188 4.77 4.77
4241 4.77 4.77
4225 4.77 4.952
4361 4.952 4.952
4251 4.952 4.952
4346 4.952 4.807
4438 4.807 4.807
4350 4.807 4.807
4275 4.807 4.818
4266 4.818 4.818
4244 4.818 4.818
4188 4.818 4.824
4280 4.824 4.824
4246 4.824 4.824
4188 4.824 4.959
4477 4.959 4.959
4453 4.959 4.959
4476 4.959 5.143
4447 5.143 5.143
4309 5.143 5.143
4326 5.143 5.053
4526 5.053 5.053
4440 5.053 5.053
4281 5.053 4.856
4266 4.856 4.856
4489 4.856 4.856
4385 4.856 4.854
4287 4.854 4.854
4330 4.854 4.854
4309 4.854 4.819
4259 4.819 4.819
4329 4.819 4.819
4260 4.819 4.876
4235 4.876 4.876
4295 4.876 4.876
4276 4.876 4.948
4373 4.948 4.948
4480 4.948 4.948
4469 4.948 4.979
4346 4.979 4.979
4307 4.979 4.979
4389 4.979 4.913
4300 4.913 4.913
4355 4.913 4.913
4388 4.913 5.023
4462 5.023 5.023
4337 5.023 5.023
4448 5.023 5.054
4355 5.054 5.054
4218 5.054 5.054
4189 5.054 4.916
4248 4.916 4.916
4188 4.916 4.916
4405 4.916 5.039
4333 5.039 5.039
4411 5.039 5.039
4445 5.039 5.251
4284 5.251 5.251
4350 5.251 5.251
4267 5.251 5.165
4250 5.165 5.165
4188 5.165 5.165
4254 5.165 5.258
4261 5.258 5.258
4430 5.258 5.258
4501 5.258 5.166
4263 5.166 5.166
4188 5.166 5.166
4241 5.166 5.168
4188 5.168 5.168
4251 5.168 5.168
4251 5.168 5.144
4188 5.144 5.144
4188 5.144 5.144
4272 5.144 5.153
4526 5.153 5.153
4777 5.153 5.153
4526 5.153 5.163
4304 5.163 5.163
4281 5.163 5.163
4333 5.163 4.968
4276 4.968 4.968
4367 4.968 4.968
4384 4.968 4.959
4372 4.959 4.959
4206 4.959 4.959
4233 4.959 5.26
4249 5.26 5.26
4306 5.26 5.26
4302 5.26 5.313
4239 5.313 5.313
4341 5.313 5.313
4353 5.313 5.273
4350 5.273 5.273
4263 5.273 5.273
4263 5.273 5.172
4307 5.172 5.172
4409 5.172 5.172
4387 5.172 5.323
4415 5.323 5.323
4389 5.323 5.323
4302 5.323 5.299
4285 5.299 5.299
4357 5.299 5.299
4217 5.299 5.333
4325 5.333 5.333
4324 5.333 5.333
4288 5.333 5.2
4328 5.2 5.2
4188 5.2 5.2
4273 5.2 5.119
4350 5.119 5.119
4229 5.119 5.119
4194 5.119 5.124
4412 5.124 5.124
4188 5.124 5.124
4227 5.124 5.178
4280 5.178 5.178
4265 5.178 5.178
4442 5.178 5.101
4393 5.101 5.101
4188 5.101 5.101
4267 5.101 5.177
4251 5.177 5.177
4271 5.177 5.177
4240 5.177 5.089
4257 5.089 5.089
4529 5.089 5.089
4208 5.089 5.118
4188 5.118 5.118
4462 5.118 5.118
4412 5.118 4.907
4394 4.907 4.907
4468 4.907 4.907
4266 4.907 4.829
4293 4.829 4.829
4261 4.829 4.829
4259 4.829 4.955
4287 4.955 4.955
4416 4.955 4.955
4310 4.955 4.904
4344 4.904 4.904
4354 4.904 4.904
4492 4.904 5.055
4598 5.055 5.055
4553 5.055 5.055
4451 5.055 4.908
4409 4.908 4.908
4343 4.908 4.908
4498 4.908 4.788
4242 4.788 4.788
4396 4.788 4.788
4325 4.788 4.914
4488 4.914 4.914
4330 4.914 4.914
4219 4.914 4.877
4313 4.877 4.877
4504 4.877 4.877
4259 4.877 4.796
4236 4.796 4.796
4348 4.796 4.796
4407 4.796 4.797
4562 4.797 4.797
4569 4.797 4.797
4412 4.797 4.662
4254 4.662 4.662
4392 4.662 4.662
4188 4.662 4.506
4398 4.506 4.506
4192 4.506 4.506
4213 4.506 4.518
4228 4.518 4.518
4202 4.518 4.518
4509 4.518 4.706
4336 4.706 4.706
4494 4.706 4.706
4355 4.706 4.557
4236 4.557 4.557
4188 4.557 4.557
4188 4.557 4.604
4257 4.604 4.604
4305 4.604 4.604
4390 4.604 4.72
4537 4.72 4.72
4450 4.72 4.72
4444 4.72 4.737
4550 4.737 4.737
4670 4.737 4.737
4508 4.737 4.682
4476 4.682 4.682
4188 4.682 4.682
4272 4.682 4.713
4265 4.713 4.713
4190 4.713 4.713
4355 4.713 4.866
4236 4.866 4.866
4263 4.866 4.866
4454 4.866 4.963
4681 4.963 4.963
4471 4.963 4.963
4280 4.963 4.913
4287 4.913 4.913
4366 4.913 4.913
4394 4.913 4.756
4249 4.756 4.756
4399 4.756 4.756
4427 4.756 4.701
4248 4.701 4.701
4267 4.701 4.701
4188 4.701 4.821
4208 4.821 4.821
4456 4.821 4.821
4301 4.821 4.782
4188 4.782 4.782
4448 4.782 4.782
4188 4.782 4.786
4236 4.786 4.786
4248 4.786 4.786
4224 4.786 4.75
4355 4.75 4.75
4204 4.75 4.75
4309 4.75 4.875
4396 4.875 4.875
4372 4.875 4.875
4199 4.875 4.867
4188 4.867 4.867
4314 4.867 4.867
4188 4.867 4.771
4269 4.771 4.771
4485 4.771 4.771
4329 4.771 4.788
4327 4.788 4.788
4255 4.788 4.788
4406 4.788 4.908
4333 4.908 4.908
4449 4.908 4.908
4418 4.908 4.827
4465 4.827 4.827
4315 4.827 4.827
4188 4.827 4.868
4191 4.868 4.868
4272 4.868 4.868
4237 4.868 4.884
4188 4.884 4.884
4328 4.884 4.884
4422 4.884 4.851
4484 4.851 4.851
4390 4.851 4.851
4466 4.851 4.866
4386 4.866 4.866
4296 4.866 4.866
4226 4.866 4.917
4327 4.917 4.917
4274 4.917 4.917
4439 4.917 5.057
4451 5.057 5.057
4252 5.057 5.057
4269 5.057 5.032
4261 5.032 5.032
4188 5.032 5.032
4264 5.032 4.986
4317 4.986 4.986
4216 4.986 4.986
4369 4.986 5.163
4363 5.163 5.163
4240 5.163 5.163
4388 5.163 4.913
4275 4.913 4.913
4435 4.913 4.913
4330 4.913 4.903
4293 4.903 4.903
4423 4.903 4.903
4432 4.903 4.807
4512 4.807 4.807
4377 4.807 4.807
4474 4.807 4.783
4348 4.783 4.783
4382 4.783 4.783
4478 4.783 4.63
4464 4.63 4.63
4429 4.63 4.63
4291 4.63 4.544
4308 4.544 4.544
4385 4.544 4.544
4208 4.544 4.693
4272 4.693 4.693
4403 4.693 4.693
4188 4.693 4.932
4548 4.932 4.932
4358 4.932 4.932
4330 4.932 4.636
4423 4.636 4.636
4285 4.636 4.636
4211 4.636 4.666
4445 4.666 4.666
4246 4.666 4.666
4325 4.666 4.706
4294 4.706 4.706
4264 4.706 4.706
4188 4.706 4.803
4429 4.803 4.803
4448 4.803 4.803
4321 4.803 4.605
4323 4.605 4.605
4250 4.605 4.605
4297 4.605 4.688
4250 4.688 4.688
4188 4.688 4.688
4324 4.688 4.905
4266 4.905 4.905
4333 4.905 4.905
4411 4.905 5.019
4496 5.019 5.019
4517 5.019 5.019
4433 5.019 4.798
4508 4.798 4.798
4435 4.798 4.798
4333 4.798 4.647
4239 4.647 4.647
4411 4.647 4.647
4410 4.647 4.707
4462 4.707 4.707
4312 4.707 4.707
4340 4.707 4.744
4384 4.744 4.744
4691 4.744 4.744
4634 4.744 4.698
4359 4.698 4.698
4258 4.698 4.698
4243 4.698 4.534
4188 4.534 4.534
4188 4.534 4.534
4446 4.534 4.832
4216 4.832 4.832
4366 4.832 4.832
4312 4.832 4.9
4288 4.9 4.9
4482 4.9 4.9
4284 4.9 4.763
4377 4.763 4.763
4458 4.763 4.763
4394 4.763 4.913
4536 4.913 4.913
4602 4.913 4.913
4688 4.913 4.798
4396 4.798 4.798
4424 4.798 4.798
4324 4.798 4.618
4188 4.618 4.618
4354 4.618 4.618
4244 4.618 4.682
4206 4.682 4.682
4188 4.682 4.682
4326 4.682 4.759
4416 4.759 4.759
4321 4.759 4.759
4521 4.759 4.803
4285 4.803 4.803
4270 4.803 4.803
4188 4.803 4.775
4397 4.775 4.775
4397 4.775 4.775
4297 4.775 4.92
4536 4.92 4.92
4337 4.92 4.92
4377 4.92 5.124
4427 5.124 5.124
4188 5.124 5.124
4327 5.124 4.98
4244 4.98 4.98
4515 4.98 4.98
4360 4.98 5.179
4328 5.179 5.179
4327 5.179 5.179
4370 5.179 5.264
4363 5.264 5.264
4519 5.264 5.264
4429 5.264 5.202
4492 5.202 5.202
4339 5.202 5.202
4343 5.202 5.026
4375 5.026 5.026
4444 5.026 5.026
4286 5.026 5.211
4363 5.211 5.211
4499 5.211 5.211
4309 5.211 5.173
4281 5.173 5.173
4188 5.173 5.173
4243 5.173 5.08
4188 5.08 5.08
4280 5.08 5.08
4406 5.08 5.065
4259 5.065 5.065
4222 5.065 5.065
4300 5.065 5.344
4200 5.344 5.344
4494 5.344 5.344
4342 5.344 5.329
4270 5.329 5.329
4272 5.329 5.329
4262 5.329 5.422
4254 5.422 5.422
4315 5.422 5.422
4467 5.422 5.598
4221 5.598 5.598
4216 5.598 5.598
4246 5.598 5.548
4188 5.548 5.548
4218 5.548 5.548
4226 5.548 5.647
4312 5.647 5.647
4337 5.647 5.647
4298 5.647 5.727
4299 5.727 5.727
4188 5.727 5.727
4268 5.727 5.725
4343 5.725 5.725
4399 5.725 5.725
4267 5.725 5.919
4368 5.919 5.919
4217 5.919 5.919
4327 5.919 5.843
4233 5.843 5.843
4321 5.843 5.843
4271 5.843 5.871
4313 5.871 5.871
4249 5.871 5.871
4243 5.871 5.942
4312 5.942 5.942
4360 5.942 5.942
4290 5.942 5.812
4364 5.812 5.812
4337 5.812 5.812
4407 5.812 5.848
4345 5.848 5.848
4508 5.848 5.848
4482 5.848 5.868
4302 5.868 5.868
4285 5.868 5.868
4306 5.868 5.868
4402 5.868 5.67
4437 5.67 5.67
4343 5.67 5.67
4257 5.67 5.52
4412 5.52 5.52
4336 5.52 5.52
4415 5.52 5.677
4300 5.677 5.677
4331 5.677 5.677
4406 5.677 5.751
4518 5.751 5.751
4314 5.751 5.751
4338 5.751 5.622
4518 5.622 5.622
4473 5.622 5.622
4188 5.622 5.513
4283 5.513 5.513
4547 5.513 5.513
4343 5.513 5.495
4336 5.495 5.495
4299 5.495 5.495
4252 5.495 5.805
4389 5.805 5.805
4431 5.805 5.805
4306 5.805 5.993
4315 5.993 5.993
4253 5.993 5.993
4256 5.993 5.993
4280 5.993 5.767
4189 5.767 5.767
4188 5.767 5.767
4319 5.767 5.978
4273 5.978 5.978
4219 5.978 5.978
4240 5.978 5.873
4362 5.873 5.873
4359 5.873 5.873
4188 5.873 6.007
4209 6.007 6.007
4271 6.007 6.007
4224 6.007 5.975
4441 5.975 5.975
4473 5.975 5.975
4504 5.975 5.852
4466 5.852 5.852
4507 5.852 5.852
4363 5.852 5.852
4352 5.852 5.7
4193 5.7 5.7
4377 5.7 5.7
4299 5.7 5.74
4189 5.74 5.74
4265 5.74 5.74
4512 5.74 5.891
4380 5.891 5.891
4369 5.891 5.891
4408 5.891 5.891
4495 5.891 5.841
4334 5.841 5.841
4334 5.841 5.841
4264 5.841 5.666
4337 5.666 5.666
4323 5.666 5.666
4255 5.666 5.715
4320 5.715 5.715
4346 5.715 5.715
4347 5.715 5.738
4551 5.738 5.738
4365 5.738 5.738
4450 5.738 5.559
4335 5.559 5.559
4303 5.559 5.559
4390 5.559 5.621
4552 5.621 5.621
4653 5.621 5.621
4322 5.621 5.755
4218 5.755 5.755
4269 5.755 5.755
4361 5.755 5.802
4237 5.802 5.802
4286 5.802 5.802
4417 5.802 5.906
4479 5.906 5.906
4435 5.906 5.906
4500 5.906 5.838
4416 5.838 5.838
4202 5.838 5.838
4212 5.838 5.68
4295 5.68 5.68
4229 5.68 5.68
4190 5.68 5.743
4334 5.743 5.743
4280 5.743 5.743
4325 5.743 5.758
4416 5.758 5.758
4192 5.758 5.758
4232 5.758 5.741
4386 5.741 5.741
4276 5.741 5.741
4239 5.741 5.713
4208 5.713 5.713
4264 5.713 5.713
4188 5.713 5.896
4257 5.896 5.896
4324 5.896 5.896
4338 5.896 5.932
4438 5.932 5.932
4387 5.932 5.932
4222 5.932 5.789
4327 5.789 5.789
4285 5.789 5.789
4237 5.789 5.852
4189 5.852 5.852
4388 5.852 5.852
4363 5.852 6.027
4188 6.027 6.027
4325 6.027 6.027
4339 6.027 6.027
4385 6.027 6.033
4420 6.033 6.033
4298 6.033 6.033
4472 6.033 6.033
4203 6.033 5.998
4247 5.998 5.998
4397 5.998 5.998
4321 5.998 6.257
4309 6.257 6.257
4265 6.257 6.257
4208 6.257 6.257
4204 6.257 6.315
4204 6.315 6.315
4188 6.315 6.315
4370 6.315 6.315
4338 6.315 6.207
4255 6.207 6.207
4254 6.207 6.207
4265 6.207 6.207
4489 6.207 6.331
4517 6.331 6.331
4341 6.331 6.331
4188 6.331 6.331
4245 6.331 6.218
4454 6.218 6.218
4461 6.218 6.218
4557 6.218 6.218
4432 6.218 6.1
4188 6.1 6.1
4188 6.1 6.1
4233 6.1 6.1
4188 6.1 6.252
4316 6.252 6.252
4315 6.252 6.252
4361 6.252 6.349
4351 6.349 6.349
4301 6.349 6.349
4287 6.349 6.349
4341 6.349 6.389
4308 6.389 6.389
4414 6.389 6.389
4294 6.389 6.389
4402 6.389 6.403
4220 6.403 6.403
4255 6.403 6.403
4384 6.403 6.403
4622 6.403 6.395
4438 6.395 6.395
4347 6.395 6.395
4360 6.395 6.395
4469 6.395 6.298
4454 6.298 6.298
4452 6.298 6.298
4519 6.298 6.298
4356 6.298 6.122
4245 6.122 6.122
4316 6.122 6.122
4559 6.122 6.122
4574 6.122 6.192
4340 6.192 6.192
4415 6.192 6.192
4363 6.192 6.192
4284 6.192 6.193
4436 6.193 6.193
4389 6.193 6.193
4237 6.193 6.193
4230 6.193 6.115
4483 6.115 6.115
4554 6.115 6.115
4352 6.115 6.115
4346 6.115 6.208
4196 6.208 6.208
4188 6.208 6.208
4205 6.208 6.208
4353 6.208 6.178
4366 6.178 6.178
4395 6.178 6.178
4295 6.178 6.178
4301 6.178 6.301
4208 6.301 6.301
4255 6.301 6.301
4427 6.301 6.301
4401 6.301 6.25
4272 6.25 6.25
4266 6.25 6.25
4368 6.25 6.25
4371 6.25 6.191
4347 6.191 6.191
4256 6.191 6.191
4267 6.191 6.191
4296 6.191 6.171
4361 6.171 6.171
4517 6.171 6.171
4322 6.171 6.171
4417 6.171 6.07
4249 6.07 6.07
4248 6.07 6.07
4375 6.07 6.07
4370 6.07 6.125
4279 6.125 6.125
4365 6.125 6.125
4287 6.125 6.077
4201 6.077 6.077
4189 6.077 6.077
4385 6.077 6.252
4263 6.252 6.252
4236 6.252 6.252
4188 6.252 6.252
4332 6.252 6.382
4367 6.382 6.382
4300 6.382 6.382
4376 6.382 6.382
4374 6.382 6.294
4319 6.294 6.294
4188 6.294 6.294
4288 6.294 6.294
4208 6.294 6.195
4271 6.195 6.195
4408 6.195 6.195
4409 6.195 6.195
4188 6.195 6.329
4188 6.329 6.329
4188 6.329 6.329
4318 6.329 6.381
4419 6.381 6.381
4188 6.381 6.381
4218 6.381 6.381
4331 6.381 6.345
4585 6.345 6.345
4340 6.345 6.345
4211 6.345 6.345
4236 6.345 6.221
4415 6.221 6.221
4522 6.221 6.221
4686 6.221 6.221
4503 6.221 6.172
4600 6.172 6.172
4441 6.172 6.172
4470 6.172 6.172
4714 6.172 6.065
4561 6.065 6.065
4336 6.065 6.065
4337 6.065 6.065
4244 6.065 6.148
4279 6.148 6.148
4270 6.148 6.148
4332 6.148 6.276
4188 6.276 6.276
4268 6.276 6.276
4364 6.276 6.276
4203 6.276 6.35
