5667 100.0 100.0
7320 100.0 100.0
8973 100.0 100.0
10626 100.0 100.0
12279 100.0 100.0
13932 100.0 100.0
15585 100.0 100.0
17238 100.0 100.0
18891 100.0 100.0
20544 100.0 100.0
22197 100.0 100.0
23850 100.0 100.0
25503 100.0 100.0
27156 100.0 100.0
28809 100.0 100.0
30462 100.0 100.0
32115 100.0 100.0
33768 100.0 100.0
35421 100.0 100.0
37074 100.0 100.0
38727 100.0 100.0
40380 100.0 100.0
42033 100.0 100.0
43686 100.0 100.0
45339 100.0 100.0
46992 100.0 100.0
48645 100.0 100.0
50298 100.0 100.0
51951 100.0 100.0
53604 100.0 100.0
55257 100.0 100.0
56910 100.0 100.0
58563 100.0 100.0
60216 100.0 100.0
61869 100.0 100.0
63522 100.0 100.0
65175 100.0 100.0
66828 100.0 100.0
68481 100.0 100.0
70134 100.0 100.0
71787 100.0 100.0
73440 100.0 100.0
75093 100.0 100.0
76746 100.0 100.0
78399 100.0 100.0
80052 100.0 100.0
81705 100.0 100.0
83358 100.0 100.0
85011 100.0 100.0
86664 100.0 100.0
88317 100.0 100.0
89970 100.0 100.0
90480 100.0 19.687
16356 19.687 19.687
17400 19.687 19.687
18618 19.687 19.687
18984 19.687 19.687
20271 19.687 19.687
20660 19.687 19.687
20880 19.687 19.687
20880 19.687 19.687
20880 19.687 19.687
19053 19.687 19.687
18792 19.687 9.701
6960 9.701 9.701
7134 9.701 9.701
7424 9.701 9.701
8024 9.701 9.701
8613 9.701 5.794
8411 5.794 5.794
5046 5.794 5.794
4959 5.794 4.541
4431 4.541 4.541
4463 4.541 5.014
4585 5.014 5.014
4188 5.014 5.014
4276 5.014 5.261
4514 5.261 5.261
4469 5.261 5.261
4552 5.261 4.822
4540 4.822 4.822
4316 4.822 4.822
4269 4.822 4.582
4268 4.582 4.582
4243 4.582 4.582
4188 4.582 4.83
4236 4.83 4.83
4305 4.83 4.83
4394 4.83 4.892
4345 4.892 4.892
4458 4.892 4.892
4551 4.892 4.672
4386 4.672 4.672
4332 4.672 4.672
4275 4.672 4.532
4225 4.532 4.532
4308 4.532 4.532
4243 4.532 4.641
4334 4.641 4.641
4255 4.641 4.641
4235 4.641 4.683
4323 4.683 4.683
4223 4.683 4.683
4188 4.683 4.709
4301 4.709 4.709
4298 4.709 4.709
4339 4.709 4.631
4188 4.631 4.631
4265 4.631 4.631
4188 4.631 4.92
4248 4.92 4.92
4475 4.92 4.92
4284 4.92 5.038
4391 5.038 5.038
4360 5.038 5.038
4196 5.038 4.966
4299 4.966 4.966
4449 4.966 4.966
4457 4.966 5.063
4475 5.063 5.063
4426 5.063 5.063
4201 5.063 5.088
4188 5.088 5.088
4431 5.088 5.088
4237 5.088 5.017
4350 5.017 5.017
4407 5.017 5.017
4188 5.017 5.014
4229 5.014 5.014
4247 5.014 5.014
4227 5.014 5.142
4188 5.142 5.142
4223 5.142 5.142
4188 5.142 5.151
4314 5.151 5.151
4327 5.151 5.151
4474 5.151 5.04
4299 5.04 5.04
4360 5.04 5.04
4692 5.04 5.182
4545 5.182 5.182
4277 5.182 5.182
4303 5.182 5.0
4274 5.0 5.0
4393 5.0 5.0
4272 5.0 5.134
4204 5.134 5.134
4426 5.134 5.134
4466 5.134 5.186
4256 5.186 5.186
4220 5.186 5.186
4320 5.186 5.196
4499 5.196 5.196
4271 5.196 5.196
4224 5.196 5.186
4188 5.186 5.186
4349 5.186 5.186
4289 5.186 5.185
4364 5.185 5.185
4249 5.185 5.185
4308 5.185 5.108
4542 5.108 5.108
4438 5.108 5.108
4705 5.108 5.046
4407 5.046 5.046
4419 5.046 5.046
4188 5.046 4.836
4224 4.836 4.836
4368 4.836 4.836
4521 4.836 5.006
4588 5.006 5.006
4256 5.006 5.006
4291 5.006 5.038
4435 5.038 5.038
4337 5.038 5.038
4313 5.038 4.909
4275 4.909 4.909
4248 4.909 4.909
4428 4.909 4.938
4341 4.938 4.938
4317 4.938 4.938
4458 4.938 5.136
4400 5.136 5.136
4199 5.136 5.136
4329 5.136 5.028
4367 5.028 5.028
4464 5.028 5.028
4296 5.028 4.8
4240 4.8 4.8
4188 4.8 4.8
4256 4.8 4.815
4416 4.815 4.815
4594 4.815 4.815
4539 4.815 4.789
4304 4.789 4.789
4497 4.789 4.789
4256 4.789 4.684
4188 4.684 4.684
4345 4.684 4.684
4307 4.684 4.548
4364 4.548 4.548
4361 4.548 4.548
4293 4.548 4.671
4188 4.671 4.671
4353 4.671 4.671
4188 4.671 4.689
4302 4.689 4.689
4509 4.689 4.689
4469 4.689 4.704
4483 4.704 4.704
4379 4.704 4.704
4221 4.704 4.573
4278 4.573 4.573
4302 4.573 4.573
4392 4.573 4.648
4280 4.648 4.648
4415 4.648 4.648
4270 4.648 4.738
4415 4.738 4.738
4443 4.738 4.738
4303 4.738 4.608
4412 4.608 4.608
4365 4.608 4.608
4188 4.608 4.611
4270 4.611 4.611
4474 4.611 4.611
4410 4.611 4.619
4441 4.619 4.619
4387 4.619 4.619
4280 4.619 4.54
4431 4.54 4.54
4279 4.54 4.54
4507 4.54 4.537
4371 4.537 4.537
4335 4.537 4.537
4377 4.537 4.508
4257 4.508 4.508
4268 4.508 4.508
4199 4.508 4.456
4226 4.456 4.456
4413 4.456 4.456
4327 4.456 4.349
4414 4.349 4.349
4481 4.349 4.349
4496 4.349 4.216
4200 4.216 4.216
4188 4.216 4.216
4188 4.216 4.305
4188 4.305 4.305
4232 4.305 4.305
4397 4.305 4.222
4289 4.222 4.222
4188 4.222 4.222
4222 4.222 4.241
4188 4.241 4.241
4310 4.241 4.241
4224 4.241 4.429
4255 4.429 4.429
4521 4.429 4.429
4467 4.429 4.227
4412 4.227 4.227
4410 4.227 4.227
4552 4.227 4.398
4536 4.398 4.398
4712 4.398 4.398
4412 4.398 4.264
4335 4.264 4.264
4292 4.264 4.264
4301 4.264 4.249
4410 4.249 4.249
4660 4.249 4.249
4609 4.249 4.077
4494 4.077 4.077
4296 4.077 4.077
4249 4.077 3.908
4258 3.908 3.908
4442 3.908 4.034
4224 4.034 4.034
4528 4.034 4.034
4415 4.034 4.072
4298 4.072 4.072
4497 4.072 4.072
4357 4.072 3.897
4219 3.897 3.897
4229 3.897 3.897
4242 3.897 3.981
4431 3.981 3.981
4395 3.981 4.066
4227 4.066 4.066
4334 4.066 4.066
4466 4.066 4.009
4447 4.009 4.009
4353 4.009 4.009
4290 4.009 3.95
4386 3.95 3.95
4320 3.95 3.917
4430 3.917 3.917
4320 3.917 3.993
4210 3.993 3.993
4188 3.993 4.087
4453 4.087 4.087
4352 4.087 4.057
4246 4.057 4.057
4271 4.057 4.057
4188 4.057 4.044
4217 4.044 4.044
4188 4.044 4.08
4234 4.08 4.08
4238 4.08 4.247
4315 4.247 4.247
4328 4.247 4.247
4507 4.247 4.214
4627 4.214 4.214
4526 4.214 4.214
4284 4.214 3.997
4308 3.997 3.997
4423 3.997 4.098
4287 4.098 4.098
4229 4.098 4.123
4318 4.123 4.123
4389 4.123 4.123
4276 4.123 4.078
4312 4.078 4.078
4314 4.078 4.078
4427 4.078 3.966
4430 3.966 3.966
4188 3.966 4.011
4233 4.011 4.011
4323 4.011 4.191
4212 4.191 4.191
4334 4.191 4.366
4188 4.366 4.366
4388 4.366 4.366
4479 4.366 4.145
4484 4.145 4.145
4540 4.145 4.145
4545 4.145 4.144
4360 4.144 4.144
4243 4.144 4.144
4246 4.144 4.099
4458 4.099 4.099
4550 4.099 4.034
4475 4.034 4.034
4329 4.034 4.034
4445 4.034 3.887
4331 3.887 3.887
4320 3.887 3.791
4365 3.791 3.791
4346 3.791 3.809
4438 3.809 3.809
4304 3.809 3.862
4235 3.862 3.862
4455 3.862 3.821
4404 3.821 3.821
4412 3.821 3.821
4253 3.821 3.794
4474 3.794 3.794
4429 3.794 3.895
4310 3.895 3.895
4231 3.895 3.857
4245 3.857 3.857
4537 3.857 3.874
4439 3.874 3.874
4315 3.874 3.874
4256 3.874 3.954
4292 3.954 3.954
4188 3.954 4.192
4302 4.192 4.192
4307 4.192 4.124
4222 4.124 4.124
4373 4.124 4.124
4587 4.124 4.22
4432 4.22 4.22
4504 4.22 4.22
4505 4.22 3.995
4430 3.995 3.995
4620 3.995 3.995
4417 3.995 3.892
4256 3.892 3.892
4233 3.892 3.944
4312 3.944 3.944
4223 3.944 3.956
4673 3.956 3.956
4574 3.956 3.974
4371 3.974 3.974
4311 3.974 3.974
4240 3.974 3.998
4188 3.998 3.998
4346 3.998 4.006
4372 4.006 4.006
4631 4.006 4.006
4511 4.006 3.987
4352 3.987 3.987
4268 3.987 3.987
4241 3.987 4.087
4541 4.087 4.087
4449 4.087 3.986
4205 3.986 3.986
4195 3.986 3.986
4319 3.986 3.99
4188 3.99 3.99
4188 3.99 4.074
4254 4.074 4.074
4188 4.074 4.165
4233 4.165 4.165
4339 4.165 4.209
4201 4.209 4.209
4578 4.209 4.209
4334 4.209 4.125
4255 4.125 4.125
4188 4.125 4.125
4234 4.125 4.112
4260 4.112 4.112
4274 4.112 4.112
4375 4.112 4.342
4235 4.342 4.342
4268 4.342 4.342
4348 4.342 4.29
4430 4.29 4.29
4319 4.29 4.29
4188 4.29 4.712
4226 4.712 4.712
4188 4.712 4.712
4366 4.712 4.807
4343 4.807 4.807
4237 4.807 4.807
4231 4.807 4.752
4253 4.752 4.752
4278 4.752 4.752
4226 4.752 4.735
4274 4.735 4.735
4404 4.735 4.735
4284 4.735 4.829
4294 4.829 4.829
4205 4.829 4.829
4338 4.829 4.758
4399 4.758 4.758
4432 4.758 4.758
4451 4.758 4.598
4521 4.598 4.598
4461 4.598 4.598
4430 4.598 4.547
4368 4.547 4.547
4188 4.547 4.547
4217 4.547 4.626
4420 4.626 4.626
4373 4.626 4.626
4463 4.626 4.494
4275 4.494 4.494
4312 4.494 4.494
4329 4.494 4.467
4335 4.467 4.467
4356 4.467 4.467
4433 4.467 4.462
4297 4.462 4.462
4438 4.462 4.462
4424 4.462 4.239
4462 4.239 4.239
4346 4.239 4.239
4483 4.239 4.271
4359 4.271 4.271
4301 4.271 4.271
4409 4.271 4.253
4188 4.253 4.253
4357 4.253 4.253
4188 4.253 4.221
4256 4.221 4.221
4389 4.221 4.221
4302 4.221 4.16
4270 4.16 4.16
4188 4.16 4.16
4198 4.16 4.204
4400 4.204 4.204
4439 4.204 4.204
4446 4.204 4.231
4203 4.231 4.231
4337 4.231 4.231
4201 4.231 4.128
4328 4.128 4.128
4262 4.128 4.128
4321 4.128 4.216
4376 4.216 4.216
4673 4.216 4.216
4519 4.216 4.162
4389 4.162 4.162
4381 4.162 4.162
4458 4.162 3.965
4188 3.965 3.965
4188 3.965 3.965
4278 3.965 4.176
4446 4.176 4.176
4481 4.176 4.205
4533 4.205 4.205
4444 4.205 4.205
4459 4.205 4.018
4188 4.018 4.018
4445 4.018 4.018
4385 4.018 4.054
4188 4.054 4.054
4332 4.054 4.213
4271 4.213 4.213
4235 4.213 4.213
4319 4.213 4.245
4414 4.245 4.245
4488 4.245 4.245
4348 4.245 4.102
4388 4.102 4.102
4428 4.102 4.102
4647 4.102 3.989
4666 3.989 3.989
4370 3.989 3.989
4270 3.989 3.985
4455 3.985 3.985
4306 3.985 3.959
4300 3.959 3.959
4197 3.959 3.972
4298 3.972 3.972
4237 3.972 4.003
4188 4.003 4.003
4203 4.003 4.09
4322 4.09 4.09
4244 4.09 4.027
4369 4.027 4.027
4329 4.027 3.969
4300 3.969 3.969
4567 3.969 4.083
4524 4.083 4.083
4329 4.083 4.083
4221 4.083 3.98
4248 3.98 3.98
4188 3.98 3.996
4222 3.996 3.996
4188 3.996 4.229
4188 4.229 4.229
4188 4.229 4.229
4650 4.229 4.244
4644 4.244 4.244
4697 4.244 4.244
4557 4.244 3.821
4237 3.821 3.821
4358 3.821 3.996
4222 3.996 3.996
4188 3.996 4.381
4188 4.381 4.381
4345 4.381 4.381
4443 4.381 4.333
4473 4.333 4.333
4347 4.333 4.333
4188 4.333 4.129
4188 4.129 4.129
4188 4.129 4.295
4270 4.295 4.295
4248 4.295 4.453
4231 4.453 4.453
4345 4.453 4.453
4275 4.453 4.454
4280 4.454 4.454
4364 4.454 4.454
4192 4.454 4.414
4188 4.414 4.414
4427 4.414 4.414
4188 4.414 4.645
4240 4.645 4.645
4254 4.645 4.645
4291 4.645 4.564
4387 4.564 4.564
4410 4.564 4.564
4423 4.564 4.561
4288 4.561 4.561
4266 4.561 4.561
4215 4.561 4.634
4482 4.634 4.634
4427 4.634 4.634
4375 4.634 4.687
4486 4.687 4.687
4241 4.687 4.687
4208 4.687 4.554
4303 4.554 4.554
4272 4.554 4.554
4398 4.554 4.676
4309 4.676 4.676
4362 4.676 4.676
4188 4.676 4.897
4261 4.897 4.897
4258 4.897 4.897
4317 4.897 4.815
4258 4.815 4.815
4413 4.815 4.815
4408 4.815 4.616
4486 4.616 4.616
4547 4.616 4.616
4335 4.616 4.45
4346 4.45 4.45
4324 4.45 4.45
4384 4.45 4.463
4411 4.463 4.463
4348 4.463 4.463
4436 4.463 4.362
4333 4.362 4.362
4426 4.362 4.362
4329 4.362 4.15
4365 4.15 4.15
4297 4.15 4.15
4349 4.15 4.091
4293 4.091 4.091
4366 4.091 4.091
4242 4.091 4.087
4429 4.087 4.087
4469 4.087 4.05
4273 4.05 4.05
4188 4.05 4.05
4324 4.05 4.27
4331 4.27 4.27
4188 4.27 4.27
4321 4.27 4.196
4420 4.196 4.196
4317 4.196 4.196
4249 4.196 4.152
4256 4.152 4.152
4267 4.152 4.152
4425 4.152 4.14
4360 4.14 4.14
4330 4.14 4.14
4258 4.14 4.182
4283 4.182 4.182
4401 4.182 4.238
4432 4.238 4.238
4275 4.238 4.238
4417 4.238 4.34
4188 4.34 4.34
4258 4.34 4.34
4424 4.34 4.339
4524 4.339 4.339
4388 4.339 4.339
4384 4.339 4.259
4306 4.259 4.259
4548 4.259 4.259
4493 4.259 4.153
4491 4.153 4.153
4473 4.153 4.153
4588 4.153 4.133
4625 4.133 4.133
4394 4.133 4.133
4303 4.133 4.055
4302 4.055 4.055
4351 4.055 4.055
4199 4.055 4.086
4188 4.086 4.086
4326 4.086 4.352
4360 4.352 4.352
4562 4.352 4.352
4473 4.352 4.091
4384 4.091 4.091
4301 4.091 4.091
4208 4.091 4.051
4188 4.051 4.051
4366 4.051 4.298
4312 4.298 4.298
4381 4.298 4.298
4239 4.298 4.421
4233 4.421 4.421
4363 4.421 4.421
4218 4.421 4.368
4295 4.368 4.368
4188 4.368 4.368
4188 4.368 4.403
4213 4.403 4.403
4302 4.403 4.403
4267 4.403 4.577
4321 4.577 4.577
4444 4.577 4.577
4366 4.577 4.359
4345 4.359 4.359
4469 4.359 4.359
4209 4.359 4.127
4225 4.127 4.127
4225 4.127 4.201
4378 4.201 4.201
4315 4.201 4.506
4317 4.506 4.506
4285 4.506 4.506
4264 4.506 4.553
4345 4.553 4.553
4461 4.553 4.553
4518 4.553 4.444
4345 4.444 4.444
4276 4.444 4.444
4318 4.444 4.513
4188 4.513 4.513
4299 4.513 4.513
4211 4.513 4.625
4247 4.625 4.625
4227 4.625 4.625
4326 4.625 4.562
4291 4.562 4.562
4188 4.562 4.562
4188 4.562 4.533
4414 4.533 4.533
4542 4.533 4.533
4672 4.533 4.565
4599 4.565 4.565
4386 4.565 4.565
4216 4.565 4.48
4339 4.48 4.48
4353 4.48 4.48
4273 4.48 4.611
4415 4.611 4.611
4219 4.611 4.611
4367 4.611 4.776
4188 4.776 4.776
4319 4.776 4.776
4188 4.776 4.782
4298 4.782 4.782
4552 4.782 4.782
4188 4.782 4.882
4260 4.882 4.882
4271 4.882 4.882
4484 4.882 4.814
4499 4.814 4.814
4488 4.814 4.814
4188 4.814 4.758
4272 4.758 4.758
4188 4.758 4.758
4395 4.758 4.965
4318 4.965 4.965
4209 4.965 4.965
4204 4.965 5.13
4242 5.13 5.13
4379 5.13 5.13
4413 5.13 5.088
4489 5.088 5.088
4402 5.088 5.088
4259 5.088 4.907
4330 4.907 4.907
4556 4.907 4.907
4259 4.907 4.841
4328 4.841 4.841
4500 4.841 4.841
4352 4.841 4.873
4188 4.873 4.873
4188 4.873 4.873
4341 4.873 4.825
4451 4.825 4.825
4279 4.825 4.825
4386 4.825 4.739
4188 4.739 4.739
4249 4.739 4.739
4329 4.739 4.995
4473 4.995 4.995
4288 4.995 4.995
4272 4.995 5.098
4433 5.098 5.098
4275 5.098 5.098
4188 5.098 5.018
4377 5.018 5.018
4303 5.018 5.018
4393 5.018 4.848
4413 4.848 4.848
4277 4.848 4.848
4557 4.848 4.847
4489 4.847 4.847
4188 4.847 4.847
4188 4.847 4.891
4367 4.891 4.891
4570 4.891 4.891
4433 4.891 4.902
4510 4.902 4.902
4494 4.902 4.902
4188 4.902 4.834
4280 4.834 4.834
4393 4.834 4.834
4343 4.834 4.765
4419 4.765 4.765
4538 4.765 4.765
4188 4.765 4.906
4212 4.906 4.906
4345 4.906 4.906
4433 4.906 5.144
4440 5.144 5.144
4517 5.144 5.144
4388 5.144 4.907
4342 4.907 4.907
4211 4.907 4.907
4672 4.907 4.869
4188 4.869 4.869
4270 4.869 4.869
4249 4.869 4.993
4349 4.993 4.993
4490 4.993 4.993
4188 4.993 5.051
4236 5.051 5.051
4332 5.051 5.051
4259 5.051 5.02
4380 5.02 5.02
4316 5.02 5.02
4328 5.02 4.916
4325 4.916 4.916
4223 4.916 4.916
4227 4.916 4.989
4315 4.989 4.989
4349 4.989 4.989
4469 4.989 4.997
4486 4.997 4.997
4308 4.997 4.997
4412 4.997 4.708
4287 4.708 4.708
4497 4.708 4.708
4268 4.708 4.768
4188 4.768 4.768
4271 4.768 4.768
4252 4.768 4.83
4369 4.83 4.83
4360 4.83 4.83
4553 4.83 4.941
4458 4.941 4.941
4368 4.941 4.941
4266 4.941 4.726
4494 4.726 4.726
4440 4.726 4.726
4231 4.726 4.735
4367 4.735 4.735
4487 4.735 4.735
4727 4.735 4.891
4473 4.891 4.891
4252 4.891 4.891
4347 4.891 4.752
4278 4.752 4.752
4268 4.752 4.752
4188 4.752 4.899
4518 4.899 4.899
4359 4.899 4.899
4403 4.899 4.939
4427 4.939 4.939
4585 4.939 4.939
4428 4.939 4.755
4351 4.755 4.755
4267 4.755 4.755
4518 4.755 4.712
4486 4.712 4.712
4332 4.712 4.712
4188 4.712 4.892
4188 4.892 4.892
4391 4.892 4.892
4280 4.892 4.934
4234 4.934 4.934
4439 4.934 4.934
4491 4.934 4.958
4223 4.958 4.958
4376 4.958 4.958
4377 4.958 5.003
4245 5.003 5.003
4246 5.003 5.003
4320 5.003 4.976
4350 4.976 4.976
4389 4.976 4.976
4360 4.976 5.01
4376 5.01 5.01
4301 5.01 5.01
4367 5.01 5.13
4476 5.13 5.13
4188 5.13 5.13
4316 5.13 5.03
4592 5.03 5.03
4233 5.03 5.03
4299 5.03 5.088
4361 5.088 5.088
4233 5.088 5.088
4349 5.088 4.949
4459 4.949 4.949
4418 4.949 4.949
4309 4.949 4.888
4297 4.888 4.888
4462 4.888 4.888
4427 4.888 4.887
4192 4.887 4.887
4374 4.887 4.887
4442 4.887 4.864
4312 4.864 4.864
4188 4.864 4.864
4247 4.864 4.834
4231 4.834 4.834
4296 4.834 4.834
4243 4.834 4.789
4272 4.789 4.789
4188 4.789 4.789
4287 4.789 4.88
4346 4.88 4.88
4317 4.88 4.88
4200 4.88 4.981
4377 4.981 4.981
4383 4.981 4.981
4275 4.981 4.912
4494 4.912 4.912
4277 4.912 4.912
4254 4.912 4.947
4280 4.947 4.947
4275 4.947 4.947
4268 4.947 4.938
4240 4.938 4.938
4335 4.938 4.938
4399 4.938 4.94
4257 4.94 4.94
4188 4.94 4.94
4188 4.94 4.923
4555 4.923 4.923
4788 4.923 4.923
4546 4.923 4.89
4397 4.89 4.89
4285 4.89 4.89
4440 4.89 4.816
4305 4.816 4.816
4188 4.816 4.816
4427 4.816 5.05
4365 5.05 5.05
4292 5.05 5.05
4375 5.05 5.075
4591 5.075 5.075
4372 5.075 5.075
4307 5.075 4.807
4391 4.807 4.807
4363 4.807 4.807
4212 4.807 4.723
4238 4.723 4.723
4368 4.723 4.723
4391 4.723 4.984
4188 4.984 4.984
4259 4.984 4.984
4278 4.984 4.996
4317 4.996 4.996
4188 4.996 4.996
4270 4.996 4.837
4321 4.837 4.837
4358 4.837 4.837
4395 4.837 4.873
4255 4.873 4.873
4208 4.873 4.873
4361 4.873 4.82
4536 4.82 4.82
4511 4.82 4.82
4685 4.82 4.933
4538 4.933 4.933
4249 4.933 4.933
4304 4.933 4.755
4258 4.755 4.755
4399 4.755 4.755
4402 4.755 4.863
4479 4.863 4.863
4300 4.863 4.863
4324 4.863 4.847
4227 4.847 4.847
4322 4.847 4.847
4477 4.847 4.846
4722 4.846 4.846
4810 4.846 4.846
4490 4.846 4.707
4508 4.707 4.707
4373 4.707 4.707
4188 4.707 4.725
4228 4.725 4.725
4188 4.725 4.725
4188 4.725 4.955
4365 4.955 4.955
4594 4.955 4.955
4488 4.955 4.906
4279 4.906 4.906
4276 4.906 4.906
4188 4.906 4.863
4236 4.863 4.863
4215 4.863 4.863
4412 4.863 4.995
4362 4.995 4.995
4205 4.995 4.995
4336 4.995 5.138
4541 5.138 5.138
4832 5.138 5.138
4353 5.138 5.159
4343 5.159 5.159
4365 5.159 5.159
4328 5.159 4.859
4414 4.859 4.859
4321 4.859 4.859
4197 4.859 4.805
4188 4.805 4.805
4342 4.805 4.805
4518 4.805 4.975
4364 4.975 4.975
4393 4.975 4.975
4381 4.975 4.88
4556 4.88 4.88
4570 4.88 4.88
4610 4.88 4.585
4304 4.585 4.585
4188 4.585 4.585
4284 4.585 4.583
4245 4.583 4.583
4236 4.583 4.583
4371 4.583 4.847
4537 4.847 4.847
4421 4.847 4.847
4363 4.847 4.758
4189 4.758 4.758
4255 4.758 4.758
4326 4.758 4.711
4247 4.711 4.711
4188 4.711 4.711
4219 4.711 4.955
4266 4.955 4.955
4408 4.955 4.955
4626 4.955 4.882
4397 4.882 4.882
4553 4.882 4.882
4507 4.882 4.645
4414 4.645 4.645
4233 4.645 4.645
4364 4.645 4.499
4234 4.499 4.499
4338 4.499 4.499
4288 4.499 4.544
4321 4.544 4.544
4485 4.544 4.544
4393 4.544 4.453
4210 4.453 4.453
4358 4.453 4.453
4401 4.453 4.302
4188 4.302 4.302
4268 4.302 4.302
4390 4.302 4.308
4248 4.308 4.308
4359 4.308 4.308
4224 4.308 4.339
4295 4.339 4.339
4489 4.339 4.339
4274 4.339 4.286
4345 4.286 4.286
4245 4.286 4.286
4248 4.286 4.383
4437 4.383 4.383
4368 4.383 4.383
4279 4.383 4.342
4212 4.342 4.342
4238 4.342 4.342
4188 4.342 4.523
4188 4.523 4.523
4326 4.523 4.523
4481 4.523 4.497
4347 4.497 4.497
4283 4.497 4.497
4188 4.497 4.434
4260 4.434 4.434
4570 4.434 4.434
4397 4.434 4.333
4247 4.333 4.333
4408 4.333 4.333
4561 4.333 4.196
4449 4.196 4.196
4475 4.196 4.196
4650 4.196 4.112
4274 4.112 4.112
4380 4.112 4.112
4221 4.112 4.101
4239 4.101 4.101
4317 4.101 4.101
4502 4.101 4.137
4325 4.137 4.137
4677 4.137 4.137
4541 4.137 4.106
4622 4.106 4.106
4352 4.106 4.106
4396 4.106 4.128
4222 4.128 4.128
4239 4.128 4.128
4342 4.128 4.165
4188 4.165 4.165
4245 4.165 4.165
4391 4.165 4.318
4519 4.318 4.318
4423 4.318 4.318
4318 4.318 4.171
4549 4.171 4.171
4544 4.171 4.171
4498 4.171 4.082
4384 4.082 4.082
4365 4.082 4.082
4657 4.082 4.2
4546 4.2 4.2
4444 4.2 4.2
4363 4.2 4.086
4468 4.086 4.086
4358 4.086 4.086
4388 4.086 3.942
4305 3.942 3.942
4242 3.942 3.923
4188 3.923 3.923
4188 3.923 4.123
4266 4.123 4.123
4529 4.123 4.174
4328 4.174 4.174
4624 4.174 4.174
4309 4.174 4.109
4330 4.109 4.109
4257 4.109 4.109
4188 4.109 4.199
4200 4.199 4.199
4222 4.199 4.199
4248 4.199 4.42
4246 4.42 4.42
4408 4.42 4.42
4397 4.42 4.41
4304 4.41 4.41
4188 4.41 4.41
4208 4.41 4.538
4257 4.538 4.538
4243 4.538 4.538
4188 4.538 4.713
4368 4.713 4.713
4303 4.713 4.713
4309 4.713 4.656
4280 4.656 4.656
4195 4.656 4.656
4682 4.656 4.845
4702 4.845 4.845
4589 4.845 4.845
4269 4.845 4.696
4349 4.696 4.696
4188 4.696 4.696
4394 4.696 4.617
4362 4.617 4.617
4549 4.617 4.617
4382 4.617 4.672
4280 4.672 4.672
4687 4.672 4.672
4474 4.672 4.555
4426 4.555 4.555
4423 4.555 4.555
4349 4.555 4.312
4285 4.312 4.312
4308 4.312 4.312
4264 4.312 4.356
4188 4.356 4.356
4457 4.356 4.356
4283 4.356 4.41
4312 4.41 4.41
4433 4.41 4.41
4219 4.41 4.255
4227 4.255 4.255
4302 4.255 4.255
4311 4.255 4.27
4309 4.27 4.27
4366 4.27 4.27
4188 4.27 4.531
4292 4.531 4.531
4362 4.531 4.531
4317 4.531 4.603
4436 4.603 4.603
4214 4.603 4.603
4318 4.603 4.522
4218 4.522 4.522
4287 4.522 4.522
4383 4.522 4.631
4453 4.631 4.631
4439 4.631 4.631
4296 4.631 4.633
4246 4.633 4.633
4343 4.633 4.633
4290 4.633 4.641
4339 4.641 4.641
4318 4.641 4.641
4530 4.641 4.702
4188 4.702 4.702
4280 4.702 4.702
4298 4.702 4.681
4400 4.681 4.681
4430 4.681 4.681
4470 4.681 4.562
4359 4.562 4.562
4507 4.562 4.562
4188 4.562 4.474
4267 4.474 4.474
4330 4.474 4.474
4427 4.474 4.403
4415 4.403 4.403
4390 4.403 4.403
4324 4.403 4.203
4188 4.203 4.203
4188 4.203 4.203
4188 4.203 4.282
4218 4.282 4.282
4272 4.282 4.282
4278 4.282 4.285
4212 4.285 4.285
4258 4.285 4.285
4224 4.285 4.157
4313 4.157 4.157
4316 4.157 4.157
4373 4.157 4.356
4475 4.356 4.356
4331 4.356 4.356
4492 4.356 4.3
4229 4.3 4.3
4512 4.3 4.3
4486 4.3 4.008
4386 4.008 4.008
4403 4.008 4.008
4352 4.008 3.832
4306 3.832 3.832
4226 3.832 3.929
4210 3.929 3.929
4316 3.929 4.05
4498 4.05 4.05
4399 4.05 4.05
4509 4.05 3.856
4420 3.856 3.856
4507 3.856 3.856
4398 3.856 3.843
4188 3.843 3.843
4361 3.843 3.96
4220 3.96 3.96
4510 3.96 3.977
4249 3.977 3.977
4302 3.977 3.977
4444 3.977 4.045
4188 4.045 4.045
4188 4.045 4.087
4336 4.087 4.087
4291 4.087 4.116
4243 4.116 4.116
4400 4.116 4.116
4433 4.116 4.081
4191 4.081 4.081
4249 4.081 4.081
4188 4.081 4.285
4188 4.285 4.285
4188 4.285 4.498
4415 4.498 4.498
4297 4.498 4.498
4356 4.498 4.514
4477 4.514 4.514
4383 4.514 4.514
4482 4.514 4.405
4446 4.405 4.405
4188 4.405 4.405
4241 4.405 4.312
4188 4.312 4.312
4371 4.312 4.312
4232 4.312 4.351
4372 4.351 4.351
4361 4.351 4.351
4334 4.351 4.277
4559 4.277 4.277
4221 4.277 4.277
4559 4.277 4.404
4188 4.404 4.404
4424 4.404 4.404
4191 4.404 4.377
4281 4.377 4.377
4370 4.377 4.377
4322 4.377 4.273
4310 4.273 4.273
4319 4.273 4.273
4452 4.273 4.293
4195 4.293 4.293
4438 4.293 4.293
4188 4.293 4.318
4327 4.318 4.318
4527 4.318 4.318
4535 4.318 4.178
4296 4.178 4.178
4370 4.178 4.178
4387 4.178 4.13
4188 4.13 4.13
4427 4.13 4.13
4517 4.13 4.135
4592 4.135 4.135
4457 4.135 4.135
4448 4.135 4.008
4414 4.008 4.008
4352 4.008 4.008
4596 4.008 4.062
4313 4.062 4.062
4267 4.062 4.113
4188 4.113 4.113
4231 4.113 4.113
4498 4.113 4.257
4543 4.257 4.257
4326 4.257 4.257
4602 4.257 4.285
4199 4.285 4.285
4188 4.285 4.285
4405 4.285 4.427
4199 4.427 4.427
4262 4.427 4.427
4343 4.427 4.495
4348 4.495 4.495
4533 4.495 4.495
4481 4.495 4.401
4554 4.401 4.401
4627 4.401 4.401
4583 4.401 4.253
4305 4.253 4.253
4401 4.253 4.253
4407 4.253 4.163
4323 4.163 4.163
4229 4.163 4.163
4254 4.163 4.246
4387 4.246 4.246
4323 4.246 4.283
4318 4.283 4.283
4235 4.283 4.283
4282 4.283 4.378
4297 4.378 4.378
4346 4.378 4.378
4274 4.378 4.418
4274 4.418 4.418
4399 4.418 4.418
4214 4.418 4.38
4496 4.38 4.38
4504 4.38 4.38
4666 4.38 4.325
4381 4.325 4.325
4365 4.325 4.325
4429 4.325 4.114
4446 4.114 4.114
4448 4.114 4.114
4285 4.114 4.195
4261 4.195 4.195
4291 4.195 4.188
4397 4.188 4.188
4441 4.188 4.188
4216 4.188 4.089
4585 4.089 4.089
4193 4.089 4.017
4188 4.017 4.017
4336 4.017 4.078
4298 4.078 4.078
4239 4.078 4.078
4188 4.078 4.091
4277 4.091 4.091
4188 4.091 4.244
4481 4.244 4.244
4599 4.244 4.079
4372 4.079 4.079
4188 4.079 4.079
4313 4.079 3.896
4335 3.896 3.896
4316 3.896 4.0
4188 4.0 4.0
4188 4.0 4.173
4262 4.173 4.173
4219 4.173 4.173
4580 4.173 4.124
4268 4.124 4.124
4423 4.124 4.124
4321 4.124 4.031
4218 4.031 4.031
4188 4.031 4.031
4204 4.031 4.145
4263 4.145 4.145
4280 4.145 4.145
4195 4.145 4.111
4338 4.111 4.111
4409 4.111 4.111
4328 4.111 4.035
4188 4.035 4.035
4410 4.035 4.035
4690 4.035 4.238
4542 4.238 4.238
4428 4.238 4.238
4459 4.238 3.989
4253 3.989 3.989
4341 3.989 3.989
4263 3.989 3.957
4479 3.957 3.957
4188 3.957 4.059
4188 4.059 4.059
4404 4.059 4.201
4385 4.201 4.201
4394 4.201 4.201
4571 4.201 4.067
4395 4.067 4.067
4446 4.067 4.067
4515 4.067 3.954
4510 3.954 3.954
4486 3.954 3.954
4325 3.954 3.984
4275 3.984 3.984
4267 3.984 4.11
4380 4.11 4.11
4421 4.11 4.011
4540 4.011 4.011
4234 4.011 4.011
4395 4.011 3.986
4292 3.986 3.986
4339 3.986 4.065
4311 4.065 4.065
4364 4.065 4.065
4395 4.065 3.966
4286 3.966 3.966
4264 3.966 3.966
4278 3.966 3.991
4541 3.991 3.991
4455 3.991 4.033
4561 4.033 4.033
4454 4.033 4.033
4727 4.033 3.945
4518 3.945 3.945
4418 3.945 3.945
4338 3.945 3.871
4317 3.871 3.871
4341 3.871 4.066
4395 4.066 4.066
4572 4.066 4.189
4378 4.189 4.189
4565 4.189 4.189
4311 4.189 3.971
4470 3.971 3.971
4658 3.971 3.971
4490 3.971 3.836
4188 3.836 3.836
4639 3.836 4.0
4283 4.0 4.0
4344 4.0 4.027
4236 4.027 4.027
4335 4.027 4.124
4188 4.124 4.124
4467 4.124 4.124
4593 4.124 3.858
4410 3.858 3.858
4554 3.858 3.858
4398 3.858 3.863
4309 3.863 3.863
4514 3.863 3.983
4667 3.983 3.983
4663 3.983 3.983
4475 3.983 3.7
4410 3.7 3.7
4240 3.7 3.567
4222 3.567 3.567
4281 3.567 3.645
4188 3.645 3.645
4380 3.645 3.892
4324 3.892 3.892
4357 3.892 3.776
4533 3.776 3.776
4412 3.776 3.56
4400 3.56 3.56
4326 3.56 3.591
4222 3.591 3.591
4246 3.591 3.735
4476 3.735 3.735
4515 3.735 3.732
4261 3.732 3.732
4398 3.732 3.693
4285 3.693 3.693
4250 3.693 3.585
4301 3.585 3.585
4368 3.585 3.725
4188 3.725 3.725
4483 3.725 3.912
4455 3.912 3.912
4314 3.912 3.768
4309 3.768 3.768
4211 3.768 3.712
4188 3.712 3.712
4280 3.712 3.857
4253 3.857 3.857
4300 3.857 3.948
4437 3.948 3.948
4230 3.948 3.896
4284 3.896 3.896
4188 3.896 3.901
4358 3.901 3.901
4353 3.901 3.888
4188 3.888 3.888
4251 3.888 3.888
4188 3.888 4.081
4367 4.081 4.081
4378 4.081 4.096
4491 4.096 4.096
4406 4.096 4.096
4600 4.096 4.158
4428 4.158 4.158
4386 4.158 4.158
4188 4.158 4.149
4188 4.149 4.149
4262 4.149 4.111
4233 4.111 4.111
4227 4.111 4.111
4338 4.111 4.106
4258 4.106 4.106
4262 4.106 4.106
4330 4.106 4.044
4234 4.044 4.044
4449 4.044 4.142
4358 4.142 4.142
4427 4.142 4.142
4588 4.142 3.952
4421 3.952 3.952
4673 3.952 3.952
4381 3.952 3.727
4284 3.727 3.727
4634 3.727 3.958
4476 3.958 3.958
4345 3.958 3.957
4250 3.957 3.957
4438 3.957 3.827
4402 3.827 3.827
4188 3.827 3.87
4227 3.87 3.87
4414 3.87 3.885
4289 3.885 3.885
4401 3.885 3.997
4365 3.997 3.997
4504 3.997 3.89
4232 3.89 3.89
4265 3.89 3.89
4188 3.89 4.093
4340 4.093 4.093
4188 4.093 4.223
4489 4.223 4.223
4426 4.223 4.092
4276 4.092 4.092
4334 4.092 4.092
4505 4.092 4.075
4188 4.075 4.075
4380 4.075 4.075
4266 4.075 4.115
4292 4.115 4.115
4296 4.115 4.115
4352 4.115 3.977
4251 3.977 3.977
4363 3.977 3.977
4188 3.977 3.964
4244 3.964 3.964
4430 3.964 4.183
4295 4.183 4.183
4351 4.183 4.183
4454 4.183 4.095
4381 4.095 4.095
4256 4.095 4.095
4447 4.095 4.101
4288 4.101 4.101
4188 4.101 4.101
4395 4.101 4.182
4329 4.182 4.182
4534 4.182 4.182
4473 4.182 4.168
4384 4.168 4.168
4462 4.168 4.168
4285 4.168 3.989
4413 3.989 3.989
4188 3.989 3.989
4264 3.989 4.094
4271 4.094 4.094
4491 4.094 3.936
4737 3.936 3.936
4681 3.936 3.936
4476 3.936 3.786
4409 3.786 3.786
4585 3.786 3.853
4188 3.853 3.853
4264 3.853 3.954
4508 3.954 3.954
4593 3.954 4.039
4389 4.039 4.039
4252 4.039 4.039
4341 4.039 4.056
4268 4.056 4.056
4188 4.056 4.202
4188 4.202 4.202
4304 4.202 4.246
4220 4.246 4.246
4265 4.246 4.246
4225 4.246 4.32
4322 4.32 4.32
4307 4.32 4.32
4329 4.32 4.352
4435 4.352 4.352
4311 4.352 4.352
4334 4.352 4.371
4285 4.371 4.371
4311 4.371 4.371
4281 4.371 4.329
4414 4.329 4.329
4310 4.329 4.329
4328 4.329 4.207
4254 4.207 4.207
4489 4.207 4.207
4203 4.207 4.223
4368 4.223 4.223
4242 4.223 4.223
4465 4.223 4.221
4373 4.221 4.221
4675 4.221 4.221
4561 4.221 4.139
4370 4.139 4.139
4293 4.139 4.139
4468 4.139 4.147
4506 4.147 4.147
4344 4.147 4.147
4188 4.147 4.313
4350 4.313 4.313
4522 4.313 4.313
4530 4.313 4.07
4421 4.07 4.07
4351 4.07 4.07
4190 4.07 3.918
4293 3.918 3.918
4398 3.918 4.05
4281 4.05 4.05
4410 4.05 4.05
4229 4.05 4.043
4191 4.043 4.043
4414 4.043 4.043
4310 4.043 4.037
4188 4.037 4.037
4378 4.037 3.976
4352 3.976 3.976
4330 3.976 3.976
4188 3.976 4.111
4237 4.111 4.111
4394 4.111 4.108
4614 4.108 4.108
4516 4.108 4.108
4406 4.108 3.897
4512 3.897 3.897
4341 3.897 3.897
4190 3.897 3.798
4383 3.798 3.798
4541 3.798 4.006
4344 4.006 4.006
4407 4.006 4.006
4337 4.006 3.974
4188 3.974 3.974
4188 3.974 4.044
4238 4.044 4.044
4644 4.044 4.14
4502 4.14 4.14
4333 4.14 4.14
4262 4.14 4.002
4570 4.002 4.002
4220 4.002 3.891
4445 3.891 3.891
4410 3.891 3.93
4412 3.93 3.93
4375 3.93 3.922
4188 3.922 3.922
4265 3.922 3.939
4223 3.939 3.939
4279 3.939 3.866
4272 3.866 3.866
4235 3.866 3.891
4361 3.891 3.891
4188 3.891 3.89
4341 3.89 3.89
4303 3.89 3.933
4297 3.933 3.933
4407 3.933 3.856
4284 3.856 3.856
4285 3.856 3.761
4324 3.761 3.761
4342 3.761 3.806
4194 3.806 3.806
4313 3.806 4.012
4347 4.012 4.012
4235 4.012 4.135
4210 4.135 4.135
4219 4.135 4.224
4188 4.224 4.224
4342 4.224 4.224
4347 4.224 4.125
4258 4.125 4.125
4322 4.125 4.125
4450 4.125 4.109
4488 4.109 4.109
4358 4.109 4.109
4239 4.109 4.01
4328 4.01 4.01
4213 4.01 3.909
4299 3.909 3.909
4239 3.909 4.008
4188 4.008 4.008
4506 4.008 4.121
4188 4.121 4.121
4380 4.121 4.121
4296 4.121 4.08
4311 4.08 4.08
4325 4.08 4.08
4242 4.08 4.053
4321 4.053 4.053
4408 4.053 4.046
4309 4.046 4.046
4351 4.046 4.046
4458 4.046 3.947
4240 3.947 3.947
4255 3.947 3.947
4325 3.947 4.066
4362 4.066 4.066
4188 4.066 4.095
4301 4.095 4.095
4581 4.095 4.078
4495 4.078 4.078
4374 4.078 4.078
4221 4.078 3.934
4289 3.934 3.934
4245 3.934 3.973
4230 3.973 3.973
4290 3.973 4.01
4239 4.01 4.01
4402 4.01 4.01
4354 4.01 3.882
4404 3.882 3.882
4404 3.882 3.882
4272 3.882 3.851
4243 3.851 3.851
4314 3.851 3.936
4270 3.936 3.936
4438 3.936 3.966
4329 3.966 3.966
4486 3.966 3.966
4337 3.966 4.012
4436 4.012 4.012
4517 4.012 4.059
4292 4.059 4.059
4292 4.059 4.059
4364 4.059 4.015
4312 4.015 4.015
4411 4.015 4.015
4232 4.015 3.952
4455 3.952 3.952
4368 3.952 3.85
4298 3.85 3.85
4291 3.85 3.872
4188 3.872 3.872
4188 3.872 3.876
4501 3.876 3.876
4253 3.876 3.878
4323 3.878 3.878
4427 3.878 3.698
4443 3.698 3.698
4276 3.698 3.698
4517 3.698 3.878
4339 3.878 3.878
4342 3.878 3.958
4193 3.958 3.958
4296 3.958 4.15
4383 4.15 4.15
4563 4.15 4.15
4463 4.15 3.998
4274 3.998 3.998
4338 3.998 3.998
4470 3.998 4.013
4398 4.013 4.013
4284 4.013 4.013
4218 4.013 3.982
4283 3.982 3.982
4278 3.982 3.982
4192 3.982 3.988
4226 3.988 3.988
4355 3.988 4.087
4324 4.087 4.087
4486 4.087 4.056
4573 4.056 4.056
4394 4.056 4.056
4333 4.056 3.789
4369 3.789 3.789
4257 3.789 3.745
4267 3.745 3.745
4269 3.745 3.89
4486 3.89 3.89
4460 3.89 3.808
4457 3.808 3.808
4407 3.808 3.712
4314 3.712 3.712
4396 3.712 3.703
4423 3.703 3.703
4342 3.703 3.655
4262 3.655 3.655
4188 3.655 3.859
4473 3.859 3.859
4618 3.859 3.854
4492 3.854 3.854
4341 3.854 3.854
4454 3.854 3.665
4408 3.665 3.665
4512 3.665 3.545
4367 3.545 3.545
4371 3.545 3.742
4322 3.742 3.742
4474 3.742 3.793
4461 3.793 3.793
4535 3.793 3.793
4437 3.793 3.637
4296 3.637 3.637
4477 3.637 3.735
4495 3.735 3.735
4385 3.735 3.815
4268 3.815 3.815
4407 3.815 3.867
4465 3.867 3.867
4547 3.867 3.762
4408 3.762 3.762
4340 3.762 3.65
4404 3.65 3.65
4393 3.65 3.686
4216 3.686 3.686
4234 3.686 3.846
4317 3.846 3.846
4258 3.846 3.958
4391 3.958 3.958
4439 3.958 3.944
4314 3.944 3.944
4562 3.944 3.944
4436 3.944 3.833
4303 3.833 3.833
4212 3.833 4.0
4567 4.0 4.0
4666 4.0 3.827
4832 3.827 3.827
4666 3.827 3.827
4350 3.827 3.697
4272 3.697 3.697
4333 3.697 3.941
4222 3.941 3.941
4291 3.941 4.218
4478 4.218 4.218
4416 4.218 4.218
4263 4.218 4.093
4390 4.093 4.093
4390 4.093 4.093
4395 4.093 3.934
4412 3.934 3.934
4622 3.934 3.915
4797 3.915 3.915
4558 3.915 3.915
4332 3.915 3.752
4462 3.752 3.752
4188 3.752 3.688
4188 3.688 3.688
4347 3.688 3.923
4335 3.923 3.923
4378 3.923 3.916
4421 3.916 3.916
4539 3.916 3.916
4401 3.916 3.765
4415 3.765 3.765
4448 3.765 3.565
4215 3.565 3.565
4258 3.565 3.696
4540 3.696 3.696
4317 3.696 3.675
4206 3.675 3.675
4254 3.675 3.81
4431 3.81 3.81
4546 3.81 3.715
4562 3.715 3.715
4561 3.715 3.715
4318 3.715 3.646
4303 3.646 3.646
4188 3.646 3.809
4188 3.809 3.809
4369 3.809 4.02
4337 4.02 4.02
4486 4.02 4.02
4405 4.02 3.835
4329 3.835 3.835
4346 3.835 3.835
4497 3.835 3.787
4277 3.787 3.787
4297 3.787 3.763
4303 3.763 3.763
4411 3.763 3.715
4484 3.715 3.715
4399 3.715 3.465
4439 3.465 3.465
4256 3.465 3.477
4384 3.477 3.477
4591 3.477 3.333
4570 3.333 3.333
4579 3.333 3.274
4352 3.274 3.274
4548 3.274 3.345
4263 3.345 3.345
4469 3.345 3.577
4397 3.577 3.577
4309 3.577 3.378
4286 3.378 3.378
4457 3.378 3.584
4522 3.584 3.584
4505 3.584 3.519
4581 3.519 3.519
4382 3.519 3.463
4318 3.463 3.463
4312 3.463 3.498
4512 3.498 3.498
4282 3.498 3.448
4188 3.448 3.448
4253 3.448 3.481
4500 3.481 3.481
4407 3.481 3.443
4188 3.443 3.443
4320 3.443 3.447
4299 3.447 3.447
4202 3.447 3.517
4236 3.517 3.517
4320 3.517 3.443
4217 3.443 3.443
4722 3.443 3.59
4361 3.59 3.59
4234 3.59 3.544
4274 3.544 3.544
4442 3.544 3.613
4347 3.613 3.613
4247 3.613 3.581
4188 3.581 3.581
4324 3.581 3.602
4249 3.602 3.602
4271 3.602 3.702
4227 3.702 3.702
4315 3.702 3.806
4594 3.806 3.806
4304 3.806 3.687
4389 3.687 3.687
4451 3.687 3.809
4188 3.809 3.809
4348 3.809 3.911
4477 3.911 3.911
4491 3.911 4.079
4377 4.079 4.079
4316 4.079 4.079
4638 4.079 3.994
4379 3.994 3.994
4219 3.994 3.994
4371 3.994 4.204
4291 4.204 4.204
4298 4.204 4.204
4573 4.204 4.191
4438 4.191 4.191
4465 4.191 4.191
4392 4.191 4.132
4313 4.132 4.132
4286 4.132 4.132
4291 4.132 4.138
4477 4.138 4.138
4188 4.138 4.138
4396 4.138 4.231
4244 4.231 4.231
4235 4.231 4.231
4437 4.231 4.01
4270 4.01 4.01
4427 4.01 4.01
4188 4.01 4.27
4334 4.27 4.27
4234 4.27 4.53
4427 4.53 4.53
4420 4.53 4.53
4323 4.53 4.454
4469 4.454 4.454
4712 4.454 4.454
4236 4.454 4.247
4188 4.247 4.247
4322 4.247 4.247
4207 4.247 4.233
4292 4.233 4.233
4244 4.233 4.233
4288 4.233 4.469
4224 4.469 4.469
4188 4.469 4.469
4327 4.469 4.409
4300 4.409 4.409
4425 4.409 4.409
4403 4.409 4.273
4466 4.273 4.273
4382 4.273 4.273
4498 4.273 4.398
4424 4.398 4.398
4643 4.398 4.398
4314 4.398 4.181
4240 4.181 4.181
4222 4.181 4.181
4188 4.181 4.272
4314 4.272 4.272
4314 4.272 4.345
4308 4.345 4.345
4420 4.345 4.345
4319 4.345 4.358
4448 4.358 4.358
4288 4.358 4.358
4502 4.358 4.317
4407 4.317 4.317
4363 4.317 4.317
4225 4.317 4.375
4297 4.375 4.375
4305 4.375 4.375
4330 4.375 4.402
4352 4.402 4.402
4306 4.402 4.402
4313 4.402 4.45
4198 4.45 4.45
4365 4.45 4.45
4384 4.45 4.546
4450 4.546 4.546
4394 4.546 4.546
4251 4.546 4.413
4430 4.413 4.413
4237 4.413 4.413
4219 4.413 4.447
4188 4.447 4.447
4273 4.447 4.447
4188 4.447 4.612
4343 4.612 4.612
4312 4.612 4.612
4341 4.612 4.614
4236 4.614 4.614
4273 4.614 4.614
4348 4.614 4.602
4439 4.602 4.602
4525 4.602 4.602
4484 4.602 4.535
4266 4.535 4.535
4278 4.535 4.535
4217 4.535 4.527
4202 4.527 4.527
4188 4.527 4.527
4319 4.527 4.529
4267 4.529 4.529
4614 4.529 4.529
4342 4.529 4.557
4234 4.557 4.557
4269 4.557 4.557
4188 4.557 4.687
4188 4.687 4.687
4281 4.687 4.687
4240 4.687 4.732
4454 4.732 4.732
4323 4.732 4.732
4322 4.732 4.812
4443 4.812 4.812
4352 4.812 4.812
4330 4.812 4.587
4759 4.587 4.587
4737 4.587 4.587
4658 4.587 4.598
4620 4.598 4.598
4264 4.598 4.598
4258 4.598 4.619
4346 4.619 4.619
4342 4.619 4.619
4229 4.619 4.73
4188 4.73 4.73
4343 4.73 4.73
4370 4.73 4.645
4319 4.645 4.645
4235 4.645 4.645
4270 4.645 4.85
4243 4.85 4.85
4262 4.85 4.85
4472 4.85 4.952
4330 4.952 4.952
4317 4.952 4.952
4353 4.952 4.795
4188 4.795 4.795
4574 4.795 4.795
4235 4.795 4.823
4195 4.823 4.823
4263 4.823 4.823
4231 4.823 4.867
4272 4.867 4.867
4188 4.867 4.867
4264 4.867 5.071
4268 5.071 5.071
4413 5.071 5.071
4260 5.071 4.918
4188 4.918 4.918
4526 4.918 4.918
4406 4.918 4.88
4336 4.88 4.88
4442 4.88 4.88
4309 4.88 4.853
4269 4.853 4.853
4432 4.853 4.853
4297 4.853 4.685
4188 4.685 4.685
4364 4.685 4.685
4290 4.685 4.682
4321 4.682 4.682
4223 4.682 4.682
4389 4.682 4.833
4267 4.833 4.833
4576 4.833 4.833
4522 4.833 4.96
4469 4.96 4.96
4386 4.96 4.96
4511 4.96 4.705
4327 4.705 4.705
4450 4.705 4.705
4417 4.705 4.589
4382 4.589 4.589
4225 4.589 4.589
4451 4.589 4.794
4401 4.794 4.794
4363 4.794 4.794
4252 4.794 4.661
4300 4.661 4.661
4188 4.661 4.661
4284 4.661 4.589
4211 4.589 4.589
4419 4.589 4.589
4345 4.589 4.736
4232 4.736 4.736
4299 4.736 4.736
4286 4.736 4.594
4434 4.594 4.594
4253 4.594 4.594
4254 4.594 4.499
4453 4.499 4.499
4381 4.499 4.499
4336 4.499 4.592
4388 4.592 4.592
4270 4.592 4.592
4188 4.592 4.677
4245 4.677 4.677
4301 4.677 4.677
4290 4.677 4.631
4405 4.631 4.631
4417 4.631 4.631
4472 4.631 4.593
4305 4.593 4.593
4362 4.593 4.593
4545 4.593 4.59
4441 4.59 4.59
4530 4.59 4.59
4188 4.59 4.642
4448 4.642 4.642
4212 4.642 4.642
4368 4.642 4.623
4280 4.623 4.623
4282 4.623 4.623
4297 4.623 4.486
4188 4.486 4.486
4285 4.486 4.486
4361 4.486 4.711
4313 4.711 4.711
4353 4.711 4.711
4338 4.711 4.698
4239 4.698 4.698
4360 4.698 4.698
4392 4.698 4.724
4503 4.724 4.724
4379 4.724 4.724
4271 4.724 4.816
4194 4.816 4.816
4188 4.816 4.816
4337 4.816 4.861
4256 4.861 4.861
4532 4.861 4.861
4272 4.861 4.881
4333 4.881 4.881
4338 4.881 4.881
4259 4.881 4.84
4313 4.84 4.84
4353 4.84 4.84
4279 4.84 4.744
4378 4.744 4.744
4316 4.744 4.744
4359 4.744 4.688
4291 4.688 4.688
4568 4.688 4.688
4188 4.688 4.599
4352 4.599 4.599
4233 4.599 4.599
4354 4.599 4.692
4247 4.692 4.692
4241 4.692 4.692
4331 4.692 4.688
4318 4.688 4.688
4433 4.688 4.688
4188 4.688 4.63
4301 4.63 4.63
4373 4.63 4.63
4332 4.63 4.687
4293 4.687 4.687
4308 4.687 4.687
4312 4.687 4.694
4373 4.694 4.694
4355 4.694 4.694
4325 4.694 4.509
4315 4.509 4.509
4188 4.509 4.509
4299 4.509 4.496
4395 4.496 4.496
4359 4.496 4.496
4388 4.496 4.531
4188 4.531 4.531
4235 4.531 4.531
4295 4.531 4.531
4446 4.531 4.531
4238 4.531 4.531
4379 4.531 4.621
4495 4.621 4.621
4485 4.621 4.621
4495 4.621 4.582
4537 4.582 4.582
4317 4.582 4.582
4355 4.582 4.513
4234 4.513 4.513
4220 4.513 4.513
4315 4.513 4.638
4449 4.638 4.638
4352 4.638 4.638
4387 4.638 4.689
4254 4.689 4.689
4309 4.689 4.689
4249 4.689 4.729
4353 4.729 4.729
4252 4.729 4.729
4391 4.729 4.704
4397 4.704 4.704
4434 4.704 4.704
4236 4.704 4.519
4386 4.519 4.519
4335 4.519 4.519
4319 4.519 4.505
4266 4.505 4.505
4297 4.505 4.505
4399 4.505 4.518
4485 4.518 4.518
4708 4.518 4.518
4614 4.518 4.579
4441 4.579 4.579
4560 4.579 4.579
4492 4.579 4.338
4194 4.338 4.338
4305 4.338 4.338
4188 4.338 4.265
4237 4.265 4.265
4504 4.265 4.265
4404 4.265 4.351
4587 4.351 4.351
4425 4.351 4.351
4269 4.351 4.216
4351 4.216 4.216
4542 4.216 4.216
4623 4.216 4.144
4457 4.144 4.144
4279 4.144 4.144
4193 4.144 4.118
4284 4.118 4.118
4192 4.118 4.16
4325 4.16 4.16
4246 4.16 4.145
4389 4.145 4.145
4618 4.145 4.145
4715 4.145 3.841
4576 3.841 3.841
4435 3.841 3.841
4337 3.841 3.606
4244 3.606 3.606
4254 3.606 3.753
4262 3.753 3.753
4455 3.753 3.908
4366 3.908 3.908
4451 3.908 3.908
4308 3.908 3.746
4219 3.746 3.746
4464 3.746 3.966
4230 3.966 3.966
4251 3.966 4.089
4352 4.089 4.089
4434 4.089 4.089
4349 4.089 4.057
4315 4.057 4.057
4294 4.057 4.053
4196 4.053 4.053
4267 4.053 4.232
4188 4.232 4.232
4355 4.232 4.232
4188 4.232 4.329
4334 4.329 4.329
4487 4.329 4.329
4279 4.329 4.385
4447 4.385 4.385
4205 4.385 4.385
4287 4.385 4.463
4401 4.463 4.463
4407 4.463 4.463
4303 4.463 4.288
4368 4.288 4.288
4526 4.288 4.288
4620 4.288 4.284
4577 4.284 4.284
4539 4.284 4.284
4537 4.284 4.148
4356 4.148 4.148
4197 4.148 4.148
4262 4.148 4.269
4291 4.269 4.269
4188 4.269 4.269
4260 4.269 4.48
4438 4.48 4.48
4642 4.48 4.48
4695 4.48 4.413
4591 4.413 4.413
4575 4.413 4.413
4492 4.413 4.16
4317 4.16 4.16
4304 4.16 4.16
4218 4.16 4.224
4293 4.224 4.224
4333 4.224 4.545
4393 4.545 4.545
4427 4.545 4.545
4339 4.545 4.496
4247 4.496 4.496
4188 4.496 4.496
4253 4.496 4.469
4346 4.469 4.469
4443 4.469 4.469
4520 4.469 4.424
4418 4.424 4.424
4567 4.424 4.424
4336 4.424 4.289
4323 4.289 4.289
4188 4.289 4.289
4188 4.289 4.468
4466 4.468 4.468
4188 4.468 4.468
4238 4.468 4.466
4380 4.466 4.466
4318 4.466 4.466
4518 4.466 4.393
4505 4.393 4.393
4683 4.393 4.393
4525 4.393 4.221
4591 4.221 4.221
4545 4.221 4.221
4214 4.221 4.063
4188 4.063 4.063
4309 4.063 4.305
4295 4.305 4.305
4188 4.305 4.305
4203 4.305 4.336
4244 4.336 4.336
4260 4.336 4.336
4311 4.336 4.249
4391 4.249 4.249
4514 4.249 4.249
4536 4.249 4.176
4555 4.176 4.176
4459 4.176 4.176
4546 4.176 4.087
4457 4.087 4.087
4295 4.087 4.087
4267 4.087 4.103
4282 4.103 4.103
4270 4.103 4.182
4246 4.182 4.182
4364 4.182 4.182
4400 4.182 4.133
4398 4.133 4.133
4249 4.133 4.133
4315 4.133 4.064
4229 4.064 4.064
4257 4.064 4.064
4252 4.064 4.377
4337 4.377 4.377
4334 4.377 4.432
4256 4.432 4.432
4251 4.432 4.432
4442 4.432 4.424
4188 4.424 4.424
4411 4.424 4.424
4188 4.424 4.436
4338 4.436 4.436
4322 4.436 4.436
4290 4.436 4.486
4295 4.486 4.486
4334 4.486 4.486
4508 4.486 4.536
4457 4.536 4.536
4498 4.536 4.536
4570 4.536 4.328
4514 4.328 4.328
4416 4.328 4.328
4440 4.328 4.341
4430 4.341 4.341
4439 4.341 4.341
4454 4.341 4.536
4529 4.536 4.536
4411 4.536 4.536
4586 4.536 4.233
4283 4.233 4.233
4367 4.233 4.233
4222 4.233 4.037
4324 4.037 4.037
4326 4.037 4.277
4468 4.277 4.277
4480 4.277 4.277
4443 4.277 4.128
4437 4.128 4.128
4291 4.128 4.128
4279 4.128 3.899
4188 3.899 3.899
4340 3.899 3.971
4210 3.971 3.971
4217 3.971 4.185
4208 4.185 4.185
4276 4.185 4.185
4484 4.185 4.08
4283 4.08 4.08
4249 4.08 4.08
4210 4.08 4.024
4417 4.024 4.024
4394 4.024 4.041
4188 4.041 4.041
4273 4.041 4.041
4386 4.041 4.062
4295 4.062 4.062
4246 4.062 4.062
4459 4.062 4.054
4212 4.054 4.054
4414 4.054 4.054
4249 4.054 3.977
4505 3.977 3.977
4348 3.977 3.977
4243 3.977 3.947
4394 3.947 3.947
4272 3.947 3.999
4433 3.999 3.999
4571 3.999 4.104
4305 4.104 4.104
4300 4.104 4.104
4325 4.104 3.96
4461 3.96 3.96
4335 3.96 3.96
4362 3.96 3.909
4266 3.909 3.909
4354 3.909 3.885
4334 3.885 3.885
4297 3.885 3.956
4315 3.956 3.956
4314 3.956 4.067
4410 4.067 4.067
4354 4.067 4.012
4188 4.012 4.012
4420 4.012 4.012
4244 4.012 4.018
4256 4.018 4.018
4279 4.018 4.23
4188 4.23 4.23
4221 4.23 4.258
4339 4.258 4.258
4213 4.258 4.258
4302 4.258 4.356
4188 4.356 4.356
4202 4.356 4.356
4188 4.356 4.551
4218 4.551 4.551
4273 4.551 4.551
4284 4.551 4.38
4208 4.38 4.38
4297 4.38 4.38
4188 4.38 4.432
4249 4.432 4.432
4312 4.432 4.432
4293 4.432 4.618
4292 4.618 4.618
4253 4.618 4.618
4287 4.618 4.434
4188 4.434 4.434
4332 4.434 4.434
4193 4.434 4.344
4285 4.344 4.344
4311 4.344 4.344
4315 4.344 4.553
4347 4.553 4.553
4334 4.553 4.553
4245 4.553 4.588
4327 4.588 4.588
4324 4.588 4.588
4338 4.588 4.308
4429 4.308 4.308
4506 4.308 4.308
4521 4.308 4.361
4534 4.361 4.361
4603 4.361 4.361
4485 4.361 4.225
4274 4.225 4.225
4241 4.225 4.225
4210 4.225 4.066
4322 4.066 4.066
4188 4.066 4.254
4226 4.254 4.254
4301 4.254 4.276
4259 4.276 4.276
4443 4.276 4.276
4231 4.276 4.185
4188 4.185 4.185
4188 4.185 4.185
4249 4.185 4.12
4443 4.12 4.12
4273 4.12 4.12
4259 4.12 4.211
4529 4.211 4.211
4710 4.211 4.211
4486 4.211 4.082
4659 4.082 4.082
4424 4.082 4.082
4360 4.082 3.943
4188 3.943 3.943
4237 3.943 3.941
4238 3.941 3.941
4321 3.941 4.16
4354 4.16 4.16
4420 4.16 4.16
4389 4.16 4.121
4264 4.121 4.121
4188 4.121 4.121
4188 4.121 4.049
4188 4.049 4.049
4297 4.049 4.143
4303 4.143 4.143
4416 4.143 4.143
4347 4.143 4.171
4251 4.171 4.171
4229 4.171 4.171
4265 4.171 4.143
4339 4.143 4.143
4373 4.143 4.143
4346 4.143 4.154
4275 4.154 4.154
4275 4.154 4.154
4317 4.154 4.183
4188 4.183 4.183
4224 4.183 4.183
4471 4.183 4.24
4372 4.24 4.24
4492 4.24 4.24
4509 4.24 4.102
4521 4.102 4.102
4549 4.102 4.102
4652 4.102 3.905
4568 3.905 3.905
4602 3.905 3.905
4272 3.905 3.863
4188 3.863 3.863
4201 3.863 4.123
4376 4.123 4.123
4490 4.123 4.18
4464 4.18 4.18
4346 4.18 4.18
4348 4.18 4.03
4358 4.03 4.03
4188 4.03 4.03
4364 4.03 4.063
4509 4.063 4.063
4327 4.063 4.063
4375 4.063 3.997
4263 3.997 3.997
4407 3.997 3.997
4396 3.997 4.007
4296 4.007 4.007
4285 4.007 4.007
4347 4.007 3.946
4366 3.946 3.946
4344 3.946 3.837
4354 3.837 3.837
4188 3.837 3.837
4405 3.837 3.911
4354 3.911 3.911
4287 3.911 3.87
4200 3.87 3.87
4676 3.87 4.325
4336 4.325 4.325
4257 4.325 4.325
4242 4.325 4.158
4288 4.158 4.158
4225 4.158 4.158
4273 4.158 4.271
4352 4.271 4.271
4229 4.271 4.271
4252 4.271 4.422
4229 4.422 4.422
4353 4.422 4.422
4305 4.422 4.266
4322 4.266 4.266
4320 4.266 4.266
4499 4.266 4.391
4566 4.391 4.391
4421 4.391 4.391
4474 4.391 4.262
4565 4.262 4.262
4424 4.262 4.262
4349 4.262 4.33
4368 4.33 4.33
4227 4.33 4.33
4346 4.33 4.331
4288 4.331 4.331
4349 4.331 4.331
4242 4.331 4.286
4362 4.286 4.286
4276 4.286 4.286
4188 4.286 4.381
4228 4.381 4.381
4267 4.381 4.381
4322 4.381 4.385
4326 4.385 4.385
4321 4.385 4.385
4349 4.385 4.397
4363 4.397 4.397
4666 4.397 4.397
4510 4.397 4.208
4366 4.208 4.208
4420 4.208 4.208
4267 4.208 4.203
4272 4.203 4.203
4368 4.203 4.282
4199 4.282 4.282
4201 4.282 4.282
4208 4.282 4.425
4200 4.425 4.425
4327 4.425 4.425
4237 4.425 4.422
4390 4.422 4.422
4341 4.422 4.422
4371 4.422 4.187
4289 4.187 4.187
4289 4.187 4.187
4265 4.187 4.277
4268 4.277 4.277
4328 4.277 4.405
4506 4.405 4.405
4360 4.405 4.405
4208 4.405 4.388
4277 4.388 4.388
4192 4.388 4.388
4392 4.388 4.433
4361 4.433 4.433
4309 4.433 4.433
4339 4.433 4.518
4266 4.518 4.518
4309 4.518 4.518
4293 4.518 4.448
4324 4.448 4.448
4265 4.448 4.448
4279 4.448 4.39
4348 4.39 4.39
4379 4.39 4.39
4306 4.39 4.32
4188 4.32 4.32
4299 4.32 4.32
4457 4.32 4.175
4575 4.175 4.175
4551 4.175 4.175
4645 4.175 4.076
4556 4.076 4.076
4492 4.076 4.076
4590 4.076 4.011
4238 4.011 4.011
4429 4.011 4.13
4426 4.13 4.13
4394 4.13 4.113
4290 4.113 4.113
4344 4.113 4.113
4448 4.113 4.027
4291 4.027 4.027
4354 4.027 4.027
4217 4.027 3.941
4279 3.941 3.941
4213 3.941 4.072
4341 4.072 4.072
4462 4.072 3.85
4514 3.85 3.85
4375 3.85 3.85
4215 3.85 3.705
4311 3.705 3.705
4543 3.705 3.924
4523 3.924 3.924
4301 3.924 3.924
4219 3.924 3.786
4273 3.786 3.786
4402 3.786 3.744
4295 3.744 3.744
4207 3.744 3.715
4212 3.715 3.715
4307 3.715 3.684
4443 3.684 3.684
4304 3.684 3.584
4271 3.584 3.584
4424 3.584 3.508
4379 3.508 3.508
4188 3.508 3.516
4389 3.516 3.516
4401 3.516 3.429
4285 3.429 3.429
4462 3.429 3.4
4441 3.4 3.4
4240 3.4 3.323
4466 3.323 3.323
4340 3.323 3.206
4224 3.206 3.206
4250 3.206 3.153
4248 3.153 3.153
4206 3.153 3.163
4296 3.163 3.163
4224 3.163 3.187
4350 3.187 3.187
4330 3.187 3.194
4519 3.194 3.194
4283 3.194 3.135
4207 3.135 3.135
4426 3.135 3.212
4257 3.212 3.212
4411 3.212 3.473
4659 3.473 3.473
4411 3.473 3.215
4496 3.215 3.215
4188 3.215 3.196
4465 3.196 3.196
4401 3.196 3.292
4378 3.292 3.292
4628 3.292 3.257
4244 3.257 3.257
4360 3.257 3.191
4419 3.191 3.191
4243 3.191 3.15
4325 3.15 3.15
4329 3.15 3.264
4188 3.264 3.264
4312 3.264 3.342
4434 3.342 3.342
4261 3.342 3.225
4349 3.225 3.225
4355 3.225 3.366
4226 3.366 3.366
4188 3.366 3.456
4390 3.456 3.456
4385 3.456 3.355
4575 3.355 3.355
4513 3.355 3.137
4595 3.137 3.137
4521 3.137 3.091
4313 3.091 3.091
4337 3.091 3.385
4282 3.385 3.385
4603 3.385 3.453
4338 3.453 3.453
4188 3.453 3.369
4232 3.369 3.369
4267 3.369 3.37
4323 3.37 3.37
4425 3.37 3.415
4233 3.415 3.415
4367 3.415 3.507
4436 3.507 3.507
4266 3.507 3.625
4462 3.625 3.625
4386 3.625 3.496
4520 3.496 3.496
4541 3.496 3.578
4219 3.578 3.578
4326 3.578 3.603
4316 3.603 3.603
4287 3.603 3.658
4198 3.658 3.658
4368 3.658 3.661
4369 3.661 3.661
4489 3.661 3.637
4456 3.637 3.637
4296 3.637 3.531
4338 3.531 3.531
4479 3.531 3.36
4374 3.36 3.36
4222 3.36 3.358
4255 3.358 3.358
4469 3.358 3.55
4623 3.55 3.55
4342 3.55 3.546
4321 3.546 3.546
4357 3.546 3.522
4357 3.522 3.522
4329 3.522 3.465
4396 3.465 3.465
4356 3.465 3.525
4349 3.525 3.525
4250 3.525 3.496
4410 3.496 3.496
4188 3.496 3.502
4344 3.502 3.502
4188 3.502 3.46
4544 3.46 3.46
4326 3.46 3.609
4494 3.609 3.609
4254 3.609 3.64
4188 3.64 3.64
4500 3.64 3.737
4508 3.737 3.737
4504 3.737 3.65
4278 3.65 3.65
4258 3.65 3.534
4247 3.534 3.534
4209 3.534 3.702
4418 3.702 3.702
4464 3.702 3.697
4216 3.697 3.697
4188 3.697 3.686
4261 3.686 3.686
4369 3.686 3.539
4250 3.539 3.539
4269 3.539 3.643
4415 3.643 3.643
4196 3.643 3.705
4445 3.705 3.705
4494 3.705 3.709
4364 3.709 3.709
4427 3.709 3.686
4260 3.686 3.686
4188 3.686 3.87
4288 3.87 3.87
4267 3.87 3.906
4440 3.906 3.906
4342 3.906 3.928
4309 3.928 3.928
4226 3.928 3.847
4323 3.847 3.847
4397 3.847 3.883
4345 3.883 3.883
4253 3.883 4.04
4497 4.04 4.04
4253 4.04 4.036
4374 4.036 4.036
4188 4.036 4.036
4324 4.036 4.046
4287 4.046 4.046
4304 4.046 4.046
4188 4.046 4.086
4257 4.086 4.086
4675 4.086 4.159
4379 4.159 4.159
4241 4.159 4.159
4352 4.159 3.931
4307 3.931 3.931
4247 3.931 3.884
4188 3.884 3.884
4188 3.884 4.118
4243 4.118 4.118
4236 4.118 4.129
4402 4.129 4.129
4479 4.129 4.129
4455 4.129 3.95
4342 3.95 3.95
4276 3.95 3.95
4323 3.95 3.968
4326 3.968 3.968
4188 3.968 4.125
4393 4.125 4.125
4302 4.125 4.162
4243 4.162 4.162
4336 4.162 4.162
4329 4.162 4.069
4286 4.069 4.069
4188 4.069 4.069
4188 4.069 4.173
4289 4.173 4.173
4349 4.173 4.27
4188 4.27 4.27
4188 4.27 4.27
4273 4.27 4.467
4429 4.467 4.467
4528 4.467 4.467
4317 4.467 4.299
4206 4.299 4.299
4280 4.299 4.299
4224 4.299 4.218
4656 4.218 4.218
4431 4.218 4.218
4610 4.218 4.21
4542 4.21 4.21
4626 4.21 4.21
4556 4.21 4.121
4410 4.121 4.121
4379 4.121 4.121
4386 4.121 4.045
4295 4.045 4.045
4616 4.045 4.045
4509 4.045 4.011
4342 4.011 4.011
4367 4.011 4.011
4609 4.011 4.133
4480 4.133 4.133
4356 4.133 4.133
4218 4.133 4.108
4273 4.108 4.108
4357 4.108 4.19
4355 4.19 4.19
4268 4.19 4.19
4377 4.19 4.071
4401 4.071 4.071
4435 4.071 4.071
4339 4.071 3.986
4334 3.986 3.986
4465 3.986 4.094
4265 4.094 4.094
4563 4.094 4.094
4367 4.094 4.041
4375 4.041 4.041
4406 4.041 4.041
4454 4.041 4.169
4188 4.169 4.169
4188 4.169 4.169
4299 4.169 4.257
4188 4.257 4.257
4188 4.257 4.257
4367 4.257 4.312
4332 4.312 4.312
4386 4.312 4.312
4498 4.312 4.411
4526 4.411 4.411
4509 4.411 4.411
4428 4.411 4.251
4475 4.251 4.251
4299 4.251 4.251
4394 4.251 4.262
4301 4.262 4.262
4360 4.262 4.262
4325 4.262 4.211
4285 4.211 4.211
4399 4.211 4.211
4246 4.211 4.172
4285 4.172 4.172
4282 4.172 4.172
4292 4.172 4.101
4188 4.101 4.101
4190 4.101 4.073
4188 4.073 4.073
4223 4.073 4.116
4235 4.116 4.116
4188 4.116 4.116
4415 4.116 4.131
4462 4.131 4.131
4309 4.131 4.131
4296 4.131 3.996
4340 3.996 3.996
4364 3.996 4.032
4605 4.032 4.032
4418 4.032 4.032
4476 4.032 3.912
4206 3.912 3.912
4515 3.912 3.912
4188 3.912 3.996
4324 3.996 3.996
4265 3.996 4.096
4195 4.096 4.096
4345 4.096 4.096
4232 4.096 4.031
4594 4.031 4.031
4298 4.031 4.031
4484 4.031 3.901
4301 3.901 3.901
4396 3.901 3.901
4468 3.901 3.812
4513 3.812 3.812
4512 3.812 3.776
4345 3.776 3.776
4219 3.776 3.739
4188 3.739 3.739
4313 3.739 3.706
4479 3.706 3.706
4502 3.706 3.872
4429 3.872 3.872
4257 3.872 3.923
4485 3.923 3.923
4351 3.923 3.853
4188 3.853 3.853
4403 3.853 4.129
4264 4.129 4.129
4267 4.129 4.216
4417 4.216 4.216
4442 4.216 4.216
4330 4.216 4.362
4392 4.362 4.362
4255 4.362 4.362
4263 4.362 4.361
4249 4.361 4.361
4222 4.361 4.361
4188 4.361 4.375
4188 4.375 4.375
4225 4.375 4.375
4366 4.375 4.627
4332 4.627 4.627
4208 4.627 4.627
4339 4.627 4.569
4439 4.569 4.569
4265 4.569 4.569
4271 4.569 4.485
4358 4.485 4.485
4619 4.485 4.485
4679 4.485 4.595
4513 4.595 4.595
4347 4.595 4.595
4364 4.595 4.33
4547 4.33 4.33
4249 4.33 4.33
4221 4.33 4.526
4188 4.526 4.526
4408 4.526 4.526
4396 4.526 4.569
4400 4.569 4.569
4507 4.569 4.569
4607 4.569 4.575
4535 4.575 4.575
4288 4.575 4.575
4296 4.575 4.388
4251 4.388 4.388
4304 4.388 4.388
4227 4.388 4.482
4265 4.482 4.482
4500 4.482 4.482
4468 4.482 4.514
4746 4.514 4.514
4740 4.514 4.514
4375 4.514 4.312
4265 4.312 4.312
4188 4.312 4.312
4413 4.312 4.234
4434 4.234 4.234
4273 4.234 4.234
4201 4.234 4.488
4200 4.488 4.488
4379 4.488 4.488
4437 4.488 4.486
4242 4.486 4.486
4324 4.486 4.486
4208 4.486 4.299
4252 4.299 4.299
4349 4.299 4.299
4252 4.299 4.445
4413 4.445 4.445
4360 4.445 4.445
4342 4.445 4.434
4470 4.434 4.434
4324 4.434 4.434
4188 4.434 4.378
4188 4.378 4.378
4343 4.378 4.378
4198 4.378 4.433
4266 4.433 4.433
4188 4.433 4.433
4388 4.433 4.514
4188 4.514 4.514
4307 4.514 4.514
4266 4.514 4.677
4188 4.677 4.677
4188 4.677 4.677
4275 4.677 4.8
4245 4.8 4.8
4208 4.8 4.8
4613 4.8 4.823
4449 4.823 4.823
4402 4.823 4.823
4343 4.823 4.665
4424 4.665 4.665
4378 4.665 4.665
4360 4.665 4.641
4188 4.641 4.641
4333 4.641 4.641
4221 4.641 4.594
4232 4.594 4.594
4399 4.594 4.594
4193 4.594 4.533
4386 4.533 4.533
4342 4.533 4.533
4466 4.533 4.588
4633 4.588 4.588
4300 4.588 4.588
4352 4.588 4.594
4325 4.594 4.594
4293 4.594 4.594
4275 4.594 4.55
4478 4.55 4.55
4220 4.55 4.55
4344 4.55 4.468
4419 4.468 4.468
4516 4.468 4.468
4422 4.468 4.425
4224 4.425 4.425
4341 4.425 4.425
4461 4.425 4.46
4265 4.46 4.46
4367 4.46 4.46
4411 4.46 4.587
4249 4.587 4.587
4339 4.587 4.587
4351 4.587 4.572
4326 4.572 4.572
4264 4.572 4.572
4349 4.572 4.501
4269 4.501 4.501
4260 4.501 4.501
4359 4.501 4.59
4498 4.59 4.59
4412 4.59 4.59
4234 4.59 4.492
4188 4.492 4.492
4188 4.492 4.492
4362 4.492 4.532
4569 4.532 4.532
4983 4.532 4.532
4632 4.532 4.586
4740 4.586 4.586
4500 4.586 4.586
4339 4.586 4.18
4299 4.18 4.18
4188 4.18 4.18
4190 4.18 4.255
4188 4.255 4.255
4403 4.255 4.597
4207 4.597 4.597
4356 4.597 4.597
4374 4.597 4.448
4389 4.448 4.448
4482 4.448 4.448
4532 4.448 4.406
4405 4.406 4.406
4336 4.406 4.406
4271 4.406 4.589
4188 4.589 4.589
4188 4.589 4.589
4253 4.589 4.6
4259 4.6 4.6
4281 4.6 4.6
4425 4.6 4.686
4345 4.686 4.686
4323 4.686 4.686
4313 4.686 4.606
4308 4.606 4.606
4241 4.606 4.606
4188 4.606 4.791
4267 4.791 4.791
4379 4.791 4.791
4274 4.791 4.851
4458 4.851 4.851
4270 4.851 4.851
4326 4.851 4.753
4487 4.753 4.753
4419 4.753 4.753
4334 4.753 4.646
4309 4.646 4.646
4477 4.646 4.646
4349 4.646 4.621
4240 4.621 4.621
4211 4.621 4.621
4199 4.621 4.668
4449 4.668 4.668
4578 4.668 4.668
4525 4.668 4.647
4513 4.647 4.647
4407 4.647 4.647
4392 4.647 4.6
4312 4.6 4.6
4188 4.6 4.6
4294 4.6 4.548
4271 4.548 4.548
4336 4.548 4.548
4330 4.548 4.722
4188 4.722 4.722
4188 4.722 4.722
4256 4.722 4.78
4327 4.78 4.78
4377 4.78 4.78
4293 4.78 4.579
4274 4.579 4.579
4361 4.579 4.579
4188 4.579 4.605
4264 4.605 4.605
4316 4.605 4.605
4302 4.605 4.747
4188 4.747 4.747
4188 4.747 4.747
4321 4.747 4.783
4567 4.783 4.783
4430 4.783 4.783
4449 4.783 4.608
4542 4.608 4.608
4447 4.608 4.608
4519 4.608 4.498
4402 4.498 4.498
4188 4.498 4.498
4188 4.498 4.514
4302 4.514 4.514
4264 4.514 4.514
4390 4.514 4.636
4452 4.636 4.636
4540 4.636 4.636
4422 4.636 4.454
4188 4.454 4.454
4331 4.454 4.454
4479 4.454 4.508
4233 4.508 4.508
4481 4.508 4.508
4441 4.508 4.627
4309 4.627 4.627
4418 4.627 4.627
4274 4.627 4.555
4322 4.555 4.555
4464 4.555 4.555
4516 4.555 4.494
4343 4.494 4.494
4220 4.494 4.494
4344 4.494 4.474
4199 4.474 4.474
4201 4.474 4.474
4188 4.474 4.657
4305 4.657 4.657
4326 4.657 4.657
4339 4.657 4.704
4319 4.704 4.704
4341 4.704 4.704
4228 4.704 4.514
4515 4.514 4.514
4416 4.514 4.514
4501 4.514 4.684
4251 4.684 4.684
4188 4.684 4.684
4328 4.684 4.536
4264 4.536 4.536
4259 4.536 4.536
4250 4.536 4.569
4302 4.569 4.569
4333 4.569 4.569
4270 4.569 4.789
4235 4.789 4.789
4486 4.789 4.789
4501 4.789 4.82
4401 4.82 4.82
4361 4.82 4.82
4322 4.82 4.632
4199 4.632 4.632
4324 4.632 4.632
4188 4.632 4.745
4188 4.745 4.745
4562 4.745 4.745
4318 4.745 4.77
4479 4.77 4.77
4483 4.77 4.77
4335 4.77 4.7
4265 4.7 4.7
4264 4.7 4.7
4289 4.7 4.608
4320 4.608 4.608
4343 4.608 4.608
4188 4.608 4.699
4230 4.699 4.699
4324 4.699 4.699
4265 4.699 4.794
4372 4.794 4.794
4381 4.794 4.794
4366 4.794 4.709
4407 4.709 4.709
4298 4.709 4.709
4360 4.709 4.716
4409 4.716 4.716
4193 4.716 4.716
4215 4.716 4.712
4188 4.712 4.712
4361 4.712 4.712
4257 4.712 5.123
4188 5.123 5.123
4442 5.123 5.123
4480 5.123 5.016
4406 5.016 5.016
4355 5.016 5.016
4357 5.016 4.741
4323 4.741 4.741
4297 4.741 4.741
4260 4.741 4.945
4328 4.945 4.945
4342 4.945 4.945
4305 4.945 4.966
4269 4.966 4.966
4356 4.966 4.966
4387 4.966 4.962
4445 4.962 4.962
4601 4.962 4.962
4492 4.962 4.874
4468 4.874 4.874
4193 4.874 4.874
4275 4.874 4.928
4266 4.928 4.928
4402 4.928 4.928
4430 4.928 5.077
4379 5.077 5.077
4411 5.077 5.077
4219 5.077 5.07
4282 5.07 5.07
4456 5.07 5.07
4404 5.07 4.934
4319 4.934 4.934
4273 4.934 4.934
4448 4.934 4.829
4447 4.829 4.829
4664 4.829 4.829
4194 4.829 4.893
4308 4.893 4.893
4487 4.893 4.893
4446 4.893 4.685
4521 4.685 4.685
4289 4.685 4.685
4293 4.685 4.806
4202 4.806 4.806
4188 4.806 4.806
4287 4.806 4.905
4292 4.905 4.905
4399 4.905 4.905
4288 4.905 4.86
4188 4.86 4.86
4302 4.86 4.86
4235 4.86 4.828
4269 4.828 4.828
4335 4.828 4.828
4251 4.828 4.966
4256 4.966 4.966
4206 4.966 4.966
4278 4.966 4.924
4433 4.924 4.924
4345 4.924 4.924
4188 4.924 5.121
4273 5.121 5.121
4366 5.121 5.121
4308 5.121 5.145
4274 5.145 5.145
4290 5.145 5.145
4216 5.145 5.097
4353 5.097 5.097
4411 5.097 5.097
4302 5.097 5.208
4370 5.208 5.208
4188 5.208 5.208
4281 5.208 5.276
4385 5.276 5.276
4244 5.276 5.276
4279 5.276 5.23
4508 5.23 5.23
4555 5.23 5.23
4233 5.23 5.163
4412 5.163 5.163
4292 5.163 5.163
4262 5.163 5.106
4438 5.106 5.106
4366 5.106 5.106
4289 5.106 5.005
4252 5.005 5.005
4279 5.005 5.005
4188 5.005 5.193
4213 5.193 5.193
4324 5.193 5.193
4364 5.193 5.24
4317 5.24 5.24
4188 5.24 5.24
4298 5.24 5.237
4423 5.237 5.237
4201 5.237 5.237
4188 5.237 5.378
4377 5.378 5.378
4349 5.378 5.378
4258 5.378 5.347
4335 5.347 5.347
4188 5.347 5.347
4385 5.347 5.272
4501 5.272 5.272
4576 5.272 5.272
4621 5.272 5.209
4226 5.209 5.209
4225 5.209 5.209
4310 5.209 5.128
4310 5.128 5.128
4388 5.128 5.128
4322 5.128 5.218
4208 5.218 5.218
4463 5.218 5.218
4488 5.218 5.372
4440 5.372 5.372
4485 5.372 5.372
4207 5.372 5.234
4487 5.234 5.234
4220 5.234 5.234
4381 5.234 5.114
4411 5.114 5.114
4399 5.114 5.114
4503 5.114 5.136
4188 5.136 5.136
4309 5.136 5.136
4392 5.136 5.293
4303 5.293 5.293
4352 5.293 5.293
4279 5.293 5.332
4267 5.332 5.332
4479 5.332 5.332
4644 5.332 5.258
4328 5.258 5.258
4188 5.258 5.258
4188 5.258 5.072
4360 5.072 5.072
4337 5.072 5.072
4378 5.072 5.087
4497 5.087 5.087
4236 5.087 5.087
4421 5.087 5.345
4382 5.345 5.345
4285 5.345 5.345
4372 5.345 5.342
4329 5.342 5.342
4309 5.342 5.342
4522 5.342 5.436
4272 5.436 5.436
4200 5.436 5.436
4255 5.436 5.277
4353 5.277 5.277
4428 5.277 5.277
4188 5.277 5.302
4226 5.302 5.302
4307 5.302 5.302
4281 5.302 5.262
4378 5.262 5.262
4300 5.262 5.262
4398 5.262 5.167
4328 5.167 5.167
4206 5.167 5.167
4291 5.167 5.126
4211 5.126 5.126
4227 5.126 5.126
4396 5.126 5.061
4466 5.061 5.061
4378 5.061 5.061
4350 5.061 5.054
4344 5.054 5.054
4554 5.054 5.054
4561 5.054 5.023
4356 5.023 5.023
4266 5.023 5.023
4271 5.023 4.904
4419 4.904 4.904
4213 4.904 4.904
4317 4.904 5.057
4298 5.057 5.057
4258 5.057 5.057
4416 5.057 4.991
4202 4.991 4.991
4188 4.991 4.991
4256 4.991 5.0
4263 5.0 5.0
4295 5.0 5.0
4230 5.0 5.219
4188 5.219 5.219
4406 5.219 5.219
4306 5.219 5.161
4188 5.161 5.161
4261 5.161 5.161
4264 5.161 5.142
4198 5.142 5.142
4215 5.142 5.142
4458 5.142 5.208
4691 5.208 5.208
4419 5.208 5.208
4265 5.208 5.256
4323 5.256 5.256
4269 5.256 5.256
4311 5.256 5.047
4188 5.047 5.047
4251 5.047 5.047
4188 5.047 5.345
4263 5.345 5.345
4188 5.345 5.345
4328 5.345 5.575
4377 5.575 5.575
4474 5.575 5.575
4282 5.575 5.49
4264 5.49 5.49
4210 5.49 5.49
4427 5.49 5.387
4383 5.387 5.387
4352 5.387 5.387
4312 5.387 5.566
4188 5.566 5.566
4188 5.566 5.566
4362 5.566 5.755
4474 5.755 5.755
4697 5.755 5.755
4371 5.755 5.649
4328 5.649 5.649
4408 5.649 5.649
4459 5.649 5.346
4269 5.346 5.346
4188 5.346 5.346
4188 5.346 5.29
4197 5.29 5.29
4247 5.29 5.29
4207 5.29 5.4
4373 5.4 5.4
4281 5.4 5.4
4292 5.4 5.298
4301 5.298 5.298
4489 5.298 5.298
4236 5.298 5.307
4450 5.307 5.307
4364 5.307 5.307
4338 5.307 5.26
4295 5.26 5.26
4489 5.26 5.26
4643 5.26 5.407
4352 5.407 5.407
4350 5.407 5.407
4711 5.407 5.543
4276 5.543 5.543
4188 5.543 5.543
4188 5.543 5.527
4219 5.527 5.527
4188 5.527 5.527
4255 5.527 5.678
4350 5.678 5.678
4313 5.678 5.678
4510 5.678 5.852
4578 5.852 5.852
4205 5.852 5.852
4455 5.852 5.868
4567 5.868 5.868
4533 5.868 5.868
4302 5.868 5.868
4383 5.868 5.55
4188 5.55 5.55
4356 5.55 5.55
4345 5.55 5.784
4247 5.784 5.784
4282 5.784 5.784
4557 5.784 5.857
4431 5.857 5.857
4439 5.857 5.857
4534 5.857 5.857
4431 5.857 5.75
4367 5.75 5.75
4306 5.75 5.75
4356 5.75 5.528
4360 5.528 5.528
4207 5.528 5.528
4357 5.528 5.574
4261 5.574 5.574
4376 5.574 5.574
4401 5.574 5.663
4188 5.663 5.663
4188 5.663 5.663
4476 5.663 5.635
4382 5.635 5.635
4364 5.635 5.635
4271 5.635 5.65
4313 5.65 5.65
4188 5.65 5.65
4429 5.65 5.603
4385 5.603 5.603
4325 5.603 5.603
4335 5.603 5.637
4290 5.637 5.637
4473 5.637 5.637
4319 5.637 5.668
4253 5.668 5.668
4448 5.668 5.668
4350 5.668 5.567
4460 5.567 5.567
4364 5.567 5.567
4188 5.567 5.537
4376 5.537 5.537
4473 5.537 5.537
4288 5.537 5.723
4261 5.723 5.723
4299 5.723 5.723
4383 5.723 5.668
4270 5.668 5.668
4292 5.668 5.668
4347 5.668 5.648
4223 5.648 5.648
4259 5.648 5.648
4263 5.648 5.723
4491 5.723 5.723
4531 5.723 5.723
4513 5.723 5.821
4469 5.821 5.821
4412 5.821 5.821
4220 5.821 5.75
4447 5.75 5.75
4333 5.75 5.75
4395 5.75 5.636
4316 5.636 5.636
4188 5.636 5.636
4450 5.636 5.845
4432 5.845 5.845
4521 5.845 5.845
4248 5.845 5.77
4425 5.77 5.77
4232 5.77 5.77
4200 5.77 5.551
4454 5.551 5.551
4392 5.551 5.551
4223 5.551 5.574
4316 5.574 5.574
4403 5.574 5.574
4405 5.574 5.716
4456 5.716 5.716
4207 5.716 5.716
4335 5.716 5.731
4494 5.731 5.731
4381 5.731 5.731
4426 5.731 5.54
4406 5.54 5.54
4329 5.54 5.54
4321 5.54 5.408
4395 5.408 5.408
4188 5.408 5.408
4188 5.408 5.451
4313 5.451 5.451
4322 5.451 5.451
4218 5.451 5.446
4399 5.446 5.446
4517 5.446 5.446
4221 5.446 5.392
4327 5.392 5.392
4272 5.392 5.392
4196 5.392 5.319
4498 5.319 5.319
4188 5.319 5.319
4230 5.319 5.482
4248 5.482 5.482
4332 5.482 5.482
4553 5.482 5.624
4277 5.624 5.624
4370 5.624 5.624
4215 5.624 5.507
4188 5.507 5.507
4276 5.507 5.507
4425 5.507 5.503
4188 5.503 5.503
4409 5.503 5.503
4418 5.503 5.557
4334 5.557 5.557
4389 5.557 5.557
4322 5.557 5.423
4230 5.423 5.423
4266 5.423 5.423
4244 5.423 5.284
4274 5.284 5.284
4232 5.284 5.284
4336 5.284 5.407
4352 5.407 5.407
4288 5.407 5.407
4343 5.407 5.473
4492 5.473 5.473
4297 5.473 5.473
4357 5.473 5.345
4455 5.345 5.345
4333 5.345 5.345
4403 5.345 5.193
4708 5.193 5.193
4425 5.193 5.193
4188 5.193 5.234
4188 5.234 5.234
4415 5.234 5.234
4229 5.234 5.239
4329 5.239 5.239
4489 5.239 5.239
4383 5.239 5.284
4476 5.284 5.284
4260 5.284 5.284
4263 5.284 5.098
4483 5.098 5.098
4377 5.098 5.098
4270 5.098 5.085
4295 5.085 5.085
4533 5.085 5.085
4422 5.085 5.272
4199 5.272 5.272
4265 5.272 5.272
4523 5.272 5.257
4380 5.257 5.257
4398 5.257 5.257
4332 5.257 5.08
4352 5.08 5.08
4463 5.08 5.08
4245 5.08 5.071
4347 5.071 5.071
4446 5.071 5.071
4313 5.071 5.16
4280 5.16 5.16
4188 5.16 5.16
4326 5.16 5.087
4551 5.087 5.087
4534 5.087 5.087
4198 5.087 5.223
4188 5.223 5.223
4222 5.223 5.223
4483 5.223 5.235
4363 5.235 5.235
4230 5.235 5.235
4204 5.235 5.313
4211 5.313 5.313
4326 5.313 5.313
4213 5.313 5.402
4385 5.402 5.402
4188 5.402 5.402
4298 5.402 5.452
4328 5.452 5.452
4239 5.452 5.452
4486 5.452 5.499
4499 5.499 5.499
4226 5.499 5.499
4301 5.499 5.293
4286 5.293 5.293
4477 5.293 5.293
4615 5.293 5.278
4642 5.278 5.278
4327 5.278 5.278
4188 5.278 5.245
4235 5.245 5.245
4359 5.245 5.245
4512 5.245 5.143
4366 5.143 5.143
4308 5.143 5.143
4488 5.143 5.326
4506 5.326 5.326
4410 5.326 5.326
4339 5.326 5.339
4283 5.339 5.339
4232 5.339 5.339
4247 5.339 5.366
4273 5.366 5.366
4304 5.366 5.366
4258 5.366 5.471
4188 5.471 5.471
4235 5.471 5.471
4382 5.471 5.455
4585 5.455 5.455
4317 5.455 5.455
4236 5.455 5.392
4416 5.392 5.392
4193 5.392 5.392
4266 5.392 5.541
4386 5.541 5.541
4304 5.541 5.541
4479 5.541 5.546
4471 5.546 5.546
4197 5.546 5.546
4319 5.546 5.55
4256 5.55 5.55
4536 5.55 5.55
4210 5.55 5.638
4352 5.638 5.638
4489 5.638 5.638
4401 5.638 5.624
4210 5.624 5.624
4418 5.624 5.624
4563 5.624 5.759
4336 5.759 5.759
4253 5.759 5.759
4310 5.759 5.587
4441 5.587 5.587
4316 5.587 5.587
4566 5.587 5.866
4377 5.866 5.866
4435 5.866 5.866
4515 5.866 5.844
4350 5.844 5.844
4446 5.844 5.844
4227 5.844 5.844
4301 5.844 5.644
4491 5.644 5.644
4188 5.644 5.644
4264 5.644 5.689
4228 5.689 5.689
4437 5.689 5.689
4527 5.689 6.423
4407 6.423 6.423
4510 6.423 6.423
4265 6.423 6.423
4561 6.423 6.152
4574 6.152 6.152
4610 6.152 6.152
4356 6.152 6.152
4331 6.152 5.783
4264 5.783 5.783
4366 5.783 5.783
4383 5.783 5.954
4294 5.954 5.954
4423 5.954 5.954
4188 5.954 6.099
4279 6.099 6.099
4366 6.099 6.099
4598 6.099 6.099
4323 6.099 6.291
4348 6.291 6.291
4695 6.291 6.291
4325 6.291 6.291
4418 6.291 5.957
4249 5.957 5.957
4303 5.957 5.957
4387 5.957 5.957
4241 5.957 6.003
4341 6.003 6.003
4235 6.003 6.003
4188 6.003 6.372
4481 6.372 6.372
4223 6.372 6.372
4357 6.372 6.57
4341 6.57 6.57
4437 6.57 6.57
4403 6.57 6.57
4468 6.57 6.33
4538 6.33 6.33
4403 6.33 6.33
4348 6.33 6.33
4555 6.33 6.132
4384 6.132 6.132
4216 6.132 6.132
4405 6.132 6.132
4214 6.132 6.175
4270 6.175 6.175
4329 6.175 6.175
4396 6.175 6.357
4463 6.357 6.357
4440 6.357 6.357
4346 6.357 6.357
4280 6.357 6.23
4568 6.23 6.23
4351 6.23 6.23
4274 6.23 6.23
4526 6.23 6.274
4188 6.274 6.274
4448 6.274 6.274
4444 6.274 6.274
4198 6.274 6.335
4252 6.335 6.335
4188 6.335 6.335
4463 6.335 6.335
4471 6.335 6.497
4405 6.497 6.497
4188 6.497 6.497
4285 6.497 6.497
4300 6.497 6.526
4348 6.526 6.526
4339 6.526 6.526
4384 6.526 6.526
4370 6.526 6.413
4302 6.413 6.413
4248 6.413 6.413
4200 6.413 6.413
4231 6.413 6.599
4325 6.599 6.599
4426 6.599 6.599
4444 6.599 6.599
4374 6.599 6.546
4383 6.546 6.546
4278 6.546 6.546
4359 6.546 6.546
4332 6.546 6.224
4304 6.224 6.224
4349 6.224 6.224
4271 6.224 6.224
4195 6.224 6.159
4573 6.159 6.159
4577 6.159 6.159
4380 6.159 6.166
4497 6.166 6.166
4361 6.166 6.166
4306 6.166 6.166
4305 6.166 6.045
4408 6.045 6.045
4188 6.045 6.045
4457 6.045 6.045
4513 6.045 6.237
4484 6.237 6.237
4376 6.237 6.237
4428 6.237 6.237
4335 6.237 6.027
4188 6.027 6.027
4289 6.027 6.027
4330 6.027 6.027
4310 6.027 6.123
4188 6.123 6.123
4456 6.123 6.123
4207 6.123 6.249
4188 6.249 6.249
4232 6.249 6.249
4385 6.249 6.249
4188 6.249 6.234
4292 6.234 6.234
4279 6.234 6.234
4300 6.234 6.234
4232 6.234 6.262
4294 6.262 6.262
4256 6.262 6.262
4188 6.262 6.576
4362 6.576 6.576
4565 6.576 6.576
4332 6.576 6.576
4524 6.576 6.436
4479 6.436 6.436
4306 6.436 6.436
4353 6.436 6.436
4393 6.436 6.025
4334 6.025 6.025
4401 6.025 6.025
4332 6.025 6.025
4188 6.025 6.264
4312 6.264 6.264
4417 6.264 6.264
4418 6.264 6.249
4188 6.249 6.249
4295 6.249 6.249
4426 6.249 6.249
4266 6.249 6.132
4555 6.132 6.132
4350 6.132 6.132
4245 6.132 6.132
4385 6.132 6.029
4429 6.029 6.029
4188 6.029 6.029
4202 6.029 5.951
4338 5.951 5.951
4225 5.951 5.951
4239 5.951 6.082
4531 6.082 6.082
4188 6.082 6.082
4394 6.082 6.082
4479 6.082 6.015
4329 6.015 6.015
4361 6.015 6.015
4478 6.015 6.015
4508 6.015 5.784
4454 5.784 5.784
4215 5.784 5.784
4349 5.784 5.784
4289 5.784 5.714
4188 5.714 5.714
4302 5.714 5.714
4294 5.714 5.804
4188 5.804 5.804
4423 5.804 5.804
4609 5.804 6.117
4568 6.117 6.117
4485 6.117 6.117
4402 6.117 6.117
4456 6.117 5.791
4327 5.791 5.791
4338 5.791 5.791
4272 5.791 5.791
4240 5.791 5.745
4575 5.745 5.745
4188 5.745 5.745
4244 5.745 5.919
4257 5.919 5.919
4258 5.919 5.919
4265 5.919 5.851
4478 5.851 5.851
4583 5.851 5.851
4224 5.851 5.758
4244 5.758 5.758
4193 5.758 5.758
4293 5.758 5.603
4304 5.603 5.603
4344 5.603 5.603
4247 5.603 5.691
4217 5.691 5.691
4321 5.691 5.691
4480 5.691 5.739
4300 5.739 5.739
4329 5.739 5.739
4431 5.739 5.723
4554 5.723 5.723
4303 5.723 5.723
4346 5.723 5.503
4372 5.503 5.503
4235 5.503 5.503
4412 5.503 5.698
4327 5.698 5.698
4246 5.698 5.698
4230 5.698 6.02
4370 6.02 6.02
4314 6.02 6.02
4433 6.02 6.136
4606 6.136 6.136
4473 6.136 6.136
4423 6.136 6.136
4481 6.136 5.785
4529 5.785 5.785
4323 5.785 5.785
4503 5.785 5.785
4442 5.785 5.508
4335 5.508 5.508
4188 5.508 5.508
4345 5.508 5.452
4193 5.452 5.452
4229 5.452 5.452
4188 5.452 5.727
4233 5.727 5.727
4339 5.727 5.727
4296 5.727 5.718
4302 5.718 5.718
4333 5.718 5.718
4351 5.718 5.605
4321 5.605 5.605
4422 5.605 5.605
4209 5.605 5.56
4225 5.56 5.56
4270 5.56 5.56
4419 5.56 5.665
4296 5.665 5.665
4224 5.665 5.665
4188 5.665 5.764
4277 5.764 5.764
4188 5.764 5.764
4188 5.764 6.032
4275 6.032 6.032
4316 6.032 6.032
4373 6.032 6.032
4292 6.032 6.059
4286 6.059 6.059
4433 6.059 6.059
4318 6.059 6.059
4188 6.059 5.924
4320 5.924 5.924
4490 5.924 5.924
4188 5.924 5.955
4420 5.955 5.955
4296 5.955 5.955
4359 5.955 5.993
4235 5.993 5.993
4232 5.993 5.993
4281 5.993 5.877
4449 5.877 5.877
4188 5.877 5.877
4188 5.877 5.883
4384 5.883 5.883
4378 5.883 5.883
4307 5.883 5.844
4224 5.844 5.844
4367 5.844 5.844
4539 5.844 6.037
4324 6.037 6.037
4239 6.037 6.037
4264 6.037 6.037
4478 6.037 5.969
4306 5.969 5.969
4312 5.969 5.969
4329 5.969 5.969
4188 5.969 6.025
4388 6.025 6.025
4418 6.025 6.025
4556 6.025 6.053
4392 6.053 6.053
4336 6.053 6.053
4311 6.053 6.053
4388 6.053 5.87
4400 5.87 5.87
4349 5.87 5.87
4245 5.87 5.987
4213 5.987 5.987
4343 5.987 5.987
4482 5.987 6.273
4234 6.273 6.273
4197 6.273 6.273
4284 6.273 6.273
4213 6.273 6.159
4298 6.159 6.159
4270 6.159 6.159
4323 6.159 6.159
4488 6.159 6.194
4311 6.194 6.194
4387 6.194 6.194
4431 6.194 6.194
4188 6.194 6.295
4344 6.295 6.295
4455 6.295 6.295
4188 6.295 6.295
4195 6.295 6.229
4360 6.229 6.229
4439 6.229 6.229
4368 6.229 6.229
4314 6.229 6.319
4246 6.319 6.319
4352 6.319 6.319
4341 6.319 6.319
4231 6.319 6.534
4463 6.534 6.534
4707 6.534 6.534
4188 6.534 6.534
4333 6.534 6.602
4694 6.602 6.602
4617 6.602 6.602
4378 6.602 6.602
4450 6.602 6.311
4269 6.311 6.311
4216 6.311 6.311
4306 6.311 6.311
4188 6.311 6.521
4366 6.521 6.521
4461 6.521 6.521
4231 6.521 6.521
4391 6.521 6.891
4335 6.891 6.891
4316 6.891 6.891
4338 6.891 6.891
4416 6.891 6.84
4390 6.84 6.84
4357 6.84 6.84
4387 6.84 6.84
4478 6.84 6.747
4475 6.747 6.747
4329 6.747 6.747
4242 6.747 6.747
4342 6.747 6.582
4587 6.582 6.582
4407 6.582 6.582
4188 6.582 6.582
4343 6.582 6.571
4441 6.571 6.571
4240 6.571 6.571
4324 6.571 6.571
4302 6.571 6.45
4307 6.45 6.45
4309 6.45 6.45
4549 6.45 6.45
4188 6.45 6.672
4261 6.672 6.672
4368 6.672 6.672
4289 6.672 6.672
4230 6.672 6.64
4335 6.64 6.64
4496 6.64 6.64
4339 6.64 6.64
4353 6.64 6.468
4338 6.468 6.468
4303 6.468 6.468
4536 6.468 6.468
4406 6.468 6.437
4251 6.437 6.437
4314 6.437 6.437
4433 6.437 6.437
4241 6.437 6.338
4205 6.338 6.338
4328 6.338 6.338
4381 6.338 6.338
4235 6.338 6.32
4385 6.32 6.32
4311 6.32 6.32
4310 6.32 6.32
4275 6.32 6.309
4262 6.309 6.309
4381 6.309 6.309
4558 6.309 6.309
4342 6.309 6.242
4464 6.242 6.242
4396 6.242 6.242
4215 6.242 6.242
4385 6.242 6.075
4188 6.075 6.075
4188 6.075 6.075
4230 6.075 6.075
4521 6.075 6.018
4363 6.018 6.018
4188 6.018 6.018
4274 6.018 6.018
4317 6.018 6.184
4267 6.184 6.184
4333 6.184 6.184
4304 6.184 6.169
4377 6.169 6.169
4626 6.169 6.169
4488 6.169 6.169
4206 6.169 6.049
4313 6.049 6.049
4551 6.049 6.049
4502 6.049 5.801
4298 5.801 5.801
4561 5.801 5.801
4203 5.801 5.801
4295 5.801 5.697
4346 5.697 5.697
4252 5.697 5.697
4188 5.697 5.83
4454 5.83 5.83
4363 5.83 5.83
4444 5.83 5.756
4454 5.756 5.756
4351 5.756 5.756
4292 5.756 5.644
4285 5.644 5.644
4270 5.644 5.644
4409 5.644 5.788
4324 5.788 5.788
4590 5.788 5.788
4188 5.788 6.085
4188 6.085 6.085
4442 6.085 6.085
4736 6.085 6.015
4480 6.015 6.015
4379 6.015 6.015
4333 6.015 6.015
4340 6.015 5.927
4188 5.927 5.927
4370 5.927 5.927
4369 5.927 6.233
4308 6.233 6.233
4405 6.233 6.233
4429 6.233 6.292
4188 6.292 6.292
4213 6.292 6.292
4455 6.292 6.292
4435 6.292 6.216
4351 6.216 6.216
4275 6.216 6.216
4188 6.216 6.216
4207 6.216 6.096
4274 6.096 6.096
4298 6.096 6.096
4234 6.096 6.268
4523 6.268 6.268
4188 6.268 6.268
4310 6.268 6.268
4398 6.268 6.148
4343 6.148 6.148
4306 6.148 6.148
4419 6.148 6.148
4386 6.148 6.049
4297 6.049 6.049
4293 6.049 6.049
4188 6.049 6.049
4385 6.049 6.135
4242 6.135 6.135
4265 6.135 6.135
4511 6.135 6.135
4336 6.135 6.028
4328 6.028 6.028
4279 6.028 6.028
4269 6.028 6.028
4188 6.028 6.13
4419 6.13 6.13
4576 6.13 6.13
4340 6.13 6.185
4310 6.185 6.185
4306 6.185 6.185
4299 6.185 6.185
4369 6.185 5.962
4479 5.962 5.962
4238 5.962 5.962
4334 5.962 5.962
4388 5.962 5.898
4291 5.898 5.898
4320 5.898 5.898
4324 5.898 5.958
4291 5.958 5.958
4188 5.958 5.958
4213 5.958 6.112
4382 6.112 6.112
4263 6.112 6.112
4323 6.112 6.112
4461 6.112 6.112
4207 6.112 6.112
4345 6.112 6.112
4395 6.112 6.021
4281 6.021 6.021
4188 6.021 6.021
4208 6.021 6.021
4405 6.021 6.122
4246 6.122 6.122
4456 6.122 6.122
4232 6.122 6.122
4291 6.122 6.282
4192 6.282 6.282
4266 6.282 6.282
4271 6.282 6.282
4366 6.282 6.384
4460 6.384 6.384
4446 6.384 6.384
4333 6.384 6.384
4279 6.384 6.095
4470 6.095 6.095
4388 6.095 6.095
4284 6.095 6.095
4437 6.095 6.022
4473 6.022 6.022
4427 6.022 6.022
4273 6.022 5.997
4429 5.997 5.997
4298 5.997 5.997
4328 5.997 5.815
4378 5.815 5.815
4511 5.815 5.815
4412 5.815 5.796
4284 5.796 5.796
4318 5.796 5.796
4206 5.796 5.679
4191 5.679 5.679
4232 5.679 5.679
4321 5.679 5.703
4261 5.703 5.703
4327 5.703 5.703
4364 5.703 5.799
4339 5.799 5.799
4497 5.799 5.799
4313 5.799 5.876
4188 5.876 5.876
4316 5.876 5.876
4332 5.876 5.84
4434 5.84 5.84
4350 5.84 5.84
4360 5.84 5.947
4273 5.947 5.947
4369 5.947 5.947
4382 5.947 5.876
4392 5.876 5.876
4339 5.876 5.876
4222 5.876 5.876
4190 5.876 5.887
4188 5.887 5.887
4452 5.887 5.887
4350 5.887 6.014
4418 6.014 6.014
4474 6.014 6.014
4243 6.014 5.854
4283 5.854 5.854
4188 5.854 5.854
4292 5.854 5.686
4243 5.686 5.686
4243 5.686 5.686
4345 5.686 5.958
4188 5.958 5.958
4274 5.958 5.958
4258 5.958 6.02
4265 6.02 6.02
4403 6.02 6.02
4457 6.02 6.02
4227 6.02 5.941
4325 5.941 5.941
4459 5.941 5.941
4476 5.941 5.834
4464 5.834 5.834
4352 5.834 5.834
4188 5.834 5.834
4444 5.834 5.861
4188 5.861 5.861
4341 5.861 5.861
4334 5.861 6.015
4261 6.015 6.015
4188 6.015 6.015
4207 6.015 6.27
4241 6.27 6.27
4422 6.27 6.27
4409 6.27 6.399
4411 6.399 6.399
4272 6.399 6.399
4224 6.399 6.399
4188 6.399 6.334
4225 6.334 6.334
4274 6.334 6.334
4191 6.334 6.334
4236 6.334 6.449
4314 6.449 6.449
4188 6.449 6.449
4227 6.449 6.449
4290 6.449 6.569
4188 6.569 6.569
4362 6.569 6.569
4540 6.569 6.569
4605 6.569 6.522
4288 6.522 6.522
4316 6.522 6.522
4188 6.522 6.522
4301 6.522 6.418
4473 6.418 6.418
4277 6.418 6.418
4269 6.418 6.418
4253 6.418 6.376
4189 6.376 6.376
4230 6.376 6.376
4358 6.376 6.376
4348 6.376 6.575
4393 6.575 6.575
4481 6.575 6.575
4558 6.575 6.575
4353 6.575 6.582
4197 6.582 6.582
4301 6.582 6.582
4471 6.582 6.582
4364 6.582 6.5
4293 6.5 6.5
4254 6.5 6.5
4330 6.5 6.5
4339 6.5 6.532
4270 6.532 6.532
4296 6.532 6.532
4286 6.532 6.532
4289 6.532 6.849
4197 6.849 6.849
4367 6.849 6.849
4246 6.849 6.849
4278 6.849 6.83
4622 6.83 6.83
4391 6.83 6.83
4401 6.83 6.83
4430 6.83 6.68
4446 6.68 6.68
4421 6.68 6.68
4198 6.68 6.68
4212 6.68 6.39
4336 6.39 6.39
4288 6.39 6.39
4263 6.39 6.39
4384 6.39 6.783
4231 6.783 6.783
4317 6.783 6.783
4340 6.783 6.783
4375 6.783 6.829
4434 6.829 6.829
4393 6.829 6.829
4290 6.829 6.829
4232 6.829 6.734
4199 6.734 6.734
4351 6.734 6.734
4296 6.734 6.734
4308 6.734 6.759
4490 6.759 6.759
4228 6.759 6.759
4303 6.759 6.759
4487 6.759 6.727
4550 6.727 6.727
4254 6.727 6.727
4338 6.727 6.727
4483 6.727 6.689
4300 6.689 6.689
4325 6.689 6.689
4370 6.689 6.689
4314 6.689 6.737
4247 6.737 6.737
4346 6.737 6.737
4188 6.737 6.737
4268 6.737 6.806
4194 6.806 6.806
4390 6.806 6.806
4309 6.806 6.806
4298 6.806 6.953
4246 6.953 6.953
4402 6.953 6.953
4365 6.953 6.953
4188 6.953 6.828
4251 6.828 6.828
4262 6.828 6.828
4273 6.828 6.828
4321 6.828 6.773
4253 6.773 6.773
4301 6.773 6.773
4340 6.773 6.773
4584 6.773 7.022
4379 7.022 7.022
4321 7.022 7.022
4260 7.022 7.022
4411 7.022 6.762
4305 6.762 6.762
4310 6.762 6.762
4267 6.762 6.762
4188 6.762 6.602
4308 6.602 6.602
4431 6.602 6.602
4321 6.602 6.602
4313 6.602 6.692
4234 6.692 6.692
4253 6.692 6.692
4290 6.692 6.692
4553 6.692 6.696
4371 6.696 6.696
4332 6.696 6.696
4425 6.696 6.696
4322 6.696 6.593
4338 6.593 6.593
4261 6.593 6.593
4188 6.593 6.593
4407 6.593 6.542
4403 6.542 6.542
4278 6.542 6.542
4486 6.542 6.542
4460 6.542 6.934
4297 6.934 6.934
4394 6.934 6.934
4469 6.934 6.934
4498 6.934 6.729
4213 6.729 6.729
4347 6.729 6.729
4259 6.729 6.729
4281 6.729 6.48
4233 6.48 6.48
4309 6.48 6.48
4482 6.48 6.48
4280 6.48 6.506
4233 6.506 6.506
4234 6.506 6.506
4207 6.506 6.506
4259 6.506 6.271
4316 6.271 6.271
4308 6.271 6.271
4389 6.271 6.271
4238 6.271 6.048
4461 6.048 6.048
4472 6.048 6.048
4477 6.048 6.093
4274 6.093 6.093
4229 6.093 6.093
4311 6.093 6.093
4250 6.093 6.019
4207 6.019 6.019
4316 6.019 6.019
4195 6.019 6.066
4300 6.066 6.066
4221 6.066 6.066
4555 6.066 6.327
4296 6.327 6.327
4354 6.327 6.327
4381 6.327 6.327
4207 6.327 6.325
4299 6.325 6.325
4188 6.325 6.325
4502 6.325 6.325
4428 6.325 6.376
4263 6.376 6.376
4188 6.376 6.376
4188 6.376 6.376
4384 6.376 6.301
4243 6.301 6.301
4279 6.301 6.301
4266 6.301 6.301
4624 6.301 6.555
4408 6.555 6.555
4262 6.555 6.555
4336 6.555 6.555
4478 6.555 6.48
4259 6.48 6.48
4337 6.48 6.48
4188 6.48 6.48
4413 6.48 6.572
4341 6.572 6.572
4304 6.572 6.572
4235 6.572 6.572
4548 6.572 6.529
4445 6.529 6.529
4303 6.529 6.529
4370 6.529 6.529
4340 6.529 6.207
4375 6.207 6.207
4292 6.207 6.207
4274 6.207 6.207
4352 6.207 6.306
4330 6.306 6.306
4293 6.306 6.306
4261 6.306 6.306
4252 6.306 6.388
4320 6.388 6.388
4397 6.388 6.388
4396 6.388 6.388
4336 6.388 6.354
4441 6.354 6.354
4272 6.354 6.354
4244 6.354 6.354
4357 6.354 6.242
4236 6.242 6.242
4272 6.242 6.242
4392 6.242 6.242
4286 6.242 6.251
4188 6.251 6.251
4380 6.251 6.251
4249 6.251 6.251
4335 6.251 6.539
4465 6.539 6.539
4567 6.539 6.539
4246 6.539 6.539
4392 6.539 6.686
4303 6.686 6.686
4288 6.686 6.686
4423 6.686 6.686
4337 6.686 6.294
4331 6.294 6.294
4407 6.294 6.294
4593 6.294 6.294
4212 6.294 6.554
4229 6.554 6.554
4283 6.554 6.554
4336 6.554 6.625
4272 6.625 6.625
4311 6.625 6.625
4478 6.625 6.625
4546 6.625 6.682
4191 6.682 6.682
4355 6.682 6.682
4643 6.682 6.682
4547 6.682 6.845
4284 6.845 6.845
4377 6.845 6.845
4394 6.845 6.845
4346 6.845 6.828
4283 6.828 6.828
4221 6.828 6.828
4292 6.828 6.828
4391 6.828 6.822
4188 6.822 6.822
4258 6.822 6.822
4317 6.822 6.822
4188 6.822 6.822
4410 6.822 6.822
4414 6.822 6.822
4295 6.822 6.822
4292 6.822 6.759
4259 6.759 6.759
4299 6.759 6.759
4359 6.759 6.759
4231 6.759 6.651
4343 6.651 6.651
4265 6.651 6.651
4374 6.651 6.651
4429 6.651 6.676
4561 6.676 6.676
4367 6.676 6.676
4283 6.676 6.676
4329 6.676 6.623
4308 6.623 6.623
4266 6.623 6.623
4308 6.623 6.623
4244 6.623 6.425
4364 6.425 6.425
4188 6.425 6.425
4286 6.425 6.425
4354 6.425 6.505
4325 6.505 6.505
4325 6.505 6.505
4188 6.505 6.505
4241 6.505 6.389
4277 6.389 6.389
4370 6.389 6.389
4325 6.389 6.389
4346 6.389 6.432
4253 6.432 6.432
4275 6.432 6.432
4368 6.432 6.432
4467 6.432 6.411
4277 6.411 6.411
4223 6.411 6.411
4188 6.411 6.411
4290 6.411 6.301
4303 6.301 6.301
4188 6.301 6.301
4188 6.301 6.301
4235 6.301 6.559
4324 6.559 6.559
4328 6.559 6.559
4324 6.559 6.559
4366 6.559 6.598
4257 6.598 6.598
4188 6.598 6.598
4262 6.598 6.598
4336 6.598 6.493
4249 6.493 6.493
4260 6.493 6.493
4327 6.493 6.493
4511 6.493 6.475
4606 6.475 6.475
4327 6.475 6.475
4188 6.475 6.475
4321 6.475 6.46
4434 6.46 6.46
4283 6.46 6.46
4354 6.46 6.46
4406 6.46 6.422
4413 6.422 6.422
4445 6.422 6.422
4188 6.422 6.422
4202 6.422 6.448
4452 6.448 6.448
4373 6.448 6.448
4235 6.448 6.448
4275 6.448 6.429
4415 6.429 6.429
4338 6.429 6.429
4188 6.429 6.429
4224 6.429 6.424
4222 6.424 6.424
4236 6.424 6.424
4342 6.424 6.424
4219 6.424 6.58
4188 6.58 6.58
4330 6.58 6.58
4493 6.58 6.58
4386 6.58 6.675
4188 6.675 6.675
4370 6.675 6.675
4256 6.675 6.675
4307 6.675 6.647
4241 6.647 6.647
4216 6.647 6.647
4213 6.647 6.647
4329 6.647 6.573
4459 6.573 6.573
4570 6.573 6.573
4418 6.573 6.573
4310 6.573 6.589
4324 6.589 6.589
4404 6.589 6.589
4406 6.589 6.589
4301 6.589 6.511
4344 6.511 6.511
4465 6.511 6.511
4436 6.511 6.511
4458 6.511 6.404
4324 6.404 6.404
4188 6.404 6.404
4363 6.404 6.404
4307 6.404 6.327
4368 6.327 6.327
4281 6.327 6.327
4310 6.327 6.327
4188 6.327 6.462
4188 6.462 6.462
4265 6.462 6.462
4223 6.462 6.462
4257 6.462 6.505
4356 6.505 6.505
4423 6.505 6.505
4258 6.505 6.505
4310 6.505 6.329
4544 6.329 6.329
4444 6.329 6.329
4438 6.329 6.329
4279 6.329 6.241
4372 6.241 6.241
4470 6.241 6.241
4283 6.241 6.241
4453 6.241 6.349
4301 6.349 6.349
4335 6.349 6.349
4192 6.349 6.349
4235 6.349 6.179
4442 6.179 6.179
4396 6.179 6.179
4409 6.179 6.179
4383 6.179 6.185
4468 6.185 6.185
4557 6.185 6.185
4537 6.185 6.185
4404 6.185 6.171
4301 6.171 6.171
4336 6.171 6.171
4492 6.171 6.171
4468 6.171 6.237
4245 6.237 6.237
4201 6.237 6.237
4273 6.237 6.237
4331 6.237 6.19
4286 6.19 6.19
4290 6.19 6.19
4310 6.19 6.19
4353 6.19 6.245
4219 6.245 6.245
4205 6.245 6.245
4368 6.245 6.245
4313 6.245 6.313
4232 6.313 6.313
4347 6.313 6.313
4207 6.313 6.313
4318 6.313 6.313
4266 6.313 6.313
4195 6.313 6.313
4355 6.313 6.313
4192 6.313 6.267
4327 6.267 6.267
4363 6.267 6.267
4339 6.267 6.267
4271 6.267 6.376
4363 6.376 6.376
4188 6.376 6.376
4241 6.376 6.376
4269 6.376 6.336
4209 6.336 6.336
4483 6.336 6.336
4308 6.336 6.336
4188 6.336 6.314
4241 6.314 6.314
4244 6.314 6.314
4358 6.314 6.314
4285 6.314 6.311
4358 6.311 6.311
4286 6.311 6.311
4326 6.311 6.311
4229 6.311 6.319
4254 6.319 6.319
4305 6.319 6.319
4253 6.319 6.319
4342 6.319 6.205
4258 6.205 6.205
4262 6.205 6.205
4273 6.205 6.205
4347 6.205 6.137
4298 6.137 6.137
4244 6.137 6.137
4332 6.137 6.137
4387 6.137 6.107
4567 6.107 6.107
4286 6.107 6.107
4210 6.107 6.107
4188 6.107 6.095
4239 6.095 6.095
4405 6.095 6.095
4305 6.095 6.093
4188 6.093 6.093
4272 6.093 6.093
4295 6.093 6.093
4287 6.093 6.021
4388 6.021 6.021
4264 6.021 6.021
4280 6.021 6.021
4224 6.021 5.909
4423 5.909 5.909
4339 5.909 5.909
4375 5.909 5.593
4469 5.593 5.593
4361 5.593 5.593
4365 5.593 5.458
4320 5.458 5.458
4386 5.458 5.458
4280 5.458 5.377
4334 5.377 5.377
4294 5.377 5.377
4243 5.377 5.526
4317 5.526 5.526
4213 5.526 5.526
4368 5.526 5.613
4282 5.613 5.613
4316 5.613 5.613
4198 5.613 5.906
4356 5.906 5.906
4470 5.906 5.906
4240 5.906 5.956
4188 5.956 5.956
4362 5.956 5.956
4251 5.956 5.956
4363 5.956 5.9
4188 5.9 5.9
4188 5.9 5.9
4188 5.9 5.813
4265 5.813 5.813
4356 5.813 5.813
4188 5.813 5.804
4188 5.804 5.804
4254 5.804 5.804
4264 5.804 5.851
4358 5.851 5.851
4282 5.851 5.851
4223 5.851 5.955
4299 5.955 5.955
4314 5.955 5.955
4336 5.955 5.878
4442 5.878 5.878
4188 5.878 5.878
4188 5.878 5.977
4188 5.977 5.977
4356 5.977 5.977
4519 5.977 6.053
4579 6.053 6.053
4460 6.053 6.053
4289 6.053 6.053
4340 6.053 5.87
4398 5.87 5.87
4398 5.87 5.87
4277 5.87 5.684
4224 5.684 5.684
4245 5.684 5.684
4310 5.684 5.714
4188 5.714 5.714
4258 5.714 5.714
4360 5.714 5.87
4670 5.87 5.87
4674 5.87 5.87
4581 5.87 5.567
4528 5.567 5.567
4480 5.567 5.567
4303 5.567 5.169
4220 5.169 5.169
4271 5.169 5.169
4242 5.169 5.269
4347 5.269 5.269
4261 5.269 5.269
4237 5.269 5.484
4405 5.484 5.484
4565 5.484 5.484
4438 5.484 5.358
4397 5.358 5.358
4368 5.358 5.358
4485 5.358 5.23
4302 5.23 5.23
4289 5.23 5.23
4271 5.23 5.274
4188 5.274 5.274
4252 5.274 5.274
4188 5.274 5.481
4391 5.481 5.481
4244 5.481 5.481
4238 5.481 5.483
4370 5.483 5.483
4424 5.483 5.483
4497 5.483 5.33
4266 5.33 5.33
4188 5.33 5.33
4315 5.33 5.31
4308 5.31 5.31
4290 5.31 5.31
4369 5.31 5.463
4437 5.463 5.463
4274 5.463 5.463
4418 5.463 5.26
4397 5.26 5.26
4232 5.26 5.26
4332 5.26 5.195
4245 5.195 5.195
4188 5.195 5.195
4188 5.195 5.502
4329 5.502 5.502
4459 5.502 5.502
4302 5.502 6.013
4417 6.013 6.013
4258 6.013 6.013
4220 6.013 6.075
4227 6.075 6.075
4275 6.075 6.075
4348 6.075 6.075
4218 6.075 5.842
4340 5.842 5.842
4370 5.842 5.842
4509 5.842 5.859
4425 5.859 5.859
4356 5.859 5.859
4233 5.859 5.857
4188 5.857 5.857
4255 5.857 5.857
4434 5.857 6.017
4460 6.017 6.017
4534 6.017 6.017
4402 6.017 6.017
4258 6.017 5.787
4271 5.787 5.787
4555 5.787 5.787
4400 5.787 5.743
4306 5.743 5.743
4240 5.743 5.743
4248 5.743 6.018
4327 6.018 6.018
4223 6.018 6.018
4265 6.018 6.11
4294 6.11 6.11
4188 6.11 6.11
4312 6.11 6.11
4327 6.11 6.088
4214 6.088 6.088
4214 6.088 6.088
4188 6.088 6.088
4246 6.088 6.084
4424 6.084 6.084
4287 6.084 6.084
4418 6.084 5.939
4225 5.939 5.939
4327 5.939 5.939
4424 5.939 5.939
4363 5.939 5.926
4369 5.926 5.926
4555 5.926 5.926
4447 5.926 5.806
4257 5.806 5.806
4237 5.806 5.806
4357 5.806 5.806
4188 5.806 5.808
4282 5.808 5.808
4413 5.808 5.808
4217 5.808 5.783
4188 5.783 5.783
4238 5.783 5.783
4188 5.783 5.814
4188 5.814 5.814
4390 5.814 5.814
4255 5.814 5.878
4406 5.878 5.878
4353 5.878 5.878
4402 5.878 5.683
4405 5.683 5.683
4448 5.683 5.683
4384 5.683 5.479
4226 5.479 5.479
4260 5.479 5.479
4322 5.479 5.307
4333 5.307 5.307
4325 5.307 5.307
4373 5.307 5.384
4220 5.384 5.384
