4449 100.0 100.0
6102 100.0 100.0
7755 100.0 100.0
9408 100.0 100.0
11061 100.0 100.0
12714 100.0 100.0
14367 100.0 100.0
16020 100.0 100.0
17673 100.0 100.0
19326 100.0 100.0
20979 100.0 100.0
22632 100.0 100.0
24285 100.0 100.0
25938 100.0 100.0
27591 100.0 100.0
29244 100.0 100.0
30897 100.0 100.0
32550 100.0 100.0
34203 100.0 100.0
35856 100.0 100.0
37509 100.0 100.0
39162 100.0 100.0
40815 100.0 100.0
42468 100.0 100.0
44121 100.0 100.0
45774 100.0 100.0
47427 100.0 100.0
49080 100.0 100.0
50733 100.0 100.0
52386 100.0 100.0
54039 100.0 100.0
55692 100.0 100.0
57345 100.0 100.0
58998 100.0 100.0
60651 100.0 100.0
62304 100.0 100.0
63957 100.0 100.0
65610 100.0 100.0
67263 100.0 100.0
68916 100.0 100.0
70569 100.0 100.0
72222 100.0 100.0
73875 100.0 100.0
75528 100.0 100.0
77181 100.0 100.0
78834 100.0 100.0
80487 100.0 100.0
82140 100.0 100.0
83793 100.0 100.0
85446 100.0 100.0
87099 100.0 100.0
88752 100.0 100.0
90405 100.0 19.705
16356 19.705 19.705
16657 19.705 19.705
17400 19.705 19.705
17826 19.705 19.705
19140 19.705 19.705
19429 19.705 19.705
20793 19.705 19.705
20880 19.705 19.705
20880 19.705 19.705
20793 19.705 19.705
18792 19.705 9.184
6873 9.184 9.184
6960 9.184 9.184
7047 9.184 9.184
7648 9.184 9.184
8178 9.184 5.086
5742 5.086 5.086
4992 5.086 5.086
4757 5.086 3.821
4257 3.821 3.821
4188 3.821 4.161
4262 4.161 4.161
4472 4.161 4.516
4552 4.516 4.516
4596 4.516 4.516
4580 4.516 4.146
4401 4.146 4.146
4527 4.146 4.146
4446 4.146 3.871
4556 3.871 3.871
4316 3.871 4.062
4188 4.062 4.062
4246 4.062 4.425
4533 4.425 4.425
4369 4.425 4.425
4400 4.425 4.204
4387 4.204 4.204
4192 4.204 4.204
4440 4.204 4.089
4515 4.089 4.089
4461 4.089 4.089
4188 4.089 4.182
4410 4.182 4.182
4289 4.182 4.181
4594 4.181 4.181
4663 4.181 4.181
4606 4.181 4.193
4579 4.193 4.193
4502 4.193 4.193
4228 4.193 4.083
4188 4.083 4.083
4259 4.083 4.24
4470 4.24 4.24
4323 4.24 4.24
4272 4.24 4.272
4188 4.272 4.272
4320 4.272 4.272
4280 4.272 4.182
4271 4.182 4.182
4512 4.182 4.182
4315 4.182 4.18
4224 4.18 4.18
4264 4.18 4.18
4473 4.18 4.15
4483 4.15 4.15
4282 4.15 4.15
4307 4.15 4.159
4479 4.159 4.159
4344 4.159 4.159
4397 4.159 4.236
4243 4.236 4.236
4224 4.236 4.236
4348 4.236 4.334
4317 4.334 4.334
4449 4.334 4.334
4288 4.334 4.225
4386 4.225 4.225
4576 4.225 4.225
4395 4.225 4.297
4298 4.297 4.297
4379 4.297 4.297
4407 4.297 4.388
4324 4.388 4.388
4291 4.388 4.388
4188 4.388 4.417
4265 4.417 4.417
4418 4.417 4.417
4399 4.417 4.386
4496 4.386 4.386
4440 4.386 4.386
4493 4.386 4.409
4462 4.409 4.409
4339 4.409 4.409
4327 4.409 4.499
4326 4.499 4.499
4250 4.499 4.499
4244 4.499 4.526
4346 4.526 4.526
4364 4.526 4.526
4400 4.526 4.252
4247 4.252 4.252
4273 4.252 4.252
4188 4.252 4.302
4188 4.302 4.302
4239 4.302 4.432
4385 4.432 4.432
4310 4.432 4.432
4390 4.432 4.273
4484 4.273 4.273
4428 4.273 4.273
4246 4.273 4.201
4390 4.201 4.201
4212 4.201 4.201
4213 4.201 4.387
4672 4.387 4.387
4611 4.387 4.387
4451 4.387 4.17
4188 4.17 4.17
4309 4.17 4.17
4301 4.17 4.151
4325 4.151 4.151
4250 4.151 4.149
4247 4.149 4.149
4216 4.149 4.149
4341 4.149 4.286
4397 4.286 4.286
4396 4.286 4.286
4366 4.286 4.108
4356 4.108 4.108
4299 4.108 4.108
4188 4.108 4.194
4406 4.194 4.194
4524 4.194 4.393
4282 4.393 4.393
4252 4.393 4.393
4230 4.393 4.385
4308 4.385 4.385
4433 4.385 4.385
4529 4.385 4.298
4436 4.298 4.298
4344 4.298 4.298
4253 4.298 4.222
4188 4.222 4.222
4188 4.222 4.222
4188 4.222 4.232
4298 4.232 4.232
4188 4.232 4.232
4251 4.232 4.276
4198 4.276 4.276
4188 4.276 4.276
4281 4.276 4.247
4206 4.247 4.247
4268 4.247 4.247
4349 4.247 4.342
4387 4.342 4.342
4188 4.342 4.342
4258 4.342 4.444
4188 4.444 4.444
4297 4.444 4.444
4267 4.444 4.446
4214 4.446 4.446
4309 4.446 4.446
4188 4.446 4.464
4249 4.464 4.464
4188 4.464 4.464
4327 4.464 4.498
4333 4.498 4.498
4213 4.498 4.498
4276 4.498 4.467
4300 4.467 4.467
4285 4.467 4.467
4265 4.467 4.547
4356 4.547 4.547
4427 4.547 4.547
4478 4.547 4.398
4646 4.398 4.398
4582 4.398 4.398
4517 4.398 4.359
4457 4.359 4.359
4466 4.359 4.359
4493 4.359 4.276
4289 4.276 4.276
4473 4.276 4.276
4440 4.276 4.109
4753 4.109 4.109
4470 4.109 4.109
4549 4.109 3.918
4279 3.918 3.918
4225 3.918 3.888
4188 3.888 3.888
4209 3.888 4.102
4352 4.102 4.102
4201 4.102 4.102
4188 4.102 4.141
4269 4.141 4.141
4212 4.141 4.141
4291 4.141 4.278
4575 4.278 4.278
4424 4.278 4.278
4300 4.278 3.96
4264 3.96 3.96
4204 3.96 3.96
4188 3.96 4.044
4293 4.044 4.044
4213 4.044 4.106
4413 4.106 4.106
4568 4.106 4.106
4548 4.106 4.086
4414 4.086 4.086
4383 4.086 4.086
4188 4.086 3.932
4301 3.932 3.932
4230 3.932 4.107
4188 4.107 4.107
4284 4.107 4.323
4263 4.323 4.323
4188 4.323 4.323
4252 4.323 4.366
4205 4.366 4.366
4240 4.366 4.366
4267 4.366 4.311
4241 4.311 4.311
4217 4.311 4.311
4188 4.311 4.319
4374 4.319 4.319
4223 4.319 4.319
4211 4.319 4.386
4319 4.386 4.386
4257 4.386 4.386
4294 4.386 4.412
4519 4.412 4.412
4579 4.412 4.412
4517 4.412 4.286
4356 4.286 4.286
4330 4.286 4.286
4188 4.286 4.304
4276 4.304 4.304
4320 4.304 4.503
4207 4.503 4.503
4484 4.503 4.503
4606 4.503 4.543
4540 4.543 4.543
4401 4.543 4.543
4309 4.543 4.284
4203 4.284 4.284
4196 4.284 4.284
4371 4.284 4.399
4275 4.399 4.399
4188 4.399 4.399
4326 4.399 4.518
4346 4.518 4.518
4355 4.518 4.518
4531 4.518 4.395
4484 4.395 4.395
4188 4.395 4.395
4248 4.395 4.399
4270 4.399 4.399
4188 4.399 4.399
4323 4.399 4.436
4344 4.436 4.436
4505 4.436 4.436
4555 4.436 4.531
4553 4.531 4.531
4301 4.531 4.531
4291 4.531 4.323
4292 4.323 4.323
4244 4.323 4.323
4335 4.323 4.515
4370 4.515 4.515
4313 4.515 4.515
4315 4.515 4.496
4324 4.496 4.496
4443 4.496 4.496
4295 4.496 4.464
4188 4.464 4.464
4188 4.464 4.464
4323 4.464 4.372
4333 4.372 4.372
4349 4.372 4.372
4303 4.372 4.476
4364 4.476 4.476
4311 4.476 4.476
4605 4.476 4.398
4656 4.398 4.398
4543 4.398 4.398
4429 4.398 4.175
4597 4.175 4.175
4482 4.175 4.175
4348 4.175 4.137
4314 4.137 4.137
4321 4.137 4.137
4397 4.137 4.163
4189 4.163 4.163
4375 4.163 4.163
4338 4.163 4.123
4269 4.123 4.123
4225 4.123 4.123
4271 4.123 4.098
4329 4.098 4.098
4260 4.098 4.035
4577 4.035 4.035
4367 4.035 4.035
4292 4.035 3.967
4272 3.967 3.967
4466 3.967 3.842
4555 3.842 3.842
4460 3.842 3.775
4377 3.775 3.775
4348 3.775 3.78
4188 3.78 3.78
4295 3.78 3.837
4188 3.837 3.837
4220 3.837 3.984
4473 3.984 3.984
4352 3.984 4.071
4196 4.071 4.071
4311 4.071 4.127
4384 4.127 4.127
4426 4.127 4.127
4475 4.127 4.136
4380 4.136 4.136
4222 4.136 4.136
4386 4.136 4.202
4491 4.202 4.202
4423 4.202 4.202
4230 4.202 4.332
4217 4.332 4.332
4260 4.332 4.332
4372 4.332 4.418
4612 4.418 4.418
4380 4.418 4.418
4234 4.418 4.264
4188 4.264 4.264
4188 4.264 4.264
4329 4.264 4.291
4316 4.291 4.291
4323 4.291 4.291
4388 4.291 4.429
4412 4.429 4.429
4421 4.429 4.429
4385 4.429 4.275
4481 4.275 4.275
4525 4.275 4.275
4313 4.275 4.111
4231 4.111 4.111
4274 4.111 4.111
4188 4.111 4.231
4188 4.231 4.231
4412 4.231 4.448
4288 4.448 4.448
4452 4.448 4.448
4428 4.448 4.227
4404 4.227 4.227
4354 4.227 4.227
4188 4.227 4.234
4485 4.234 4.234
4291 4.234 4.376
4294 4.376 4.376
4192 4.376 4.376
4332 4.376 4.347
4309 4.347 4.347
4395 4.347 4.347
4328 4.347 4.263
4188 4.263 4.263
4265 4.263 4.263
4275 4.263 4.371
4386 4.371 4.371
4188 4.371 4.371
4369 4.371 4.332
4262 4.332 4.332
4188 4.332 4.332
4287 4.332 4.33
4188 4.33 4.33
4272 4.33 4.33
4385 4.33 4.4
4257 4.4 4.4
4238 4.4 4.4
4244 4.4 4.499
4366 4.499 4.499
4188 4.499 4.499
4399 4.499 4.455
4252 4.455 4.455
4188 4.455 4.455
4188 4.455 4.517
4272 4.517 4.517
4278 4.517 4.517
4289 4.517 4.634
4278 4.634 4.634
4362 4.634 4.634
4421 4.634 4.397
4208 4.397 4.397
4283 4.397 4.397
4233 4.397 4.469
4384 4.469 4.469
4259 4.469 4.469
4283 4.469 4.537
4342 4.537 4.537
4533 4.537 4.537
4613 4.537 4.465
4373 4.465 4.465
4330 4.465 4.465
4382 4.465 4.397
4268 4.397 4.397
4618 4.397 4.397
4213 4.397 4.55
4287 4.55 4.55
4297 4.55 4.55
4403 4.55 4.672
4424 4.672 4.672
4307 4.672 4.672
4489 4.672 4.608
4206 4.608 4.608
4264 4.608 4.608
4345 4.608 4.567
4290 4.567 4.567
4423 4.567 4.567
4388 4.567 4.729
4520 4.729 4.729
4488 4.729 4.729
4471 4.729 4.599
4247 4.599 4.599
4289 4.599 4.599
4193 4.599 4.495
4247 4.495 4.495
4189 4.495 4.495
4319 4.495 4.714
4433 4.714 4.714
4522 4.714 4.714
4378 4.714 4.804
4448 4.804 4.804
4510 4.804 4.804
4436 4.804 4.594
4592 4.594 4.594
4469 4.594 4.594
4291 4.594 4.552
4276 4.552 4.552
4265 4.552 4.552
4422 4.552 4.666
4192 4.666 4.666
4188 4.666 4.666
4202 4.666 4.75
4336 4.75 4.75
4397 4.75 4.75
4244 4.75 4.712
4498 4.712 4.712
4460 4.712 4.712
4345 4.712 4.647
4407 4.647 4.647
4196 4.647 4.647
4188 4.647 4.655
4310 4.655 4.655
4387 4.655 4.655
4292 4.655 4.571
4262 4.571 4.571
4324 4.571 4.571
4336 4.571 4.575
4250 4.575 4.575
4306 4.575 4.575
4239 4.575 4.624
4298 4.624 4.624
4300 4.624 4.624
4295 4.624 4.543
4264 4.543 4.543
4260 4.543 4.543
4351 4.543 4.53
4455 4.53 4.53
4409 4.53 4.53
4409 4.53 4.587
4384 4.587 4.587
4296 4.587 4.587
4222 4.587 4.453
4402 4.453 4.453
4251 4.453 4.453
4297 4.453 4.566
4493 4.566 4.566
4730 4.566 4.566
4825 4.566 4.549
4657 4.549 4.549
4720 4.549 4.549
4544 4.549 4.145
4431 4.145 4.145
4198 4.145 4.145
4400 4.145 4.365
4265 4.365 4.365
4198 4.365 4.619
4477 4.619 4.619
4300 4.619 4.619
4327 4.619 4.568
4310 4.568 4.568
4316 4.568 4.568
4234 4.568 4.372
4297 4.372 4.372
4693 4.372 4.372
4348 4.372 4.395
4417 4.395 4.395
4381 4.395 4.395
4245 4.395 4.283
4362 4.283 4.283
4233 4.283 4.283
4334 4.283 4.328
4331 4.328 4.328
4232 4.328 4.328
4257 4.328 4.361
4437 4.361 4.361
4785 4.361 4.361
4590 4.361 4.233
4409 4.233 4.233
4544 4.233 4.233
4458 4.233 3.866
4431 3.866 3.866
4241 3.866 3.866
4188 3.866 4.01
4370 4.01 4.01
4368 4.01 4.087
4284 4.087 4.087
4354 4.087 4.087
4396 4.087 3.947
4572 3.947 3.947
4409 3.947 3.947
4310 3.947 3.896
4188 3.896 3.896
4305 3.896 4.051
4443 4.051 4.051
4240 4.051 4.08
4209 4.08 4.08
4312 4.08 4.08
4314 4.08 4.102
4486 4.102 4.102
4511 4.102 4.102
4752 4.102 4.1
4464 4.1 4.1
4314 4.1 4.1
4189 4.1 4.106
4281 4.106 4.106
4229 4.106 4.261
4188 4.261 4.261
4250 4.261 4.261
4341 4.261 4.228
4273 4.228 4.228
4276 4.228 4.228
4254 4.228 4.295
4223 4.295 4.295
4280 4.295 4.295
4381 4.295 4.366
4317 4.366 4.366
4315 4.366 4.366
4317 4.366 4.402
4188 4.402 4.402
4251 4.402 4.402
4560 4.402 4.283
4617 4.283 4.283
4382 4.283 4.283
4378 4.283 4.058
4331 4.058 4.058
4432 4.058 4.058
4300 4.058 3.916
4386 3.916 3.916
4199 3.916 3.856
4436 3.856 3.856
4477 3.856 3.813
4599 3.813 3.813
4434 3.813 3.802
4188 3.802 3.802
4316 3.802 3.827
4474 3.827 3.827
4231 3.827 3.695
4302 3.695 3.695
4306 3.695 3.643
4337 3.643 3.643
4300 3.643 3.776
4322 3.776 3.776
4366 3.776 3.684
4424 3.684 3.684
4312 3.684 3.675
4188 3.675 3.675
4228 3.675 3.808
4577 3.808 3.808
4558 3.808 3.802
4396 3.802 3.802
4382 3.802 3.665
4208 3.665 3.665
4266 3.665 3.711
4238 3.711 3.711
4344 3.711 3.674
4354 3.674 3.674
4324 3.674 3.714
4530 3.714 3.714
4326 3.714 3.536
4188 3.536 3.536
4296 3.536 3.546
4341 3.546 3.546
4258 3.546 3.644
4244 3.644 3.644
4188 3.644 3.677
4346 3.677 3.677
4324 3.677 3.657
4583 3.657 3.657
4287 3.657 3.554
4205 3.554 3.554
4234 3.554 3.68
4264 3.68 3.68
4188 3.68 3.94
4330 3.94 3.94
4640 3.94 3.743
4423 3.743 3.743
4293 3.743 3.743
4413 3.743 3.546
4284 3.546 3.546
4303 3.546 3.568
4294 3.568 3.568
4255 3.568 3.797
4475 3.797 3.797
4357 3.797 3.721
4456 3.721 3.721
4433 3.721 3.606
4258 3.606 3.606
4239 3.606 3.724
4265 3.724 3.724
4291 3.724 3.762
4339 3.762 3.762
4403 3.762 3.816
4442 3.816 3.816
4188 3.816 3.85
4228 3.85 3.85
4407 3.85 3.944
4269 3.944 3.944
4234 3.944 3.931
4288 3.931 3.931
4371 3.931 3.959
4188 3.959 3.959
4188 3.959 4.015
4188 4.015 4.015
4366 4.015 3.983
4313 3.983 3.983
4188 3.983 3.983
4188 3.983 4.065
4188 4.065 4.065
4188 4.065 4.114
4268 4.114 4.114
4328 4.114 4.114
4190 4.114 4.166
4355 4.166 4.166
4348 4.166 4.111
4541 4.111 4.111
4369 4.111 4.111
4368 4.111 4.07
4234 4.07 4.07
4188 4.07 4.241
4330 4.241 4.241
4284 4.241 4.374
4589 4.374 4.374
4518 4.374 4.374
4519 4.374 4.219
4408 4.219 4.219
4306 4.219 4.219
4419 4.219 4.091
4354 4.091 4.091
4270 4.091 4.091
4188 4.091 4.243
4259 4.243 4.243
4466 4.243 4.19
4530 4.19 4.19
4672 4.19 4.19
4562 4.19 4.023
4539 4.023 4.023
4308 4.023 4.023
4297 4.023 3.893
4335 3.893 3.893
4361 3.893 3.993
4258 3.993 3.993
4413 3.993 4.131
4492 4.131 4.131
4386 4.131 4.131
4273 4.131 4.063
4489 4.063 4.063
4266 4.063 4.063
4251 4.063 3.968
4238 3.968 3.968
4366 3.968 4.186
4245 4.186 4.186
4192 4.186 4.186
4269 4.186 4.257
4283 4.257 4.257
4188 4.257 4.257
4310 4.257 4.364
4270 4.364 4.364
4188 4.364 4.364
4191 4.364 4.257
4229 4.257 4.257
4320 4.257 4.257
4423 4.257 4.456
4188 4.456 4.456
4452 4.456 4.456
4448 4.456 4.6
4430 4.6 4.6
4463 4.6 4.6
4482 4.6 4.363
4391 4.363 4.363
4397 4.363 4.363
4202 4.363 4.282
4188 4.282 4.282
4188 4.282 4.346
4387 4.346 4.346
4287 4.346 4.346
4256 4.346 4.39
4288 4.39 4.39
4321 4.39 4.39
4188 4.39 4.295
4463 4.295 4.295
4252 4.295 4.295
4250 4.295 4.231
4337 4.231 4.231
4332 4.231 4.231
4447 4.231 4.335
4507 4.335 4.335
4496 4.335 4.335
4399 4.335 4.084
4388 4.084 4.084
4212 4.084 4.084
4553 4.084 4.225
4379 4.225 4.225
4372 4.225 4.225
4379 4.225 4.343
4272 4.343 4.343
4188 4.343 4.343
4330 4.343 4.499
4323 4.499 4.499
4404 4.499 4.499
4226 4.499 4.415
4188 4.415 4.415
4361 4.415 4.415
4406 4.415 4.387
4487 4.387 4.387
4498 4.387 4.387
4612 4.387 4.278
4565 4.278 4.278
4287 4.278 4.278
4344 4.278 4.098
4245 4.098 4.098
4265 4.098 4.098
4215 4.098 4.164
4548 4.164 4.164
4694 4.164 4.164
4428 4.164 4.063
4210 4.063 4.063
4340 4.063 4.063
4452 4.063 4.039
4394 4.039 4.039
4390 4.039 4.039
4375 4.039 4.049
4208 4.049 4.049
4508 4.049 4.074
4347 4.074 4.074
4415 4.074 4.074
4188 4.074 4.145
4391 4.145 4.145
4308 4.145 4.093
4268 4.093 4.093
4289 4.093 4.093
4188 4.093 4.22
4217 4.22 4.22
4340 4.22 4.26
4293 4.26 4.26
4355 4.26 4.26
4376 4.26 4.232
4255 4.232 4.232
4232 4.232 4.232
4347 4.232 4.305
4340 4.305 4.305
4585 4.305 4.305
4322 4.305 4.203
4188 4.203 4.203
4272 4.203 4.203
4442 4.203 4.308
4232 4.308 4.308
4188 4.308 4.308
4247 4.308 4.301
4239 4.301 4.301
4335 4.301 4.301
4334 4.301 4.304
4421 4.304 4.304
4358 4.304 4.304
4299 4.304 4.282
4262 4.282 4.282
4348 4.282 4.282
4220 4.282 4.228
4233 4.228 4.228
4212 4.228 4.228
4219 4.228 4.342
4268 4.342 4.342
4517 4.342 4.342
4188 4.342 4.329
4364 4.329 4.329
4357 4.329 4.329
4257 4.329 4.272
4317 4.272 4.272
4407 4.272 4.272
4321 4.272 4.289
4463 4.289 4.289
4259 4.289 4.289
4316 4.289 4.334
4341 4.334 4.334
4288 4.334 4.334
4188 4.334 4.506
4344 4.506 4.506
4293 4.506 4.506
4359 4.506 4.294
4368 4.294 4.294
4421 4.294 4.294
4188 4.294 4.327
4326 4.327 4.327
4243 4.327 4.327
4431 4.327 4.568
4188 4.568 4.568
4513 4.568 4.568
4431 4.568 4.577
4309 4.577 4.577
4448 4.577 4.577
4312 4.577 4.371
4291 4.371 4.371
4244 4.371 4.371
4190 4.371 4.565
4194 4.565 4.565
4319 4.565 4.565
4231 4.565 4.648
4245 4.648 4.648
4367 4.648 4.648
4410 4.648 4.468
4345 4.468 4.468
4334 4.468 4.468
4309 4.468 4.505
4339 4.505 4.505
4325 4.505 4.505
4419 4.505 4.345
4387 4.345 4.345
4326 4.345 4.345
4303 4.345 4.481
4258 4.481 4.481
4188 4.481 4.481
4249 4.481 4.408
4322 4.408 4.408
4398 4.408 4.408
4302 4.408 4.376
4433 4.376 4.376
4307 4.376 4.376
4293 4.376 4.434
4225 4.434 4.434
4188 4.434 4.434
4203 4.434 4.558
4251 4.558 4.558
4245 4.558 4.558
4317 4.558 4.478
4188 4.478 4.478
4359 4.478 4.478
4336 4.478 4.599
4224 4.599 4.599
4325 4.599 4.599
4546 4.599 4.813
4570 4.813 4.813
4345 4.813 4.813
4382 4.813 4.549
4475 4.549 4.549
4459 4.549 4.549
4188 4.549 4.661
4188 4.661 4.661
4188 4.661 4.661
4368 4.661 4.772
4266 4.772 4.772
4452 4.772 4.772
4191 4.772 4.827
4215 4.827 4.827
4473 4.827 4.827
4407 4.827 4.614
4347 4.614 4.614
4263 4.614 4.614
4218 4.614 4.608
4211 4.608 4.608
4379 4.608 4.608
4390 4.608 4.866
4329 4.866 4.866
4714 4.866 4.866
4575 4.866 4.73
4335 4.73 4.73
4508 4.73 4.73
4492 4.73 4.403
4294 4.403 4.403
4359 4.403 4.403
4405 4.403 4.773
4484 4.773 4.773
4284 4.773 4.773
4258 4.773 4.892
4503 4.892 4.892
4563 4.892 4.892
4434 4.892 4.612
4451 4.612 4.612
4249 4.612 4.612
4475 4.612 4.64
4381 4.64 4.64
4257 4.64 4.64
4258 4.64 4.81
4400 4.81 4.81
4408 4.81 4.81
4353 4.81 4.651
4444 4.651 4.651
4372 4.651 4.651
4324 4.651 4.394
4307 4.394 4.394
4341 4.394 4.394
4303 4.394 4.427
4268 4.427 4.427
4232 4.427 4.427
4338 4.427 4.55
4468 4.55 4.55
4453 4.55 4.55
4277 4.55 4.481
4622 4.481 4.481
4382 4.481 4.481
4542 4.481 4.286
4663 4.286 4.286
4363 4.286 4.286
4339 4.286 4.313
4312 4.313 4.313
4271 4.313 4.313
4258 4.313 4.269
4218 4.269 4.269
4358 4.269 4.269
4258 4.269 4.246
4190 4.246 4.246
4468 4.246 4.246
4350 4.246 4.268
4211 4.268 4.268
4305 4.268 4.268
4312 4.268 4.327
4270 4.327 4.327
4401 4.327 4.327
4346 4.327 4.288
4252 4.288 4.288
4391 4.288 4.288
4247 4.288 4.288
4243 4.288 4.288
4188 4.288 4.288
4273 4.288 4.448
4333 4.448 4.448
4295 4.448 4.448
4188 4.448 4.428
4244 4.428 4.428
4401 4.428 4.428
4307 4.428 4.322
4343 4.322 4.322
4222 4.322 4.322
4515 4.322 4.419
4260 4.419 4.419
4209 4.419 4.419
4328 4.419 4.451
4355 4.451 4.451
4409 4.451 4.451
4332 4.451 4.471
4527 4.471 4.471
4508 4.471 4.471
4642 4.471 4.431
4610 4.431 4.431
4705 4.431 4.431
4652 4.431 4.168
4576 4.168 4.168
4532 4.168 4.168
4307 4.168 4.048
4456 4.048 4.048
4305 4.048 4.199
4464 4.199 4.199
4545 4.199 4.199
4296 4.199 4.041
4232 4.041 4.041
4210 4.041 4.041
4454 4.041 4.016
4255 4.016 4.016
4358 4.016 4.016
4225 4.016 4.24
4578 4.24 4.24
4262 4.24 4.246
4549 4.246 4.246
4308 4.246 4.246
4325 4.246 4.17
4415 4.17 4.17
4454 4.17 4.17
4269 4.17 4.137
4427 4.137 4.137
4329 4.137 4.137
4229 4.137 4.249
4407 4.249 4.249
4304 4.249 4.249
4340 4.249 4.204
4188 4.204 4.204
4507 4.204 4.204
4347 4.204 4.119
4243 4.119 4.119
4293 4.119 4.119
4270 4.119 4.373
4304 4.373 4.373
4301 4.373 4.373
4256 4.373 4.39
4346 4.39 4.39
4249 4.39 4.39
4290 4.39 4.237
4343 4.237 4.237
4426 4.237 4.237
4188 4.237 4.274
4431 4.274 4.274
4362 4.274 4.274
4188 4.274 4.272
4392 4.272 4.272
4230 4.272 4.272
4261 4.272 4.328
4188 4.328 4.328
4398 4.328 4.328
4425 4.328 4.191
4327 4.191 4.191
4260 4.191 4.191
4372 4.191 4.041
4350 4.041 4.041
4288 4.041 4.041
4188 4.041 4.217
4199 4.217 4.217
4498 4.217 4.217
4518 4.217 4.087
4381 4.087 4.087
4539 4.087 4.087
4246 4.087 3.864
4314 3.864 3.864
4188 3.864 4.088
4188 4.088 4.088
4188 4.088 4.502
4362 4.502 4.502
4188 4.502 4.502
4513 4.502 4.441
4188 4.441 4.441
4234 4.441 4.441
4363 4.441 4.379
4340 4.379 4.379
4188 4.379 4.379
4342 4.379 4.607
4211 4.607 4.607
4188 4.607 4.607
4210 4.607 4.626
4409 4.626 4.626
4347 4.626 4.626
4619 4.626 4.466
4473 4.466 4.466
4406 4.466 4.466
4270 4.466 4.454
4233 4.454 4.454
4188 4.454 4.454
4188 4.454 4.671
4340 4.671 4.671
4476 4.671 4.671
4462 4.671 4.6
4428 4.6 4.6
4479 4.6 4.6
4208 4.6 4.517
4266 4.517 4.517
4357 4.517 4.517
4263 4.517 4.649
4313 4.649 4.649
4335 4.649 4.649
4379 4.649 4.58
4413 4.58 4.58
4333 4.58 4.58
4368 4.58 4.497
4348 4.497 4.497
4329 4.497 4.497
4459 4.497 4.433
4500 4.433 4.433
4551 4.433 4.433
4536 4.433 4.29
4365 4.29 4.29
4392 4.29 4.29
4286 4.29 4.251
4250 4.251 4.251
4319 4.251 4.251
4390 4.251 4.515
4406 4.515 4.515
4320 4.515 4.515
4437 4.515 4.38
4350 4.38 4.38
4188 4.38 4.38
4188 4.38 4.375
4188 4.375 4.375
4399 4.375 4.375
4188 4.375 4.471
4340 4.471 4.471
4402 4.471 4.471
4261 4.471 4.701
4192 4.701 4.701
4257 4.701 4.701
4188 4.701 4.598
4188 4.598 4.598
4405 4.598 4.598
4361 4.598 4.699
4188 4.699 4.699
4299 4.699 4.699
4345 4.699 4.896
4290 4.896 4.896
4418 4.896 4.896
4465 4.896 4.722
4401 4.722 4.722
4402 4.722 4.722
4237 4.722 4.466
4228 4.466 4.466
4323 4.466 4.466
4189 4.466 4.641
4188 4.641 4.641
4193 4.641 4.641
4284 4.641 4.787
4298 4.787 4.787
4312 4.787 4.787
4188 4.787 4.841
4484 4.841 4.841
4382 4.841 4.841
4300 4.841 4.797
4456 4.797 4.797
4823 4.797 4.797
4485 4.797 4.661
4219 4.661 4.661
4248 4.661 4.661
4268 4.661 4.707
4214 4.707 4.707
4188 4.707 4.707
4292 4.707 4.615
4366 4.615 4.615
4351 4.615 4.615
4262 4.615 4.715
4363 4.715 4.715
4379 4.715 4.715
4353 4.715 4.675
4454 4.675 4.675
4437 4.675 4.675
4428 4.675 4.576
4342 4.576 4.576
4235 4.576 4.576
4332 4.576 4.509
4459 4.509 4.509
4565 4.509 4.509
4515 4.509 4.513
4400 4.513 4.513
4188 4.513 4.513
4344 4.513 4.408
4188 4.408 4.408
4356 4.408 4.408
4234 4.408 4.368
4383 4.368 4.368
4599 4.368 4.368
4658 4.368 4.402
4230 4.402 4.402
4361 4.402 4.402
4314 4.402 4.421
4189 4.421 4.421
4188 4.421 4.421
4188 4.421 4.583
4283 4.583 4.583
4379 4.583 4.583
4481 4.583 4.612
4510 4.612 4.612
4402 4.612 4.612
4454 4.612 4.462
4558 4.462 4.462
4319 4.462 4.462
4279 4.462 4.231
4347 4.231 4.231
4336 4.231 4.231
4343 4.231 4.435
4350 4.435 4.435
4521 4.435 4.435
4382 4.435 4.325
4428 4.325 4.325
4200 4.325 4.325
4296 4.325 4.202
4188 4.202 4.202
4188 4.202 4.202
4188 4.202 4.288
4215 4.288 4.288
4272 4.288 4.288
4479 4.288 4.258
4703 4.258 4.258
4620 4.258 4.258
4400 4.258 4.049
4723 4.049 4.049
4374 4.049 4.049
4188 4.049 4.167
4453 4.167 4.167
4278 4.167 4.123
4395 4.123 4.123
4216 4.123 4.123
4303 4.123 4.22
4339 4.22 4.22
4318 4.22 4.22
4340 4.22 4.143
4188 4.143 4.143
4350 4.143 4.143
4249 4.143 4.144
4286 4.144 4.144
4278 4.144 4.441
4317 4.441 4.441
4350 4.441 4.441
4231 4.441 4.532
4464 4.532 4.532
4329 4.532 4.532
4520 4.532 4.676
4496 4.676 4.676
4606 4.676 4.676
4221 4.676 4.496
4388 4.496 4.496
4298 4.496 4.496
4361 4.496 4.523
4399 4.523 4.523
4321 4.523 4.523
4570 4.523 4.543
4374 4.543 4.543
4573 4.543 4.543
4412 4.543 4.389
4210 4.389 4.389
4281 4.389 4.389
4497 4.389 4.378
4237 4.378 4.378
4188 4.378 4.378
4289 4.378 4.481
4390 4.481 4.481
4341 4.481 4.481
4254 4.481 4.663
4257 4.663 4.663
4322 4.663 4.663
4486 4.663 4.606
4351 4.606 4.606
4271 4.606 4.606
4435 4.606 4.646
4273 4.646 4.646
4460 4.646 4.646
4233 4.646 4.665
4291 4.665 4.665
4352 4.665 4.665
4264 4.665 4.706
4417 4.706 4.706
4325 4.706 4.706
4474 4.706 4.521
4563 4.521 4.521
4335 4.521 4.521
4321 4.521 4.304
4446 4.304 4.304
4490 4.304 4.304
4411 4.304 4.534
4395 4.534 4.534
4358 4.534 4.534
4221 4.534 4.62
4385 4.62 4.62
4287 4.62 4.62
4188 4.62 4.626
4249 4.626 4.626
4262 4.626 4.626
4188 4.626 4.595
4606 4.595 4.595
4188 4.595 4.595
4251 4.595 4.731
4260 4.731 4.731
4188 4.731 4.731
4188 4.731 4.744
4203 4.744 4.744
4245 4.744 4.744
4262 4.744 4.753
4289 4.753 4.753
4371 4.753 4.753
4270 4.753 5.072
4608 5.072 5.072
4351 5.072 5.072
4372 5.072 4.747
4334 4.747 4.747
4552 4.747 4.747
4346 4.747 4.728
4232 4.728 4.728
4288 4.728 4.728
4227 4.728 4.769
4209 4.769 4.769
4287 4.769 4.769
4562 4.769 4.929
4255 4.929 4.929
4304 4.929 4.929
4188 4.929 4.999
4273 4.999 4.999
4437 4.999 4.999
4520 4.999 4.679
4402 4.679 4.679
4259 4.679 4.679
4337 4.679 4.781
4251 4.781 4.781
4261 4.781 4.781
4248 4.781 4.826
4254 4.826 4.826
4267 4.826 4.826
4282 4.826 4.857
4227 4.857 4.857
4365 4.857 4.857
4310 4.857 4.707
4376 4.707 4.707
4345 4.707 4.707
4205 4.707 4.83
4591 4.83 4.83
4317 4.83 4.83
4556 4.83 4.828
4396 4.828 4.828
4536 4.828 4.828
4265 4.828 4.726
4188 4.726 4.726
4246 4.726 4.726
4404 4.726 4.967
4642 4.967 4.967
4472 4.967 4.967
4418 4.967 4.895
4188 4.895 4.895
4266 4.895 4.895
4399 4.895 4.778
4358 4.778 4.778
4395 4.778 4.778
4265 4.778 4.652
4312 4.652 4.652
4285 4.652 4.652
4356 4.652 5.128
4294 5.128 5.128
4196 5.128 5.128
4236 5.128 5.059
4342 5.059 5.059
4409 5.059 5.059
4522 5.059 4.789
4341 4.789 4.789
4501 4.789 4.789
4334 4.789 4.562
4355 4.562 4.562
4673 4.562 4.562
4415 4.562 4.558
4484 4.558 4.558
4548 4.558 4.558
4464 4.558 4.602
4606 4.602 4.602
4569 4.602 4.602
4676 4.602 4.202
4305 4.202 4.202
4404 4.202 4.202
4508 4.202 4.071
4276 4.071 4.071
4315 4.071 4.071
4458 4.071 4.264
4268 4.264 4.264
4310 4.264 4.264
4266 4.264 4.104
4377 4.104 4.104
4247 4.104 4.104
4341 4.104 3.936
4361 3.936 3.936
4227 3.936 4.032
4334 4.032 4.032
4234 4.032 4.315
4334 4.315 4.315
4404 4.315 4.315
4298 4.315 4.231
4291 4.231 4.231
4305 4.231 4.231
4340 4.231 4.196
4260 4.196 4.196
4230 4.196 4.196
4255 4.196 4.348
4188 4.348 4.348
4238 4.348 4.348
4421 4.348 4.288
4315 4.288 4.288
4402 4.288 4.288
4480 4.288 4.119
4332 4.119 4.119
4297 4.119 4.119
4302 4.119 4.22
4262 4.22 4.22
4499 4.22 4.22
4693 4.22 4.233
4326 4.233 4.233
4337 4.233 4.233
4367 4.233 4.001
4188 4.001 4.001
4250 4.001 4.001
4472 4.001 4.103
4509 4.103 4.103
4500 4.103 4.103
4400 4.103 4.074
4393 4.074 4.074
4214 4.074 4.074
4545 4.074 4.062
4606 4.062 4.062
4455 4.062 4.062
4365 4.062 3.93
4481 3.93 3.93
4425 3.93 3.93
4238 3.93 3.89
4200 3.89 3.89
4208 3.89 3.996
4235 3.996 3.996
4441 3.996 3.918
4338 3.918 3.918
4214 3.918 3.918
4382 3.918 3.912
4304 3.912 3.912
4260 3.912 3.985
4188 3.985 3.985
4271 3.985 4.085
4233 4.085 4.085
4274 4.085 4.036
4188 4.036 4.036
4365 4.036 4.036
4271 4.036 4.03
4308 4.03 4.03
4408 4.03 4.17
4338 4.17 4.17
4586 4.17 4.17
4409 4.17 3.972
4515 3.972 3.972
4207 3.972 3.972
4188 3.972 4.025
4188 4.025 4.025
4188 4.025 4.144
4373 4.144 4.144
4344 4.144 4.144
4263 4.144 4.064
4251 4.064 4.064
4286 4.064 4.064
4423 4.064 4.125
4346 4.125 4.125
4460 4.125 4.125
4554 4.125 4.145
4458 4.145 4.145
4299 4.145 4.145
4255 4.145 4.082
4353 4.082 4.082
4188 4.082 4.082
4188 4.082 4.175
4274 4.175 4.175
4222 4.175 4.324
4199 4.324 4.324
4347 4.324 4.324
4419 4.324 4.268
4260 4.268 4.268
4188 4.268 4.268
4270 4.268 4.515
4188 4.515 4.515
4188 4.515 4.515
4399 4.515 4.681
4239 4.681 4.681
4398 4.681 4.681
4276 4.681 4.536
4285 4.536 4.536
4305 4.536 4.536
4297 4.536 4.519
4315 4.519 4.519
4438 4.519 4.519
4720 4.519 4.723
4341 4.723 4.723
4359 4.723 4.723
4352 4.723 4.703
4361 4.703 4.703
4350 4.703 4.703
4301 4.703 4.615
4203 4.615 4.615
4221 4.615 4.615
4364 4.615 4.573
4483 4.573 4.573
4188 4.573 4.573
4258 4.573 4.637
4465 4.637 4.637
4269 4.637 4.637
4303 4.637 4.574
4366 4.574 4.574
4341 4.574 4.574
4392 4.574 4.616
4188 4.616 4.616
4252 4.616 4.616
4188 4.616 4.764
4214 4.764 4.764
4188 4.764 4.764
4188 4.764 4.825
4263 4.825 4.825
4347 4.825 4.825
4374 4.825 4.748
4188 4.748 4.748
4364 4.748 4.748
4393 4.748 4.798
4428 4.798 4.798
4272 4.798 4.798
4310 4.798 4.843
4270 4.843 4.843
4321 4.843 4.843
4273 4.843 4.68
4348 4.68 4.68
4241 4.68 4.68
4320 4.68 4.655
4394 4.655 4.655
4325 4.655 4.655
4262 4.655 4.794
4273 4.794 4.794
4334 4.794 4.794
4188 4.794 4.957
4292 4.957 4.957
4352 4.957 4.957
4459 4.957 4.872
4375 4.872 4.872
4405 4.872 4.872
4555 4.872 4.798
4479 4.798 4.798
4451 4.798 4.798
4544 4.798 4.71
4388 4.71 4.71
4348 4.71 4.71
4269 4.71 4.624
4195 4.624 4.624
4246 4.624 4.624
4378 4.624 4.741
4351 4.741 4.741
4257 4.741 4.741
4456 4.741 4.895
4438 4.895 4.895
4256 4.895 4.895
4403 4.895 4.831
4601 4.831 4.831
4577 4.831 4.831
4291 4.831 4.663
4295 4.663 4.663
4188 4.663 4.663
4336 4.663 4.64
4340 4.64 4.64
4267 4.64 4.64
4421 4.64 4.815
4188 4.815 4.815
4438 4.815 4.815
4395 4.815 4.758
4249 4.758 4.758
4313 4.758 4.758
4221 4.758 4.584
4230 4.584 4.584
4352 4.584 4.584
4345 4.584 4.701
4251 4.701 4.701
4346 4.701 4.701
4356 4.701 4.717
4287 4.717 4.717
4301 4.717 4.717
4193 4.717 4.694
4229 4.694 4.694
4188 4.694 4.694
4422 4.694 4.751
4389 4.751 4.751
4362 4.751 4.751
4211 4.751 4.774
4305 4.774 4.774
4305 4.774 4.774
4194 4.774 4.761
4357 4.761 4.761
4288 4.761 4.761
4371 4.761 4.663
4217 4.663 4.663
4544 4.663 4.663
4306 4.663 4.57
4305 4.57 4.57
4188 4.57 4.57
4188 4.57 4.635
4314 4.635 4.635
4387 4.635 4.635
4340 4.635 4.63
4303 4.63 4.63
4338 4.63 4.63
4316 4.63 4.579
4324 4.579 4.579
4570 4.579 4.579
4532 4.579 4.739
4366 4.739 4.739
4391 4.739 4.739
4326 4.739 4.569
4575 4.569 4.569
4223 4.569 4.569
4188 4.569 4.584
4212 4.584 4.584
4310 4.584 4.584
4431 4.584 4.624
4283 4.624 4.624
4564 4.624 4.624
4482 4.624 4.692
4455 4.692 4.692
4383 4.692 4.692
4188 4.692 4.551
4188 4.551 4.551
4254 4.551 4.551
4258 4.551 4.43
4334 4.43 4.43
4188 4.43 4.43
4328 4.43 4.481
4476 4.481 4.481
4445 4.481 4.481
4478 4.481 4.469
4421 4.469 4.469
4398 4.469 4.469
4372 4.469 4.32
4201 4.32 4.32
4188 4.32 4.32
4257 4.32 4.581
4263 4.581 4.581
4343 4.581 4.581
4588 4.581 4.668
4540 4.668 4.668
4483 4.668 4.668
4559 4.668 4.574
4631 4.574 4.574
4588 4.574 4.574
4316 4.574 4.226
4355 4.226 4.226
4461 4.226 4.226
4553 4.226 4.244
4455 4.244 4.244
4347 4.244 4.244
4383 4.244 4.07
4227 4.07 4.07
4271 4.07 4.07
4234 4.07 4.11
4305 4.11 4.11
4281 4.11 4.129
4366 4.129 4.129
4255 4.129 4.129
4327 4.129 4.227
4293 4.227 4.227
4344 4.227 4.227
4406 4.227 4.217
4268 4.217 4.217
4236 4.217 4.217
4323 4.217 4.245
4190 4.245 4.245
4222 4.245 4.245
4348 4.245 4.417
4449 4.417 4.417
4358 4.417 4.417
4243 4.417 4.323
4263 4.323 4.323
4452 4.323 4.323
4503 4.323 4.289
4327 4.289 4.289
4347 4.289 4.289
4531 4.289 4.126
4293 4.126 4.126
4306 4.126 4.126
4336 4.126 4.021
4316 4.021 4.021
4379 4.021 4.23
4261 4.23 4.23
4188 4.23 4.302
4348 4.302 4.302
4249 4.302 4.302
4434 4.302 4.303
4334 4.303 4.303
4312 4.303 4.303
4282 4.303 4.348
4249 4.348 4.348
4401 4.348 4.348
4514 4.348 4.298
4377 4.298 4.298
4362 4.298 4.298
4231 4.298 4.305
4188 4.305 4.305
4353 4.305 4.305
4188 4.305 4.414
4529 4.414 4.414
4654 4.414 4.414
4462 4.414 4.307
4392 4.307 4.307
4401 4.307 4.307
4448 4.307 4.198
4501 4.198 4.198
4509 4.198 4.198
4291 4.198 4.025
4277 4.025 4.025
4239 4.025 4.025
4338 4.025 4.073
4188 4.073 4.073
4473 4.073 4.073
4353 4.073 4.021
4407 4.021 4.021
4517 4.021 4.021
4188 4.021 4.078
4487 4.078 4.078
4350 4.078 3.917
4404 3.917 3.917
4393 3.917 3.917
4432 3.917 4.089
4224 4.089 4.089
4485 4.089 4.089
4426 4.089 3.963
4286 3.963 3.963
4364 3.963 3.963
4275 3.963 3.966
4373 3.966 3.966
4317 3.966 3.985
4195 3.985 3.985
4188 3.985 4.18
4341 4.18 4.18
4504 4.18 4.199
4593 4.199 4.199
4555 4.199 4.199
4335 4.199 4.05
4583 4.05 4.05
4485 4.05 4.05
4540 4.05 4.074
4538 4.074 4.074
4348 4.074 4.074
4383 4.074 3.908
4319 3.908 3.908
4223 3.908 3.908
4289 3.908 4.289
4414 4.289 4.289
4368 4.289 4.205
4463 4.205 4.205
4412 4.205 4.205
4317 4.205 4.075
4570 4.075 4.075
4430 4.075 4.075
4199 4.075 3.978
4288 3.978 3.978
4195 3.978 3.977
4214 3.977 3.977
4212 3.977 4.329
4236 4.329 4.329
4418 4.329 4.365
4492 4.365 4.365
4343 4.365 4.365
4347 4.365 4.075
4260 4.075 4.075
4243 4.075 4.075
4264 4.075 4.057
4188 4.057 4.057
4308 4.057 4.292
4188 4.292 4.292
4263 4.292 4.292
4188 4.292 4.322
4439 4.322 4.322
4358 4.322 4.322
4462 4.322 4.153
4388 4.153 4.153
4651 4.153 4.153
4303 4.153 4.101
4407 4.101 4.101
4241 4.101 4.101
4188 4.101 4.147
4323 4.147 4.147
4211 4.147 4.185
4343 4.185 4.185
4203 4.185 4.185
4282 4.185 4.152
4455 4.152 4.152
4466 4.152 4.152
4206 4.152 4.206
4188 4.206 4.206
4316 4.206 4.258
4433 4.258 4.258
4492 4.258 4.258
4413 4.258 4.235
4442 4.235 4.235
4319 4.235 4.235
4634 4.235 4.266
4520 4.266 4.266
4458 4.266 4.266
4309 4.266 4.294
4201 4.294 4.294
4435 4.294 4.294
4248 4.294 4.374
4351 4.374 4.374
4279 4.374 4.374
4200 4.374 4.212
4352 4.212 4.212
4188 4.212 4.212
4266 4.212 4.427
4337 4.427 4.427
4290 4.427 4.427
4188 4.427 4.615
4257 4.615 4.615
4318 4.615 4.615
4430 4.615 4.42
4394 4.42 4.42
4188 4.42 4.42
4369 4.42 4.613
4208 4.613 4.613
4463 4.613 4.613
4313 4.613 4.584
4327 4.584 4.584
4309 4.584 4.584
4234 4.584 4.321
4188 4.321 4.321
4386 4.321 4.321
4323 4.321 4.4
4232 4.4 4.4
4277 4.4 4.4
4299 4.4 4.486
4400 4.486 4.486
4403 4.486 4.486
4374 4.486 4.398
4188 4.398 4.398
4226 4.398 4.398
4188 4.398 4.283
4308 4.283 4.283
4188 4.283 4.283
4247 4.283 4.579
4239 4.579 4.579
4260 4.579 4.579
4532 4.579 4.679
4454 4.679 4.679
4255 4.679 4.679
4360 4.679 4.554
4461 4.554 4.554
4188 4.554 4.554
4297 4.554 4.435
4246 4.435 4.435
4244 4.435 4.435
4188 4.435 4.429
4217 4.429 4.429
4308 4.429 4.429
4461 4.429 4.639
4413 4.639 4.639
4432 4.639 4.639
4380 4.639 4.519
4250 4.519 4.519
4244 4.519 4.519
4257 4.519 4.397
4292 4.397 4.397
4407 4.397 4.397
4311 4.397 4.547
4239 4.547 4.547
4294 4.547 4.547
4280 4.547 4.542
4450 4.542 4.542
4543 4.542 4.542
4277 4.542 4.301
4454 4.301 4.301
4488 4.301 4.301
4728 4.301 4.345
4501 4.345 4.345
4276 4.345 4.345
4339 4.345 4.297
4323 4.297 4.297
4343 4.297 4.297
4303 4.297 4.386
4561 4.386 4.386
4450 4.386 4.386
4552 4.386 4.458
4476 4.458 4.458
4340 4.458 4.458
4246 4.458 4.241
4304 4.241 4.241
4382 4.241 4.241
4272 4.241 4.215
4432 4.215 4.215
4238 4.215 4.215
4400 4.215 4.189
4301 4.189 4.189
4531 4.189 4.189
4265 4.189 4.17
4470 4.17 4.17
4418 4.17 4.17
4535 4.17 4.126
4431 4.126 4.126
4546 4.126 4.126
4296 4.126 4.135
4293 4.135 4.135
4235 4.135 4.135
4283 4.135 4.199
4306 4.199 4.199
4502 4.199 4.199
4289 4.199 4.102
4341 4.102 4.102
4330 4.102 4.102
4238 4.102 4.139
4298 4.139 4.139
4359 4.139 4.364
4341 4.364 4.364
4326 4.364 4.364
4210 4.364 4.315
4188 4.315 4.315
4188 4.315 4.315
4384 4.315 4.412
4323 4.412 4.412
4286 4.412 4.412
4358 4.412 4.497
4245 4.497 4.497
4193 4.497 4.497
4522 4.497 4.57
4397 4.57 4.57
4265 4.57 4.57
4366 4.57 4.629
4293 4.629 4.629
4255 4.629 4.629
4197 4.629 4.556
4515 4.556 4.556
4476 4.556 4.556
4491 4.556 4.635
4188 4.635 4.635
4283 4.635 4.635
4451 4.635 4.73
4334 4.73 4.73
4250 4.73 4.73
4236 4.73 4.849
4326 4.849 4.849
4358 4.849 4.849
4363 4.849 4.857
4477 4.857 4.857
4378 4.857 4.857
4236 4.857 4.682
4191 4.682 4.682
4188 4.682 4.682
4248 4.682 4.657
4514 4.657 4.657
4448 4.657 4.657
4207 4.657 4.596
4300 4.596 4.596
4295 4.596 4.596
4334 4.596 4.71
4355 4.71 4.71
4823 4.71 4.71
4852 4.71 4.764
4704 4.764 4.764
4832 4.764 4.764
4481 4.764 4.423
4284 4.423 4.423
4200 4.423 4.423
4263 4.423 4.37
4188 4.37 4.37
4370 4.37 4.37
4610 4.37 4.677
4221 4.677 4.677
4361 4.677 4.677
4498 4.677 4.565
4514 4.565 4.565
4535 4.565 4.565
4454 4.565 4.303
4584 4.303 4.303
4382 4.303 4.303
4234 4.303 4.335
4348 4.335 4.335
4213 4.335 4.335
4228 4.335 4.332
4443 4.332 4.332
4471 4.332 4.332
4549 4.332 4.058
4456 4.058 4.058
4303 4.058 4.058
4290 4.058 4.111
4299 4.111 4.111
4335 4.111 4.166
4188 4.166 4.166
4214 4.166 4.166
4251 4.166 4.14
4245 4.14 4.14
4277 4.14 4.14
4293 4.14 4.237
4265 4.237 4.237
4273 4.237 4.237
4250 4.237 4.335
4268 4.335 4.335
4309 4.335 4.335
4314 4.335 4.328
4263 4.328 4.328
4310 4.328 4.328
4366 4.328 4.26
4284 4.26 4.26
4274 4.26 4.26
4299 4.26 4.23
4446 4.23 4.23
4405 4.23 4.23
4188 4.23 4.179
4252 4.179 4.179
4285 4.179 4.179
4188 4.179 4.244
4188 4.244 4.244
4261 4.244 4.244
4307 4.244 4.221
4303 4.221 4.221
4426 4.221 4.221
4446 4.221 4.048
4363 4.048 4.048
4365 4.048 4.048
4414 4.048 4.101
4206 4.101 4.101
4279 4.101 4.101
4188 4.101 4.081
4423 4.081 4.081
4329 4.081 4.042
4190 4.042 4.042
4380 4.042 4.042
4458 4.042 4.14
4315 4.14 4.14
4374 4.14 4.14
4409 4.14 3.965
4357 3.965 3.965
4602 3.965 3.965
4531 3.965 3.789
4502 3.789 3.789
4530 3.789 3.809
4188 3.809 3.809
4362 3.809 3.798
4394 3.798 3.798
4338 3.798 3.813
4221 3.813 3.813
4275 3.813 3.845
4248 3.845 3.845
4344 3.845 3.963
4346 3.963 3.963
4321 3.963 3.811
4188 3.811 3.811
4188 3.811 3.96
4278 3.96 3.96
4392 3.96 3.863
4506 3.863 3.863
4536 3.863 3.863
4494 3.863 3.647
4400 3.647 3.647
4285 3.647 3.693
4284 3.693 3.693
4325 3.693 3.839
4217 3.839 3.839
4188 3.839 3.885
4275 3.885 3.885
4299 3.885 4.005
4264 4.005 4.005
4255 4.005 3.934
4276 3.934 3.934
4452 3.934 3.882
4347 3.882 3.882
4335 3.882 3.858
4188 3.858 3.858
4312 3.858 3.935
4526 3.935 3.935
4432 3.935 4.047
4348 4.047 4.047
4275 4.047 4.047
4296 4.047 3.954
4188 3.954 3.954
4332 3.954 3.967
4376 3.967 3.967
4427 3.967 3.981
4418 3.981 3.981
4381 3.981 3.981
4461 3.981 3.754
4596 3.754 3.754
4671 3.754 3.784
4283 3.784 3.784
4456 3.784 3.756
4258 3.756 3.756
4251 3.756 3.851
4442 3.851 3.851
4440 3.851 3.802
4188 3.802 3.802
4188 3.802 3.802
4329 3.802 3.869
4331 3.869 3.869
4445 3.869 4.072
4325 4.072 4.072
4242 4.072 4.199
4312 4.199 4.199
4196 4.199 4.234
4295 4.234 4.234
4360 4.234 4.234
4267 4.234 4.184
4346 4.184 4.184
4421 4.184 4.184
4251 4.184 4.345
4332 4.345 4.345
4271 4.345 4.345
4447 4.345 4.433
4335 4.433 4.433
4304 4.433 4.433
4336 4.433 4.348
4293 4.348 4.348
4236 4.348 4.348
4308 4.348 4.521
4345 4.521 4.521
4682 4.521 4.521
4549 4.521 4.604
4302 4.604 4.604
4292 4.604 4.604
4289 4.604 4.529
4292 4.529 4.529
4263 4.529 4.529
4195 4.529 4.432
4232 4.432 4.432
4188 4.432 4.432
4252 4.432 4.606
4264 4.606 4.606
4244 4.606 4.606
4357 4.606 4.693
4377 4.693 4.693
4413 4.693 4.693
4408 4.693 4.617
4386 4.617 4.617
4188 4.617 4.617
4347 4.617 4.783
4301 4.783 4.783
4251 4.783 4.783
4342 4.783 4.808
4445 4.808 4.808
4287 4.808 4.808
4346 4.808 4.669
4283 4.669 4.669
4353 4.669 4.669
4478 4.669 4.75
4495 4.75 4.75
4364 4.75 4.75
4308 4.75 4.634
4368 4.634 4.634
4269 4.634 4.634
4274 4.634 4.494
4248 4.494 4.494
4273 4.494 4.494
4188 4.494 4.496
4188 4.496 4.496
4248 4.496 4.496
4398 4.496 4.494
4193 4.494 4.494
4296 4.494 4.494
4298 4.494 4.519
4229 4.519 4.519
4526 4.519 4.519
4459 4.519 4.506
4259 4.506 4.506
4188 4.506 4.506
4237 4.506 4.537
4252 4.537 4.537
4328 4.537 4.537
4441 4.537 4.524
4457 4.524 4.524
4318 4.524 4.524
4269 4.524 4.391
4202 4.391 4.391
4207 4.391 4.391
4374 4.391 4.504
4332 4.504 4.504
4517 4.504 4.504
4358 4.504 4.421
4335 4.421 4.421
4375 4.421 4.421
4404 4.421 4.252
4346 4.252 4.252
4597 4.252 4.252
4417 4.252 4.173
4398 4.173 4.173
4272 4.173 4.173
4209 4.173 4.147
4188 4.147 4.147
4378 4.147 4.147
4525 4.147 4.183
4487 4.183 4.183
4539 4.183 4.183
4375 4.183 4.05
4509 4.05 4.05
4426 4.05 4.05
4238 4.05 4.114
4188 4.114 4.114
4438 4.114 4.033
4490 4.033 4.033
4592 4.033 4.033
4534 4.033 4.125
4231 4.125 4.125
4407 4.125 4.125
4344 4.125 4.048
4327 4.048 4.048
4331 4.048 4.048
4305 4.048 3.84
4432 3.84 3.84
4473 3.84 3.842
4323 3.842 3.842
4231 3.842 3.798
4280 3.798 3.798
4362 3.798 3.92
4188 3.92 3.92
4188 3.92 4.009
4188 4.009 4.009
4407 4.009 4.236
4334 4.236 4.236
4429 4.236 4.236
4440 4.236 4.189
4452 4.189 4.189
4266 4.189 4.189
4441 4.189 4.105
4317 4.105 4.105
4256 4.105 4.105
4537 4.105 4.594
4262 4.594 4.594
4448 4.594 4.594
4408 4.594 4.605
4354 4.605 4.605
4426 4.605 4.605
4579 4.605 4.607
4544 4.607 4.607
4364 4.607 4.607
4241 4.607 4.498
4352 4.498 4.498
4308 4.498 4.498
4315 4.498 4.53
4188 4.53 4.53
4375 4.53 4.53
4294 4.53 4.495
4630 4.495 4.495
4830 4.495 4.495
4482 4.495 4.298
4479 4.298 4.298
4430 4.298 4.298
4228 4.298 4.036
4188 4.036 4.036
4397 4.036 4.247
4417 4.247 4.247
4490 4.247 4.247
4518 4.247 4.312
4467 4.312 4.312
4391 4.312 4.312
4370 4.312 4.128
4396 4.128 4.128
4281 4.128 4.128
4343 4.128 4.248
4230 4.248 4.248
4274 4.248 4.248
4188 4.248 4.282
4464 4.282 4.282
4338 4.282 4.282
4310 4.282 4.233
4344 4.233 4.233
4282 4.233 4.233
4271 4.233 4.312
4384 4.312 4.312
4429 4.312 4.312
4300 4.312 4.413
4384 4.413 4.413
4403 4.413 4.413
4233 4.413 4.396
4420 4.396 4.396
4188 4.396 4.396
4188 4.396 4.462
4291 4.462 4.462
4293 4.462 4.462
4275 4.462 4.31
4374 4.31 4.31
4462 4.31 4.31
4392 4.31 4.21
4646 4.21 4.21
4524 4.21 4.21
4486 4.21 3.935
4283 3.935 3.935
4373 3.935 3.935
4332 3.935 3.92
4281 3.92 3.92
4188 3.92 3.956
4223 3.956 3.956
4437 3.956 4.115
4291 4.115 4.115
4544 4.115 4.115
4687 4.115 3.751
4591 3.751 3.751
4545 3.751 3.543
4231 3.543 3.543
4291 3.543 3.858
4443 3.858 3.858
4394 3.858 3.981
4373 3.981 3.981
4356 3.981 3.981
4346 3.981 3.861
4188 3.861 3.861
4426 3.861 3.945
4196 3.945 3.945
4188 3.945 4.021
4448 4.021 4.021
4544 4.021 4.036
4290 4.036 4.036
4233 4.036 4.036
4394 4.036 4.128
4428 4.128 4.128
4245 4.128 4.128
4447 4.128 4.306
4258 4.306 4.306
4207 4.306 4.306
4345 4.306 4.39
4263 4.39 4.39
4423 4.39 4.39
4438 4.39 4.231
4386 4.231 4.231
4279 4.231 4.231
4387 4.231 4.053
4403 4.053 4.053
4287 4.053 4.162
4188 4.162 4.162
4203 4.162 4.344
4346 4.344 4.344
4345 4.344 4.344
4218 4.344 4.3
4409 4.3 4.3
4232 4.3 4.3
4271 4.3 4.398
4296 4.398 4.398
4278 4.398 4.398
4479 4.398 4.495
4205 4.495 4.495
4375 4.495 4.495
4263 4.495 4.402
4188 4.402 4.402
4299 4.402 4.402
4368 4.402 4.46
4575 4.46 4.46
4355 4.46 4.46
4393 4.46 4.571
4371 4.571 4.571
4299 4.571 4.571
4393 4.571 4.491
4299 4.491 4.491
4234 4.491 4.491
4212 4.491 4.505
4503 4.505 4.505
4546 4.505 4.505
4314 4.505 4.565
4476 4.565 4.565
4397 4.565 4.565
4317 4.565 4.375
4464 4.375 4.375
4423 4.375 4.375
4347 4.375 4.128
4420 4.128 4.128
4439 4.128 4.128
4307 4.128 4.197
4224 4.197 4.197
4218 4.197 4.197
4345 4.197 4.379
4353 4.379 4.379
4259 4.379 4.379
4245 4.379 4.404
4194 4.404 4.404
4287 4.404 4.404
4485 4.404 4.525
4314 4.525 4.525
4252 4.525 4.525
4517 4.525 4.633
4714 4.633 4.633
4773 4.633 4.633
4892 4.633 4.609
4518 4.609 4.609
4380 4.609 4.609
4315 4.609 4.353
4210 4.353 4.353
4290 4.353 4.353
4188 4.353 4.735
4188 4.735 4.735
4241 4.735 4.735
4315 4.735 4.85
4326 4.85 4.85
4484 4.85 4.85
4426 4.85 4.596
4196 4.596 4.596
4188 4.596 4.596
4188 4.596 4.716
4235 4.716 4.716
4188 4.716 4.716
4370 4.716 4.898
4250 4.898 4.898
4493 4.898 4.898
4308 4.898 4.731
4344 4.731 4.731
4393 4.731 4.731
4323 4.731 4.55
4248 4.55 4.55
4244 4.55 4.55
4254 4.55 4.699
4350 4.699 4.699
4188 4.699 4.699
4249 4.699 4.77
4460 4.77 4.77
4190 4.77 4.77
4315 4.77 4.666
4272 4.666 4.666
4385 4.666 4.666
4332 4.666 4.829
4203 4.829 4.829
4482 4.829 4.829
4330 4.829 4.764
4474 4.764 4.764
4401 4.764 4.764
4485 4.764 4.685
4334 4.685 4.685
4299 4.685 4.685
4422 4.685 4.675
4509 4.675 4.675
4445 4.675 4.675
4436 4.675 4.58
4414 4.58 4.58
4534 4.58 4.58
4448 4.58 4.575
4270 4.575 4.575
4211 4.575 4.575
4188 4.575 4.619
4220 4.619 4.619
4484 4.619 4.619
4282 4.619 4.629
4214 4.629 4.629
4395 4.629 4.629
4220 4.629 4.847
4233 4.847 4.847
4326 4.847 4.847
4456 4.847 4.808
4386 4.808 4.808
4237 4.808 4.808
4274 4.808 4.774
4562 4.774 4.774
4678 4.774 4.774
4300 4.774 4.845
4482 4.845 4.845
4302 4.845 4.845
4271 4.845 4.672
4517 4.672 4.672
4562 4.672 4.672
4527 4.672 4.793
4359 4.793 4.793
4684 4.793 4.793
4518 4.793 4.631
4473 4.631 4.631
4558 4.631 4.631
4355 4.631 4.512
4320 4.512 4.512
4389 4.512 4.512
4285 4.512 4.545
4506 4.545 4.545
4423 4.545 4.545
4486 4.545 4.465
4465 4.465 4.465
4447 4.465 4.465
4259 4.465 4.215
4532 4.215 4.215
4341 4.215 4.215
4392 4.215 4.25
4360 4.25 4.25
4307 4.25 4.25
4259 4.25 4.398
4280 4.398 4.398
4365 4.398 4.398
4297 4.398 4.232
4325 4.232 4.232
4333 4.232 4.232
4516 4.232 4.186
4566 4.186 4.186
4576 4.186 4.186
4491 4.186 4.086
4445 4.086 4.086
4366 4.086 4.086
4309 4.086 4.02
4196 4.02 4.02
4188 4.02 4.053
4308 4.053 4.053
4214 4.053 4.196
4318 4.196 4.196
4431 4.196 4.196
4473 4.196 4.046
4382 4.046 4.046
4437 4.046 4.046
4318 4.046 3.924
4188 3.924 3.924
4352 3.924 4.029
4256 4.029 4.029
4239 4.029 4.029
4349 4.029 4.223
4461 4.223 4.223
4661 4.223 4.223
4635 4.223 3.81
4653 3.81 3.81
4355 3.81 3.81
4188 3.81 3.813
4327 3.813 3.813
4336 3.813 3.987
4305 3.987 3.987
4394 3.987 3.987
4316 3.987 3.945
4269 3.945 3.945
4271 3.945 3.945
4188 3.945 3.932
4392 3.932 3.932
4245 3.932 3.903
4293 3.903 3.903
4232 3.903 3.91
4273 3.91 3.91
4392 3.91 3.951
4349 3.951 3.951
4211 3.951 3.951
4198 3.951 3.945
4298 3.945 3.945
4324 3.945 4.043
4285 4.043 4.043
4356 4.043 4.015
4346 4.015 4.015
4259 4.015 4.015
4331 4.015 4.118
4252 4.118 4.118
4428 4.118 4.118
4297 4.118 4.092
4627 4.092 4.092
4436 4.092 4.092
4446 4.092 3.736
4583 3.736 3.736
4445 3.736 3.736
4200 3.736 3.626
4188 3.626 3.626
4388 3.626 3.807
4502 3.807 3.807
4266 3.807 3.781
4432 3.781 3.781
4475 3.781 3.532
4537 3.532 3.532
4330 3.532 3.415
4321 3.415 3.415
4554 3.415 3.594
4441 3.594 3.594
4470 3.594 3.538
4404 3.538 3.538
4220 3.538 3.584
4260 3.584 3.584
4440 3.584 3.667
4407 3.667 3.667
4475 3.667 3.832
4334 3.832 3.832
4328 3.832 3.854
4544 3.854 3.854
4446 3.854 3.82
4240 3.82 3.82
4188 3.82 4.018
4509 4.018 4.018
4464 4.018 4.165
4469 4.165 4.165
4552 4.165 4.165
4460 4.165 3.902
4580 3.902 3.902
4260 3.902 3.902
4188 3.902 3.997
4188 3.997 3.997
4270 3.997 4.299
4374 4.299 4.299
4244 4.299 4.299
4314 4.299 4.125
4188 4.125 4.125
4253 4.125 4.125
4188 4.125 4.267
4465 4.267 4.267
4315 4.267 4.165
4397 4.165 4.165
4433 4.165 4.165
4307 4.165 3.963
4417 3.963 3.963
4515 3.963 4.001
4375 4.001 4.001
4188 4.001 4.001
4272 4.001 3.995
4504 3.995 3.995
4489 3.995 3.984
4264 3.984 3.984
4306 3.984 3.984
4331 3.984 3.997
4208 3.997 3.997
4188 3.997 4.079
4188 4.079 4.079
4188 4.079 4.189
4325 4.189 4.189
4513 4.189 4.189
4602 4.189 4.212
4479 4.212 4.212
4249 4.212 4.212
4239 4.212 4.102
4450 4.102 4.102
4339 4.102 4.186
4188 4.186 4.186
4245 4.186 4.186
4188 4.186 4.261
4236 4.261 4.261
4370 4.261 4.261
4465 4.261 4.147
4308 4.147 4.147
4405 4.147 4.147
4367 4.147 4.028
4212 4.028 4.028
4188 4.028 4.028
4320 4.028 4.14
4308 4.14 4.14
4188 4.14 4.14
4298 4.14 4.278
4456 4.278 4.278
4450 4.278 4.278
4413 4.278 4.052
4366 4.052 4.052
4188 4.052 4.052
4279 4.052 4.123
4294 4.123 4.123
4422 4.123 4.158
4510 4.158 4.158
4488 4.158 4.158
4305 4.158 4.112
4460 4.112 4.112
4465 4.112 4.112
4319 4.112 4.014
4188 4.014 4.014
4204 4.014 4.132
4248 4.132 4.132
4284 4.132 4.229
4263 4.229 4.229
4466 4.229 4.229
4422 4.229 4.135
4567 4.135 4.135
4441 4.135 4.135
4329 4.135 3.895
4499 3.895 3.895
4262 3.895 3.73
4278 3.73 3.73
4260 3.73 3.843
4369 3.843 3.843
4368 3.843 3.759
4422 3.759 3.759
4413 3.759 3.779
4403 3.779 3.779
4255 3.779 3.856
4417 3.856 3.856
4599 3.856 3.761
4494 3.761 3.761
4508 3.761 3.761
4188 3.761 3.658
4296 3.658 3.658
4192 3.658 3.569
4188 3.569 3.569
4244 3.569 3.889
4326 3.889 3.889
4260 3.889 3.82
4251 3.82 3.82
4250 3.82 3.818
4188 3.818 3.818
4202 3.818 3.848
4363 3.848 3.848
4283 3.848 3.817
4234 3.817 3.817
4244 3.817 3.869
4277 3.869 3.869
4188 3.869 3.853
4322 3.853 3.853
4277 3.853 3.934
4536 3.934 3.934
4410 3.934 3.86
4439 3.86 3.86
4585 3.86 3.606
4320 3.606 3.606
4360 3.606 3.625
4299 3.625 3.625
4257 3.625 3.609
4487 3.609 3.609
4395 3.609 3.559
4381 3.559 3.559
4212 3.559 3.489
4528 3.489 3.489
4350 3.489 3.561
4309 3.561 3.561
4371 3.561 3.561
4289 3.561 3.561
4337 3.561 3.668
4292 3.668 3.668
4263 3.668 3.663
4386 3.663 3.663
4280 3.663 3.495
4261 3.495 3.495
4244 3.495 3.586
4353 3.586 3.586
4521 3.586 3.856
4405 3.856 3.856
4580 3.856 3.673
4380 3.673 3.673
4356 3.673 3.427
4388 3.427 3.427
4189 3.427 3.556
4325 3.556 3.556
4305 3.556 3.634
4356 3.634 3.634
4370 3.634 3.637
4522 3.637 3.637
4300 3.637 3.468
4444 3.468 3.468
4188 3.468 3.572
4331 3.572 3.572
4239 3.572 3.494
4243 3.494 3.494
4323 3.494 3.501
4468 3.501 3.501
4439 3.501 3.38
4242 3.38 3.38
4351 3.38 3.474
4266 3.474 3.474
4188 3.474 3.619
4602 3.619 3.619
4363 3.619 3.507
4527 3.507 3.507
4404 3.507 3.273
4258 3.273 3.273
4212 3.273 3.274
4337 3.274 3.274
4188 3.274 3.529
4408 3.529 3.529
4293 3.529 3.577
4398 3.577 3.577
4397 3.577 3.498
4460 3.498 3.498
4405 3.498 3.416
4246 3.416 3.416
4252 3.416 3.534
4218 3.534 3.534
4421 3.534 3.446
4330 3.446 3.446
4409 3.446 3.215
4445 3.215 3.215
4256 3.215 3.02
4269 3.02 3.02
4506 3.02 3.086
4188 3.086 3.086
4262 3.086 3.049
4486 3.049 3.049
4383 3.049 3.006
4192 3.006 3.006
4272 3.006 3.14
4563 3.14 3.14
4348 3.14 3.165
4514 3.165 3.165
4349 3.165 3.15
4477 3.15 3.15
4232 3.15 3.045
4333 3.045 3.045
4367 3.045 3.161
4558 3.161 3.161
4497 3.161 3.045
4264 3.045 3.045
4272 3.045 2.986
4369 2.986 2.986
4338 2.986 3.091
4257 3.091 3.091
4321 3.091 3.235
4288 3.235 3.235
4407 3.235 3.21
4462 3.21 3.21
4269 3.21 3.061
4188 3.061 3.061
4341 3.061 3.17
4259 3.17 3.17
4316 3.17 3.161
4249 3.161 3.161
4546 3.161 3.239
4342 3.239 3.239
4489 3.239 3.216
4399 3.216 3.216
4231 3.216 3.201
4263 3.201 3.201
4543 3.201 3.41
4525 3.41 3.41
4359 3.41 3.442
4561 3.442 3.442
4290 3.442 3.286
4272 3.286 3.286
4235 3.286 3.329
4358 3.329 3.329
4336 3.329 3.367
4294 3.367 3.367
4368 3.367 3.266
4387 3.266 3.266
4218 3.266 3.158
4198 3.158 3.158
4336 3.158 3.245
4188 3.245 3.245
4290 3.245 3.403
4596 3.403 3.403
4432 3.403 3.228
4579 3.228 3.228
4304 3.228 3.159
4349 3.159 3.159
4352 3.159 3.259
4375 3.259 3.259
4476 3.259 3.214
4188 3.214 3.214
4559 3.214 3.224
4188 3.224 3.224
4431 3.224 3.272
4238 3.272 3.272
4674 3.272 3.41
4400 3.41 3.41
4298 3.41 3.305
4305 3.305 3.305
4188 3.305 3.33
4231 3.33 3.33
4467 3.33 3.502
4455 3.502 3.502
4337 3.502 3.393
4385 3.393 3.393
4512 3.393 3.185
4188 3.185 3.185
4411 3.185 3.198
4276 3.198 3.198
4188 3.198 3.309
4400 3.309 3.309
4276 3.309 3.411
4372 3.411 3.411
4339 3.411 3.297
4297 3.297 3.297
4188 3.297 3.333
4485 3.333 3.333
4279 3.333 3.393
4188 3.393 3.393
4274 3.393 3.374
4331 3.374 3.374
4428 3.374 3.464
4330 3.464 3.464
4483 3.464 3.312
4262 3.312 3.312
4431 3.312 3.333
4214 3.333 3.333
4308 3.333 3.436
4532 3.436 3.436
4430 3.436 3.225
4404 3.225 3.225
4188 3.225 3.181
4188 3.181 3.181
4656 3.181 3.391
4279 3.391 3.391
4421 3.391 3.408
4226 3.408 3.408
4452 3.408 3.276
4238 3.276 3.276
4272 3.276 3.274
4460 3.274 3.274
4368 3.274 3.494
4392 3.494 3.494
4347 3.494 3.417
4188 3.417 3.417
4553 3.417 3.357
4188 3.357 3.357
4524 3.357 3.468
4613 3.468 3.468
4489 3.468 3.448
4188 3.448 3.448
4290 3.448 3.46
4431 3.46 3.46
4276 3.46 3.531
4552 3.531 3.531
4504 3.531 3.412
4358 3.412 3.412
4291 3.412 3.411
4389 3.411 3.411
4283 3.411 3.398
4222 3.398 3.398
4441 3.398 3.336
4264 3.336 3.336
4393 3.336 3.357
4394 3.357 3.357
4428 3.357 3.275
4378 3.275 3.275
4188 3.275 3.246
4256 3.246 3.246
4357 3.246 3.254
4396 3.254 3.254
4339 3.254 3.166
4327 3.166 3.166
4291 3.166 3.167
4533 3.167 3.167
4188 3.167 3.289
4568 3.289 3.289
4263 3.289 3.273
4433 3.273 3.273
4475 3.273 3.248
4276 3.248 3.248
4303 3.248 3.454
4406 3.454 3.454
4450 3.454 3.343
4247 3.343 3.343
4188 3.343 3.392
4304 3.392 3.392
4350 3.392 3.461
4339 3.461 3.461
4260 3.461 3.463
4368 3.463 3.463
4498 3.463 3.491
4476 3.491 3.491
4328 3.491 3.373
4243 3.373 3.373
4330 3.373 3.393
4479 3.393 3.393
4369 3.393 3.426
4299 3.426 3.426
4282 3.426 3.392
4261 3.392 3.392
4274 3.392 3.426
4417 3.426 3.426
4647 3.426 3.487
4398 3.487 3.487
4399 3.487 3.407
4330 3.407 3.407
4205 3.407 3.414
4378 3.414 3.414
4244 3.414 3.45
4368 3.45 3.45
4352 3.45 3.415
4354 3.415 3.415
4376 3.415 3.405
4407 3.405 3.405
4275 3.405 3.381
4191 3.381 3.381
4356 3.381 3.403
4357 3.403 3.403
4364 3.403 3.644
4265 3.644 3.644
4272 3.644 3.582
4368 3.582 3.582
4408 3.582 3.508
4284 3.508 3.508
4817 3.508 3.568
4617 3.568 3.568
4435 3.568 3.402
4459 3.402 3.402
4423 3.402 3.271
4263 3.271 3.271
4279 3.271 3.434
4188 3.434 3.434
4200 3.434 3.498
4260 3.498 3.498
4273 3.498 3.614
4402 3.614 3.614
4353 3.614 3.557
4272 3.557 3.557
4455 3.557 3.618
4416 3.618 3.618
4353 3.618 3.652
4372 3.652 3.652
4846 3.652 3.77
4665 3.77 3.77
4611 3.77 3.511
4539 3.511 3.511
4188 3.511 3.434
4543 3.434 3.434
4282 3.434 3.558
4416 3.558 3.558
4298 3.558 3.679
4252 3.679 3.679
4419 3.679 3.717
4490 3.717 3.717
4493 3.717 3.475
4245 3.475 3.475
4363 3.475 3.528
4368 3.528 3.528
4310 3.528 3.671
4208 3.671 3.671
4353 3.671 3.647
4319 3.647 3.647
4565 3.647 3.76
4629 3.76 3.76
4454 3.76 3.678
4188 3.678 3.678
4253 3.678 3.746
4409 3.746 3.746
4613 3.746 3.868
4290 3.868 3.868
4268 3.868 4.006
4420 4.006 4.006
4268 4.006 4.003
4400 4.003 4.003
4497 4.003 4.024
4246 4.024 4.024
4430 4.024 4.024
4278 4.024 4.01
4212 4.01 4.01
4255 4.01 4.009
4374 4.009 4.009
4230 4.009 4.009
4253 4.009 4.025
4267 4.025 4.025
4246 4.025 4.099
4241 4.099 4.099
4274 4.099 4.199
4375 4.199 4.199
4351 4.199 4.13
4401 4.13 4.13
4542 4.13 4.13
4290 4.13 4.026
4475 4.026 4.026
4500 4.026 4.026
4362 4.026 4.043
4235 4.043 4.043
4538 4.043 4.043
4414 4.043 3.978
4383 3.978 3.978
4188 3.978 3.978
4188 3.978 4.014
4337 4.014 4.014
4259 4.014 4.082
4234 4.082 4.082
4394 4.082 4.206
4520 4.206 4.206
4361 4.206 4.206
4281 4.206 4.131
4382 4.131 4.131
4367 4.131 4.131
4188 4.131 4.104
4268 4.104 4.104
4247 4.104 4.186
4233 4.186 4.186
4188 4.186 4.186
4402 4.186 4.19
4468 4.19 4.19
4440 4.19 4.19
4792 4.19 4.146
4828 4.146 4.146
4826 4.146 4.146
4724 4.146 3.916
4374 3.916 3.916
4226 3.916 3.916
4188 3.916 3.965
4197 3.965 3.965
4232 3.965 4.411
4330 4.411 4.411
4370 4.411 4.411
4395 4.411 4.327
4505 4.327 4.327
4519 4.327 4.327
4340 4.327 4.217
4329 4.217 4.217
4270 4.217 4.217
4378 4.217 4.306
4272 4.306 4.306
4188 4.306 4.306
4195 4.306 4.269
4254 4.269 4.269
4302 4.269 4.269
4386 4.269 4.37
4327 4.37 4.37
4457 4.37 4.37
4376 4.37 4.281
4258 4.281 4.281
4271 4.281 4.281
4336 4.281 4.431
4299 4.431 4.431
4542 4.431 4.431
4581 4.431 4.478
4561 4.478 4.478
4525 4.478 4.478
4569 4.478 4.438
4339 4.438 4.438
4365 4.438 4.438
4219 4.438 4.488
4393 4.488 4.488
4317 4.488 4.488
4490 4.488 4.51
4417 4.51 4.51
4252 4.51 4.51
4421 4.51 4.528
4327 4.528 4.528
4446 4.528 4.528
4348 4.528 4.4
4421 4.4 4.4
4354 4.4 4.4
4355 4.4 4.347
4342 4.347 4.347
4188 4.347 4.347
4450 4.347 4.431
4406 4.431 4.431
4384 4.431 4.431
4412 4.431 4.382
4321 4.382 4.382
4271 4.382 4.382
4323 4.382 4.353
4263 4.353 4.353
4274 4.353 4.353
4350 4.353 4.392
4188 4.392 4.392
4322 4.392 4.392
4216 4.392 4.489
4233 4.489 4.489
4332 4.489 4.489
4256 4.489 4.506
4272 4.506 4.506
4188 4.506 4.506
4254 4.506 4.404
4236 4.404 4.404
4207 4.404 4.404
4214 4.404 4.671
4331 4.671 4.671
4329 4.671 4.671
4469 4.671 4.706
4330 4.706 4.706
4332 4.706 4.706
4384 4.706 4.626
4351 4.626 4.626
4244 4.626 4.626
4361 4.626 4.412
4272 4.412 4.412
4231 4.412 4.412
4250 4.412 4.597
4250 4.597 4.597
4274 4.597 4.597
4292 4.597 4.573
4259 4.573 4.573
4305 4.573 4.573
4600 4.573 4.644
4357 4.644 4.644
4238 4.644 4.644
4243 4.644 4.588
4476 4.588 4.588
4328 4.588 4.588
4243 4.588 4.612
4283 4.612 4.612
4330 4.612 4.612
4334 4.612 4.689
4447 4.689 4.689
4188 4.689 4.689
4250 4.689 4.684
4188 4.684 4.684
4299 4.684 4.684
4249 4.684 4.654
4364 4.654 4.654
4518 4.654 4.654
4661 4.654 4.821
4554 4.821 4.821
4457 4.821 4.821
4302 4.821 4.532
4287 4.532 4.532
4189 4.532 4.532
4188 4.532 4.565
4188 4.565 4.565
4190 4.565 4.565
4188 4.565 4.767
4260 4.767 4.767
4264 4.767 4.767
4271 4.767 4.77
4430 4.77 4.77
4281 4.77 4.77
4309 4.77 4.57
4526 4.57 4.57
4619 4.57 4.57
4196 4.57 4.627
4188 4.627 4.627
4421 4.627 4.627
4304 4.627 4.633
4413 4.633 4.633
4449 4.633 4.633
4421 4.633 4.684
4555 4.684 4.684
4188 4.684 4.684
4278 4.684 4.676
4392 4.676 4.676
4343 4.676 4.676
4188 4.676 4.826
4300 4.826 4.826
4501 4.826 4.826
4404 4.826 4.8
4241 4.8 4.8
4385 4.8 4.8
4188 4.8 4.848
4265 4.848 4.848
4420 4.848 4.848
4275 4.848 4.703
4188 4.703 4.703
4349 4.703 4.703
4220 4.703 4.805
4252 4.805 4.805
4353 4.805 4.805
4633 4.805 5.168
4548 5.168 5.168
4374 5.168 5.168
4340 5.168 4.869
4301 4.869 4.869
4203 4.869 4.869
4188 4.869 4.676
4302 4.676 4.676
4307 4.676 4.676
4437 4.676 4.941
4307 4.941 4.941
4238 4.941 4.941
4374 4.941 4.983
4343 4.983 4.983
4495 4.983 4.983
4311 4.983 4.826
4188 4.826 4.826
4188 4.826 4.826
4283 4.826 4.808
4188 4.808 4.808
4364 4.808 4.808
4437 4.808 4.812
4277 4.812 4.812
4211 4.812 4.812
4188 4.812 4.839
4292 4.839 4.839
4364 4.839 4.839
4436 4.839 4.793
4188 4.793 4.793
4393 4.793 4.793
4356 4.793 4.7
4208 4.7 4.7
4222 4.7 4.7
4385 4.7 4.964
4188 4.964 4.964
4188 4.964 4.964
4188 4.964 5.022
4332 5.022 5.022
4205 5.022 5.022
4274 5.022 4.863
4220 4.863 4.863
4188 4.863 4.863
4244 4.863 4.971
4384 4.971 4.971
4342 4.971 4.971
4360 4.971 5.098
4317 5.098 5.098
4403 5.098 5.098
4272 5.098 5.007
4280 5.007 5.007
4216 5.007 5.007
4215 5.007 4.891
4283 4.891 4.891
4347 4.891 4.891
4461 4.891 4.962
4401 4.962 4.962
4242 4.962 4.962
4199 4.962 4.906
4413 4.906 4.906
4423 4.906 4.906
4520 4.906 4.979
4429 4.979 4.979
4348 4.979 4.979
4415 4.979 4.804
4282 4.804 4.804
4363 4.804 4.804
4201 4.804 4.597
4461 4.597 4.597
4188 4.597 4.597
4218 4.597 4.641
4371 4.641 4.641
4275 4.641 4.641
4463 4.641 4.742
4434 4.742 4.742
4303 4.742 4.742
4223 4.742 4.71
4237 4.71 4.71
4237 4.71 4.71
4351 4.71 4.847
4352 4.847 4.847
4233 4.847 4.847
4484 4.847 4.806
4322 4.806 4.806
4473 4.806 4.806
4426 4.806 4.732
4505 4.732 4.732
4420 4.732 4.732
4405 4.732 4.477
4461 4.477 4.477
4514 4.477 4.477
4450 4.477 4.438
4423 4.438 4.438
4418 4.438 4.438
4612 4.438 4.428
4471 4.428 4.428
4268 4.428 4.428
4302 4.428 4.34
4339 4.34 4.34
4255 4.34 4.34
4188 4.34 4.453
4470 4.453 4.453
4336 4.453 4.453
4359 4.453 4.37
4382 4.37 4.37
4270 4.37 4.37
4307 4.37 4.423
4266 4.423 4.423
4250 4.423 4.423
4323 4.423 4.54
4202 4.54 4.54
4257 4.54 4.54
4430 4.54 4.682
4242 4.682 4.682
4188 4.682 4.682
4188 4.682 4.731
4188 4.731 4.731
4390 4.731 4.731
4309 4.731 4.817
4409 4.817 4.817
4429 4.817 4.817
4214 4.817 4.898
4188 4.898 4.898
4265 4.898 4.898
4503 4.898 4.993
4452 4.993 4.993
4586 4.993 4.993
4387 4.993 4.88
4447 4.88 4.88
4498 4.88 4.88
4298 4.88 4.803
4314 4.803 4.803
4188 4.803 4.803
4188 4.803 5.035
4314 5.035 5.035
4190 5.035 5.035
4365 5.035 5.069
4301 5.069 5.069
4351 5.069 5.069
4476 5.069 5.099
4318 5.099 5.099
4322 5.099 5.099
4271 5.099 4.812
4214 4.812 4.812
4232 4.812 4.812
4205 4.812 4.861
4197 4.861 4.861
4412 4.861 4.861
4368 4.861 4.89
4331 4.89 4.89
4336 4.89 4.89
4331 4.89 4.826
4524 4.826 4.826
4296 4.826 4.826
4404 4.826 4.759
4269 4.759 4.759
4254 4.759 4.759
4249 4.759 4.531
4312 4.531 4.531
4371 4.531 4.531
4388 4.531 4.436
4429 4.436 4.436
4655 4.436 4.436
4343 4.436 4.109
4439 4.109 4.109
4375 4.109 4.109
4188 4.109 4.1
4251 4.1 4.1
4248 4.1 4.041
4188 4.041 4.041
4230 4.041 4.041
4443 4.041 4.047
4241 4.047 4.047
4269 4.047 4.047
4449 4.047 4.171
4379 4.171 4.171
4328 4.171 4.171
4341 4.171 4.093
4515 4.093 4.093
4248 4.093 4.093
4208 4.093 4.172
4219 4.172 4.172
4349 4.172 4.308
4188 4.308 4.308
4366 4.308 4.308
4431 4.308 4.201
4320 4.201 4.201
4243 4.201 4.201
4188 4.201 4.375
4493 4.375 4.375
4377 4.375 4.375
4416 4.375 4.429
4230 4.429 4.429
4188 4.429 4.429
4220 4.429 4.364
4307 4.364 4.364
4287 4.364 4.364
4258 4.364 4.43
4335 4.43 4.43
4291 4.43 4.43
4544 4.43 4.702
4436 4.702 4.702
4595 4.702 4.702
4539 4.702 4.541
4419 4.541 4.541
4299 4.541 4.541
4188 4.541 4.526
4188 4.526 4.526
4231 4.526 4.526
4266 4.526 4.568
4460 4.568 4.568
4427 4.568 4.568
4278 4.568 4.528
4313 4.528 4.528
4286 4.528 4.528
4517 4.528 4.563
4271 4.563 4.563
4307 4.563 4.563
4360 4.563 4.508
4239 4.508 4.508
4188 4.508 4.508
4284 4.508 4.578
4210 4.578 4.578
4545 4.578 4.578
4606 4.578 4.456
4505 4.456 4.456
4483 4.456 4.456
4188 4.456 4.368
4360 4.368 4.368
4272 4.368 4.368
4258 4.368 4.581
4500 4.581 4.581
4286 4.581 4.581
4333 4.581 4.461
4202 4.461 4.461
4369 4.461 4.461
4329 4.461 4.22
4222 4.22 4.22
4252 4.22 4.22
4400 4.22 4.507
4253 4.507 4.507
4429 4.507 4.507
4235 4.507 4.504
4229 4.504 4.504
4188 4.504 4.504
4381 4.504 4.535
4345 4.535 4.535
4188 4.535 4.535
4190 4.535 4.669
4338 4.669 4.669
4443 4.669 4.669
4339 4.669 4.799
4423 4.799 4.799
4280 4.799 4.799
4343 4.799 4.692
4486 4.692 4.692
4543 4.692 4.692
4533 4.692 4.522
4528 4.522 4.522
4262 4.522 4.522
4588 4.522 4.529
4247 4.529 4.529
4546 4.529 4.529
4448 4.529 4.483
4260 4.483 4.483
4366 4.483 4.483
4188 4.483 4.385
4380 4.385 4.385
4269 4.385 4.385
4491 4.385 4.463
4331 4.463 4.463
4424 4.463 4.463
4385 4.463 4.381
4445 4.381 4.381
4415 4.381 4.381
4279 4.381 4.336
4342 4.336 4.336
4254 4.336 4.336
4503 4.336 4.486
4406 4.486 4.486
4304 4.486 4.486
4496 4.486 4.545
4358 4.545 4.545
4188 4.545 4.545
4283 4.545 4.524
4311 4.524 4.524
4340 4.524 4.524
4266 4.524 4.641
4237 4.641 4.641
4481 4.641 4.641
4343 4.641 4.564
4546 4.564 4.564
4528 4.564 4.564
4300 4.564 4.513
4282 4.513 4.513
4188 4.513 4.513
4257 4.513 4.581
4379 4.581 4.581
4321 4.581 4.581
4245 4.581 4.484
4379 4.484 4.484
4456 4.484 4.484
4339 4.484 4.4
4389 4.4 4.4
4188 4.4 4.4
4319 4.4 4.59
4188 4.59 4.59
4381 4.59 4.59
4222 4.59 4.577
4265 4.577 4.577
4410 4.577 4.577
4245 4.577 4.544
4188 4.544 4.544
4273 4.544 4.544
4188 4.544 4.51
4253 4.51 4.51
4264 4.51 4.51
4188 4.51 4.65
4319 4.65 4.65
4283 4.65 4.65
4239 4.65 4.565
4203 4.565 4.565
4188 4.565 4.565
4326 4.565 4.514
4360 4.514 4.514
4425 4.514 4.514
4522 4.514 4.556
4391 4.556 4.556
4504 4.556 4.556
4188 4.556 4.504
4188 4.504 4.504
4195 4.504 4.504
4251 4.504 4.503
4246 4.503 4.503
4282 4.503 4.503
4378 4.503 4.568
4381 4.568 4.568
4590 4.568 4.568
4335 4.568 4.543
4367 4.543 4.543
4245 4.543 4.543
4462 4.543 4.3
4560 4.3 4.3
4390 4.3 4.3
4420 4.3 4.27
4308 4.27 4.27
4291 4.27 4.27
4307 4.27 4.281
4364 4.281 4.281
4355 4.281 4.281
4336 4.281 4.321
4268 4.321 4.321
4285 4.321 4.321
4411 4.321 4.287
4271 4.287 4.287
4397 4.287 4.287
4488 4.287 4.382
4188 4.382 4.382
4287 4.382 4.382
4229 4.382 4.277
4188 4.277 4.277
4318 4.277 4.277
4239 4.277 4.277
4247 4.277 4.277
4273 4.277 4.277
4291 4.277 4.349
4325 4.349 4.349
4272 4.349 4.349
4198 4.349 4.31
4351 4.31 4.31
4332 4.31 4.31
4330 4.31 4.38
4278 4.38 4.38
4229 4.38 4.38
4224 4.38 4.417
4313 4.417 4.417
4188 4.417 4.417
4199 4.417 4.423
4432 4.423 4.423
4293 4.423 4.423
4316 4.423 4.384
4331 4.384 4.384
4442 4.384 4.384
4398 4.384 4.381
4248 4.381 4.381
4188 4.381 4.381
4206 4.381 4.293
4269 4.293 4.293
4188 4.293 4.293
4274 4.293 4.536
4219 4.536 4.536
4249 4.536 4.536
4296 4.536 4.618
4188 4.618 4.618
4347 4.618 4.618
4318 4.618 4.616
4568 4.616 4.616
4427 4.616 4.616
4677 4.616 4.661
4308 4.661 4.661
4236 4.661 4.661
4325 4.661 4.648
4378 4.648 4.648
4216 4.648 4.648
4354 4.648 4.796
4334 4.796 4.796
4316 4.796 4.796
4271 4.796 4.723
4433 4.723 4.723
4265 4.723 4.723
4188 4.723 4.776
4331 4.776 4.776
4424 4.776 4.776
4260 4.776 4.78
4188 4.78 4.78
4264 4.78 4.78
4349 4.78 4.825
4234 4.825 4.825
4423 4.825 4.825
4510 4.825 4.838
4599 4.838 4.838
4395 4.838 4.838
4188 4.838 4.783
4264 4.783 4.783
4466 4.783 4.783
4512 4.783 4.886
4645 4.886 4.886
4488 4.886 4.886
4379 4.886 4.793
4306 4.793 4.793
4520 4.793 4.793
4517 4.793 5.006
4642 5.006 5.006
4256 5.006 5.006
4341 5.006 4.801
4345 4.801 4.801
4307 4.801 4.801
4232 4.801 4.684
4355 4.684 4.684
4270 4.684 4.684
4366 4.684 4.884
4746 4.884 4.884
4282 4.884 4.884
4411 4.884 4.844
4358 4.844 4.844
4648 4.844 4.844
4501 4.844 4.561
4382 4.561 4.561
4357 4.561 4.561
4262 4.561 4.532
4361 4.532 4.532
4265 4.532 4.532
4188 4.532 4.852
4316 4.852 4.852
4298 4.852 4.852
4612 4.852 4.797
4423 4.797 4.797
4385 4.797 4.797
4395 4.797 4.482
4317 4.482 4.482
4188 4.482 4.482
4250 4.482 4.521
4253 4.521 4.521
4363 4.521 4.521
4542 4.521 4.85
4574 4.85 4.85
4483 4.85 4.85
4600 4.85 4.696
4606 4.696 4.696
4275 4.696 4.696
4340 4.696 4.567
4239 4.567 4.567
4328 4.567 4.567
4246 4.567 4.452
4389 4.452 4.452
4309 4.452 4.452
4544 4.452 4.593
4446 4.593 4.593
4590 4.593 4.593
4467 4.593 4.465
4497 4.465 4.465
4345 4.465 4.465
4188 4.465 4.379
4377 4.379 4.379
4274 4.379 4.379
4222 4.379 4.474
4203 4.474 4.474
4364 4.474 4.474
4408 4.474 4.629
4229 4.629 4.629
4456 4.629 4.629
4278 4.629 4.554
4264 4.554 4.554
4303 4.554 4.554
4231 4.554 4.518
4341 4.518 4.518
4267 4.518 4.518
4336 4.518 4.564
4389 4.564 4.564
4286 4.564 4.564
4333 4.564 4.464
4282 4.464 4.464
4452 4.464 4.464
4347 4.464 4.362
4379 4.362 4.362
4376 4.362 4.362
4504 4.362 4.323
4310 4.323 4.323
4299 4.323 4.323
4304 4.323 4.199
4260 4.199 4.199
4341 4.199 4.199
4372 4.199 4.259
4462 4.259 4.259
4422 4.259 4.259
4289 4.259 4.059
4429 4.059 4.059
4258 4.059 4.059
4405 4.059 4.085
4313 4.085 4.085
4334 4.085 4.129
4331 4.129 4.129
4415 4.129 4.129
4402 4.129 4.091
4230 4.091 4.091
4358 4.091 4.091
4342 4.091 4.173
4226 4.173 4.173
4188 4.173 4.173
4369 4.173 4.241
4271 4.241 4.241
4472 4.241 4.241
4333 4.241 4.096
4384 4.096 4.096
4188 4.096 4.096
4423 4.096 4.288
4188 4.288 4.288
4441 4.288 4.288
4613 4.288 4.443
4488 4.443 4.443
4535 4.443 4.443
4351 4.443 4.158
4611 4.158 4.158
4217 4.158 4.158
4222 4.158 4.132
4188 4.132 4.132
4278 4.132 4.382
4446 4.382 4.382
4355 4.382 4.382
4231 4.382 4.392
4234 4.392 4.392
4253 4.392 4.392
4269 4.392 4.246
4549 4.246 4.246
4750 4.246 4.246
4409 4.246 4.293
4271 4.293 4.293
4188 4.293 4.293
4200 4.293 4.328
4410 4.328 4.328
4537 4.328 4.328
4317 4.328 4.439
4438 4.439 4.439
4372 4.439 4.439
4337 4.439 4.266
4189 4.266 4.266
4188 4.266 4.266
4196 4.266 4.489
4188 4.489 4.489
4236 4.489 4.489
4383 4.489 4.462
4469 4.462 4.462
4416 4.462 4.462
4289 4.462 4.305
4239 4.305 4.305
4188 4.305 4.305
4369 4.305 4.323
4188 4.323 4.323
4249 4.323 4.323
4225 4.323 4.578
4209 4.578 4.578
4223 4.578 4.578
4375 4.578 4.607
4503 4.607 4.607
4229 4.607 4.607
4306 4.607 4.557
4241 4.557 4.557
4188 4.557 4.557
4188 4.557 4.885
4238 4.885 4.885
4337 4.885 4.885
4407 4.885 5.096
4188 5.096 5.096
4247 5.096 5.096
4450 5.096 4.993
4523 4.993 4.993
4498 4.993 4.993
4405 4.993 4.564
4296 4.564 4.564
4361 4.564 4.564
4374 4.564 4.617
4322 4.617 4.617
4288 4.617 4.617
4227 4.617 4.794
4366 4.794 4.794
4500 4.794 4.794
4335 4.794 4.667
4419 4.667 4.667
4405 4.667 4.667
4403 4.667 4.503
4462 4.503 4.503
4320 4.503 4.503
4380 4.503 4.555
4475 4.555 4.555
4493 4.555 4.555
4188 4.555 4.573
4188 4.573 4.573
4427 4.573 4.573
4302 4.573 4.944
4462 4.944 4.944
4390 4.944 4.944
4426 4.944 4.82
4498 4.82 4.82
4431 4.82 4.82
4275 4.82 4.716
4355 4.716 4.716
4320 4.716 4.716
4188 4.716 4.864
4294 4.864 4.864
4258 4.864 4.864
4332 4.864 4.81
4288 4.81 4.81
4218 4.81 4.81
4210 4.81 4.932
4417 4.932 4.932
4497 4.932 4.932
4295 4.932 4.877
4216 4.877 4.877
4231 4.877 4.877
4282 4.877 4.988
4277 4.988 4.988
4188 4.988 4.988
4349 4.988 5.045
4321 5.045 5.045
4295 5.045 5.045
4287 5.045 5.174
4231 5.174 5.174
4428 5.174 5.174
4589 5.174 5.149
4407 5.149 5.149
4188 5.149 5.149
4273 5.149 5.017
4366 5.017 5.017
4258 5.017 5.017
4249 5.017 5.08
4284 5.08 5.08
4269 5.08 5.08
4404 5.08 5.185
4249 5.185 5.185
4205 5.185 5.185
4188 5.185 5.094
4292 5.094 5.094
4350 5.094 5.094
4393 5.094 4.952
4374 4.952 4.952
4492 4.952 4.952
4635 4.952 5.032
4512 5.032 5.032
4419 5.032 5.032
4496 5.032 4.837
4484 4.837 4.837
4551 4.837 4.837
4489 4.837 4.697
4547 4.697 4.697
4448 4.697 4.697
4599 4.697 4.863
4720 4.863 4.863
4661 4.863 4.863
4614 4.863 4.68
4482 4.68 4.68
4387 4.68 4.68
4264 4.68 4.304
4269 4.304 4.304
4291 4.304 4.304
4217 4.304 4.379
4190 4.379 4.379
4295 4.379 4.379
4410 4.379 4.557
4403 4.557 4.557
4390 4.557 4.557
4255 4.557 4.454
4188 4.454 4.454
4357 4.454 4.454
4401 4.454 4.344
4313 4.344 4.344
4188 4.344 4.344
4227 4.344 4.567
4271 4.567 4.567
4416 4.567 4.567
4194 4.567 4.503
4304 4.503 4.503
4244 4.503 4.503
4403 4.503 4.598
4481 4.598 4.598
4305 4.598 4.598
4357 4.598 4.459
4420 4.459 4.459
4214 4.459 4.459
4188 4.459 4.428
4188 4.428 4.428
4364 4.428 4.428
4396 4.428 4.344
4188 4.344 4.344
4242 4.344 4.344
4301 4.344 4.226
4237 4.226 4.226
4188 4.226 4.226
4458 4.226 4.305
4264 4.305 4.305
4294 4.305 4.305
4476 4.305 4.434
4264 4.434 4.434
4539 4.434 4.434
4293 4.434 4.335
4252 4.335 4.335
4373 4.335 4.335
4284 4.335 4.283
4282 4.283 4.283
4188 4.283 4.283
4212 4.283 4.335
4344 4.335 4.335
4343 4.335 4.335
4461 4.335 4.481
4337 4.481 4.481
4688 4.481 4.481
4482 4.481 4.414
4340 4.414 4.414
4502 4.414 4.414
4267 4.414 4.292
4360 4.292 4.292
4245 4.292 4.292
4244 4.292 4.402
4188 4.402 4.402
4436 4.402 4.402
4370 4.402 4.402
4316 4.402 4.402
4416 4.402 4.402
4343 4.402 4.279
4239 4.279 4.279
4345 4.279 4.279
4188 4.279 4.399
4489 4.399 4.399
4224 4.399 4.399
4337 4.399 4.438
4367 4.438 4.438
4428 4.438 4.438
4391 4.438 4.234
4284 4.234 4.234
4274 4.234 4.234
4188 4.234 4.341
4210 4.341 4.341
4312 4.341 4.431
4280 4.431 4.431
4308 4.431 4.431
4294 4.431 4.478
4308 4.478 4.478
4238 4.478 4.478
4286 4.478 4.445
4242 4.445 4.445
4335 4.445 4.445
4326 4.445 4.715
4422 4.715 4.715
4358 4.715 4.715
4263 4.715 4.658
4281 4.658 4.658
4214 4.658 4.658
4368 4.658 4.666
4488 4.666 4.666
4470 4.666 4.666
4258 4.666 4.729
4449 4.729 4.729
4197 4.729 4.729
4308 4.729 4.887
4386 4.887 4.887
4349 4.887 4.887
4460 4.887 4.963
4259 4.963 4.963
4302 4.963 4.963
4286 4.963 4.841
4322 4.841 4.841
4311 4.841 4.841
4486 4.841 4.811
4239 4.811 4.811
4313 4.811 4.811
4362 4.811 4.782
4459 4.782 4.782
4256 4.782 4.782
4274 4.782 4.894
4238 4.894 4.894
4188 4.894 4.894
4408 4.894 4.913
4290 4.913 4.913
4333 4.913 4.913
4298 4.913 4.744
4267 4.744 4.744
4415 4.744 4.744
4374 4.744 4.669
4228 4.669 4.669
4264 4.669 4.669
4188 4.669 4.831
4188 4.831 4.831
4274 4.831 4.831
4259 4.831 4.818
4318 4.818 4.818
4414 4.818 4.818
4344 4.818 4.798
4188 4.798 4.798
4237 4.798 4.798
4439 4.798 4.826
4188 4.826 4.826
4208 4.826 4.826
4238 4.826 5.106
4372 5.106 5.106
4441 5.106 5.106
4213 5.106 5.013
4519 5.013 5.013
4498 5.013 5.013
4594 5.013 4.988
4612 4.988 4.988
4464 4.988 4.988
4298 4.988 4.937
4370 4.937 4.937
4352 4.937 4.937
4271 4.937 4.993
4351 4.993 4.993
4257 4.993 4.993
4188 4.993 5.054
4188 5.054 5.054
4188 5.054 5.054
4239 5.054 5.042
4265 5.042 5.042
4460 5.042 5.042
4260 5.042 5.068
4472 5.068 5.068
4385 5.068 5.068
4233 5.068 5.052
4445 5.052 5.052
4368 5.052 5.052
4308 5.052 4.933
4284 4.933 4.933
4253 4.933 4.933
4474 4.933 5.019
4489 5.019 5.019
4524 5.019 5.019
4353 5.019 4.823
4221 4.823 4.823
4240 4.823 4.823
4188 4.823 4.866
4300 4.866 4.866
4341 4.866 4.866
4353 4.866 4.944
4188 4.944 4.944
4328 4.944 4.944
4352 4.944 4.842
4518 4.842 4.842
4484 4.842 4.842
4492 4.842 4.797
4504 4.797 4.797
4507 4.797 4.797
4403 4.797 4.731
4211 4.731 4.731
4314 4.731 4.731
4218 4.731 4.752
4188 4.752 4.752
4296 4.752 4.752
4327 4.752 4.969
4188 4.969 4.969
4412 4.969 4.969
4311 4.969 4.907
4273 4.907 4.907
4398 4.907 4.907
4296 4.907 4.833
4289 4.833 4.833
4324 4.833 4.833
4206 4.833 4.88
4188 4.88 4.88
4263 4.88 4.88
4325 4.88 4.96
4414 4.96 4.96
4500 4.96 4.96
4395 4.96 4.905
4188 4.905 4.905
4188 4.905 4.905
4330 4.905 4.894
4243 4.894 4.894
4341 4.894 4.894
4188 4.894 4.922
4232 4.922 4.922
4285 4.922 4.922
4188 4.922 5.031
4269 5.031 5.031
4188 5.031 5.031
4408 5.031 5.137
4391 5.137 5.137
4354 5.137 5.137
4309 5.137 4.872
4346 4.872 4.872
4349 4.872 4.872
4258 4.872 4.744
4266 4.744 4.744
4269 4.744 4.744
4377 4.744 4.87
4245 4.87 4.87
4403 4.87 4.87
4278 4.87 4.846
4313 4.846 4.846
4493 4.846 4.846
4347 4.846 4.649
4406 4.649 4.649
4278 4.649 4.649
4336 4.649 4.461
4196 4.461 4.461
4413 4.461 4.461
4309 4.461 4.591
4188 4.591 4.591
4239 4.591 4.591
4249 4.591 4.631
4256 4.631 4.631
4202 4.631 4.631
4262 4.631 4.67
4222 4.67 4.67
4340 4.67 4.67
4291 4.67 4.733
4339 4.733 4.733
4470 4.733 4.733
4403 4.733 4.515
4326 4.515 4.515
4407 4.515 4.515
4393 4.515 4.322
4319 4.322 4.322
4225 4.322 4.322
4340 4.322 4.4
4263 4.4 4.4
4273 4.4 4.4
4258 4.4 4.498
4486 4.498 4.498
4476 4.498 4.498
4485 4.498 4.411
4253 4.411 4.411
4252 4.411 4.411
4390 4.411 4.388
4264 4.388 4.388
4334 4.388 4.388
4379 4.388 4.605
4422 4.605 4.605
4515 4.605 4.605
4370 4.605 4.353
4267 4.353 4.353
4218 4.353 4.353
4419 4.353 4.534
4261 4.534 4.534
4275 4.534 4.534
4266 4.534 4.522
4400 4.522 4.522
4361 4.522 4.522
4415 4.522 4.327
4303 4.327 4.327
4188 4.327 4.327
4289 4.327 4.434
4231 4.434 4.434
4188 4.434 4.434
4424 4.434 4.618
4345 4.618 4.618
4413 4.618 4.618
4403 4.618 4.446
4386 4.446 4.446
4437 4.446 4.446
4231 4.446 4.369
4302 4.369 4.369
4308 4.369 4.369
4461 4.369 4.38
4242 4.38 4.38
4317 4.38 4.38
4188 4.38 4.329
4233 4.329 4.329
4291 4.329 4.329
4593 4.329 4.337
4312 4.337 4.337
4339 4.337 4.337
4313 4.337 4.254
4222 4.254 4.254
4324 4.254 4.254
4272 4.254 4.33
4497 4.33 4.33
4245 4.33 4.33
4202 4.33 4.263
4417 4.263 4.263
4308 4.263 4.263
4525 4.263 4.367
4390 4.367 4.367
4414 4.367 4.367
4262 4.367 4.314
4327 4.314 4.314
4272 4.314 4.314
4427 4.314 4.54
4504 4.54 4.54
4390 4.54 4.54
4290 4.54 4.487
4189 4.487 4.487
4337 4.487 4.487
4225 4.487 4.503
4294 4.503 4.503
4398 4.503 4.503
4397 4.503 4.399
4536 4.399 4.399
4260 4.399 4.399
4410 4.399 4.305
4188 4.305 4.305
4371 4.305 4.305
4480 4.305 4.4
4420 4.4 4.4
4267 4.4 4.4
4389 4.4 4.469
4466 4.469 4.469
4378 4.469 4.469
4555 4.469 4.295
4438 4.295 4.295
4205 4.295 4.295
4460 4.295 4.343
4420 4.343 4.343
4398 4.343 4.343
4188 4.343 4.505
4251 4.505 4.505
4535 4.505 4.505
4412 4.505 4.706
4232 4.706 4.706
4282 4.706 4.706
4257 4.706 4.538
4330 4.538 4.538
4188 4.538 4.538
4473 4.538 4.735
4303 4.735 4.735
4344 4.735 4.735
4204 4.735 4.612
4263 4.612 4.612
4392 4.612 4.612
4341 4.612 4.481
4312 4.481 4.481
4494 4.481 4.481
4416 4.481 4.517
4390 4.517 4.517
4279 4.517 4.517
4188 4.517 4.407
4188 4.407 4.407
4210 4.407 4.407
4220 4.407 4.492
4232 4.492 4.492
4427 4.492 4.492
4320 4.492 4.381
4327 4.381 4.381
4347 4.381 4.381
4215 4.381 4.308
4188 4.308 4.308
4315 4.308 4.308
4275 4.308 4.402
4402 4.402 4.402
4188 4.402 4.402
4475 4.402 4.451
4253 4.451 4.451
4297 4.451 4.451
4223 4.451 4.379
4482 4.379 4.379
4188 4.379 4.379
4251 4.379 4.541
4204 4.541 4.541
4377 4.541 4.541
4325 4.541 4.526
4225 4.526 4.526
4531 4.526 4.526
4328 4.526 4.6
4188 4.6 4.6
4422 4.6 4.6
4188 4.6 4.511
4218 4.511 4.511
4188 4.511 4.511
4397 4.511 4.583
4331 4.583 4.583
4263 4.583 4.583
4313 4.583 4.643
4305 4.643 4.643
4323 4.643 4.643
4211 4.643 4.679
4263 4.679 4.679
4188 4.679 4.679
4188 4.679 4.785
4188 4.785 4.785
4534 4.785 4.785
4552 4.785 4.802
4397 4.802 4.802
4387 4.802 4.802
4233 4.802 4.732
4432 4.732 4.732
4274 4.732 4.732
4267 4.732 4.774
4397 4.774 4.774
4363 4.774 4.774
4358 4.774 4.928
4450 4.928 4.928
4588 4.928 4.928
4324 4.928 4.889
4332 4.889 4.889
4188 4.889 4.889
4265 4.889 5.045
4329 5.045 5.045
4188 5.045 5.045
4282 5.045 5.197
4215 5.197 5.197
4498 5.197 5.197
4313 5.197 5.127
4281 5.127 5.127
4310 5.127 5.127
4188 5.127 5.118
4309 5.118 5.118
4466 5.118 5.118
4581 5.118 5.105
4390 5.105 5.105
4341 5.105 5.105
4700 5.105 5.091
4494 5.091 5.091
4637 5.091 5.091
4550 5.091 4.902
4567 4.902 4.902
4271 4.902 4.902
4307 4.902 4.97
4268 4.97 4.97
4267 4.97 4.97
4332 4.97 5.142
4292 5.142 5.142
4216 5.142 5.142
4188 5.142 5.324
4251 5.324 5.324
4255 5.324 5.324
4297 5.324 5.323
4257 5.323 5.323
4216 5.323 5.323
4438 5.323 5.348
4474 5.348 5.348
4313 5.348 5.348
4329 5.348 5.214
4195 5.214 5.214
4510 5.214 5.214
4657 5.214 5.161
4344 5.161 5.161
4232 5.161 5.161
4300 5.161 5.12
4516 5.12 5.12
4622 5.12 5.12
4391 5.12 5.068
4274 5.068 5.068
4281 5.068 5.068
4272 5.068 4.952
4272 4.952 4.952
4188 4.952 4.952
4252 4.952 5.058
4289 5.058 5.058
4370 5.058 5.058
4451 5.058 4.919
4297 4.919 4.919
4373 4.919 4.919
4456 4.919 4.822
4337 4.822 4.822
4188 4.822 4.822
4221 4.822 4.939
4380 4.939 4.939
4228 4.939 4.939
4263 4.939 4.942
4342 4.942 4.942
4350 4.942 4.942
4188 4.942 5.026
4217 5.026 5.026
4228 5.026 5.026
4188 5.026 5.215
4209 5.215 5.215
4407 5.215 5.215
4330 5.215 5.123
4456 5.123 5.123
4272 5.123 5.123
4399 5.123 5.294
4334 5.294 5.294
4407 5.294 5.294
4366 5.294 5.158
4188 5.158 5.158
4188 5.158 5.158
4358 5.158 5.216
4271 5.216 5.216
4188 5.216 5.216
4327 5.216 5.334
4420 5.334 5.334
4243 5.334 5.334
4188 5.334 5.299
4221 5.299 5.299
4401 5.299 5.299
4409 5.299 5.254
4333 5.254 5.254
4300 5.254 5.254
4377 5.254 5.127
4380 5.127 5.127
4271 5.127 5.127
4270 5.127 5.079
4188 5.079 5.079
4265 5.079 5.079
4227 5.079 5.12
4188 5.12 5.12
4285 5.12 5.12
4235 5.12 5.041
4188 5.041 5.041
4228 5.041 5.041
4552 5.041 5.098
4434 5.098 5.098
4366 5.098 5.098
4262 5.098 4.973
4188 4.973 4.973
4304 4.973 4.973
4462 4.973 5.035
4380 5.035 5.035
4325 5.035 5.035
4222 5.035 5.043
4274 5.043 5.043
4270 5.043 5.043
4298 5.043 4.937
4405 4.937 4.937
4214 4.937 4.937
4365 4.937 5.09
4278 5.09 5.09
4243 5.09 5.09
4279 5.09 5.328
4314 5.328 5.328
4230 5.328 5.328
4331 5.328 5.319
4399 5.319 5.319
4188 5.319 5.319
4269 5.319 5.328
4277 5.328 5.328
4277 5.328 5.328
4296 5.328 5.255
4403 5.255 5.255
4188 5.255 5.255
4395 5.255 5.482
4266 5.482 5.482
4254 5.482 5.482
4230 5.482 5.467
4347 5.467 5.467
4328 5.467 5.467
4406 5.467 5.382
4292 5.382 5.382
4237 5.382 5.382
4294 5.382 5.3
4241 5.3 5.3
4247 5.3 5.3
4213 5.3 5.546
4377 5.546 5.546
4332 5.546 5.546
4464 5.546 5.353
4520 5.353 5.353
4437 5.353 5.353
4288 5.353 5.24
4224 5.24 5.24
4336 5.24 5.24
4266 5.24 5.19
4236 5.19 5.19
4223 5.19 5.19
4188 5.19 5.36
4326 5.36 5.36
4692 5.36 5.36
4632 5.36 5.212
4477 5.212 5.212
4456 5.212 5.212
4436 5.212 4.921
4314 4.921 4.921
4272 4.921 4.921
4304 4.921 4.95
4268 4.95 4.95
4410 4.95 4.95
4265 4.95 5.123
4319 5.123 5.123
4497 5.123 5.123
4361 5.123 4.974
4308 4.974 4.974
4371 4.974 4.974
4272 4.974 4.819
4245 4.819 4.819
4346 4.819 4.819
4276 4.819 4.978
4406 4.978 4.978
4386 4.978 4.978
4188 4.978 5.052
4222 5.052 5.052
4589 5.052 5.052
4289 5.052 4.965
4188 4.965 4.965
4364 4.965 4.965
4277 4.965 4.821
4188 4.821 4.821
4236 4.821 4.821
4271 4.821 5.12
4391 5.12 5.12
4374 5.12 5.12
4411 5.12 4.944
4268 4.944 4.944
4330 4.944 4.944
4411 4.944 4.833
4210 4.833 4.833
4230 4.833 4.833
4428 4.833 4.952
4188 4.952 4.952
4188 4.952 4.952
4383 4.952 5.444
4402 5.444 5.444
4301 5.444 5.444
4373 5.444 5.417
4435 5.417 5.417
4256 5.417 5.417
4300 5.417 5.197
4231 5.197 5.197
4286 5.197 5.197
4327 5.197 5.281
4357 5.281 5.281
4319 5.281 5.281
4188 5.281 5.4
4431 5.4 5.4
4459 5.4 5.4
4425 5.4 5.463
4188 5.463 5.463
4483 5.463 5.463
4279 5.463 5.302
4188 5.302 5.302
4516 5.302 5.302
4484 5.302 5.273
4188 5.273 5.273
4188 5.273 5.273
4336 5.273 5.419
4216 5.419 5.419
4188 5.419 5.419
4238 5.419 5.476
4267 5.476 5.476
4263 5.476 5.476
4287 5.476 5.493
4293 5.493 5.493
4296 5.493 5.493
4358 5.493 5.548
4432 5.548 5.548
4192 5.548 5.548
4323 5.548 5.622
4233 5.622 5.622
4305 5.622 5.622
4320 5.622 5.655
4363 5.655 5.655
4285 5.655 5.655
4554 5.655 5.564
4368 5.564 5.564
4362 5.564 5.564
4217 5.564 5.451
4292 5.451 5.451
4437 5.451 5.451
4433 5.451 5.415
4333 5.415 5.415
4188 5.415 5.415
4340 5.415 5.454
4343 5.454 5.454
4283 5.454 5.454
4273 5.454 5.708
4299 5.708 5.708
4335 5.708 5.708
4461 5.708 5.599
4420 5.599 5.599
4432 5.599 5.599
4524 5.599 5.599
4404 5.599 5.499
4246 5.499 5.499
4373 5.499 5.499
4528 5.499 5.465
4391 5.465 5.465
4386 5.465 5.465
4308 5.465 5.598
4240 5.598 5.598
4296 5.598 5.598
4400 5.598 5.69
4281 5.69 5.69
4251 5.69 5.69
4188 5.69 5.943
4316 5.943 5.943
4348 5.943 5.943
4478 5.943 6.09
4513 6.09 6.09
4460 6.09 6.09
4358 6.09 6.09
4406 6.09 5.91
4371 5.91 5.91
4258 5.91 5.91
4188 5.91 5.91
4249 5.91 6.043
4326 6.043 6.043
4259 6.043 6.043
4269 6.043 6.766
4274 6.766 6.766
4253 6.766 6.766
4377 6.766 6.766
4380 6.766 7.5
4386 7.5 7.5
4268 7.5 7.5
4357 7.5 7.5
4478 7.5 7.5
4325 7.5 7.283
4423 7.283 7.283
4580 7.283 7.283
4527 7.283 7.283
4287 7.283 6.785
4402 6.785 6.785
4262 6.785 6.785
4314 6.785 6.785
4263 6.785 6.663
4226 6.663 6.663
4188 6.663 6.663
4189 6.663 6.663
4311 6.663 7.193
4188 7.193 7.193
4245 7.193 7.193
4319 7.193 7.193
4256 7.193 7.139
4266 7.139 7.139
4229 7.139 7.139
4552 7.139 7.139
4462 7.139 6.985
4271 6.985 6.985
4188 6.985 6.985
4376 6.985 6.985
4443 6.985 6.842
4301 6.842 6.842
4206 6.842 6.842
4207 6.842 6.842
4261 6.842 6.964
4188 6.964 6.964
4375 6.964 6.964
4237 6.964 6.964
4264 6.964 7.121
4188 7.121 7.121
4419 7.121 7.121
4274 7.121 7.121
4382 7.121 7.052
4188 7.052 7.052
4240 7.052 7.052
4267 7.052 7.052
4392 7.052 7.093
4188 7.093 7.093
4388 7.093 7.093
4246 7.093 7.093
4188 7.093 7.077
4465 7.077 7.077
4393 7.077 7.077
4215 7.077 7.077
4283 7.077 7.09
4270 7.09 7.09
4218 7.09 7.09
4353 7.09 7.09
4544 7.09 7.187
4479 7.187 7.187
4395 7.187 7.187
4271 7.187 7.187
4188 7.187 7.164
4278 7.164 7.164
4250 7.164 7.164
4366 7.164 7.164
4472 7.164 7.143
4460 7.143 7.143
4297 7.143 7.143
4385 7.143 7.143
4222 7.143 7.026
4188 7.026 7.026
4274 7.026 7.026
4241 7.026 7.026
4357 7.026 7.033
4262 7.033 7.033
4307 7.033 7.033
4188 7.033 7.033
4246 7.033 7.388
4487 7.388 7.388
4376 7.388 7.388
4230 7.388 7.388
4188 7.388 7.346
4316 7.346 7.346
4245 7.346 7.346
4320 7.346 7.346
4296 7.346 7.114
4188 7.114 7.114
4242 7.114 7.114
4188 7.114 7.114
4302 7.114 7.725
4279 7.725 7.725
4225 7.725 7.725
4188 7.725 7.725
4240 7.725 8.121
4262 8.121 8.121
4252 8.121 8.121
4270 8.121 8.121
4350 8.121 8.103
4188 8.103 8.103
4311 8.103 8.103
4277 8.103 8.103
4217 8.103 8.103
4271 8.103 8.394
4284 8.394 8.394
4426 8.394 8.394
4259 8.394 8.394
4188 8.394 8.394
4322 8.394 8.796
4427 8.796 8.796
4219 8.796 8.796
4315 8.796 8.796
4454 8.796 8.796
4333 8.796 8.69
4246 8.69 8.69
4319 8.69 8.69
4230 8.69 8.69
4323 8.69 8.69
4277 8.69 8.287
4353 8.287 8.287
4203 8.287 8.287
4263 8.287 8.287
4317 8.287 8.287
4270 8.287 8.328
4304 8.328 8.328
4254 8.328 8.328
4351 8.328 8.328
4251 8.328 8.328
4229 8.328 8.5
4328 8.5 8.5
4398 8.5 8.5
4294 8.5 8.5
4368 8.5 8.5
4387 8.5 8.37
4188 8.37 8.37
4342 8.37 8.37
4452 8.37 8.37
4298 8.37 8.37
4188 8.37 8.246
4377 8.246 8.246
4188 8.246 8.246
4188 8.246 8.246
4370 8.246 8.195
4272 8.195 8.195
4188 8.195 8.195
4299 8.195 8.195
4339 8.195 8.195
4188 8.195 9.124
4439 9.124 9.124
4347 9.124 9.124
4188 9.124 9.124
4294 9.124 9.124
4259 9.124 9.731
4278 9.731 9.731
4448 9.731 9.731
4345 9.731 9.731
4218 9.731 9.731
4366 9.731 9.537
4197 9.537 9.537
4386 9.537 9.537
4443 9.537 9.537
4262 9.537 9.537
4347 9.537 9.285
4188 9.285 9.285
4348 9.285 9.285
4317 9.285 9.285
4214 9.285 9.285
4354 9.285 9.695
4455 9.695 9.695
4330 9.695 9.695
4188 9.695 9.695
4247 9.695 9.695
4295 9.695 11.216
4188 11.216 11.216
4188 11.216 11.216
4188 11.216 11.216
4272 11.216 11.216
4331 11.216 11.216
4348 11.216 13.52
4262 13.52 13.52
4319 13.52 13.52
4260 13.52 13.52
4188 13.52 13.52
4188 13.52 13.52
4379 13.52 13.52
4308 13.52 13.52
4250 13.52 15.486
4254 15.486 15.486
4242 15.486 15.486
4188 15.486 15.486
4261 15.486 15.486
4188 15.486 15.486
4330 15.486 15.486
4373 15.486 15.486
4245 15.486 15.66
4351 15.66 15.66
4270 15.66 15.66
4277 15.66 15.66
4188 15.66 15.66
4440 15.66 15.66
4343 15.66 15.66
4323 15.66 15.66
4295 15.66 15.66
4261 15.66 15.03
4226 15.03 15.03
4307 15.03 15.03
4188 15.03 15.03
4249 15.03 15.03
4188 15.03 15.03
4387 15.03 15.03
4260 15.03 15.03
4205 15.03 14.891
4220 14.891 14.891
4188 14.891 14.891
4188 14.891 14.891
4417 14.891 14.891
4261 14.891 14.891
4220 14.891 14.891
4218 14.891 14.891
4191 14.891 15.329
4199 15.329 15.329
4266 15.329 15.329
4188 15.329 15.329
4273 15.329 15.329
4365 15.329 15.329
4356 15.329 15.329
4305 15.329 15.329
4259 15.329 15.436
4231 15.436 15.436
4248 15.436 15.436
4413 15.436 15.436
4293 15.436 15.436
4266 15.436 15.436
4188 15.436 15.436
4326 15.436 15.436
4284 15.436 15.151
4328 15.151 15.151
4307 15.151 15.151
4188 15.151 15.151
4349 15.151 15.151
4215 15.151 15.151
4188 15.151 15.151
4188 15.151 15.151
4273 15.151 15.633
4253 15.633 15.633
4188 15.633 15.633
4239 15.633 15.633
4188 15.633 15.633
4188 15.633 15.633
4188 15.633 15.633
4235 15.633 15.633
4188 15.633 18.615
4291 18.615 18.615
4188 18.615 18.615
4188 18.615 18.615
4323 18.615 18.615
4192 18.615 18.615
4270 18.615 18.615
4188 18.615 18.615
4229 18.615 18.615
4244 18.615 20.33
4281 20.33 20.33
4233 20.33 20.33
4355 20.33 20.33
4303 20.33 20.33
4422 20.33 20.33
4444 20.33 20.33
4379 20.33 20.33
4399 20.33 20.33
4414 20.33 20.33
4506 20.33 20.33
4513 20.33 19.73
4547 19.73 19.73
4492 19.73 19.73
4516 19.73 19.73
4533 19.73 19.73
4544 19.73 19.73
4467 19.73 19.73
4472 19.73 19.73
4476 19.73 19.73
4561 19.73 19.73
4467 19.73 19.73
4548 19.73 18.231
4350 18.231 18.231
4320 18.231 18.231
4285 18.231 18.231
4288 18.231 18.231
4220 18.231 18.231
4322 18.231 18.231
4225 18.231 18.231
4267 18.231 18.231
4188 18.231 18.231
4188 18.231 18.189
4197 18.189 18.189
4275 18.189 18.189
4259 18.189 18.189
4305 18.189 18.189
4289 18.189 18.189
4188 18.189 18.189
4272 18.189 18.189
4188 18.189 18.189
4194 18.189 19.353
4188 19.353 19.353
4256 19.353 19.353
4188 19.353 19.353
4267 19.353 19.353
4202 19.353 19.353
4311 19.353 19.353
4210 19.353 19.353
4280 19.353 19.353
4188 19.353 19.353
4263 19.353 19.531
4314 19.531 19.531
4323 19.531 19.531
4334 19.531 19.531
4252 19.531 19.531
4347 19.531 19.531
4265 19.531 19.531
4264 19.531 19.531
4349 19.531 19.531
4343 19.531 19.531
4245 19.531 18.879
4329 18.879 18.879
4234 18.879 18.879
4222 18.879 18.879
4419 18.879 18.879
4315 18.879 18.879
4298 18.879 18.879
4276 18.879 18.879
4251 18.879 18.879
4188 18.879 18.879
4188 18.879 18.462
4359 18.462 18.462
4239 18.462 18.462
4245 18.462 18.462
4203 18.462 18.462
4219 18.462 18.462
4188 18.462 18.462
4365 18.462 18.462
4236 18.462 18.462
4235 18.462 18.757
4259 18.757 18.757
4224 18.757 18.757
4273 18.757 18.757
4270 18.757 18.757
4333 18.757 18.757
4229 18.757 18.757
4236 18.757 18.757
4227 18.757 18.757
4206 18.757 19.074
4188 19.074 19.074
4255 19.074 19.074
4188 19.074 19.074
4261 19.074 19.074
4353 19.074 19.074
4247 19.074 19.074
4229 19.074 19.074
4209 19.074 19.074
4188 19.074 19.074
4267 19.074 19.205
4346 19.205 19.205
4250 19.205 19.205
4240 19.205 19.205
4311 19.205 19.205
4206 19.205 19.205
4204 19.205 19.205
4269 19.205 19.205
4249 19.205 19.205
4188 19.205 19.205
4256 19.205 18.846
4255 18.846 18.846
4188 18.846 18.846
4299 18.846 18.846
4276 18.846 18.846
4271 18.846 18.846
4247 18.846 18.846
4249 18.846 18.846
4188 18.846 18.846
4188 18.846 18.846
