4536 100.0 100.0
6189 100.0 100.0
7842 100.0 100.0
9495 100.0 100.0
11148 100.0 100.0
12801 100.0 100.0
14454 100.0 100.0
16107 100.0 100.0
17760 100.0 100.0
19413 100.0 100.0
21066 100.0 100.0
22719 100.0 100.0
24372 100.0 100.0
26025 100.0 100.0
27678 100.0 100.0
29331 100.0 100.0
30984 100.0 100.0
32637 100.0 100.0
34290 100.0 100.0
35943 100.0 100.0
37596 100.0 100.0
39249 100.0 100.0
40902 100.0 100.0
42555 100.0 100.0
44208 100.0 100.0
45861 100.0 100.0
47514 100.0 100.0
49167 100.0 100.0
50820 100.0 100.0
52473 100.0 100.0
54126 100.0 100.0
55779 100.0 100.0
57432 100.0 100.0
59085 100.0 100.0
60738 100.0 100.0
62391 100.0 100.0
64044 100.0 100.0
65697 100.0 100.0
67350 100.0 100.0
69003 100.0 100.0
70656 100.0 100.0
72309 100.0 100.0
73962 100.0 100.0
75615 100.0 100.0
77268 100.0 100.0
78921 100.0 100.0
80574 100.0 100.0
82227 100.0 100.0
83880 100.0 100.0
85533 100.0 100.0
87186 100.0 100.0
88839 100.0 100.0
90480 100.0 19.699
16356 19.699 19.699
16746 19.699 19.699
17400 19.699 19.699
17915 19.699 19.699
19140 19.699 19.699
19516 19.699 19.699
20880 19.699 19.699
20880 19.699 19.699
20880 19.699 19.699
19053 19.699 19.699
18792 19.699 9.239
6873 9.239 9.239
6960 9.239 9.239
7047 9.239 9.239
7657 9.239 9.239
8193 9.239 5.162
5742 5.162 5.162
5001 5.162 5.162
4791 5.162 3.908
4344 3.908 3.908
4239 3.908 4.302
4188 4.302 4.302
4260 4.302 4.816
4496 4.816 4.816
4529 4.816 4.816
4459 4.816 4.511
4359 4.511 4.511
4273 4.511 4.511
4188 4.511 4.444
4188 4.444 4.444
4188 4.444 4.444
4188 4.444 4.72
4188 4.72 4.72
4188 4.72 4.72
4235 4.72 5.016
4341 5.016 5.016
4352 5.016 5.016
4315 5.016 4.849
4408 4.849 4.849
4272 4.849 4.849
4361 4.849 4.783
4539 4.783 4.783
4519 4.783 4.783
4373 4.783 4.888
4331 4.888 4.888
4188 4.888 4.888
4188 4.888 4.878
4572 4.878 4.878
4555 4.878 4.878
4709 4.878 4.823
4628 4.823 4.823
4527 4.823 4.823
4611 4.823 4.542
4294 4.542 4.542
4386 4.542 4.542
4221 4.542 4.544
4464 4.544 4.544
4363 4.544 4.544
4188 4.544 4.729
4188 4.729 4.729
4199 4.729 4.729
4350 4.729 4.707
4342 4.707 4.707
4374 4.707 4.707
4372 4.707 4.696
4496 4.696 4.696
4766 4.696 4.696
4494 4.696 4.562
4310 4.562 4.562
4188 4.562 4.562
4188 4.562 4.507
4188 4.507 4.507
4263 4.507 4.507
4235 4.507 4.624
4188 4.624 4.624
4328 4.624 4.624
4188 4.624 4.808
4423 4.808 4.808
4487 4.808 4.808
4404 4.808 4.789
4451 4.789 4.789
4483 4.789 4.789
4512 4.789 4.705
4700 4.705 4.705
4425 4.705 4.705
4225 4.705 4.557
4216 4.557 4.557
4279 4.557 4.557
4423 4.557 4.59
4360 4.59 4.59
4394 4.59 4.59
4205 4.59 4.575
4287 4.575 4.575
4355 4.575 4.575
4404 4.575 4.589
4316 4.589 4.589
4246 4.589 4.589
4238 4.589 4.503
4455 4.503 4.503
4219 4.503 4.503
4188 4.503 4.49
4373 4.49 4.49
4266 4.49 4.49
4448 4.49 4.6
4482 4.6 4.6
4410 4.6 4.6
4342 4.6 4.509
4335 4.509 4.509
4418 4.509 4.509
4273 4.509 4.426
4412 4.426 4.426
4440 4.426 4.426
4188 4.426 4.446
4188 4.446 4.446
4325 4.446 4.446
4324 4.446 4.426
4318 4.426 4.426
4373 4.426 4.426
4272 4.426 4.454
4244 4.454 4.454
4266 4.454 4.454
4476 4.454 4.555
4666 4.555 4.555
4676 4.555 4.555
4502 4.555 4.388
4271 4.388 4.388
4273 4.388 4.388
4188 4.388 4.344
4188 4.344 4.344
4267 4.344 4.344
4357 4.344 4.455
4338 4.455 4.455
4271 4.455 4.455
4351 4.455 4.504
4502 4.504 4.504
4396 4.504 4.504
4290 4.504 4.384
4326 4.384 4.384
4300 4.384 4.384
4232 4.384 4.556
4188 4.556 4.556
4188 4.556 4.556
4258 4.556 4.73
4249 4.73 4.73
4251 4.73 4.73
4378 4.73 4.663
4438 4.663 4.663
4310 4.663 4.663
4246 4.663 4.731
4227 4.731 4.731
4378 4.731 4.731
4295 4.731 4.72
4353 4.72 4.72
4259 4.72 4.72
4216 4.72 4.706
4413 4.706 4.706
4590 4.706 4.706
4252 4.706 4.768
4198 4.768 4.768
4249 4.768 4.768
4266 4.768 4.776
4411 4.776 4.776
4377 4.776 4.776
4440 4.776 4.694
4286 4.694 4.694
4284 4.694 4.694
4271 4.694 4.977
4188 4.977 4.977
4203 4.977 4.977
4262 4.977 5.091
4283 5.091 5.091
4411 5.091 5.091
4504 5.091 5.036
4330 5.036 5.036
4334 5.036 5.036
4188 5.036 4.959
4225 4.959 4.959
4335 4.959 4.959
4188 4.959 4.959
4398 4.959 4.959
4417 4.959 4.959
4529 4.959 4.888
4560 4.888 4.888
4257 4.888 4.888
4318 4.888 4.844
4375 4.844 4.844
4465 4.844 4.844
4546 4.844 4.872
4580 4.872 4.872
4412 4.872 4.872
4366 4.872 4.859
4188 4.859 4.859
4234 4.859 4.859
4363 4.859 4.719
4402 4.719 4.719
4441 4.719 4.719
4629 4.719 4.719
4508 4.719 4.719
4519 4.719 4.719
4348 4.719 4.512
4564 4.512 4.512
4503 4.512 4.512
4491 4.512 4.243
4486 4.243 4.243
4492 4.243 4.243
4440 4.243 4.244
4276 4.244 4.244
4329 4.244 4.244
4188 4.244 4.265
4231 4.265 4.265
4377 4.265 4.271
4343 4.271 4.271
4566 4.271 4.271
4439 4.271 3.972
4321 3.972 3.972
4295 3.972 3.972
4191 3.972 3.839
4355 3.839 3.839
4412 3.839 4.041
4368 4.041 4.041
4500 4.041 4.157
4449 4.157 4.157
4354 4.157 4.157
4432 4.157 3.967
4375 3.967 3.967
4291 3.967 3.967
4309 3.967 3.989
4188 3.989 3.989
4220 3.989 4.17
4333 4.17 4.17
4263 4.17 4.207
4403 4.207 4.207
4435 4.207 4.207
4281 4.207 4.102
4404 4.102 4.102
4335 4.102 4.102
4398 4.102 4.123
4261 4.123 4.123
4210 4.123 4.123
4355 4.123 4.169
4297 4.169 4.169
4328 4.169 4.169
4399 4.169 4.25
4349 4.25 4.25
4203 4.25 4.25
4422 4.25 4.268
4451 4.268 4.268
4398 4.268 4.268
4428 4.268 4.158
4395 4.158 4.158
4217 4.158 4.158
4349 4.158 4.294
4498 4.294 4.294
4520 4.294 4.294
4635 4.294 4.192
4573 4.192 4.192
4261 4.192 4.192
4269 4.192 3.993
4188 3.993 3.993
4188 3.993 4.142
4260 4.142 4.142
4224 4.142 4.305
4194 4.305 4.305
4337 4.305 4.305
4313 4.305 4.271
4467 4.271 4.271
4399 4.271 4.271
4348 4.271 4.073
4358 4.073 4.073
4201 4.073 4.073
4258 4.073 4.061
4188 4.061 4.061
4188 4.061 4.258
4370 4.258 4.258
4277 4.258 4.258
4229 4.258 4.261
4221 4.261 4.261
4490 4.261 4.261
4241 4.261 4.136
4538 4.136 4.136
4303 4.136 4.136
4294 4.136 4.095
4215 4.095 4.095
4338 4.095 4.095
4428 4.095 4.219
4223 4.219 4.219
4303 4.219 4.219
4427 4.219 4.22
4288 4.22 4.22
4216 4.22 4.22
4210 4.22 4.349
4188 4.349 4.349
4188 4.349 4.349
4295 4.349 4.432
4254 4.432 4.432
4188 4.432 4.432
4263 4.432 4.464
4258 4.464 4.464
4188 4.464 4.464
4262 4.464 4.508
4188 4.508 4.508
4408 4.508 4.508
4379 4.508 4.645
4327 4.645 4.645
4188 4.645 4.645
4456 4.645 4.728
4342 4.728 4.728
4425 4.728 4.728
4368 4.728 4.579
4323 4.579 4.579
4417 4.579 4.579
4398 4.579 4.597
4312 4.597 4.597
4413 4.597 4.597
4257 4.597 4.608
4244 4.608 4.608
4246 4.608 4.608
4195 4.608 4.598
4302 4.598 4.598
4430 4.598 4.598
4534 4.598 4.61
4576 4.61 4.61
4620 4.61 4.61
4431 4.61 4.542
4458 4.542 4.542
4265 4.542 4.542
4188 4.542 4.51
4263 4.51 4.51
4384 4.51 4.51
4547 4.51 4.684
4279 4.684 4.684
4398 4.684 4.684
4294 4.684 4.555
4384 4.555 4.555
4188 4.555 4.555
4262 4.555 4.568
4262 4.568 4.568
4321 4.568 4.568
4230 4.568 4.573
4188 4.573 4.573
4188 4.573 4.573
4266 4.573 4.718
4335 4.718 4.718
4338 4.718 4.718
4317 4.718 4.674
4307 4.674 4.674
4216 4.674 4.674
4198 4.674 4.694
4308 4.694 4.694
4404 4.694 4.694
4392 4.694 4.692
4188 4.692 4.692
4194 4.692 4.692
4252 4.692 4.687
4284 4.687 4.687
4331 4.687 4.687
4493 4.687 4.785
4236 4.785 4.785
4190 4.785 4.785
4410 4.785 4.812
4525 4.812 4.812
4345 4.812 4.812
4410 4.812 4.639
4419 4.639 4.639
4352 4.639 4.639
4273 4.639 4.741
4255 4.741 4.741
4330 4.741 4.741
4341 4.741 4.719
4228 4.719 4.719
4406 4.719 4.719
4321 4.719 4.648
4328 4.648 4.648
4257 4.648 4.648
4334 4.648 4.583
4288 4.583 4.583
4317 4.583 4.583
4477 4.583 4.728
4348 4.728 4.728
4253 4.728 4.728
4278 4.728 4.594
4394 4.594 4.594
4253 4.594 4.594
4209 4.594 4.518
4288 4.518 4.518
4192 4.518 4.518
4332 4.518 4.69
4350 4.69 4.69
4352 4.69 4.69
4257 4.69 4.64
4265 4.64 4.64
4489 4.64 4.64
4461 4.64 4.418
4488 4.418 4.418
4540 4.418 4.418
4432 4.418 4.419
4450 4.419 4.419
4460 4.419 4.419
4433 4.419 4.374
4459 4.374 4.374
4413 4.374 4.374
4308 4.374 4.276
4328 4.276 4.276
4385 4.276 4.276
4367 4.276 4.277
4413 4.277 4.277
4429 4.277 4.277
4419 4.277 4.382
4362 4.382 4.382
4285 4.382 4.382
4256 4.382 4.381
4196 4.381 4.381
4188 4.381 4.381
4270 4.381 4.54
4188 4.54 4.54
4296 4.54 4.54
4203 4.54 4.575
4212 4.575 4.575
4284 4.575 4.575
4433 4.575 4.517
4289 4.517 4.517
4320 4.517 4.517
4368 4.517 4.493
4188 4.493 4.493
4238 4.493 4.493
4229 4.493 4.561
4243 4.561 4.561
4454 4.561 4.561
4537 4.561 4.683
4437 4.683 4.683
4488 4.683 4.683
4279 4.683 4.585
4212 4.585 4.585
4188 4.585 4.585
4333 4.585 4.672
4253 4.672 4.672
4432 4.672 4.672
4579 4.672 4.816
4351 4.816 4.816
4333 4.816 4.816
4437 4.816 4.509
4407 4.509 4.509
4411 4.509 4.509
4258 4.509 4.391
4214 4.391 4.391
4188 4.391 4.391
4435 4.391 4.657
4476 4.657 4.657
4380 4.657 4.657
4497 4.657 4.556
4503 4.556 4.556
4458 4.556 4.556
4621 4.556 4.333
4416 4.333 4.333
4341 4.333 4.333
4346 4.333 4.254
4318 4.254 4.254
4289 4.254 4.254
4337 4.254 4.499
4383 4.499 4.499
4493 4.499 4.499
4429 4.499 4.391
4324 4.391 4.391
4456 4.391 4.391
4188 4.391 4.379
4199 4.379 4.379
4261 4.379 4.379
4358 4.379 4.342
4357 4.342 4.342
4348 4.342 4.342
4436 4.342 4.457
4302 4.457 4.457
4228 4.457 4.457
4284 4.457 4.458
4314 4.458 4.458
4485 4.458 4.458
4443 4.458 4.401
4384 4.401 4.401
4409 4.401 4.401
4188 4.401 4.447
4301 4.447 4.447
4290 4.447 4.447
4188 4.447 4.542
4348 4.542 4.542
4433 4.542 4.542
4525 4.542 4.457
4335 4.457 4.457
4392 4.457 4.457
4263 4.457 4.176
4388 4.176 4.176
4427 4.176 4.176
4343 4.176 4.302
4614 4.302 4.302
4785 4.302 4.302
4849 4.302 4.297
4791 4.297 4.297
4632 4.297 4.297
4778 4.297 4.001
4581 4.001 4.001
4245 4.001 4.001
4188 4.001 4.368
4195 4.368 4.368
4274 4.368 4.729
4274 4.729 4.729
4260 4.729 4.729
4331 4.729 4.606
4491 4.606 4.606
4400 4.606 4.606
4334 4.606 4.384
4382 4.384 4.384
4427 4.384 4.384
4262 4.384 4.42
4330 4.42 4.42
4229 4.42 4.42
4243 4.42 4.521
4209 4.521 4.521
4533 4.521 4.521
4345 4.521 4.389
4337 4.389 4.389
4437 4.389 4.389
4316 4.389 4.445
4411 4.445 4.445
4638 4.445 4.445
4568 4.445 4.352
4671 4.352 4.352
4554 4.352 4.352
4525 4.352 4.103
4345 4.103 4.103
4219 4.103 4.103
4336 4.103 4.14
4249 4.14 4.14
4212 4.14 4.14
4360 4.14 4.374
4217 4.374 4.374
4350 4.374 4.374
4358 4.374 4.202
4276 4.202 4.202
4215 4.202 4.202
4354 4.202 4.287
4458 4.287 4.287
4354 4.287 4.287
4445 4.287 4.389
4242 4.389 4.389
4259 4.389 4.389
4188 4.389 4.335
4188 4.335 4.335
4312 4.335 4.335
4295 4.335 4.419
4407 4.419 4.419
4332 4.419 4.419
4324 4.419 4.287
4268 4.287 4.287
4354 4.287 4.287
4467 4.287 4.267
4579 4.267 4.267
4375 4.267 4.267
4433 4.267 4.184
4188 4.184 4.184
4270 4.184 4.184
4300 4.184 4.175
4299 4.175 4.175
4372 4.175 4.175
4289 4.175 4.182
4309 4.182 4.182
4402 4.182 4.182
4408 4.182 4.246
4259 4.246 4.246
4188 4.246 4.246
4207 4.246 4.312
4395 4.312 4.312
4344 4.312 4.312
4266 4.312 4.371
4248 4.371 4.371
4188 4.371 4.371
4210 4.371 4.444
4198 4.444 4.444
4188 4.444 4.444
4271 4.444 4.43
4432 4.43 4.43
4365 4.43 4.43
4438 4.43 4.474
4538 4.474 4.474
4398 4.474 4.474
4256 4.474 4.419
4386 4.419 4.419
4411 4.419 4.419
4212 4.419 4.311
4459 4.311 4.311
4376 4.311 4.311
4320 4.311 4.348
4502 4.348 4.348
4582 4.348 4.348
4410 4.348 4.361
4419 4.361 4.361
4369 4.361 4.361
4625 4.361 4.334
4432 4.334 4.334
4406 4.334 4.334
4442 4.334 4.252
4423 4.252 4.252
4376 4.252 4.252
4476 4.252 4.191
4295 4.191 4.191
4306 4.191 4.191
4188 4.191 4.128
4394 4.128 4.128
4435 4.128 4.182
4343 4.182 4.182
4331 4.182 4.182
4188 4.182 4.327
4528 4.327 4.327
4552 4.327 4.327
4420 4.327 4.171
4525 4.171 4.171
4254 4.171 4.171
4320 4.171 4.291
4285 4.291 4.291
4371 4.291 4.291
4496 4.291 4.379
4419 4.379 4.379
4423 4.379 4.379
4433 4.379 4.142
4572 4.142 4.142
4507 4.142 4.142
4508 4.142 4.049
4304 4.049 4.049
4330 4.049 4.049
4227 4.049 4.214
4528 4.214 4.214
4673 4.214 4.214
4518 4.214 4.077
4508 4.077 4.077
4378 4.077 4.077
4368 4.077 3.829
4292 3.829 3.829
4249 3.829 3.849
4340 3.849 3.849
4387 3.849 3.969
4318 3.969 3.969
4279 3.969 3.969
4266 3.969 3.904
4395 3.904 3.904
4188 3.904 3.899
4333 3.899 3.899
4322 3.899 4.024
4188 4.024 4.024
4301 4.024 4.171
4372 4.171 4.171
4275 4.171 4.171
4195 4.171 4.159
4188 4.159 4.159
4294 4.159 4.159
4316 4.159 4.123
4340 4.123 4.123
4551 4.123 4.123
4403 4.123 4.081
4546 4.081 4.081
4542 4.081 4.081
4448 4.081 3.987
4350 3.987 3.987
4628 3.987 3.987
4393 3.987 3.873
4260 3.873 3.873
4309 3.873 3.877
4453 3.877 3.877
4188 3.877 3.816
4281 3.816 3.816
4323 3.816 3.895
4509 3.895 3.895
4363 3.895 3.85
4255 3.85 3.85
4448 3.85 3.968
4298 3.968 3.968
4395 3.968 3.943
4319 3.943 3.943
4325 3.943 4.032
4401 4.032 4.032
4422 4.032 4.055
4533 4.055 4.055
4471 4.055 4.055
4489 4.055 3.944
4475 3.944 3.944
4290 3.944 3.85
4188 3.85 3.85
4353 3.85 3.956
4263 3.956 3.956
4261 3.956 4.122
4204 4.122 4.122
4206 4.122 4.236
4309 4.236 4.236
4424 4.236 4.236
4575 4.236 4.117
4379 4.117 4.117
4258 4.117 4.117
4199 4.117 4.122
4430 4.122 4.122
4313 4.122 4.326
4188 4.326 4.326
4188 4.326 4.326
4242 4.326 4.441
4327 4.441 4.441
4380 4.441 4.441
4331 4.441 4.172
4274 4.172 4.172
4195 4.172 4.172
4193 4.172 4.296
4379 4.296 4.296
4324 4.296 4.322
4188 4.322 4.322
4330 4.322 4.322
4220 4.322 4.371
4199 4.371 4.371
4290 4.371 4.371
4312 4.371 4.356
4282 4.356 4.356
4329 4.356 4.356
4343 4.356 4.248
4508 4.248 4.248
4319 4.248 4.248
4268 4.248 4.275
4218 4.275 4.275
4405 4.275 4.275
4323 4.275 4.259
4446 4.259 4.259
4417 4.259 4.259
4458 4.259 3.954
4410 3.954 3.954
4410 3.954 3.954
4325 3.954 3.932
4264 3.932 3.932
4202 3.932 4.135
4214 4.135 4.135
4313 4.135 4.17
4188 4.17 4.17
4188 4.17 4.17
4445 4.17 4.215
4243 4.215 4.215
4269 4.215 4.215
4250 4.215 4.308
4278 4.308 4.308
4194 4.308 4.308
4188 4.308 4.496
4196 4.496 4.496
4244 4.496 4.496
4328 4.496 4.414
4360 4.414 4.414
4451 4.414 4.414
4447 4.414 4.481
4270 4.481 4.481
4188 4.481 4.481
4547 4.481 4.509
4274 4.509 4.509
4331 4.509 4.509
4373 4.509 4.665
4350 4.665 4.665
4243 4.665 4.665
4221 4.665 4.643
4188 4.643 4.643
4424 4.643 4.643
4188 4.643 4.651
4228 4.651 4.651
4452 4.651 4.651
4244 4.651 4.631
4339 4.631 4.631
4277 4.631 4.631
4222 4.631 4.542
4188 4.542 4.542
4188 4.542 4.542
4333 4.542 4.753
4188 4.753 4.753
4352 4.753 4.753
4540 4.753 4.855
4675 4.855 4.855
4772 4.855 4.855
4471 4.855 4.669
4278 4.669 4.669
4414 4.669 4.669
4486 4.669 4.544
4267 4.544 4.544
4319 4.544 4.544
4454 4.544 4.571
4288 4.571 4.571
4241 4.571 4.571
4215 4.571 4.522
4188 4.522 4.522
4404 4.522 4.522
4495 4.522 4.539
4370 4.539 4.539
4332 4.539 4.539
4356 4.539 4.581
4262 4.581 4.581
4304 4.581 4.581
4247 4.581 4.619
4188 4.619 4.619
4377 4.619 4.619
4245 4.619 4.652
4350 4.652 4.652
4320 4.652 4.652
4221 4.652 4.624
4382 4.624 4.624
4262 4.624 4.624
4263 4.624 4.776
4414 4.776 4.776
4230 4.776 4.776
4188 4.776 4.691
4438 4.691 4.691
4490 4.691 4.691
4279 4.691 4.766
4275 4.766 4.766
4267 4.766 4.766
4188 4.766 4.795
4188 4.795 4.795
4228 4.795 4.795
4275 4.795 4.965
4330 4.965 4.965
4388 4.965 4.965
4468 4.965 5.038
4368 5.038 5.038
4201 5.038 5.038
4292 5.038 4.925
4219 4.925 4.925
4428 4.925 4.925
4205 4.925 5.107
4188 5.107 5.107
4297 5.107 5.107
4510 5.107 5.142
4230 5.142 5.142
4224 5.142 5.142
4432 5.142 5.074
4486 5.074 5.074
4252 5.074 5.074
4189 5.074 5.053
4535 5.053 5.053
4332 5.053 5.053
4188 5.053 5.088
4188 5.088 5.088
4323 5.088 5.088
4439 5.088 5.091
4245 5.091 5.091
4190 5.091 5.091
4412 5.091 5.079
4676 5.079 5.079
4532 5.079 5.079
4432 5.079 4.96
4432 4.96 4.96
4287 4.96 4.96
4206 4.96 4.97
4369 4.97 4.97
4242 4.97 4.97
4233 4.97 5.319
4283 5.319 5.319
4221 5.319 5.319
4304 5.319 5.416
4188 5.416 5.416
4401 5.416 5.416
4618 5.416 5.211
4510 5.211 5.211
4295 5.211 5.211
4304 5.211 5.016
4304 5.016 5.016
4301 5.016 5.016
4242 5.016 5.229
4251 5.229 5.229
4269 5.229 5.229
4319 5.229 5.454
4348 5.454 5.454
4300 5.454 5.454
4315 5.454 5.322
4304 5.322 5.322
4220 5.322 5.322
4450 5.322 5.214
4256 5.214 5.214
4316 5.214 5.214
4504 5.214 5.442
4389 5.442 5.442
4380 5.442 5.442
4387 5.442 5.389
4255 5.389 5.389
4586 5.389 5.389
4188 5.389 5.526
4271 5.526 5.526
4415 5.526 5.526
4311 5.526 5.454
4188 5.454 5.454
4397 5.454 5.454
4461 5.454 5.582
4302 5.582 5.582
4194 5.582 5.582
4188 5.582 5.707
4338 5.707 5.707
4302 5.707 5.707
4254 5.707 5.678
4419 5.678 5.678
4708 5.678 5.678
4274 5.678 5.639
4412 5.639 5.639
4494 5.639 5.639
4585 5.639 5.463
4318 5.463 5.463
4307 5.463 5.463
4434 5.463 5.617
4188 5.617 5.617
4445 5.617 5.617
4415 5.617 5.909
4355 5.909 5.909
4572 5.909 5.909
4402 5.909 5.81
4232 5.81 5.81
4497 5.81 5.81
4300 5.81 5.81
4353 5.81 5.739
4330 5.739 5.739
4262 5.739 5.739
4298 5.739 5.933
4334 5.933 5.933
4361 5.933 5.933
4333 5.933 6.106
4253 6.106 6.106
4496 6.106 6.106
4467 6.106 6.106
4282 6.106 6.198
4445 6.198 6.198
4426 6.198 6.198
4376 6.198 6.198
4275 6.198 5.921
4376 5.921 5.921
4197 5.921 5.921
4275 5.921 5.916
4258 5.916 5.916
4305 5.916 5.916
4240 5.916 6.01
4325 6.01 6.01
4334 6.01 6.01
4367 6.01 6.01
4707 6.01 6.159
4456 6.159 6.159
4587 6.159 6.159
4508 6.159 6.159
4485 6.159 5.696
4439 5.696 5.696
4336 5.696 5.696
4224 5.696 5.419
4188 5.419 5.419
4376 5.419 5.419
4307 5.419 5.844
4188 5.844 5.844
4326 5.844 5.844
4461 5.844 6.038
4453 6.038 6.038
4358 6.038 6.038
4322 6.038 6.038
4203 6.038 5.787
4229 5.787 5.787
4275 5.787 5.787
4219 5.787 5.744
4188 5.744 5.744
4317 5.744 5.744
4333 5.744 5.991
4241 5.991 5.991
4188 5.991 5.991
4188 5.991 6.172
4263 6.172 6.172
4456 6.172 6.172
4456 6.172 6.172
4349 6.172 6.022
4422 6.022 6.022
4306 6.022 6.022
4397 6.022 6.022
4348 6.022 5.907
4321 5.907 5.907
4257 5.907 5.907
4327 5.907 6.161
4313 6.161 6.161
4211 6.161 6.161
4240 6.161 6.31
4518 6.31 6.31
4271 6.31 6.31
4392 6.31 6.31
4316 6.31 6.139
4487 6.139 6.139
4353 6.139 6.139
4449 6.139 6.139
4351 6.139 5.932
4287 5.932 5.932
4391 5.932 5.932
4461 5.932 5.857
4377 5.857 5.857
4201 5.857 5.857
4310 5.857 5.934
4393 5.934 5.934
4476 5.934 5.934
4297 5.934 6.048
4309 6.048 6.048
4287 6.048 6.048
4345 6.048 5.876
4361 5.876 5.876
4425 5.876 5.876
4309 5.876 5.781
4193 5.781 5.781
4303 5.781 5.781
4263 5.781 5.702
4191 5.702 5.702
4189 5.702 5.702
4465 5.702 5.743
4304 5.743 5.743
4316 5.743 5.743
4190 5.743 5.718
4235 5.718 5.718
4413 5.718 5.718
4362 5.718 5.738
4515 5.738 5.738
4247 5.738 5.738
4269 5.738 5.583
4227 5.583 5.583
4303 5.583 5.583
4266 5.583 5.865
4464 5.865 5.865
4263 5.865 5.865
4188 5.865 5.858
4601 5.858 5.858
4430 5.858 5.858
4421 5.858 5.717
4373 5.717 5.717
4524 5.717 5.717
4295 5.717 5.679
4448 5.679 5.679
4267 5.679 5.679
4433 5.679 5.62
4350 5.62 5.62
4366 5.62 5.62
4298 5.62 5.66
4219 5.66 5.66
4211 5.66 5.66
4199 5.66 5.756
4620 5.756 5.756
4305 5.756 5.756
4239 5.756 5.826
4330 5.826 5.826
4510 5.826 5.826
4381 5.826 5.744
4245 5.744 5.744
4404 5.744 5.744
4452 5.744 5.583
4635 5.583 5.583
4397 5.583 5.583
4268 5.583 5.521
4272 5.521 5.521
4403 5.521 5.521
4236 5.521 5.583
4535 5.583 5.583
4710 5.583 5.583
4279 5.583 5.755
4330 5.755 5.755
4437 5.755 5.755
4464 5.755 5.608
4300 5.608 5.608
4320 5.608 5.608
4462 5.608 5.652
4291 5.652 5.652
4278 5.652 5.652
4188 5.652 5.687
4535 5.687 5.687
4266 5.687 5.687
4560 5.687 5.845
4606 5.845 5.845
4481 5.845 5.845
4449 5.845 5.845
4611 5.845 5.644
4419 5.644 5.644
4279 5.644 5.644
4188 5.644 5.678
4224 5.678 5.678
4233 5.678 5.678
4314 5.678 5.883
4188 5.883 5.883
4209 5.883 5.883
4212 5.883 5.897
4508 5.897 5.897
4301 5.897 5.897
4302 5.897 5.769
4390 5.769 5.769
4480 5.769 5.769
4569 5.769 5.515
4467 5.515 5.515
4310 5.515 5.515
4190 5.515 5.371
4323 5.371 5.371
4413 5.371 5.371
4188 5.371 5.731
4201 5.731 5.731
4411 5.731 5.731
4413 5.731 5.758
4355 5.758 5.758
4350 5.758 5.758
4537 5.758 5.577
4257 5.577 5.577
4303 5.577 5.577
4188 5.577 5.532
4188 5.532 5.532
4300 5.532 5.532
4370 5.532 5.633
4351 5.633 5.633
4340 5.633 5.633
4271 5.633 5.553
4292 5.553 5.553
4381 5.553 5.553
4422 5.553 5.401
4504 5.401 5.401
4248 5.401 5.401
4558 5.401 5.599
4211 5.599 5.599
4188 5.599 5.599
4369 5.599 5.665
4322 5.665 5.665
4247 5.665 5.665
4204 5.665 5.509
4272 5.509 5.509
4378 5.509 5.509
4269 5.509 5.834
4188 5.834 5.834
4494 5.834 5.834
4421 5.834 6.034
4354 6.034 6.034
4474 6.034 6.034
4489 6.034 6.034
4611 6.034 5.802
4478 5.802 5.802
4418 5.802 5.802
4322 5.802 5.802
4511 5.802 5.867
4403 5.867 5.867
4206 5.867 5.867
4301 5.867 6.034
4355 6.034 6.034
4532 6.034 6.034
4305 6.034 6.11
4530 6.11 6.11
4514 6.11 6.11
4356 6.11 6.11
4408 6.11 5.859
4378 5.859 5.859
4377 5.859 5.859
4314 5.859 5.859
4188 5.859 5.788
4350 5.788 5.788
4227 5.788 5.788
4257 5.788 6.095
4271 6.095 6.095
4566 6.095 6.095
4326 6.095 6.22
4312 6.22 6.22
4698 6.22 6.22
4378 6.22 6.22
4456 6.22 6.03
4678 6.03 6.03
4370 6.03 6.03
4382 6.03 6.03
4320 6.03 5.933
4492 5.933 5.933
4308 5.933 5.933
4254 5.933 6.107
4354 6.107 6.107
4241 6.107 6.107
4206 6.107 6.113
4288 6.113 6.113
4296 6.113 6.113
4420 6.113 6.113
4301 6.113 6.004
4277 6.004 6.004
4400 6.004 6.004
4398 6.004 5.966
4291 5.966 5.966
4230 5.966 5.966
4317 5.966 6.107
4262 6.107 6.107
4239 6.107 6.107
4425 6.107 6.361
4405 6.361 6.361
4466 6.361 6.361
4336 6.361 6.361
4271 6.361 6.212
4603 6.212 6.212
4512 6.212 6.212
4429 6.212 6.212
4293 6.212 6.177
4571 6.177 6.177
4188 6.177 6.177
4188 6.177 6.177
4343 6.177 6.114
4552 6.114 6.114
4317 6.114 6.114
4306 6.114 6.114
4188 6.114 5.97
4202 5.97 5.97
4409 5.97 5.97
4268 5.97 5.943
4215 5.943 5.943
4373 5.943 5.943
4496 5.943 6.108
4442 6.108 6.108
4251 6.108 6.108
4386 6.108 6.108
4409 6.108 5.969
4421 5.969 5.969
4490 5.969 5.969
4568 5.969 5.969
4353 5.969 5.839
4238 5.839 5.839
4188 5.839 5.839
4331 5.839 5.893
4483 5.893 5.893
4240 5.893 5.893
4188 5.893 6.059
4401 6.059 6.059
4752 6.059 6.059
4424 6.059 6.243
4290 6.243 6.243
4608 6.243 6.243
4242 6.243 6.243
4370 6.243 6.035
4364 6.035 6.035
4278 6.035 6.035
4250 6.035 6.035
4194 6.035 6.126
4277 6.126 6.126
4211 6.126 6.126
4304 6.126 6.469
4222 6.469 6.469
4298 6.469 6.469
4414 6.469 6.469
4372 6.469 6.425
4445 6.425 6.425
4361 6.425 6.425
4272 6.425 6.425
4394 6.425 6.102
4240 6.102 6.102
4188 6.102 6.102
4399 6.102 6.102
4323 6.102 6.231
4204 6.231 6.231
4188 6.231 6.231
4421 6.231 6.456
4362 6.456 6.456
4256 6.456 6.456
4239 6.456 6.456
4368 6.456 6.328
4240 6.328 6.328
4345 6.328 6.328
4384 6.328 6.328
4225 6.328 6.304
4265 6.304 6.304
4362 6.304 6.304
4241 6.304 6.304
4454 6.304 6.587
4461 6.587 6.587
4609 6.587 6.587
4188 6.587 6.587
4431 6.587 6.58
4604 6.58 6.58
4366 6.58 6.58
4463 6.58 6.58
4443 6.58 6.359
4335 6.359 6.359
4406 6.359 6.359
4229 6.359 6.359
4337 6.359 6.376
4391 6.376 6.376
4274 6.376 6.376
4381 6.376 6.376
4197 6.376 6.62
4211 6.62 6.62
4361 6.62 6.62
4400 6.62 6.62
4388 6.62 6.557
4402 6.557 6.557
4327 6.557 6.557
4542 6.557 6.557
4238 6.557 6.498
4254 6.498 6.498
4278 6.498 6.498
4260 6.498 6.498
4199 6.498 6.349
4205 6.349 6.349
4405 6.349 6.349
4381 6.349 6.349
4331 6.349 6.403
4188 6.403 6.403
4259 6.403 6.403
4268 6.403 6.403
4188 6.403 6.31
4236 6.31 6.31
4255 6.31 6.31
4279 6.31 6.31
4188 6.31 6.613
4357 6.613 6.613
4278 6.613 6.613
4217 6.613 6.613
4489 6.613 6.625
4240 6.625 6.625
4330 6.625 6.625
4424 6.625 6.625
4519 6.625 6.587
4354 6.587 6.587
4233 6.587 6.587
4343 6.587 6.587
4334 6.587 6.735
4269 6.735 6.735
4451 6.735 6.735
4260 6.735 6.735
4329 6.735 6.718
4188 6.718 6.718
4343 6.718 6.718
4449 6.718 6.718
4442 6.718 6.855
4320 6.855 6.855
4723 6.855 6.855
4405 6.855 6.855
4438 6.855 6.65
4308 6.65 6.65
4255 6.65 6.65
4308 6.65 6.65
4405 6.65 6.602
4416 6.602 6.602
4338 6.602 6.602
4293 6.602 6.602
4344 6.602 6.67
4502 6.67 6.67
4188 6.67 6.67
4378 6.67 6.67
4463 6.67 6.65
4313 6.65 6.65
4397 6.65 6.65
4605 6.65 6.65
4188 6.65 6.406
4275 6.406 6.406
4308 6.406 6.406
4240 6.406 6.406
4293 6.406 6.484
4252 6.484 6.484
4287 6.484 6.484
4292 6.484 6.484
4661 6.484 6.724
4188 6.724 6.724
4331 6.724 6.724
4630 6.724 6.724
4465 6.724 6.623
4418 6.623 6.623
4343 6.623 6.623
4272 6.623 6.623
4435 6.623 6.526
4246 6.526 6.526
4191 6.526 6.526
4420 6.526 6.526
4188 6.526 6.798
4214 6.798 6.798
4188 6.798 6.798
4188 6.798 6.798
4260 6.798 7.08
4297 7.08 7.08
4418 7.08 7.08
4218 7.08 7.08
4379 7.08 7.074
4695 7.074 7.074
4249 7.074 7.074
4523 7.074 7.074
4248 7.074 6.917
4320 6.917 6.917
4428 6.917 6.917
4395 6.917 6.917
4529 6.917 6.958
4204 6.958 6.958
4441 6.958 6.958
4502 6.958 6.958
4271 6.958 7.271
4328 7.271 7.271
4198 7.271 7.271
4303 7.271 7.271
4252 7.271 7.506
4281 7.506 7.506
4216 7.506 7.506
4282 7.506 7.506
4350 7.506 7.473
4363 7.473 7.473
4484 7.473 7.473
4217 7.473 7.473
4402 7.473 7.392
4253 7.392 7.392
4316 7.392 7.392
4444 7.392 7.392
4188 7.392 7.401
4519 7.401 7.401
4284 7.401 7.401
4459 7.401 7.401
4326 7.401 7.29
4268 7.29 7.29
4259 7.29 7.29
4464 7.29 7.29
4220 7.29 7.431
4297 7.431 7.431
4275 7.431 7.431
4195 7.431 7.431
4653 7.431 7.57
4273 7.57 7.57
4347 7.57 7.57
4232 7.57 7.57
4368 7.57 7.319
4345 7.319 7.319
4248 7.319 7.319
4457 7.319 7.319
4188 7.319 7.367
4269 7.367 7.367
4188 7.367 7.367
4416 7.367 7.367
4391 7.367 7.561
4413 7.561 7.561
4309 7.561 7.561
4265 7.561 7.561
4426 7.561 7.515
4255 7.515 7.515
4188 7.515 7.515
4247 7.515 7.515
4392 7.515 7.323
4407 7.323 7.323
4461 7.323 7.323
4337 7.323 7.323
4191 7.323 7.029
4441 7.029 7.029
4412 7.029 7.029
4255 7.029 7.029
4253 7.029 7.055
4300 7.055 7.055
4217 7.055 7.055
4419 7.055 7.055
4188 7.055 7.072
4372 7.072 7.072
4347 7.072 7.072
4188 7.072 7.072
4526 7.072 7.023
4600 7.023 7.023
4452 7.023 7.023
4644 7.023 7.023
4534 7.023 6.924
4328 6.924 6.924
4227 6.924 6.924
4372 6.924 6.924
4244 6.924 6.571
4188 6.571 6.571
4419 6.571 6.571
4278 6.571 6.571
4344 6.571 6.762
4319 6.762 6.762
4249 6.762 6.762
4452 6.762 6.762
4196 6.762 7.01
4263 7.01 7.01
4527 7.01 7.01
4337 7.01 7.01
4312 7.01 7.005
4297 7.005 7.005
4188 7.005 7.005
4532 7.005 7.005
4343 7.005 6.881
4383 6.881 6.881
4299 6.881 6.881
4423 6.881 6.881
4188 6.881 7.174
4191 7.174 7.174
4311 7.174 7.174
4289 7.174 7.174
4474 7.174 7.216
4322 7.216 7.216
4349 7.216 7.216
4254 7.216 7.216
4242 7.216 7.125
4332 7.125 7.125
4364 7.125 7.125
4269 7.125 7.125
4301 7.125 6.983
4256 6.983 6.983
4486 6.983 6.983
4270 6.983 6.983
4414 6.983 6.985
4797 6.985 6.985
4326 6.985 6.985
4499 6.985 6.985
4382 6.985 6.916
4260 6.916 6.916
4375 6.916 6.916
4278 6.916 6.916
4551 6.916 6.683
4190 6.683 6.683
4188 6.683 6.683
4200 6.683 6.683
4229 6.683 6.748
4511 6.748 6.748
4268 6.748 6.748
4259 6.748 6.748
4188 6.748 6.825
4529 6.825 6.825
4319 6.825 6.825
4293 6.825 6.825
4321 6.825 6.773
4217 6.773 6.773
4477 6.773 6.773
4501 6.773 6.773
4725 6.773 6.694
4392 6.694 6.694
4209 6.694 6.694
4204 6.694 6.694
4592 6.694 6.651
4206 6.651 6.651
4256 6.651 6.651
4586 6.651 6.651
4188 6.651 6.988
4350 6.988 6.988
4615 6.988 6.988
4188 6.988 6.988
4271 6.988 7.049
4370 7.049 7.049
4278 7.049 7.049
4337 7.049 7.049
4492 7.049 6.986
4471 6.986 6.986
4205 6.986 6.986
4198 6.986 6.986
4188 6.986 6.874
4234 6.874 6.874
4254 6.874 6.874
4302 6.874 6.874
4485 6.874 6.985
4318 6.985 6.985
4375 6.985 6.985
4485 6.985 6.985
4324 6.985 6.937
4428 6.937 6.937
4396 6.937 6.937
4188 6.937 6.937
4236 6.937 6.703
4220 6.703 6.703
4244 6.703 6.703
4442 6.703 6.703
4188 6.703 7.082
4419 7.082 7.082
4338 7.082 7.082
4339 7.082 7.082
4441 7.082 7.199
4313 7.199 7.199
4601 7.199 7.199
4595 7.199 7.199
4341 7.199 7.057
4555 7.057 7.057
4511 7.057 7.057
4426 7.057 7.057
4583 7.057 6.769
4225 6.769 6.769
4277 6.769 6.769
4277 6.769 6.769
4221 6.769 7.114
4276 7.114 7.114
4263 7.114 7.114
4188 7.114 7.114
4487 7.114 7.46
4188 7.46 7.46
4285 7.46 7.46
4408 7.46 7.46
4371 7.46 7.302
4291 7.302 7.302
4188 7.302 7.302
4594 7.302 7.302
4339 7.302 7.223
4400 7.223 7.223
4408 7.223 7.223
4289 7.223 7.223
4201 7.223 7.108
4442 7.108 7.108
4374 7.108 7.108
4269 7.108 7.108
4348 7.108 7.104
4329 7.104 7.104
4298 7.104 7.104
4491 7.104 7.104
4221 7.104 7.017
4596 7.017 7.017
4188 7.017 7.017
4438 7.017 7.017
4821 7.017 6.865
4203 6.865 6.865
4479 6.865 6.865
4541 6.865 6.865
4346 6.865 6.748
4347 6.748 6.748
4433 6.748 6.748
4263 6.748 6.748
4379 6.748 6.912
4188 6.912 6.912
4421 6.912 6.912
4374 6.912 6.912
4331 6.912 7.064
4357 7.064 7.064
4347 7.064 7.064
4536 7.064 7.064
4259 7.064 6.981
4526 6.981 6.981
4417 6.981 6.981
4409 6.981 6.981
4291 6.981 6.678
4188 6.678 6.678
4226 6.678 6.678
4494 6.678 6.678
4374 6.678 6.883
4188 6.883 6.883
4188 6.883 6.883
4287 6.883 6.883
4300 6.883 7.281
4383 7.281 7.281
4380 7.281 7.281
4207 7.281 7.281
4674 7.281 7.196
4271 7.196 7.196
4448 7.196 7.196
4374 7.196 7.196
4322 7.196 6.954
4217 6.954 6.954
4188 6.954 6.954
4309 6.954 6.954
4352 6.954 7.071
4188 7.071 7.071
4332 7.071 7.071
4212 7.071 7.071
4372 7.071 7.205
4213 7.205 7.205
4306 7.205 7.205
4465 7.205 7.205
4399 7.205 7.158
4294 7.158 7.158
4586 7.158 7.158
4312 7.158 7.158
4312 7.158 6.973
4235 6.973 6.973
4238 6.973 6.973
4252 6.973 6.973
4460 6.973 7.097
4310 7.097 7.097
4369 7.097 7.097
4334 7.097 7.097
4339 7.097 7.06
4360 7.06 7.06
4371 7.06 7.06
4555 7.06 7.06
4277 7.06 7.018
4292 7.018 7.018
4351 7.018 7.018
4342 7.018 7.018
4319 7.018 6.628
4286 6.628 6.628
4310 6.628 6.628
4394 6.628 6.628
4193 6.628 6.79
4213 6.79 6.79
4330 6.79 6.79
4394 6.79 6.79
4352 6.79 6.951
4188 6.951 6.951
4450 6.951 6.951
4484 6.951 6.951
4361 6.951 6.827
4345 6.827 6.827
4291 6.827 6.827
4391 6.827 6.827
4245 6.827 6.626
4446 6.626 6.626
4420 6.626 6.626
4336 6.626 6.626
4380 6.626 6.452
4278 6.452 6.452
4480 6.452 6.452
4305 6.452 6.452
4188 6.452 6.395
4384 6.395 6.395
4188 6.395 6.395
4293 6.395 6.395
4188 6.395 6.517
4458 6.517 6.517
4379 6.517 6.517
4282 6.517 6.517
4375 6.517 6.385
4398 6.385 6.385
4300 6.385 6.385
4274 6.385 6.385
4188 6.385 6.327
4188 6.327 6.327
4206 6.327 6.327
4381 6.327 6.327
4308 6.327 6.378
4424 6.378 6.378
4341 6.378 6.378
4188 6.378 6.378
4398 6.378 6.312
4280 6.312 6.312
4236 6.312 6.312
4375 6.312 6.312
4376 6.312 6.234
4312 6.234 6.234
4188 6.234 6.234
4188 6.234 6.234
4188 6.234 6.425
4454 6.425 6.425
4383 6.425 6.425
4273 6.425 6.425
4469 6.425 6.385
4613 6.385 6.385
4248 6.385 6.385
4540 6.385 6.385
4339 6.385 6.13
4238 6.13 6.13
4224 6.13 6.13
4195 6.13 6.13
4459 6.13 6.198
4446 6.198 6.198
4188 6.198 6.198
4323 6.198 6.198
4349 6.198 6.299
4340 6.299 6.299
4318 6.299 6.299
4188 6.299 6.299
4283 6.299 6.12
4606 6.12 6.12
4188 6.12 6.12
4305 6.12 6.12
4188 6.12 6.086
4401 6.086 6.086
4285 6.086 6.086
4332 6.086 5.99
4411 5.99 5.99
4389 5.99 5.99
4209 5.99 5.99
4331 5.99 6.064
4219 6.064 6.064
4347 6.064 6.064
4388 6.064 5.94
4188 5.94 5.94
4352 5.94 5.94
4507 5.94 5.94
4219 5.94 6.026
4610 6.026 6.026
4421 6.026 6.026
4188 6.026 6.217
4569 6.217 6.217
4447 6.217 6.217
4263 6.217 6.015
4306 6.015 6.015
4241 6.015 6.015
4321 6.015 6.015
4222 6.015 6.168
4188 6.168 6.168
4250 6.168 6.168
4404 6.168 6.303
4188 6.303 6.303
4195 6.303 6.303
4483 6.303 6.303
4299 6.303 6.305
4337 6.305 6.305
4288 6.305 6.305
4299 6.305 6.305
4256 6.305 6.164
4245 6.164 6.164
4251 6.164 6.164
4191 6.164 6.148
4354 6.148 6.148
4359 6.148 6.148
4420 6.148 6.151
4394 6.151 6.151
4323 6.151 6.151
4372 6.151 6.151
4188 6.151 6.001
4328 6.001 6.001
4197 6.001 6.001
4309 6.001 5.919
4445 5.919 5.919
4407 5.919 5.919
4267 5.919 5.794
4199 5.794 5.794
4348 5.794 5.794
4188 5.794 5.842
4188 5.842 5.842
4407 5.842 5.842
4329 5.842 5.93
4231 5.93 5.93
4467 5.93 5.93
4416 5.93 5.887
4330 5.887 5.887
4334 5.887 5.887
4409 5.887 5.887
4425 5.887 5.822
4528 5.822 5.822
4353 5.822 5.822
4422 5.822 5.717
4489 5.717 5.717
4547 5.717 5.717
4527 5.717 5.749
4221 5.749 5.749
4397 5.749 5.749
4369 5.749 5.689
4408 5.689 5.689
4239 5.689 5.689
4490 5.689 5.958
4381 5.958 5.958
4417 5.958 5.958
4307 5.958 6.097
4270 6.097 6.097
4555 6.097 6.097
4545 6.097 6.356
4251 6.356 6.356
4218 6.356 6.356
4378 6.356 6.356
4444 6.356 6.128
4423 6.128 6.128
4348 6.128 6.128
4188 6.128 6.128
4260 6.128 6.256
4469 6.256 6.256
4421 6.256 6.256
4326 6.256 6.194
4315 6.194 6.194
4291 6.194 6.194
4279 6.194 6.194
4363 6.194 6.246
4332 6.246 6.246
4283 6.246 6.246
4286 6.246 6.246
4193 6.246 6.19
4188 6.19 6.19
4376 6.19 6.19
4520 6.19 6.257
4441 6.257 6.257
4337 6.257 6.257
4322 6.257 6.257
4523 6.257 6.227
4622 6.227 6.227
4193 6.227 6.227
4407 6.227 6.227
4588 6.227 6.332
4286 6.332 6.332
4291 6.332 6.332
4213 6.332 6.332
4254 6.332 6.339
4327 6.339 6.339
4244 6.339 6.339
4238 6.339 6.339
4337 6.339 6.54
4233 6.54 6.54
4298 6.54 6.54
4265 6.54 6.54
4324 6.54 6.5
4450 6.5 6.5
4188 6.5 6.5
4265 6.5 6.5
4527 6.5 6.453
4362 6.453 6.453
4350 6.453 6.453
4292 6.453 6.453
4260 6.453 6.495
4370 6.495 6.495
4409 6.495 6.495
4188 6.495 6.495
4308 6.495 6.59
4299 6.59 6.59
4337 6.59 6.59
4286 6.59 6.59
4362 6.59 6.69
4455 6.69 6.69
4399 6.69 6.69
4188 6.69 6.69
4364 6.69 6.428
4265 6.428 6.428
4246 6.428 6.428
4230 6.428 6.428
4474 6.428 6.7
4288 6.7 6.7
4322 6.7 6.7
4244 6.7 6.7
4274 6.7 6.696
4395 6.696 6.696
4373 6.696 6.696
4306 6.696 6.696
4284 6.696 6.612
4274 6.612 6.612
4388 6.612 6.612
4445 6.612 6.612
4258 6.612 6.408
4330 6.408 6.408
4421 6.408 6.408
4273 6.408 6.408
4319 6.408 6.239
4236 6.239 6.239
4369 6.239 6.239
4326 6.239 6.239
4253 6.239 6.248
4411 6.248 6.248
4298 6.248 6.248
4449 6.248 6.248
4607 6.248 6.432
4335 6.432 6.432
4479 6.432 6.432
4397 6.432 6.432
4328 6.432 6.273
4458 6.273 6.273
4284 6.273 6.273
4291 6.273 6.273
4206 6.273 6.099
4248 6.099 6.099
4375 6.099 6.099
4616 6.099 6.283
4421 6.283 6.283
4321 6.283 6.283
4299 6.283 6.283
4238 6.283 6.315
4351 6.315 6.315
4276 6.315 6.315
4304 6.315 6.315
4229 6.315 6.178
4315 6.178 6.178
4484 6.178 6.178
4260 6.178 6.178
4415 6.178 6.236
4499 6.236 6.236
4247 6.236 6.236
4281 6.236 6.236
4396 6.236 6.067
4431 6.067 6.067
4422 6.067 6.067
4472 6.067 6.067
4394 6.067 5.965
4188 5.965 5.965
4483 5.965 5.965
4256 5.965 5.966
4340 5.966 5.966
4284 5.966 5.966
4381 5.966 6.058
4459 6.058 6.058
4263 6.058 6.058
4630 6.058 6.058
4270 6.058 6.082
4216 6.082 6.082
4279 6.082 6.082
4379 6.082 6.015
4276 6.015 6.015
4306 6.015 6.015
4379 6.015 6.015
4298 6.015 6.021
4341 6.021 6.021
4380 6.021 6.021
4188 6.021 6.004
4244 6.004 6.004
4530 6.004 6.004
4360 6.004 5.915
4261 5.915 5.915
4211 5.915 5.915
4480 5.915 5.915
4267 5.915 5.666
4240 5.666 5.666
4312 5.666 5.666
4311 5.666 5.642
4264 5.642 5.642
4267 5.642 5.642
4244 5.642 5.823
4278 5.823 5.823
4481 5.823 5.823
4610 5.823 5.855
4189 5.855 5.855
4464 5.855 5.855
4673 5.855 5.855
4628 5.855 5.688
4267 5.688 5.688
4360 5.688 5.688
4374 5.688 5.501
4590 5.501 5.501
4200 5.501 5.501
4188 5.501 5.716
4409 5.716 5.716
4488 5.716 5.716
4188 5.716 5.905
4437 5.905 5.905
4339 5.905 5.905
4308 5.905 5.841
4188 5.841 5.841
4292 5.841 5.841
4342 5.841 5.912
4399 5.912 5.912
4277 5.912 5.912
4351 5.912 5.995
4440 5.995 5.995
4297 5.995 5.995
4469 5.995 5.995
4188 5.995 5.962
4281 5.962 5.962
4470 5.962 5.962
4386 5.962 5.819
4266 5.819 5.819
4458 5.819 5.819
4318 5.819 5.85
4188 5.85 5.85
4317 5.85 5.85
4456 5.85 5.9
4188 5.9 5.9
4269 5.9 5.9
4529 5.9 5.9
4273 5.9 5.885
4492 5.885 5.885
4278 5.885 5.885
4189 5.885 5.675
4409 5.675 5.675
4230 5.675 5.675
4188 5.675 5.853
4314 5.853 5.853
4211 5.853 5.853
4359 5.853 5.878
4337 5.878 5.878
4188 5.878 5.878
4455 5.878 5.871
4291 5.871 5.871
4530 5.871 5.871
4369 5.871 5.871
4188 5.871 5.7
4397 5.7 5.7
4480 5.7 5.7
4188 5.7 5.828
4262 5.828 5.828
4388 5.828 5.828
4425 5.828 5.805
4427 5.805 5.805
4329 5.805 5.805
4342 5.805 5.704
4361 5.704 5.704
4339 5.704 5.704
4244 5.704 5.629
4320 5.629 5.629
4372 5.629 5.629
4636 5.629 5.706
4272 5.706 5.706
4246 5.706 5.706
4291 5.706 5.696
4370 5.696 5.696
4188 5.696 5.696
4188 5.696 5.72
4437 5.72 5.72
4277 5.72 5.72
4269 5.72 5.856
4317 5.856 5.856
4561 5.856 5.856
4498 5.856 5.848
4495 5.848 5.848
4372 5.848 5.848
4264 5.848 5.833
4271 5.833 5.833
4339 5.833 5.833
4394 5.833 5.88
4355 5.88 5.88
4535 5.88 5.88
4258 5.88 6.028
4267 6.028 6.028
4255 6.028 6.028
4249 6.028 6.058
4337 6.058 6.058
4223 6.058 6.058
4306 6.058 6.101
4313 6.101 6.101
4425 6.101 6.101
4457 6.101 6.304
4507 6.304 6.304
4204 6.304 6.304
4333 6.304 6.304
4660 6.304 6.369
4374 6.369 6.369
4268 6.369 6.369
4312 6.369 6.369
4248 6.369 6.193
4341 6.193 6.193
4632 6.193 6.193
4368 6.193 6.193
4352 6.193 6.109
4346 6.109 6.109
4419 6.109 6.109
4419 6.109 6.109
4210 6.109 6.065
4582 6.065 6.065
4444 6.065 6.065
4188 6.065 6.264
4404 6.264 6.264
4494 6.264 6.264
4356 6.264 6.145
4461 6.145 6.145
4199 6.145 6.145
4208 6.145 6.145
4289 6.145 6.165
4337 6.165 6.165
4205 6.165 6.165
4387 6.165 6.165
4290 6.165 6.156
4566 6.156 6.156
4596 6.156 6.156
4248 6.156 6.156
4485 6.156 6.059
4315 6.059 6.059
4256 6.059 6.059
4400 6.059 6.059
4406 6.059 6.13
4253 6.13 6.13
4469 6.13 6.13
4586 6.13 6.402
4476 6.402 6.402
4408 6.402 6.402
4570 6.402 6.402
4426 6.402 6.141
4309 6.141 6.141
4387 6.141 6.141
4304 6.141 6.141
4190 6.141 6.048
4188 6.048 6.048
4596 6.048 6.048
4354 6.048 6.394
4188 6.394 6.394
4256 6.394 6.394
4490 6.394 6.394
4188 6.394 6.372
4477 6.372 6.372
4403 6.372 6.372
4318 6.372 6.372
4429 6.372 6.294
4359 6.294 6.294
4539 6.294 6.294
4461 6.294 6.294
4294 6.294 6.104
4252 6.104 6.104
4188 6.104 6.104
4339 6.104 6.104
4453 6.104 6.135
4399 6.135 6.135
4248 6.135 6.135
4522 6.135 6.135
4635 6.135 6.278
4504 6.278 6.278
4369 6.278 6.278
4277 6.278 6.278
4280 6.278 5.974
4719 5.974 5.974
4342 5.974 5.974
4275 5.974 5.843
4429 5.843 5.843
4322 5.843 5.843
4212 5.843 5.931
4382 5.931 5.931
4188 5.931 5.931
4279 5.931 6.399
4312 6.399 6.399
4431 6.399 6.399
4297 6.399 6.399
4327 6.399 6.33
4619 6.33 6.33
4254 6.33 6.33
4392 6.33 6.33
4320 6.33 6.071
4226 6.071 6.071
4686 6.071 6.071
4310 6.071 6.071
4216 6.071 6.017
4492 6.017 6.017
4339 6.017 6.017
4236 6.017 6.137
4243 6.137 6.137
4331 6.137 6.137
4478 6.137 6.244
4351 6.244 6.244
4341 6.244 6.244
4424 6.244 6.244
4246 6.244 6.018
4328 6.018 6.018
4348 6.018 6.018
4188 6.018 6.018
4442 6.018 6.117
4188 6.117 6.117
4224 6.117 6.117
4220 6.117 6.117
4435 6.117 6.108
4188 6.108 6.108
4457 6.108 6.108
4342 6.108 6.108
4188 6.108 6.168
4232 6.168 6.168
4354 6.168 6.168
4507 6.168 5.981
4474 5.981 5.981
4292 5.981 5.981
4200 5.981 5.981
4309 5.981 5.781
4380 5.781 5.781
4531 5.781 5.781
4333 5.781 6.015
4188 6.015 6.015
4407 6.015 6.015
4714 6.015 6.034
4431 6.034 6.034
4413 6.034 6.034
4515 6.034 6.034
4549 6.034 5.775
4231 5.775 5.775
4271 5.775 5.775
4272 5.775 5.775
4512 5.775 6.027
4188 6.027 6.027
4319 6.027 6.027
4426 6.027 6.361
4210 6.361 6.361
4235 6.361 6.361
4524 6.361 6.361
4285 6.361 6.29
4252 6.29 6.29
4306 6.29 6.29
4328 6.29 6.29
4334 6.29 6.008
4347 6.008 6.008
4188 6.008 6.008
4576 6.008 6.008
4594 6.008 6.118
4272 6.118 6.118
4450 6.118 6.118
4654 6.118 6.118
4360 6.118 5.882
4380 5.882 5.882
4335 5.882 5.882
4269 5.882 5.882
4327 5.882 5.777
4508 5.777 5.777
4335 5.777 5.777
4207 5.777 6.078
4261 6.078 6.078
4401 6.078 6.078
4188 6.078 6.229
4275 6.229 6.229
4451 6.229 6.229
4256 6.229 6.383
4510 6.383 6.383
4333 6.383 6.383
4336 6.383 6.383
4449 6.383 6.218
4389 6.218 6.218
4217 6.218 6.218
4188 6.218 6.218
4352 6.218 6.138
4302 6.138 6.138
4301 6.138 6.138
4381 6.138 6.138
4401 6.138 6.129
4265 6.129 6.129
4336 6.129 6.129
4329 6.129 6.129
4463 6.129 6.084
4392 6.084 6.084
4355 6.084 6.084
4409 6.084 6.084
4433 6.084 6.105
4298 6.105 6.105
4354 6.105 6.105
4427 6.105 6.105
4476 6.105 5.929
4238 5.929 5.929
4328 5.929 5.929
4445 5.929 5.929
4444 5.929 6.177
4282 6.177 6.177
4604 6.177 6.177
4370 6.177 6.177
4338 6.177 6.2
4661 6.2 6.2
4435 6.2 6.2
4432 6.2 6.2
4255 6.2 6.054
4359 6.054 6.054
4444 6.054 6.054
4268 6.054 6.025
4188 6.025 6.025
4376 6.025 6.025
4247 6.025 5.992
4265 5.992 5.992
4286 5.992 5.992
4332 5.992 5.992
4522 5.992 5.977
4504 5.977 5.977
4515 5.977 5.977
4392 5.977 5.977
4239 5.977 5.809
4348 5.809 5.809
4552 5.809 5.809
4540 5.809 5.846
4188 5.846 5.846
4433 5.846 5.846
4613 5.846 6.004
4253 6.004 6.004
4359 6.004 6.004
4226 6.004 6.004
4370 6.004 6.06
4240 6.06 6.06
4245 6.06 6.06
4509 6.06 6.06
4378 6.06 6.265
4188 6.265 6.265
4364 6.265 6.265
4527 6.265 6.265
4280 6.265 6.268
4381 6.268 6.268
4205 6.268 6.268
4270 6.268 6.268
4218 6.268 6.031
4188 6.031 6.031
4188 6.031 6.031
4396 6.031 6.053
4479 6.053 6.053
4188 6.053 6.053
4396 6.053 6.053
4483 6.053 6.102
4267 6.102 6.102
4188 6.102 6.102
4223 6.102 6.102
4395 6.102 6.31
4433 6.31 6.31
4380 6.31 6.31
4388 6.31 6.31
4398 6.31 6.231
4234 6.231 6.231
4359 6.231 6.231
4330 6.231 6.231
4410 6.231 6.145
4440 6.145 6.145
4227 6.145 6.145
4302 6.145 6.145
4337 6.145 6.077
4461 6.077 6.077
4344 6.077 6.077
4188 6.077 6.077
4233 6.077 6.002
4443 6.002 6.002
4301 6.002 6.002
4322 6.002 6.002
4262 6.002 5.917
4390 5.917 5.917
4312 5.917 5.917
4188 5.917 5.912
4269 5.912 5.912
4318 5.912 5.912
4576 5.912 6.185
4498 6.185 6.185
4312 6.185 6.185
4244 6.185 6.185
4322 6.185 5.965
4188 5.965 5.965
4257 5.965 5.965
4442 5.965 5.965
4398 5.965 5.921
4208 5.921 5.921
4268 5.921 5.921
4255 5.921 5.921
4250 5.921 5.848
4303 5.848 5.848
4297 5.848 5.848
4188 5.848 5.818
4193 5.818 5.818
4343 5.818 5.818
4257 5.818 5.8
4384 5.8 5.8
4663 5.8 5.8
4386 5.8 5.871
4530 5.871 5.871
4326 5.871 5.871
4188 5.871 5.74
4399 5.74 5.74
4476 5.74 5.74
4239 5.74 5.81
4188 5.81 5.81
4262 5.81 5.81
4394 5.81 5.795
4188 5.795 5.795
4490 5.795 5.795
4318 5.795 5.941
4377 5.941 5.941
4265 5.941 5.941
4190 5.941 5.815
4477 5.815 5.815
4188 5.815 5.815
4255 5.815 5.785
4476 5.785 5.785
4324 5.785 5.785
4209 5.785 5.856
4269 5.856 5.856
4229 5.856 5.856
4479 5.856 5.786
4417 5.786 5.786
4347 5.786 5.786
4188 5.786 5.815
4331 5.815 5.815
4373 5.815 5.815
4331 5.815 5.729
4249 5.729 5.729
4209 5.729 5.729
4188 5.729 5.961
4188 5.961 5.961
4423 5.961 5.961
4717 5.961 6.214
4259 6.214 6.214
4357 6.214 6.214
4648 6.214 6.214
4550 6.214 5.812
4493 5.812 5.812
4542 5.812 5.812
4507 5.812 5.812
4424 5.812 5.66
4268 5.66 5.66
4338 5.66 5.66
4262 5.66 5.921
4378 5.921 5.921
4356 5.921 5.921
4537 5.921 6.116
4410 6.116 6.116
4407 6.116 6.116
4457 6.116 6.116
4511 6.116 5.729
4549 5.729 5.729
4378 5.729 5.729
4422 5.729 5.351
4507 5.351 5.351
4229 5.351 5.351
4253 5.351 5.222
4411 5.222 5.222
4301 5.222 5.222
4188 5.222 5.402
4257 5.402 5.402
4188 5.402 5.402
4279 5.402 5.463
4534 5.463 5.463
4462 5.463 5.463
4258 5.463 5.254
4504 5.254 5.254
4383 5.254 5.254
4296 5.254 5.178
4264 5.178 5.178
4423 5.178 5.178
4305 5.178 5.169
4601 5.169 5.169
4377 5.169 5.169
4257 5.169 5.146
4245 5.146 5.146
4440 5.146 5.146
4270 5.146 5.354
4201 5.354 5.354
4195 5.354 5.354
4386 5.354 5.45
4247 5.45 5.45
4305 5.45 5.45
4489 5.45 5.494
4292 5.494 5.494
4188 5.494 5.494
4344 5.494 5.59
4251 5.59 5.59
4469 5.59 5.59
4371 5.59 5.622
4324 5.622 5.622
4188 5.622 5.622
4290 5.622 5.592
4188 5.592 5.592
4448 5.592 5.592
4480 5.592 5.711
4295 5.711 5.711
4212 5.711 5.711
4188 5.711 5.674
4188 5.674 5.674
4321 5.674 5.674
4246 5.674 5.68
4487 5.68 5.68
4507 5.68 5.68
4387 5.68 5.736
4245 5.736 5.736
4255 5.736 5.736
4423 5.736 5.642
4457 5.642 5.642
4317 5.642 5.642
4350 5.642 5.612
4188 5.612 5.612
4315 5.612 5.612
4443 5.612 5.815
4303 5.815 5.815
4454 5.815 5.815
4371 5.815 5.832
4300 5.832 5.832
4231 5.832 5.832
4294 5.832 5.778
4295 5.778 5.778
4380 5.778 5.778
4212 5.778 5.693
4330 5.693 5.693
4281 5.693 5.693
4563 5.693 5.802
4241 5.802 5.802
4261 5.802 5.802
4429 5.802 5.797
4378 5.797 5.797
4306 5.797 5.797
4281 5.797 5.721
4493 5.721 5.721
4319 5.721 5.721
4293 5.721 5.641
4282 5.641 5.641
4571 5.641 5.641
4244 5.641 5.69
4396 5.69 5.69
4235 5.69 5.69
4255 5.69 5.705
4447 5.705 5.705
4370 5.705 5.705
4216 5.705 5.72
4402 5.72 5.72
4188 5.72 5.72
4257 5.72 5.71
4326 5.71 5.71
4188 5.71 5.71
4435 5.71 5.809
4534 5.809 5.809
4344 5.809 5.809
4372 5.809 5.695
4188 5.695 5.695
4228 5.695 5.695
4557 5.695 5.711
4610 5.711 5.711
4246 5.711 5.711
4297 5.711 5.657
4550 5.657 5.657
4421 5.657 5.657
4188 5.657 5.669
4305 5.669 5.669
4348 5.669 5.669
4303 5.669 5.778
4290 5.778 5.778
4278 5.778 5.778
4204 5.778 5.779
4305 5.779 5.779
4286 5.779 5.779
4356 5.779 5.732
4368 5.732 5.732
4258 5.732 5.732
4482 5.732 5.57
4325 5.57 5.57
4373 5.57 5.57
4461 5.57 5.32
4448 5.32 5.32
4196 5.32 5.32
4297 5.32 5.131
4287 5.131 5.131
4436 5.131 5.131
4188 5.131 5.129
4221 5.129 5.129
4352 5.129 5.129
4253 5.129 5.222
4212 5.222 5.222
4206 5.222 5.222
4407 5.222 5.323
4276 5.323 5.323
4282 5.323 5.323
4384 5.323 5.169
4316 5.169 5.169
4478 5.169 5.169
4270 5.169 5.065
4261 5.065 5.065
4188 5.065 5.065
4355 5.065 5.116
4486 5.116 5.116
4291 5.116 5.116
4335 5.116 5.035
4249 5.035 5.035
4554 5.035 5.035
4350 5.035 5.131
4304 5.131 5.131
4359 5.131 5.131
4305 5.131 5.149
4440 5.149 5.149
4302 5.149 5.149
4586 5.149 5.382
4531 5.382 5.382
4316 5.382 5.382
4262 5.382 5.17
4403 5.17 5.17
4324 5.17 5.17
4188 5.17 5.05
4346 5.05 5.05
4334 5.05 5.05
4527 5.05 5.192
4589 5.192 5.192
4275 5.192 5.192
4630 5.192 5.209
4188 5.209 5.209
4188 5.209 5.209
4516 5.209 5.109
4401 5.109 5.109
4188 5.109 5.109
4188 5.109 5.133
4261 5.133 5.133
4571 5.133 5.133
4612 5.133 5.196
4262 5.196 5.196
4307 5.196 5.196
4283 5.196 5.074
4297 5.074 5.074
4452 5.074 5.074
4459 5.074 4.951
4478 4.951 4.951
4219 4.951 4.951
4333 4.951 4.865
4260 4.865 4.865
4407 4.865 4.865
4449 4.865 4.908
4262 4.908 4.908
4315 4.908 4.908
4366 4.908 4.837
4236 4.837 4.837
4498 4.837 4.837
4499 4.837 4.781
4344 4.781 4.781
4427 4.781 4.781
4474 4.781 4.666
4188 4.666 4.666
4262 4.666 4.666
4329 4.666 4.754
4307 4.754 4.754
4264 4.754 4.754
4436 4.754 4.831
4497 4.831 4.831
4407 4.831 4.831
4456 4.831 4.707
4188 4.707 4.707
4238 4.707 4.707
4466 4.707 4.837
4353 4.837 4.837
4493 4.837 4.837
4344 4.837 4.86
4463 4.86 4.86
4374 4.86 4.86
4365 4.86 4.741
4321 4.741 4.741
4598 4.741 4.741
4490 4.741 4.607
4318 4.607 4.607
4505 4.607 4.607
4266 4.607 4.558
4260 4.558 4.558
4201 4.558 4.558
4328 4.558 4.562
4358 4.562 4.562
4298 4.562 4.562
4232 4.562 4.63
4200 4.63 4.63
4241 4.63 4.63
4259 4.63 4.644
4256 4.644 4.644
4226 4.644 4.644
4188 4.644 4.696
4188 4.696 4.696
4188 4.696 4.696
4281 4.696 4.68
4279 4.68 4.68
4362 4.68 4.68
4401 4.68 4.665
4384 4.665 4.665
4444 4.665 4.665
4352 4.665 4.672
4413 4.672 4.672
4431 4.672 4.672
4403 4.672 4.579
4239 4.579 4.579
4213 4.579 4.579
4188 4.579 4.726
4405 4.726 4.726
4398 4.726 4.726
4422 4.726 4.807
4289 4.807 4.807
4221 4.807 4.807
4461 4.807 4.831
4283 4.831 4.831
4370 4.831 4.831
4203 4.831 4.876
4213 4.876 4.876
4348 4.876 4.876
4213 4.876 4.876
4390 4.876 4.876
4349 4.876 4.876
4265 4.876 4.855
4188 4.855 4.855
4370 4.855 4.855
4301 4.855 4.92
4300 4.92 4.92
4477 4.92 4.92
4277 4.92 4.869
4396 4.869 4.869
4459 4.869 4.869
4372 4.869 4.79
4256 4.79 4.79
4188 4.79 4.79
4210 4.79 4.66
4193 4.66 4.66
4246 4.66 4.66
4341 4.66 4.88
4188 4.88 4.88
4302 4.88 4.88
4518 4.88 4.974
4375 4.974 4.974
4398 4.974 4.974
4270 4.974 5.07
4188 5.07 5.07
4308 5.07 5.07
4485 5.07 5.109
4469 5.109 5.109
4383 5.109 5.109
4330 5.109 4.969
4310 4.969 4.969
4188 4.969 4.969
4464 4.969 5.021
4346 5.021 5.021
4283 5.021 5.021
4318 5.021 4.99
4281 4.99 4.99
4309 4.99 4.99
4478 4.99 5.141
4414 5.141 5.141
4311 5.141 5.141
4445 5.141 4.998
4560 4.998 4.998
4680 4.998 4.998
4358 4.998 4.787
4188 4.787 4.787
4357 4.787 4.787
4262 4.787 4.841
4633 4.841 4.841
4278 4.841 4.841
4269 4.841 4.951
4468 4.951 4.951
4367 4.951 4.951
4454 4.951 4.791
4188 4.791 4.791
4270 4.791 4.791
4251 4.791 4.862
4206 4.862 4.862
4313 4.862 4.862
4189 4.862 4.823
4241 4.823 4.823
4324 4.823 4.823
4193 4.823 4.839
4261 4.839 4.839
4253 4.839 4.839
4381 4.839 4.831
4669 4.831 4.831
4861 4.831 4.831
4473 4.831 4.598
4295 4.598 4.598
4388 4.598 4.598
4406 4.598 4.379
4450 4.379 4.379
4273 4.379 4.379
4188 4.379 4.601
4391 4.601 4.601
4484 4.601 4.601
4322 4.601 4.714
4356 4.714 4.714
4398 4.714 4.714
4376 4.714 4.536
4311 4.536 4.536
4369 4.536 4.536
4621 4.536 4.652
4620 4.652 4.652
4373 4.652 4.652
4275 4.652 4.593
4188 4.593 4.593
4384 4.593 4.593
4260 4.593 4.556
4273 4.556 4.556
4316 4.556 4.556
4257 4.556 4.603
4368 4.603 4.603
4256 4.603 4.603
4349 4.603 4.512
4324 4.512 4.512
4368 4.512 4.512
4296 4.512 4.479
4434 4.479 4.479
4236 4.479 4.479
4203 4.479 4.448
4303 4.448 4.448
4442 4.448 4.448
4200 4.448 4.528
4210 4.528 4.528
4243 4.528 4.528
4311 4.528 4.642
4296 4.642 4.642
4262 4.642 4.642
4415 4.642 4.627
4241 4.627 4.627
4308 4.627 4.627
4369 4.627 4.64
4307 4.64 4.64
4230 4.64 4.64
4290 4.64 4.643
4311 4.643 4.643
4446 4.643 4.643
4399 4.643 4.719
4188 4.719 4.719
4188 4.719 4.719
4306 4.719 4.739
4434 4.739 4.739
4461 4.739 4.739
4426 4.739 4.479
4251 4.479 4.479
4272 4.479 4.479
4249 4.479 4.499
4307 4.499 4.499
4435 4.499 4.499
4273 4.499 4.622
4310 4.622 4.622
4409 4.622 4.622
4353 4.622 4.407
4342 4.407 4.407
4384 4.407 4.407
4467 4.407 4.302
4330 4.302 4.302
4234 4.302 4.302
4188 4.302 4.208
4434 4.208 4.208
4352 4.208 4.113
4206 4.113 4.113
4261 4.113 4.113
4348 4.113 4.205
4371 4.205 4.205
4626 4.205 4.205
4206 4.205 4.223
4213 4.223 4.223
4269 4.223 4.223
4188 4.223 4.278
4234 4.278 4.278
4510 4.278 4.278
4212 4.278 4.349
4377 4.349 4.349
4346 4.349 4.349
4228 4.349 4.286
4346 4.286 4.286
4343 4.286 4.286
4377 4.286 4.41
4335 4.41 4.41
4239 4.41 4.41
4271 4.41 4.459
4351 4.459 4.459
4261 4.459 4.459
4401 4.459 4.36
4638 4.36 4.36
4439 4.36 4.36
4461 4.36 4.333
4482 4.333 4.333
4434 4.333 4.333
4317 4.333 4.305
4384 4.305 4.305
4256 4.305 4.305
4264 4.305 4.357
4506 4.357 4.357
4327 4.357 4.357
4506 4.357 4.457
4360 4.457 4.457
4481 4.457 4.457
4265 4.457 4.288
4402 4.288 4.288
4188 4.288 4.288
4260 4.288 4.29
4208 4.29 4.29
4439 4.29 4.29
4284 4.29 4.359
4370 4.359 4.359
4477 4.359 4.359
4307 4.359 4.212
4384 4.212 4.212
4538 4.212 4.212
4384 4.212 4.085
4300 4.085 4.085
4413 4.085 4.085
4259 4.085 4.063
4322 4.063 4.063
4331 4.063 3.989
4476 3.989 3.989
4499 3.989 3.989
4497 3.989 3.803
4652 3.803 3.803
4419 3.803 3.684
4296 3.684 3.684
4289 3.684 3.654
4188 3.654 3.654
4339 3.654 3.932
4572 3.932 3.932
4530 3.932 3.643
4584 3.643 3.643
4441 3.643 3.643
4398 3.643 3.411
4240 3.411 3.411
4455 3.411 3.64
4541 3.64 3.64
4188 3.64 3.806
4213 3.806 3.806
4533 3.806 3.693
4380 3.693 3.693
4246 3.693 3.693
4210 3.693 3.806
4188 3.806 3.806
4188 3.806 3.978
4188 3.978 3.978
4324 3.978 4.011
4618 4.011 4.011
4326 4.011 4.011
4288 4.011 3.875
4279 3.875 3.875
4271 3.875 3.848
4315 3.848 3.848
4549 3.848 3.954
4389 3.954 3.954
4188 3.954 3.954
4283 3.954 3.888
4213 3.888 3.888
4468 3.888 3.886
4556 3.886 3.886
4426 3.886 3.869
4343 3.869 3.869
4439 3.869 3.786
4246 3.786 3.786
4211 3.786 3.786
4371 3.786 3.761
4188 3.761 3.761
4224 3.761 3.997
4228 3.997 3.997
4425 3.997 3.941
4471 3.941 3.941
4557 3.941 3.941
4423 3.941 3.928
4480 3.928 3.928
4397 3.928 3.844
4322 3.844 3.844
4405 3.844 3.939
4526 3.939 3.939
4283 3.939 3.925
4521 3.925 3.925
4254 3.925 3.961
4345 3.961 3.961
4507 3.961 3.933
4300 3.933 3.933
4203 3.933 3.933
4515 3.933 3.904
4632 3.904 3.904
4547 3.904 3.904
4217 3.904 3.915
4284 3.915 3.915
4526 3.915 4.075
4409 4.075 4.075
4263 4.075 4.204
4188 4.204 4.204
4360 4.204 4.204
4406 4.204 4.107
4320 4.107 4.107
4222 4.107 4.107
4390 4.107 4.034
4248 4.034 4.034
4231 4.034 4.129
4304 4.129 4.129
4402 4.129 4.254
4188 4.254 4.254
4188 4.254 4.254
4234 4.254 4.166
4235 4.166 4.166
4262 4.166 4.166
4289 4.166 4.254
4208 4.254 4.254
4444 4.254 4.254
4485 4.254 4.349
4589 4.349 4.349
4583 4.349 4.349
4580 4.349 4.119
4398 4.119 4.119
4353 4.119 4.119
4306 4.119 4.199
4369 4.199 4.199
4424 4.199 4.373
4346 4.373 4.373
4268 4.373 4.373
4427 4.373 4.441
4299 4.441 4.441
4240 4.441 4.441
4238 4.441 4.493
4467 4.493 4.493
4188 4.493 4.493
4439 4.493 4.64
4235 4.64 4.64
4414 4.64 4.64
4394 4.64 4.495
4260 4.495 4.495
4190 4.495 4.495
4259 4.495 4.379
4199 4.379 4.379
4334 4.379 4.379
4294 4.379 4.458
4188 4.458 4.458
4417 4.458 4.458
4555 4.458 4.479
4247 4.479 4.479
4258 4.479 4.479
4264 4.479 4.387
4365 4.387 4.387
4327 4.387 4.387
4370 4.387 4.336
4248 4.336 4.336
4235 4.336 4.336
4345 4.336 4.592
4276 4.592 4.592
4282 4.592 4.592
4188 4.592 4.624
4401 4.624 4.624
4418 4.624 4.624
4346 4.624 4.559
4188 4.559 4.559
4434 4.559 4.559
4418 4.559 4.619
4385 4.619 4.619
4240 4.619 4.619
4301 4.619 4.639
4513 4.639 4.639
4561 4.639 4.639
4422 4.639 4.459
4231 4.459 4.459
4269 4.459 4.459
4272 4.459 4.475
4381 4.475 4.475
4341 4.475 4.475
4348 4.475 4.454
4266 4.454 4.454
4188 4.454 4.454
4398 4.454 4.442
4357 4.442 4.442
4189 4.442 4.442
4188 4.442 4.603
4188 4.603 4.603
4400 4.603 4.603
4333 4.603 4.626
4348 4.626 4.626
4512 4.626 4.626
4565 4.626 4.628
4510 4.628 4.628
4424 4.628 4.628
4466 4.628 4.702
4482 4.702 4.702
4282 4.702 4.702
4416 4.702 4.938
4413 4.938 4.938
4197 4.938 4.938
4549 4.938 4.978
4455 4.978 4.978
4542 4.978 4.978
4270 4.978 4.674
4495 4.674 4.674
4396 4.674 4.674
4273 4.674 4.896
4360 4.896 4.896
4293 4.896 4.896
4533 4.896 4.905
4426 4.905 4.905
4517 4.905 4.905
4188 4.905 4.971
4279 4.971 4.971
4316 4.971 4.971
4387 4.971 4.868
4345 4.868 4.868
4188 4.868 4.868
4311 4.868 4.917
4446 4.917 4.917
4561 4.917 4.917
4359 4.917 4.804
4188 4.804 4.804
4295 4.804 4.804
4220 4.804 4.738
4395 4.738 4.738
4334 4.738 4.738
4619 4.738 4.894
4428 4.894 4.894
4648 4.894 4.894
4433 4.894 4.553
4448 4.553 4.553
4318 4.553 4.553
4205 4.553 4.411
4277 4.411 4.411
4473 4.411 4.411
4591 4.411 4.755
4509 4.755 4.755
4438 4.755 4.755
4435 4.755 4.588
4239 4.588 4.588
4359 4.588 4.588
4287 4.588 4.525
4273 4.525 4.525
4290 4.525 4.525
4364 4.525 4.505
4329 4.505 4.505
4268 4.505 4.505
4195 4.505 4.391
4394 4.391 4.391
4434 4.391 4.391
4312 4.391 4.409
4340 4.409 4.409
4324 4.409 4.409
4436 4.409 4.373
4639 4.373 4.373
4312 4.373 4.373
4189 4.373 4.359
4287 4.359 4.359
4494 4.359 4.359
4420 4.359 4.364
4437 4.364 4.364
4251 4.364 4.364
4423 4.364 4.401
4538 4.401 4.401
4465 4.401 4.401
4311 4.401 4.223
4563 4.223 4.223
4366 4.223 4.223
4188 4.223 4.161
4321 4.161 4.161
4322 4.161 4.161
4328 4.161 4.218
4238 4.218 4.218
4386 4.218 4.218
4188 4.218 4.402
4200 4.402 4.402
4552 4.402 4.402
4538 4.402 4.243
4428 4.243 4.243
4488 4.243 4.243
4410 4.243 4.026
4230 4.026 4.026
4229 4.026 4.071
4268 4.071 4.071
4429 4.071 4.234
4411 4.234 4.234
4260 4.234 4.234
4374 4.234 4.391
4494 4.391 4.391
4416 4.391 4.391
4349 4.391 4.187
4265 4.187 4.187
4188 4.187 4.187
4357 4.187 4.216
4335 4.216 4.216
4320 4.216 4.216
4439 4.216 4.205
4313 4.205 4.205
4397 4.205 4.205
4528 4.205 4.056
4433 4.056 4.056
4343 4.056 4.056
4382 4.056 4.164
4188 4.164 4.164
4389 4.164 4.164
4192 4.164 4.219
4356 4.219 4.219
4507 4.219 4.219
4449 4.219 4.284
4210 4.284 4.284
4234 4.284 4.284
4436 4.284 4.426
4290 4.426 4.426
4303 4.426 4.426
4188 4.426 4.47
4414 4.47 4.47
4536 4.47 4.47
4506 4.47 4.445
4277 4.445 4.445
4213 4.445 4.445
4342 4.445 4.403
4357 4.403 4.403
4311 4.403 4.403
4702 4.403 4.54
4365 4.54 4.54
4410 4.54 4.54
4748 4.54 4.354
4571 4.354 4.354
4507 4.354 4.354
4432 4.354 4.139
4235 4.139 4.139
4391 4.139 4.139
4188 4.139 4.514
4299 4.514 4.514
4308 4.514 4.514
4378 4.514 4.381
4372 4.381 4.381
4509 4.381 4.381
4342 4.381 4.377
4190 4.377 4.377
4244 4.377 4.377
4351 4.377 4.326
4342 4.326 4.326
4188 4.326 4.326
4235 4.326 4.392
4348 4.392 4.392
4243 4.392 4.392
4408 4.392 4.518
4379 4.518 4.518
4441 4.518 4.518
4340 4.518 4.389
4266 4.389 4.389
4210 4.389 4.389
4194 4.389 4.293
4280 4.293 4.293
4349 4.293 4.293
4188 4.293 4.555
4345 4.555 4.555
4316 4.555 4.555
4631 4.555 4.667
4371 4.667 4.667
4372 4.667 4.667
4253 4.667 4.546
4267 4.546 4.546
4361 4.546 4.546
4416 4.546 4.625
4212 4.625 4.625
4269 4.625 4.625
4268 4.625 4.631
4273 4.631 4.631
4188 4.631 4.631
4413 4.631 4.603
4525 4.603 4.603
4546 4.603 4.603
4536 4.603 4.467
4253 4.467 4.467
4244 4.467 4.467
4188 4.467 4.441
4261 4.441 4.441
4209 4.441 4.441
4306 4.441 4.653
4517 4.653 4.653
4564 4.653 4.653
4430 4.653 4.495
4365 4.495 4.495
4303 4.495 4.495
4420 4.495 4.312
4281 4.312 4.312
4267 4.312 4.312
4322 4.312 4.479
4491 4.479 4.479
4322 4.479 4.479
4203 4.479 4.403
4443 4.403 4.403
4522 4.403 4.403
4282 4.403 4.222
4274 4.222 4.222
4302 4.222 4.222
4406 4.222 4.333
4652 4.333 4.333
4310 4.333 4.333
4332 4.333 4.295
4344 4.295 4.295
4188 4.295 4.295
4333 4.295 4.244
4433 4.244 4.244
4250 4.244 4.244
4255 4.244 4.199
4188 4.199 4.199
4188 4.199 4.199
4348 4.199 4.368
4627 4.368 4.368
4566 4.368 4.368
4241 4.368 4.217
4456 4.217 4.217
4453 4.217 4.217
4299 4.217 3.832
4259 3.832 3.832
4335 3.832 3.818
4497 3.818 3.818
4275 3.818 3.937
4200 3.937 3.937
4447 3.937 4.099
4511 4.099 4.099
4358 4.099 4.099
4264 4.099 3.923
4464 3.923 3.923
4230 3.923 3.836
4252 3.836 3.836
4248 3.836 3.979
4430 3.979 3.979
4300 3.979 4.051
4388 4.051 4.051
4388 4.051 4.051
4379 4.051 3.952
4431 3.952 3.952
4321 3.952 3.952
4266 3.952 3.956
4248 3.956 3.956
4405 3.956 3.984
4238 3.984 3.984
4234 3.984 3.984
4364 3.984 4.046
4234 4.046 4.046
4188 4.046 4.007
4327 4.007 4.007
4446 4.007 4.071
4236 4.071 4.071
4260 4.071 4.071
4582 4.071 4.014
4460 4.014 4.014
4563 4.014 4.014
4392 4.014 3.885
4373 3.885 3.885
4311 3.885 3.844
4327 3.844 3.844
4188 3.844 3.963
4377 3.963 3.963
4436 3.963 4.147
4188 4.147 4.147
4480 4.147 4.147
4479 4.147 4.014
4317 4.014 4.014
4288 4.014 4.014
4222 4.014 4.171
4188 4.171 4.171
4302 4.171 4.212
4459 4.212 4.212
4321 4.212 4.212
4369 4.212 4.287
4388 4.287 4.287
4328 4.287 4.287
4295 4.287 4.171
4188 4.171 4.171
4337 4.171 4.171
4375 4.171 4.304
4306 4.304 4.304
4316 4.304 4.304
4210 4.304 4.282
4501 4.282 4.282
4629 4.282 4.282
4584 4.282 4.171
4566 4.171 4.171
4545 4.171 4.171
4475 4.171 3.928
4325 3.928 3.928
4299 3.928 3.928
4296 3.928 3.952
4469 3.952 3.952
4316 3.952 4.038
4240 4.038 4.038
4360 4.038 3.918
4399 3.918 3.918
4215 3.918 3.918
4188 3.918 3.889
4466 3.889 3.889
4215 3.889 3.988
4326 3.988 3.988
4371 3.988 3.959
4475 3.959 3.959
4385 3.959 3.959
4400 3.959 3.787
4188 3.787 3.787
4188 3.787 3.783
4365 3.783 3.783
4189 3.783 3.834
4226 3.834 3.834
4441 3.834 3.967
4522 3.967 3.967
4271 3.967 3.966
4188 3.966 3.966
4426 3.966 3.907
4583 3.907 3.907
4267 3.907 3.907
4188 3.907 4.025
4449 4.025 4.025
4197 4.025 4.08
4310 4.08 4.08
4240 4.08 3.988
4399 3.988 3.988
4320 3.988 3.891
4295 3.891 3.891
4411 3.891 3.961
4590 3.961 3.961
4593 3.961 3.921
4567 3.921 3.921
4236 3.921 3.921
4188 3.921 3.858
4428 3.858 3.858
4370 3.858 3.747
4421 3.747 3.747
4513 3.747 3.818
4573 3.818 3.818
4312 3.818 3.738
4188 3.738 3.738
4487 3.738 3.755
4351 3.755 3.755
4188 3.755 3.775
4238 3.775 3.775
4341 3.775 3.881
4252 3.881 3.881
4371 3.881 3.91
4438 3.91 3.91
4188 3.91 3.91
4372 3.91 3.903
4377 3.903 3.903
4316 3.903 3.903
4241 3.903 3.88
4254 3.88 3.88
4504 3.88 3.885
4280 3.885 3.885
4188 3.885 3.885
4250 3.885 3.83
4188 3.83 3.83
4468 3.83 4.004
4353 4.004 4.004
4298 4.004 4.004
4504 4.004 3.902
4344 3.902 3.902
4226 3.902 3.902
4188 3.902 4.024
4349 4.024 4.024
4199 4.024 4.272
4381 4.272 4.272
4254 4.272 4.175
4188 4.175 4.175
4275 4.175 4.175
4233 4.175 4.235
4228 4.235 4.235
4188 4.235 4.235
4365 4.235 4.297
4188 4.297 4.297
4222 4.297 4.297
4432 4.297 4.374
4327 4.374 4.374
4269 4.374 4.374
4188 4.374 4.374
4304 4.374 4.374
4273 4.374 4.374
4400 4.374 4.514
4306 4.514 4.514
4246 4.514 4.514
4188 4.514 4.524
4632 4.524 4.524
4619 4.524 4.524
4522 4.524 4.351
4332 4.351 4.351
4511 4.351 4.351
4486 4.351 4.096
4512 4.096 4.096
4269 4.096 4.096
4433 4.096 4.141
4438 4.141 4.141
4257 4.141 4.141
4343 4.141 4.214
4208 4.214 4.214
4361 4.214 4.214
4322 4.214 4.047
4398 4.047 4.047
4386 4.047 4.047
4314 4.047 4.029
4358 4.029 4.029
4328 4.029 4.103
4267 4.103 4.103
4195 4.103 4.051
4317 4.051 4.051
4399 4.051 4.041
4393 4.041 4.041
4213 4.041 4.041
4584 4.041 4.106
4313 4.106 4.106
4198 4.106 4.106
4521 4.106 4.199
4441 4.199 4.199
4373 4.199 4.199
4333 4.199 4.11
4299 4.11 4.11
4384 4.11 4.11
4188 4.11 4.149
4362 4.149 4.149
4262 4.149 4.188
4221 4.188 4.188
4287 4.188 4.188
4550 4.188 4.181
4449 4.181 4.181
4310 4.181 4.181
4409 4.181 4.037
4412 4.037 4.037
4278 4.037 4.037
4539 4.037 4.039
4412 4.039 4.039
4458 4.039 4.039
4300 4.039 3.867
4386 3.867 3.867
4308 3.867 3.859
4188 3.859 3.859
4313 3.859 4.018
4228 4.018 4.018
4324 4.018 4.057
4188 4.057 4.057
4440 4.057 4.057
4381 4.057 4.041
4416 4.041 4.041
4251 4.041 4.041
4372 4.041 4.065
4272 4.065 4.065
4333 4.065 4.112
4405 4.112 4.112
4436 4.112 4.112
4407 4.112 4.0
4260 4.0 4.0
4211 4.0 4.0
4188 4.0 4.085
4188 4.085 4.085
4218 4.085 4.218
4221 4.218 4.218
4225 4.218 4.218
4399 4.218 4.187
4229 4.187 4.187
4281 4.187 4.187
4407 4.187 4.243
4514 4.243 4.243
4268 4.243 4.243
4322 4.243 4.45
4223 4.45 4.45
4289 4.45 4.45
4331 4.45 4.402
4364 4.402 4.402
4469 4.402 4.402
4308 4.402 4.419
4500 4.419 4.419
4360 4.419 4.419
4348 4.419 4.419
4406 4.419 4.419
4247 4.419 4.419
4582 4.419 4.548
4470 4.548 4.548
4363 4.548 4.548
4273 4.548 4.407
4248 4.407 4.407
4297 4.407 4.407
4533 4.407 4.442
4865 4.442 4.442
4622 4.442 4.442
4573 4.442 4.174
4724 4.174 4.174
4533 4.174 4.174
4188 4.174 4.032
4325 4.032 4.032
4497 4.032 4.214
4188 4.214 4.214
4359 4.214 4.214
4334 4.214 4.241
4214 4.241 4.241
4449 4.241 4.241
4488 4.241 4.252
4407 4.252 4.252
4326 4.252 4.252
4348 4.252 4.16
4188 4.16 4.16
4320 4.16 4.16
4267 4.16 4.337
4258 4.337 4.337
4295 4.337 4.337
4624 4.337 4.519
4586 4.519 4.519
4412 4.519 4.519
4397 4.519 4.131
4321 4.131 4.131
4318 4.131 4.131
4611 4.131 4.367
4325 4.367 4.367
4357 4.367 4.367
4285 4.367 4.537
4494 4.537 4.537
4247 4.537 4.537
4515 4.537 4.441
4333 4.441 4.441
4305 4.441 4.441
4342 4.441 4.338
4316 4.338 4.338
4451 4.338 4.338
4283 4.338 4.342
4341 4.342 4.342
4351 4.342 4.342
4242 4.342 4.381
4217 4.381 4.381
4350 4.381 4.381
4474 4.381 4.516
4269 4.516 4.516
4349 4.516 4.516
4314 4.516 4.44
4303 4.44 4.44
4289 4.44 4.44
4444 4.44 4.528
4279 4.528 4.528
4250 4.528 4.528
4352 4.528 4.409
4397 4.409 4.409
4499 4.409 4.409
4372 4.409 4.399
4373 4.399 4.399
4243 4.399 4.399
4188 4.399 4.374
4305 4.374 4.374
4273 4.374 4.374
4351 4.374 4.266
4341 4.266 4.266
4321 4.266 4.266
4193 4.266 4.251
4188 4.251 4.251
4332 4.251 4.251
4318 4.251 4.195
4330 4.195 4.195
4280 4.195 4.195
4188 4.195 4.333
4350 4.333 4.333
4359 4.333 4.333
4386 4.333 4.308
4270 4.308 4.308
4358 4.308 4.308
4300 4.308 4.266
4456 4.266 4.266
4326 4.266 4.266
4236 4.266 4.182
4361 4.182 4.182
4188 4.182 4.182
4188 4.182 4.214
4250 4.214 4.214
4290 4.214 4.214
4428 4.214 4.166
4269 4.166 4.166
4337 4.166 4.166
4316 4.166 4.168
4227 4.168 4.168
4326 4.168 4.168
4297 4.168 4.14
4269 4.14 4.14
4291 4.14 4.14
4357 4.14 4.215
4188 4.215 4.215
4374 4.215 4.215
4237 4.215 4.245
4188 4.245 4.245
4399 4.245 4.245
4468 4.245 4.273
4476 4.273 4.273
4461 4.273 4.273
4853 4.273 4.285
4693 4.285 4.285
4810 4.285 4.285
4515 4.285 4.011
4385 4.011 4.011
4230 4.011 4.011
4377 4.011 4.07
4188 4.07 4.07
4309 4.07 4.368
4293 4.368 4.368
4302 4.368 4.368
4310 4.368 4.332
4188 4.332 4.332
4188 4.332 4.332
4273 4.332 4.392
4243 4.392 4.392
4262 4.392 4.392
4272 4.392 4.435
4330 4.435 4.435
4381 4.435 4.435
4269 4.435 4.517
4346 4.517 4.517
4254 4.517 4.517
4241 4.517 4.692
4334 4.692 4.692
4308 4.692 4.692
4387 4.692 4.615
4318 4.615 4.615
4363 4.615 4.615
4431 4.615 4.675
4292 4.675 4.675
4379 4.675 4.675
4219 4.675 4.81
4355 4.81 4.81
4295 4.81 4.81
4193 4.81 4.764
4285 4.764 4.764
4375 4.764 4.764
4294 4.764 4.637
4307 4.637 4.637
4385 4.637 4.637
4340 4.637 4.598
4188 4.598 4.598
4242 4.598 4.598
4482 4.598 4.7
4268 4.7 4.7
4477 4.7 4.7
4191 4.7 4.74
4188 4.74 4.74
4483 4.74 4.74
4384 4.74 4.647
4412 4.647 4.647
4609 4.647 4.647
4541 4.647 4.638
4312 4.638 4.638
4301 4.638 4.638
4340 4.638 4.782
4598 4.782 4.782
4572 4.782 4.782
4397 4.782 4.937
4477 4.937 4.937
4541 4.937 4.937
4555 4.937 4.843
4263 4.843 4.843
4390 4.843 4.843
4441 4.843 4.818
4226 4.818 4.818
4337 4.818 4.818
4303 4.818 4.897
4189 4.897 4.897
4302 4.897 4.897
4188 4.897 4.977
4356 4.977 4.977
4489 4.977 4.977
4417 4.977 4.973
4397 4.973 4.973
4472 4.973 4.973
4451 4.973 4.815
4231 4.815 4.815
4367 4.815 4.815
4383 4.815 4.787
4214 4.787 4.787
4211 4.787 4.787
4296 4.787 4.951
4347 4.951 4.951
4188 4.951 4.951
4463 4.951 4.9
4461 4.9 4.9
4385 4.9 4.9
4267 4.9 4.71
4384 4.71 4.71
4502 4.71 4.71
4451 4.71 4.746
4357 4.746 4.746
4499 4.746 4.746
4228 4.746 4.671
4302 4.671 4.671
4332 4.671 4.671
4754 4.671 4.746
4434 4.746 4.746
4270 4.746 4.746
4315 4.746 4.685
4345 4.685 4.685
4321 4.685 4.685
4188 4.685 4.728
4299 4.728 4.728
4193 4.728 4.728
4332 4.728 4.847
4188 4.847 4.847
4194 4.847 4.847
4193 4.847 4.848
4386 4.848 4.848
4448 4.848 4.848
4303 4.848 4.666
4444 4.666 4.666
4260 4.666 4.666
4234 4.666 4.873
4289 4.873 4.873
4189 4.873 4.873
4264 4.873 4.764
4375 4.764 4.764
4279 4.764 4.764
4188 4.764 4.782
4295 4.782 4.782
4296 4.782 4.782
4318 4.782 4.923
4429 4.923 4.923
4297 4.923 4.923
4188 4.923 4.923
4277 4.923 4.923
4218 4.923 4.923
4300 4.923 4.8
4346 4.8 4.8
4506 4.8 4.8
4503 4.8 4.954
4277 4.954 4.954
4346 4.954 4.954
4346 4.954 4.982
4301 4.982 4.982
4438 4.982 4.982
4385 4.982 4.896
4557 4.896 4.896
4287 4.896 4.896
4200 4.896 4.762
4239 4.762 4.762
4327 4.762 4.762
4410 4.762 4.988
4358 4.988 4.988
4196 4.988 4.988
4188 4.988 5.187
4246 5.187 5.187
4356 5.187 5.187
4478 5.187 5.087
4447 5.087 5.087
4606 5.087 5.087
4641 5.087 4.841
4432 4.841 4.841
4412 4.841 4.841
4311 4.841 4.663
4348 4.663 4.663
4188 4.663 4.663
4254 4.663 4.91
4207 4.91 4.91
4574 4.91 4.91
4593 4.91 5.011
4416 5.011 5.011
4467 5.011 5.011
4293 5.011 4.72
4264 4.72 4.72
4207 4.72 4.72
4271 4.72 4.772
4235 4.772 4.772
4322 4.772 4.772
4268 4.772 4.965
4207 4.965 4.965
4264 4.965 4.965
4318 4.965 4.973
4496 4.973 4.973
4330 4.973 4.973
4343 4.973 4.896
4345 4.896 4.896
4252 4.896 4.896
4407 4.896 4.795
4318 4.795 4.795
4400 4.795 4.795
4237 4.795 4.785
4212 4.785 4.785
4259 4.785 4.785
4213 4.785 4.923
4240 4.923 4.923
4328 4.923 4.923
4512 4.923 4.811
4310 4.811 4.811
4274 4.811 4.811
4202 4.811 4.771
4437 4.771 4.771
4395 4.771 4.771
4702 4.771 4.9
4648 4.9 4.9
4344 4.9 4.9
4392 4.9 4.579
4290 4.579 4.579
4304 4.579 4.579
4284 4.579 4.548
4547 4.548 4.548
4245 4.548 4.548
4188 4.548 4.761
4292 4.761 4.761
4387 4.761 4.761
4317 4.761 4.697
4315 4.697 4.697
4228 4.697 4.697
4273 4.697 4.673
4356 4.673 4.673
4358 4.673 4.673
4188 4.673 4.621
4188 4.621 4.621
4255 4.621 4.621
4370 4.621 4.611
4298 4.611 4.611
4265 4.611 4.611
4509 4.611 4.732
4453 4.732 4.732
4437 4.732 4.732
4500 4.732 4.491
4553 4.491 4.491
4515 4.491 4.491
4440 4.491 4.313
4404 4.313 4.313
4392 4.313 4.313
4352 4.313 4.488
4188 4.488 4.488
4237 4.488 4.488
4188 4.488 4.538
4441 4.538 4.538
4405 4.538 4.538
4346 4.538 4.592
4278 4.592 4.592
4339 4.592 4.592
4356 4.592 4.549
4188 4.549 4.549
4412 4.549 4.549
4474 4.549 4.447
4515 4.447 4.447
4371 4.447 4.447
4584 4.447 4.431
4342 4.431 4.431
4259 4.431 4.431
4188 4.431 4.424
4361 4.424 4.424
4188 4.424 4.424
4240 4.424 4.424
4267 4.424 4.424
4350 4.424 4.424
4369 4.424 4.42
4542 4.42 4.42
4565 4.42 4.42
4381 4.42 4.386
4472 4.386 4.386
4491 4.386 4.386
4464 4.386 4.452
4313 4.452 4.452
4233 4.452 4.452
4386 4.452 4.45
4441 4.45 4.45
4299 4.45 4.45
4341 4.45 4.579
4325 4.579 4.579
4188 4.579 4.579
4381 4.579 4.578
4567 4.578 4.578
4662 4.578 4.578
4411 4.578 4.459
4307 4.459 4.459
4188 4.459 4.459
4303 4.459 4.536
4262 4.536 4.536
4188 4.536 4.536
4239 4.536 4.696
4188 4.696 4.696
4343 4.696 4.696
4440 4.696 4.675
4567 4.675 4.675
4529 4.675 4.675
4508 4.675 4.403
4476 4.403 4.403
4548 4.403 4.403
4330 4.403 4.273
4295 4.273 4.273
4294 4.273 4.273
4325 4.273 4.161
4405 4.161 4.161
4456 4.161 4.161
4203 4.161 4.22
4409 4.22 4.22
4416 4.22 4.22
4456 4.22 4.312
4316 4.312 4.312
4328 4.312 4.312
4294 4.312 4.334
4247 4.334 4.334
4313 4.334 4.334
4397 4.334 4.322
4350 4.322 4.322
4282 4.322 4.322
4192 4.322 4.371
4329 4.371 4.371
4313 4.371 4.371
4439 4.371 4.205
4565 4.205 4.205
4376 4.205 4.205
4320 4.205 4.107
4406 4.107 4.107
4301 4.107 4.107
4292 4.107 4.042
4318 4.042 4.042
4431 4.042 4.099
4536 4.099 4.099
4471 4.099 4.099
4412 4.099 4.071
4188 4.071 4.071
4457 4.071 4.071
4417 4.071 4.023
4232 4.023 4.023
4400 4.023 4.023
4323 4.023 4.038
4188 4.038 4.038
4238 4.038 4.064
4414 4.064 4.064
4287 4.064 4.064
4234 4.064 3.962
4391 3.962 3.962
4317 3.962 3.929
4188 3.929 3.929
4375 3.929 4.077
4559 4.077 4.077
4491 4.077 3.943
4569 3.943 3.943
4371 3.943 3.943
4295 3.943 3.72
4388 3.72 3.72
4188 3.72 3.795
4644 3.795 3.795
4419 3.795 3.803
4365 3.803 3.803
4421 3.803 3.626
4322 3.626 3.626
4245 3.626 3.573
4194 3.573 3.573
4460 3.573 3.709
4197 3.709 3.709
4584 3.709 4.036
4601 4.036 4.036
4423 4.036 3.991
4322 3.991 3.991
4444 3.991 3.991
4309 3.991 3.805
4240 3.805 3.805
4312 3.805 3.927
4251 3.927 3.927
4188 3.927 4.078
4261 4.078 4.078
4188 4.078 4.107
4265 4.107 4.107
4385 4.107 4.153
4294 4.153 4.153
4408 4.153 4.153
4273 4.153 4.094
4399 4.094 4.094
4560 4.094 4.094
4345 4.094 4.013
4259 4.013 4.013
4321 4.013 4.013
4348 4.013 4.092
4333 4.092 4.092
4314 4.092 4.092
4280 4.092 4.09
4188 4.09 4.09
4398 4.09 4.215
4612 4.215 4.215
4616 4.215 4.215
4672 4.215 4.03
4403 4.03 4.03
4273 4.03 4.03
4210 4.03 3.992
4290 3.992 3.992
4320 3.992 4.256
4257 4.256 4.256
4312 4.256 4.256
4265 4.256 4.208
4188 4.208 4.208
4267 4.208 4.208
4321 4.208 4.115
4214 4.115 4.115
4241 4.115 4.115
4388 4.115 4.237
4367 4.237 4.237
4525 4.237 4.237
4440 4.237 4.165
4349 4.165 4.165
4514 4.165 4.165
4471 4.165 4.022
4316 4.022 4.022
4276 4.022 4.022
4235 4.022 3.923
4213 3.923 3.923
4214 3.923 3.922
4461 3.922 3.922
4326 3.922 3.906
4290 3.906 3.906
4455 3.906 3.825
4228 3.825 3.825
4188 3.825 3.879
4340 3.879 3.879
4351 3.879 3.995
4454 3.995 3.995
4300 3.995 3.995
4245 3.995 3.999
4283 3.999 3.999
4188 3.999 4.061
4299 4.061 4.061
4411 4.061 4.188
4636 4.188 4.188
4428 4.188 4.188
4394 4.188 4.15
4352 4.15 4.15
4339 4.15 4.15
4425 4.15 4.116
4325 4.116 4.116
4188 4.116 4.116
4401 4.116 4.182
4338 4.182 4.182
4311 4.182 4.182
4467 4.182 4.036
4425 4.036 4.036
4364 4.036 4.036
4316 4.036 3.965
4553 3.965 3.965
4268 3.965 3.956
4665 3.956 3.956
4375 3.956 3.917
4403 3.917 3.917
4392 3.917 3.917
4333 3.917 3.918
4241 3.918 3.918
4417 3.918 4.024
4308 4.024 4.024
4418 4.024 4.162
4277 4.162 4.162
4312 4.162 4.162
4521 4.162 4.192
4371 4.192 4.192
4366 4.192 4.192
4262 4.192 4.122
4237 4.122 4.122
4418 4.122 4.122
4265 4.122 4.168
4388 4.168 4.168
4340 4.168 4.168
4341 4.168 4.061
4452 4.061 4.061
4234 4.061 4.061
4254 4.061 4.101
4481 4.101 4.101
4383 4.101 4.111
4404 4.111 4.111
4557 4.111 4.111
4295 4.111 3.931
4188 3.931 3.931
4188 3.931 3.931
4203 3.931 3.99
4403 3.99 3.99
4188 3.99 4.111
4270 4.111 4.111
4442 4.111 4.257
4322 4.257 4.257
4365 4.257 4.257
4405 4.257 3.999
4276 3.999 3.999
4206 3.999 3.999
4188 3.999 4.103
4259 4.103 4.103
4274 4.103 4.194
4188 4.194 4.194
4448 4.194 4.194
4362 4.194 4.175
4386 4.175 4.175
4285 4.175 4.175
4488 4.175 4.061
4225 4.061 4.061
4344 4.061 4.061
4188 4.061 4.379
4267 4.379 4.379
4244 4.379 4.375
4338 4.375 4.375
4276 4.375 4.375
4390 4.375 4.245
4403 4.245 4.245
4188 4.245 4.245
4277 4.245 4.28
4332 4.28 4.28
4227 4.28 4.28
4385 4.28 4.306
4317 4.306 4.306
4518 4.306 4.306
4295 4.306 4.112
4188 4.112 4.112
4516 4.112 4.112
4419 4.112 4.074
4188 4.074 4.074
4188 4.074 4.074
4297 4.074 4.055
4324 4.055 4.055
4188 4.055 4.055
4188 4.055 4.148
4244 4.148 4.148
4188 4.148 4.215
4245 4.215 4.215
4371 4.215 4.215
4322 4.215 4.239
4221 4.239 4.239
4188 4.239 4.239
4388 4.239 4.293
4188 4.293 4.293
4605 4.293 4.293
4586 4.293 4.175
4401 4.175 4.175
4401 4.175 4.175
4389 4.175 3.952
4288 3.952 3.952
4188 3.952 3.952
4319 3.952 3.969
4567 3.969 3.969
4417 3.969 3.969
4188 3.969 3.859
4188 3.859 3.859
4377 3.859 3.862
4270 3.862 3.862
4374 3.862 4.118
4293 4.118 4.118
4473 4.118 4.118
4583 4.118 4.037
4205 4.037 4.037
4233 4.037 4.037
4320 4.037 4.111
4496 4.111 4.111
4613 4.111 4.16
4315 4.16 4.16
4272 4.16 4.16
4455 4.16 4.175
4419 4.175 4.175
4345 4.175 4.175
4565 4.175 4.183
4648 4.183 4.183
4551 4.183 4.183
4597 4.183 4.211
4550 4.211 4.211
4458 4.211 4.211
4411 4.211 4.175
4297 4.175 4.175
4374 4.175 4.175
4591 4.175 4.319
4341 4.319 4.319
4361 4.319 4.319
4572 4.319 4.124
4284 4.124 4.124
4237 4.124 4.124
4323 4.124 4.139
4282 4.139 4.139
4884 4.139 4.562
4605 4.562 4.562
4287 4.562 4.562
4290 4.562 4.33
4557 4.33 4.33
4334 4.33 4.33
4338 4.33 4.181
4286 4.181 4.181
4188 4.181 4.181
4188 4.181 4.466
4393 4.466 4.466
4498 4.466 4.466
4601 4.466 4.476
4778 4.476 4.476
4666 4.476 4.476
4458 4.476 4.184
4372 4.184 4.184
4355 4.184 4.184
4324 4.184 4.127
4196 4.127 4.127
4265 4.127 4.337
4188 4.337 4.337
4188 4.337 4.337
4400 4.337 4.42
4541 4.42 4.42
4649 4.42 4.42
4417 4.42 4.065
4719 4.065 4.065
4487 4.065 4.065
4482 4.065 4.084
4400 4.084 4.084
4238 4.084 4.084
4520 4.084 4.374
4418 4.374 4.374
4448 4.374 4.374
4578 4.374 4.274
4618 4.274 4.274
4446 4.274 4.274
4405 4.274 4.23
4348 4.23 4.23
4313 4.23 4.23
4242 4.23 4.151
4273 4.151 4.151
4188 4.151 4.151
4449 4.151 4.147
4400 4.147 4.147
4302 4.147 4.147
4288 4.147 4.052
4199 4.052 4.052
4188 4.052 4.052
4340 4.052 4.039
4188 4.039 4.039
4295 4.039 4.039
4360 4.039 4.113
4323 4.113 4.113
4608 4.113 4.113
4315 4.113 4.016
4384 4.016 4.016
4188 4.016 4.016
4194 4.016 4.125
4446 4.125 4.125
4334 4.125 4.1
4321 4.1 4.1
4325 4.1 4.1
4345 4.1 4.08
4444 4.08 4.08
4558 4.08 4.08
4501 4.08 4.014
4485 4.014 4.014
4322 4.014 4.014
4326 4.014 3.955
4414 3.955 3.955
4327 3.955 4.115
4255 4.115 4.115
4244 4.115 4.228
4387 4.228 4.228
4204 4.228 4.228
4188 4.228 4.197
4345 4.197 4.197
4188 4.197 4.311
4356 4.311 4.311
4459 4.311 4.311
4718 4.311 4.271
4446 4.271 4.271
4512 4.271 4.271
4385 4.271 3.911
4327 3.911 3.911
4328 3.911 3.911
4384 3.911 3.891
4452 3.891 3.891
4300 3.891 4.039
4555 4.039 4.039
4228 4.039 4.105
4295 4.105 4.105
4228 4.105 4.105
4449 4.105 4.027
4294 4.027 4.027
4402 4.027 4.027
4306 4.027 4.082
4654 4.082 4.082
4677 4.082 4.166
4428 4.166 4.166
4488 4.166 4.166
4554 4.166 3.869
4459 3.869 3.869
4239 3.869 3.869
4581 3.869 3.942
4293 3.942 3.942
4188 3.942 4.052
4350 4.052 4.052
4188 4.052 4.173
4188 4.173 4.173
4218 4.173 4.31
4478 4.31 4.31
4494 4.31 4.31
4473 4.31 4.018
4327 4.018 4.018
4218 4.018 4.018
4412 4.018 4.199
4471 4.199 4.199
4344 4.199 4.291
4270 4.291 4.291
4336 4.291 4.291
4311 4.291 4.209
4329 4.209 4.209
4346 4.209 4.209
4375 4.209 4.176
4213 4.176 4.176
4284 4.176 4.176
4306 4.176 4.216
4362 4.216 4.216
4461 4.216 4.216
4188 4.216 4.256
4364 4.256 4.256
4377 4.256 4.256
4211 4.256 4.181
4317 4.181 4.181
4342 4.181 4.181
4331 4.181 4.35
4306 4.35 4.35
4261 4.35 4.35
4459 4.35 4.54
4508 4.54 4.54
4726 4.54 4.54
4546 4.54 4.262
4444 4.262 4.262
4210 4.262 4.262
4220 4.262 4.184
4609 4.184 4.184
4449 4.184 4.255
4304 4.255 4.255
4209 4.255 4.255
4414 4.255 4.418
4358 4.418 4.418
4384 4.418 4.418
4325 4.418 4.399
4233 4.399 4.399
4188 4.399 4.399
4293 4.399 4.469
4451 4.469 4.469
4275 4.469 4.469
4188 4.469 4.518
4373 4.518 4.518
4349 4.518 4.518
4188 4.518 4.65
4188 4.65 4.65
4228 4.65 4.65
4291 4.65 5.111
4315 5.111 5.111
4188 5.111 5.111
4346 5.111 5.105
4400 5.105 5.105
4212 5.105 5.105
4353 5.105 5.126
4188 5.126 5.126
4225 5.126 5.126
4377 5.126 5.175
4300 5.175 5.175
4230 5.175 5.175
4324 5.175 5.139
4198 5.139 5.139
4255 5.139 5.139
4277 5.139 5.15
4273 5.15 5.15
4391 5.15 5.15
4438 5.15 5.051
4418 5.051 5.051
4482 5.051 5.051
4594 5.051 5.211
4382 5.211 5.211
4317 5.211 5.211
4303 5.211 5.321
4188 5.321 5.321
4288 5.321 5.321
4283 5.321 5.535
4188 5.535 5.535
4305 5.535 5.535
4359 5.535 5.669
4490 5.669 5.669
4377 5.669 5.669
4415 5.669 5.551
4347 5.551 5.551
4194 5.551 5.551
4188 5.551 5.516
4194 5.516 5.516
4321 5.516 5.516
4365 5.516 5.634
4462 5.634 5.634
4286 5.634 5.634
4392 5.634 5.617
4246 5.617 5.617
4303 5.617 5.617
4188 5.617 5.587
4188 5.587 5.587
4359 5.587 5.587
4390 5.587 5.546
4253 5.546 5.546
4275 5.546 5.546
4302 5.546 5.541
4356 5.541 5.541
4533 5.541 5.541
4421 5.541 5.441
4482 5.441 5.441
4211 5.441 5.441
4249 5.441 5.388
4291 5.388 5.388
4345 5.388 5.388
4332 5.388 5.398
4731 5.398 5.398
4856 5.398 5.398
4334 5.398 5.643
4188 5.643 5.643
4318 5.643 5.643
4339 5.643 5.522
4411 5.522 5.522
4256 5.522 5.522
4188 5.522 5.578
4188 5.578 5.578
4203 5.578 5.578
4226 5.578 5.932
4250 5.932 5.932
4193 5.932 5.932
4188 5.932 6.234
4214 6.234 6.234
4239 6.234 6.234
4412 6.234 6.218
4357 6.218 6.218
4298 6.218 6.218
4201 6.218 6.218
4191 6.218 6.029
4401 6.029 6.029
4188 6.029 6.029
4188 6.029 6.092
4308 6.092 6.092
4421 6.092 6.092
4491 6.092 6.12
4300 6.12 6.12
4289 6.12 6.12
4188 6.12 6.12
4330 6.12 5.974
4214 5.974 5.974
4468 5.974 5.974
4375 5.974 5.974
4388 5.974 6.017
4188 6.017 6.017
4188 6.017 6.017
4471 6.017 6.047
4467 6.047 6.047
4377 6.047 6.047
4345 6.047 6.047
4280 6.047 5.918
4261 5.918 5.918
4188 5.918 5.918
4500 5.918 6.023
4527 6.023 6.023
4358 6.023 6.023
4314 6.023 6.023
4369 6.023 6.041
4401 6.041 6.041
4234 6.041 6.041
4243 6.041 6.041
4289 6.041 5.981
4379 5.981 5.981
4316 5.981 5.981
4339 5.981 6.077
4273 6.077 6.077
4246 6.077 6.077
4220 6.077 6.077
4365 6.077 6.231
4303 6.231 6.231
4188 6.231 6.231
4540 6.231 6.231
4365 6.231 6.13
4221 6.13 6.13
4188 6.13 6.13
4257 6.13 6.13
4235 6.13 6.094
4243 6.094 6.094
4337 6.094 6.094
4275 6.094 6.315
4237 6.315 6.315
4350 6.315 6.315
4310 6.315 6.315
4193 6.315 6.383
4234 6.383 6.383
4364 6.383 6.383
4232 6.383 6.383
4260 6.383 6.748
4281 6.748 6.748
4521 6.748 6.748
4467 6.748 6.748
4188 6.748 6.781
4489 6.781 6.781
4487 6.781 6.781
4307 6.781 6.781
4518 6.781 6.775
4229 6.775 6.775
4298 6.775 6.775
4211 6.775 6.775
4229 6.775 6.752
4520 6.752 6.752
4188 6.752 6.752
4316 6.752 6.752
4243 6.752 6.691
4302 6.691 6.691
4307 6.691 6.691
4448 6.691 6.691
4443 6.691 6.541
4242 6.541 6.541
4219 6.541 6.541
4273 6.541 6.541
4457 6.541 6.632
4188 6.632 6.632
4296 6.632 6.632
4418 6.632 6.632
4643 6.632 6.88
4253 6.88 6.88
4362 6.88 6.88
4387 6.88 6.88
4270 6.88 6.855
4424 6.855 6.855
4388 6.855 6.855
4216 6.855 6.855
4188 6.855 6.712
4251 6.712 6.712
4340 6.712 6.712
4517 6.712 6.712
4188 6.712 7.029
4352 7.029 7.029
4188 7.029 7.029
4472 7.029 7.029
4304 7.029 7.134
4242 7.134 7.134
4473 7.134 7.134
4369 7.134 7.134
4278 7.134 6.936
4463 6.936 6.936
4402 6.936 6.936
4188 6.936 6.936
4267 6.936 6.947
4191 6.947 6.947
4428 6.947 6.947
4430 6.947 6.947
4457 6.947 7.195
4188 7.195 7.195
4455 7.195 7.195
4263 7.195 7.195
4269 7.195 7.08
4401 7.08 7.08
4259 7.08 7.08
4356 7.08 7.08
4336 7.08 6.948
4424 6.948 6.948
4290 6.948 6.948
4449 6.948 6.948
4625 6.948 6.996
4400 6.996 6.996
4188 6.996 6.996
4522 6.996 6.996
4425 6.996 7.014
4199 7.014 7.014
4188 7.014 7.014
4236 7.014 7.014
4211 7.014 7.018
4322 7.018 7.018
4188 7.018 7.018
4501 7.018 7.018
4303 7.018 7.254
4215 7.254 7.254
4460 7.254 7.254
4283 7.254 7.254
4386 7.254 7.097
4499 7.097 7.097
4440 7.097 7.097
4333 7.097 7.097
4236 7.097 6.78
4188 6.78 6.78
4188 6.78 6.78
4232 6.78 6.78
4362 6.78 6.778
4400 6.778 6.778
4328 6.778 6.778
4204 6.778 6.778
4324 6.778 6.916
4240 6.916 6.916
4218 6.916 6.916
4420 6.916 6.916
4378 6.916 6.884
4268 6.884 6.884
4253 6.884 6.884
4337 6.884 6.884
4376 6.884 6.721
4247 6.721 6.721
4378 6.721 6.721
4338 6.721 6.721
4217 6.721 6.676
4219 6.676 6.676
4361 6.676 6.676
4355 6.676 6.676
4379 6.676 6.875
4208 6.875 6.875
4224 6.875 6.875
4483 6.875 6.875
4346 6.875 6.861
4273 6.861 6.861
4484 6.861 6.861
4382 6.861 6.861
4329 6.861 6.757
4274 6.757 6.757
4290 6.757 6.757
4266 6.757 6.757
4374 6.757 6.644
4354 6.644 6.644
4260 6.644 6.644
4245 6.644 6.644
4413 6.644 6.738
4323 6.738 6.738
4448 6.738 6.738
4283 6.738 6.738
4418 6.738 6.685
4278 6.685 6.685
4230 6.685 6.685
4249 6.685 6.685
4250 6.685 6.628
4282 6.628 6.628
4348 6.628 6.628
4506 6.628 6.628
4454 6.628 6.762
4257 6.762 6.762
4351 6.762 6.762
4271 6.762 6.762
4432 6.762 6.775
4252 6.775 6.775
4304 6.775 6.775
4188 6.775 6.775
4293 6.775 6.788
4313 6.788 6.788
4279 6.788 6.788
4263 6.788 6.788
4472 6.788 6.772
4385 6.772 6.772
4188 6.772 6.772
4294 6.772 6.772
4226 6.772 6.823
4412 6.823 6.823
4395 6.823 6.823
4417 6.823 6.823
4308 6.823 6.884
4438 6.884 6.884
4383 6.884 6.884
4188 6.884 6.884
4227 6.884 6.765
4272 6.765 6.765
4468 6.765 6.765
4311 6.765 6.765
4196 6.765 6.738
4312 6.738 6.738
4556 6.738 6.738
4284 6.738 6.738
4295 6.738 6.774
4387 6.774 6.774
4422 6.774 6.774
4308 6.774 6.774
4256 6.774 6.524
4305 6.524 6.524
4366 6.524 6.524
4188 6.524 6.524
4251 6.524 6.493
4401 6.493 6.493
4511 6.493 6.493
4370 6.493 6.493
4388 6.493 6.497
4482 6.497 6.497
4355 6.497 6.497
4232 6.497 6.497
4369 6.497 6.464
4488 6.464 6.464
4579 6.464 6.464
4393 6.464 6.464
4349 6.464 6.357
4566 6.357 6.357
4500 6.357 6.357
4545 6.357 6.357
4402 6.357 6.415
4305 6.415 6.415
4324 6.415 6.415
4341 6.415 6.415
4188 6.415 6.517
4211 6.517 6.517
4377 6.517 6.517
4552 6.517 6.517
4559 6.517 6.674
4356 6.674 6.674
4358 6.674 6.674
4442 6.674 6.674
4528 6.674 6.419
4289 6.419 6.419
4297 6.419 6.419
4278 6.419 6.419
4273 6.419 6.336
4195 6.336 6.336
4296 6.336 6.336
4188 6.336 6.336
4228 6.336 6.43
4287 6.43 6.43
4328 6.43 6.43
4447 6.43 6.43
4188 6.43 6.573
4379 6.573 6.573
4341 6.573 6.573
4405 6.573 6.573
4506 6.573 6.337
4589 6.337 6.337
4188 6.337 6.337
4205 6.337 6.337
4368 6.337 6.252
4270 6.252 6.252
4188 6.252 6.252
4267 6.252 6.252
4333 6.252 6.469
4272 6.469 6.469
4296 6.469 6.469
4188 6.469 6.469
4254 6.469 6.567
4270 6.567 6.567
4521 6.567 6.567
4529 6.567 6.567
4246 6.567 6.487
4238 6.487 6.487
4489 6.487 6.487
4511 6.487 6.487
4273 6.487 6.443
4335 6.443 6.443
4358 6.443 6.443
4362 6.443 6.443
4188 6.443 6.669
4188 6.669 6.669
4391 6.669 6.669
4391 6.669 6.669
4390 6.669 6.755
4199 6.755 6.755
4256 6.755 6.755
4188 6.755 6.755
4464 6.755 6.719
4526 6.719 6.719
4529 6.719 6.719
4409 6.719 6.719
4330 6.719 6.386
4278 6.386 6.386
4288 6.386 6.386
4188 6.386 6.386
4188 6.386 6.426
4461 6.426 6.426
4308 6.426 6.426
4202 6.426 6.426
4305 6.426 6.672
4271 6.672 6.672
4274 6.672 6.672
4221 6.672 6.672
4188 6.672 6.661
4370 6.661 6.661
4305 6.661 6.661
4334 6.661 6.661
4330 6.661 6.507
4307 6.507 6.507
4466 6.507 6.507
4188 6.507 6.507
4240 6.507 6.466
4439 6.466 6.466
4631 6.466 6.466
4388 6.466 6.466
4345 6.466 6.307
4604 6.307 6.307
4358 6.307 6.307
4242 6.307 6.307
4320 6.307 6.254
4251 6.254 6.254
4376 6.254 6.254
4402 6.254 6.254
4388 6.254 6.286
4223 6.286 6.286
4319 6.286 6.286
4246 6.286 6.286
4390 6.286 6.377
4330 6.377 6.377
4379 6.377 6.377
4409 6.377 6.377
4467 6.377 6.186
4223 6.186 6.186
4300 6.186 6.186
4188 6.186 6.186
4294 6.186 6.331
4223 6.331 6.331
4339 6.331 6.331
4388 6.331 6.643
4188 6.643 6.643
4188 6.643 6.643
4322 6.643 6.643
4489 6.643 6.462
4445 6.462 6.462
4248 6.462 6.462
4188 6.462 6.462
4297 6.462 6.295
4212 6.295 6.295
4459 6.295 6.295
4561 6.295 6.295
4325 6.295 6.456
4437 6.456 6.456
4381 6.456 6.456
4188 6.456 6.456
4230 6.456 6.411
4464 6.411 6.411
4433 6.411 6.411
4385 6.411 6.411
4330 6.411 6.264
4211 6.264 6.264
4344 6.264 6.264
4451 6.264 6.264
4253 6.264 6.488
4339 6.488 6.488
4363 6.488 6.488
4461 6.488 6.488
4188 6.488 6.806
4370 6.806 6.806
4358 6.806 6.806
4348 6.806 6.806
4249 6.806 6.663
4454 6.663 6.663
4435 6.663 6.663
4275 6.663 6.663
4325 6.663 6.507
4386 6.507 6.507
4473 6.507 6.507
4441 6.507 6.507
4346 6.507 6.704
4363 6.704 6.704
4362 6.704 6.704
4345 6.704 6.704
4390 6.704 6.669
4239 6.669 6.669
4188 6.669 6.669
4275 6.669 6.669
4438 6.669 6.702
4456 6.702 6.702
4295 6.702 6.702
4254 6.702 6.702
4452 6.702 6.797
4298 6.797 6.797
4449 6.797 6.797
4270 6.797 6.797
4257 6.797 6.716
4238 6.716 6.716
4252 6.716 6.716
4272 6.716 6.716
4436 6.716 6.728
4374 6.728 6.728
4299 6.728 6.728
4346 6.728 6.728
4235 6.728 6.617
4383 6.617 6.617
4335 6.617 6.617
4344 6.617 6.617
4209 6.617 6.511
4545 6.511 6.511
4347 6.511 6.511
4225 6.511 6.511
4191 6.511 6.417
4188 6.417 6.417
4259 6.417 6.417
4244 6.417 6.417
4188 6.417 6.374
4245 6.374 6.374
4359 6.374 6.374
4349 6.374 6.374
4374 6.374 6.382
4303 6.382 6.382
4273 6.382 6.382
4262 6.382 6.382
4201 6.382 6.198
4263 6.198 6.198
4188 6.198 6.198
4272 6.198 6.198
4216 6.198 6.409
4221 6.409 6.409
4474 6.409 6.409
4474 6.409 6.409
4516 6.409 6.415
4383 6.415 6.415
4425 6.415 6.415
4252 6.415 6.415
4318 6.415 6.224
4383 6.224 6.224
4285 6.224 6.224
4402 6.224 6.224
4306 6.224 6.342
4361 6.342 6.342
4188 6.342 6.342
4462 6.342 6.342
4351 6.342 6.524
4433 6.524 6.524
4306 6.524 6.524
4476 6.524 6.524
4572 6.524 6.391
4229 6.391 6.391
4357 6.391 6.391
4345 6.391 6.391
4286 6.391 6.165
4457 6.165 6.165
4241 6.165 6.165
4188 6.165 6.165
