4623 100.0 100.0
6276 100.0 100.0
7929 100.0 100.0
9582 100.0 100.0
11235 100.0 100.0
12888 100.0 100.0
14541 100.0 100.0
16194 100.0 100.0
17847 100.0 100.0
19500 100.0 100.0
21153 100.0 100.0
22806 100.0 100.0
24459 100.0 100.0
26112 100.0 100.0
27765 100.0 100.0
29418 100.0 100.0
31071 100.0 100.0
32724 100.0 100.0
34377 100.0 100.0
36030 100.0 100.0
37683 100.0 100.0
39336 100.0 100.0
40989 100.0 100.0
42642 100.0 100.0
44295 100.0 100.0
45948 100.0 100.0
47601 100.0 100.0
49254 100.0 100.0
50907 100.0 100.0
52560 100.0 100.0
54213 100.0 100.0
55866 100.0 100.0
57519 100.0 100.0
59172 100.0 100.0
60825 100.0 100.0
62478 100.0 100.0
64131 100.0 100.0
65784 100.0 100.0
67437 100.0 100.0
69090 100.0 100.0
70743 100.0 100.0
72396 100.0 100.0
74049 100.0 100.0
75702 100.0 100.0
77355 100.0 100.0
79008 100.0 100.0
80661 100.0 100.0
82314 100.0 100.0
83967 100.0 100.0
85620 100.0 100.0
87273 100.0 100.0
88926 100.0 100.0
90480 100.0 19.68
16356 19.68 19.68
16834 19.68 19.68
17487 19.68 19.68
18004 19.68 19.68
19227 19.68 19.68
19604 19.68 19.68
20880 19.68 19.68
20880 19.68 19.68
20880 19.68 19.68
19053 19.68 19.68
18792 19.68 9.26
6873 9.26 9.26
6960 9.26 9.26
7047 9.26 9.26
7660 9.26 9.26
8198 9.26 5.201
5742 5.201 5.201
5009 5.201 5.201
4812 5.201 3.966
4344 3.966 3.966
4272 3.966 4.349
4342 4.349 4.349
4614 4.349 4.349
4523 4.349 4.176
4529 4.176 4.176
4373 4.176 4.176
4287 4.176 3.789
4622 3.789 3.789
4604 3.789 3.645
4220 3.645 3.645
4275 3.645 3.998
4398 3.998 3.998
4389 3.998 4.188
4363 4.188 4.188
4343 4.188 4.188
4397 4.188 4.073
4441 4.073 4.073
4396 4.073 4.073
4264 4.073 4.103
4188 4.103 4.103
4262 4.103 4.22
4394 4.22 4.22
4243 4.22 4.22
4188 4.22 4.193
4274 4.193 4.193
4376 4.193 4.193
4573 4.193 4.009
4591 4.009 4.009
4559 4.009 4.009
4299 4.009 3.828
4369 3.828 3.828
4246 3.828 4.03
4276 4.03 4.03
4277 4.03 4.209
4211 4.209 4.209
4188 4.209 4.209
4292 4.209 4.153
4188 4.153 4.153
4346 4.153 4.153
4309 4.153 4.145
4188 4.145 4.145
4251 4.145 4.145
4269 4.145 4.181
4366 4.181 4.181
4263 4.181 4.181
4304 4.181 4.118
4287 4.118 4.118
4319 4.118 4.071
4351 4.071 4.071
4311 4.071 4.071
4405 4.071 4.218
4357 4.218 4.218
4378 4.218 4.218
4238 4.218 4.119
4301 4.119 4.119
4194 4.119 4.119
4226 4.119 4.351
4332 4.351 4.351
4373 4.351 4.357
4316 4.357 4.357
4405 4.357 4.357
4374 4.357 4.434
4188 4.434 4.434
4239 4.434 4.434
4209 4.434 4.435
4299 4.435 4.435
4435 4.435 4.435
4344 4.435 4.417
4380 4.417 4.417
4477 4.417 4.417
4485 4.417 4.42
4299 4.42 4.42
4652 4.42 4.42
4420 4.42 4.271
4367 4.271 4.271
4511 4.271 4.271
4705 4.271 4.139
4494 4.139 4.139
4273 4.139 4.139
4198 4.139 3.974
4548 3.974 3.974
4397 3.974 4.06
4412 4.06 4.06
4188 4.06 4.06
4299 4.06 4.106
4211 4.106 4.106
4295 4.106 4.106
4350 4.106 4.087
4238 4.087 4.087
4431 4.087 4.087
4267 4.087 4.097
4529 4.097 4.097
4573 4.097 4.097
4614 4.097 4.204
4489 4.204 4.204
4328 4.204 4.204
4342 4.204 4.066
4336 4.066 4.066
4188 4.066 4.066
4204 4.066 4.237
4318 4.237 4.237
4292 4.237 4.237
4532 4.237 4.154
4526 4.154 4.154
4618 4.154 4.154
4523 4.154 4.018
4345 4.018 4.018
4353 4.018 4.018
4452 4.018 4.148
4466 4.148 4.148
4387 4.148 4.148
4509 4.148 4.038
4500 4.038 4.038
4201 4.038 4.038
4340 4.038 4.102
4195 4.102 4.102
4311 4.102 4.184
4271 4.184 4.184
4358 4.184 4.184
4289 4.184 4.196
4346 4.196 4.196
4414 4.196 4.196
4350 4.196 4.306
4673 4.306 4.306
4381 4.306 4.306
4318 4.306 4.178
4490 4.178 4.178
4247 4.178 4.178
4397 4.178 4.156
4188 4.156 4.156
4389 4.156 4.156
4272 4.156 4.185
4520 4.185 4.185
4319 4.185 4.185
4358 4.185 4.216
4274 4.216 4.216
4422 4.216 4.216
4420 4.216 4.146
4427 4.146 4.146
4265 4.146 4.146
4445 4.146 3.969
4418 3.969 3.969
4248 3.969 3.969
4379 3.969 4.095
4368 4.095 4.095
4342 4.095 4.12
4519 4.12 4.12
4572 4.12 4.12
4297 4.12 4.122
4247 4.122 4.122
4188 4.122 4.122
4418 4.122 4.211
4531 4.211 4.211
4531 4.211 4.211
4494 4.211 4.078
4426 4.078 4.078
4369 4.078 4.078
4528 4.078 4.047
4656 4.047 4.047
4671 4.047 4.047
4454 4.047 3.995
4367 3.995 3.995
4222 3.995 3.995
4264 3.995 4.027
4526 4.027 4.027
4363 4.027 4.104
4348 4.104 4.104
4371 4.104 4.104
4421 4.104 4.004
4493 4.004 4.004
4482 4.004 4.004
4576 4.004 3.945
4615 3.945 3.945
4419 3.945 3.945
4329 3.945 3.792
4358 3.792 3.792
4329 3.792 3.77
4351 3.77 3.77
4214 3.77 3.862
4384 3.862 3.862
4494 3.862 3.829
4514 3.829 3.829
4345 3.829 3.829
4350 3.829 3.648
4317 3.648 3.648
4403 3.648 3.676
4354 3.676 3.676
4373 3.676 3.769
4410 3.769 3.769
4479 3.769 3.821
4221 3.821 3.821
4316 3.821 3.821
4480 3.821 3.913
4395 3.913 3.913
4355 3.913 3.945
4326 3.945 3.945
4231 3.945 4.071
4283 4.071 4.071
4235 4.071 4.003
4350 4.003 4.003
4334 4.003 4.041
4316 4.041 4.041
4447 4.041 4.006
4299 4.006 4.006
4253 4.006 4.006
4197 4.006 3.926
4305 3.926 3.926
4266 3.926 4.054
4188 4.054 4.054
4188 4.054 4.198
4290 4.198 4.198
4369 4.198 4.198
4467 4.198 4.026
4378 4.026 4.026
4259 4.026 4.026
4188 4.026 3.901
4344 3.901 3.901
4226 3.901 4.009
4188 4.009 4.009
4393 4.009 4.165
4416 4.165 4.165
4284 4.165 4.165
4297 4.165 3.984
4316 3.984 3.984
4429 3.984 3.984
4315 3.984 3.932
4268 3.932 3.932
4307 3.932 3.917
4348 3.917 3.917
4267 3.917 4.036
4475 4.036 4.036
4401 4.036 4.013
4449 4.013 4.013
4348 4.013 4.013
4236 4.013 3.883
4361 3.883 3.883
4325 3.883 3.961
4365 3.961 3.961
4274 3.961 3.961
4188 3.961 3.996
4188 3.996 3.996
4188 3.996 4.102
4328 4.102 4.102
4271 4.102 4.102
4234 4.102 4.0
4188 4.0 4.0
4243 4.0 4.1
4282 4.1 4.1
4198 4.1 4.209
4188 4.209 4.209
4246 4.209 4.209
4356 4.209 4.271
4409 4.271 4.271
4289 4.271 4.271
4204 4.271 4.218
4394 4.218 4.218
4188 4.218 4.24
4254 4.24 4.24
4188 4.24 4.24
4191 4.24 4.287
4188 4.287 4.287
4270 4.287 4.287
4353 4.287 4.287
4411 4.287 4.287
4324 4.287 4.287
4364 4.287 4.336
4370 4.336 4.336
4188 4.336 4.336
4370 4.336 4.491
4399 4.491 4.491
4340 4.491 4.491
4568 4.491 4.356
4368 4.356 4.356
4627 4.356 4.356
4538 4.356 4.196
4580 4.196 4.196
4442 4.196 4.196
4414 4.196 3.979
4604 3.979 3.979
4395 3.979 3.979
4394 3.979 3.909
4322 3.909 3.909
4188 3.909 4.025
4282 4.025 4.025
4322 4.025 4.06
4483 4.06 4.06
4366 4.06 4.06
4363 4.06 3.911
4352 3.911 3.911
4360 3.911 3.837
4321 3.837 3.837
4188 3.837 3.87
4188 3.87 3.87
4513 3.87 3.983
4188 3.983 3.983
4271 3.983 3.983
4188 3.983 4.086
4188 4.086 4.086
4269 4.086 4.113
4212 4.113 4.113
4269 4.113 4.113
4209 4.113 4.166
4333 4.166 4.166
4300 4.166 4.244
4246 4.244 4.244
4444 4.244 4.244
4325 4.244 4.296
4488 4.296 4.296
4430 4.296 4.296
4443 4.296 4.281
4513 4.281 4.281
4343 4.281 4.281
4493 4.281 4.207
4433 4.207 4.207
4411 4.207 4.207
4292 4.207 4.179
4615 4.179 4.179
4627 4.179 4.179
4664 4.179 3.949
4412 3.949 3.949
4255 3.949 3.949
4228 3.949 3.882
4271 3.882 3.882
4238 3.882 3.954
4218 3.954 3.954
4266 3.954 3.954
4408 3.954 3.947
4256 3.947 3.947
4196 3.947 3.947
4352 3.947 3.952
4247 3.952 3.952
4188 3.952 4.081
4360 4.081 4.081
4483 4.081 4.084
4237 4.084 4.084
4309 4.084 4.084
4188 4.084 4.041
4278 4.041 4.041
4251 4.041 4.063
4240 4.063 4.063
4221 4.063 4.169
4533 4.169 4.169
4494 4.169 4.094
4523 4.094 4.094
4497 4.094 4.094
4323 4.094 3.928
4338 3.928 3.928
4263 3.928 3.84
4413 3.84 3.84
4321 3.84 4.02
4656 4.02 4.02
4515 4.02 4.038
4260 4.038 4.038
4276 4.038 4.038
4338 4.038 4.017
4304 4.017 4.017
4328 4.017 4.09
4328 4.09 4.09
4201 4.09 4.09
4480 4.09 4.221
4448 4.221 4.221
4284 4.221 4.221
4274 4.221 4.108
4221 4.108 4.108
4380 4.108 4.108
4271 4.108 4.089
4330 4.089 4.089
4298 4.089 4.193
4252 4.193 4.193
4236 4.193 4.193
4266 4.193 4.305
4237 4.305 4.305
4491 4.305 4.305
4206 4.305 4.224
4188 4.224 4.224
4212 4.224 4.224
4369 4.224 4.304
4415 4.304 4.304
4343 4.304 4.304
4504 4.304 4.425
4450 4.425 4.425
4440 4.425 4.425
4471 4.425 4.252
4294 4.252 4.252
4222 4.252 4.252
4188 4.252 4.321
4234 4.321 4.321
4240 4.321 4.321
4296 4.321 4.545
4339 4.545 4.545
4305 4.545 4.545
4388 4.545 4.416
4487 4.416 4.416
4649 4.416 4.416
4328 4.416 4.172
4204 4.172 4.172
4328 4.172 4.172
4379 4.172 4.275
4351 4.275 4.275
4188 4.275 4.275
4302 4.275 4.341
4326 4.341 4.341
4462 4.341 4.341
4281 4.341 4.156
4375 4.156 4.156
4292 4.156 4.156
4277 4.156 4.155
4487 4.155 4.155
4262 4.155 4.155
4336 4.155 4.204
4402 4.204 4.204
4363 4.204 4.204
4188 4.204 4.282
4188 4.282 4.282
4428 4.282 4.282
4300 4.282 4.303
4276 4.303 4.303
4368 4.303 4.303
4466 4.303 4.297
4347 4.297 4.297
4374 4.297 4.297
4341 4.297 4.328
4207 4.328 4.328
4269 4.328 4.328
4371 4.328 4.465
4525 4.465 4.465
4339 4.465 4.465
4326 4.465 4.274
4195 4.274 4.274
4188 4.274 4.274
4447 4.274 4.277
4317 4.277 4.277
4344 4.277 4.277
4658 4.277 4.327
4843 4.327 4.327
4879 4.327 4.327
4691 4.327 3.948
4644 3.948 3.948
4492 3.948 3.948
4188 3.948 3.757
4322 3.757 3.757
4188 3.757 4.114
4188 4.114 4.114
4395 4.114 4.285
4327 4.285 4.285
4333 4.285 4.285
4299 4.285 4.089
4246 4.089 4.089
4443 4.089 4.089
4519 4.089 4.163
4269 4.163 4.163
4349 4.163 4.163
4264 4.163 4.1
4520 4.1 4.1
4409 4.1 4.1
4420 4.1 4.037
4345 4.037 4.037
4273 4.037 4.037
4192 4.037 4.108
4281 4.108 4.108
4703 4.108 4.216
4646 4.216 4.216
4641 4.216 4.216
4664 4.216 4.016
4695 4.016 4.016
4419 4.016 4.016
4303 4.016 3.973
4243 3.973 3.973
4188 3.973 4.236
4426 4.236 4.236
4349 4.236 4.325
4209 4.325 4.325
4297 4.325 4.325
4195 4.325 4.26
4246 4.26 4.26
4188 4.26 4.26
4272 4.26 4.304
4415 4.304 4.304
4211 4.304 4.304
4311 4.304 4.49
4455 4.49 4.49
4340 4.49 4.49
4313 4.49 4.463
4282 4.463 4.463
4301 4.463 4.463
4429 4.463 4.452
4188 4.452 4.452
4252 4.452 4.452
4259 4.452 4.373
4188 4.373 4.373
4250 4.373 4.373
4317 4.373 4.357
4346 4.357 4.357
4313 4.357 4.357
4413 4.357 4.217
4472 4.217 4.217
4356 4.217 4.217
4381 4.217 4.134
4436 4.134 4.134
4428 4.134 4.134
4324 4.134 4.035
4392 4.035 4.035
4348 4.035 4.035
4625 4.035 3.992
4317 3.992 3.992
4269 3.992 3.992
4316 3.992 4.058
4544 4.058 4.058
4316 4.058 4.008
4460 4.008 4.008
4246 4.008 4.008
4556 4.008 3.98
4472 3.98 3.98
4386 3.98 3.929
4280 3.929 3.929
4418 3.929 4.031
4508 4.031 4.031
4517 4.031 3.993
4475 3.993 3.993
4315 3.993 3.993
4188 3.993 3.988
4316 3.988 3.988
4252 3.988 3.956
4408 3.956 3.956
4306 3.956 3.921
4329 3.921 3.921
4194 3.921 3.902
4373 3.902 3.902
4494 3.902 3.929
4283 3.929 3.929
4209 3.929 3.929
4366 3.929 3.98
4395 3.98 3.98
4425 3.98 3.863
4274 3.863 3.863
4488 3.863 3.863
4385 3.863 3.73
4235 3.73 3.73
4289 3.73 3.616
4269 3.616 3.616
4446 3.616 3.627
4465 3.627 3.627
4392 3.627 3.71
4649 3.71 3.71
4474 3.71 3.471
4456 3.471 3.471
4417 3.471 3.378
4226 3.378 3.378
4252 3.378 3.538
4267 3.538 3.538
4261 3.538 3.61
4267 3.61 3.61
4526 3.61 3.591
4272 3.591 3.591
4319 3.591 3.485
4270 3.485 3.485
4292 3.485 3.564
4374 3.564 3.564
4410 3.564 3.602
4414 3.602 3.602
4419 3.602 3.665
4329 3.665 3.665
4300 3.665 3.55
4460 3.55 3.55
4425 3.55 3.508
4188 3.508 3.508
4188 3.508 3.755
4260 3.755 3.755
4200 3.755 3.832
4288 3.832 3.832
4371 3.832 3.833
4395 3.833 3.833
4410 3.833 3.779
4244 3.779 3.779
4396 3.779 3.947
4287 3.947 3.947
4350 3.947 3.983
4300 3.983 3.983
4350 3.983 3.983
4241 3.983 3.978
4268 3.978 3.978
4263 3.978 3.967
4270 3.967 3.967
4476 3.967 4.002
4444 4.002 4.002
4619 4.002 4.002
4567 4.002 3.97
4483 3.97 3.97
4563 3.97 3.97
4755 3.97 3.937
4357 3.937 3.937
4278 3.937 3.85
4444 3.85 3.85
4444 3.85 3.918
4363 3.918 3.918
4271 3.918 3.819
4514 3.819 3.819
4386 3.819 3.836
4188 3.836 3.836
4262 3.836 3.899
4525 3.899 3.899
4305 3.899 3.734
4450 3.734 3.734
4260 3.734 3.659
4506 3.659 3.659
4365 3.659 3.71
4340 3.71 3.71
4263 3.71 3.779
4326 3.779 3.779
4498 3.779 3.659
4391 3.659 3.659
4361 3.659 3.574
4422 3.574 3.574
4188 3.574 3.632
4188 3.632 3.632
4224 3.632 3.785
4391 3.785 3.785
4539 3.785 3.774
4305 3.774 3.774
4378 3.774 3.668
4203 3.668 3.668
4272 3.668 3.713
4347 3.713 3.713
4258 3.713 3.843
4188 3.843 3.843
4374 3.843 3.983
4387 3.983 3.983
4451 3.983 3.983
4289 3.983 3.878
4403 3.878 3.878
4286 3.878 3.805
4188 3.805 3.805
4309 3.805 4.018
4364 4.018 4.018
4261 4.018 4.008
4251 4.008 4.008
4331 4.008 3.995
4422 3.995 3.995
4559 3.995 3.995
4545 3.995 3.69
4290 3.69 3.69
4398 3.69 3.69
4425 3.69 3.631
4348 3.631 3.631
4215 3.631 3.584
4281 3.584 3.584
4323 3.584 3.735
4331 3.735 3.735
4520 3.735 3.646
4366 3.646 3.646
4188 3.646 3.646
4257 3.646 3.572
4328 3.572 3.572
4323 3.572 3.733
4489 3.733 3.733
4302 3.733 3.74
4348 3.74 3.74
4322 3.74 3.692
4454 3.692 3.692
4276 3.692 3.572
4219 3.572 3.572
4312 3.572 3.629
4357 3.629 3.629
4188 3.629 3.829
4238 3.829 3.829
4484 3.829 3.671
4271 3.671 3.671
4297 3.671 3.671
4188 3.671 3.839
4289 3.839 3.839
4307 3.839 3.845
4287 3.845 3.845
4309 3.845 3.845
4675 3.845 3.93
4522 3.93 3.93
4269 3.93 3.93
4420 3.93 3.926
4387 3.926 3.926
4285 3.926 3.848
4223 3.848 3.848
4300 3.848 4.094
4303 4.094 4.094
4306 4.094 3.935
4314 3.935 3.935
4455 3.935 3.846
4250 3.846 3.846
4358 3.846 3.922
4425 3.922 3.922
4373 3.922 3.974
4272 3.974 3.974
4296 3.974 3.939
4604 3.939 3.939
4461 3.939 3.939
4245 3.939 3.953
4267 3.953 3.953
4264 3.953 4.069
4347 4.069 4.069
4206 4.069 4.075
4271 4.075 4.075
4265 4.075 4.075
4380 4.075 4.053
4208 4.053 4.053
4255 4.053 4.053
4330 4.053 4.075
4538 4.075 4.075
4370 4.075 4.067
4357 4.067 4.067
4239 4.067 4.067
4271 4.067 4.122
4327 4.122 4.122
4434 4.122 4.122
4245 4.122 4.028
4341 4.028 4.028
4241 4.028 4.028
4193 4.028 4.003
4641 4.003 4.003
4399 4.003 3.924
4188 3.924 3.924
4438 3.924 3.924
4442 3.924 3.938
4413 3.938 3.938
4475 3.938 3.938
4357 3.938 3.855
4214 3.855 3.855
4295 3.855 3.894
4306 3.894 3.894
4274 3.894 3.966
4356 3.966 3.966
4287 3.966 3.932
4320 3.932 3.932
4359 3.932 3.821
4382 3.821 3.821
4517 3.821 3.792
4327 3.792 3.792
4271 3.792 3.792
4282 3.792 3.798
4211 3.798 3.798
4428 3.798 3.793
4351 3.793 3.793
4316 3.793 3.737
4188 3.737 3.737
4306 3.737 3.847
4300 3.847 3.847
4400 3.847 3.933
4458 3.933 3.933
4262 3.933 3.782
4739 3.782 3.782
4596 3.782 3.6
4300 3.6 3.6
4314 3.6 3.494
4363 3.494 3.494
4300 3.494 3.569
4515 3.569 3.569
4188 3.569 3.72
4240 3.72 3.72
4476 3.72 3.79
4566 3.79 3.79
4441 3.79 3.557
4216 3.557 3.557
4298 3.557 3.486
4188 3.486 3.486
4206 3.486 3.78
4239 3.78 3.78
4363 3.78 3.816
4210 3.816 3.816
4191 3.816 3.706
4407 3.706 3.706
4305 3.706 3.7
4260 3.7 3.7
4460 3.7 3.828
4355 3.828 3.828
4383 3.828 3.782
4274 3.782 3.782
4475 3.782 3.985
4468 3.985 3.985
4276 3.985 3.929
4253 3.929 3.929
4309 3.929 4.098
4215 4.098 4.098
4352 4.098 4.191
4342 4.191 4.191
4416 4.191 4.191
4464 4.191 4.132
4419 4.132 4.132
4726 4.132 4.132
4530 4.132 3.76
4592 3.76 3.76
4436 3.76 3.76
4251 3.76 3.839
4277 3.839 3.839
4188 3.839 4.157
4269 4.157 4.157
4260 4.157 4.162
4251 4.162 4.162
4306 4.162 4.162
4335 4.162 4.023
4227 4.023 4.023
4388 4.023 4.141
4369 4.141 4.141
4188 4.141 4.209
4226 4.209 4.209
4270 4.209 4.478
4200 4.478 4.478
4272 4.478 4.478
4326 4.478 4.348
4208 4.348 4.348
4188 4.348 4.348
4188 4.348 4.382
4539 4.382 4.382
4293 4.382 4.382
4510 4.382 4.694
4293 4.694 4.694
4344 4.694 4.694
4488 4.694 4.617
4461 4.617 4.617
4426 4.617 4.617
4365 4.617 4.409
4407 4.409 4.409
4400 4.409 4.409
4188 4.409 4.756
4287 4.756 4.756
4427 4.756 4.756
4188 4.756 4.863
4255 4.863 4.863
4364 4.863 4.863
4398 4.863 4.644
4590 4.644 4.644
4274 4.644 4.644
4252 4.644 4.646
4255 4.646 4.646
4271 4.646 4.646
4207 4.646 4.79
4328 4.79 4.79
4203 4.79 4.79
4227 4.79 4.797
4235 4.797 4.797
4304 4.797 4.797
4401 4.797 4.723
4521 4.723 4.723
4298 4.723 4.723
4188 4.723 4.82
4188 4.82 4.82
4258 4.82 4.82
4261 4.82 5.027
4283 5.027 5.027
4512 5.027 5.027
4431 5.027 5.046
4303 5.046 5.046
4296 5.046 5.046
4395 5.046 4.904
4289 4.904 4.904
4318 4.904 4.904
4337 4.904 4.927
4376 4.927 4.927
4414 4.927 4.927
4188 4.927 4.925
4241 4.925 4.925
4254 4.925 4.925
4470 4.925 5.065
4323 5.065 5.065
4219 5.065 5.065
4188 5.065 4.977
4210 4.977 4.977
4369 4.977 4.977
4291 4.977 4.997
4264 4.997 4.997
4360 4.997 4.997
4378 4.997 4.897
4420 4.897 4.897
4267 4.897 4.897
4390 4.897 4.941
4402 4.941 4.941
4414 4.941 4.941
4471 4.941 4.886
4246 4.886 4.886
4303 4.886 4.886
4355 4.886 4.82
4318 4.82 4.82
4254 4.82 4.82
4188 4.82 5.031
4279 5.031 5.031
4315 5.031 5.031
4442 5.031 5.092
4440 5.092 5.092
4396 5.092 5.092
4332 5.092 5.023
4193 5.023 5.023
4249 5.023 5.023
4388 5.023 5.039
4386 5.039 5.039
4212 5.039 5.039
4273 5.039 5.11
4270 5.11 5.11
4339 5.11 5.11
4335 5.11 5.177
4402 5.177 5.177
4429 5.177 5.177
4281 5.177 5.221
4188 5.221 5.221
4269 5.221 5.221
4575 5.221 5.102
4743 5.102 5.102
4733 5.102 5.102
4299 5.102 4.912
4294 4.912 4.912
4297 4.912 4.912
4300 4.912 4.776
4441 4.776 4.776
4362 4.776 4.776
4328 4.776 5.091
4307 5.091 5.091
4278 5.091 5.091
4480 5.091 4.894
4492 4.894 4.894
4440 4.894 4.894
4442 4.894 4.713
4449 4.713 4.713
4238 4.713 4.713
4275 4.713 4.706
4654 4.706 4.706
4586 4.706 4.706
4212 4.706 4.753
4434 4.753 4.753
4215 4.753 4.753
4188 4.753 4.694
4362 4.694 4.694
4204 4.694 4.694
4380 4.694 4.822
4273 4.822 4.822
4389 4.822 4.822
4333 4.822 4.961
4284 4.961 4.961
4572 4.961 4.961
4671 4.961 4.965
4524 4.965 4.965
4188 4.965 4.965
4293 4.965 4.87
4486 4.87 4.87
4366 4.87 4.87
4288 4.87 4.822
4250 4.822 4.822
4311 4.822 4.822
4397 4.822 5.001
4430 5.001 5.001
4352 5.001 5.001
4383 5.001 4.959
4334 4.959 4.959
4354 4.959 4.959
4188 4.959 4.776
4188 4.776 4.776
4196 4.776 4.776
4226 4.776 4.851
4512 4.851 4.851
4565 4.851 4.851
4266 4.851 4.919
4200 4.919 4.919
4295 4.919 4.919
4395 4.919 4.782
4472 4.782 4.782
4407 4.782 4.782
4595 4.782 4.917
4545 4.917 4.917
4708 4.917 4.917
4414 4.917 4.652
4339 4.652 4.652
4266 4.652 4.652
4280 4.652 4.523
4378 4.523 4.523
4514 4.523 4.523
4569 4.523 4.676
4718 4.676 4.676
4616 4.676 4.676
4492 4.676 4.552
4583 4.552 4.552
4603 4.552 4.552
4354 4.552 4.365
4375 4.365 4.365
4420 4.365 4.365
4267 4.365 4.434
4345 4.434 4.434
4443 4.434 4.434
4321 4.434 4.461
4489 4.461 4.461
4340 4.461 4.461
4410 4.461 4.284
4388 4.284 4.284
4375 4.284 4.284
4311 4.284 4.243
4387 4.243 4.243
4445 4.243 4.243
4515 4.243 4.332
4379 4.332 4.332
4336 4.332 4.332
4411 4.332 4.066
4350 4.066 4.066
4412 4.066 4.066
4479 4.066 3.957
4378 3.957 3.957
4188 3.957 4.073
4436 4.073 4.073
4355 4.073 4.164
4333 4.164 4.164
4293 4.164 4.164
4376 4.164 4.089
4481 4.089 4.089
4318 4.089 4.089
4363 4.089 4.078
4238 4.078 4.078
4188 4.078 4.12
4284 4.12 4.12
4343 4.12 4.071
4308 4.071 4.071
4208 4.071 4.071
4306 4.071 4.176
4401 4.176 4.176
4453 4.176 4.125
4521 4.125 4.125
4344 4.125 4.125
4395 4.125 4.141
4278 4.141 4.141
4189 4.141 4.141
4390 4.141 4.171
4280 4.171 4.171
4188 4.171 4.171
4427 4.171 4.303
4362 4.303 4.303
4379 4.303 4.303
4325 4.303 4.263
4484 4.263 4.263
4445 4.263 4.263
4258 4.263 4.186
4212 4.186 4.186
4240 4.186 4.186
4284 4.186 4.296
4292 4.296 4.296
4250 4.296 4.296
4465 4.296 4.414
4324 4.414 4.414
4383 4.414 4.414
4367 4.414 4.278
4401 4.278 4.278
4216 4.278 4.278
4334 4.278 4.422
4320 4.422 4.422
4217 4.422 4.422
4309 4.422 4.61
4499 4.61 4.61
4284 4.61 4.61
4307 4.61 4.477
4309 4.477 4.477
4188 4.477 4.477
4208 4.477 4.365
4239 4.365 4.365
4221 4.365 4.365
4318 4.365 4.486
4281 4.486 4.486
4314 4.486 4.486
4430 4.486 4.49
4273 4.49 4.49
4493 4.49 4.49
4286 4.49 4.428
4302 4.428 4.428
4297 4.428 4.428
4188 4.428 4.636
4264 4.636 4.636
4188 4.636 4.636
4233 4.636 4.615
4269 4.615 4.615
4503 4.615 4.615
4354 4.615 4.519
4353 4.519 4.519
4512 4.519 4.519
4188 4.519 4.678
4308 4.678 4.678
4347 4.678 4.678
4277 4.678 4.756
4293 4.756 4.756
4337 4.756 4.756
4328 4.756 4.733
4188 4.733 4.733
4270 4.733 4.733
4306 4.733 4.736
4283 4.736 4.736
4188 4.736 4.736
4498 4.736 5.023
4350 5.023 5.023
4188 5.023 5.023
4481 5.023 5.002
4285 5.002 5.002
4270 5.002 5.002
4322 5.002 5.141
4379 5.141 5.141
4188 5.141 5.141
4426 5.141 5.4
4369 5.4 5.4
4188 5.4 5.4
4488 5.4 5.368
4388 5.368 5.368
4235 5.368 5.368
4457 5.368 5.37
4403 5.37 5.37
4399 5.37 5.37
4223 5.37 5.475
4320 5.475 5.475
4283 5.475 5.475
4228 5.475 5.481
4355 5.481 5.481
4188 5.481 5.481
4261 5.481 5.476
4593 5.476 5.476
4188 5.476 5.476
4188 5.476 5.602
4620 5.602 5.602
4471 5.602 5.602
4307 5.602 5.335
4316 5.335 5.335
4188 5.335 5.335
4541 5.335 5.538
4374 5.538 5.538
4389 5.538 5.538
4188 5.538 5.727
4440 5.727 5.727
4458 5.727 5.727
4600 5.727 5.635
4433 5.635 5.635
4302 5.635 5.635
4200 5.635 5.465
4501 5.465 5.465
4226 5.465 5.465
4284 5.465 5.376
4268 5.376 5.376
4316 5.376 5.376
4603 5.376 5.67
4372 5.67 5.67
4314 5.67 5.67
4256 5.67 5.514
4297 5.514 5.514
4332 5.514 5.514
4466 5.514 5.515
4342 5.515 5.515
4343 5.515 5.515
4294 5.515 5.534
4304 5.534 5.534
4322 5.534 5.534
4247 5.534 5.618
4188 5.618 5.618
4266 5.618 5.618
4348 5.618 5.692
4726 5.692 5.692
4202 5.692 5.692
4188 5.692 5.651
4328 5.651 5.651
4381 5.651 5.651
4427 5.651 5.457
4275 5.457 5.457
4528 5.457 5.457
4478 5.457 5.515
4333 5.515 5.515
4353 5.515 5.515
4251 5.515 5.397
4324 5.397 5.397
4262 5.397 5.397
4300 5.397 5.389
4543 5.389 5.389
4188 5.389 5.389
4433 5.389 5.446
4202 5.446 5.446
4353 5.446 5.446
4460 5.446 5.494
4355 5.494 5.494
4210 5.494 5.494
4363 5.494 5.377
4486 5.377 5.377
4296 5.377 5.377
4328 5.377 5.226
4401 5.226 5.226
4420 5.226 5.226
4188 5.226 5.478
4188 5.478 5.478
4423 5.478 5.478
4416 5.478 5.453
4330 5.453 5.453
4328 5.453 5.453
4235 5.453 5.44
4322 5.44 5.44
4391 5.44 5.44
4253 5.44 5.543
4188 5.543 5.543
4317 5.543 5.543
4330 5.543 5.628
4272 5.628 5.628
4315 5.628 5.628
4188 5.628 5.633
4294 5.633 5.633
4188 5.633 5.633
4467 5.633 5.585
4291 5.585 5.585
4188 5.585 5.585
4188 5.585 5.716
4358 5.716 5.716
4376 5.716 5.716
4249 5.716 5.775
4294 5.775 5.775
4213 5.775 5.775
4288 5.775 5.791
4352 5.791 5.791
4479 5.791 5.791
4789 5.791 5.937
4273 5.937 5.937
4453 5.937 5.937
4437 5.937 5.737
4617 5.737 5.737
4358 5.737 5.737
4360 5.737 5.737
4417 5.737 5.712
4264 5.712 5.712
4234 5.712 5.712
4480 5.712 5.949
4254 5.949 5.949
4324 5.949 5.949
4256 5.949 6.008
4576 6.008 6.008
4342 6.008 6.008
4206 6.008 6.008
4408 6.008 5.892
4518 5.892 5.892
4282 5.892 5.892
4296 5.892 5.892
4188 5.892 5.777
4201 5.777 5.777
4491 5.777 5.777
4218 5.777 6.009
4220 6.009 6.009
4587 6.009 6.009
4271 6.009 6.021
4292 6.021 6.021
4247 6.021 6.021
4287 6.021 6.021
4284 6.021 6.021
4290 6.021 6.021
4322 6.021 6.021
4254 6.021 6.014
4252 6.014 6.014
4375 6.014 6.014
4920 6.014 6.326
4547 6.326 6.326
4522 6.326 6.326
4465 6.326 6.326
4479 6.326 6.025
4325 6.025 6.025
4368 6.025 6.025
4227 6.025 6.025
4264 6.025 5.846
4511 5.846 5.846
4230 5.846 5.846
4339 5.846 5.972
4378 5.972 5.972
4344 5.972 5.972
4391 5.972 6.055
4425 6.055 6.055
4219 6.055 6.055
4415 6.055 6.055
4482 6.055 6.042
4515 6.042 6.042
4416 6.042 6.042
4351 6.042 6.042
4213 6.042 5.797
4291 5.797 5.797
4395 5.797 5.797
4374 5.797 5.738
4434 5.738 5.738
4251 5.738 5.738
4371 5.738 5.765
4683 5.765 5.765
4228 5.765 5.765
4390 5.765 5.871
4188 5.871 5.871
4253 5.871 5.871
4421 5.871 5.81
4417 5.81 5.81
4332 5.81 5.81
4247 5.81 5.81
4320 5.81 5.882
4257 5.882 5.882
4193 5.882 5.882
4265 5.882 5.976
4437 5.976 5.976
4463 5.976 5.976
4439 5.976 5.981
4285 5.981 5.981
4365 5.981 5.981
4323 5.981 5.981
4370 5.981 5.778
4188 5.778 5.778
4496 5.778 5.778
4381 5.778 6.07
4219 6.07 6.07
4477 6.07 6.07
4461 6.07 6.228
4188 6.228 6.228
4556 6.228 6.228
4742 6.228 6.228
4215 6.228 6.154
4388 6.154 6.154
4796 6.154 6.154
4431 6.154 6.154
4188 6.154 6.007
4220 6.007 6.007
4232 6.007 6.007
4361 6.007 6.25
4364 6.25 6.25
4567 6.25 6.25
4266 6.25 6.762
4263 6.762 6.762
4345 6.762 6.762
4340 6.762 6.762
4356 6.762 6.594
4496 6.594 6.594
4428 6.594 6.594
4360 6.594 6.594
4586 6.594 6.544
4188 6.544 6.544
4372 6.544 6.544
4193 6.544 6.544
4344 6.544 6.593
4444 6.593 6.593
4309 6.593 6.593
4283 6.593 6.593
4434 6.593 6.737
4213 6.737 6.737
4303 6.737 6.737
4455 6.737 6.737
4379 6.737 6.663
4608 6.663 6.663
4507 6.663 6.663
4189 6.663 6.663
4534 6.663 6.445
4437 6.445 6.445
4188 6.445 6.445
4338 6.445 6.445
4294 6.445 6.644
4304 6.644 6.644
4412 6.644 6.644
4209 6.644 6.644
4433 6.644 6.796
4524 6.796 6.796
4377 6.796 6.796
4721 6.796 6.796
4453 6.796 6.931
4553 6.931 6.931
4431 6.931 6.931
4188 6.931 6.931
4527 6.931 6.755
4303 6.755 6.755
4240 6.755 6.755
4214 6.755 6.755
4292 6.755 6.825
4200 6.825 6.825
4229 6.825 6.825
4362 6.825 6.825
4211 6.825 7.245
4345 7.245 7.245
4557 7.245 7.245
4375 7.245 7.245
4390 7.245 7.257
4357 7.257 7.257
4438 7.257 7.257
4396 7.257 7.257
4326 7.257 6.997
4459 6.997 6.997
4315 6.997 6.997
4330 6.997 6.997
4529 6.997 6.899
4333 6.899 6.899
4352 6.899 6.899
4188 6.899 6.899
4403 6.899 6.93
4351 6.93 6.93
4207 6.93 6.93
4554 6.93 6.93
4277 6.93 7.185
4278 7.185 7.185
4434 7.185 7.185
4261 7.185 7.185
4188 7.185 7.135
4486 7.135 7.135
4407 7.135 7.135
4215 7.135 7.135
4188 7.135 6.984
4235 6.984 6.984
4194 6.984 6.984
4188 6.984 6.984
4188 6.984 7.176
4205 7.176 7.176
4191 7.176 7.176
4559 7.176 7.176
4386 7.176 7.456
4571 7.456 7.456
4573 7.456 7.456
4353 7.456 7.456
4315 7.456 7.131
4368 7.131 7.131
4308 7.131 7.131
4399 7.131 7.131
4201 7.131 6.981
4219 6.981 6.981
4307 6.981 6.981
4345 6.981 6.981
4384 6.981 7.305
4338 7.305 7.305
4348 7.305 7.305
4201 7.305 7.305
4411 7.305 7.239
4350 7.239 7.239
4475 7.239 7.239
4332 7.239 7.239
4346 7.239 6.931
4191 6.931 6.931
4393 6.931 6.931
4506 6.931 6.931
4205 6.931 6.824
4567 6.824 6.824
4289 6.824 6.824
4338 6.824 6.824
4259 6.824 6.773
4266 6.773 6.773
4348 6.773 6.773
4204 6.773 6.773
4323 6.773 6.965
4444 6.965 6.965
4434 6.965 6.965
4228 6.965 6.965
4403 6.965 7.13
4254 7.13 7.13
4327 7.13 7.13
4438 7.13 7.13
4541 7.13 7.195
4230 7.195 7.195
4322 7.195 7.195
4259 7.195 7.195
4479 7.195 7.237
4245 7.237 7.237
4224 7.237 7.237
4311 7.237 7.237
4325 7.237 7.291
4344 7.291 7.291
4188 7.291 7.291
4395 7.291 7.291
4279 7.291 7.201
4386 7.201 7.201
4385 7.201 7.201
4243 7.201 7.201
4188 7.201 7.142
4259 7.142 7.142
4295 7.142 7.142
4459 7.142 7.142
4267 7.142 7.191
4196 7.191 7.191
4270 7.191 7.191
4257 7.191 7.191
4269 7.191 7.461
4355 7.461 7.461
4462 7.461 7.461
4243 7.461 7.461
4558 7.461 7.397
4263 7.397 7.397
4658 7.397 7.397
4188 7.397 7.397
4331 7.397 7.14
4258 7.14 7.14
4348 7.14 7.14
4358 7.14 7.14
4355 7.14 7.105
4560 7.105 7.105
4188 7.105 7.105
4449 7.105 7.105
4306 7.105 7.286
4373 7.286 7.286
4188 7.286 7.286
4363 7.286 7.286
4340 7.286 7.124
4363 7.124 7.124
4539 7.124 7.124
4368 7.124 7.124
4406 7.124 7.201
4381 7.201 7.201
4188 7.201 7.201
4349 7.201 7.201
4448 7.201 7.344
4277 7.344 7.344
4326 7.344 7.344
4263 7.344 7.344
4360 7.344 7.436
4406 7.436 7.436
4361 7.436 7.436
4188 7.436 7.436
4249 7.436 7.227
4286 7.227 7.227
4203 7.227 7.227
4267 7.227 7.227
4366 7.227 7.129
4296 7.129 7.129
4460 7.129 7.129
4336 7.129 7.129
4244 7.129 7.147
4876 7.147 7.147
4351 7.147 7.147
4448 7.147 7.147
4272 7.147 6.916
4345 6.916 6.916
4333 6.916 6.916
4188 6.916 6.916
4320 6.916 6.697
4435 6.697 6.697
4300 6.697 6.697
4239 6.697 6.697
4188 6.697 7.009
4188 7.009 7.009
4239 7.009 7.009
4473 7.009 7.009
4254 7.009 7.22
4373 7.22 7.22
4430 7.22 7.22
4263 7.22 7.22
4361 7.22 7.123
4382 7.123 7.123
4188 7.123 7.123
4344 7.123 7.123
4338 7.123 7.102
4326 7.102 7.102
4188 7.102 7.102
4468 7.102 7.102
4321 7.102 7.566
4292 7.566 7.566
4271 7.566 7.566
4204 7.566 7.566
4282 7.566 7.549
4366 7.549 7.549
4188 7.549 7.549
4325 7.549 7.549
4239 7.549 7.291
4188 7.291 7.291
4386 7.291 7.291
4585 7.291 7.291
4242 7.291 7.283
4251 7.283 7.283
4468 7.283 7.283
4232 7.283 7.283
4237 7.283 7.359
4188 7.359 7.359
4486 7.359 7.359
4274 7.359 7.359
4333 7.359 7.358
4389 7.358 7.358
4239 7.358 7.358
4428 7.358 7.358
4374 7.358 7.275
4188 7.275 7.275
4302 7.275 7.275
4353 7.275 7.275
4240 7.275 7.269
4188 7.269 7.269
4459 7.269 7.269
4675 7.269 7.269
4269 7.269 7.373
4380 7.373 7.373
4469 7.373 7.373
4276 7.373 7.373
4660 7.373 7.242
4447 7.242 7.242
4587 7.242 7.242
4532 7.242 7.242
4198 7.242 7.161
4534 7.161 7.161
4217 7.161 7.161
4319 7.161 7.161
4312 7.161 7.111
4625 7.111 7.111
4234 7.111 7.111
4188 7.111 7.111
4188 7.111 7.248
4363 7.248 7.248
4188 7.248 7.248
4431 7.248 7.248
4213 7.248 7.619
4526 7.619 7.619
4577 7.619 7.619
4280 7.619 7.619
4354 7.619 7.341
4311 7.341 7.341
4308 7.341 7.341
4356 7.341 7.341
4188 7.341 7.225
4412 7.225 7.225
4527 7.225 7.225
4520 7.225 7.225
4188 7.225 7.223
4264 7.223 7.223
4188 7.223 7.223
4280 7.223 7.223
4292 7.223 7.218
4324 7.218 7.218
4448 7.218 7.218
4457 7.218 7.218
4188 7.218 7.325
4210 7.325 7.325
4188 7.325 7.325
4307 7.325 7.325
4293 7.325 7.307
4339 7.307 7.307
4428 7.307 7.307
4296 7.307 7.307
4346 7.307 7.331
4537 7.331 7.331
4252 7.331 7.331
4526 7.331 7.331
4464 7.331 7.366
4219 7.366 7.366
4626 7.366 7.366
4291 7.366 7.366
4587 7.366 7.273
4476 7.273 7.273
4244 7.273 7.273
4258 7.273 7.273
4188 7.273 7.19
4273 7.19 7.19
4494 7.19 7.19
4273 7.19 7.19
4188 7.19 7.471
4312 7.471 7.471
4300 7.471 7.471
4312 7.471 7.471
4383 7.471 7.557
4277 7.557 7.557
4188 7.557 7.557
4421 7.557 7.557
4529 7.557 7.588
4188 7.588 7.588
4440 7.588 7.588
4188 7.588 7.588
4344 7.588 7.435
4308 7.435 7.435
4456 7.435 7.435
4188 7.435 7.435
4234 7.435 7.398
4550 7.398 7.398
4221 7.398 7.398
4188 7.398 7.398
4250 7.398 7.604
4271 7.604 7.604
4418 7.604 7.604
4621 7.604 7.604
4439 7.604 7.575
4531 7.575 7.575
4363 7.575 7.575
4298 7.575 7.575
4478 7.575 7.35
4271 7.35 7.35
4299 7.35 7.35
4297 7.35 7.35
4343 7.35 7.139
4364 7.139 7.139
4361 7.139 7.139
4330 7.139 7.139
4234 7.139 7.409
4222 7.409 7.409
4188 7.409 7.409
4297 7.409 7.409
4376 7.409 7.507
4188 7.507 7.507
4399 7.507 7.507
4424 7.507 7.507
4307 7.507 7.311
4423 7.311 7.311
4299 7.311 7.311
4278 7.311 7.311
4351 7.311 7.374
4514 7.374 7.374
4331 7.374 7.374
4326 7.374 7.374
4310 7.374 7.504
4233 7.504 7.504
4261 7.504 7.504
4273 7.504 7.504
4329 7.504 7.45
4357 7.45 7.45
4188 7.45 7.45
4474 7.45 7.45
4422 7.45 7.756
4463 7.756 7.756
4515 7.756 7.756
4298 7.756 7.756
4490 7.756 7.387
4392 7.387 7.387
4369 7.387 7.387
4314 7.387 7.387
4352 7.387 6.959
4245 6.959 6.959
4188 6.959 6.959
4188 6.959 6.959
4367 6.959 6.922
4472 6.922 6.922
4335 6.922 6.922
4396 6.922 6.922
4188 6.922 6.928
4452 6.928 6.928
4518 6.928 6.928
4277 6.928 6.928
4335 6.928 6.757
4298 6.757 6.757
4188 6.757 6.757
4369 6.757 6.757
4491 6.757 6.883
4188 6.883 6.883
4358 6.883 6.883
4302 6.883 6.883
4341 6.883 6.835
4600 6.835 6.835
4188 6.835 6.835
4314 6.835 6.835
4388 6.835 6.865
4385 6.865 6.865
4564 6.865 6.865
4264 6.865 6.865
4212 6.865 6.76
4349 6.76 6.76
4356 6.76 6.76
4414 6.76 6.76
4207 6.76 6.782
4221 6.782 6.782
4482 6.782 6.782
4384 6.782 6.782
4233 6.782 6.703
4188 6.703 6.703
4352 6.703 6.703
4465 6.703 6.703
4219 6.703 6.586
4373 6.586 6.586
4277 6.586 6.586
4231 6.586 6.586
4392 6.586 6.55
4393 6.55 6.55
4314 6.55 6.55
4275 6.55 6.55
4243 6.55 6.68
4341 6.68 6.68
4397 6.68 6.68
4324 6.68 6.68
4188 6.68 6.614
4253 6.614 6.614
4555 6.614 6.614
4289 6.614 6.614
4363 6.614 6.467
4253 6.467 6.467
4259 6.467 6.467
4236 6.467 6.467
4308 6.467 6.44
4400 6.44 6.44
4370 6.44 6.44
4307 6.44 6.44
4214 6.44 6.588
4257 6.588 6.588
4465 6.588 6.588
4384 6.588 6.588
4366 6.588 6.581
4544 6.581 6.581
4325 6.581 6.581
4520 6.581 6.581
4831 6.581 6.438
4287 6.438 6.438
4341 6.438 6.438
4352 6.438 6.438
4240 6.438 6.553
4271 6.553 6.553
4699 6.553 6.553
4343 6.553 6.553
4405 6.553 6.674
4493 6.674 6.674
4260 6.674 6.674
4308 6.674 6.674
4309 6.674 6.677
4456 6.677 6.677
4265 6.677 6.677
4335 6.677 6.677
4266 6.677 6.518
4293 6.518 6.518
4358 6.518 6.518
4256 6.518 6.518
4407 6.518 6.598
4315 6.598 6.598
4305 6.598 6.598
4281 6.598 6.598
4406 6.598 6.505
4478 6.505 6.505
4188 6.505 6.505
4481 6.505 6.505
4345 6.505 6.412
4274 6.412 6.412
4438 6.412 6.412
4188 6.412 6.412
4536 6.412 6.418
4264 6.418 6.418
4207 6.418 6.418
4393 6.418 6.418
4217 6.418 6.56
4283 6.56 6.56
4497 6.56 6.56
4299 6.56 6.56
4188 6.56 6.545
4227 6.545 6.545
4329 6.545 6.545
4188 6.545 6.545
4351 6.545 6.611
4332 6.611 6.611
4405 6.611 6.611
4318 6.611 6.611
4432 6.611 6.547
4304 6.547 6.547
4268 6.547 6.547
4666 6.547 6.547
4420 6.547 6.661
4369 6.661 6.661
4414 6.661 6.661
4377 6.661 6.661
4305 6.661 6.415
4420 6.415 6.415
4221 6.415 6.415
4188 6.415 6.415
4451 6.415 6.666
4191 6.666 6.666
4261 6.666 6.666
4481 6.666 6.666
4358 6.666 6.822
4289 6.822 6.822
4210 6.822 6.822
4319 6.822 6.822
4382 6.822 6.753
4423 6.753 6.753
4327 6.753 6.753
4188 6.753 6.753
4376 6.753 6.646
4341 6.646 6.646
4307 6.646 6.646
4565 6.646 6.646
4297 6.646 6.493
4228 6.493 6.493
4289 6.493 6.493
4321 6.493 6.493
4370 6.493 6.442
4201 6.442 6.442
4228 6.442 6.442
4292 6.442 6.442
4468 6.442 6.499
4188 6.499 6.499
4251 6.499 6.499
4539 6.499 6.499
4276 6.499 6.562
4280 6.562 6.562
4369 6.562 6.562
4563 6.562 6.562
4357 6.562 6.51
4322 6.51 6.51
4314 6.51 6.51
4274 6.51 6.51
4327 6.51 6.484
4384 6.484 6.484
4386 6.484 6.484
4489 6.484 6.484
4220 6.484 6.469
4353 6.469 6.469
4355 6.469 6.469
4372 6.469 6.469
4281 6.469 6.506
4260 6.506 6.506
4192 6.506 6.506
4250 6.506 6.506
4188 6.506 6.612
4362 6.612 6.612
4428 6.612 6.612
4320 6.612 6.612
4190 6.612 6.784
4401 6.784 6.784
4657 6.784 6.784
4541 6.784 6.784
4387 6.784 6.565
4322 6.565 6.565
4394 6.565 6.565
4575 6.565 6.565
4378 6.565 6.575
4317 6.575 6.575
4383 6.575 6.575
4350 6.575 6.575
4329 6.575 6.676
4368 6.676 6.676
4477 6.676 6.676
4215 6.676 6.676
4345 6.676 6.639
4475 6.639 6.639
4239 6.639 6.639
4236 6.639 6.639
4264 6.639 6.451
4437 6.451 6.451
4419 6.451 6.451
4326 6.451 6.451
4214 6.451 6.368
4295 6.368 6.368
4188 6.368 6.368
4328 6.368 6.368
4276 6.368 6.301
4408 6.301 6.301
4296 6.301 6.301
4335 6.301 6.301
4518 6.301 6.11
4188 6.11 6.11
4313 6.11 6.11
4398 6.11 6.11
4235 6.11 6.295
4280 6.295 6.295
4502 6.295 6.295
4455 6.295 6.564
4201 6.564 6.564
4520 6.564 6.564
4477 6.564 6.564
4367 6.564 6.384
4362 6.384 6.384
4352 6.384 6.384
4229 6.384 6.384
4356 6.384 6.411
4392 6.411 6.411
4311 6.411 6.411
4284 6.411 6.411
4732 6.411 6.506
4224 6.506 6.506
4428 6.506 6.506
4524 6.506 6.506
4291 6.506 6.445
4359 6.445 6.445
4468 6.445 6.445
4649 6.445 6.445
4427 6.445 6.471
4438 6.471 6.471
4454 6.471 6.471
4557 6.471 6.471
4254 6.471 6.31
4274 6.31 6.31
4264 6.31 6.31
4188 6.31 6.31
4400 6.31 6.408
4355 6.408 6.408
4188 6.408 6.408
4568 6.408 6.408
4481 6.408 6.585
4307 6.585 6.585
4471 6.585 6.585
4369 6.585 6.585
4611 6.585 6.244
4188 6.244 6.244
4295 6.244 6.244
4591 6.244 6.244
4460 6.244 6.277
4188 6.277 6.277
4239 6.277 6.277
4378 6.277 6.277
4334 6.277 6.475
4292 6.475 6.475
4411 6.475 6.475
4282 6.475 6.475
4461 6.475 6.519
4219 6.519 6.519
4326 6.519 6.519
4535 6.519 6.519
4188 6.519 6.419
4352 6.419 6.419
4393 6.419 6.419
4244 6.419 6.419
4333 6.419 6.655
4407 6.655 6.655
4305 6.655 6.655
4251 6.655 6.655
4395 6.655 6.736
4218 6.736 6.736
4413 6.736 6.736
4347 6.736 6.736
4386 6.736 6.838
4534 6.838 6.838
4460 6.838 6.838
4342 6.838 6.838
4372 6.838 6.701
4239 6.701 6.701
4191 6.701 6.701
4269 6.701 6.701
4269 6.701 6.635
4292 6.635 6.635
4315 6.635 6.635
4305 6.635 6.635
4229 6.635 6.762
4400 6.762 6.762
4362 6.762 6.762
4207 6.762 6.762
4325 6.762 6.767
4188 6.767 6.767
4188 6.767 6.767
4482 6.767 6.767
4575 6.767 6.79
4418 6.79 6.79
4361 6.79 6.79
4277 6.79 6.79
4410 6.79 6.837
4327 6.837 6.837
4308 6.837 6.837
4321 6.837 6.837
4331 6.837 6.883
4188 6.883 6.883
4517 6.883 6.883
4323 6.883 6.883
4362 6.883 7.062
4755 7.062 7.062
4293 7.062 7.062
4342 7.062 7.062
4587 7.062 6.776
4297 6.776 6.776
4368 6.776 6.776
4501 6.776 6.776
4386 6.776 6.799
4356 6.799 6.799
4271 6.799 6.799
4188 6.799 6.799
4332 6.799 7.008
4188 7.008 7.008
4450 7.008 7.008
4199 7.008 7.008
4258 7.008 7.174
4377 7.174 7.174
4477 7.174 7.174
4398 7.174 7.174
4314 7.174 6.924
4246 6.924 6.924
4390 6.924 6.924
4281 6.924 6.924
4287 6.924 6.772
4345 6.772 6.772
4444 6.772 6.772
4361 6.772 6.772
4205 6.772 6.715
4653 6.715 6.715
4316 6.715 6.715
4347 6.715 6.715
4441 6.715 6.386
4396 6.386 6.386
4310 6.386 6.386
4295 6.386 6.386
4279 6.386 6.241
4321 6.241 6.241
4234 6.241 6.241
4188 6.241 6.241
4208 6.241 6.386
4402 6.386 6.386
4265 6.386 6.386
4244 6.386 6.386
4188 6.386 6.426
4371 6.426 6.426
4587 6.426 6.426
4266 6.426 6.426
4389 6.426 6.223
4236 6.223 6.223
4191 6.223 6.223
4377 6.223 6.223
4364 6.223 6.059
4468 6.059 6.059
4188 6.059 6.059
4203 6.059 6.059
4494 6.059 6.335
4297 6.335 6.335
4188 6.335 6.335
4259 6.335 6.335
4440 6.335 6.449
4302 6.449 6.449
4188 6.449 6.449
4585 6.449 6.449
4331 6.449 6.44
4203 6.44 6.44
4645 6.44 6.44
4485 6.44 6.44
4262 6.44 6.279
4416 6.279 6.279
4326 6.279 6.279
4281 6.279 6.279
4277 6.279 6.208
4268 6.208 6.208
4188 6.208 6.208
4367 6.208 6.208
4223 6.208 6.406
4330 6.406 6.406
4344 6.406 6.406
4277 6.406 6.406
4361 6.406 6.475
4338 6.475 6.475
4377 6.475 6.475
4404 6.475 6.475
4240 6.475 6.374
4259 6.374 6.374
4564 6.374 6.374
4372 6.374 6.374
4335 6.374 6.391
4188 6.391 6.391
4383 6.391 6.391
4192 6.391 6.391
4307 6.391 6.421
4606 6.421 6.421
4380 6.421 6.421
4470 6.421 6.421
4418 6.421 6.212
4201 6.212 6.212
4360 6.212 6.212
4530 6.212 6.212
4355 6.212 6.133
4374 6.133 6.133
4746 6.133 6.133
4199 6.133 6.499
4518 6.499 6.499
4339 6.499 6.499
4198 6.499 6.559
4456 6.559 6.559
4357 6.559 6.559
4197 6.559 6.559
4359 6.559 6.616
4557 6.616 6.616
4206 6.616 6.616
4269 6.616 6.616
4378 6.616 6.593
4315 6.593 6.593
4460 6.593 6.593
4388 6.593 6.593
4371 6.593 6.422
4236 6.422 6.422
4341 6.422 6.422
4310 6.422 6.422
4526 6.422 6.337
4488 6.337 6.337
4301 6.337 6.337
4592 6.337 6.337
4328 6.337 6.388
4467 6.388 6.388
4528 6.388 6.388
4286 6.388 6.388
4188 6.388 6.385
4417 6.385 6.385
4319 6.385 6.385
4440 6.385 6.385
4194 6.385 6.306
4249 6.306 6.306
4469 6.306 6.306
4296 6.306 6.306
4252 6.306 6.251
4188 6.251 6.251
4513 6.251 6.251
4301 6.251 6.251
4188 6.251 6.274
4458 6.274 6.274
4261 6.274 6.274
4351 6.274 6.274
4354 6.274 6.29
4376 6.29 6.29
4348 6.29 6.29
4188 6.29 6.29
4281 6.29 6.272
4436 6.272 6.272
4302 6.272 6.272
4238 6.272 6.272
4416 6.272 6.172
4296 6.172 6.172
4495 6.172 6.172
4188 6.172 6.172
4342 6.172 6.064
4644 6.064 6.064
4441 6.064 6.064
4325 6.064 6.064
4397 6.064 5.909
4414 5.909 5.909
4254 5.909 5.909
4393 5.909 5.909
4464 5.909 6.008
4411 6.008 6.008
4268 6.008 6.008
4188 6.008 6.008
4310 6.008 6.008
4442 6.008 6.008
4343 6.008 6.011
4264 6.011 6.011
4188 6.011 6.011
4391 6.011 5.919
4492 5.919 5.919
4188 5.919 5.919
4380 5.919 5.919
4393 5.919 6.063
4229 6.063 6.063
4241 6.063 6.063
4271 6.063 5.939
4188 5.939 5.939
4188 5.939 5.939
4582 5.939 6.044
4188 6.044 6.044
4188 6.044 6.044
4526 6.044 6.044
4247 6.044 6.055
4426 6.055 6.055
4346 6.055 6.055
4472 6.055 6.087
4451 6.087 6.087
4295 6.087 6.087
4466 6.087 6.087
4188 6.087 6.193
4344 6.193 6.193
4373 6.193 6.193
4246 6.193 6.242
4578 6.242 6.242
4491 6.242 6.242
4376 6.242 6.242
4285 6.242 6.181
4431 6.181 6.181
4298 6.181 6.181
4188 6.181 6.181
4515 6.181 6.177
4292 6.177 6.177
4403 6.177 6.177
4311 6.177 6.177
4356 6.177 6.196
4231 6.196 6.196
4347 6.196 6.196
4239 6.196 6.196
4507 6.196 6.35
4492 6.35 6.35
4401 6.35 6.35
4749 6.35 6.35
4473 6.35 6.428
4451 6.428 6.428
4733 6.428 6.428
4378 6.428 6.428
4327 6.428 5.903
4500 5.903 5.903
4233 5.903 5.903
4188 5.903 5.903
4190 5.903 5.724
4188 5.724 5.724
4266 5.724 5.724
4290 5.724 6.18
4188 6.18 6.18
4390 6.18 6.18
4545 6.18 6.3
4422 6.3 6.3
4299 6.3 6.3
4388 6.3 6.3
4396 6.3 5.955
4464 5.955 5.955
4350 5.955 5.955
4295 5.955 5.955
4622 5.955 5.988
4236 5.988 5.988
4188 5.988 5.988
4575 5.988 6.254
4394 6.254 6.254
4298 6.254 6.254
4257 6.254 6.254
4445 6.254 6.232
4274 6.232 6.232
4222 6.232 6.232
4502 6.232 6.232
4410 6.232 6.092
4357 6.092 6.092
4188 6.092 6.092
4356 6.092 6.092
4254 6.092 6.074
4481 6.074 6.074
4446 6.074 6.074
4384 6.074 6.321
4428 6.321 6.321
4433 6.321 6.321
4302 6.321 6.321
4565 6.321 6.387
4322 6.387 6.387
4269 6.387 6.387
4452 6.387 6.387
4229 6.387 6.225
4359 6.225 6.225
4294 6.225 6.225
4277 6.225 6.225
4319 6.225 6.27
4254 6.27 6.27
4274 6.27 6.27
4214 6.27 6.27
4188 6.27 6.33
4317 6.33 6.33
4314 6.33 6.33
4341 6.33 6.33
4269 6.33 6.253
4313 6.253 6.253
4325 6.253 6.253
4188 6.253 6.253
4382 6.253 6.189
4327 6.189 6.189
4256 6.189 6.189
4234 6.189 6.189
4441 6.189 6.141
4361 6.141 6.141
4332 6.141 6.141
4225 6.141 6.141
4188 6.141 6.098
4318 6.098 6.098
4256 6.098 6.098
4218 6.098 6.071
4188 6.071 6.071
4281 6.071 6.071
4475 6.071 6.259
4374 6.259 6.259
4188 6.259 6.259
4467 6.259 6.259
4327 6.259 6.13
4266 6.13 6.13
4263 6.13 6.13
4234 6.13 6.13
4414 6.13 6.011
4236 6.011 6.011
4223 6.011 6.011
4399 6.011 6.011
4435 6.011 6.136
4188 6.136 6.136
4390 6.136 6.136
4287 6.136 6.136
4323 6.136 6.014
4338 6.014 6.014
4188 6.014 6.014
4188 6.014 6.014
4341 6.014 5.988
4188 5.988 5.988
4481 5.988 5.988
4499 5.988 5.988
4256 5.988 6.027
4248 6.027 6.027
4511 6.027 6.027
4283 6.027 5.957
4440 5.957 5.957
4492 5.957 5.957
4324 5.957 6.035
4340 6.035 6.035
4540 6.035 6.035
4269 6.035 6.022
4188 6.022 6.022
4562 6.022 6.022
4332 6.022 6.03
4522 6.03 6.03
4319 6.03 6.03
4188 6.03 6.03
4510 6.03 5.936
4357 5.936 5.936
4201 5.936 5.936
4235 5.936 5.936
4298 5.936 5.897
4188 5.897 5.897
4188 5.897 5.897
4320 5.897 5.897
4338 5.897 5.897
4188 5.897 5.897
4388 5.897 5.893
4249 5.893 5.893
4430 5.893 5.893
4573 5.893 5.893
4235 5.893 6.003
4305 6.003 6.003
4718 6.003 6.003
4537 6.003 6.041
4212 6.041 6.041
4382 6.041 6.041
4581 6.041 6.041
4430 6.041 6.071
4226 6.071 6.071
4280 6.071 6.071
4406 6.071 6.071
4226 6.071 6.239
4194 6.239 6.239
4238 6.239 6.239
4242 6.239 6.373
4410 6.373 6.373
4242 6.373 6.373
4235 6.373 6.373
4692 6.373 6.461
4188 6.461 6.461
4448 6.461 6.461
4702 6.461 6.461
4397 6.461 6.4
4360 6.4 6.4
4294 6.4 6.4
4366 6.4 6.4
4365 6.4 6.19
4305 6.19 6.19
4573 6.19 6.19
4377 6.19 6.19
4274 6.19 6.003
4310 6.003 6.003
4292 6.003 6.003
4221 6.003 6.011
4375 6.011 6.011
4300 6.011 6.011
4188 6.011 6.333
4260 6.333 6.333
4326 6.333 6.333
4357 6.333 6.405
4373 6.405 6.405
4427 6.405 6.405
4454 6.405 6.405
4281 6.405 6.297
4293 6.297 6.297
4277 6.297 6.297
4280 6.297 6.297
4188 6.297 6.683
4421 6.683 6.683
4257 6.683 6.683
4273 6.683 6.731
4622 6.731 6.731
4383 6.731 6.731
4451 6.731 6.731
4287 6.731 6.804
4188 6.804 6.804
4557 6.804 6.804
4352 6.804 6.804
4338 6.804 6.685
4188 6.685 6.685
4188 6.685 6.685
4396 6.685 6.685
4397 6.685 6.725
4255 6.725 6.725
4465 6.725 6.725
4517 6.725 6.725
4265 6.725 6.767
4393 6.767 6.767
4528 6.767 6.767
4466 6.767 6.767
4222 6.767 6.554
4514 6.554 6.554
4420 6.554 6.554
4322 6.554 6.554
4390 6.554 6.549
4510 6.549 6.549
4319 6.549 6.549
4307 6.549 6.549
4406 6.549 6.687
4285 6.687 6.687
4352 6.687 6.687
4330 6.687 6.687
4385 6.687 6.409
4334 6.409 6.409
4415 6.409 6.409
4379 6.409 6.409
4289 6.409 6.156
4274 6.156 6.156
4193 6.156 6.156
4576 6.156 6.511
4377 6.511 6.511
4248 6.511 6.511
4601 6.511 6.511
4220 6.511 6.44
4323 6.44 6.44
4576 6.44 6.44
4203 6.44 6.44
4416 6.44 6.304
4401 6.304 6.304
4355 6.304 6.304
4464 6.304 6.304
4359 6.304 6.186
4188 6.186 6.186
4399 6.186 6.186
4400 6.186 6.186
4211 6.186 6.251
4188 6.251 6.251
4451 6.251 6.251
4540 6.251 6.251
4276 6.251 6.257
4514 6.257 6.257
4188 6.257 6.257
4479 6.257 6.257
4367 6.257 6.31
4379 6.31 6.31
4285 6.31 6.31
4342 6.31 6.31
4309 6.31 6.231
4216 6.231 6.231
4369 6.231 6.231
4362 6.231 6.231
4463 6.231 6.418
4274 6.418 6.418
4350 6.418 6.418
4271 6.418 6.418
4479 6.418 6.354
4354 6.354 6.354
4493 6.354 6.354
4464 6.354 6.354
4249 6.354 6.134
4188 6.134 6.134
4266 6.134 6.134
4223 6.134 6.134
4450 6.134 6.28
4415 6.28 6.28
4296 6.28 6.28
4231 6.28 6.28
4496 6.28 6.182
4332 6.182 6.182
4321 6.182 6.182
4425 6.182 6.182
4365 6.182 5.924
4429 5.924 5.924
4271 5.924 5.924
4188 5.924 5.924
4369 5.924 5.865
4454 5.865 5.865
4318 5.865 5.865
4311 5.865 5.751
4430 5.751 5.751
4383 5.751 5.751
4188 5.751 5.64
4312 5.64 5.64
4347 5.64 5.64
4334 5.64 5.611
4287 5.611 5.611
4253 5.611 5.611
4188 5.611 5.625
4418 5.625 5.625
4278 5.625 5.625
4382 5.625 5.561
4237 5.561 5.561
4343 5.561 5.561
4215 5.561 5.563
4360 5.563 5.563
4247 5.563 5.563
4486 5.563 5.662
4263 5.662 5.662
4333 5.662 5.662
4350 5.662 5.601
4385 5.601 5.601
4314 5.601 5.601
4243 5.601 5.565
4188 5.565 5.565
4429 5.565 5.565
4376 5.565 5.577
4537 5.577 5.577
4361 5.577 5.577
4234 5.577 5.47
4273 5.47 5.47
4213 5.47 5.47
4411 5.47 5.637
4349 5.637 5.637
4188 5.637 5.637
4295 5.637 5.598
4369 5.598 5.598
4381 5.598 5.598
4282 5.598 5.515
4188 5.515 5.515
4364 5.515 5.515
4262 5.515 5.342
4394 5.342 5.342
4262 5.342 5.342
4413 5.342 5.273
4403 5.273 5.273
4188 5.273 5.273
4454 5.273 5.41
4231 5.41 5.41
4268 5.41 5.41
4310 5.41 5.389
4337 5.389 5.389
4423 5.389 5.389
4242 5.389 5.522
4188 5.522 5.522
4380 5.522 5.522
4460 5.522 5.454
4486 5.454 5.454
4475 5.454 5.454
4232 5.454 5.484
4231 5.484 5.484
4359 5.484 5.484
4188 5.484 5.431
4310 5.431 5.431
4557 5.431 5.431
4457 5.431 5.546
4404 5.546 5.546
4195 5.546 5.546
4279 5.546 5.622
4505 5.622 5.622
4253 5.622 5.622
4308 5.622 5.509
4308 5.509 5.509
4447 5.509 5.509
4267 5.509 5.376
4269 5.376 5.376
4481 5.376 5.376
4475 5.376 5.431
4188 5.431 5.431
4209 5.431 5.431
4259 5.431 5.277
4436 5.277 5.277
4188 5.277 5.277
4188 5.277 5.393
4439 5.393 5.393
4241 5.393 5.393
4432 5.393 5.489
4190 5.489 5.489
4521 5.489 5.489
4414 5.489 5.732
4570 5.732 5.732
4291 5.732 5.732
4426 5.732 5.565
4724 5.565 5.565
4232 5.565 5.565
4262 5.565 5.426
4389 5.426 5.426
4447 5.426 5.426
4235 5.426 5.379
4347 5.379 5.379
4751 5.379 5.379
4205 5.379 5.767
4234 5.767 5.767
4600 5.767 5.767
4250 5.767 5.812
4258 5.812 5.812
4374 5.812 5.812
4437 5.812 5.729
4432 5.729 5.729
4263 5.729 5.729
4224 5.729 5.708
4494 5.708 5.708
4242 5.708 5.708
4188 5.708 5.729
4265 5.729 5.729
4260 5.729 5.729
4202 5.729 5.74
4220 5.74 5.74
4338 5.74 5.74
4298 5.74 5.777
4188 5.777 5.777
4619 5.777 5.777
4300 5.777 5.921
4334 5.921 5.921
4521 5.921 5.921
4441 5.921 5.774
4275 5.774 5.774
4370 5.774 5.774
4330 5.774 5.774
4399 5.774 5.766
4188 5.766 5.766
4269 5.766 5.766
4456 5.766 6.068
4420 6.068 6.068
4188 6.068 6.068
4581 6.068 6.068
4276 6.068 6.1
4363 6.1 6.1
4276 6.1 6.1
4283 6.1 6.1
4232 6.1 5.905
4393 5.905 5.905
4380 5.905 5.905
4383 5.905 5.909
4601 5.909 5.909
4263 5.909 5.909
4352 5.909 5.909
4234 5.909 5.926
4409 5.926 5.926
4384 5.926 5.926
4252 5.926 5.877
4381 5.877 5.877
4275 5.877 5.877
4381 5.877 5.833
4188 5.833 5.833
4346 5.833 5.833
4377 5.833 5.899
4246 5.899 5.899
4289 5.899 5.899
4233 5.899 5.959
4451 5.959 5.959
4391 5.959 5.959
4353 5.959 5.912
4274 5.912 5.912
4288 5.912 5.912
4357 5.912 6.019
4318 6.019 6.019
4263 6.019 6.019
4363 6.019 6.024
4188 6.024 6.024
4433 6.024 6.024
4291 6.024 5.959
4350 5.959 5.959
4429 5.959 5.959
4437 5.959 6.063
4343 6.063 6.063
4642 6.063 6.063
4193 6.063 6.063
4366 6.063 6.07
4389 6.07 6.07
4291 6.07 6.07
4188 6.07 6.07
4346 6.07 5.999
4190 5.999 5.999
4276 5.999 5.999
4406 5.999 5.999
4215 5.999 6.133
4209 6.133 6.133
4289 6.133 6.133
4525 6.133 6.386
4503 6.386 6.386
4376 6.386 6.386
4461 6.386 6.386
4834 6.386 6.384
4372 6.384 6.384
4443 6.384 6.384
4478 6.384 6.384
4570 6.384 6.002
4497 6.002 6.002
4335 6.002 6.002
4246 6.002 6.002
4188 6.002 6.133
4188 6.133 6.133
4304 6.133 6.133
4291 6.133 6.707
4200 6.707 6.707
4388 6.707 6.707
4240 6.707 6.707
4245 6.707 6.757
4312 6.757 6.757
4269 6.757 6.757
4188 6.757 6.757
4203 6.757 6.511
4423 6.511 6.511
4188 6.511 6.511
4335 6.511 6.511
4272 6.511 6.577
4464 6.577 6.577
4584 6.577 6.577
4188 6.577 6.577
4516 6.577 6.443
4564 6.443 6.443
4276 6.443 6.443
4188 6.443 6.443
4227 6.443 6.376
4367 6.376 6.376
4361 6.376 6.376
4413 6.376 6.376
4264 6.376 6.479
4276 6.479 6.479
4547 6.479 6.479
4265 6.479 6.479
4326 6.479 6.357
4265 6.357 6.357
4340 6.357 6.357
4274 6.357 6.357
4295 6.357 6.274
4589 6.274 6.274
4339 6.274 6.274
4471 6.274 6.274
4561 6.274 5.958
4487 5.958 5.958
4377 5.958 5.958
4368 5.958 5.958
4378 5.958 5.711
4188 5.711 5.711
4448 5.711 5.711
4254 5.711 6.008
4247 6.008 6.008
4299 6.008 6.008
4340 6.008 6.268
4319 6.268 6.268
4188 6.268 6.268
4296 6.268 6.268
4297 6.268 6.137
4377 6.137 6.137
4231 6.137 6.137
4499 6.137 6.137
4188 6.137 6.266
4188 6.266 6.266
4453 6.266 6.266
4387 6.266 6.187
4419 6.187 6.187
4443 6.187 6.187
4364 6.187 6.187
4241 6.187 6.167
4407 6.167 6.167
4300 6.167 6.167
4188 6.167 6.197
4449 6.197 6.197
4245 6.197 6.197
4188 6.197 6.501
4434 6.501 6.501
4236 6.501 6.501
4355 6.501 6.652
4493 6.652 6.652
4596 6.652 6.652
4327 6.652 6.652
4235 6.652 6.461
4490 6.461 6.461
4495 6.461 6.461
4398 6.461 6.461
4271 6.461 6.383
4209 6.383 6.383
4252 6.383 6.383
4485 6.383 6.383
4309 6.383 6.64
4188 6.64 6.64
4465 6.64 6.64
4301 6.64 6.64
4293 6.64 6.67
4401 6.67 6.67
4250 6.67 6.67
4228 6.67 6.67
4503 6.67 6.648
4508 6.648 6.648
4297 6.648 6.648
4356 6.648 6.648
4270 6.648 6.615
4259 6.615 6.615
4424 6.615 6.615
4454 6.615 6.615
4270 6.615 6.496
4243 6.496 6.496
4302 6.496 6.496
4370 6.496 6.496
4188 6.496 6.729
4433 6.729 6.729
4386 6.729 6.729
4188 6.729 6.729
4546 6.729 6.626
4471 6.626 6.626
4216 6.626 6.626
4407 6.626 6.626
4188 6.626 6.558
4210 6.558 6.558
4349 6.558 6.558
4424 6.558 6.558
4249 6.558 6.535
4291 6.535 6.535
4188 6.535 6.535
4543 6.535 6.535
4241 6.535 7.168
4509 7.168 7.168
4747 7.168 7.168
4452 7.168 7.168
4541 7.168 6.761
4496 6.761 6.761
4575 6.761 6.761
4272 6.761 6.761
4288 6.761 6.345
4349 6.345 6.345
4292 6.345 6.345
4200 6.345 6.345
4256 6.345 6.73
4475 6.73 6.73
4414 6.73 6.73
4348 6.73 6.73
4532 6.73 6.829
4484 6.829 6.829
4288 6.829 6.829
4270 6.829 6.829
4473 6.829 6.476
4257 6.476 6.476
4242 6.476 6.476
4373 6.476 6.476
4373 6.476 6.485
4188 6.485 6.485
4425 6.485 6.485
4314 6.485 6.485
4392 6.485 6.764
4318 6.764 6.764
4232 6.764 6.764
4317 6.764 6.764
4188 6.764 6.809
4218 6.809 6.809
4422 6.809 6.809
4375 6.809 6.809
4346 6.809 6.631
4349 6.631 6.631
4260 6.631 6.631
4317 6.631 6.631
4277 6.631 6.784
4270 6.784 6.784
4188 6.784 6.784
4361 6.784 6.784
4222 6.784 6.747
4328 6.747 6.747
4370 6.747 6.747
4316 6.747 6.747
4329 6.747 6.456
4348 6.456 6.456
4284 6.456 6.456
4427 6.456 6.456
4356 6.456 6.289
4386 6.289 6.289
4375 6.289 6.289
4370 6.289 6.289
4188 6.289 6.438
4446 6.438 6.438
4279 6.438 6.438
4372 6.438 6.293
4590 6.293 6.293
4280 6.293 6.293
4376 6.293 6.293
4469 6.293 6.282
4363 6.282 6.282
4446 6.282 6.282
4493 6.282 6.282
4323 6.282 6.31
4396 6.31 6.31
4274 6.31 6.31
4216 6.31 6.31
4488 6.31 6.203
4313 6.203 6.203
4227 6.203 6.203
4568 6.203 6.203
4261 6.203 6.432
4358 6.432 6.432
4379 6.432 6.432
4438 6.432 6.432
4301 6.432 6.402
4337 6.402 6.402
4280 6.402 6.402
4448 6.402 6.402
4220 6.402 6.338
4335 6.338 6.338
4295 6.338 6.338
4288 6.338 6.338
4479 6.338 6.328
4223 6.328 6.328
4400 6.328 6.328
4284 6.328 6.328
4298 6.328 6.222
4303 6.222 6.222
4248 6.222 6.222
4345 6.222 6.222
4394 6.222 6.14
4433 6.14 6.14
4493 6.14 6.14
4498 6.14 6.14
4285 6.14 6.041
4269 6.041 6.041
4306 6.041 6.041
4277 6.041 5.985
4461 5.985 5.985
4362 5.985 5.985
4301 5.985 6.198
4236 6.198 6.198
4451 6.198 6.198
4597 6.198 6.315
4507 6.315 6.315
4188 6.315 6.315
4257 6.315 6.315
4542 6.315 6.097
4282 6.097 6.097
4290 6.097 6.097
4297 6.097 6.097
4400 6.097 6.221
4231 6.221 6.221
4403 6.221 6.221
4419 6.221 6.221
4373 6.221 6.606
4380 6.606 6.606
4467 6.606 6.606
4542 6.606 6.606
4188 6.606 6.566
4370 6.566 6.566
4309 6.566 6.566
4188 6.566 6.566
4252 6.566 6.499
4191 6.499 6.499
4261 6.499 6.499
4248 6.499 6.499
4287 6.499 6.711
4231 6.711 6.711
4220 6.711 6.711
4444 6.711 6.711
4390 6.711 6.869
4452 6.869 6.869
4555 6.869 6.869
4333 6.869 6.869
4369 6.869 6.671
4318 6.671 6.671
4361 6.671 6.671
4231 6.671 6.671
4188 6.671 6.546
4501 6.546 6.546
4377 6.546 6.546
4188 6.546 6.546
4451 6.546 6.854
4188 6.854 6.854
4306 6.854 6.854
4271 6.854 6.854
4319 6.854 6.841
4325 6.841 6.841
4205 6.841 6.841
4316 6.841 6.841
4292 6.841 6.715
4247 6.715 6.715
4188 6.715 6.715
4314 6.715 6.715
4298 6.715 6.883
4194 6.883 6.883
4572 6.883 6.883
4458 6.883 6.883
4236 6.883 6.938
4296 6.938 6.938
4485 6.938 6.938
4286 6.938 6.938
4335 6.938 6.756
4338 6.756 6.756
4299 6.756 6.756
4275 6.756 6.756
4232 6.756 6.572
4258 6.572 6.572
4323 6.572 6.572
4252 6.572 6.572
4188 6.572 6.619
4364 6.619 6.619
4242 6.619 6.619
4505 6.619 6.619
4672 6.619 6.868
4188 6.868 6.868
4398 6.868 6.868
4723 6.868 6.868
4188 6.868 6.748
4505 6.748 6.748
4606 6.748 6.748
4208 6.748 6.748
4308 6.748 6.524
4230 6.524 6.524
4196 6.524 6.524
4303 6.524 6.524
4272 6.524 6.648
4188 6.648 6.648
4188 6.648 6.648
4424 6.648 6.648
4207 6.648 6.826
4301 6.826 6.826
4250 6.826 6.826
4401 6.826 6.826
4286 6.826 6.732
4336 6.732 6.732
4276 6.732 6.732
4277 6.732 6.732
4387 6.732 6.661
4188 6.661 6.661
4262 6.661 6.661
4231 6.661 6.661
4188 6.661 6.799
4188 6.799 6.799
4303 6.799 6.799
4428 6.799 6.799
4336 6.799 6.961
4387 6.961 6.961
4578 6.961 6.961
4271 6.961 6.961
4188 6.961 6.839
4188 6.839 6.839
4321 6.839 6.839
4374 6.839 6.839
4435 6.839 6.715
4402 6.715 6.715
4228 6.715 6.715
4296 6.715 6.715
4431 6.715 6.857
4246 6.857 6.857
4273 6.857 6.857
4408 6.857 6.857
4271 6.857 6.881
4263 6.881 6.881
4231 6.881 6.881
4344 6.881 6.881
4323 6.881 6.723
4282 6.723 6.723
4366 6.723 6.723
4378 6.723 6.723
4546 6.723 6.67
4280 6.67 6.67
4406 6.67 6.67
4572 6.67 6.67
4188 6.67 6.593
4465 6.593 6.593
4462 6.593 6.593
4188 6.593 6.593
4592 6.593 6.524
4188 6.524 6.524
4188 6.524 6.524
4199 6.524 6.524
4273 6.524 6.815
4188 6.815 6.815
4462 6.815 6.815
4356 6.815 6.815
4253 6.815 7.132
4431 7.132 7.132
4313 7.132 7.132
4457 7.132 7.132
4366 7.132 7.013
4555 7.013 7.013
4246 7.013 7.013
4241 7.013 7.013
4390 7.013 6.774
4271 6.774 6.774
4229 6.774 6.774
4342 6.774 6.774
4188 6.774 7.297
4470 7.297 7.297
4493 7.297 7.297
4416 7.297 7.297
4371 7.297 7.422
4256 7.422 7.422
4492 7.422 7.422
4269 7.422 7.422
4574 7.422 7.268
4402 7.268 7.268
4418 7.268 7.268
4475 7.268 7.268
4237 7.268 6.947
4505 6.947 6.947
4329 6.947 6.947
4392 6.947 6.947
4268 6.947 6.973
4676 6.973 6.973
4188 6.973 6.973
4523 6.973 6.973
4411 6.973 7.217
4531 7.217 7.217
4362 7.217 7.217
4334 7.217 7.217
4420 7.217 7.27
4226 7.27 7.27
4319 7.27 7.27
4263 7.27 7.27
4474 7.27 7.604
4228 7.604 7.604
4680 7.604 7.604
4289 7.604 7.604
4796 7.604 7.705
4376 7.705 7.705
4478 7.705 7.705
4303 7.705 7.705
4650 7.705 7.705
4389 7.705 7.199
4437 7.199 7.199
4401 7.199 7.199
4227 7.199 7.199
4391 7.199 6.997
4308 6.997 6.997
4249 6.997 6.997
4418 6.997 6.997
4250 6.997 7.678
4363 7.678 7.678
4265 7.678 7.678
4367 7.678 7.678
4276 7.678 7.679
4427 7.679 7.679
4202 7.679 7.679
4392 7.679 7.679
4301 7.679 7.363
4428 7.363 7.363
4188 7.363 7.363
4529 7.363 7.363
4437 7.363 7.671
4372 7.671 7.671
4716 7.671 7.671
4219 7.671 7.671
4475 7.671 7.645
4521 7.645 7.645
4337 7.645 7.645
4363 7.645 7.645
4250 7.645 7.645
4471 7.645 7.439
4453 7.439 7.439
4718 7.439 7.439
4332 7.439 7.439
4327 7.439 7.615
4200 7.615 7.615
4284 7.615 7.615
4274 7.615 7.615
4352 7.615 7.596
4340 7.596 7.596
4241 7.596 7.596
4449 7.596 7.596
4346 7.596 7.704
4423 7.704 7.704
4355 7.704 7.704
4370 7.704 7.704
4347 7.704 7.548
4309 7.548 7.548
4483 7.548 7.548
4374 7.548 7.548
4449 7.548 7.501
4344 7.501 7.501
4323 7.501 7.501
4243 7.501 7.501
4188 7.501 7.58
4420 7.58 7.58
4246 7.58 7.58
4499 7.58 7.58
4234 7.58 7.804
4321 7.804 7.804
4485 7.804 7.804
4478 7.804 7.804
4492 7.804 7.805
4511 7.805 7.805
4356 7.805 7.805
4534 7.805 7.805
4469 7.805 7.805
4396 7.805 7.551
4188 7.551 7.551
4327 7.551 7.551
4227 7.551 7.551
4291 7.551 7.5
4405 7.5 7.5
4198 7.5 7.5
4286 7.5 7.5
4499 7.5 7.885
4233 7.885 7.885
4531 7.885 7.885
4251 7.885 7.885
4377 7.885 7.857
4247 7.857 7.857
4394 7.857 7.857
4480 7.857 7.857
4252 7.857 7.857
4672 7.857 7.653
4188 7.653 7.653
4729 7.653 7.653
4535 7.653 7.653
4452 7.653 7.653
4381 7.653 7.426
4402 7.426 7.426
4188 7.426 7.426
4228 7.426 7.426
4246 7.426 7.669
4267 7.669 7.669
4335 7.669 7.669
4213 7.669 7.669
4415 7.669 7.901
4306 7.901 7.901
4250 7.901 7.901
4531 7.901 7.901
4385 7.901 7.924
4371 7.924 7.924
4246 7.924 7.924
4382 7.924 7.924
4188 7.924 7.924
4306 7.924 7.581
4447 7.581 7.581
4314 7.581 7.581
4300 7.581 7.581
4435 7.581 7.521
4190 7.521 7.521
4238 7.521 7.521
4188 7.521 7.521
4188 7.521 7.743
4252 7.743 7.743
4309 7.743 7.743
4484 7.743 7.743
4315 7.743 7.639
4261 7.639 7.639
4188 7.639 7.639
4517 7.639 7.639
4188 7.639 7.594
4328 7.594 7.594
4349 7.594 7.594
4262 7.594 7.594
4460 7.594 7.635
4260 7.635 7.635
4317 7.635 7.635
4458 7.635 7.635
4273 7.635 7.575
4384 7.575 7.575
4291 7.575 7.575
4333 7.575 7.575
4362 7.575 7.508
4386 7.508 7.508
4540 7.508 7.508
4261 7.508 7.508
4405 7.508 7.253
4299 7.253 7.253
4414 7.253 7.253
4288 7.253 7.253
4188 7.253 7.05
4578 7.05 7.05
4188 7.05 7.05
4423 7.05 7.05
4318 7.05 6.917
4329 6.917 6.917
4188 6.917 6.917
4271 6.917 6.917
4188 6.917 7.173
4320 7.173 7.173
4462 7.173 7.173
4252 7.173 7.173
4342 7.173 7.143
4266 7.143 7.143
4357 7.143 7.143
4342 7.143 7.143
4340 7.143 6.983
4434 6.983 6.983
4305 6.983 6.983
4259 6.983 6.983
4359 6.983 6.9
4244 6.9 6.9
4292 6.9 6.9
4604 6.9 6.9
4262 6.9 7.009
4370 7.009 7.009
4520 7.009 7.009
4230 7.009 7.009
4378 7.009 6.858
4538 6.858 6.858
4188 6.858 6.858
4411 6.858 6.858
4197 6.858 6.67
4381 6.67 6.67
4252 6.67 6.67
4435 6.67 6.67
4495 6.67 7.09
4422 7.09 7.09
4512 7.09 7.09
4271 7.09 7.09
4260 7.09 6.861
4286 6.861 6.861
4334 6.861 6.861
4321 6.861 6.861
4439 6.861 7.011
4246 7.011 7.011
4449 7.011 7.011
4258 7.011 7.011
4233 7.011 6.816
4260 6.816 6.816
4274 6.816 6.816
4407 6.816 6.816
4225 6.816 6.752
4272 6.752 6.752
4188 6.752 6.752
4387 6.752 6.752
4280 6.752 6.725
4217 6.725 6.725
4402 6.725 6.725
4294 6.725 6.725
4564 6.725 6.618
4419 6.618 6.618
4332 6.618 6.618
4518 6.618 6.618
4421 6.618 6.567
4332 6.567 6.567
4551 6.567 6.567
4243 6.567 6.567
4395 6.567 6.35
4258 6.35 6.35
4188 6.35 6.35
4188 6.35 6.35
4294 6.35 6.364
4347 6.364 6.364
4246 6.364 6.364
4284 6.364 6.364
4188 6.364 6.411
4434 6.411 6.411
4274 6.411 6.411
4402 6.411 6.411
4431 6.411 6.406
4427 6.406 6.406
4309 6.406 6.406
4208 6.406 6.406
4292 6.406 6.617
4530 6.617 6.617
4188 6.617 6.617
4278 6.617 6.617
4457 6.617 6.621
4356 6.621 6.621
4189 6.621 6.621
4334 6.621 6.621
4288 6.621 6.67
4449 6.67 6.67
4334 6.67 6.67
4478 6.67 6.67
4301 6.67 6.716
4480 6.716 6.716
4271 6.716 6.716
4370 6.716 6.716
4215 6.716 6.576
4188 6.576 6.576
4263 6.576 6.576
4278 6.576 6.576
4188 6.576 6.73
4520 6.73 6.73
4297 6.73 6.73
4188 6.73 6.73
4737 6.73 7.139
4231 7.139 7.139
4476 7.139 7.139
4285 7.139 7.139
4456 7.139 6.959
4401 6.959 6.959
4232 6.959 6.959
4308 6.959 6.959
4328 6.959 6.853
4275 6.853 6.853
4475 6.853 6.853
4309 6.853 6.853
4188 6.853 7.106
4458 7.106 7.106
4230 7.106 7.106
4430 7.106 7.106
4188 7.106 7.375
4213 7.375 7.375
4494 7.375 7.375
4488 7.375 7.375
4263 7.375 7.198
4581 7.198 7.198
4338 7.198 7.198
4353 7.198 7.198
4273 7.198 6.871
4469 6.871 6.871
4300 6.871 6.871
4295 6.871 6.871
4372 6.871 6.98
4374 6.98 6.98
4299 6.98 6.98
4288 6.98 6.98
4290 6.98 7.074
4244 7.074 7.074
4188 7.074 7.074
4594 7.074 7.074
4375 7.074 7.171
4445 7.171 7.171
4369 7.171 7.171
4365 7.171 7.171
4333 7.171 6.96
4341 6.96 6.96
4377 6.96 6.96
4277 6.96 6.96
4269 6.96 6.881
4264 6.881 6.881
4255 6.881 6.881
4188 6.881 6.881
4226 6.881 6.957
4601 6.957 6.957
4291 6.957 6.957
4721 6.957 6.957
4356 6.957 7.003
4551 7.003 7.003
4739 7.003 7.003
4458 7.003 7.003
4518 7.003 6.704
4304 6.704 6.704
4358 6.704 6.704
4221 6.704 6.704
4226 6.704 6.547
4188 6.547 6.547
4416 6.547 6.547
4258 6.547 6.547
4439 6.547 6.767
4436 6.767 6.767
4380 6.767 6.767
4275 6.767 6.767
4536 6.767 6.917
4457 6.917 6.917
4320 6.917 6.917
4357 6.917 6.917
4341 6.917 6.643
4236 6.643 6.643
4269 6.643 6.643
4191 6.643 6.643
4258 6.643 6.495
4365 6.495 6.495
4315 6.495 6.495
4188 6.495 6.495
4198 6.495 6.73
4409 6.73 6.73
4188 6.73 6.73
4188 6.73 6.73
4563 6.73 6.804
4357 6.804 6.804
4396 6.804 6.804
4320 6.804 6.804
4573 6.804 6.855
4245 6.855 6.855
4265 6.855 6.855
4246 6.855 6.855
4192 6.855 6.723
4448 6.723 6.723
4188 6.723 6.723
4383 6.723 6.723
4316 6.723 6.866
4304 6.866 6.866
4192 6.866 6.866
4246 6.866 6.866
4240 6.866 6.991
4214 6.991 6.991
4335 6.991 6.991
4416 6.991 6.991
4424 6.991 6.855
4456 6.855 6.855
4290 6.855 6.855
4377 6.855 6.855
4350 6.855 7.062
4364 7.062 7.062
4354 7.062 7.062
4278 7.062 7.062
4388 7.062 6.959
4251 6.959 6.959
4326 6.959 6.959
4419 6.959 6.959
4364 6.959 6.815
4392 6.815 6.815
4575 6.815 6.815
4436 6.815 6.815
4375 6.815 6.649
4355 6.649 6.649
4418 6.649 6.649
4188 6.649 6.649
4322 6.649 6.65
4188 6.65 6.65
4275 6.65 6.65
4399 6.65 6.65
4477 6.65 7.16
4244 7.16 7.16
4362 7.16 7.16
4432 7.16 7.16
4405 7.16 7.141
4357 7.141 7.141
4444 7.141 7.141
4340 7.141 7.141
4223 7.141 6.974
4298 6.974 6.974
4408 6.974 6.974
4328 6.974 6.974
4296 6.974 6.951
4438 6.951 6.951
4314 6.951 6.951
4402 6.951 6.951
4525 6.951 7.244
4283 7.244 7.244
4529 7.244 7.244
4519 7.244 7.244
4447 7.244 7.254
4495 7.254 7.254
4526 7.254 7.254
4222 7.254 7.254
4325 7.254 7.036
4237 7.036 7.036
4233 7.036 7.036
4441 7.036 7.036
4423 7.036 6.993
4301 6.993 6.993
4262 6.993 6.993
4317 6.993 6.993
4343 6.993 7.033
4278 7.033 7.033
4273 7.033 7.033
4417 7.033 7.033
4507 7.033 7.044
4188 7.044 7.044
4399 7.044 7.044
4188 7.044 7.044
4343 7.044 6.998
4567 6.998 6.998
4215 6.998 6.998
4492 6.998 6.998
4309 6.998 6.771
4269 6.771 6.771
4260 6.771 6.771
4266 6.771 6.771
4223 6.771 6.641
4257 6.641 6.641
4261 6.641 6.641
4479 6.641 6.641
4297 6.641 6.845
4388 6.845 6.845
4383 6.845 6.845
4335 6.845 6.845
4193 6.845 6.747
4389 6.747 6.747
4364 6.747 6.747
4311 6.747 6.747
4188 6.747 6.513
4324 6.513 6.513
4188 6.513 6.513
4251 6.513 6.513
4336 6.513 6.55
4316 6.55 6.55
4252 6.55 6.55
4332 6.55 6.55
4188 6.55 6.629
4188 6.629 6.629
4454 6.629 6.629
4247 6.629 6.629
4237 6.629 6.56
4235 6.56 6.56
4203 6.56 6.56
4203 6.56 6.56
4418 6.56 6.479
4256 6.479 6.479
4188 6.479 6.479
4283 6.479 6.479
4283 6.479 6.568
4261 6.568 6.568
4301 6.568 6.568
4188 6.568 6.568
4317 6.568 6.686
4188 6.686 6.686
4440 6.686 6.686
4241 6.686 6.686
4242 6.686 6.595
4407 6.595 6.595
4247 6.595 6.595
4415 6.595 6.595
4660 6.595 6.513
4330 6.513 6.513
4354 6.513 6.513
4188 6.513 6.513
4288 6.513 6.548
4573 6.548 6.548
4254 6.548 6.548
4198 6.548 6.548
4189 6.548 6.569
4216 6.569 6.569
4453 6.569 6.569
4188 6.569 6.569
4253 6.569 6.502
4233 6.502 6.502
4188 6.502 6.502
4238 6.502 6.502
4236 6.502 6.495
4375 6.495 6.495
4373 6.495 6.495
4188 6.495 6.495
4515 6.495 6.744
4397 6.744 6.744
4229 6.744 6.744
4225 6.744 6.744
4324 6.744 6.578
4255 6.578 6.578
4188 6.578 6.578
4355 6.578 6.578
4188 6.578 6.65
4338 6.65 6.65
4462 6.65 6.65
4188 6.65 6.65
4487 6.65 6.842
4356 6.842 6.842
4301 6.842 6.842
4472 6.842 6.842
4350 6.842 6.678
4279 6.678 6.678
4672 6.678 6.678
4350 6.678 6.678
4263 6.678 6.519
4266 6.519 6.519
4462 6.519 6.519
4188 6.519 6.519
4188 6.519 6.637
4316 6.637 6.637
4249 6.637 6.637
4222 6.637 6.637
4383 6.637 6.869
4207 6.869 6.869
4188 6.869 6.869
4370 6.869 6.869
4372 6.869 6.86
4255 6.86 6.86
4319 6.86 6.86
4293 6.86 6.86
4414 6.86 6.608
4188 6.608 6.608
4353 6.608 6.608
4355 6.608 6.608
4391 6.608 6.513
4343 6.513 6.513
4491 6.513 6.513
4488 6.513 6.513
4281 6.513 6.441
4403 6.441 6.441
4403 6.441 6.441
4248 6.441 6.441
4299 6.441 6.404
4544 6.404 6.404
4286 6.404 6.404
4231 6.404 6.404
4576 6.404 6.555
4279 6.555 6.555
4235 6.555 6.555
4422 6.555 6.555
4362 6.555 6.538
4211 6.538 6.538
4341 6.538 6.538
4488 6.538 6.538
4273 6.538 6.522
4338 6.522 6.522
4454 6.522 6.522
4380 6.522 6.522
4349 6.522 6.553
4659 6.553 6.553
4295 6.553 6.553
4543 6.553 6.553
4188 6.553 6.424
4395 6.424 6.424
4451 6.424 6.424
4359 6.424 6.424
4220 6.424 6.339
4232 6.339 6.339
4188 6.339 6.339
4588 6.339 6.339
4380 6.339 6.417
4188 6.417 6.417
4371 6.417 6.417
4325 6.417 6.417
4188 6.417 6.34
4544 6.34 6.34
4308 6.34 6.34
4414 6.34 6.34
4262 6.34 6.145
4188 6.145 6.145
4339 6.145 6.145
4413 6.145 6.145
4402 6.145 6.216
4355 6.216 6.216
4271 6.216 6.216
4336 6.216 6.216
4441 6.216 6.254
4285 6.254 6.254
4322 6.254 6.254
4446 6.254 6.254
4687 6.254 6.294
4226 6.294 6.294
4302 6.294 6.294
4283 6.294 6.294
4601 6.294 6.258
4241 6.258 6.258
4396 6.258 6.258
4720 6.258 6.258
4499 6.258 6.495
4372 6.495 6.495
4468 6.495 6.495
4404 6.495 6.495
4224 6.495 6.474
4298 6.474 6.474
4367 6.474 6.474
4188 6.474 6.474
4218 6.474 6.554
4343 6.554 6.554
4488 6.554 6.554
4207 6.554 6.554
4428 6.554 6.484
4342 6.484 6.484
4296 6.484 6.484
4188 6.484 6.484
4445 6.484 6.442
4188 6.442 6.442
4304 6.442 6.442
4451 6.442 6.442
4188 6.442 6.755
4339 6.755 6.755
4564 6.755 6.755
4430 6.755 6.755
4188 6.755 6.685
4360 6.685 6.685
4464 6.685 6.685
4268 6.685 6.685
4356 6.685 6.658
4320 6.658 6.658
4188 6.658 6.658
4188 6.658 6.658
4386 6.658 6.911
4321 6.911 6.911
4252 6.911 6.911
4188 6.911 6.911
4378 6.911 6.965
4234 6.965 6.965
4461 6.965 6.965
4398 6.965 6.965
4364 6.965 6.819
4261 6.819 6.819
4356 6.819 6.819
4506 6.819 6.819
4284 6.819 6.84
4288 6.84 6.84
4538 6.84 6.84
4320 6.84 6.84
4419 6.84 6.766
4328 6.766 6.766
4452 6.766 6.766
4227 6.766 6.766
4198 6.766 6.723
4654 6.723 6.723
4429 6.723 6.723
4339 6.723 6.723
4343 6.723 6.737
4380 6.737 6.737
4225 6.737 6.737
4230 6.737 6.737
4250 6.737 6.706
4188 6.706 6.706
4399 6.706 6.706
4352 6.706 6.706
4337 6.706 6.876
4340 6.876 6.876
4188 6.876 6.876
4560 6.876 6.876
4249 6.876 6.818
4373 6.818 6.818
4369 6.818 6.818
4335 6.818 6.818
4347 6.818 6.804
4295 6.804 6.804
4239 6.804 6.804
4213 6.804 6.804
4319 6.804 6.902
4188 6.902 6.902
4285 6.902 6.902
4273 6.902 6.902
4188 6.902 6.935
4320 6.935 6.935
4221 6.935 6.935
4451 6.935 6.935
4275 6.935 7.047
4495 7.047 7.047
4607 7.047 7.047
4382 7.047 7.047
4363 7.047 6.744
4322 6.744 6.744
4188 6.744 6.744
4571 6.744 6.744
4322 6.744 6.64
4509 6.64 6.64
4269 6.64 6.64
4265 6.64 6.64
4455 6.64 6.956
4254 6.956 6.956
4285 6.956 6.956
4374 6.956 6.956
4257 6.956 6.87
4300 6.87 6.87
4273 6.87 6.87
4270 6.87 6.87
4204 6.87 6.737
4296 6.737 6.737
4255 6.737 6.737
4591 6.737 6.737
4188 6.737 7.114
4372 7.114 7.114
4591 7.114 7.114
4398 7.114 7.114
4391 7.114 6.965
4403 6.965 6.965
4505 6.965 6.965
4314 6.965 6.965
4368 6.965 6.73
4696 6.73 6.73
4188 6.73 6.73
4467 6.73 6.73
4287 6.73 6.814
4320 6.814 6.814
4255 6.814 6.814
4469 6.814 6.814
4188 6.814 7.03
4328 7.03 7.03
4416 7.03 7.03
4314 7.03 7.03
4292 7.03 6.988
4586 6.988 6.988
4310 6.988 6.988
4305 6.988 6.988
4442 6.988 6.905
4326 6.905 6.905
4492 6.905 6.905
4240 6.905 6.905
4196 6.905 6.724
4354 6.724 6.724
4272 6.724 6.724
4274 6.724 6.724
4457 6.724 6.747
4336 6.747 6.747
4272 6.747 6.747
4531 6.747 6.747
4232 6.747 6.677
4428 6.677 6.677
4298 6.677 6.677
4371 6.677 6.677
4321 6.677 6.528
4288 6.528 6.528
4188 6.528 6.528
4436 6.528 6.528
4728 6.528 6.938
4415 6.938 6.938
4650 6.938 6.938
4718 6.938 6.938
4332 6.938 6.786
4428 6.786 6.786
4502 6.786 6.786
4188 6.786 6.786
4469 6.786 6.635
4188 6.635 6.635
4333 6.635 6.635
4279 6.635 6.635
4357 6.635 6.83
4453 6.83 6.83
4398 6.83 6.83
4488 6.83 6.83
4284 6.83 6.822
4371 6.822 6.822
4198 6.822 6.822
4502 6.822 6.822
4188 6.822 7.023
4282 7.023 7.023
4562 7.023 7.023
4243 7.023 7.023
4307 7.023 6.929
4376 6.929 6.929
4243 6.929 6.929
4229 6.929 6.929
4294 6.929 6.983
4255 6.983 6.983
4417 6.983 6.983
4372 6.983 6.983
4255 6.983 6.982
4238 6.982 6.982
4353 6.982 6.982
4514 6.982 6.982
4484 6.982 7.086
4492 7.086 7.086
4484 7.086 7.086
4522 7.086 7.086
4423 7.086 6.603
4381 6.603 6.603
4387 6.603 6.603
4200 6.603 6.603
4234 6.603 6.329
4539 6.329 6.329
4188 6.329 6.329
4282 6.329 6.329
4196 6.329 6.731
4246 6.731 6.731
4303 6.731 6.731
4337 6.731 6.731
4260 6.731 6.91
4403 6.91 6.91
4280 6.91 6.91
4290 6.91 6.91
4421 6.91 6.64
4364 6.64 6.64
4481 6.64 6.64
4574 6.64 6.64
4392 6.64 6.385
4188 6.385 6.385
4459 6.385 6.385
4279 6.385 6.385
4207 6.385 6.463
4257 6.463 6.463
4664 6.463 6.463
4260 6.463 6.463
4224 6.463 6.469
4473 6.469 6.469
4412 6.469 6.469
4347 6.469 6.469
4244 6.469 6.716
4381 6.716 6.716
4531 6.716 6.716
4360 6.716 6.716
4454 6.716 6.574
4446 6.574 6.574
4188 6.574 6.574
4369 6.574 6.574
4348 6.574 6.485
4425 6.485 6.485
4322 6.485 6.485
4586 6.485 6.485
4253 6.485 6.616
4237 6.616 6.616
4205 6.616 6.616
4471 6.616 6.616
4322 6.616 6.743
4310 6.743 6.743
4480 6.743 6.743
4323 6.743 6.743
4555 6.743 6.713
4395 6.713 6.713
4493 6.713 6.713
4577 6.713 6.713
4245 6.713 6.548
4188 6.548 6.548
4403 6.548 6.548
4208 6.548 6.548
4293 6.548 6.757
4354 6.757 6.757
4219 6.757 6.757
4368 6.757 6.757
4322 6.757 6.81
4272 6.81 6.81
4427 6.81 6.81
4404 6.81 6.81
4342 6.81 6.737
4396 6.737 6.737
4357 6.737 6.737
4533 6.737 6.737
4271 6.737 6.724
4229 6.724 6.724
4295 6.724 6.724
4545 6.724 6.724
4398 6.724 6.773
4323 6.773 6.773
4392 6.773 6.773
4353 6.773 6.773
4371 6.773 6.681
4320 6.681 6.681
4252 6.681 6.681
4510 6.681 6.681
4344 6.681 6.851
4314 6.851 6.851
4386 6.851 6.851
4335 6.851 6.851
4188 6.851 6.854
4293 6.854 6.854
4535 6.854 6.854
4332 6.854 6.854
4191 6.854 6.649
4188 6.649 6.649
4320 6.649 6.649
4243 6.649 6.649
4324 6.649 6.609
4353 6.609 6.609
4358 6.609 6.609
4329 6.609 6.609
4362 6.609 6.661
4294 6.661 6.661
4307 6.661 6.661
4478 6.661 6.661
4300 6.661 6.638
4381 6.638 6.638
4429 6.638 6.638
4188 6.638 6.638
4267 6.638 6.564
4254 6.564 6.564
4188 6.564 6.564
4308 6.564 6.564
4285 6.564 6.462
4440 6.462 6.462
4369 6.462 6.462
4437 6.462 6.462
4188 6.462 6.46
4188 6.46 6.46
4188 6.46 6.46
4199 6.46 6.46
4364 6.46 6.484
4287 6.484 6.484
4416 6.484 6.484
4242 6.484 6.484
4551 6.484 6.482
4605 6.482 6.482
4188 6.482 6.482
4677 6.482 6.482
4725 6.482 6.469
4536 6.469 6.469
4609 6.469 6.469
4306 6.469 6.469
4351 6.469 6.061
4377 6.061 6.061
4197 6.061 6.061
4279 6.061 6.061
4212 6.061 6.245
4332 6.245 6.245
4333 6.245 6.245
4329 6.245 6.354
4438 6.354 6.354
4355 6.354 6.354
4453 6.354 6.354
4212 6.354 6.164
4371 6.164 6.164
4429 6.164 6.164
4256 6.164 6.164
4408 6.164 6.118
4348 6.118 6.118
4233 6.118 6.118
4308 6.118 6.118
4188 6.118 6.383
4217 6.383 6.383
4330 6.383 6.383
4188 6.383 6.527
4235 6.527 6.527
4289 6.527 6.527
4259 6.527 6.527
4194 6.527 6.518
4382 6.518 6.518
4445 6.518 6.518
4311 6.518 6.518
4192 6.518 6.315
4393 6.315 6.315
4269 6.315 6.315
4271 6.315 6.315
4283 6.315 6.15
4412 6.15 6.15
4399 6.15 6.15
4299 6.15 6.15
4307 6.15 6.281
4213 6.281 6.281
4544 6.281 6.281
4431 6.281 6.281
4188 6.281 6.312
4509 6.312 6.312
4293 6.312 6.312
4431 6.312 6.312
4419 6.312 6.296
4254 6.296 6.296
4188 6.296 6.296
4351 6.296 6.296
4349 6.296 6.383
4188 6.383 6.383
4220 6.383 6.383
4290 6.383 6.383
4273 6.383 6.411
4351 6.411 6.411
4420 6.411 6.411
4477 6.411 6.411
4262 6.411 6.496
4573 6.496 6.496
4695 6.496 6.496
4528 6.496 6.496
4491 6.496 6.313
4707 6.313 6.313
4341 6.313 6.313
4578 6.313 6.313
4703 6.313 6.03
4618 6.03 6.03
4305 6.03 6.03
4247 6.03 6.03
4384 6.03 6.066
4302 6.066 6.066
4274 6.066 6.066
4307 6.066 6.258
4657 6.258 6.258
4570 6.258 6.258
4237 6.258 6.258
4236 6.258 6.242
4457 6.242 6.242
4386 6.242 6.242
4324 6.242 6.242
4319 6.242 6.052
4502 6.052 6.052
4352 6.052 6.052
4304 6.052 6.052
4226 6.052 6.146
4408 6.146 6.146
4300 6.146 6.146
4326 6.146 6.291
4300 6.291 6.291
4436 6.291 6.291
4346 6.291 6.291
4352 6.291 6.271
4485 6.271 6.271
4362 6.271 6.271
4219 6.271 6.271
4410 6.271 6.101
4427 6.101 6.101
4342 6.101 6.101
4328 6.101 6.101
4515 6.101 6.04
4478 6.04 6.04
4218 6.04 6.04
4219 6.04 6.04
4188 6.04 6.207
4299 6.207 6.207
4405 6.207 6.207
4188 6.207 6.444
4437 6.444 6.444
4505 6.444 6.444
4408 6.444 6.444
4447 6.444 6.317
4432 6.317 6.317
4300 6.317 6.317
4188 6.317 6.317
4256 6.317 6.155
4340 6.155 6.155
4447 6.155 6.155
4362 6.155 6.213
4477 6.213 6.213
4452 6.213 6.213
4275 6.213 6.213
4269 6.213 6.045
4299 6.045 6.045
4298 6.045 6.045
4471 6.045 6.045
4334 6.045 5.95
4277 5.95 5.95
4497 5.95 5.95
4218 5.95 5.941
4198 5.941 5.941
4254 5.941 5.941
4191 5.941 5.904
4403 5.904 5.904
4188 5.904 5.904
4191 5.904 5.907
4291 5.907 5.907
4283 5.907 5.907
4256 5.907 6.241
4271 6.241 6.241
4364 6.241 6.241
4366 6.241 6.169
4427 6.169 6.169
4476 6.169 6.169
4227 6.169 6.169
4277 6.169 6.07
4488 6.07 6.07
4565 6.07 6.07
4188 6.07 6.448
4492 6.448 6.448
4643 6.448 6.448
4372 6.448 6.281
4412 6.281 6.281
4393 6.281 6.281
4224 6.281 6.281
4211 6.281 6.094
4412 6.094 6.094
4188 6.094 6.094
4272 6.094 6.324
4381 6.324 6.324
4323 6.324 6.324
4216 6.324 6.324
4188 6.324 6.506
4261 6.506 6.506
4430 6.506 6.506
4336 6.506 6.506
4301 6.506 6.244
4384 6.244 6.244
4245 6.244 6.244
4373 6.244 6.244
4362 6.244 6.152
4188 6.152 6.152
4201 6.152 6.152
4342 6.152 6.212
4268 6.212 6.212
4338 6.212 6.212
4404 6.212 6.212
4420 6.212 6.187
4404 6.187 6.187
4505 6.187 6.187
4242 6.187 6.187
4426 6.187 6.123
4347 6.123 6.123
4188 6.123 6.123
4188 6.123 6.123
4409 6.123 6.084
4274 6.084 6.084
4582 6.084 6.084
4244 6.084 6.084
4278 6.084 6.183
4294 6.183 6.183
4369 6.183 6.183
4326 6.183 6.183
4395 6.183 6.13
4366 6.13 6.13
4210 6.13 6.13
4355 6.13 6.13
4552 6.13 6.111
4590 6.111 6.111
4444 6.111 6.111
4310 6.111 6.111
4189 6.111 5.888
4188 5.888 5.888
4205 5.888 5.888
4188 5.888 5.997
4331 5.997 5.997
4188 5.997 5.997
4262 5.997 6.186
4615 6.186 6.186
4424 6.186 6.186
4271 6.186 6.186
4341 6.186 5.987
4466 5.987 5.987
4309 5.987 5.987
4193 5.987 5.987
4390 5.987 5.676
4202 5.676 5.676
4203 5.676 5.676
4233 5.676 5.718
4474 5.718 5.718
4278 5.718 5.718
4318 5.718 5.908
4249 5.908 5.908
4283 5.908 5.908
4270 5.908 5.938
4529 5.938 5.938
4192 5.938 5.938
4377 5.938 5.807
4501 5.807 5.807
4510 5.807 5.807
4188 5.807 5.726
4188 5.726 5.726
4188 5.726 5.726
4188 5.726 5.89
4337 5.89 5.89
4323 5.89 5.89
4292 5.89 5.982
4188 5.982 5.982
4408 5.982 5.982
4553 5.982 6.073
4374 6.073 6.073
4323 6.073 6.073
4316 6.073 6.073
4332 6.073 5.922
4235 5.922 5.922
4536 5.922 5.922
4369 5.922 5.812
4188 5.812 5.812
4309 5.812 5.812
4211 5.812 5.984
4573 5.984 5.984
4629 5.984 5.984
4493 5.984 5.867
4341 5.867 5.867
4440 5.867 5.867
4269 5.867 5.867
4188 5.867 5.617
4370 5.617 5.617
4327 5.617 5.617
4267 5.617 5.813
4292 5.813 5.813
4367 5.813 5.813
4204 5.813 6.044
4207 6.044 6.044
4210 6.044 6.044
4334 6.044 6.054
4398 6.054 6.054
4302 6.054 6.054
4188 6.054 6.054
4314 6.054 5.926
4336 5.926 5.926
4188 5.926 5.926
4310 5.926 5.915
4435 5.915 5.915
4316 5.915 5.915
4412 5.915 5.868
4330 5.868 5.868
4313 5.868 5.868
4243 5.868 5.868
4359 5.868 5.931
4243 5.931 5.931
4227 5.931 5.931
4269 5.931 5.916
4503 5.916 5.916
4599 5.916 5.916
4389 5.916 5.824
4188 5.824 5.824
4278 5.824 5.824
4299 5.824 5.679
4385 5.679 5.679
4305 5.679 5.679
4348 5.679 5.791
4340 5.791 5.791
4322 5.791 5.791
4257 5.791 5.914
4506 5.914 5.914
4330 5.914 5.914
4195 5.914 5.919
4218 5.919 5.919
4188 5.919 5.919
4194 5.919 5.915
4256 5.915 5.915
4432 5.915 5.915
4351 5.915 5.879
4251 5.879 5.879
4353 5.879 5.879
4398 5.879 5.838
4258 5.838 5.838
4188 5.838 5.838
4435 5.838 5.839
4441 5.839 5.839
4459 5.839 5.839
4305 5.839 5.839
4291 5.839 5.714
4188 5.714 5.714
4417 5.714 5.714
4439 5.714 5.658
4459 5.658 5.658
4188 5.658 5.658
4356 5.658 5.673
4723 5.673 5.673
4304 5.673 5.673
4246 5.673 5.744
4409 5.744 5.744
4379 5.744 5.744
4342 5.744 5.69
4267 5.69 5.69
4293 5.69 5.69
4426 5.69 5.519
4582 5.519 5.519
4188 5.519 5.519
4224 5.519 5.516
4369 5.516 5.516
4452 5.516 5.516
4287 5.516 5.521
4235 5.521 5.521
4488 5.521 5.521
4419 5.521 5.648
4188 5.648 5.648
4252 5.648 5.648
4492 5.648 5.692
4492 5.692 5.692
4460 5.692 5.692
4361 5.692 5.52
4294 5.52 5.52
4319 5.52 5.52
4393 5.52 5.308
4464 5.308 5.308
4268 5.308 5.308
4261 5.308 5.36
4244 5.36 5.36
4348 5.36 5.36
4328 5.36 5.488
4248 5.488 5.488
4332 5.488 5.488
4265 5.488 5.355
4398 5.355 5.355
4375 5.355 5.355
4188 5.355 5.282
4376 5.282 5.282
4416 5.282 5.282
4574 5.282 5.212
4536 5.212 5.212
4250 5.212 5.212
4250 5.212 5.134
4188 5.134 5.134
4189 5.134 5.134
4301 5.134 5.134
4306 5.134 5.134
4300 5.134 5.134
4219 5.134 5.173
4214 5.173 5.173
4317 5.173 5.173
4294 5.173 5.226
4372 5.226 5.226
4342 5.226 5.226
4254 5.226 5.097
4369 5.097 5.097
4246 5.097 5.097
4263 5.097 5.057
4431 5.057 5.057
4345 5.057 5.057
4326 5.057 5.115
4257 5.115 5.115
4188 5.115 5.115
4242 5.115 5.08
4387 5.08 5.08
4219 5.08 5.08
4188 5.08 5.065
4188 5.065 5.065
4190 5.065 5.065
4339 5.065 5.019
4407 5.019 5.019
4309 5.019 5.019
4266 5.019 5.066
4266 5.066 5.066
4470 5.066 5.066
4481 5.066 4.992
4203 4.992 4.992
4209 4.992 4.992
4203 4.992 4.965
4373 4.965 4.965
4188 4.965 4.965
4314 4.965 5.129
4263 5.129 5.129
4188 5.129 5.129
4292 5.129 5.144
4392 5.144 5.144
4356 5.144 5.144
4188 5.144 5.232
4424 5.232 5.232
4397 5.232 5.232
4188 5.232 5.316
4427 5.316 5.316
4487 5.316 5.316
4330 5.316 5.274
4206 5.274 5.274
4430 5.274 5.274
4469 5.274 5.303
4188 5.303 5.303
4446 5.303 5.303
4502 5.303 5.477
4188 5.477 5.477
4200 5.477 5.477
4526 5.477 5.564
4549 5.564 5.564
4369 5.564 5.564
4281 5.564 5.245
4401 5.245 5.245
4419 5.245 5.245
4191 5.245 5.202
4540 5.202 5.202
4558 5.202 5.202
4432 5.202 5.21
4417 5.21 5.21
4368 5.21 5.21
4435 5.21 4.913
4570 4.913 4.913
4401 4.913 4.913
4432 4.913 4.68
4188 4.68 4.68
4188 4.68 4.68
4196 4.68 4.77
4380 4.77 4.77
4477 4.77 4.77
4188 4.77 4.949
4215 4.949 4.949
4267 4.949 4.949
4391 4.949 4.864
4323 4.864 4.864
4502 4.864 4.864
4375 4.864 4.784
4272 4.784 4.784
4252 4.784 4.784
4304 4.784 4.855
4390 4.855 4.855
4188 4.855 4.855
4239 4.855 4.883
4405 4.883 4.883
4188 4.883 4.883
4385 4.883 4.966
4259 4.966 4.966
4188 4.966 4.966
4421 4.966 4.964
4450 4.964 4.964
4392 4.964 4.964
4447 4.964 4.989
4484 4.989 4.989
4374 4.989 4.989
4425 4.989 5.041
4350 5.041 5.041
4513 5.041 5.041
4275 5.041 4.855
4380 4.855 4.855
4483 4.855 4.855
4269 4.855 4.77
4471 4.77 4.77
4557 4.77 4.77
4592 4.77 5.03
4608 5.03 5.03
4512 5.03 5.03
4368 5.03 4.673
4428 4.673 4.673
4331 4.673 4.673
4305 4.673 4.446
4334 4.446 4.446
4188 4.446 4.446
4188 4.446 4.574
4208 4.574 4.574
4502 4.574 4.574
4597 4.574 4.525
4565 4.525 4.525
4440 4.525 4.525
4204 4.525 4.473
4504 4.473 4.473
4342 4.473 4.473
4485 4.473 4.616
4386 4.616 4.616
4451 4.616 4.616
4275 4.616 4.595
4354 4.595 4.595
4470 4.595 4.595
4188 4.595 4.567
4437 4.567 4.567
4373 4.567 4.567
4268 4.567 4.435
4247 4.435 4.435
4279 4.435 4.435
4188 4.435 4.459
4397 4.459 4.459
4227 4.459 4.459
4188 4.459 4.4
4191 4.4 4.4
4249 4.4 4.4
4326 4.4 4.411
4188 4.411 4.411
4293 4.411 4.411
4188 4.411 4.49
4254 4.49 4.49
4382 4.49 4.49
4483 4.49 4.444
4267 4.444 4.444
4233 4.444 4.444
4530 4.444 4.502
4306 4.502 4.502
4311 4.502 4.502
4399 4.502 4.634
4329 4.634 4.634
4302 4.634 4.634
4295 4.634 4.654
4369 4.654 4.654
4457 4.654 4.654
4514 4.654 4.599
4188 4.599 4.599
4343 4.599 4.599
4517 4.599 4.564
4597 4.564 4.564
4328 4.564 4.564
4223 4.564 4.53
4188 4.53 4.53
4273 4.53 4.53
4292 4.53 4.514
4300 4.514 4.514
4444 4.514 4.514
4340 4.514 4.542
4425 4.542 4.542
4527 4.542 4.542
4579 4.542 4.453
4594 4.453 4.453
4275 4.453 4.453
4396 4.453 4.435
4370 4.435 4.435
4292 4.435 4.435
4223 4.435 4.543
4188 4.543 4.543
4188 4.543 4.543
4218 4.543 4.522
4191 4.522 4.522
4432 4.522 4.522
4369 4.522 4.467
4351 4.467 4.467
4257 4.467 4.467
4241 4.467 4.551
4372 4.551 4.551
4188 4.551 4.551
4300 4.551 4.627
4444 4.627 4.627
4313 4.627 4.627
4259 4.627 4.609
4188 4.609 4.609
4351 4.609 4.609
4279 4.609 4.691
4334 4.691 4.691
4352 4.691 4.691
4293 4.691 4.59
4544 4.59 4.59
4458 4.59 4.59
4518 4.59 4.396
4520 4.396 4.396
4266 4.396 4.396
4370 4.396 4.411
4357 4.411 4.411
4340 4.411 4.411
4345 4.411 4.601
4188 4.601 4.601
4447 4.601 4.601
4379 4.601 4.474
4318 4.474 4.474
4217 4.474 4.474
4261 4.474 4.62
4188 4.62 4.62
4235 4.62 4.62
4347 4.62 4.673
4296 4.673 4.673
4219 4.673 4.673
4408 4.673 4.814
4309 4.814 4.814
4188 4.814 4.814
4378 4.814 4.762
4334 4.762 4.762
4329 4.762 4.762
4252 4.762 4.623
4270 4.623 4.623
4188 4.623 4.623
4340 4.623 4.814
4331 4.814 4.814
4345 4.814 4.814
4445 4.814 4.696
4200 4.696 4.696
4390 4.696 4.696
4386 4.696 4.645
4276 4.645 4.645
4284 4.645 4.645
4248 4.645 4.791
4262 4.791 4.791
4348 4.791 4.791
4269 4.791 4.763
4345 4.763 4.763
4420 4.763 4.763
4566 4.763 4.636
4606 4.636 4.636
4389 4.636 4.636
4312 4.636 4.629
4422 4.629 4.629
4188 4.629 4.629
4334 4.629 4.638
4212 4.638 4.638
4273 4.638 4.638
4319 4.638 4.781
4407 4.781 4.781
4207 4.781 4.781
4322 4.781 4.835
4343 4.835 4.835
4493 4.835 4.835
4188 4.835 5.027
4429 5.027 5.027
4224 5.027 5.027
4265 5.027 4.916
4188 4.916 4.916
4256 4.916 4.916
4268 4.916 4.966
4416 4.966 4.966
4367 4.966 4.966
4578 4.966 4.941
4395 4.941 4.941
4383 4.941 4.941
4347 4.941 4.999
4364 4.999 4.999
4457 4.999 4.999
4505 4.999 4.912
4188 4.912 4.912
4333 4.912 4.912
4385 4.912 4.802
4375 4.802 4.802
4474 4.802 4.802
4218 4.802 4.814
4188 4.814 4.814
4275 4.814 4.814
4477 4.814 5.025
4315 5.025 5.025
4275 5.025 5.025
4419 5.025 4.845
4296 4.845 4.845
4477 4.845 4.845
4418 4.845 4.611
4546 4.611 4.611
4418 4.611 4.611
4188 4.611 4.715
4455 4.715 4.715
4188 4.715 4.715
4212 4.715 4.715
4245 4.715 4.715
4226 4.715 4.715
4405 4.715 4.75
4480 4.75 4.75
4792 4.75 4.75
4598 4.75 4.695
4640 4.695 4.695
4192 4.695 4.695
4188 4.695 4.736
4188 4.736 4.736
4233 4.736 4.736
4392 4.736 5.074
4344 5.074 5.074
4188 5.074 5.074
4558 5.074 5.137
4346 5.137 5.137
4483 5.137 5.137
4581 5.137 4.969
4437 4.969 4.969
4268 4.969 4.969
4321 4.969 4.993
4188 4.993 4.993
4333 4.993 4.993
4818 4.993 5.54
4411 5.54 5.54
4374 5.54 5.54
4454 5.54 5.327
4672 5.327 5.327
4547 5.327 5.327
4390 5.327 4.958
4391 4.958 4.958
4188 4.958 4.958
4389 4.958 5.156
4402 5.156 5.156
4280 5.156 5.156
4436 5.156 5.466
4366 5.466 5.466
4367 5.466 5.466
4274 5.466 5.584
4329 5.584 5.584
4479 5.584 5.584
4484 5.584 5.403
4401 5.403 5.403
4461 5.403 5.403
4204 5.403 5.281
4258 5.281 5.281
4270 5.281 5.281
4267 5.281 5.538
4291 5.538 5.538
4418 5.538 5.538
4452 5.538 5.764
4260 5.764 5.764
4397 5.764 5.764
4188 5.764 5.72
4442 5.72 5.72
4555 5.72 5.72
4517 5.72 5.551
4361 5.551 5.551
4188 5.551 5.551
4382 5.551 5.543
4444 5.543 5.543
4267 5.543 5.543
4188 5.543 5.763
4468 5.763 5.763
4394 5.763 5.763
4188 5.763 5.75
4529 5.75 5.75
4524 5.75 5.75
4488 5.75 5.584
4212 5.584 5.584
4421 5.584 5.584
4250 5.584 5.569
4225 5.569 5.569
4480 5.569 5.569
4268 5.569 5.6
4188 5.6 5.6
4246 5.6 5.6
4296 5.6 5.811
4309 5.811 5.811
4329 5.811 5.811
4198 5.811 5.755
4380 5.755 5.755
4301 5.755 5.755
4352 5.755 5.636
4501 5.636 5.636
4364 5.636 5.636
4311 5.636 5.589
4239 5.589 5.589
4313 5.589 5.589
4317 5.589 5.746
4188 5.746 5.746
4418 5.746 5.746
4587 5.746 5.773
4267 5.773 5.773
4241 5.773 5.773
4275 5.773 5.773
4407 5.773 5.534
4414 5.534 5.534
4188 5.534 5.534
4421 5.534 5.524
4564 5.524 5.524
4290 5.524 5.524
4365 5.524 5.474
4428 5.474 5.474
4339 5.474 5.474
4247 5.474 5.354
4188 5.354 5.354
4377 5.354 5.354
4430 5.354 5.47
4533 5.47 5.47
4188 5.47 5.47
4421 5.47 5.449
4305 5.449 5.449
4191 5.449 5.449
4471 5.449 5.44
4348 5.44 5.44
4224 5.44 5.44
4188 5.44 5.566
4420 5.566 5.566
4294 5.566 5.566
4579 5.566 5.728
4344 5.728 5.728
4376 5.728 5.728
4430 5.728 5.528
4217 5.528 5.528
4188 5.528 5.528
4218 5.528 5.546
4319 5.546 5.546
4518 5.546 5.546
4460 5.546 5.734
4258 5.734 5.734
4422 5.734 5.734
4680 5.734 5.708
4188 5.708 5.708
4368 5.708 5.708
4374 5.708 5.708
4502 5.708 5.455
4357 5.455 5.455
4219 5.455 5.455
4361 5.455 5.488
4419 5.488 5.488
4384 5.488 5.488
4275 5.488 5.568
4265 5.568 5.568
4416 5.568 5.568
4594 5.568 5.402
4210 5.402 5.402
4231 5.402 5.402
4395 5.402 5.177
4388 5.177 5.177
4379 5.177 5.177
4188 5.177 5.148
4255 5.148 5.148
4188 5.148 5.148
4476 5.148 5.415
4624 5.415 5.415
4311 5.415 5.415
4354 5.415 5.346
4452 5.346 5.346
4702 5.346 5.346
4596 5.346 5.149
4413 5.149 5.149
4492 5.149 5.149
4393 5.149 5.26
4249 5.26 5.26
4307 5.26 5.26
4454 5.26 5.34
4320 5.34 5.34
4322 5.34 5.34
4511 5.34 5.424
4683 5.424 5.424
4493 5.424 5.424
4452 5.424 5.211
4385 5.211 5.211
4422 5.211 5.211
4402 5.211 4.912
4510 4.912 4.912
4202 4.912 4.912
4269 4.912 5.189
4204 5.189 5.189
4308 5.189 5.189
4341 5.189 5.257
4231 5.257 5.257
4296 5.257 5.257
4245 5.257 5.342
4231 5.342 5.342
4188 5.342 5.342
4321 5.342 5.209
4302 5.209 5.209
4360 5.209 5.209
4332 5.209 5.152
4337 5.152 5.152
4189 5.152 5.152
4188 5.152 5.395
4242 5.395 5.395
4355 5.395 5.395
4360 5.395 5.424
4313 5.424 5.424
4331 5.424 5.424
4290 5.424 5.147
4400 5.147 5.147
