4797 100.0 100.0
6450 100.0 100.0
8103 100.0 100.0
9756 100.0 100.0
11409 100.0 100.0
13062 100.0 100.0
14715 100.0 100.0
16368 100.0 100.0
18021 100.0 100.0
19674 100.0 100.0
21327 100.0 100.0
22980 100.0 100.0
24633 100.0 100.0
26286 100.0 100.0
27939 100.0 100.0
29592 100.0 100.0
31245 100.0 100.0
32898 100.0 100.0
34551 100.0 100.0
36204 100.0 100.0
37857 100.0 100.0
39510 100.0 100.0
41163 100.0 100.0
42816 100.0 100.0
44469 100.0 100.0
46122 100.0 100.0
47775 100.0 100.0
49428 100.0 100.0
51081 100.0 100.0
52734 100.0 100.0
54387 100.0 100.0
56040 100.0 100.0
57693 100.0 100.0
59346 100.0 100.0
60999 100.0 100.0
62652 100.0 100.0
64305 100.0 100.0
65958 100.0 100.0
67611 100.0 100.0
69264 100.0 100.0
70917 100.0 100.0
72570 100.0 100.0
74223 100.0 100.0
75876 100.0 100.0
77529 100.0 100.0
79182 100.0 100.0
80835 100.0 100.0
82488 100.0 100.0
84141 100.0 100.0
85794 100.0 100.0
87447 100.0 100.0
89100 100.0 100.0
90480 100.0 19.646
16530 19.646 19.646
17012 19.646 19.646
17661 19.646 19.646
18182 19.646 19.646
19401 19.646 19.646
19780 19.646 19.646
20880 19.646 19.646
20880 19.646 19.646
20880 19.646 19.646
19053 19.646 19.646
18792 19.646 9.353
6960 9.353 9.353
6960 9.353 9.353
7134 9.353 9.353
7676 9.353 9.353
8223 9.353 5.329
5655 5.329 5.329
5041 5.329 5.329
4884 5.329 4.043
4344 4.043 4.043
4401 4.043 4.376
4635 4.376 4.376
4856 4.376 4.376
4604 4.376 4.408
4573 4.408 4.408
4615 4.408 4.408
4464 4.408 4.039
4679 4.039 4.039
4488 4.039 4.039
4255 4.039 3.955
4276 3.955 3.955
4220 3.955 4.151
4188 4.151 4.151
4479 4.151 4.424
4305 4.424 4.424
4354 4.424 4.424
4519 4.424 4.217
4277 4.217 4.217
4284 4.217 4.217
4471 4.217 4.094
4500 4.094 4.094
4215 4.094 4.094
4367 4.094 4.219
4305 4.219 4.219
4408 4.219 4.219
4599 4.219 4.112
4554 4.112 4.112
4455 4.112 4.112
4363 4.112 3.875
4272 3.875 3.875
4391 3.875 3.807
4296 3.807 3.807
4226 3.807 3.886
4214 3.886 3.886
4334 3.886 3.864
4263 3.864 3.864
4204 3.864 3.864
4346 3.864 3.807
4224 3.807 3.807
4280 3.807 3.858
4293 3.858 3.858
4574 3.858 3.775
4509 3.775 3.775
4451 3.775 3.775
4439 3.775 3.693
4306 3.693 3.693
4286 3.693 3.767
4274 3.767 3.767
4303 3.767 3.766
4188 3.766 3.766
4403 3.766 3.837
4335 3.837 3.837
4425 3.837 3.685
4188 3.685 3.685
4423 3.685 3.91
4519 3.91 3.91
4290 3.91 3.71
4322 3.71 3.71
4464 3.71 3.697
4418 3.697 3.697
4249 3.697 3.647
4369 3.647 3.647
4188 3.647 3.694
4376 3.694 3.694
4326 3.694 3.643
4268 3.643 3.643
4219 3.643 3.785
4295 3.785 3.785
4479 3.785 3.835
4435 3.835 3.835
4546 3.835 3.873
4500 3.873 3.873
4310 3.873 3.912
4211 3.912 3.912
4223 3.912 3.854
4241 3.854 3.854
4188 3.854 4.064
4435 4.064 4.064
4356 4.064 4.035
4244 4.035 4.035
4227 4.035 4.035
4337 4.035 4.09
4428 4.09 4.09
4298 4.09 4.081
4298 4.081 4.081
4292 4.081 4.081
4319 4.081 4.225
4288 4.225 4.225
4476 4.225 4.225
4588 4.225 4.041
4442 4.041 4.041
4267 4.041 4.041
4280 4.041 4.022
4378 4.022 4.022
4188 4.022 4.05
4238 4.05 4.05
4189 4.05 4.136
4401 4.136 4.136
4607 4.136 4.136
4687 4.136 4.06
4449 4.06 4.06
4213 4.06 4.06
4230 4.06 4.04
4379 4.04 4.04
4418 4.04 4.148
4358 4.148 4.148
4295 4.148 4.148
4417 4.148 3.974
4357 3.974 3.974
4397 3.974 3.974
4354 3.974 3.852
4481 3.852 3.852
4376 3.852 3.747
4258 3.747 3.747
4188 3.747 3.805
4262 3.805 3.805
4319 3.805 3.886
4338 3.886 3.886
4214 3.886 3.964
4188 3.964 3.964
4338 3.964 4.068
4418 4.068 4.068
4412 4.068 3.901
4418 3.901 3.901
4410 3.901 3.901
4296 3.901 3.906
4502 3.906 3.906
4224 3.906 3.874
4271 3.874 3.874
4301 3.874 3.896
4345 3.896 3.896
4221 3.896 3.922
4381 3.922 3.922
4440 3.922 3.935
4477 3.935 3.935
4250 3.935 3.935
4188 3.935 4.067
4260 4.067 4.067
4327 4.067 4.034
4501 4.034 4.034
4388 4.034 4.034
4242 4.034 3.972
4263 3.972 3.972
4480 3.972 4.031
4537 4.031 4.031
4688 4.031 4.031
4367 4.031 3.998
4208 3.998 3.998
4456 3.998 3.998
4469 3.998 3.989
4419 3.989 3.989
4352 3.989 3.989
4311 3.989 4.162
4237 4.162 4.162
4348 4.162 4.162
4269 4.162 3.924
4262 3.924 3.924
4675 3.924 3.924
4711 3.924 3.964
4413 3.964 3.964
4268 3.964 3.964
4504 3.964 3.98
4503 3.98 3.98
4233 3.98 3.98
4226 3.98 4.096
4246 4.096 4.096
4292 4.096 4.088
4208 4.088 4.088
4236 4.088 4.088
4357 4.088 4.152
4188 4.152 4.152
4211 4.152 4.152
4338 4.152 4.409
4263 4.409 4.409
4354 4.409 4.409
4465 4.409 4.194
4298 4.194 4.194
4238 4.194 4.194
4512 4.194 4.049
4559 4.049 4.049
4317 4.049 4.049
4381 4.049 4.133
4245 4.133 4.133
4252 4.133 4.284
4427 4.284 4.284
4440 4.284 4.284
4410 4.284 4.174
4384 4.174 4.174
4260 4.174 4.174
4446 4.174 4.204
4274 4.204 4.204
4269 4.204 4.204
4398 4.204 4.284
4321 4.284 4.284
4293 4.284 4.284
4420 4.284 4.339
4413 4.339 4.339
4384 4.339 4.339
4471 4.339 4.228
4419 4.228 4.228
4242 4.228 4.228
4252 4.228 4.089
4322 4.089 4.089
4282 4.089 4.097
4378 4.097 4.097
4489 4.097 4.062
4616 4.062 4.062
4598 4.062 4.062
4366 4.062 3.93
4385 3.93 3.93
4188 3.93 3.93
4188 3.93 3.915
4196 3.915 3.915
4234 3.915 4.145
4292 4.145 4.145
4309 4.145 4.235
4188 4.235 4.235
4317 4.235 4.235
4400 4.235 4.1
4278 4.1 4.1
4344 4.1 4.1
4366 4.1 4.014
4371 4.014 4.014
4250 4.014 4.025
4258 4.025 4.025
4402 4.025 4.017
4541 4.017 4.017
4577 4.017 4.017
4440 4.017 3.884
4247 3.884 3.884
4216 3.884 3.884
4409 3.884 4.052
4336 4.052 4.052
4370 4.052 4.06
4199 4.06 4.06
4290 4.06 4.06
4527 4.06 4.1
4445 4.1 4.1
4349 4.1 4.1
4413 4.1 3.949
4277 3.949 3.949
4360 3.949 3.871
4376 3.871 3.871
4405 3.871 3.982
4261 3.982 3.982
4659 3.982 3.982
4383 3.982 4.001
4235 4.001 4.001
4228 4.001 4.001
4257 4.001 4.096
4188 4.096 4.096
4280 4.096 4.1
4304 4.1 4.1
4299 4.1 4.1
4443 4.1 4.172
4270 4.172 4.172
4188 4.172 4.172
4215 4.172 4.259
4357 4.259 4.259
4259 4.259 4.259
4286 4.259 4.239
4300 4.239 4.239
4251 4.239 4.239
4474 4.239 4.373
4422 4.373 4.373
4474 4.373 4.373
4388 4.373 4.285
4497 4.285 4.285
4536 4.285 4.285
4588 4.285 4.177
4477 4.177 4.177
4534 4.177 4.177
4410 4.177 3.979
4409 3.979 3.979
4473 3.979 3.979
4298 3.979 3.96
4314 3.96 3.96
4296 3.96 4.112
4193 4.112 4.112
4435 4.112 4.112
4563 4.112 3.978
4413 3.978 3.978
4371 3.978 3.978
4428 3.978 3.874
4442 3.874 3.874
4316 3.874 3.879
4258 3.879 3.879
4386 3.879 3.928
4534 3.928 3.928
4306 3.928 3.928
4261 3.928 3.888
4201 3.888 3.888
4384 3.888 3.969
4500 3.969 3.969
4203 3.969 3.969
4373 3.969 3.962
4231 3.962 3.962
4188 3.962 4.117
4289 4.117 4.117
4313 4.117 4.14
4269 4.14 4.14
4198 4.14 4.14
4291 4.14 4.182
4269 4.182 4.182
4545 4.182 4.182
4374 4.182 4.04
4263 4.04 4.04
4304 4.04 4.04
4271 4.04 4.063
4254 4.063 4.063
4188 4.063 4.435
4278 4.435 4.435
4188 4.435 4.435
4332 4.435 4.412
4329 4.412 4.412
4392 4.412 4.412
4280 4.412 4.384
4558 4.384 4.384
4188 4.384 4.384
4241 4.384 4.545
4339 4.545 4.545
4372 4.545 4.545
4584 4.545 4.456
4426 4.456 4.456
4188 4.456 4.456
4260 4.456 4.421
4188 4.421 4.421
4290 4.421 4.421
4188 4.421 4.628
4399 4.628 4.628
4460 4.628 4.628
4253 4.628 4.548
4361 4.548 4.548
4564 4.548 4.548
4411 4.548 4.43
4497 4.43 4.43
4292 4.43 4.43
4276 4.43 4.42
4391 4.42 4.42
4391 4.42 4.42
4452 4.42 4.315
4349 4.315 4.315
4283 4.315 4.315
4237 4.315 4.234
4260 4.234 4.234
4305 4.234 4.234
4267 4.234 4.151
4403 4.151 4.151
4391 4.151 4.151
4493 4.151 4.206
4511 4.206 4.206
4423 4.206 4.206
4310 4.206 4.118
4306 4.118 4.118
4334 4.118 4.118
4289 4.118 4.168
4351 4.168 4.168
4577 4.168 4.168
4436 4.168 4.199
4285 4.199 4.199
4280 4.199 4.199
4292 4.199 4.007
4528 4.007 4.007
4267 4.007 4.007
4411 4.007 4.159
4294 4.159 4.159
4282 4.159 4.172
4267 4.172 4.172
4429 4.172 4.172
4459 4.172 3.997
4457 3.997 3.997
4286 3.997 3.997
4335 3.997 3.981
4370 3.981 3.981
4188 3.981 4.109
4252 4.109 4.109
4404 4.109 4.366
4544 4.366 4.366
4452 4.366 4.366
4369 4.366 4.082
4188 4.082 4.082
4360 4.082 4.082
4356 4.082 4.039
4188 4.039 4.039
4188 4.039 4.411
4208 4.411 4.411
4381 4.411 4.411
4394 4.411 4.361
4447 4.361 4.361
4511 4.361 4.361
4589 4.361 4.253
4478 4.253 4.253
4410 4.253 4.253
4290 4.253 4.23
4294 4.23 4.23
4284 4.23 4.23
4494 4.23 4.49
4562 4.49 4.49
4417 4.49 4.49
4436 4.49 4.381
4330 4.381 4.381
4462 4.381 4.381
4363 4.381 4.281
4456 4.281 4.281
4534 4.281 4.281
4238 4.281 4.112
4323 4.112 4.112
4336 4.112 4.112
4312 4.112 4.157
4266 4.157 4.157
4340 4.157 4.157
4320 4.157 4.131
4202 4.131 4.131
4247 4.131 4.131
4323 4.131 4.162
4326 4.162 4.162
4255 4.162 4.162
4266 4.162 4.099
4310 4.099 4.099
4336 4.099 4.099
4438 4.099 4.093
4445 4.093 4.093
4355 4.093 4.093
4285 4.093 4.023
4345 4.023 4.023
4289 4.023 4.023
4329 4.023 4.102
4296 4.102 4.102
4406 4.102 4.249
4633 4.249 4.249
4904 4.249 4.249
4853 4.249 4.035
4724 4.035 4.035
4752 4.035 4.035
4505 4.035 3.712
4206 3.712 3.712
4188 3.712 4.061
4289 4.061 4.061
4440 4.061 4.383
4363 4.383 4.383
4292 4.383 4.383
4391 4.383 4.219
4446 4.219 4.219
4422 4.219 4.219
4484 4.219 4.098
4591 4.098 4.098
4484 4.098 4.098
4446 4.098 4.238
4375 4.238 4.238
4414 4.238 4.238
4332 4.238 4.119
4300 4.119 4.119
4328 4.119 4.119
4257 4.119 4.083
4242 4.083 4.083
4239 4.083 4.083
4479 4.083 4.254
4541 4.254 4.254
4527 4.254 4.254
4482 4.254 3.933
4670 3.933 3.933
4376 3.933 3.933
4388 3.933 3.86
4251 3.86 3.86
4479 3.86 3.948
4363 3.948 3.948
4339 3.948 3.948
4464 3.948 3.905
4477 3.905 3.905
4379 3.905 3.748
4188 3.748 3.748
4188 3.748 3.838
4430 3.838 3.838
4261 3.838 3.893
4378 3.893 3.893
4356 3.893 3.828
4188 3.828 3.828
4464 3.828 3.835
4337 3.835 3.835
4188 3.835 3.859
4463 3.859 3.859
4489 3.859 3.698
4424 3.698 3.698
4551 3.698 3.698
4188 3.698 3.755
4193 3.755 3.755
4562 3.755 3.847
4328 3.847 3.847
4218 3.847 3.847
4346 3.847 3.829
4238 3.829 3.829
4262 3.829 3.841
4327 3.841 3.841
4188 3.841 3.96
4275 3.96 3.96
4424 3.96 4.036
4518 4.036 4.036
4289 4.036 4.036
4244 4.036 3.997
4188 3.997 3.997
4188 3.997 4.035
4193 4.035 4.035
4195 4.035 4.035
4352 4.035 4.169
4365 4.169 4.169
4374 4.169 4.199
4421 4.199 4.199
4363 4.199 4.199
4370 4.199 4.24
4367 4.24 4.24
4380 4.24 4.24
4271 4.24 4.308
4224 4.308 4.308
4188 4.308 4.308
4368 4.308 4.377
4300 4.377 4.377
4338 4.377 4.377
4260 4.377 4.338
4281 4.338 4.338
4190 4.338 4.338
4188 4.338 4.486
4241 4.486 4.486
4188 4.486 4.486
4258 4.486 4.467
4188 4.467 4.467
4188 4.467 4.467
4190 4.467 4.434
4295 4.434 4.434
4233 4.434 4.434
4220 4.434 4.547
4359 4.547 4.547
4480 4.547 4.547
4407 4.547 4.486
4275 4.486 4.486
4247 4.486 4.486
4476 4.486 4.507
4424 4.507 4.507
4393 4.507 4.507
4441 4.507 4.564
4352 4.564 4.564
4482 4.564 4.564
4486 4.564 4.404
4418 4.404 4.404
4313 4.404 4.404
4197 4.404 4.379
4247 4.379 4.379
4427 4.379 4.379
4274 4.379 4.577
4221 4.577 4.577
4341 4.577 4.577
4396 4.577 4.503
4473 4.503 4.503
4352 4.503 4.503
4369 4.503 4.164
4256 4.164 4.164
4227 4.164 4.164
4309 4.164 4.115
4188 4.115 4.115
4188 4.115 4.255
4294 4.255 4.255
4188 4.255 4.255
4488 4.255 4.218
4427 4.218 4.218
4301 4.218 4.218
4188 4.218 4.176
4231 4.176 4.176
4265 4.176 4.214
4234 4.214 4.214
4287 4.214 4.214
4188 4.214 4.555
4242 4.555 4.555
4301 4.555 4.555
4304 4.555 4.383
4296 4.383 4.383
4350 4.383 4.383
4303 4.383 4.289
4200 4.289 4.289
4252 4.289 4.289
4363 4.289 4.38
4211 4.38 4.38
4311 4.38 4.38
4353 4.38 4.381
4304 4.381 4.381
4487 4.381 4.381
4365 4.381 4.247
4378 4.247 4.247
4387 4.247 4.247
4389 4.247 4.127
4257 4.127 4.127
4509 4.127 4.127
4523 4.127 3.978
4407 3.978 3.978
4265 3.978 3.978
4462 3.978 4.033
4324 4.033 4.033
4201 4.033 4.033
4270 4.033 4.137
4261 4.137 4.137
4365 4.137 4.096
4251 4.096 4.096
4225 4.096 4.096
4256 4.096 4.211
4199 4.211 4.211
4338 4.211 4.349
4441 4.349 4.349
4483 4.349 4.349
4320 4.349 4.123
4399 4.123 4.123
4381 4.123 4.123
4397 4.123 4.268
4358 4.268 4.268
4352 4.268 4.268
4582 4.268 4.114
4478 4.114 4.114
4621 4.114 4.114
4633 4.114 3.919
4372 3.919 3.919
4342 3.919 3.919
4284 3.919 3.999
4252 3.999 3.999
4188 3.999 4.154
4224 4.154 4.154
4228 4.154 4.184
4235 4.184 4.184
4266 4.184 4.184
4361 4.184 4.278
4337 4.278 4.278
4208 4.278 4.278
4188 4.278 4.247
4204 4.247 4.247
4337 4.247 4.247
4198 4.247 4.29
4387 4.29 4.29
4558 4.29 4.29
4272 4.29 4.234
4258 4.234 4.234
4306 4.234 4.234
4335 4.234 4.231
4203 4.231 4.231
4250 4.231 4.231
4188 4.231 4.327
4196 4.327 4.327
4319 4.327 4.327
4379 4.327 4.309
4589 4.309 4.309
4603 4.309 4.309
4637 4.309 4.376
4657 4.376 4.376
4638 4.376 4.376
4416 4.376 4.265
4288 4.265 4.265
4304 4.265 4.265
4411 4.265 4.397
4260 4.397 4.397
4267 4.397 4.397
4271 4.397 4.502
4357 4.502 4.502
4320 4.502 4.502
4297 4.502 4.664
4353 4.664 4.664
4351 4.664 4.664
4372 4.664 4.593
4308 4.593 4.593
4229 4.593 4.593
4188 4.593 4.75
4437 4.75 4.75
4468 4.75 4.75
4347 4.75 4.85
4188 4.85 4.85
4290 4.85 4.85
4335 4.85 4.736
4223 4.736 4.736
4348 4.736 4.736
4192 4.736 4.66
4279 4.66 4.66
4242 4.66 4.66
4269 4.66 4.684
4556 4.684 4.684
4583 4.684 4.684
4280 4.684 4.65
4307 4.65 4.65
4414 4.65 4.65
4279 4.65 4.429
4380 4.429 4.429
4326 4.429 4.429
4235 4.429 4.442
4210 4.442 4.442
4402 4.442 4.442
4266 4.442 4.407
4286 4.407 4.407
4311 4.407 4.407
4434 4.407 4.432
4457 4.432 4.432
4375 4.432 4.432
4198 4.432 4.486
4353 4.486 4.486
4413 4.486 4.486
4526 4.486 4.492
4580 4.492 4.492
4555 4.492 4.492
4399 4.492 4.394
4265 4.394 4.394
4376 4.394 4.394
4397 4.394 4.343
4336 4.343 4.343
4252 4.343 4.343
4281 4.343 4.558
4335 4.558 4.558
4230 4.558 4.558
4361 4.558 4.403
4386 4.403 4.403
4193 4.403 4.403
4471 4.403 4.279
4371 4.279 4.279
4484 4.279 4.279
4416 4.279 4.395
4241 4.395 4.395
4364 4.395 4.395
4222 4.395 4.4
4385 4.4 4.4
4341 4.4 4.4
4227 4.4 4.292
4364 4.292 4.292
4188 4.292 4.292
4188 4.292 4.363
4376 4.363 4.363
4248 4.363 4.363
4270 4.363 4.451
4354 4.451 4.451
4310 4.451 4.451
4280 4.451 4.477
4312 4.477 4.477
4378 4.477 4.477
4293 4.477 4.511
4381 4.511 4.511
4291 4.511 4.511
4418 4.511 4.609
4536 4.609 4.609
4383 4.609 4.609
4222 4.609 4.529
4256 4.529 4.529
4297 4.529 4.529
4280 4.529 4.526
4499 4.526 4.526
4324 4.526 4.526
4227 4.526 4.447
4349 4.447 4.447
4513 4.447 4.447
4404 4.447 4.572
4473 4.572 4.572
4271 4.572 4.572
4362 4.572 4.463
4402 4.463 4.463
4212 4.463 4.463
4188 4.463 4.358
4314 4.358 4.358
4320 4.358 4.358
4377 4.358 4.407
4269 4.407 4.407
4343 4.407 4.407
4255 4.407 4.307
4289 4.307 4.307
4320 4.307 4.307
4188 4.307 4.331
4212 4.331 4.331
4621 4.331 4.331
4276 4.331 4.442
4304 4.442 4.442
4208 4.442 4.442
4392 4.442 4.477
4424 4.477 4.477
4458 4.477 4.477
4596 4.477 4.61
4549 4.61 4.61
4561 4.61 4.61
4410 4.61 4.379
4355 4.379 4.379
4268 4.379 4.379
4274 4.379 4.406
4188 4.406 4.406
4359 4.406 4.406
4496 4.406 4.475
4308 4.475 4.475
4548 4.475 4.475
4340 4.475 4.288
4471 4.288 4.288
4188 4.288 4.288
4243 4.288 4.099
4188 4.099 4.099
4215 4.099 4.3
4200 4.3 4.3
4422 4.3 4.494
4319 4.494 4.494
4286 4.494 4.494
4394 4.494 4.406
4332 4.406 4.406
4464 4.406 4.406
4300 4.406 4.371
4188 4.371 4.371
4188 4.371 4.371
4543 4.371 4.351
4399 4.351 4.351
4388 4.351 4.351
4222 4.351 4.281
4274 4.281 4.281
4282 4.281 4.281
4502 4.281 4.318
4376 4.318 4.318
4368 4.318 4.318
4446 4.318 4.351
4365 4.351 4.351
4454 4.351 4.351
4354 4.351 4.335
4432 4.335 4.335
4500 4.335 4.335
4632 4.335 4.186
4667 4.186 4.186
4370 4.186 4.186
4359 4.186 3.843
4264 3.843 3.843
4357 3.843 3.826
4188 3.826 3.826
4250 3.826 4.058
4310 4.058 4.058
4365 4.058 4.266
4305 4.266 4.266
4188 4.266 4.266
4355 4.266 4.276
4192 4.276 4.276
4287 4.276 4.276
4226 4.276 4.297
4225 4.297 4.297
4365 4.297 4.297
4509 4.297 4.236
4878 4.236 4.236
4699 4.236 4.236
4480 4.236 4.05
4543 4.05 4.05
4308 4.05 4.05
4447 4.05 3.944
4311 3.944 3.944
4257 3.944 3.987
4277 3.987 3.987
4265 3.987 3.987
4487 3.987 4.153
4546 4.153 4.153
4518 4.153 4.153
4333 4.153 3.779
4446 3.779 3.779
4338 3.779 3.64
4461 3.64 3.64
4476 3.64 3.791
4394 3.791 3.791
4330 3.791 3.859
4577 3.859 3.859
4319 3.859 3.723
4188 3.723 3.723
4227 3.723 3.792
4250 3.792 3.792
4188 3.792 3.989
4537 3.989 3.989
4198 3.989 4.024
4355 4.024 4.024
4361 4.024 4.074
4543 4.074 4.074
4223 4.074 4.074
4210 4.074 4.034
4242 4.034 4.034
4272 4.034 4.213
4294 4.213 4.213
4205 4.213 4.213
4699 4.213 4.416
4400 4.416 4.416
4320 4.416 4.416
4525 4.416 4.379
4421 4.379 4.379
4556 4.379 4.379
4623 4.379 4.318
4411 4.318 4.318
4495 4.318 4.318
4280 4.318 4.293
4534 4.293 4.293
4266 4.293 4.293
4188 4.293 4.469
4352 4.469 4.469
4223 4.469 4.469
4219 4.469 4.511
4504 4.511 4.511
4286 4.511 4.511
4256 4.511 4.461
4221 4.461 4.461
4261 4.461 4.461
4263 4.461 4.548
4257 4.548 4.548
4387 4.548 4.548
4490 4.548 4.474
4555 4.474 4.474
4411 4.474 4.474
4347 4.474 4.401
4260 4.401 4.401
4339 4.401 4.401
4404 4.401 4.639
4464 4.639 4.639
4394 4.639 4.639
4481 4.639 4.629
4566 4.629 4.629
4423 4.629 4.629
4188 4.629 4.548
4254 4.548 4.548
4437 4.548 4.548
4395 4.548 4.61
4204 4.61 4.61
4435 4.61 4.61
4375 4.61 4.58
4428 4.58 4.58
4450 4.58 4.58
4255 4.58 4.566
4512 4.566 4.566
4379 4.566 4.566
4293 4.566 4.506
4188 4.506 4.506
4188 4.506 4.506
4341 4.506 4.415
4261 4.415 4.415
4422 4.415 4.415
4314 4.415 4.318
4188 4.318 4.318
4381 4.318 4.318
4432 4.318 4.468
4540 4.468 4.468
4418 4.468 4.468
4468 4.468 4.335
4453 4.335 4.335
4573 4.335 4.335
4519 4.335 4.146
4357 4.146 4.146
4202 4.146 4.146
4253 4.146 4.363
4485 4.363 4.363
4278 4.363 4.38
4362 4.38 4.38
4283 4.38 4.38
4188 4.38 4.331
4188 4.331 4.331
4287 4.331 4.331
4246 4.331 4.322
4287 4.322 4.322
4220 4.322 4.322
4210 4.322 4.444
4227 4.444 4.444
4344 4.444 4.444
4383 4.444 4.267
4460 4.267 4.267
4571 4.267 4.267
4512 4.267 4.184
4248 4.184 4.184
4283 4.184 4.184
4375 4.184 4.199
4300 4.199 4.199
4416 4.199 4.199
4298 4.199 4.192
4349 4.192 4.192
4439 4.192 4.192
4273 4.192 3.996
4216 3.996 3.996
4188 3.996 3.996
4272 3.996 4.044
4280 4.044 4.044
4362 4.044 4.044
4247 4.044 4.03
4437 4.03 4.03
4279 4.03 4.03
4188 4.03 4.078
4188 4.078 4.078
4643 4.078 4.107
4721 4.107 4.107
4602 4.107 4.107
4470 4.107 3.999
4386 3.999 3.999
4237 3.999 3.999
4400 3.999 4.09
4304 4.09 4.09
4691 4.09 4.09
4635 4.09 4.143
4522 4.143 4.143
4325 4.143 4.143
4289 4.143 4.056
4262 4.056 4.056
4266 4.056 4.185
4289 4.185 4.185
4261 4.185 4.185
4581 4.185 4.352
4188 4.352 4.352
4472 4.352 4.352
4383 4.352 4.278
4432 4.278 4.278
4390 4.278 4.278
4444 4.278 4.127
4310 4.127 4.127
4548 4.127 4.127
4406 4.127 4.36
4582 4.36 4.36
4484 4.36 4.36
4625 4.36 4.385
4538 4.385 4.385
4446 4.385 4.385
4412 4.385 4.154
4320 4.154 4.154
4352 4.154 4.154
4265 4.154 4.12
4188 4.12 4.12
4392 4.12 4.234
4234 4.234 4.234
4342 4.234 4.234
4311 4.234 4.291
4188 4.291 4.291
4188 4.291 4.291
4322 4.291 4.38
4249 4.38 4.38
4250 4.38 4.38
4291 4.38 4.469
4441 4.469 4.469
4208 4.469 4.469
4333 4.469 4.437
4401 4.437 4.437
4634 4.437 4.437
4348 4.437 4.299
4445 4.299 4.299
4514 4.299 4.299
4531 4.299 4.206
4545 4.206 4.206
4465 4.206 4.206
4222 4.206 4.139
4282 4.139 4.139
4188 4.139 4.139
4277 4.139 4.187
4188 4.187 4.187
4642 4.187 4.187
4428 4.187 4.186
4518 4.186 4.186
4338 4.186 4.186
4650 4.186 4.043
4304 4.043 4.043
4213 4.043 4.043
4248 4.043 4.289
4287 4.289 4.289
4206 4.289 4.402
4319 4.402 4.402
4390 4.402 4.402
4237 4.402 4.351
4356 4.351 4.351
4393 4.351 4.351
4321 4.351 4.148
4188 4.148 4.148
4254 4.148 4.148
4385 4.148 4.299
4215 4.299 4.299
4326 4.299 4.299
4406 4.299 4.461
4407 4.461 4.461
4466 4.461 4.461
4339 4.461 4.158
4289 4.158 4.158
4337 4.158 4.158
4267 4.158 4.158
4292 4.158 4.158
4368 4.158 4.263
4300 4.263 4.263
4292 4.263 4.263
4248 4.263 4.194
4419 4.194 4.194
4423 4.194 4.194
4325 4.194 4.105
4354 4.105 4.105
4541 4.105 4.105
4331 4.105 4.169
4374 4.169 4.169
4354 4.169 4.169
4414 4.169 4.027
4294 4.027 4.027
4320 4.027 4.027
4443 4.027 4.151
4259 4.151 4.151
4275 4.151 4.181
4274 4.181 4.181
4188 4.181 4.181
4235 4.181 4.252
4285 4.252 4.252
4313 4.252 4.252
4188 4.252 4.312
4379 4.312 4.312
4338 4.312 4.312
4379 4.312 4.273
4485 4.273 4.273
4508 4.273 4.273
4400 4.273 4.276
4420 4.276 4.276
4227 4.276 4.276
4505 4.276 4.366
4214 4.366 4.366
4276 4.366 4.366
4280 4.366 4.388
4235 4.388 4.388
4449 4.388 4.388
4383 4.388 4.337
4280 4.337 4.337
4285 4.337 4.337
4340 4.337 4.426
4421 4.426 4.426
4254 4.426 4.426
4198 4.426 4.386
4274 4.386 4.386
4267 4.386 4.386
4188 4.386 4.501
4339 4.501 4.501
4407 4.501 4.501
4497 4.501 4.554
4459 4.554 4.554
4372 4.554 4.554
4388 4.554 4.557
4418 4.557 4.557
4421 4.557 4.557
4447 4.557 4.554
4600 4.554 4.554
4434 4.554 4.554
4532 4.554 4.392
4403 4.392 4.392
4272 4.392 4.392
4358 4.392 4.478
4432 4.478 4.478
4322 4.478 4.478
4260 4.478 4.485
4403 4.485 4.485
4295 4.485 4.485
4424 4.485 4.403
4627 4.403 4.403
4410 4.403 4.403
4319 4.403 4.399
4430 4.399 4.399
4188 4.399 4.399
4188 4.399 4.472
4363 4.472 4.472
4321 4.472 4.472
4264 4.472 4.572
4401 4.572 4.572
4612 4.572 4.572
4419 4.572 4.424
4405 4.424 4.424
4321 4.424 4.424
4461 4.424 4.344
4312 4.344 4.344
4188 4.344 4.344
4188 4.344 4.473
4559 4.473 4.473
4376 4.473 4.473
4268 4.473 4.387
4260 4.387 4.387
4223 4.387 4.387
4335 4.387 4.332
4313 4.332 4.332
4345 4.332 4.332
4563 4.332 4.179
4398 4.179 4.179
4477 4.179 4.179
4397 4.179 3.972
4363 3.972 3.972
4220 3.972 3.972
4288 3.972 4.028
4268 4.028 4.028
4431 4.028 4.083
4259 4.083 4.083
4442 4.083 4.083
4648 4.083 3.94
4331 3.94 3.94
4387 3.94 3.94
4602 3.94 4.079
4426 4.079 4.079
4330 4.079 4.079
4290 4.079 4.065
4216 4.065 4.065
4316 4.065 4.065
4401 4.065 4.053
4367 4.053 4.053
4297 4.053 4.053
4312 4.053 4.119
4263 4.119 4.119
4188 4.119 4.158
4236 4.158 4.158
4434 4.158 4.158
4467 4.158 4.028
4841 4.028 4.028
4616 4.028 4.028
4192 4.028 3.848
4462 3.848 3.848
4371 3.848 3.701
4383 3.701 3.701
4332 3.701 3.881
4294 3.881 3.881
4419 3.881 4.038
4257 4.038 4.038
4271 4.038 4.038
4236 4.038 4.012
4263 4.012 4.012
4389 4.012 4.012
4350 4.012 3.906
4188 3.906 3.906
4283 3.906 4.05
4237 4.05 4.05
4271 4.05 4.083
4376 4.083 4.083
4393 4.083 4.083
4225 4.083 4.133
4192 4.133 4.133
4236 4.133 4.168
4257 4.168 4.168
4504 4.168 4.402
4588 4.402 4.402
4390 4.402 4.402
4411 4.402 4.257
4295 4.257 4.257
4297 4.257 4.257
4188 4.257 4.264
4188 4.264 4.264
4188 4.264 4.409
4274 4.409 4.409
4351 4.409 4.409
4564 4.409 4.448
4464 4.448 4.448
4535 4.448 4.448
4566 4.448 4.383
4399 4.383 4.383
4532 4.383 4.383
4320 4.383 4.224
4332 4.224 4.224
4397 4.224 4.224
4551 4.224 4.183
4493 4.183 4.183
4487 4.183 4.183
4425 4.183 4.06
4188 4.06 4.06
4363 4.06 4.06
4239 4.06 4.001
4222 4.001 4.001
4237 4.001 4.192
4188 4.192 4.192
4388 4.192 4.419
4570 4.419 4.419
4473 4.419 4.419
4327 4.419 4.325
4374 4.325 4.325
4278 4.325 4.325
4387 4.325 4.364
4587 4.364 4.364
4452 4.364 4.364
4309 4.364 4.295
4497 4.295 4.295
4380 4.295 4.295
4699 4.295 3.976
4566 3.976 3.976
4465 3.976 3.976
4228 3.976 3.757
4188 3.757 3.757
4301 3.757 3.987
4242 3.987 3.987
4189 3.987 4.162
4188 4.162 4.162
4369 4.162 4.162
4284 4.162 4.013
4374 4.013 4.013
4392 4.013 4.013
4221 4.013 3.917
4280 3.917 3.917
4250 3.917 4.125
4213 4.125 4.125
4188 4.125 4.217
4352 4.217 4.217
4542 4.217 4.217
4709 4.217 3.949
4708 3.949 3.949
4701 3.949 3.949
4352 3.949 3.712
4298 3.712 3.712
4314 3.712 3.782
4360 3.782 3.782
4430 3.782 3.978
4315 3.978 3.978
4269 3.978 3.96
4390 3.96 3.96
4364 3.96 3.846
4291 3.846 3.846
4188 3.846 3.936
4188 3.936 3.936
4274 3.936 4.208
4188 4.208 4.208
4324 4.208 4.255
4274 4.255 4.255
4341 4.255 4.255
4306 4.255 4.082
4284 4.082 4.082
4268 4.082 4.082
4188 4.082 4.096
4303 4.096 4.096
4278 4.096 4.306
4246 4.306 4.306
4467 4.306 4.306
4370 4.306 4.237
4440 4.237 4.237
4401 4.237 4.237
4281 4.237 3.948
4340 3.948 3.948
4286 3.948 4.021
4320 4.021 4.021
4255 4.021 4.044
4388 4.044 4.044
4315 4.044 4.044
4421 4.044 4.032
4243 4.032 4.032
4188 4.032 4.032
4479 4.032 4.096
4331 4.096 4.096
4188 4.096 4.096
4188 4.096 4.259
4221 4.259 4.259
4226 4.259 4.259
4267 4.259 4.176
4315 4.176 4.176
4432 4.176 4.176
4387 4.176 4.114
4396 4.114 4.114
4475 4.114 4.114
4380 4.114 4.068
4393 4.068 4.068
4362 4.068 4.068
4222 4.068 4.209
4314 4.209 4.209
4298 4.209 4.254
4354 4.254 4.254
4461 4.254 4.254
4326 4.254 4.115
4188 4.115 4.115
4299 4.115 4.115
4627 4.115 4.238
4358 4.238 4.238
4395 4.238 4.238
4211 4.238 4.218
4444 4.218 4.218
4341 4.218 4.218
4188 4.218 4.189
4193 4.189 4.189
4188 4.189 4.192
4283 4.192 4.192
4640 4.192 4.192
4374 4.192 4.175
4473 4.175 4.175
4543 4.175 4.175
4489 4.175 3.933
4246 3.933 3.933
4366 3.933 3.933
4720 3.933 4.124
4339 4.124 4.124
4565 4.124 4.124
4474 4.124 4.015
4377 4.015 4.015
4234 4.015 4.015
4630 4.015 3.939
4312 3.939 3.939
4223 3.939 3.939
4325 3.939 4.012
4188 4.012 4.012
4303 4.012 4.103
4213 4.103 4.103
4252 4.103 4.103
4316 4.103 3.983
4354 3.983 3.983
4472 3.983 3.983
4580 3.983 3.868
4798 3.868 3.868
4510 3.868 3.868
4344 3.868 3.716
4223 3.716 3.716
4188 3.716 3.722
4292 3.722 3.722
4266 3.722 3.932
4284 3.932 3.932
4296 3.932 3.975
4267 3.975 3.975
4423 3.975 3.841
4343 3.841 3.841
4472 3.841 3.841
4218 3.841 3.796
4285 3.796 3.796
4547 3.796 3.963
4350 3.963 3.963
4379 3.963 3.883
4263 3.883 3.883
4305 3.883 3.745
4230 3.745 3.745
4225 3.745 3.807
4188 3.807 3.807
4330 3.807 3.877
4291 3.877 3.877
4379 3.877 3.951
4325 3.951 3.951
4436 3.951 3.84
4562 3.84 3.84
4381 3.84 3.703
4421 3.703 3.703
4817 3.703 3.732
4340 3.732 3.732
4271 3.732 3.746
4610 3.746 3.746
4634 3.746 3.563
4449 3.563 3.563
4337 3.563 3.563
4500 3.563 3.739
4346 3.739 3.739
4338 3.739 3.798
4395 3.798 3.798
4564 3.798 3.811
4249 3.811 3.811
4235 3.811 3.67
4382 3.67 3.67
4297 3.67 3.667
4291 3.667 3.667
4354 3.667 3.672
4295 3.672 3.672
4189 3.672 3.755
4228 3.755 3.755
4237 3.755 3.808
4366 3.808 3.808
4188 3.808 3.855
4435 3.855 3.855
4461 3.855 3.829
4188 3.829 3.829
4392 3.829 3.829
4442 3.829 3.642
4671 3.642 3.642
4484 3.642 3.498
4344 3.498 3.498
4264 3.498 3.653
4188 3.653 3.653
4302 3.653 3.836
4339 3.836 3.836
4188 3.836 3.824
4331 3.824 3.824
4350 3.824 3.754
4521 3.754 3.754
4356 3.754 3.624
4377 3.624 3.624
4188 3.624 3.746
4222 3.746 3.746
4276 3.746 3.871
4278 3.871 3.871
4316 3.871 3.851
4351 3.851 3.851
4445 3.851 3.695
4256 3.695 3.695
4280 3.695 3.852
4369 3.852 3.852
4225 3.852 3.931
4332 3.931 3.931
4227 3.931 3.922
4352 3.922 3.922
4369 3.922 3.824
4227 3.824 3.824
4430 3.824 3.866
4353 3.866 3.866
4569 3.866 3.893
4275 3.893 3.893
4188 3.893 4.005
4332 4.005 4.005
4532 4.005 4.213
4445 4.213 4.213
4456 4.213 4.213
4369 4.213 4.076
4377 4.076 4.076
4280 4.076 4.076
4300 4.076 4.151
4264 4.151 4.151
4233 4.151 4.138
4236 4.138 4.138
4269 4.138 4.138
4250 4.138 4.011
4368 4.011 4.011
4386 4.011 4.011
4494 4.011 4.048
4419 4.048 4.048
4328 4.048 4.048
4262 4.048 4.037
4349 4.037 4.037
4495 4.037 4.083
4250 4.083 4.083
4275 4.083 4.083
4310 4.083 4.124
4311 4.124 4.124
4331 4.124 4.124
4270 4.124 4.313
4197 4.313 4.313
4373 4.313 4.313
4360 4.313 4.261
4257 4.261 4.261
4262 4.261 4.261
4310 4.261 4.193
4342 4.193 4.193
4418 4.193 4.193
4213 4.193 4.288
4188 4.288 4.288
4188 4.288 4.288
4197 4.288 4.337
4425 4.337 4.337
4314 4.337 4.337
4188 4.337 4.276
4198 4.276 4.276
4429 4.276 4.276
4272 4.276 4.428
4273 4.428 4.428
4188 4.428 4.428
4367 4.428 4.613
4191 4.613 4.613
4272 4.613 4.613
4209 4.613 4.575
4218 4.575 4.575
4368 4.575 4.575
4271 4.575 4.543
4308 4.543 4.543
4361 4.543 4.543
4423 4.543 4.725
4405 4.725 4.725
4490 4.725 4.725
4474 4.725 4.724
4213 4.724 4.724
4284 4.724 4.724
4395 4.724 4.701
4188 4.701 4.701
4290 4.701 4.701
4420 4.701 4.828
4229 4.828 4.828
4205 4.828 4.828
4193 4.828 4.888
4208 4.888 4.888
4408 4.888 4.888
4437 4.888 4.836
4296 4.836 4.836
4288 4.836 4.836
4214 4.836 4.975
4244 4.975 4.975
4370 4.975 4.975
4235 4.975 4.979
4409 4.979 4.979
4249 4.979 4.979
4387 4.979 4.959
4322 4.959 4.959
4267 4.959 4.959
4188 4.959 5.084
4188 5.084 5.084
4338 5.084 5.084
4317 5.084 5.12
4458 5.12 5.12
4399 5.12 5.12
4478 5.12 5.057
4425 5.057 5.057
4188 5.057 5.057
4329 5.057 4.923
4237 4.923 4.923
4207 4.923 4.923
4493 4.923 5.202
4433 5.202 5.202
4354 5.202 5.202
4298 5.202 5.328
4456 5.328 5.328
4382 5.328 5.328
4522 5.328 5.224
4597 5.224 5.224
4450 5.224 5.224
4388 5.224 5.156
4240 5.156 5.156
4270 5.156 5.156
4392 5.156 5.214
4221 5.214 5.214
4266 5.214 5.214
4455 5.214 5.214
4313 5.214 5.214
4254 5.214 5.214
4322 5.214 5.156
4344 5.156 5.156
4396 5.156 5.156
4524 5.156 5.21
4267 5.21 5.21
4263 5.21 5.21
4373 5.21 5.11
4221 5.11 5.11
4262 5.11 5.11
4302 5.11 5.036
4480 5.036 5.036
4508 5.036 5.036
4216 5.036 5.048
4188 5.048 5.048
4216 5.048 5.048
4364 5.048 5.082
4305 5.082 5.082
4191 5.082 5.082
4257 5.082 5.161
4398 5.161 5.161
4516 5.161 5.161
4219 5.161 5.159
4367 5.159 5.159
4684 5.159 5.159
4302 5.159 5.102
4410 5.102 5.102
4409 5.102 5.102
4266 5.102 4.845
4188 4.845 4.845
4304 4.845 4.845
4188 4.845 4.771
4342 4.771 4.771
4283 4.771 4.771
4236 4.771 4.88
4212 4.88 4.88
4272 4.88 4.88
4450 4.88 4.932
4356 4.932 4.932
4259 4.932 4.932
4256 4.932 4.973
4410 4.973 4.973
4188 4.973 4.973
4188 4.973 5.137
4274 5.137 5.137
4275 5.137 5.137
4333 5.137 5.173
4422 5.173 5.173
4482 5.173 5.173
4204 5.173 5.147
4336 5.147 5.147
4188 5.147 5.147
4366 5.147 5.275
4427 5.275 5.275
4635 5.275 5.275
4506 5.275 5.223
4386 5.223 5.223
4395 5.223 5.223
4553 5.223 4.987
4297 4.987 4.987
4651 4.987 4.987
4273 4.987 5.049
4403 5.049 5.049
4265 5.049 5.049
4327 5.049 5.161
4578 5.161 5.161
4526 5.161 5.161
4466 5.161 5.112
4391 5.112 5.112
4765 5.112 5.112
4365 5.112 5.063
4188 5.063 5.063
4276 5.063 5.063
4207 5.063 4.929
4305 4.929 4.929
4188 4.929 4.929
4294 4.929 4.993
4492 4.993 4.993
4313 4.993 4.993
4188 4.993 5.148
4259 5.148 5.148
4456 5.148 5.148
4416 5.148 4.831
4270 4.831 4.831
4321 4.831 4.831
4272 4.831 4.775
4357 4.775 4.775
4373 4.775 4.775
4188 4.775 4.991
4235 4.991 4.991
4336 4.991 4.991
4340 4.991 5.115
4248 5.115 5.115
4342 5.115 5.115
4606 5.115 5.092
4517 5.092 5.092
4336 5.092 5.092
4277 5.092 4.913
4581 4.913 4.913
4281 4.913 4.913
4275 4.913 4.874
4188 4.874 4.874
4188 4.874 4.874
4204 4.874 4.931
4188 4.931 4.931
4433 4.931 4.931
4480 4.931 5.075
4493 5.075 5.075
4386 5.075 5.075
4308 5.075 4.993
4508 4.993 4.993
4240 4.993 4.993
4333 4.993 5.093
4347 5.093 5.093
4314 5.093 5.093
4200 5.093 5.129
4357 5.129 5.129
4559 5.129 5.129
4393 5.129 5.003
4188 5.003 5.003
4375 5.003 5.003
4460 5.003 4.856
4323 4.856 4.856
4290 4.856 4.856
4188 4.856 4.886
4356 4.886 4.886
4360 4.886 4.886
4188 4.886 5.168
4355 5.168 5.168
4228 5.168 5.168
4364 5.168 5.18
4535 5.18 5.18
4313 5.18 5.18
4633 5.18 5.089
4332 5.089 5.089
4188 5.089 5.089
4280 5.089 5.218
4188 5.218 5.218
4491 5.218 5.218
4254 5.218 5.401
4464 5.401 5.401
4355 5.401 5.401
4481 5.401 5.319
4285 5.319 5.319
4321 5.319 5.319
4248 5.319 5.118
4416 5.118 5.118
4447 5.118 5.118
4300 5.118 5.362
4390 5.362 5.362
4328 5.362 5.362
4442 5.362 5.253
4551 5.253 5.253
4318 5.253 5.253
4274 5.253 5.039
4269 5.039 5.039
4425 5.039 5.039
4301 5.039 5.19
4340 5.19 5.19
4225 5.19 5.19
4371 5.19 5.352
4223 5.352 5.352
4188 5.352 5.352
4459 5.352 5.516
4219 5.516 5.516
4518 5.516 5.516
4586 5.516 5.35
4396 5.35 5.35
4240 5.35 5.35
4233 5.35 5.376
4188 5.376 5.376
4346 5.376 5.376
4367 5.376 5.605
4379 5.605 5.605
4287 5.605 5.605
4299 5.605 5.783
4249 5.783 5.783
4188 5.783 5.783
4541 5.783 5.89
4386 5.89 5.89
4343 5.89 5.89
4496 5.89 5.89
4539 5.89 5.78
4411 5.78 5.78
4232 5.78 5.78
4267 5.78 5.752
4362 5.752 5.752
4217 5.752 5.752
4379 5.752 6.052
4280 6.052 6.052
4233 6.052 6.052
4272 6.052 6.08
4384 6.08 6.08
4272 6.08 6.08
4455 6.08 6.08
4413 6.08 5.825
4188 5.825 5.825
4188 5.825 5.825
4313 5.825 5.825
4273 5.825 5.777
4429 5.777 5.777
4289 5.777 5.777
4209 5.777 5.894
4562 5.894 5.894
4553 5.894 5.894
4188 5.894 6.035
4368 6.035 6.035
4554 6.035 6.035
4415 6.035 5.968
4363 5.968 5.968
4226 5.968 5.968
4334 5.968 5.968
4188 5.968 5.992
4413 5.992 5.992
4668 5.992 5.992
4188 5.992 6.307
4473 6.307 6.307
4262 6.307 6.307
4254 6.307 6.232
4558 6.232 6.232
4327 6.232 6.232
4202 6.232 6.232
4294 6.232 6.296
4495 6.296 6.296
4332 6.296 6.296
4188 6.296 6.296
4457 6.296 6.302
4490 6.302 6.302
4474 6.302 6.302
4428 6.302 6.302
4263 6.302 6.097
4337 6.097 6.097
4300 6.097 6.097
4378 6.097 6.097
4388 6.097 6.14
4376 6.14 6.14
4430 6.14 6.14
4188 6.14 6.278
4421 6.278 6.278
4591 6.278 6.278
4388 6.278 6.242
4440 6.242 6.242
4469 6.242 6.242
4511 6.242 6.242
4420 6.242 6.144
4472 6.144 6.144
4401 6.144 6.144
4407 6.144 6.144
4293 6.144 6.039
4453 6.039 6.039
4481 6.039 6.039
4276 6.039 6.039
4470 6.039 6.024
4188 6.024 6.024
4385 6.024 6.024
4383 6.024 6.024
4425 6.024 6.16
4400 6.16 6.16
4215 6.16 6.16
4241 6.16 6.16
4280 6.16 6.225
4476 6.225 6.225
4206 6.225 6.225
4251 6.225 6.291
4332 6.291 6.291
4310 6.291 6.291
4348 6.291 6.291
4267 6.291 6.216
4413 6.216 6.216
4494 6.216 6.216
4333 6.216 6.216
4236 6.216 6.127
4206 6.127 6.127
4217 6.127 6.127
4295 6.127 6.127
4319 6.127 5.965
4188 5.965 5.965
4203 5.965 5.965
4287 5.965 5.984
4265 5.984 5.984
4266 5.984 5.984
4284 5.984 6.029
4188 6.029 6.029
4322 6.029 6.029
4293 6.029 6.024
4220 6.024 6.024
4279 6.024 6.024
4304 6.024 6.086
4350 6.086 6.086
4236 6.086 6.086
4449 6.086 6.079
4591 6.079 6.079
4207 6.079 6.079
4432 6.079 6.079
4345 6.079 5.92
4323 5.92 5.92
4554 5.92 5.92
4537 5.92 5.886
4341 5.886 5.886
4341 5.886 5.886
4492 5.886 5.752
4272 5.752 5.752
4449 5.752 5.752
4265 5.752 5.795
4266 5.795 5.795
4396 5.795 5.795
4286 5.795 5.87
4431 5.87 5.87
4342 5.87 5.87
4312 5.87 5.921
4539 5.921 5.921
4613 5.921 5.921
4272 5.921 5.969
4279 5.969 5.969
4273 5.969 5.969
4552 5.969 5.97
4418 5.97 5.97
4228 5.97 5.97
4500 5.97 5.97
4282 5.97 5.897
4304 5.897 5.897
4298 5.897 5.897
4340 5.897 5.926
4405 5.926 5.926
4332 5.926 5.926
4271 5.926 6.215
4459 6.215 6.215
4794 6.215 6.215
4314 6.215 6.291
4390 6.291 6.291
4562 6.291 6.291
4432 6.291 6.291
4351 6.291 5.814
4490 5.814 5.814
4451 5.814 5.814
4369 5.814 5.624
4240 5.624 5.624
4207 5.624 5.624
4188 5.624 5.877
4392 5.877 5.877
4267 5.877 5.877
4437 5.877 6.103
4410 6.103 6.103
4263 6.103 6.103
4489 6.103 6.103
4540 6.103 5.703
4308 5.703 5.703
4413 5.703 5.703
4415 5.703 5.703
4504 5.703 5.569
4286 5.569 5.569
4200 5.569 5.569
4206 5.569 5.788
4242 5.788 5.788
4188 5.788 5.788
4188 5.788 5.991
4518 5.991 5.991
4376 5.991 5.991
4215 5.991 6.061
4413 6.061 6.061
4525 6.061 6.061
4392 6.061 5.9
4530 5.9 5.9
4254 5.9 5.9
4188 5.9 5.9
4188 5.9 5.956
4426 5.956 5.956
4417 5.956 5.956
4258 5.956 6.012
4419 6.012 6.012
4579 6.012 6.012
4260 6.012 6.076
4289 6.076 6.076
4244 6.076 6.076
4222 6.076 5.973
4449 5.973 5.973
4188 5.973 5.973
4188 5.973 6.065
4258 6.065 6.065
4314 6.065 6.065
4385 6.065 6.09
4233 6.09 6.09
4271 6.09 6.09
4271 6.09 6.09
4530 6.09 6.118
4360 6.118 6.118
4235 6.118 6.118
4396 6.118 6.118
4345 6.118 6.122
4245 6.122 6.122
4281 6.122 6.122
4285 6.122 6.122
4434 6.122 6.044
4243 6.044 6.044
4188 6.044 6.044
4527 6.044 6.044
4370 6.044 6.023
4264 6.023 6.023
4330 6.023 6.023
4266 6.023 6.023
4390 6.023 6.071
4221 6.071 6.071
4289 6.071 6.071
4461 6.071 6.071
4188 6.071 6.221
4436 6.221 6.221
4435 6.221 6.221
4242 6.221 6.124
4320 6.124 6.124
4222 6.124 6.124
4449 6.124 6.124
4343 6.124 6.033
4308 6.033 6.033
4260 6.033 6.033
4496 6.033 6.232
4193 6.232 6.232
4272 6.232 6.232
4413 6.232 6.232
4282 6.232 6.144
4235 6.144 6.144
4188 6.144 6.144
4190 6.144 6.144
4378 6.144 6.149
4203 6.149 6.149
4366 6.149 6.149
4356 6.149 6.149
4295 6.149 6.262
4367 6.262 6.262
4361 6.262 6.262
4437 6.262 6.262
4430 6.262 6.263
4338 6.263 6.263
4257 6.263 6.263
4528 6.263 6.263
4344 6.263 6.339
4299 6.339 6.339
4534 6.339 6.339
4218 6.339 6.339
4302 6.339 6.272
4579 6.272 6.272
4410 6.272 6.272
4322 6.272 6.272
4264 6.272 6.294
4267 6.294 6.294
4283 6.294 6.294
4375 6.294 6.294
4262 6.294 6.296
4202 6.296 6.296
4339 6.296 6.296
4292 6.296 6.296
4188 6.296 6.387
4333 6.387 6.387
4248 6.387 6.387
4366 6.387 6.387
4408 6.387 6.407
4275 6.407 6.407
4267 6.407 6.407
4305 6.407 6.407
4609 6.407 6.409
4299 6.409 6.409
4300 6.409 6.409
4799 6.409 6.409
4188 6.409 6.427
4223 6.427 6.427
4549 6.427 6.427
4292 6.427 6.427
4241 6.427 6.408
4560 6.408 6.408
4321 6.408 6.408
4207 6.408 6.408
4340 6.408 6.599
4428 6.599 6.599
4188 6.599 6.599
4261 6.599 6.599
4254 6.599 6.838
4530 6.838 6.838
4197 6.838 6.838
4274 6.838 6.838
4389 6.838 7.054
4319 7.054 7.054
4514 7.054 7.054
4260 7.054 7.054
4416 7.054 7.014
4405 7.014 7.014
4375 7.014 7.014
4380 7.014 7.014
4355 7.014 6.764
4355 6.764 6.764
4317 6.764 6.764
4267 6.764 6.764
4370 6.764 6.65
4263 6.65 6.65
4345 6.65 6.65
4295 6.65 6.65
4293 6.65 6.698
4286 6.698 6.698
4274 6.698 6.698
4338 6.698 6.698
4549 6.698 6.96
4437 6.96 6.96
4307 6.96 6.96
4333 6.96 6.96
4299 6.96 6.852
4364 6.852 6.852
4372 6.852 6.852
4385 6.852 6.852
4388 6.852 6.77
4300 6.77 6.77
4188 6.77 6.77
4551 6.77 6.77
4468 6.77 7.052
4473 7.052 7.052
4366 7.052 7.052
4188 7.052 7.052
4518 7.052 6.968
4421 6.968 6.968
4382 6.968 6.968
4215 6.968 6.968
4356 6.968 6.765
4349 6.765 6.765
4188 6.765 6.765
4282 6.765 6.765
4362 6.765 6.67
4378 6.67 6.67
4188 6.67 6.67
4322 6.67 6.67
4241 6.67 6.624
4539 6.624 6.624
4314 6.624 6.624
4499 6.624 6.624
4314 6.624 6.532
4340 6.532 6.532
4188 6.532 6.532
4277 6.532 6.532
4457 6.532 6.321
4318 6.321 6.321
4428 6.321 6.321
4188 6.321 6.321
4467 6.321 6.637
4321 6.637 6.637
4241 6.637 6.637
4464 6.637 6.637
4402 6.637 6.758
4410 6.758 6.758
4413 6.758 6.758
4316 6.758 6.758
4418 6.758 6.448
4340 6.448 6.448
4340 6.448 6.448
4281 6.448 6.448
4188 6.448 6.43
4311 6.43 6.43
4525 6.43 6.43
4188 6.43 6.767
4398 6.767 6.767
4372 6.767 6.767
4230 6.767 6.767
4422 6.767 6.686
4467 6.686 6.686
4519 6.686 6.686
4463 6.686 6.686
4188 6.686 6.586
4380 6.586 6.586
4463 6.586 6.586
4188 6.586 6.586
4304 6.586 6.537
4319 6.537 6.537
4443 6.537 6.537
4346 6.537 6.537
4188 6.537 6.627
4200 6.627 6.627
4609 6.627 6.627
4391 6.627 6.627
4207 6.627 6.645
4337 6.645 6.645
4217 6.645 6.645
4440 6.645 6.645
4496 6.645 6.724
4219 6.724 6.724
4324 6.724 6.724
4461 6.724 6.724
4383 6.724 6.595
4425 6.595 6.595
4347 6.595 6.595
4188 6.595 6.595
4417 6.595 6.604
4310 6.604 6.604
4400 6.604 6.604
4372 6.604 6.604
4188 6.604 6.821
4381 6.821 6.821
4275 6.821 6.821
4188 6.821 6.821
4389 6.821 6.776
4188 6.776 6.776
4306 6.776 6.776
4322 6.776 6.776
4201 6.776 6.628
4466 6.628 6.628
4287 6.628 6.628
4482 6.628 6.628
4418 6.628 6.894
4275 6.894 6.894
4461 6.894 6.894
4266 6.894 6.894
4188 6.894 6.809
4357 6.809 6.809
4417 6.809 6.809
4376 6.809 6.809
4188 6.809 6.673
4468 6.673 6.673
4363 6.673 6.673
4188 6.673 6.673
4531 6.673 6.716
4248 6.716 6.716
4357 6.716 6.716
4397 6.716 6.716
4188 6.716 6.776
4307 6.776 6.776
4283 6.776 6.776
4339 6.776 6.776
4188 6.776 6.979
4249 6.979 6.979
4252 6.979 6.979
4450 6.979 6.979
4249 6.979 7.091
4245 7.091 7.091
4328 7.091 7.091
4342 7.091 7.091
4282 7.091 6.941
4310 6.941 6.941
4199 6.941 6.941
4264 6.941 6.941
4361 6.941 6.826
4372 6.826 6.826
4188 6.826 6.826
4351 6.826 6.826
4327 6.826 6.776
4188 6.776 6.776
4308 6.776 6.776
4233 6.776 6.776
4243 6.776 6.739
4327 6.739 6.739
4188 6.739 6.739
4284 6.739 6.739
4387 6.739 6.625
4339 6.625 6.625
4278 6.625 6.625
4429 6.625 6.625
4327 6.625 6.571
4303 6.571 6.571
4188 6.571 6.571
4226 6.571 6.571
4246 6.571 6.462
4358 6.462 6.462
4274 6.462 6.462
4218 6.462 6.462
4201 6.462 6.554
4359 6.554 6.554
4302 6.554 6.554
4196 6.554 6.554
4382 6.554 6.555
4269 6.555 6.555
4204 6.555 6.555
4417 6.555 6.555
4218 6.555 6.511
4196 6.511 6.511
4268 6.511 6.511
4423 6.511 6.511
4432 6.511 6.528
4201 6.528 6.528
4328 6.528 6.528
4188 6.528 6.528
4473 6.528 6.64
4188 6.64 6.64
4349 6.64 6.64
4387 6.64 6.64
4188 6.64 6.704
4370 6.704 6.704
4340 6.704 6.704
4188 6.704 6.704
4312 6.704 6.815
4370 6.815 6.815
4302 6.815 6.815
4406 6.815 6.815
4377 6.815 6.938
4269 6.938 6.938
4453 6.938 6.938
4591 6.938 6.938
4292 6.938 6.812
4249 6.812 6.812
4483 6.812 6.812
4203 6.812 6.812
4188 6.812 6.648
4460 6.648 6.648
4188 6.648 6.648
4386 6.648 6.648
4570 6.648 6.908
4364 6.908 6.908
4504 6.908 6.908
4254 6.908 6.908
4297 6.908 6.884
4387 6.884 6.884
4188 6.884 6.884
4484 6.884 6.884
4321 6.884 7.019
4337 7.019 7.019
4299 7.019 7.019
4188 7.019 7.019
4559 7.019 7.01
4313 7.01 7.01
4528 7.01 7.01
4406 7.01 7.01
4207 7.01 6.869
4315 6.869 6.869
4256 6.869 6.869
4274 6.869 6.869
4426 6.869 6.812
4250 6.812 6.812
4281 6.812 6.812
4341 6.812 6.812
4279 6.812 6.701
4369 6.701 6.701
4199 6.701 6.701
4250 6.701 6.701
4343 6.701 7.111
4635 7.111 7.111
4473 7.111 7.111
4230 7.111 7.111
4486 7.111 6.918
4377 6.918 6.918
4560 6.918 6.918
4635 6.918 6.918
4188 6.918 6.791
4494 6.791 6.791
4232 6.791 6.791
4264 6.791 6.791
4201 6.791 6.717
4299 6.717 6.717
4188 6.717 6.717
4528 6.717 6.717
4478 6.717 6.876
4194 6.876 6.876
4515 6.876 6.876
4188 6.876 6.876
4486 6.876 6.822
4213 6.822 6.822
4267 6.822 6.822
4489 6.822 6.822
4387 6.822 6.843
4188 6.843 6.843
4524 6.843 6.843
4270 6.843 6.843
4265 6.843 6.894
4437 6.894 6.894
4287 6.894 6.894
4188 6.894 6.894
4188 6.894 6.96
4296 6.96 6.96
4289 6.96 6.96
4310 6.96 6.96
4397 6.96 7.224
4286 7.224 7.224
4433 7.224 7.224
4188 7.224 7.224
4547 7.224 7.252
4717 7.252 7.252
4375 7.252 7.252
4728 7.252 7.252
4222 7.252 7.082
4609 7.082 7.082
4444 7.082 7.082
4349 7.082 7.082
4386 7.082 6.87
4250 6.87 6.87
4258 6.87 6.87
4316 6.87 6.87
4210 6.87 7.039
4330 7.039 7.039
4320 7.039 7.039
4326 7.039 7.039
4473 7.039 7.328
4517 7.328 7.328
4251 7.328 7.328
4283 7.328 7.328
4312 7.328 7.048
4435 7.048 7.048
4195 7.048 7.048
4353 7.048 7.048
4645 7.048 6.979
4396 6.979 6.979
4401 6.979 6.979
4310 6.979 6.979
4313 6.979 7.072
4513 7.072 7.072
4350 7.072 7.072
4303 7.072 7.072
4253 7.072 6.992
4392 6.992 6.992
4370 6.992 6.992
4299 6.992 6.992
4188 6.992 6.973
4407 6.973 6.973
4465 6.973 6.973
4188 6.973 6.973
4417 6.973 7.011
4347 7.011 7.011
4401 7.011 7.011
4417 7.011 7.011
4204 7.011 6.957
4313 6.957 6.957
4396 6.957 6.957
4365 6.957 6.957
4330 6.957 6.881
4255 6.881 6.881
4278 6.881 6.881
4261 6.881 6.881
4450 6.881 6.989
4298 6.989 6.989
4213 6.989 6.989
4341 6.989 6.989
4294 6.989 7.095
4337 7.095 7.095
4368 7.095 7.095
4311 7.095 7.095
4235 7.095 7.013
4188 7.013 7.013
4265 7.013 7.013
4315 7.013 7.013
4290 7.013 6.953
4572 6.953 6.953
4243 6.953 6.953
4456 6.953 6.953
4329 6.953 6.965
4296 6.965 6.965
4552 6.965 6.965
4284 6.965 6.965
4188 6.965 6.917
4188 6.917 6.917
4303 6.917 6.917
4188 6.917 6.917
4233 6.917 6.982
4328 6.982 6.982
4194 6.982 6.982
4327 6.982 6.982
4562 6.982 7.19
4381 7.19 7.19
4188 7.19 7.19
4665 7.19 7.19
4234 7.19 7.351
4513 7.351 7.351
4797 7.351 7.351
4474 7.351 7.351
4506 7.351 7.025
4333 7.025 7.025
4502 7.025 7.025
4241 7.025 7.025
4188 7.025 6.715
4317 6.715 6.715
4389 6.715 6.715
4289 6.715 6.715
4318 6.715 7.016
4235 7.016 7.016
4188 7.016 7.016
4458 7.016 7.016
4247 7.016 7.247
4327 7.247 7.247
4272 7.247 7.247
4302 7.247 7.247
4317 7.247 6.982
4310 6.982 6.982
4352 6.982 6.982
4511 6.982 6.982
4454 6.982 7.122
4396 7.122 7.122
4485 7.122 7.122
4247 7.122 7.122
4355 7.122 6.985
4188 6.985 6.985
4344 6.985 6.985
4234 6.985 6.985
4465 6.985 6.949
4325 6.949 6.949
4376 6.949 6.949
4188 6.949 6.949
4342 6.949 7.032
4321 7.032 7.032
4290 7.032 7.032
4188 7.032 7.032
4401 7.032 7.078
4269 7.078 7.078
4201 7.078 7.078
4294 7.078 7.078
4329 7.078 7.079
4261 7.079 7.079
4280 7.079 7.079
4418 7.079 7.079
4307 7.079 7.133
4419 7.133 7.133
4466 7.133 7.133
4550 7.133 7.133
4459 7.133 6.954
4369 6.954 6.954
4311 6.954 6.954
4308 6.954 6.954
4353 6.954 6.657
4261 6.657 6.657
4390 6.657 6.657
4381 6.657 6.657
4188 6.657 6.75
4188 6.75 6.75
4361 6.75 6.75
4268 6.75 6.75
4302 6.75 6.951
4188 6.951 6.951
4305 6.951 6.951
4313 6.951 6.951
4190 6.951 6.874
4222 6.874 6.874
4276 6.874 6.874
4412 6.874 6.874
4188 6.874 6.864
4540 6.864 6.864
4188 6.864 6.864
4303 6.864 6.864
4532 6.864 6.82
4401 6.82 6.82
4302 6.82 6.82
4344 6.82 6.82
4197 6.82 6.558
4307 6.558 6.558
4237 6.558 6.558
4243 6.558 6.558
4323 6.558 6.723
4188 6.723 6.723
4552 6.723 6.723
4455 6.723 6.723
4377 6.723 6.802
4248 6.802 6.802
4438 6.802 6.802
4410 6.802 6.802
4554 6.802 6.714
4255 6.714 6.714
4232 6.714 6.714
4518 6.714 6.714
4371 6.714 6.64
4292 6.64 6.64
4365 6.64 6.64
4282 6.64 6.64
4265 6.64 6.568
4376 6.568 6.568
4266 6.568 6.568
4457 6.568 6.568
4224 6.568 6.737
4188 6.737 6.737
4298 6.737 6.737
4301 6.737 6.737
4315 6.737 6.51
4462 6.51 6.51
4382 6.51 6.51
4279 6.51 6.51
4629 6.51 6.624
4277 6.624 6.624
4188 6.624 6.624
4320 6.624 6.624
4357 6.624 6.696
4322 6.696 6.696
4394 6.696 6.696
4304 6.696 6.696
4427 6.696 6.735
4352 6.735 6.735
4346 6.735 6.735
4464 6.735 6.735
4272 6.735 6.817
4468 6.817 6.817
4388 6.817 6.817
4259 6.817 6.817
4713 6.817 6.722
4188 6.722 6.722
4303 6.722 6.722
4450 6.722 6.722
4495 6.722 6.897
4241 6.897 6.897
4413 6.897 6.897
4245 6.897 6.897
4389 6.897 7.09
4188 7.09 7.09
4682 7.09 7.09
4707 7.09 7.09
4522 7.09 7.338
4695 7.338 7.338
4386 7.338 7.338
4446 7.338 7.338
4302 7.338 6.985
4508 6.985 6.985
4251 6.985 6.985
4243 6.985 6.985
4211 6.985 6.892
4434 6.892 6.892
4190 6.892 6.892
4488 6.892 6.892
4394 6.892 7.526
4364 7.526 7.526
4474 7.526 7.526
4229 7.526 7.526
4463 7.526 7.53
4527 7.53 7.53
4277 7.53 7.53
4382 7.53 7.53
4313 7.53 7.53
4188 7.53 7.311
4415 7.311 7.311
4248 7.311 7.311
4266 7.311 7.311
4246 7.311 7.375
4258 7.375 7.375
4301 7.375 7.375
4333 7.375 7.375
4312 7.375 7.613
4225 7.613 7.613
4495 7.613 7.613
4291 7.613 7.613
4364 7.613 7.637
4407 7.637 7.637
4298 7.637 7.637
4315 7.637 7.637
4319 7.637 7.318
4327 7.318 7.318
4188 7.318 7.318
4242 7.318 7.318
4249 7.318 7.344
4228 7.344 7.344
4357 7.344 7.344
4295 7.344 7.344
4303 7.344 7.712
4318 7.712 7.712
4288 7.712 7.712
4299 7.712 7.712
4248 7.712 7.654
4321 7.654 7.654
4242 7.654 7.654
4244 7.654 7.654
4188 7.654 7.505
4418 7.505 7.505
4306 7.505 7.505
4427 7.505 7.505
4359 7.505 7.5
4536 7.5 7.5
4318 7.5 7.5
4357 7.5 7.5
4399 7.5 7.667
4378 7.667 7.667
4412 7.667 7.667
4188 7.667 7.667
4294 7.667 7.455
4605 7.455 7.455
4403 7.455 7.455
4280 7.455 7.455
4241 7.455 7.384
4317 7.384 7.384
4446 7.384 7.384
4473 7.384 7.384
4393 7.384 7.678
4317 7.678 7.678
4365 7.678 7.678
4258 7.678 7.678
4428 7.678 7.556
4242 7.556 7.556
4226 7.556 7.556
4489 7.556 7.556
4293 7.556 7.531
4417 7.531 7.531
4375 7.531 7.531
4514 7.531 7.531
4188 7.531 7.696
4458 7.696 7.696
4321 7.696 7.696
4233 7.696 7.696
4231 7.696 7.666
4317 7.666 7.666
4258 7.666 7.666
4292 7.666 7.666
4202 7.666 7.604
4188 7.604 7.604
4188 7.604 7.604
4470 7.604 7.604
4408 7.604 7.777
4393 7.777 7.777
4296 7.777 7.777
4344 7.777 7.777
4354 7.777 7.737
4546 7.737 7.737
4196 7.737 7.737
4303 7.737 7.737
4220 7.737 7.444
4247 7.444 7.444
4188 7.444 7.444
4614 7.444 7.444
4484 7.444 7.797
4434 7.797 7.797
4371 7.797 7.797
4238 7.797 7.797
4501 7.797 7.642
4252 7.642 7.642
4261 7.642 7.642
4188 7.642 7.642
4271 7.642 7.862
4231 7.862 7.862
4524 7.862 7.862
4314 7.862 7.862
4423 7.862 7.823
4340 7.823 7.823
4361 7.823 7.823
4674 7.823 7.823
4201 7.823 7.823
4481 7.823 7.715
4426 7.715 7.715
4252 7.715 7.715
4555 7.715 7.715
4240 7.715 7.715
4486 7.715 7.33
4211 7.33 7.33
4423 7.33 7.33
4271 7.33 7.33
4268 7.33 7.308
4218 7.308 7.308
4263 7.308 7.308
4379 7.308 7.308
4351 7.308 7.663
4400 7.663 7.663
4466 7.663 7.663
4188 7.663 7.663
4356 7.663 7.58
4463 7.58 7.58
4209 7.58 7.58
4582 7.58 7.58
4285 7.58 7.58
4235 7.58 7.58
4270 7.58 7.58
4273 7.58 7.58
4232 7.58 7.545
4356 7.545 7.545
4392 7.545 7.545
4212 7.545 7.545
4275 7.545 7.576
4541 7.576 7.576
4364 7.576 7.576
4459 7.576 7.576
4351 7.576 7.595
4452 7.595 7.595
4302 7.595 7.595
4375 7.595 7.595
4445 7.595 7.238
4498 7.238 7.238
4200 7.238 7.238
4209 7.238 7.238
4552 7.238 7.393
4188 7.393 7.393
4519 7.393 7.393
4448 7.393 7.393
4400 7.393 7.511
4245 7.511 7.511
4310 7.511 7.511
4376 7.511 7.511
4188 7.511 7.543
4269 7.543 7.543
4318 7.543 7.543
4272 7.543 7.543
4280 7.543 7.492
4188 7.492 7.492
4254 7.492 7.492
4449 7.492 7.492
4367 7.492 7.611
4453 7.611 7.611
4218 7.611 7.611
4353 7.611 7.611
4258 7.611 7.832
4413 7.832 7.832
4405 7.832 7.832
4268 7.832 7.832
4460 7.832 7.676
4308 7.676 7.676
4392 7.676 7.676
4380 7.676 7.676
4376 7.676 7.593
4294 7.593 7.593
4259 7.593 7.593
4188 7.593 7.593
4268 7.593 7.814
4264 7.814 7.814
4311 7.814 7.814
4269 7.814 7.814
4516 7.814 7.974
4194 7.974 7.974
4468 7.974 7.974
4404 7.974 7.974
4422 7.974 7.974
4528 7.974 7.773
4528 7.773 7.773
4748 7.773 7.773
4384 7.773 7.773
4716 7.773 7.773
4188 7.773 7.71
4285 7.71 7.71
4477 7.71 7.71
4320 7.71 7.71
4246 7.71 7.527
4296 7.527 7.527
4389 7.527 7.527
4286 7.527 7.527
4262 7.527 7.922
4248 7.922 7.922
4272 7.922 7.922
4321 7.922 7.922
4254 7.922 8.18
4314 8.18 8.18
4205 8.18 8.18
4309 8.18 8.18
4233 8.18 8.18
4396 8.18 8.048
4384 8.048 8.048
4358 8.048 8.048
4332 8.048 8.048
4319 8.048 8.048
4280 8.048 7.857
4290 7.857 7.857
4201 7.857 7.857
4255 7.857 7.857
4219 7.857 7.961
4190 7.961 7.961
4320 7.961 7.961
4188 7.961 7.961
4328 7.961 8.054
4519 8.054 8.054
4304 8.054 8.054
4431 8.054 8.054
4219 8.054 7.932
4442 7.932 7.932
4388 7.932 7.932
4390 7.932 7.932
4335 7.932 7.718
4299 7.718 7.718
4250 7.718 7.718
4211 7.718 7.718
4387 7.718 7.644
4349 7.644 7.644
4254 7.644 7.644
4220 7.644 7.644
4350 7.644 7.637
4192 7.637 7.637
4305 7.637 7.637
4214 7.637 7.637
4303 7.637 7.603
4326 7.603 7.603
4211 7.603 7.603
4389 7.603 7.603
4254 7.603 7.58
4395 7.58 7.58
4531 7.58 7.58
4328 7.58 7.58
4381 7.58 7.585
4188 7.585 7.585
4632 7.585 7.585
4264 7.585 7.585
4507 7.585 7.563
4500 7.563 7.563
4440 7.563 7.563
4466 7.563 7.563
4382 7.563 7.563
4439 7.563 7.565
4267 7.565 7.565
4430 7.565 7.565
4221 7.565 7.565
4287 7.565 7.55
4188 7.55 7.55
4235 7.55 7.55
4318 7.55 7.55
4368 7.55 8.006
4649 8.006 8.006
4455 8.006 8.006
4560 8.006 8.006
4341 8.006 7.843
4499 7.843 7.843
4384 7.843 7.843
4528 7.843 7.843
4296 7.843 7.843
4632 7.843 7.763
4274 7.763 7.763
4318 7.763 7.763
4497 7.763 7.763
4210 7.763 7.762
4452 7.762 7.762
4606 7.762 7.762
4450 7.762 7.762
4188 7.762 7.991
4405 7.991 7.991
4261 7.991 7.991
4593 7.991 7.991
4285 7.991 7.848
4429 7.848 7.848
4425 7.848 7.848
4490 7.848 7.848
4479 7.848 7.911
4499 7.911 7.911
4416 7.911 7.911
4188 7.911 7.911
4461 7.911 7.911
4490 7.911 7.811
4412 7.811 7.811
4420 7.811 7.811
4445 7.811 7.811
4661 7.811 7.811
4188 7.811 7.777
4573 7.777 7.777
4413 7.777 7.777
4562 7.777 7.777
4229 7.777 7.775
4500 7.775 7.775
4253 7.775 7.775
4365 7.775 7.775
4343 7.775 7.708
4266 7.708 7.708
4188 7.708 7.708
4685 7.708 7.708
4188 7.708 7.964
4678 7.964 7.964
4534 7.964 7.964
4754 7.964 7.964
4443 7.964 7.856
4567 7.856 7.856
4467 7.856 7.856
4678 7.856 7.856
4461 7.856 7.856
4483 7.856 7.28
4196 7.28 7.28
4188 7.28 7.28
4279 7.28 7.28
4287 7.28 7.33
4227 7.33 7.33
4412 7.33 7.33
4346 7.33 7.33
4521 7.33 7.775
4299 7.775 7.775
4368 7.775 7.775
4414 7.775 7.775
4289 7.775 7.775
4357 7.775 7.569
4261 7.569 7.569
4207 7.569 7.569
4261 7.569 7.569
4501 7.569 7.365
4273 7.365 7.365
4188 7.365 7.365
4486 7.365 7.365
4225 7.365 7.83
4420 7.83 7.83
4456 7.83 7.83
4293 7.83 7.83
4398 7.83 7.679
4329 7.679 7.679
4330 7.679 7.679
4188 7.679 7.679
4288 7.679 7.468
4236 7.468 7.468
4282 7.468 7.468
4288 7.468 7.468
4426 7.468 7.398
4331 7.398 7.398
4418 7.398 7.398
4440 7.398 7.398
4219 7.398 7.277
4498 7.277 7.277
4188 7.277 7.277
4299 7.277 7.277
4398 7.277 7.364
4194 7.364 7.364
4246 7.364 7.364
4259 7.364 7.364
4241 7.364 7.247
4188 7.247 7.247
4304 7.247 7.247
4346 7.247 7.247
4301 7.247 7.119
4259 7.119 7.119
4405 7.119 7.119
4305 7.119 7.119
4492 7.119 7.162
4188 7.162 7.162
4513 7.162 7.162
4421 7.162 7.162
4335 7.162 7.124
4344 7.124 7.124
4697 7.124 7.124
4273 7.124 7.124
4442 7.124 7.008
4319 7.008 7.008
4400 7.008 7.008
4317 7.008 7.008
4209 7.008 6.958
4396 6.958 6.958
4333 6.958 6.958
4250 6.958 6.958
4307 6.958 7.136
4303 7.136 7.136
4188 7.136 7.136
4411 7.136 7.136
4363 7.136 7.374
4290 7.374 7.374
4375 7.374 7.374
4299 7.374 7.374
4335 7.374 7.329
4705 7.329 7.329
4218 7.329 7.329
4569 7.329 7.329
4513 7.329 7.405
4418 7.405 7.405
4383 7.405 7.405
4379 7.405 7.405
4212 7.405 7.252
4368 7.252 7.252
4302 7.252 7.252
4188 7.252 7.252
4303 7.252 7.579
4252 7.579 7.579
4188 7.579 7.579
4333 7.579 7.579
4268 7.579 7.861
4208 7.861 7.861
4396 7.861 7.861
4340 7.861 7.861
4449 7.861 7.813
4320 7.813 7.813
4452 7.813 7.813
4313 7.813 7.813
4344 7.813 7.813
4471 7.813 7.536
4313 7.536 7.536
4278 7.536 7.536
4386 7.536 7.536
4349 7.536 7.458
4215 7.458 7.458
4331 7.458 7.458
4188 7.458 7.458
4466 7.458 7.599
4418 7.599 7.599
4560 7.599 7.599
4385 7.599 7.599
4456 7.599 7.378
4247 7.378 7.378
4353 7.378 7.378
4439 7.378 7.378
4302 7.378 7.18
4454 7.18 7.18
4270 7.18 7.18
4273 7.18 7.18
4464 7.18 7.291
4269 7.291 7.291
4205 7.291 7.291
4537 7.291 7.291
4299 7.291 7.181
4385 7.181 7.181
4188 7.181 7.181
4325 7.181 7.181
4503 7.181 7.114
4334 7.114 7.114
4407 7.114 7.114
4539 7.114 7.114
4358 7.114 7.046
4692 7.046 7.046
4188 7.046 7.046
4555 7.046 7.046
4511 7.046 7.26
4372 7.26 7.26
4247 7.26 7.26
4342 7.26 7.26
4376 7.26 7.367
4485 7.367 7.367
4437 7.367 7.367
4387 7.367 7.367
4409 7.367 7.353
4265 7.353 7.353
4427 7.353 7.353
4203 7.353 7.353
4323 7.353 7.235
4323 7.235 7.235
4334 7.235 7.235
4454 7.235 7.235
4188 7.235 7.198
4200 7.198 7.198
4362 7.198 7.198
4188 7.198 7.198
4484 7.198 7.408
4300 7.408 7.408
4188 7.408 7.408
4574 7.408 7.408
4263 7.408 7.567
4423 7.567 7.567
4570 7.567 7.567
4188 7.567 7.567
4429 7.567 7.296
4406 7.296 7.296
4343 7.296 7.296
4301 7.296 7.296
4423 7.296 7.341
4258 7.341 7.341
4509 7.341 7.341
4382 7.341 7.341
4413 7.341 7.482
4425 7.482 7.482
4282 7.482 7.482
4303 7.482 7.482
4356 7.482 7.159
4279 7.159 7.159
4226 7.159 7.159
4342 7.159 7.159
4429 7.159 7.085
4393 7.085 7.085
4283 7.085 7.085
4356 7.085 7.085
4236 7.085 7.068
4436 7.068 7.068
4199 7.068 7.068
4338 7.068 7.068
4289 7.068 7.062
4417 7.062 7.062
4359 7.062 7.062
4331 7.062 7.062
4281 7.062 6.989
4377 6.989 6.989
4336 6.989 6.989
4188 6.989 6.989
4507 6.989 6.96
4326 6.96 6.96
4303 6.96 6.96
4394 6.96 6.96
4188 6.96 6.999
4516 6.999 6.999
4448 6.999 6.999
4311 6.999 6.999
4514 6.999 6.855
4188 6.855 6.855
4431 6.855 6.855
4435 6.855 6.855
4422 6.855 6.976
4261 6.976 6.976
4506 6.976 6.976
4325 6.976 6.976
4363 6.976 6.929
4188 6.929 6.929
4514 6.929 6.929
4188 6.929 6.929
4425 6.929 6.911
4368 6.911 6.911
4281 6.911 6.911
4287 6.911 6.911
4254 6.911 6.787
4324 6.787 6.787
4528 6.787 6.787
4604 6.787 6.787
4209 6.787 6.909
4198 6.909 6.909
4248 6.909 6.909
4271 6.909 6.909
4227 6.909 6.818
4256 6.818 6.818
4188 6.818 6.818
4244 6.818 6.818
4531 6.818 6.805
4233 6.805 6.805
4458 6.805 6.805
4335 6.805 6.805
4359 6.805 6.649
4488 6.649 6.649
4188 6.649 6.649
4393 6.649 6.649
4202 6.649 6.476
4188 6.476 6.476
4418 6.476 6.476
4301 6.476 6.476
4188 6.476 6.83
4468 6.83 6.83
4259 6.83 6.83
4504 6.83 6.83
4718 6.83 6.718
4236 6.718 6.718
4353 6.718 6.718
4226 6.718 6.718
4407 6.718 6.38
4383 6.38 6.38
4188 6.38 6.38
4253 6.38 6.38
4453 6.38 6.575
4260 6.575 6.575
4349 6.575 6.575
4422 6.575 6.575
4310 6.575 6.837
4386 6.837 6.837
4445 6.837 6.837
4442 6.837 6.837
4188 6.837 6.846
4484 6.846 6.846
4272 6.846 6.846
4464 6.846 6.846
4235 6.846 6.58
4236 6.58 6.58
4380 6.58 6.58
4248 6.58 6.58
4268 6.58 6.687
4399 6.687 6.687
4508 6.687 6.687
4289 6.687 6.687
4290 6.687 6.584
4409 6.584 6.584
4303 6.584 6.584
4423 6.584 6.584
4317 6.584 6.499
4532 6.499 6.499
4334 6.499 6.499
4258 6.499 6.499
4188 6.499 6.441
4274 6.441 6.441
4365 6.441 6.441
4338 6.441 6.441
4229 6.441 6.406
4236 6.406 6.406
4188 6.406 6.406
4506 6.406 6.406
4189 6.406 6.523
4563 6.523 6.523
4334 6.523 6.523
4409 6.523 6.523
4570 6.523 6.477
4267 6.477 6.477
4537 6.477 6.477
4599 6.477 6.477
4210 6.477 6.151
4407 6.151 6.151
4308 6.151 6.151
4188 6.151 6.151
4456 6.151 6.128
4435 6.128 6.128
4188 6.128 6.128
4331 6.128 6.128
4265 6.128 6.365
4188 6.365 6.365
4560 6.365 6.365
4266 6.365 6.365
4289 6.365 6.291
4339 6.291 6.291
4349 6.291 6.291
4318 6.291 6.291
4326 6.291 6.102
4201 6.102 6.102
4252 6.102 6.102
4294 6.102 6.102
4188 6.102 6.239
4406 6.239 6.239
4425 6.239 6.239
4333 6.239 6.311
4301 6.311 6.311
4264 6.311 6.311
4325 6.311 6.311
4248 6.311 6.161
4346 6.161 6.161
4504 6.161 6.161
4219 6.161 6.161
4370 6.161 5.927
4362 5.927 5.927
4274 5.927 5.927
4282 5.927 5.842
4498 5.842 5.842
4257 5.842 5.842
4300 5.842 6.026
4375 6.026 6.026
4188 6.026 6.026
4241 6.026 6.087
4359 6.087 6.087
4188 6.087 6.087
4272 6.087 6.082
4359 6.082 6.082
4320 6.082 6.082
4342 6.082 6.056
4445 6.056 6.056
4188 6.056 6.056
4311 6.056 6.056
4389 6.056 6.159
4465 6.159 6.159
4305 6.159 6.159
4488 6.159 6.159
4445 6.159 6.124
4318 6.124 6.124
4465 6.124 6.124
4398 6.124 6.124
4323 6.124 5.912
4342 5.912 5.912
4188 5.912 5.912
4366 5.912 5.818
4277 5.818 5.818
4197 5.818 5.818
4490 5.818 6.259
4350 6.259 6.259
4472 6.259 6.259
4279 6.259 6.259
4598 6.259 6.164
4200 6.164 6.164
4367 6.164 6.164
4443 6.164 6.164
4268 6.164 5.968
4445 5.968 5.968
4427 5.968 5.968
4271 5.968 5.828
4416 5.828 5.828
4375 5.828 5.828
4343 5.828 6.099
4188 6.099 6.099
4533 6.099 6.099
4526 6.099 6.308
4428 6.308 6.308
4253 6.308 6.308
4216 6.308 6.308
4400 6.308 6.145
4230 6.145 6.145
4390 6.145 6.145
4321 6.145 6.145
4421 6.145 6.392
4346 6.392 6.392
4273 6.392 6.392
4410 6.392 6.392
4265 6.392 6.358
4305 6.358 6.358
4240 6.358 6.358
4468 6.358 6.358
4412 6.358 6.557
4269 6.557 6.557
4489 6.557 6.557
4486 6.557 6.557
4276 6.557 6.45
4438 6.45 6.45
4249 6.45 6.45
4210 6.45 6.45
4445 6.45 6.352
4269 6.352 6.352
4188 6.352 6.352
4293 6.352 6.352
4271 6.352 6.854
4283 6.854 6.854
4290 6.854 6.854
4334 6.854 6.854
4331 6.854 6.871
4407 6.871 6.871
4334 6.871 6.871
4215 6.871 6.871
4251 6.871 6.655
4221 6.655 6.655
4391 6.655 6.655
4270 6.655 6.655
4228 6.655 6.593
4267 6.593 6.593
4226 6.593 6.593
4286 6.593 6.593
4355 6.593 6.703
4188 6.703 6.703
4274 6.703 6.703
4539 6.703 6.703
4196 6.703 6.717
4348 6.717 6.717
4223 6.717 6.717
4259 6.717 6.717
4330 6.717 6.658
4228 6.658 6.658
4290 6.658 6.658
4457 6.658 6.658
4394 6.658 6.958
4294 6.958 6.958
4233 6.958 6.958
4336 6.958 6.958
4365 6.958 7.0
4369 7.0 7.0
4421 7.0 7.0
4444 7.0 7.0
4330 7.0 6.924
4308 6.924 6.924
4291 6.924 6.924
4491 6.924 6.924
4189 6.924 6.802
4296 6.802 6.802
4479 6.802 6.802
4198 6.802 6.802
4188 6.802 6.701
4240 6.701 6.701
4217 6.701 6.701
4306 6.701 6.701
4484 6.701 6.811
4207 6.811 6.811
4313 6.811 6.811
4331 6.811 6.811
4331 6.811 6.758
4188 6.758 6.758
4491 6.758 6.758
4359 6.758 6.758
4287 6.758 6.713
4440 6.713 6.713
4291 6.713 6.713
4301 6.713 6.713
4245 6.713 6.603
4500 6.603 6.603
4188 6.603 6.603
4453 6.603 6.603
4351 6.603 6.496
4451 6.496 6.496
4323 6.496 6.496
4272 6.496 6.496
4558 6.496 6.26
4393 6.26 6.26
4237 6.26 6.26
4469 6.26 6.26
4188 6.26 6.526
4329 6.526 6.526
4555 6.526 6.526
4188 6.526 7.088
4592 7.088 7.088
4424 7.088 7.088
4199 7.088 7.088
4469 7.088 6.99
4561 6.99 6.99
4288 6.99 6.99
4442 6.99 6.99
4373 6.99 6.878
4283 6.878 6.878
4188 6.878 6.878
4272 6.878 6.878
4358 6.878 6.852
4188 6.852 6.852
4232 6.852 6.852
4211 6.852 6.852
4466 6.852 7.049
4188 7.049 7.049
4332 7.049 7.049
4386 7.049 7.049
4420 7.049 7.081
4414 7.081 7.081
4407 7.081 7.081
4308 7.081 7.081
4469 7.081 6.871
4346 6.871 6.871
4267 6.871 6.871
4312 6.871 6.871
4398 6.871 6.805
4311 6.805 6.805
4496 6.805 6.805
4188 6.805 6.805
4299 6.805 6.83
4304 6.83 6.83
4274 6.83 6.83
4334 6.83 6.83
4322 6.83 6.717
4197 6.717 6.717
4336 6.717 6.717
4381 6.717 6.717
4421 6.717 6.855
4291 6.855 6.855
4308 6.855 6.855
4227 6.855 6.855
4494 6.855 6.756
4590 6.756 6.756
4316 6.756 6.756
4413 6.756 6.756
4528 6.756 6.955
4192 6.955 6.955
4290 6.955 6.955
4355 6.955 6.955
4262 6.955 7.111
4516 7.111 7.111
4323 7.111 7.111
4394 7.111 7.111
4386 7.111 6.966
4282 6.966 6.966
4339 6.966 6.966
4188 6.966 6.966
4279 6.966 6.769
4321 6.769 6.769
4244 6.769 6.769
4347 6.769 6.769
4234 6.769 7.019
4623 7.019 7.019
4305 7.019 7.019
4188 7.019 7.019
4293 7.019 7.062
4465 7.062 7.062
4385 7.062 7.062
4188 7.062 7.062
4433 7.062 7.093
4407 7.093 7.093
4188 7.093 7.093
4209 7.093 7.093
4333 7.093 6.933
4494 6.933 6.933
4341 6.933 6.933
4292 6.933 6.933
4443 6.933 7.015
4188 7.015 7.015
4311 7.015 7.015
4277 7.015 7.015
4368 7.015 7.204
4374 7.204 7.204
4388 7.204 7.204
4417 7.204 7.204
4320 7.204 7.234
4337 7.234 7.234
4457 7.234 7.234
4354 7.234 7.234
4417 7.234 7.068
4575 7.068 7.068
4604 7.068 7.068
4419 7.068 7.068
4556 7.068 6.996
4188 6.996 6.996
4529 6.996 6.996
4332 6.996 6.996
4217 6.996 6.799
4438 6.799 6.799
4264 6.799 6.799
4399 6.799 6.799
4539 6.799 6.96
4505 6.96 6.96
4266 6.96 6.96
4303 6.96 6.96
4285 6.96 7.099
4353 7.099 7.099
4415 7.099 7.099
4217 7.099 7.099
4188 7.099 7.062
4446 7.062 7.062
4229 7.062 7.062
4297 7.062 7.062
4362 7.062 7.182
4239 7.182 7.182
4420 7.182 7.182
4263 7.182 7.182
4354 7.182 7.198
4642 7.198 7.198
4227 7.198 7.198
4273 7.198 7.198
4435 7.198 7.173
4258 7.173 7.173
4342 7.173 7.173
4556 7.173 7.173
4298 7.173 7.102
4438 7.102 7.102
4279 7.102 7.102
4253 7.102 7.102
4446 7.102 7.302
4364 7.302 7.302
4188 7.302 7.302
4188 7.302 7.302
4372 7.302 7.377
4208 7.377 7.377
4509 7.377 7.377
4254 7.377 7.377
4290 7.377 7.344
4271 7.344 7.344
4619 7.344 7.344
4319 7.344 7.344
4188 7.344 7.357
4368 7.357 7.357
4326 7.357 7.357
4492 7.357 7.357
4304 7.357 7.299
4476 7.299 7.299
4290 7.299 7.299
4496 7.299 7.299
4188 7.299 7.328
4293 7.328 7.328
4544 7.328 7.328
4188 7.328 7.328
4537 7.328 7.388
4459 7.388 7.388
4417 7.388 7.388
4491 7.388 7.388
4255 7.388 7.307
4298 7.307 7.307
4335 7.307 7.307
4188 7.307 7.307
4188 7.307 7.499
4248 7.499 7.499
4504 7.499 7.499
4437 7.499 7.499
4406 7.499 7.533
4295 7.533 7.533
4473 7.533 7.533
4188 7.533 7.533
4336 7.533 7.387
4403 7.387 7.387
4295 7.387 7.387
4247 7.387 7.387
4307 7.387 7.288
4196 7.288 7.288
4245 7.288 7.288
4273 7.288 7.288
4306 7.288 7.245
4439 7.245 7.245
4287 7.245 7.245
4489 7.245 7.245
4377 7.245 7.296
4379 7.296 7.296
4223 7.296 7.296
4499 7.296 7.296
4385 7.296 7.386
4581 7.386 7.386
4409 7.386 7.386
4235 7.386 7.386
4360 7.386 7.022
4287 7.022 7.022
4223 7.022 7.022
4323 7.022 7.022
4300 7.022 6.81
4365 6.81 6.81
4188 6.81 6.81
4453 6.81 6.81
4241 6.81 7.08
4375 7.08 7.08
4448 7.08 7.08
4220 7.08 7.08
4381 7.08 6.992
4298 6.992 6.992
4336 6.992 6.992
4191 6.992 6.992
4421 6.992 6.889
4344 6.889 6.889
4404 6.889 6.889
4188 6.889 6.889
4402 6.889 6.976
4623 6.976 6.976
4309 6.976 6.976
4588 6.976 6.976
4383 6.976 6.892
4188 6.892 6.892
4434 6.892 6.892
4244 6.892 6.892
4371 6.892 6.547
4188 6.547 6.547
4465 6.547 6.547
4351 6.547 6.547
4325 6.547 6.527
4262 6.527 6.527
4431 6.527 6.527
4353 6.527 6.527
4235 6.527 6.601
4365 6.601 6.601
4392 6.601 6.601
4412 6.601 6.601
4310 6.601 6.526
4447 6.526 6.526
4253 6.526 6.526
4411 6.526 6.526
4459 6.526 6.483
4188 6.483 6.483
4239 6.483 6.483
4238 6.483 6.483
4188 6.483 6.463
4283 6.463 6.463
4407 6.463 6.463
4294 6.463 6.463
4296 6.463 6.897
4509 6.897 6.897
4258 6.897 6.897
4188 6.897 6.897
4417 6.897 6.836
4219 6.836 6.836
4424 6.836 6.836
4247 6.836 6.836
4190 6.836 6.683
4191 6.683 6.683
4674 6.683 6.683
4188 6.683 6.683
4560 6.683 7.136
4724 7.136 7.136
4403 7.136 7.136
4427 7.136 7.136
4598 7.136 6.813
4189 6.813 6.813
4369 6.813 6.813
4359 6.813 6.813
4289 6.813 6.595
4195 6.595 6.595
4188 6.595 6.595
4544 6.595 6.595
4188 6.595 6.912
4393 6.912 6.912
4444 6.912 6.912
4409 6.912 6.912
4307 6.912 7.038
4315 7.038 7.038
4358 7.038 7.038
4450 7.038 7.038
4872 7.038 7.116
4232 7.116 7.116
4420 7.116 7.116
4486 7.116 7.116
4305 7.116 6.912
4296 6.912 6.912
4188 6.912 6.912
4246 6.912 6.912
4482 6.912 6.953
4259 6.953 6.953
4332 6.953 6.953
4366 6.953 6.953
4188 6.953 7.084
4266 7.084 7.084
4600 7.084 7.084
4861 7.084 7.084
4500 7.084 7.386
4548 7.386 7.386
4456 7.386 7.386
4524 7.386 7.386
4388 7.386 6.929
4534 6.929 6.929
4188 6.929 6.929
4243 6.929 6.929
4339 6.929 6.709
4356 6.709 6.709
4188 6.709 6.709
4361 6.709 6.709
4266 6.709 7.242
4362 7.242 7.242
4247 7.242 7.242
4269 7.242 7.242
4639 7.242 7.496
4333 7.496 7.496
4462 7.496 7.496
4347 7.496 7.496
4315 7.496 7.334
4567 7.334 7.334
4352 7.334 7.334
4415 7.334 7.334
4269 7.334 7.262
4248 7.262 7.262
4312 7.262 7.262
4296 7.262 7.262
4212 7.262 7.349
4231 7.349 7.349
4188 7.349 7.349
4294 7.349 7.349
4529 7.349 7.482
4197 7.482 7.482
4375 7.482 7.482
4426 7.482 7.482
4218 7.482 7.381
4302 7.381 7.381
4188 7.381 7.381
4353 7.381 7.381
4390 7.381 7.353
4366 7.353 7.353
4216 7.353 7.353
4347 7.353 7.353
4188 7.353 7.313
4395 7.313 7.313
4420 7.313 7.313
4371 7.313 7.313
4397 7.313 7.127
4343 7.127 7.127
4277 7.127 7.127
4391 7.127 7.127
4353 7.127 7.198
4370 7.198 7.198
4294 7.198 7.198
4233 7.198 7.198
4427 7.198 7.219
4460 7.219 7.219
4273 7.219 7.219
4504 7.219 7.219
4341 7.219 7.176
4503 7.176 7.176
4272 7.176 7.176
4474 7.176 7.176
4229 7.176 7.279
4334 7.279 7.279
4378 7.279 7.279
4188 7.279 7.279
4208 7.279 7.244
4552 7.244 7.244
4227 7.244 7.244
4266 7.244 7.244
4262 7.244 7.37
4364 7.37 7.37
4359 7.37 7.37
4203 7.37 7.37
4348 7.37 7.439
4234 7.439 7.439
4468 7.439 7.439
4259 7.439 7.439
4307 7.439 7.227
4241 7.227 7.227
4294 7.227 7.227
4188 7.227 7.227
4200 7.227 7.131
4339 7.131 7.131
4497 7.131 7.131
4357 7.131 7.131
4353 7.131 6.994
4321 6.994 6.994
4188 6.994 6.994
4361 6.994 6.994
4191 6.994 6.937
4255 6.937 6.937
4215 6.937 6.937
4188 6.937 6.937
4487 6.937 7.089
4188 7.089 7.089
4406 7.089 7.089
4227 7.089 7.089
4470 7.089 7.068
4300 7.068 7.068
4397 7.068 7.068
4421 7.068 7.068
4188 7.068 7.072
4436 7.072 7.072
4633 7.072 7.072
4267 7.072 7.072
4252 7.072 6.957
4275 6.957 6.957
4351 6.957 6.957
4314 6.957 6.957
4326 6.957 6.993
4410 6.993 6.993
4221 6.993 6.993
4298 6.993 6.993
4444 6.993 6.923
4490 6.923 6.923
4424 6.923 6.923
4429 6.923 6.923
4467 6.923 6.782
4321 6.782 6.782
4350 6.782 6.782
4587 6.782 6.782
4293 6.782 6.756
4273 6.756 6.756
4304 6.756 6.756
4188 6.756 6.756
4512 6.756 6.747
4299 6.747 6.747
4275 6.747 6.747
4276 6.747 6.747
4252 6.747 6.651
4301 6.651 6.651
4188 6.651 6.651
4369 6.651 6.651
4188 6.651 6.884
4586 6.884 6.884
4236 6.884 6.884
4334 6.884 6.884
4815 6.884 6.911
4354 6.911 6.911
4527 6.911 6.911
4491 6.911 6.911
4361 6.911 6.59
4410 6.59 6.59
4457 6.59 6.59
4270 6.59 6.59
4310 6.59 6.692
4188 6.692 6.692
4188 6.692 6.692
4481 6.692 6.692
4425 6.692 7.186
4293 7.186 7.186
4379 7.186 7.186
4376 7.186 7.186
4207 7.186 7.042
4433 7.042 7.042
4419 7.042 7.042
4251 7.042 7.042
4528 7.042 6.864
4656 6.864 6.864
4438 6.864 6.864
4380 6.864 6.864
4220 6.864 6.694
4247 6.694 6.694
4259 6.694 6.694
4426 6.694 6.694
4323 6.694 6.933
4308 6.933 6.933
4425 6.933 6.933
4279 6.933 6.933
4251 6.933 7.016
4309 7.016 7.016
4343 7.016 7.016
4611 7.016 7.016
4413 7.016 6.987
4379 6.987 6.987
4344 6.987 6.987
4188 6.987 6.987
4246 6.987 6.859
4360 6.859 6.859
4268 6.859 6.859
4188 6.859 6.859
4483 6.859 6.792
4400 6.792 6.792
4309 6.792 6.792
4319 6.792 6.792
4254 6.792 6.684
4464 6.684 6.684
4318 6.684 6.684
4436 6.684 6.684
4508 6.684 6.718
4291 6.718 6.718
4331 6.718 6.718
4503 6.718 6.718
4423 6.718 6.554
4438 6.554 6.554
4279 6.554 6.554
4377 6.554 6.554
4517 6.554 6.554
4270 6.554 6.554
4309 6.554 6.554
4406 6.554 6.554
4338 6.554 6.512
4550 6.512 6.512
4462 6.512 6.512
4533 6.512 6.512
4427 6.512 6.606
4489 6.606 6.606
4548 6.606 6.606
4404 6.606 6.606
4476 6.606 6.368
4706 6.368 6.368
4188 6.368 6.368
4432 6.368 6.368
4395 6.368 6.08
4576 6.08 6.08
4387 6.08 6.08
4266 6.08 6.08
4502 6.08 6.151
4348 6.151 6.151
4188 6.151 6.151
4419 6.151 6.151
4335 6.151 6.451
4438 6.451 6.451
4372 6.451 6.451
4317 6.451 6.451
4445 6.451 6.274
4482 6.274 6.274
4271 6.274 6.274
4558 6.274 6.274
4249 6.274 6.161
4241 6.161 6.161
4326 6.161 6.161
4286 6.161 6.128
4344 6.128 6.128
4259 6.128 6.128
4240 6.128 6.128
4242 6.128 6.216
4219 6.216 6.216
4226 6.216 6.216
4371 6.216 6.216
4489 6.216 6.225
4188 6.225 6.225
4463 6.225 6.225
4453 6.225 6.225
4188 6.225 6.177
4188 6.177 6.177
4257 6.177 6.177
4375 6.177 6.184
4377 6.184 6.184
4356 6.184 6.184
4228 6.184 6.184
4224 6.184 6.096
4401 6.096 6.096
4188 6.096 6.096
4237 6.096 6.196
4603 6.196 6.196
4188 6.196 6.196
4392 6.196 6.196
4429 6.196 6.088
4463 6.088 6.088
4311 6.088 6.088
4307 6.088 6.088
4348 6.088 5.855
4188 5.855 5.855
4234 5.855 5.855
4250 5.855 5.997
4399 5.997 5.997
4325 5.997 5.997
4350 5.997 5.938
4293 5.938 5.938
4296 5.938 5.938
4347 5.938 5.938
4678 5.938 5.919
4242 5.919 5.919
4409 5.919 5.919
4438 5.919 5.893
4291 5.893 5.893
4508 5.893 5.893
4421 5.893 5.809
4380 5.809 5.809
4288 5.809 5.809
4288 5.809 5.821
4235 5.821 5.821
4188 5.821 5.821
4362 5.821 5.851
4386 5.851 5.851
4374 5.851 5.851
4189 5.851 5.756
4320 5.756 5.756
4188 5.756 5.756
4240 5.756 5.602
4400 5.602 5.602
4433 5.602 5.602
4407 5.602 5.643
4487 5.643 5.643
4417 5.643 5.643
4525 5.643 5.452
4618 5.452 5.452
4368 5.452 5.452
4248 5.452 5.178
4231 5.178 5.178
4465 5.178 5.178
4378 5.178 5.388
4188 5.388 5.388
4188 5.388 5.388
4199 5.388 5.541
4188 5.541 5.541
4490 5.541 5.541
4492 5.541 5.503
4441 5.503 5.503
4195 5.503 5.503
4351 5.503 5.287
4311 5.287 5.287
4412 5.287 5.287
4402 5.287 5.432
4261 5.432 5.432
4284 5.432 5.432
4317 5.432 5.659
4306 5.659 5.659
4457 5.659 5.659
4382 5.659 5.738
4457 5.738 5.738
4574 5.738 5.738
4360 5.738 5.64
4316 5.64 5.64
4312 5.64 5.64
4282 5.64 5.572
4268 5.572 5.572
4518 5.572 5.572
4326 5.572 5.663
4310 5.663 5.663
4229 5.663 5.663
4430 5.663 5.759
4344 5.759 5.759
4363 5.759 5.759
4391 5.759 5.629
4487 5.629 5.629
4472 5.629 5.629
4237 5.629 5.556
4297 5.556 5.556
4382 5.556 5.556
4292 5.556 5.346
4235 5.346 5.346
4239 5.346 5.346
4472 5.346 5.487
4291 5.487 5.487
4265 5.487 5.487
4596 5.487 5.758
4188 5.758 5.758
4188 5.758 5.758
4324 5.758 5.648
4424 5.648 5.648
4400 5.648 5.648
4249 5.648 5.378
4188 5.378 5.378
4277 5.378 5.378
4449 5.378 5.519
4321 5.519 5.519
4188 5.519 5.519
4188 5.519 5.651
4270 5.651 5.651
4223 5.651 5.651
4419 5.651 5.712
4246 5.712 5.712
4192 5.712 5.712
4406 5.712 5.572
4498 5.572 5.572
4441 5.572 5.572
4317 5.572 5.435
4325 5.435 5.435
4419 5.435 5.435
4353 5.435 5.425
4211 5.425 5.425
4267 5.425 5.425
4457 5.425 5.479
4319 5.479 5.479
4311 5.479 5.479
4286 5.479 5.455
4283 5.455 5.455
4323 5.455 5.455
4263 5.455 5.314
4264 5.314 5.314
4505 5.314 5.314
4188 5.314 5.308
4339 5.308 5.308
4652 5.308 5.308
4709 5.308 5.672
4400 5.672 5.672
4202 5.672 5.672
4405 5.672 5.584
4188 5.584 5.584
4188 5.584 5.584
4206 5.584 5.422
4389 5.422 5.422
4583 5.422 5.422
4206 5.422 5.633
4204 5.633 5.633
4318 5.633 5.633
4368 5.633 5.708
4188 5.708 5.708
4374 5.708 5.708
4339 5.708 5.654
4207 5.654 5.654
4445 5.654 5.654
4456 5.654 5.586
4273 5.586 5.586
4188 5.586 5.586
4349 5.586 5.617
4333 5.617 5.617
4267 5.617 5.617
4372 5.617 5.576
4253 5.576 5.576
4446 5.576 5.576
4275 5.576 5.527
4478 5.527 5.527
4628 5.527 5.527
4188 5.527 5.632
4296 5.632 5.632
4188 5.632 5.632
4343 5.632 5.631
4430 5.631 5.631
4505 5.631 5.631
4301 5.631 5.455
4411 5.455 5.455
4222 5.455 5.455
4188 5.455 5.553
4188 5.553 5.553
4407 5.553 5.553
4249 5.553 5.587
4376 5.587 5.587
4292 5.587 5.587
4245 5.587 5.493
4309 5.493 5.493
4340 5.493 5.493
4272 5.493 5.42
4188 5.42 5.42
4335 5.42 5.42
4381 5.42 5.331
4374 5.331 5.331
4188 5.331 5.331
4270 5.331 5.4
4188 5.4 5.4
4404 5.4 5.4
4644 5.4 5.404
4602 5.404 5.404
4395 5.404 5.404
4261 5.404 5.171
4475 5.171 5.171
4279 5.171 5.171
4188 5.171 5.169
4395 5.169 5.169
4445 5.169 5.169
4656 5.169 5.329
4405 5.329 5.329
4188 5.329 5.329
4389 5.329 5.295
4495 5.295 5.295
4438 5.295 5.295
4406 5.295 5.193
4188 5.193 5.193
4188 5.193 5.193
4273 5.193 5.191
4452 5.191 5.191
4525 5.191 5.191
4392 5.191 5.128
4246 5.128 5.128
4289 5.128 5.128
4360 5.128 5.278
4502 5.278 5.278
4260 5.278 5.278
4188 5.278 5.231
4293 5.231 5.231
4340 5.231 5.231
4336 5.231 5.236
4291 5.236 5.236
4346 5.236 5.236
4508 5.236 5.185
4248 5.185 5.185
4188 5.185 5.185
4188 5.185 5.157
4216 5.157 5.157
4328 5.157 5.157
4243 5.157 5.391
4338 5.391 5.391
4188 5.391 5.391
4297 5.391 5.406
4419 5.406 5.406
4322 5.406 5.406
4275 5.406 5.451
4491 5.451 5.451
4518 5.451 5.451
4466 5.451 5.299
4327 5.299 5.299
4251 5.299 5.299
4368 5.299 5.279
4383 5.279 5.279
4520 5.279 5.279
4244 5.279 5.358
4491 5.358 5.358
4381 5.358 5.358
4188 5.358 5.486
4337 5.486 5.486
4277 5.486 5.486
4263 5.486 5.551
4267 5.551 5.551
4252 5.551 5.551
4262 5.551 5.431
4231 5.431 5.431
4296 5.431 5.431
4257 5.431 5.334
4334 5.334 5.334
4354 5.334 5.334
4207 5.334 5.426
4267 5.426 5.426
4188 5.426 5.426
4363 5.426 5.39
4272 5.39 5.39
4264 5.39 5.39
4338 5.39 5.438
4421 5.438 5.438
4556 5.438 5.438
4519 5.438 5.515
4188 5.515 5.515
4223 5.515 5.515
4485 5.515 5.445
4352 5.445 5.445
4188 5.445 5.445
4327 5.445 5.43
4323 5.43 5.43
4221 5.43 5.43
4188 5.43 5.428
4325 5.428 5.428
4490 5.428 5.428
4450 5.428 5.402
4522 5.402 5.402
4563 5.402 5.402
4483 5.402 5.465
4383 5.465 5.465
4238 5.465 5.465
4273 5.465 5.455
4433 5.455 5.455
4317 5.455 5.455
4221 5.455 5.458
4302 5.458 5.458
4347 5.458 5.458
4229 5.458 5.392
4437 5.392 5.392
4298 5.392 5.392
4334 5.392 5.363
4331 5.363 5.363
4337 5.363 5.363
4278 5.363 5.235
4389 5.235 5.235
4285 5.235 5.235
4188 5.235 5.346
4435 5.346 5.346
4628 5.346 5.346
4393 5.346 5.457
4219 5.457 5.457
4306 5.457 5.457
4449 5.457 5.32
4247 5.32 5.32
4188 5.32 5.32
4295 5.32 5.389
4272 5.389 5.389
4188 5.389 5.389
4390 5.389 5.79
4526 5.79 5.79
4483 5.79 5.79
4369 5.79 5.712
4456 5.712 5.712
4697 5.712 5.712
4476 5.712 5.445
4188 5.445 5.445
4241 5.445 5.445
4395 5.445 5.388
4332 5.388 5.388
4205 5.388 5.388
4356 5.388 5.427
4507 5.427 5.427
4188 5.427 5.427
4245 5.427 5.483
4480 5.483 5.483
4641 5.483 5.483
4443 5.483 5.298
4429 5.298 5.298
4241 5.298 5.298
4522 5.298 5.277
4403 5.277 5.277
4227 5.277 5.277
4188 5.277 5.447
4399 5.447 5.447
4317 5.447 5.447
4367 5.447 5.499
4246 5.499 5.499
4219 5.499 5.499
4461 5.499 5.448
4408 5.448 5.448
4342 5.448 5.448
4275 5.448 5.359
4330 5.359 5.359
4307 5.359 5.359
4312 5.359 5.383
4188 5.383 5.383
4406 5.383 5.383
4266 5.383 5.431
4250 5.431 5.431
4444 5.431 5.431
4543 5.431 5.443
4386 5.443 5.443
4302 5.443 5.443
4414 5.443 5.353
4188 5.353 5.353
4299 5.353 5.353
4256 5.353 5.42
4302 5.42 5.42
4188 5.42 5.42
4584 5.42 5.767
4520 5.767 5.767
4458 5.767 5.767
4188 5.767 5.656
4330 5.656 5.656
4428 5.656 5.656
4366 5.656 5.404
4261 5.404 5.404
4400 5.404 5.404
4188 5.404 5.656
4486 5.656 5.656
4483 5.656 5.656
4384 5.656 5.862
4500 5.862 5.862
4355 5.862 5.862
4358 5.862 5.862
4266 5.862 5.802
4254 5.802 5.802
4287 5.802 5.802
4333 5.802 5.751
4234 5.751 5.751
4230 5.751 5.751
4458 5.751 5.945
4438 5.945 5.945
4260 5.945 5.945
4361 5.945 5.944
4259 5.944 5.944
4416 5.944 5.944
4363 5.944 5.944
4458 5.944 5.81
4341 5.81 5.81
4435 5.81 5.81
4314 5.81 5.81
4493 5.81 5.884
4197 5.884 5.884
4364 5.884 5.884
4440 5.884 6.04
4254 6.04 6.04
4287 6.04 6.04
4521 6.04 6.29
4299 6.29 6.29
4333 6.29 6.29
4466 6.29 6.29
4433 6.29 6.188
4291 6.188 6.188
4188 6.188 6.188
4502 6.188 6.188
4288 6.188 6.291
4188 6.291 6.291
4455 6.291 6.291
4419 6.291 6.291
4188 6.291 6.482
4394 6.482 6.482
4262 6.482 6.482
4443 6.482 6.482
4316 6.482 6.298
4281 6.298 6.298
4331 6.298 6.298
4341 6.298 6.298
4224 6.298 6.265
4188 6.265 6.265
4338 6.265 6.265
4188 6.265 6.625
4363 6.625 6.625
4368 6.625 6.625
4328 6.625 6.625
4538 6.625 6.653
4379 6.653 6.653
4392 6.653 6.653
4442 6.653 6.653
4188 6.653 6.6
4511 6.6 6.6
4214 6.6 6.6
4414 6.6 6.6
4442 6.6 6.706
4499 6.706 6.706
4551 6.706 6.706
4362 6.706 6.706
4454 6.706 6.575
4300 6.575 6.575
4439 6.575 6.575
4191 6.575 6.575
4375 6.575 6.486
4249 6.486 6.486
4189 6.486 6.486
4188 6.486 6.486
4250 6.486 7.071
4475 7.071 7.071
4331 7.071 7.071
4370 7.071 7.071
4355 7.071 7.177
4299 7.177 7.177
4210 7.177 7.177
4567 7.177 7.177
4463 7.177 7.157
4385 7.157 7.157
4373 7.157 7.157
4381 7.157 7.157
4381 7.157 6.926
4359 6.926 6.926
4188 6.926 6.926
4255 6.926 6.926
4458 6.926 7.12
4278 7.12 7.12
4188 7.12 7.12
4312 7.12 7.12
4393 7.12 7.076
4188 7.076 7.076
4374 7.076 7.076
4262 7.076 7.076
4335 7.076 6.967
4343 6.967 6.967
4188 6.967 6.967
4225 6.967 6.967
4254 6.967 6.847
4190 6.847 6.847
4232 6.847 6.847
4269 6.847 6.847
4242 6.847 7.038
4327 7.038 7.038
4329 7.038 7.038
4260 7.038 7.038
4397 7.038 7.127
4467 7.127 7.127
4286 7.127 7.127
4188 7.127 7.127
4444 7.127 6.993
4190 6.993 6.993
4291 6.993 6.993
4325 6.993 6.993
4328 6.993 7.064
4248 7.064 7.064
4370 7.064 7.064
4434 7.064 7.064
4244 7.064 7.022
4401 7.022 7.022
4458 7.022 7.022
4356 7.022 7.022
4365 7.022 6.967
4458 6.967 6.967
4279 6.967 6.967
4188 6.967 6.967
4271 6.967 6.828
4188 6.828 6.828
4188 6.828 6.828
4452 6.828 6.828
4268 6.828 6.976
4335 6.976 6.976
4421 6.976 6.976
4491 6.976 6.976
4404 6.976 7.307
4406 7.307 7.307
4481 7.307 7.307
4299 7.307 7.307
4237 7.307 6.888
4426 6.888 6.888
4189 6.888 6.888
4245 6.888 6.888
4624 6.888 6.988
4252 6.988 6.988
4243 6.988 6.988
4361 6.988 6.988
4330 6.988 7.236
4188 7.236 7.236
4264 7.236 7.236
4207 7.236 7.236
4253 7.236 7.223
4337 7.223 7.223
4366 7.223 7.223
4382 7.223 7.223
4322 7.223 7.274
4361 7.274 7.274
4286 7.274 7.274
4313 7.274 7.274
4449 7.274 7.088
4284 7.088 7.088
4194 7.088 7.088
4379 7.088 7.088
4196 7.088 7.145
4188 7.145 7.145
4410 7.145 7.145
4337 7.145 7.145
4422 7.145 7.152
4388 7.152 7.152
4261 7.152 7.152
4299 7.152 7.152
4489 7.152 6.98
4223 6.98 6.98
4416 6.98 6.98
4348 6.98 6.98
4188 6.98 7.078
4308 7.078 7.078
4410 7.078 7.078
4292 7.078 7.078
4273 7.078 7.273
4342 7.273 7.273
4395 7.273 7.273
4389 7.273 7.273
4321 7.273 7.241
4188 7.241 7.241
4398 7.241 7.241
4549 7.241 7.241
4260 7.241 7.111
4484 7.111 7.111
4310 7.111 7.111
4253 7.111 7.111
4245 7.111 7.202
4209 7.202 7.202
4507 7.202 7.202
4302 7.202 7.202
4407 7.202 7.103
4308 7.103 7.103
4435 7.103 7.103
4247 7.103 7.103
4224 7.103 7.158
4188 7.158 7.158
4299 7.158 7.158
4464 7.158 7.158
4252 7.158 7.257
4280 7.257 7.257
4350 7.257 7.257
4475 7.257 7.257
4339 7.257 7.26
4333 7.26 7.26
4188 7.26 7.26
4520 7.26 7.26
4382 7.26 7.425
4305 7.425 7.425
4543 7.425 7.425
4398 7.425 7.425
4188 7.425 7.187
4342 7.187 7.187
4272 7.187 7.187
4447 7.187 7.187
4584 7.187 7.209
4188 7.209 7.209
4536 7.209 7.209
4261 7.209 7.209
4270 7.209 7.097
4507 7.097 7.097
4238 7.097 7.097
4431 7.097 7.097
4409 7.097 6.973
4188 6.973 6.973
4443 6.973 6.973
4267 6.973 6.973
4631 6.973 7.069
4248 7.069 7.069
4360 7.069 7.069
4272 7.069 7.069
4431 7.069 7.031
4502 7.031 7.031
4214 7.031 7.031
4188 7.031 7.031
4253 7.031 6.956
4423 6.956 6.956
4188 6.956 6.956
4369 6.956 6.956
4260 6.956 7.192
4316 7.192 7.192
4647 7.192 7.192
4429 7.192 7.192
4522 7.192 7.105
4188 7.105 7.105
4251 7.105 7.105
4413 7.105 7.105
4268 7.105 7.044
4264 7.044 7.044
4442 7.044 7.044
4344 7.044 7.044
4188 7.044 7.216
4402 7.216 7.216
4188 7.216 7.216
4339 7.216 7.216
4444 7.216 7.388
4188 7.388 7.388
4297 7.388 7.388
4382 7.388 7.388
4379 7.388 7.245
4424 7.245 7.245
4188 7.245 7.245
4385 7.245 7.245
4340 7.245 7.238
4347 7.238 7.238
4686 7.238 7.238
4433 7.238 7.238
4687 7.238 7.331
4202 7.331 7.331
4477 7.331 7.331
4324 7.331 7.331
4527 7.331 7.225
4510 7.225 7.225
4205 7.225 7.225
4676 7.225 7.225
4188 7.225 7.275
4422 7.275 7.275
4244 7.275 7.275
4483 7.275 7.275
4188 7.275 7.651
4673 7.651 7.651
4388 7.651 7.651
4537 7.651 7.651
4442 7.651 7.509
4306 7.509 7.509
4384 7.509 7.509
4430 7.509 7.509
4433 7.509 7.509
4202 7.509 7.207
4188 7.207 7.207
4346 7.207 7.207
4278 7.207 7.207
4206 7.207 7.301
4188 7.301 7.301
4299 7.301 7.301
4532 7.301 7.301
4469 7.301 7.704
4535 7.704 7.704
4319 7.704 7.704
4473 7.704 7.704
4453 7.704 7.704
4627 7.704 7.15
4269 7.15 7.15
4492 7.15 7.15
4346 7.15 7.15
4361 7.15 6.814
4566 6.814 6.814
4362 6.814 6.814
4316 6.814 6.814
4277 6.814 7.16
4281 7.16 7.16
4274 7.16 7.16
4257 7.16 7.16
4345 7.16 7.293
4287 7.293 7.293
4211 7.293 7.293
4188 7.293 7.293
4753 7.293 7.471
4279 7.471 7.471
4491 7.471 7.471
4345 7.471 7.471
4365 7.471 7.114
4340 7.114 7.114
4365 7.114 7.114
4188 7.114 7.114
4248 7.114 6.972
4443 6.972 6.972
4267 6.972 6.972
4188 6.972 6.972
4319 6.972 7.216
4428 7.216 7.216
4344 7.216 7.216
4325 7.216 7.216
4422 7.216 7.286
4386 7.286 7.286
4455 7.286 7.286
4270 7.286 7.286
4725 7.286 7.188
4302 7.188 7.188
4545 7.188 7.188
4622 7.188 7.188
4192 7.188 7.138
4525 7.138 7.138
4365 7.138 7.138
4299 7.138 7.138
4410 7.138 7.253
4315 7.253 7.253
4402 7.253 7.253
4457 7.253 7.253
4317 7.253 7.599
4188 7.599 7.599
4387 7.599 7.599
4370 7.599 7.599
4441 7.599 7.58
4515 7.58 7.58
4257 7.58 7.58
4438 7.58 7.58
4246 7.58 7.444
4489 7.444 7.444
4356 7.444 7.444
4582 7.444 7.444
4393 7.444 7.519
4188 7.519 7.519
4188 7.519 7.519
4236 7.519 7.519
4284 7.519 7.569
4219 7.569 7.569
4188 7.569 7.569
4428 7.569 7.569
4225 7.569 7.836
4288 7.836 7.836
4252 7.836 7.836
4399 7.836 7.836
4294 7.836 7.729
4188 7.729 7.729
4366 7.729 7.729
4211 7.729 7.729
4405 7.729 7.798
4232 7.798 7.798
4402 7.798 7.798
4366 7.798 7.798
4258 7.798 7.739
4237 7.739 7.739
4335 7.739 7.739
4254 7.739 7.739
4346 7.739 7.762
4365 7.762 7.762
4359 7.762 7.762
4427 7.762 7.762
4261 7.762 7.689
4380 7.689 7.689
4570 7.689 7.689
4255 7.689 7.689
4339 7.689 7.478
4337 7.478 7.478
4371 7.478 7.478
4269 7.478 7.478
4650 7.478 7.545
4188 7.545 7.545
4468 7.545 7.545
4188 7.545 7.545
4512 7.545 7.751
4232 7.751 7.751
4466 7.751 7.751
4388 7.751 7.751
4264 7.751 7.751
4291 7.751 7.577
4188 7.577 7.577
4464 7.577 7.577
4188 7.577 7.577
4478 7.577 7.703
4188 7.703 7.703
4525 7.703 7.703
4497 7.703 7.703
4322 7.703 7.748
4464 7.748 7.748
4345 7.748 7.748
4225 7.748 7.748
4371 7.748 7.742
4238 7.742 7.742
4378 7.742 7.742
4299 7.742 7.742
4219 7.742 7.748
4252 7.748 7.748
4414 7.748 7.748
4307 7.748 7.748
4400 7.748 7.66
4547 7.66 7.66
4299 7.66 7.66
4234 7.66 7.66
4401 7.66 7.497
4273 7.497 7.497
4365 7.497 7.497
4307 7.497 7.497
4237 7.497 7.355
4188 7.355 7.355
4252 7.355 7.355
4259 7.355 7.355
4561 7.355 7.449
4266 7.449 7.449
4576 7.449 7.449
4289 7.449 7.449
4337 7.449 7.601
4479 7.601 7.601
4409 7.601 7.601
4558 7.601 7.601
4455 7.601 7.289
4273 7.289 7.289
4322 7.289 7.289
4241 7.289 7.289
4503 7.289 7.165
4188 7.165 7.165
4322 7.165 7.165
4380 7.165 7.165
4384 7.165 7.285
4467 7.285 7.285
4210 7.285 7.285
4189 7.285 7.285
4676 7.285 7.669
4379 7.669 7.669
4506 7.669 7.669
4188 7.669 7.669
4563 7.669 7.513
4188 7.513 7.513
4432 7.513 7.513
4311 7.513 7.513
4456 7.513 7.235
4334 7.235 7.235
4275 7.235 7.235
4329 7.235 7.235
4225 7.235 7.372
4333 7.372 7.372
4249 7.372 7.372
4247 7.372 7.372
4441 7.372 7.866
4225 7.866 7.866
4468 7.866 7.866
4366 7.866 7.866
4602 7.866 7.831
4188 7.831 7.831
4637 7.831 7.831
4387 7.831 7.831
4413 7.831 7.831
4341 7.831 7.592
4294 7.592 7.592
4304 7.592 7.592
4668 7.592 7.592
4188 7.592 7.895
4492 7.895 7.895
4251 7.895 7.895
4275 7.895 7.895
4302 7.895 7.834
4204 7.834 7.834
4319 7.834 7.834
4188 7.834 7.834
4467 7.834 7.87
4453 7.87 7.87
4467 7.87 7.87
4660 7.87 7.87
4451 7.87 7.87
4300 7.87 7.533
4386 7.533 7.533
4344 7.533 7.533
4199 7.533 7.533
4188 7.533 7.157
4412 7.157 7.157
4310 7.157 7.157
4307 7.157 7.157
4322 7.157 7.686
4300 7.686 7.686
4416 7.686 7.686
4303 7.686 7.686
4360 7.686 7.966
4220 7.966 7.966
4192 7.966 7.966
4365 7.966 7.966
4456 7.966 7.966
4423 7.966 7.844
4461 7.844 7.844
4586 7.844 7.844
4319 7.844 7.844
4381 7.844 7.844
4188 7.844 7.73
4244 7.73 7.73
4431 7.73 7.73
4188 7.73 7.73
4245 7.73 7.711
4453 7.711 7.711
4286 7.711 7.711
4313 7.711 7.711
4188 7.711 7.965
4449 7.965 7.965
4229 7.965 7.965
4240 7.965 7.965
4190 7.965 7.829
4369 7.829 7.829
4253 7.829 7.829
4463 7.829 7.829
4307 7.829 7.689
4255 7.689 7.689
4275 7.689 7.689
4327 7.689 7.689
4188 7.689 7.473
4330 7.473 7.473
4256 7.473 7.473
4321 7.473 7.473
4188 7.473 8.244
4392 8.244 8.244
4213 8.244 8.244
4329 8.244 8.244
4342 8.244 8.762
4417 8.762 8.762
4203 8.762 8.762
4653 8.762 8.762
4353 8.762 8.762
4489 8.762 8.714
4472 8.714 8.714
4531 8.714 8.714
4323 8.714 8.714
4482 8.714 8.714
4439 8.714 8.244
4467 8.244 8.244
4188 8.244 8.244
4691 8.244 8.244
4188 8.244 8.244
4626 8.244 8.5
4237 8.5 8.5
4274 8.5 8.5
4373 8.5 8.5
4385 8.5 8.5
4188 8.5 8.828
4188 8.828 8.828
4270 8.828 8.828
4188 8.828 8.828
4398 8.828 8.828
4188 8.828 9.361
4359 9.361 9.361
4365 9.361 9.361
4383 9.361 9.361
4399 9.361 9.361
4338 9.361 9.056
4450 9.056 9.056
4386 9.056 9.056
4264 9.056 9.056
4201 9.056 9.056
4531 9.056 9.008
4188 9.008 9.008
4339 9.008 9.008
4188 9.008 9.008
4353 9.008 9.008
4188 9.008 9.037
4314 9.037 9.037
4205 9.037 9.037
4344 9.037 9.037
4254 9.037 9.037
