0b000c01 0b000101 10000 100 5000000 2000000000 4046528 423360
0b001201 0b000101 10000 100 5000000 2000000000 5325485 423360
0b000e01 0b000101 10000 100 5000000 2000000000 6327504 423360
0b001001 0b000101 10000 100 5000000 2000000000 7380671 423360
0b001401 0b000101 10000 100 5000000 2000000000 7682369 423360
0b001301 0b000101 10000 100 5000000 2000000000 8322480 423360
0b001101 0b000101 10000 100 5000000 2000000000 11766246 423360
0b000a01 0b000101 10000 100 5000000 2000000000 11848508 423360
0b000801 0b000101 10000 100 5000000 2000000000 13229596 423360
0b000f01 0b000101 10000 100 5000000 2000000000 13828812 423360
0b000d01 0b000101 10000 100 5000000 2000000000 13923202 423360
0b000901 0b000101 10000 100 5000000 2000000000 15184247 423360
0b000501 0b000101 10000 100 5000000 2000000000 15414553 423360
0b000b01 0b000101 10000 100 5000000 2000000000 15438662 423360
0b001501 0b000101 10000 100 5000000 2000000000 15622823 423360
0b000701 0b000101 10000 100 5000000 2000000000 15689270 423360
0b000601 0b000101 10000 100 5000000 2000000000 15843796 423360
0b000401 0b000101 10000 100 150000000 2000000000 40894254 12580160
0b000201 0b000101 10000 100 200000000 2000000000 63266678 16772160
0b000301 0b000101 10000 100 200000000 2000000000 66123657 16772160
