0b001201 0b000101 10000 100 5000000 2000000000 2970400 423360
0b000901 0b000101 10000 100 5000000 2000000000 6890064 423360
0b001001 0b000101 10000 100 5000000 2000000000 7344515 423360
0b000a01 0b000101 10000 100 5000000 2000000000 7786323 423360
0b000f01 0b000101 10000 100 5000000 2000000000 8230448 423360
0b000601 0b000101 10000 100 5000000 2000000000 8316727 423360
0b000b01 0b000101 10000 100 5000000 2000000000 8710616 423360
0b000d01 0b000101 10000 100 5000000 2000000000 9216887 423360
0b001401 0b000101 10000 100 5000000 2000000000 9244943 423360
0b000501 0b000101 10000 100 5000000 2000000000 9335495 423360
0b000e01 0b000101 10000 100 5000000 2000000000 9663892 423360
0b000701 0b000101 10000 100 5000000 2000000000 9769253 423360
0b001101 0b000101 10000 100 5000000 2000000000 9904994 423360
0b000801 0b000101 10000 100 5000000 2000000000 11651154 423360
0b001501 0b000101 10000 100 5000000 2000000000 11761191 423360
0b001301 0b000101 10000 100 5000000 2000000000 11803313 423360
0b000c01 0b000101 10000 100 5000000 2000000000 13656075 423360
0b000401 0b000101 10000 100 150000000 2000000000 38018226 12580160
0b000201 0b000101 10000 100 200000000 2000000000 46907747 16772160
0b000301 0b000101 10000 100 200000000 2000000000 58382356 16772160
