4848.0 1.0 1.0
4848.0 1.0 1.4
4848.0 1.4 1.68
4848.0 1.68 2.016
4764.0 2.016 2.419
4680.0 2.419 2.903
4680.0 2.903 3.484
5179.0 3.484 2.762
4428.0 2.762 3.874
4372.0 3.874 4.649
4444.0 4.649 5.579
4577.0 5.579 6.695
6249.0 6.695 5.021
7840.0 5.021 4.552
8754.0 4.552 4.117
8462.0 4.117 3.855
7111.0 3.855 3.79
5403.0 3.79 3.884
4315.0 3.884 5.469
4336.0 5.469 6.563
5248.0 6.563 5.185
7633.0 5.185 4.668
8980.0 4.668 4.169
9427.0 4.169 3.76
8369.0 3.76 3.582
6773.0 3.582 3.57
5159.0 3.57 3.697
4387.0 3.697 5.191
4553.0 5.191 6.229
5468.0 6.229 4.867
8348.0 4.867 4.26
10005.0 4.26 3.676
10035.0 3.676 3.302
8625.0 3.302 3.159
6037.0 3.159 3.256
4315.0 3.256 4.613
4234.0 4.613 5.535
4687.0 5.535 6.642
6815.0 6.642 4.831
9437.0 4.831 4.129
10373.0 4.129 3.582
9107.0 3.582 3.373
7235.0 3.373 3.359
5435.0 3.359 3.482
4246.0 3.482 4.904
4470.0 4.904 5.885
5352.0 5.885 4.625
7508.0 4.625 4.185
9634.0 4.185 3.631
10044.0 3.631 3.233
8662.0 3.233 3.081
6950.0 3.081 3.065
5027.0 3.065 3.18
4214.0 3.18 4.458
4586.0 4.458 5.35
6041.0 5.35 4.057
8713.0 4.057 3.516
9727.0 3.516 3.11
9141.0 3.11 2.885
7433.0 2.885 2.843
5285.0 2.843 2.959
4176.0 2.959 4.168
4329.0 4.168 5.001
5643.0 5.001 3.873
8967.0 3.873 3.304
10998.0 3.304 2.777
10645.0 2.777 2.487
8393.0 2.487 2.431
5513.0 2.431 2.569
4176.0 2.569 3.628
4357.0 3.628 4.354
4909.0 4.354 5.224
7153.0 5.224 3.73
9232.0 3.73 3.242
9499.0 3.242 2.935
8571.0 2.935 2.774
6993.0 2.774 2.759
4746.0 2.759 3.954
4432.0 3.954 4.745
5146.0 4.745 3.769
7282.0 3.769 3.053
10162.0 3.053 2.555
11026.0 2.555 2.204
9562.0 2.204 2.064
6883.0 2.064 2.091
4411.0 2.091 3.012
4404.0 3.012 3.614
5010.0 3.614 2.89
8079.0 2.89 2.543
9894.0 2.543 2.186
10263.0 2.186 1.941
8664.0 1.941 1.862
6932.0 1.862 1.858
4496.0 1.858 2.682
4192.0 2.682 3.498
4834.0 3.498 4.198
7336.0 4.198 2.966
9284.0 2.966 2.601
9652.0 2.601 2.34
8311.0 2.34 2.245
6214.0 2.245 2.292
4654.0 2.292 3.273
4317.0 3.273 3.927
5287.0 3.927 3.097
7990.0 3.097 2.735
10474.0 2.735 2.286
10974.0 2.286 1.977
9885.0 1.977 1.831
6810.0 1.831 1.872
4302.0 1.872 2.726
4209.0 2.726 3.591
4931.0 3.591 4.31
6947.0 4.31 3.112
8851.0 3.112 2.76
8915.0 2.76 2.543
7880.0 2.543 2.447
5810.0 2.447 2.501
4450.0 2.501 3.563
4324.0 3.563 4.275
5014.0 4.275 3.418
7825.0 3.418 2.69
10541.0 2.69 2.256
10833.0 2.256 1.986
9261.0 1.986 1.878
6243.0 1.878 1.948
4325.0 1.948 2.759
4415.0 2.759 3.311
5437.0 3.311 2.591
8200.0 2.591 2.289
9844.0 2.289 1.989
9691.0 1.989 1.806
7705.0 1.806 1.772
5577.0 1.772 1.837
4246.0 1.837 2.399
4659.0 2.399 2.879
7109.0 2.879 2.06
9143.0 2.06 1.806
9275.0 1.806 1.648
8151.0 1.648 1.581
6299.0 1.581 1.601
4259.0 1.601 2.271
4196.0 2.271 2.725
5996.0 2.725 2.071
8784.0 2.071 1.789
11586.0 1.789 1.471
11283.0 1.471 1.297
8619.0 1.297 1.27
5087.0 1.27 1.374
4176.0 1.374 1.933
4690.0 1.933 2.32
7124.0 2.32 1.894
9586.0 1.894 1.603
10486.0 1.603 1.405
8938.0 1.405 1.335
6406.0 1.335 1.357
4366.0 1.357 1.932
4962.0 1.932 2.318
8312.0 2.318 1.796
9560.0 1.796 1.587
8807.0 1.587 1.49
6813.0 1.49 1.5
4293.0 1.5 2.169
4249.0 2.169 2.603
5814.0 2.603 1.997
8732.0 1.997 1.719
10997.0 1.719 1.453
9866.0 1.453 1.344
7396.0 1.344 1.35
4234.0 1.35 1.977
4467.0 1.977 2.372
6841.0 2.372 1.723
8791.0 1.723 1.505
9151.0 1.505 1.368
7923.0 1.368 1.324
5821.0 1.324 1.35
4398.0 1.35 1.911
4340.0 1.911 2.294
4877.0 2.294 2.753
8263.0 2.753 2.119
11320.0 2.119 1.717
11539.0 1.717 1.477
9211.0 1.477 1.424
6089.0 1.424 1.47
4178.0 1.47 1.927
4637.0 1.927 2.312
8385.0 2.312 1.78
10782.0 1.78 1.494
10326.0 1.494 1.35
8262.0 1.35 1.321
4654.0 1.321 1.923
4383.0 1.923 2.506
4443.0 2.506 3.007
6521.0 3.007 2.222
8930.0 2.222 1.948
9371.0 1.948 1.761
8039.0 1.761 1.695
5919.0 1.695 1.734
4180.0 1.734 2.448
4326.0 2.448 2.938
5826.0 2.938 2.253
9297.0 2.253 1.894
10398.0 1.894 1.653
9282.0 1.653 1.546
7292.0 1.546 1.543
4426.0 1.543 2.25
4198.0 2.25 2.93
4947.0 2.93 3.516
7497.0 3.516 2.814
9817.0 2.814 2.398
10077.0 2.398 2.152
8751.0 2.152 2.053
6048.0 2.053 2.105
4176.0 2.105 3.022
4463.0 3.022 3.626
5593.0 3.626 2.815
8938.0 2.815 2.413
10690.0 2.413 2.051
9626.0 2.051 1.904
6596.0 1.904 1.969
4276.0 1.969 2.811
4351.0 2.811 3.373
4648.0 3.373 4.048
6444.0 4.048 3.004
9352.0 3.004 2.549
10204.0 2.549 2.232
9048.0 2.232 2.104
6597.0 2.104 2.126
4447.0 2.126 3.051
4213.0 3.051 3.661
5108.0 3.661 2.913
8015.0 2.913 2.574
9986.0 2.574 2.193
10134.0 2.193 1.967
8409.0 1.967 1.897
6287.0 1.897 1.941
4194.0 1.941 2.754
4242.0 2.754 3.304
4912.0 3.304 3.965
6520.0 3.965 2.931
10012.0 2.931 2.411
10832.0 2.411 2.084
8664.0 2.084 2.02
5910.0 2.02 2.099
4176.0 2.099 2.976
4820.0 2.976 3.571
6956.0 3.571 2.578
8681.0 2.578 2.264
9182.0 2.264 2.042
8489.0 2.042 1.929
6239.0 1.929 1.969
4369.0 1.969 2.807
4365.0 2.807 3.369
6075.0 3.369 2.55
9726.0 2.55 2.11
11130.0 2.11 1.75
10881.0 1.75 1.553
8073.0 1.553 1.55
5093.0 1.55 1.646
4294.0 1.646 2.31
4273.0 2.31 2.772
5697.0 2.772 2.141
8171.0 2.141 1.897
9521.0 1.897 1.682
8846.0 1.682 1.573
6868.0 1.573 1.584
4528.0 1.584 2.265
4176.0 2.265 2.966
5834.0 2.966 2.274
10310.0 2.274 1.827
12857.0 1.827 1.439
12173.0 1.439 1.253
8081.0 1.253 1.277
4176.0 1.277 1.873
4346.0 1.873 2.248
5013.0 2.248 1.797
8335.0 1.797 1.378
11787.0 1.378 1.093
12547.0 1.093 1.0
9939.0 1.0 1.0
4553.0 1.0 1.498
4246.0 1.498 1.798
5186.0 1.798 1.425
8390.0 1.425 1.236
9134.0 1.236 1.116
7058.0 1.116 1.113
5365.0 1.113 1.156
4176.0 1.156 1.638
4940.0 1.638 1.966
7259.0 1.966 1.395
10845.0 1.395 1.138
11081.0 1.138 1.0
8499.0 1.0 1.0
4219.0 1.0 1.47
4411.0 1.47 1.764
6392.0 1.764 1.313
8826.0 1.313 1.15
8306.0 1.15 1.085
5710.0 1.085 1.122
4186.0 1.122 1.586
4696.0 1.586 1.903
7098.0 1.903 1.363
11074.0 1.363 1.088
12286.0 1.088 1.0
10448.0 1.0 1.0
5902.0 1.0 1.075
4230.0 1.075 1.519
4332.0 1.519 1.823
5995.0 1.823 1.386
8823.0 1.386 1.198
8895.0 1.198 1.104
6553.0 1.104 1.122
4782.0 1.122 1.609
4408.0 1.609 2.093
5373.0 2.093 1.643
9399.0 1.643 1.374
12139.0 1.374 1.092
11603.0 1.092 1.0
8059.0 1.0 1.012
5324.0 1.012 1.083
4218.0 1.083 1.525
5031.0 1.525 1.218
7302.0 1.218 1.0
9136.0 1.0 1.0
7194.0 1.0 1.0
5551.0 1.0 1.023
4302.0 1.023 1.452
5435.0 1.452 1.137
8270.0 1.137 1.0
12388.0 1.0 1.0
10782.0 1.0 1.0
5984.0 1.0 1.056
4268.0 1.056 1.52
4801.0 1.52 1.824
6803.0 1.824 1.328
9721.0 1.328 1.125
10183.0 1.125 1.0
8179.0 1.0 1.0
6200.0 1.0 1.017
4176.0 1.017 1.442
4556.0 1.442 1.731
6511.0 1.731 1.28
10609.0 1.28 1.029
11857.0 1.029 1.0
9715.0 1.0 1.0
5001.0 1.0 1.073
4181.0 1.073 1.395
5638.0 1.395 1.081
8656.0 1.081 1.0
11418.0 1.0 1.0
9728.0 1.0 1.0
5350.0 1.0 1.08
4308.0 1.08 1.52
5224.0 1.52 1.202
7311.0 1.202 1.095
10481.0 1.095 1.0
8989.0 1.0 1.0
4947.0 1.0 1.48
4470.0 1.48 1.924
5062.0 1.924 1.534
8882.0 1.534 1.303
10136.0 1.303 1.14
9348.0 1.14 1.058
6456.0 1.058 1.077
4266.0 1.077 1.563
4476.0 1.563 1.875
5370.0 1.875 1.472
9464.0 1.472 1.215
11176.0 1.215 1.005
10540.0 1.005 1.0
7002.0 1.0 1.027
4603.0 1.027 1.5
4212.0 1.5 1.8
5049.0 1.8 1.436
9271.0 1.436 1.208
11033.0 1.208 1.002
9477.0 1.002 1.0
4871.0 1.0 1.47
4205.0 1.47 1.764
5016.0 1.764 1.41
8962.0 1.41 1.194
10756.0 1.194 1.0
9542.0 1.0 1.0
5836.0 1.0 1.042
4248.0 1.042 1.476
4754.0 1.476 1.772
7096.0 1.772 1.269
10412.0 1.269 1.043
10956.0 1.043 1.0
8708.0 1.0 1.0
4330.0 1.0 1.474
4239.0 1.474 1.769
5313.0 1.769 1.393
9791.0 1.393 1.135
11355.0 1.135 1.0
9993.0 1.0 1.0
5867.0 1.0 1.067
4176.0 1.067 1.515
4425.0 1.515 1.818
5319.0 1.818 1.432
7705.0 1.432 1.297
7663.0 1.297 1.228
6231.0 1.228 1.229
4981.0 1.229 1.751
4176.0 1.751 2.277
4248.0 2.277 2.733
6214.0 2.733 2.053
10549.0 2.053 1.652
12151.0 1.652 1.367
10498.0 1.367 1.262
7040.0 1.262 1.307
4227.0 1.307 1.726
4861.0 1.726 2.071
6518.0 2.071 1.531
9028.0 1.531 1.321
10172.0 1.321 1.153
8976.0 1.153 1.082
5828.0 1.082 1.13
4260.0 1.13 1.603
4619.0 1.603 1.923
6489.0 1.923 1.424
9549.0 1.424 1.197
10959.0 1.197 1.007
9613.0 1.007 1.0
5693.0 1.0 1.046
4238.0 1.046 1.479
4672.0 1.479 1.775
7109.0 1.775 1.27
10779.0 1.27 1.027
11591.0 1.027 1.0
9161.0 1.0 1.0
4531.0 1.0 1.482
4303.0 1.482 1.778
5491.0 1.778 1.388
10103.0 1.388 1.121
11705.0 1.121 1.0
9993.0 1.0 1.0
5447.0 1.0 1.083
4233.0 1.083 1.413
5034.0 1.413 1.129
7792.0 1.129 1.004
10714.0 1.004 1.0
8256.0 1.0 1.0
6277.0 1.0 1.024
4176.0 1.024 1.453
4252.0 1.453 1.743
5829.0 1.743 1.337
9577.0 1.337 1.112
10463.0 1.112 1.0
7791.0 1.0 1.0
5560.0 1.0 1.035
4319.0 1.035 1.472
5301.0 1.472 1.16
8299.0 1.16 1.012
10955.0 1.012 1.0
9039.0 1.0 1.0
4577.0 1.0 1.48
4547.0 1.48 1.776
6484.0 1.776 1.316
9656.0 1.316 1.108
10758.0 1.108 1.0
8776.0 1.0 1.0
4818.0 1.0 1.476
4514.0 1.476 1.771
5762.0 1.771 1.363
9830.0 1.363 1.118
10790.0 1.118 1.0
8440.0 1.0 1.0
5957.0 1.0 1.029
4211.0 1.029 1.461
4928.0 1.461 1.753
6873.0 1.753 1.271
9583.0 1.271 1.084
9561.0 1.084 1.0
7085.0 1.0 1.006
5106.0 1.006 1.045
4326.0 1.045 1.466
5900.0 1.466 1.12
11256.0 1.12 1.0
12882.0 1.0 1.0
10436.0 1.0 1.0
5302.0 1.0 1.072
4185.0 1.072 1.508
5456.0 1.508 1.179
8001.0 1.179 1.046
12817.0 1.046 1.0
12373.0 1.0 1.0
7995.0 1.0 1.027
5260.0 1.027 1.078
4569.0 1.078 1.514
5319.0 1.514 1.192
7802.0 1.192 1.064
11936.0 1.064 1.0
11426.0 1.0 1.0
7384.0 1.0 1.034
4817.0 1.034 1.5
4256.0 1.5 1.8
4755.0 1.8 2.159
9731.0 2.159 1.545
12695.0 1.545 1.225
11579.0 1.225 1.09
7529.0 1.09 1.126
5071.0 1.126 1.209
4176.0 1.209 1.704
4845.0 1.704 2.045
6356.0 2.045 1.525
9098.0 1.525 1.309
10032.0 1.309 1.15
8552.0 1.15 1.102
5206.0 1.102 1.154
4333.0 1.154 1.623
4617.0 1.623 1.947
6552.0 1.947 1.437
9972.0 1.437 1.19
10900.0 1.19 1.021
9384.0 1.021 1.0
5106.0 1.0 1.085
4225.0 1.085 1.522
5437.0 1.522 1.191
7784.0 1.191 1.068
10400.0 1.068 1.0
9612.0 1.0 1.0
5906.0 1.0 1.056
4176.0 1.056 1.498
4704.0 1.498 1.798
6710.0 1.798 1.315
9998.0 1.315 1.095
11182.0 1.095 1.0
9194.0 1.0 1.0
4900.0 1.0 1.485
4233.0 1.485 1.782
5001.0 1.782 1.425
8959.0 1.425 1.21
10295.0 1.21 1.035
9357.0 1.035 1.0
5721.0 1.0 1.045
4207.0 1.045 1.476
4740.0 1.476 1.772
6830.0 1.772 1.288
10062.0 1.288 1.072
10464.0 1.072 1.0
7722.0 1.0 1.0
5407.0 1.0 1.038
4292.0 1.038 1.461
5457.0 1.461 1.142
7993.0 1.142 1.017
9837.0 1.017 1.0
8257.0 1.0 1.0
6362.0 1.0 1.024
4467.0 1.024 1.481
4439.0 1.481 1.777
6212.0 1.777 1.336
9390.0 1.336 1.135
9342.0 1.135 1.034
6212.0 1.034 1.073
4190.0 1.073 1.528
4465.0 1.528 1.834
5825.0 1.834 1.407
9717.0 1.407 1.178
10809.0 1.178 1.018
9145.0 1.018 1.0
4897.0 1.0 1.464
4202.0 1.464 1.908
5595.0 1.908 1.481
8919.0 1.481 1.27
9941.0 1.27 1.104
8901.0 1.104 1.042
5611.0 1.042 1.083
4243.0 1.083 1.528
5223.0 1.528 1.208
7253.0 1.208 1.0
10743.0 1.0 1.0
9809.0 1.0 1.0
5683.0 1.0 1.051
4178.0 1.051 1.481
4596.0 1.481 1.777
6703.0 1.777 1.3
10383.0 1.3 1.057
10747.0 1.057 1.0
7535.0 1.0 1.011
4968.0 1.011 1.464
4274.0 1.464 1.757
4561.0 1.757 2.108
6389.0 2.108 1.569
9463.0 1.569 1.324
10289.0 1.324 1.158
8537.0 1.158 1.115
5121.0 1.115 1.185
4187.0 1.185 1.68
4791.0 1.68 2.016
6483.0 2.016 1.493
9779.0 1.493 1.245
10645.0 1.245 1.075
9259.0 1.075 1.013
5725.0 1.013 1.069
4176.0 1.069 1.506
4203.0 1.506 1.807
5903.0 1.807 1.381
9407.0 1.381 1.158
9771.0 1.158 1.037
7197.0 1.037 1.046
4934.0 1.046 1.51
4176.0 1.51 1.812
4496.0 1.812 2.175
6387.0 2.175 1.619
9875.0 1.619 1.336
11369.0 1.336 1.118
9893.0 1.118 1.042
6379.0 1.042 1.082
4260.0 1.082 1.538
4599.0 1.538 1.845
6330.0 1.845 1.378
9438.0 1.378 1.166
9694.0 1.166 1.045
7044.0 1.045 1.061
5096.0 1.061 1.1
4253.0 1.1 1.542
5980.0 1.542 1.173
10478.0 1.173 1.0
10942.0 1.0 1.0
7740.0 1.0 1.009
5173.0 1.009 1.056
4254.0 1.056 1.48
5829.0 1.48 1.135
10041.0 1.135 1.0
9691.0 1.0 1.0
6153.0 1.0 1.047
4239.0 1.047 1.49
4863.0 1.49 1.788
7343.0 1.788 1.263
9909.0 1.263 1.057
9973.0 1.057 1.0
7769.0 1.0 1.0
5790.0 1.0 1.023
4250.0 1.023 1.441
5139.0 1.441 1.145
8014.0 1.145 1.0
11488.0 1.0 1.0
10470.0 1.0 1.0
6260.0 1.0 1.051
4176.0 1.051 1.495
4251.0 1.495 1.794
5732.0 1.794 1.383
9672.0 1.383 1.154
11314.0 1.154 1.0
10112.0 1.0 1.0
6070.0 1.0 1.051
4191.0 1.051 1.486
4851.0 1.486 1.783
7230.0 1.783 1.267
10944.0 1.267 1.024
11306.0 1.024 1.0
8420.0 1.0 1.0
6189.0 1.0 1.033
4176.0 1.033 1.495
4792.0 1.495 1.794
7206.0 1.794 1.277
9634.0 1.277 1.095
8668.0 1.095 1.035
5506.0 1.035 1.081
4176.0 1.081 1.533
5081.0 1.533 1.221
7466.0 1.221 1.0
10264.0 1.0 1.0
9246.0 1.0 1.0
5372.0 1.0 1.053
4176.0 1.053 1.373
4559.0 1.373 1.648
7395.0 1.648 1.16
10581.0 1.16 1.0
10637.0 1.0 1.0
7435.0 1.0 1.006
5204.0 1.006 1.066
4250.0 1.066 1.497
5415.0 1.497 1.172
7918.0 1.172 1.043
10896.0 1.043 1.0
9726.0 1.0 1.0
5852.0 1.0 1.062
4176.0 1.062 1.506
4430.0 1.506 1.808
6466.0 1.808 1.34
9636.0 1.34 1.128
10386.0 1.128 1.0
8432.0 1.0 1.0
6453.0 1.0 1.02
4306.0 1.02 1.479
4380.0 1.479 1.774
5807.0 1.774 1.362
9641.0 1.362 1.13
11267.0 1.13 1.0
9845.0 1.0 1.0
5551.0 1.0 1.075
4244.0 1.075 1.515
4809.0 1.515 1.819
6627.0 1.819 1.337
9517.0 1.337 1.137
9309.0 1.137 1.047
6379.0 1.047 1.08
4440.0 1.08 1.543
4507.0 1.543 1.851
6087.0 1.851 1.4
9897.0 1.4 1.154
11525.0 1.154 1.0
10497.0 1.0 1.0
6203.0 1.0 1.061
4254.0 1.061 1.512
4650.0 1.512 1.814
6118.0 1.814 1.37
10160.0 1.37 1.116
11352.0 1.116 1.0
9562.0 1.0 1.0
4932.0 1.0 1.492
4330.0 1.492 1.79
5555.0 1.79 1.392
9473.0 1.392 1.175
11283.0 1.175 1.0
10255.0 1.0 1.0
6381.0 1.0 1.05
4279.0 1.05 1.498
4881.0 1.498 1.798
7307.0 1.798 1.272
10679.0 1.272 1.04
11177.0 1.04 1.0
8705.0 1.0 1.0
4176.0 1.0 1.476
4374.0 1.476 1.772
5876.0 1.772 1.355
9528.0 1.355 1.131
10754.0 1.131 1.0
9422.0 1.0 1.0
5212.0 1.0 1.058
4244.0 1.058 1.489
5359.0 1.489 1.17
8337.0 1.17 1.02
11953.0 1.02 1.0
10515.0 1.0 1.0
6221.0 1.0 1.047
4176.0 1.047 1.496
4320.0 1.496 1.795
5645.0 1.795 1.39
9339.0 1.39 1.165
9699.0 1.165 1.044
7287.0 1.044 1.049
5162.0 1.049 1.089
4196.0 1.089 1.528
5450.0 1.528 1.195
8153.0 1.195 1.052
11149.0 1.052 1.0
9205.0 1.0 1.0
4659.0 1.0 1.487
4177.0 1.487 1.933
5384.0 1.933 1.517
9498.0 1.517 1.251
11046.0 1.251 1.06
10566.0 1.06 1.0
7316.0 1.0 1.019
5001.0 1.019 1.087
4247.0 1.087 1.523
5815.0 1.523 1.169
10347.0 1.169 1.0
11937.0 1.0 1.0
9575.0 1.0 1.0
5029.0 1.0 1.09
4447.0 1.09 1.418
6024.0 1.418 1.076
10992.0 1.076 1.0
12260.0 1.0 1.0
9142.0 1.0 1.0
4230.0 1.0 1.457
4267.0 1.457 1.749
5863.0 1.749 1.339
10735.0 1.339 1.057
12395.0 1.057 1.0
10857.0 1.0 1.0
6143.0 1.0 1.071
4316.0 1.071 1.524
5153.0 1.524 1.21
7505.0 1.21 1.092
10001.0 1.092 1.0
8227.0 1.0 1.0
6332.0 1.0 1.023
4269.0 1.023 1.461
4259.0 1.461 1.753
5702.0 1.753 1.353
9926.0 1.353 1.103
11724.0 1.103 1.0
9930.0 1.0 1.0
5552.0 1.0 1.079
4216.0 1.079 1.527
5123.0 1.527 1.214
7908.0 1.214 1.075
11718.0 1.075 1.0
10454.0 1.0 1.0
5992.0 1.0 1.049
4176.0 1.049 1.49
4447.0 1.49 1.788
6422.0 1.788 1.329
9742.0 1.329 1.112
10468.0 1.112 1.0
8548.0 1.0 1.0
4506.0 1.0 1.448
4325.0 1.448 1.738
5799.0 1.738 1.334
9599.0 1.334 1.107
11135.0 1.107 1.0
9563.0 1.0 1.0
5437.0 1.0 1.075
4222.0 1.075 1.515
4890.0 1.515 1.818
7294.0 1.818 1.288
9930.0 1.288 1.091
9492.0 1.091 1.001
6184.0 1.001 1.047
4229.0 1.047 1.489
4313.0 1.489 1.786
6535.0 1.786 1.319
10097.0 1.319 1.098
11825.0 1.098 1.0
10051.0 1.0 1.0
5589.0 1.0 1.059
4236.0 1.059 1.499
4716.0 1.499 1.798
6808.0 1.798 1.309
9342.0 1.309 1.124
9368.0 1.124 1.022
7276.0 1.022 1.022
5481.0 1.022 1.062
4293.0 1.062 1.498
4987.0 1.498 1.798
7581.0 1.798 1.253
11205.0 1.253 1.005
12083.0 1.005 1.0
9381.0 1.0 1.0
4247.0 1.0 1.486
4685.0 1.486 1.783
6393.0 1.783 1.327
11367.0 1.327 1.018
12583.0 1.018 1.0
9761.0 1.0 1.0
4711.0 1.0 1.498
4192.0 1.498 1.798
4686.0 1.798 2.158
6708.0 2.158 1.579
9462.0 1.579 1.339
10856.0 1.339 1.141
9918.0 1.141 1.049
7040.0 1.049 1.065
4868.0 1.065 1.557
4306.0 1.557 2.025
5064.0 2.025 1.615
9068.0 1.615 1.359
10784.0 1.359 1.152
10698.0 1.152 1.022
8386.0 1.022 1.007
4176.0 1.007 1.457
4702.0 1.457 1.748
7051.0 1.748 1.255
10573.0 1.255 1.023
11307.0 1.023 1.0
8645.0 1.0 1.0
4176.0 1.0 1.474
4299.0 1.474 1.768
5371.0 1.768 1.388
9089.0 1.388 1.171
10109.0 1.171 1.029
8025.0 1.029 1.005
6028.0 1.005 1.026
4259.0 1.026 1.457
4878.0 1.457 1.749
7650.0 1.749 1.214
11010.0 1.214 1.0
10698.0 1.0 1.0
7160.0 1.0 1.027
4677.0 1.027 1.478
4372.0 1.478 1.774
5882.0 1.774 1.357
9966.0 1.357 1.108
11540.0 1.108 1.0
9900.0 1.0 1.0
5606.0 1.0 1.073
4264.0 1.073 1.514
4969.0 1.514 1.817
7455.0 1.817 1.275
10925.0 1.275 1.032
11369.0 1.032 1.0
8771.0 1.0 1.0
4317.0 1.0 1.447
5121.0 1.447 1.15
7514.0 1.15 1.038
9964.0 1.038 1.0
8982.0 1.0 1.0
5360.0 1.0 1.065
4274.0 1.065 1.498
5328.0 1.498 1.179
8004.0 1.179 1.042
10804.0 1.042 1.0
9796.0 1.0 1.0
5838.0 1.0 1.045
4194.0 1.045 1.48
4227.0 1.48 1.776
6165.0 1.776 1.338
9339.0 1.338 1.133
10155.0 1.133 1.0
8269.0 1.0 1.0
6206.0 1.0 1.017
4194.0 1.017 1.446
4246.0 1.446 1.735
5628.0 1.735 1.345
9500.0 1.345 1.118
10458.0 1.118 1.0
8872.0 1.0 1.0
4494.0 1.0 1.477
4283.0 1.477 1.772
6039.0 1.772 1.344
8603.0 1.344 1.175
9389.0 1.175 1.052
7781.0 1.052 1.027
6221.0 1.027 1.033
4317.0 1.033 1.472
4713.0 1.472 1.766
6871.0 1.766 1.281
9823.0 1.281 1.08
10075.0 1.08 1.0
7445.0 1.0 1.003
5382.0 1.003 1.036
4538.0 1.036 1.458
6216.0 1.458 1.096
8744.0 1.096 1.0
8446.0 1.0 1.0
7391.0 1.0 1.0
5748.0 1.0 1.018
4287.0 1.018 1.439
4748.0 1.439 1.727
7279.0 1.727 1.224
10013.0 1.224 1.033
9821.0 1.033 1.0
6827.0 1.0 1.023
4764.0 1.023 1.469
4558.0 1.469 1.763
6199.0 1.763 1.326
9299.0 1.326 1.127
9993.0 1.127 1.0
7773.0 1.0 1.0
5710.0 1.0 1.027
4276.0 1.027 1.452
5191.0 1.452 1.151
7606.0 1.151 1.034
9638.0 1.034 1.0
8504.0 1.0 1.0
4714.0 1.0 1.456
4318.0 1.456 1.748
5574.0 1.748 1.358
9852.0 1.358 1.119
10936.0 1.119 1.0
8946.0 1.0 1.0
4568.0 1.0 1.478
4518.0 1.478 1.774
6448.0 1.774 1.316
10028.0 1.316 1.086
11138.0 1.086 1.0
9014.0 1.0 1.0
4552.0 1.0 1.479
4199.0 1.479 1.775
5465.0 1.775 1.387
9723.0 1.387 1.137
11319.0 1.137 1.0
10147.0 1.0 1.0
6189.0 1.0 1.055
4252.0 1.055 1.494
4782.0 1.494 1.792
6434.0 1.792 1.331
10364.0 1.331 1.08
11278.0 1.08 1.0
9242.0 1.0 1.0
4780.0 1.0 1.464
4233.0 1.464 1.904
4743.0 1.904 2.285
8219.0 2.285 1.77
10148.0 1.77 1.515
10196.0 1.515 1.364
7950.0 1.364 1.35
4972.0 1.35 1.956
4332.0 1.956 2.554
5417.0 2.554 2.0
8629.0 2.0 1.731
10576.0 1.731 1.456
9796.0 1.456 1.341
7266.0 1.341 1.357
4234.0 1.357 1.95
4215.0 1.95 2.34
4758.0 2.34 2.807
8374.0 2.807 2.159
11023.0 2.159 1.764
11632.0 1.764 1.502
9946.0 1.502 1.405
6928.0 1.405 1.437
4246.0 1.437 2.054
4461.0 2.054 2.465
6569.0 2.465 1.817
9795.0 1.817 1.503
11391.0 1.503 1.267
9402.0 1.267 1.207
6146.0 1.207 1.269
4197.0 1.269 1.807
4249.0 1.807 2.168
5117.0 2.168 1.724
9001.0 1.724 1.457
11131.0 1.457 1.2
11045.0 1.2 1.056
8639.0 1.056 1.034
4237.0 1.034 1.528
4634.0 1.528 1.834
6666.0 1.834 1.345
9044.0 1.345 1.168
9752.0 1.168 1.039
8304.0 1.039 1.001
4646.0 1.001 1.449
4738.0 1.449 1.739
6972.0 1.739 1.254
9856.0 1.254 1.058
9570.0 1.058 1.0
6532.0 1.0 1.03
4385.0 1.03 1.473
4577.0 1.473 1.768
6487.0 1.768 1.309
9615.0 1.309 1.106
10149.0 1.106 1.0
7887.0 1.0 1.0
5824.0 1.0 1.026
4179.0 1.026 1.455
5409.0 1.455 1.14
7919.0 1.14 1.015
9985.0 1.015 1.0
8209.0 1.0 1.0
6314.0 1.0 1.013
4587.0 1.013 1.463
4614.0 1.463 1.755
6398.0 1.755 1.306
10128.0 1.306 1.069
11136.0 1.069 1.0
8944.0 1.0 1.0
4482.0 1.0 1.479
4490.0 1.479 1.775
6340.0 1.775 1.325
9424.0 1.325 1.117
10114.0 1.117 1.0
8094.0 1.0 1.0
6199.0 1.0 1.013
4381.0 1.013 1.435
4504.0 1.435 1.722
6344.0 1.722 1.285
9886.0 1.285 1.067
9840.0 1.067 1.0
6518.0 1.0 1.036
4287.0 1.036 1.482
4376.0 1.482 1.779
5826.0 1.779 1.364
9770.0 1.364 1.126
11248.0 1.126 1.0
9846.0 1.0 1.0
5720.0 1.0 1.068
4258.0 1.068 1.51
5165.0 1.51 1.198
7550.0 1.198 1.0
11002.0 1.0 1.0
10320.0 1.0 1.0
6446.0 1.0 1.046
4213.0 1.046 1.487
4317.0 1.487 1.785
6029.0 1.785 1.354
10253.0 1.354 1.093
11721.0 1.093 1.0
10207.0 1.0 1.0
5829.0 1.0 1.07
4181.0 1.07 1.517
4510.0 1.517 1.82
6248.0 1.82 1.365
10238.0 1.365 1.111
10798.0 1.111 1.0
7850.0 1.0 1.003
5535.0 1.003 1.045
4219.0 1.045 1.48
4712.0 1.48 1.776
7405.0 1.776 1.25
10325.0 1.25 1.05
10755.0 1.05 1.0
8277.0 1.0 1.0
6214.0 1.0 1.027
4197.0 1.027 1.487
4413.0 1.487 1.784
6795.0 1.784 1.299
10177.0 1.299 1.073
11199.0 1.073 1.0
9237.0 1.0 1.0
5027.0 1.0 1.065
4197.0 1.065 1.385
5632.0 1.385 1.073
9109.0 1.073 1.0
11423.0 1.0 1.0
9817.0 1.0 1.0
5271.0 1.0 1.088
4176.0 1.088 1.533
4774.0 1.533 1.84
6993.0 1.84 1.325
9907.0 1.325 1.111
9845.0 1.111 1.007
6907.0 1.007 1.027
4816.0 1.027 1.491
4247.0 1.491 1.939
5574.0 1.939 1.507
9714.0 1.507 1.238
11354.0 1.238 1.019
10808.0 1.019 1.0
7328.0 1.0 1.026
4929.0 1.026 1.506
4383.0 1.506 1.959
5087.0 1.959 1.561
9401.0 1.561 1.299
11175.0 1.299 1.068
11107.0 1.068 1.0
8231.0 1.0 1.0
5916.0 1.0 1.046
4470.0 1.046 1.483
4785.0 1.483 1.779
7152.0 1.779 1.27
10004.0 1.27 1.066
9724.0 1.066 1.0
6564.0 1.0 1.032
4501.0 1.032 1.498
4246.0 1.498 1.797
6335.0 1.797 1.342
10209.0 1.342 1.094
11815.0 1.094 1.0
10393.0 1.0 1.0
6015.0 1.0 1.069
4223.0 1.069 1.519
4460.0 1.519 1.823
6292.0 1.823 1.364
10128.0 1.364 1.118
11268.0 1.118 1.0
9510.0 1.0 1.0
5216.0 1.0 1.083
4213.0 1.083 1.41
5491.0 1.41 1.1
8404.0 1.1 1.0
11864.0 1.0 1.0
10510.0 1.0 1.0
6048.0 1.0 1.053
4249.0 1.053 1.494
4324.0 1.494 1.792
6397.0 1.792 1.334
9991.0 1.334 1.104
10849.0 1.104 1.0
8897.0 1.0 1.0
4771.0 1.0 1.467
4247.0 1.467 1.76
5266.0 1.76 1.389
8940.0 1.389 1.176
9884.0 1.176 1.036
8036.0 1.036 1.011
6179.0 1.011 1.028
4176.0 1.028 1.468
4486.0 1.468 1.761
7047.0 1.761 1.265
10559.0 1.265 1.028
11649.0 1.028 1.0
9493.0 1.0 1.0
5031.0 1.0 1.068
4330.0 1.068 1.389
6022.0 1.389 1.054
9180.0 1.054 1.0
11972.0 1.0 1.0
10282.0 1.0 1.0
5820.0 1.0 1.065
4264.0 1.065 1.394
4915.0 1.394 1.672
7589.0 1.672 1.165
10507.0 1.165 1.0
10951.0 1.0 1.0
7833.0 1.0 1.003
5518.0 1.003 1.057
4273.0 1.057 1.489
4822.0 1.489 1.787
7131.0 1.787 1.278
9943.0 1.278 1.079
10411.0 1.079 1.0
8103.0 1.0 1.0
6208.0 1.0 1.014
4176.0 1.014 1.444
4310.0 1.444 1.733
6357.0 1.733 1.292
9713.0 1.292 1.082
10753.0 1.082 1.0
8997.0 1.0 1.0
4871.0 1.0 1.479
4412.0 1.479 1.775
5673.0 1.775 1.372
10855.0 1.372 1.069
12823.0 1.069 1.0
11469.0 1.0 1.0
6755.0 1.0 1.059
4255.0 1.059 1.547
4603.0 1.547 1.857
6367.0 1.857 1.384
9447.0 1.384 1.174
9501.0 1.174 1.065
7285.0 1.065 1.063
5485.0 1.063 1.103
4176.0 1.103 1.555
4679.0 1.555 1.865
6805.0 1.865 1.358
10517.0 1.358 1.103
11429.0 1.103 1.0
9641.0 1.0 1.0
5095.0 1.0 1.08
4176.0 1.08 1.515
6105.0 1.515 1.145
9489.0 1.145 1.0
8347.0 1.0 1.0
6620.0 1.0 1.003
4809.0 1.003 1.439
4265.0 1.439 1.726
5953.0 1.726 1.315
10531.0 1.315 1.059
11461.0 1.059 1.0
8953.0 1.0 1.0
4305.0 1.0 1.478
4608.0 1.478 1.774
6790.0 1.774 1.292
9782.0 1.292 1.089
10736.0 1.089 1.0
8740.0 1.0 1.0
4446.0 1.0 1.452
4327.0 1.452 1.742
5681.0 1.742 1.346
9927.0 1.346 1.113
11491.0 1.113 1.0
10085.0 1.0 1.0
5791.0 1.0 1.073
4259.0 1.073 1.535
4756.0 1.535 1.842
7065.0 1.842 1.322
10747.0 1.322 1.068
11487.0 1.068 1.0
9027.0 1.0 1.0
4313.0 1.0 1.482
4565.0 1.482 1.779
6510.0 1.779 1.315
10032.0 1.315 1.085
10714.0 1.085 1.0
8076.0 1.0 1.0
5929.0 1.0 1.025
4384.0 1.025 1.456
5174.0 1.456 1.155
8445.0 1.155 1.001
11873.0 1.001 1.0
10277.0 1.0 1.0
5731.0 1.0 1.058
4318.0 1.058 1.499
4482.0 1.499 1.799
6912.0 1.799 1.302
10206.0 1.302 1.076
10248.0 1.076 1.0
6900.0 1.0 1.033
4669.0 1.033 1.506
4217.0 1.506 1.807
5160.0 1.807 1.434
9168.0 1.434 1.209
10998.0 1.209 1.009
10042.0 1.009 1.0
6410.0 1.0 1.042
4215.0 1.042 1.514
4251.0 1.514 1.816
5632.0 1.816 1.407
9770.0 1.407 1.154
11372.0 1.154 1.0
10254.0 1.0 1.0
6128.0 1.0 1.06
4176.0 1.06 1.509
4306.0 1.509 1.811
6184.0 1.811 1.363
9958.0 1.363 1.123
11504.0 1.123 1.0
9898.0 1.0 1.0
5688.0 1.0 1.052
4289.0 1.052 1.486
5124.0 1.486 1.181
7670.0 1.181 1.0
11762.0 1.0 1.0
10072.0 1.0 1.0
5442.0 1.0 1.084
4215.0 1.084 1.528
5270.0 1.528 1.206
7806.0 1.206 1.0
13704.0 1.0 1.0
13106.0 1.0 1.0
8476.0 1.0 1.024
4176.0 1.024 1.506
5038.0 1.506 1.202
7408.0 1.202 1.0
8896.0 1.0 1.0
7458.0 1.0 1.0
5899.0 1.0 1.021
4229.0 1.021 1.448
4994.0 1.448 1.738
7478.0 1.738 1.218
11114.0 1.218 1.0
11778.0 1.0 1.0
8744.0 1.0 1.0
4245.0 1.0 1.475
4586.0 1.475 1.77
6502.0 1.77 1.31
11488.0 1.31 1.008
13118.0 1.008 1.0
10802.0 1.0 1.0
5920.0 1.0 1.08
4176.0 1.08 1.533
4377.0 1.533 1.839
6257.0 1.839 1.379
8747.0 1.379 1.205
8421.0 1.205 1.129
6333.0 1.129 1.146
4730.0 1.146 1.637
4588.0 1.637 2.129
6316.0 2.129 1.591
10140.0 1.591 1.299
11868.0 1.299 1.071
11378.0 1.071 1.0
7702.0 1.0 1.015
5219.0 1.015 1.084
4237.0 1.084 1.522
5719.0 1.522 1.174
10997.0 1.174 1.0
12141.0 1.0 1.0
9191.0 1.0 1.0
4249.0 1.0 1.485
4302.0 1.485 1.782
5332.0 1.782 1.402
8618.0 1.402 1.207
8912.0 1.207 1.104
6842.0 1.104 1.11
5157.0 1.11 1.144
4291.0 1.144 1.49
5834.0 1.49 1.142
11208.0 1.142 1.0
12794.0 1.0 1.0
10180.0 1.0 1.0
5046.0 1.0 1.078
4247.0 1.078 1.512
5152.0 1.512 1.2
7041.0 1.2 1.0
9767.0 1.0 1.0
7993.0 1.0 1.0
5846.0 1.0 1.026
4318.0 1.026 1.454
5173.0 1.454 1.153
7931.0 1.153 1.023
11591.0 1.023 1.0
10539.0 1.0 1.0
6413.0 1.0 1.054
4228.0 1.054 1.504
4176.0 1.504 1.805
5869.0 1.805 1.382
9699.0 1.382 1.14
10827.0 1.14 1.0
9275.0 1.0 1.0
4897.0 1.0 1.461
4237.0 1.461 1.754
5711.0 1.754 1.353
9265.0 1.353 1.139
10805.0 1.139 1.0
9331.0 1.0 1.0
5541.0 1.0 1.064
4319.0 1.064 1.501
5268.0 1.501 1.185
8208.0 1.185 1.036
11924.0 1.036 1.0
11328.0 1.0 1.0
7538.0 1.0 1.024
5055.0 1.024 1.096
4441.0 1.096 1.536
5636.0 1.536 1.19
10092.0 1.19 1.0
11262.0 1.0 1.0
8984.0 1.0 1.0
4522.0 1.0 1.46
4296.0 1.46 1.752
5735.0 1.752 1.35
9869.0 1.35 1.1
11049.0 1.1 1.0
8463.0 1.0 1.0
4252.0 1.0 1.469
4792.0 1.469 1.763
7275.0 1.763 1.25
11217.0 1.25 1.0
12319.0 1.0 1.0
9705.0 1.0 1.0
4823.0 1.0 1.491
4211.0 1.491 1.789
4844.0 1.789 2.146
9090.0 2.146 1.6
11061.0 1.6 1.324
10092.0 1.324 1.218
7496.0 1.218 1.227
4198.0 1.227 1.761
4437.0 1.761 2.114
5773.0 2.114 1.626
9707.0 1.626 1.333
11493.0 1.333 1.086
10329.0 1.086 1.0
6611.0 1.0 1.03
4259.0 1.03 1.497
4559.0 1.497 1.797
6478.0 1.797 1.331
9340.0 1.331 1.136
9502.0 1.136 1.028
7484.0 1.028 1.021
5569.0 1.021 1.048
4279.0 1.048 1.48
4673.0 1.48 1.776
6946.0 1.776 1.283
10454.0 1.283 1.046
11396.0 1.046 1.0
9018.0 1.0 1.0
4472.0 1.0 1.46
4311.0 1.46 1.751
5003.0 1.751 1.401
8713.0 1.401 1.053
9757.0 1.053 1.0
7653.0 1.0 1.0
5506.0 1.0 1.033
4199.0 1.033 1.457
5319.0 1.457 1.147
8426.0 1.147 1.0
11926.0 1.0 1.0
10824.0 1.0 1.0
6698.0 1.0 1.049
4301.0 1.049 1.507
4211.0 1.507 1.808
5576.0 1.808 1.405
9336.0 1.405 1.173
10916.0 1.173 1.0
9866.0 1.0 1.0
5824.0 1.0 1.064
4176.0 1.064 1.508
4643.0 1.508 1.809
6768.0 1.809 1.319
10870.0 1.319 1.054
12178.0 1.054 1.0
10098.0 1.0 1.0
5552.0 1.0 1.059
4274.0 1.059 1.383
4911.0 1.383 1.659
7454.0 1.659 1.164
11132.0 1.164 1.0
11744.0 1.0 1.0
8710.0 1.0 1.0
4176.0 1.0 1.471
4628.0 1.471 1.765
6697.0 1.765 1.292
10229.0 1.292 1.075
10595.0 1.075 1.0
8235.0 1.0 1.0
6088.0 1.0 1.021
4176.0 1.021 1.451
4967.0 1.451 1.742
7547.0 1.742 1.216
10615.0 1.216 1.0
11085.0 1.0 1.0
8311.0 1.0 1.0
6080.0 1.0 1.023
4279.0 1.023 1.455
4811.0 1.455 1.746
7236.0 1.746 1.24
11334.0 1.24 1.0
11574.0 1.0 1.0
8540.0 1.0 1.0
4205.0 1.0 1.471
4830.0 1.471 1.765
7318.0 1.765 1.248
10764.0 1.248 1.013
11508.0 1.013 1.0
8770.0 1.0 1.0
4227.0 1.0 1.455
4471.0 1.455 1.746
6395.0 1.746 1.3
10665.0 1.3 1.043
12199.0 1.043 1.0
10203.0 1.0 1.0
5489.0 1.0 1.085
4180.0 1.085 1.532
5407.0 1.532 1.201
7874.0 1.201 1.068
10520.0 1.068 1.0
8562.0 1.0 1.0
4352.0 1.0 1.453
4436.0 1.453 1.744
6015.0 1.744 1.324
10523.0 1.324 1.055
12297.0 1.055 1.0
10893.0 1.0 1.0
6431.0 1.0 1.059
4176.0 1.059 1.512
4369.0 1.512 1.815
5503.0 1.815 1.415
8961.0 1.415 1.213
9707.0 1.213 1.078
7873.0 1.078 1.057
4189.0 1.057 1.541
5251.0 1.541 1.218
8003.0 1.218 1.0
12609.0 1.0 1.0
11255.0 1.0 1.0
6793.0 1.0 1.05
4254.0 1.05 1.503
4232.0 1.503 1.804
5921.0 1.804 1.377
8819.0 1.377 1.184
9315.0 1.184 1.074
7557.0 1.074 1.062
5653.0 1.062 1.104
4176.0 1.104 1.556
4473.0 1.556 1.867
6521.0 1.867 1.38
10663.0 1.38 1.101
12115.0 1.101 1.0
9627.0 1.0 1.0
4577.0 1.0 1.485
4207.0 1.485 1.782
5077.0 1.782 1.42
8953.0 1.42 1.055
10077.0 1.055 1.0
8171.0 1.0 1.0
6192.0 1.0 1.016
4346.0 1.016 1.454
4673.0 1.454 1.745
6509.0 1.745 1.291
10353.0 1.291 1.055
11209.0 1.055 1.0
8967.0 1.0 1.0
4421.0 1.0 1.472
4231.0 1.472 1.766
6219.0 1.766 1.327
10513.0 1.327 1.072
12141.0 1.072 1.0
10239.0 1.0 1.0
5525.0 1.0 1.084
4250.0 1.084 1.529
5327.0 1.529 1.203
7867.0 1.203 1.073
10879.0 1.073 1.0
9491.0 1.0 1.0
5197.0 1.0 1.08
4237.0 1.08 1.518
5550.0 1.518 1.181
8386.0 1.181 1.032
11638.0 1.032 1.0
9974.0 1.0 1.0
5344.0 1.0 1.066
4320.0 1.066 1.502
5909.0 1.502 1.147
9949.0 1.147 1.0
10003.0 1.0 1.0
6969.0 1.0 1.022
4738.0 1.022 1.474
4268.0 1.474 1.768
5508.0 1.768 1.379
10486.0 1.379 1.108
12596.0 1.108 1.0
11376.0 1.0 1.0
6998.0 1.0 1.048
4347.0 1.048 1.51
4481.0 1.51 1.812
5689.0 1.812 1.399
9299.0 1.399 1.175
9909.0 1.175 1.043
7797.0 1.043 1.028
5912.0 1.028 1.048
4285.0 1.048 1.486
4801.0 1.486 1.783
7432.0 1.783 1.253
11146.0 1.253 1.0
11860.0 1.0 1.0
9498.0 1.0 1.0
4616.0 1.0 1.466
4398.0 1.466 1.759
5357.0 1.759 1.382
9279.0 1.382 1.157
10497.0 1.157 1.004
8157.0 1.004 1.0
5960.0 1.0 1.024
4304.0 1.024 1.456
4967.0 1.456 1.747
7228.0 1.747 1.242
10072.0 1.242 1.041
10074.0 1.041 1.0
6950.0 1.0 1.023
4803.0 1.023 1.485
4396.0 1.485 1.782
5258.0 1.782 1.407
9804.0 1.407 1.162
11236.0 1.162 1.0
9546.0 1.0 1.0
5168.0 1.0 1.063
4372.0 1.063 1.492
5879.0 1.492 1.141
10265.0 1.141 1.0
10581.0 1.0 1.0
6791.0 1.0 1.039
4476.0 1.039 1.491
4279.0 1.491 1.79
6007.0 1.79 1.36
10091.0 1.36 1.109
11609.0 1.109 1.0
10315.0 1.0 1.0
6189.0 1.0 1.06
4242.0 1.06 1.509
4451.0 1.509 1.811
6244.0 1.811 1.358
9680.0 1.358 1.136
10262.0 1.136 1.003
7652.0 1.003 1.0
5443.0 1.0 1.041
4190.0 1.041 1.465
5668.0 1.465 1.133
8132.0 1.133 1.003
10182.0 1.003 1.0
7788.0 1.0 1.0
5893.0 1.0 1.022
4176.0 1.022 1.444
4595.0 1.444 1.733
7063.0 1.733 1.244
10755.0 1.244 1.0
11449.0 1.0 1.0
8667.0 1.0 1.0
4239.0 1.0 1.473
4385.0 1.473 1.767
5453.0 1.767 1.382
8997.0 1.382 1.175
10293.0 1.175 1.023
8931.0 1.023 1.0
4849.0 1.0 1.458
4226.0 1.458 1.749
5487.0 1.749 1.365
8933.0 1.365 1.171
9663.0 1.171 1.047
7669.0 1.047 1.034
5897.0 1.034 1.059
4176.0 1.059 1.509
4296.0 1.509 1.811
5840.0 1.811 1.388
10122.0 1.388 1.133
11728.0 1.133 1.0
10512.0 1.0 1.0
6218.0 1.0 1.062
4176.0 1.062 1.514
4483.0 1.514 1.817
5708.0 1.817 1.402
9346.0 1.402 1.177
10232.0 1.177 1.031
8812.0 1.031 1.0
5024.0 1.0 1.058
4176.0 1.058 1.481
5644.0 1.481 1.147
8761.0 1.147 1.0
12339.0 1.0 1.0
10901.0 1.0 1.0
6355.0 1.0 1.063
4176.0 1.063 1.518
4887.0 1.518 1.821
7217.0 1.821 1.295
9953.0 1.295 1.105
10435.0 1.105 1.0
8329.0 1.0 1.0
6266.0 1.0 1.025
4176.0 1.025 1.457
4446.0 1.457 1.748
6544.0 1.748 1.291
10826.0 1.291 1.026
12102.0 1.026 1.0
10084.0 1.0 1.0
5202.0 1.0 1.093
4304.0 1.093 1.534
5095.0 1.534 1.221
7820.0 1.221 1.0
12720.0 1.0 1.0
12122.0 1.0 1.0
7828.0 1.0 1.03
5009.0 1.03 1.088
4247.0 1.088 1.524
5509.0 1.524 1.188
8028.0 1.188 1.055
12116.0 1.055 1.0
11388.0 1.0 1.0
7094.0 1.0 1.044
4443.0 1.044 1.506
4207.0 1.506 1.807
5402.0 1.807 1.417
9158.0 1.417 1.208
10672.0 1.208 1.037
9536.0 1.037 1.0
5842.0 1.0 1.042
4196.0 1.042 1.477
4972.0 1.477 1.772
7903.0 1.772 1.212
11725.0 1.212 1.0
12567.0 1.0 1.0
9785.0 1.0 1.0
4903.0 1.0 1.495
4405.0 1.495 1.794
5811.0 1.794 1.377
10423.0 1.377 1.1
12603.0 1.1 1.0
10763.0 1.0 1.0
6049.0 1.0 1.074
4239.0 1.074 1.526
4833.0 1.526 1.831
6604.0 1.831 1.347
9808.0 1.347 1.129
10624.0 1.129 1.0
8764.0 1.0 1.0
4638.0 1.0 1.475
4718.0 1.475 1.77
6634.0 1.77 1.3
10528.0 1.3 1.054
11644.0 1.054 1.0
9218.0 1.0 1.0
4504.0 1.0 1.454
4454.0 1.454 1.745
6121.0 1.745 1.318
9293.0 1.318 1.12
10585.0 1.12 1.0
8857.0 1.0 1.0
4899.0 1.0 1.477
4407.0 1.477 1.772
5455.0 1.772 1.386
9027.0 1.386 1.174
9853.0 1.174 1.039
8393.0 1.039 1.0
4567.0 1.0 1.449
4738.0 1.449 1.738
6131.0 1.738 1.312
10105.0 1.312 1.073
10501.0 1.073 1.0
7015.0 1.0 1.018
4448.0 1.018 1.462
4569.0 1.462 1.754
6351.0 1.754 1.309
10665.0 1.309 1.044
11783.0 1.044 1.0
9127.0 1.0 1.0
4413.0 1.0 1.475
4280.0 1.475 1.77
5610.0 1.77 1.373
9256.0 1.373 1.159
10476.0 1.159 1.0
8918.0 1.0 1.0
4876.0 1.0 1.479
4333.0 1.479 1.775
5071.0 1.775 1.415
9327.0 1.415 1.171
10573.0 1.171 1.011
8159.0 1.011 1.0
6188.0 1.0 1.033
4210.0 1.033 1.471
4280.0 1.471 1.765
6350.0 1.765 1.317
9464.0 1.317 1.132
10076.0 1.132 1.007
8248.0 1.007 1.0
6328.0 1.0 1.025
4207.0 1.025 1.477
4313.0 1.477 1.772
6238.0 1.772 1.33
9474.0 1.33 1.119
9794.0 1.119 1.0
6878.0 1.0 1.013
4563.0 1.013 1.476
4377.0 1.476 1.771
5542.0 1.771 1.379
9528.0 1.379 1.141
10966.0 1.141 1.0
9940.0 1.0 1.0
5898.0 1.0 1.063
4275.0 1.063 1.508
4578.0 1.508 1.81
6874.0 1.81 1.312
10392.0 1.312 1.078
10622.0 1.078 1.0
7460.0 1.0 1.013
5061.0 1.013 1.06
4400.0 1.06 1.486
5421.0 1.486 1.163
7967.0 1.163 1.031
9573.0 1.031 1.0
7723.0 1.0 1.0
5996.0 1.0 1.016
4176.0 1.016 1.438
4568.0 1.438 1.726
7095.0 1.726 1.236
11083.0 1.236 1.0
12031.0 1.0 1.0
9585.0 1.0 1.0
4619.0 1.0 1.491
4298.0 1.491 1.789
4888.0 1.789 2.147
8886.0 2.147 1.384
10692.0 1.384 1.174
9574.0 1.174 1.094
5856.0 1.094 1.146
4276.0 1.146 1.656
4685.0 1.656 1.987
6556.0 1.987 1.466
9648.0 1.466 1.24
10894.0 1.24 1.062
9534.0 1.062 1.0
5728.0 1.0 1.061
4197.0 1.061 1.502
4673.0 1.502 1.802
6860.0 1.802 1.308
9832.0 1.308 1.093
11108.0 1.093 1.0
8922.0 1.0 1.0
4796.0 1.0 1.46
4176.0 1.46 1.752
5047.0 1.752 1.398
8759.0 1.398 1.198
10199.0 1.198 1.039
9205.0 1.039 1.0
5713.0 1.0 1.056
4220.0 1.056 1.494
4843.0 1.494 1.792
7084.0 1.792 1.285
10930.0 1.285 1.028
12142.0 1.028 1.0
9996.0 1.0 1.0
5114.0 1.0 1.093
4295.0 1.093 1.534
5229.0 1.534 1.213
7785.0 1.213 1.0
10739.0 1.0 1.0
10225.0 1.0 1.0
6351.0 1.0 1.05
4353.0 1.05 1.497
4372.0 1.497 1.796
5869.0 1.796 1.375
9401.0 1.375 1.154
10383.0 1.154 1.007
8601.0 1.007 1.0
4503.0 1.0 1.473
4360.0 1.473 1.767
5345.0 1.767 1.39
9395.0 1.39 1.151
10509.0 1.151 1.0
8267.0 1.0 1.0
6204.0 1.0 1.024
4245.0 1.024 1.458
4474.0 1.458 1.749
6492.0 1.749 1.295
10192.0 1.295 1.066
11260.0 1.066 1.0
9098.0 1.0 1.0
4720.0 1.0 1.483
4238.0 1.483 1.78
5348.0 1.78 1.399
9884.0 1.399 1.133
11584.0 1.133 1.0
10200.0 1.0 1.0
5990.0 1.0 1.064
4329.0 1.064 1.51
5000.0 1.51 1.208
7468.0 1.208 1.0
9522.0 1.0 1.0
8588.0 1.0 1.0
4798.0 1.0 1.454
4308.0 1.454 1.745
5471.0 1.745 1.363
9901.0 1.363 1.105
11199.0 1.105 1.0
8755.0 1.0 1.0
4313.0 1.0 1.474
4531.0 1.474 1.769
6362.0 1.769 1.319
9834.0 1.319 1.099
9794.0 1.099 1.0
6770.0 1.0 1.025
4539.0 1.025 1.465
4561.0 1.465 1.757
6017.0 1.757 1.334
10179.0 1.334 1.084
11799.0 1.084 1.0
10159.0 1.0 1.0
5697.0 1.0 1.075
4282.0 1.075 1.405
4992.0 1.405 1.686
7548.0 1.686 1.177
10968.0 1.177 1.0
11230.0 1.0 1.0
7860.0 1.0 1.01
5545.0 1.01 1.045
4216.0 1.045 1.475
4606.0 1.475 1.77
6606.0 1.77 1.302
9912.0 1.302 1.083
10460.0 1.083 1.0
8216.0 1.0 1.0
6237.0 1.0 1.03
4176.0 1.03 1.47
4241.0 1.47 1.764
5971.0 1.764 1.343
10421.0 1.343 1.082
11867.0 1.082 1.0
10447.0 1.0 1.0
5985.0 1.0 1.069
4232.0 1.069 1.517
4304.0 1.517 1.82
5959.0 1.82 1.386
10033.0 1.386 1.132
10781.0 1.132 1.0
8369.0 1.0 1.0
5970.0 1.0 1.031
4216.0 1.031 1.49
4917.0 1.49 1.788
7312.0 1.788 1.265
10548.0 1.265 1.027
11390.0 1.027 1.0
8800.0 1.0 1.0
4176.0 1.0 1.455
4201.0 1.455 1.746
6040.0 1.746 1.324
9722.0 1.324 1.091
11076.0 1.091 1.0
9114.0 1.0 1.0
4736.0 1.0 1.482
4497.0 1.482 1.778
6356.0 1.778 1.326
10128.0 1.326 1.088
11668.0 1.088 1.0
10002.0 1.0 1.0
5540.0 1.0 1.08
4317.0 1.08 1.527
5118.0 1.527 1.214
7565.0 1.214 1.0
10617.0 1.0 1.0
9767.0 1.0 1.0
5725.0 1.0 1.066
4266.0 1.066 1.507
4408.0 1.507 1.808
6615.0 1.808 1.33
10209.0 1.33 1.092
10525.0 1.092 1.0
7569.0 1.0 1.009
5254.0 1.009 1.054
4207.0 1.054 1.373
5140.0 1.373 1.091
8144.0 1.091 1.0
10380.0 1.0 1.0
7850.0 1.0 1.0
5787.0 1.0 1.027
4176.0 1.027 1.456
4710.0 1.456 1.747
6805.0 1.747 1.272
10325.0 1.272 1.042
10733.0 1.042 1.0
8039.0 1.0 1.0
5808.0 1.0 1.029
4217.0 1.029 1.452
4242.0 1.452 1.742
6152.0 1.742 1.314
9896.0 1.314 1.097
10894.0 1.097 1.0
9104.0 1.0 1.0
4894.0 1.0 1.474
4238.0 1.474 1.769
4975.0 1.769 2.122
9787.0 2.122 1.526
11959.0 1.526 1.222
10552.0 1.222 1.121
6980.0 1.121 1.148
4486.0 1.148 1.683
4397.0 1.683 2.019
5257.0 2.019 1.595
8651.0 1.595 1.206
10069.0 1.206 1.054
8497.0 1.054 1.012
4647.0 1.012 1.47
4267.0 1.47 1.764
6081.0 1.764 1.335
9439.0 1.335 1.128
10475.0 1.128 1.0
8851.0 1.0 1.0
4893.0 1.0 1.477
4322.0 1.477 1.772
5330.0 1.772 1.395
9490.0 1.395 1.151
10816.0 1.151 1.0
9242.0 1.0 1.0
5284.0 1.0 1.074
4283.0 1.074 1.51
6565.0 1.51 1.113
9991.0 1.113 1.0
10187.0 1.0 1.0
7237.0 1.0 1.013
5174.0 1.013 1.051
4352.0 1.051 1.368
5389.0 1.368 1.073
8372.0 1.073 1.0
10610.0 1.0 1.0
8752.0 1.0 1.0
4794.0 1.0 1.455
4223.0 1.455 1.747
5524.0 1.747 1.361
8956.0 1.361 1.156
10064.0 1.156 1.017
8554.0 1.017 1.0
4788.0 1.0 1.452
4502.0 1.452 1.743
5658.0 1.743 1.348
9488.0 1.348 1.137
10398.0 1.137 1.0
8900.0 1.0 1.0
4606.0 1.0 1.477
4757.0 1.477 1.772
6514.0 1.772 1.311
9162.0 1.311 1.136
9206.0 1.136 1.037
6764.0 1.037 1.052
5002.0 1.052 1.091
4663.0 1.091 1.418
6579.0 1.418 1.045
9281.0 1.045 1.0
6889.0 1.0 1.009
5162.0 1.009 1.041
4207.0 1.041 1.46
5305.0 1.46 1.15
7583.0 1.15 1.0
10199.0 1.0 1.0
8677.0 1.0 1.0
4803.0 1.0 1.474
4241.0 1.474 1.769
5398.0 1.769 1.387
9538.0 1.387 1.144
10712.0 1.144 1.0
9546.0 1.0 1.0
5672.0 1.0 1.064
4328.0 1.064 1.504
5912.0 1.504 1.148
9628.0 1.148 1.0
9948.0 1.0 1.0
7166.0 1.0 1.012
5103.0 1.012 1.054
4277.0 1.054 1.479
5741.0 1.479 1.14
9945.0 1.14 1.0
10409.0 1.0 1.0
7039.0 1.0 1.026
4808.0 1.026 1.48
4180.0 1.48 1.776
5458.0 1.776 1.388
8460.0 1.388 1.206
9392.0 1.206 1.073
7810.0 1.073 1.048
6324.0 1.048 1.063
4649.0 1.063 1.524
4321.0 1.524 1.829
5598.0 1.829 1.419
8876.0 1.419 1.211
9488.0 1.211 1.089
7712.0 1.089 1.064
5919.0 1.064 1.083
4176.0 1.083 1.54
4520.0 1.54 1.848
6595.0 1.848 1.36
8961.0 1.36 1.186
8891.0 1.186 1.095
6663.0 1.095 1.1
4999.0 1.1 1.578
4518.0 1.578 2.053
5214.0 2.053 1.625
8410.0 1.625 1.421
9186.0 1.421 1.262
8134.0 1.262 1.208
5498.0 1.208 1.249
4206.0 1.249 1.77
4806.0 1.77 2.124
8196.0 2.124 1.651
9201.0 1.651 1.488
8039.0 1.488 1.428
5755.0 1.428 1.48
4458.0 1.48 2.105
4189.0 2.105 2.739
5573.0 2.739 2.128
8141.0 2.128 1.881
9506.0 1.881 1.667
8633.0 1.667 1.575
6815.0 1.575 1.583
4176.0 1.583 2.263
4218.0 2.263 2.943
5414.0 2.943 2.305
7570.0 2.305 1.847
9850.0 1.847 1.573
9238.0 1.573 1.457
7316.0 1.457 1.447
4206.0 1.447 2.092
4352.0 2.092 2.722
6220.0 2.722 2.045
9175.0 2.045 1.76
9046.0 1.76 1.631
7598.0 1.631 1.595
5384.0 1.595 1.645
4268.0 1.645 2.145
5859.0 2.145 1.642
9323.0 1.642 1.375
10629.0 1.375 1.181
10103.0 1.181 1.073
7301.0 1.073 1.085
4974.0 1.085 1.569
4300.0 1.569 2.041
4402.0 2.041 2.45
7130.0 2.45 1.751
10310.0 1.751 1.468
9278.0 1.468 1.372
6592.0 1.372 1.404
4215.0 1.404 1.848
4515.0 1.848 2.218
6160.0 2.218 1.671
9546.0 1.671 1.403
11112.0 1.403 1.177
10580.0 1.177 1.043
8072.0 1.043 1.039
5936.0 1.039 1.085
4354.0 1.085 1.54
4447.0 1.54 1.848
6018.0 1.848 1.403
9476.0 1.403 1.178
10540.0 1.178 1.019
9216.0 1.019 1.0
5062.0 1.0 1.061
4213.0 1.061 1.38
5588.0 1.38 1.072
8539.0 1.072 1.0
10749.0 1.0 1.0
8975.0 1.0 1.0
4597.0 1.0 1.456
4189.0 1.456 1.748
5109.0 1.748 1.39
9133.0 1.39 1.173
10675.0 1.173 1.0
9465.0 1.0 1.0
5591.0 1.0 1.066
4235.0 1.066 1.509
4725.0 1.509 1.811
7276.0 1.811 1.284
10296.0 1.284 1.064
10744.0 1.064 1.0
8050.0 1.0 1.0
5903.0 1.0 1.029
4176.0 1.029 1.475
5117.0 1.475 1.173
7538.0 1.173 1.056
10102.0 1.056 1.0
8796.0 1.0 1.0
5006.0 1.0 1.056
4176.0 1.056 1.373
5782.0 1.373 1.056
8702.0 1.056 1.0
10756.0 1.0 1.0
8730.0 1.0 1.0
4352.0 1.0 1.478
4282.0 1.478 1.773
5453.0 1.773 1.386
9365.0 1.386 1.155
10115.0 1.155 1.018
8009.0 1.018 1.0
5762.0 1.0 1.03
4176.0 1.03 1.47
4965.0 1.47 1.765
7704.0 1.765 1.221
10646.0 1.221 1.006
10918.0 1.006 1.0
7990.0 1.0 1.0
5843.0 1.0 1.045
4206.0 1.045 1.48
4716.0 1.48 1.776
7324.0 1.776 1.256
10748.0 1.256 1.023
11406.0 1.023 1.0
8662.0 1.0 1.0
4238.0 1.0 1.457
4643.0 1.457 1.748
5732.0 1.748 1.347
9424.0 1.347 1.141
10324.0 1.141 1.0
8624.0 1.0 1.0
4582.0 1.0 1.451
4324.0 1.451 1.742
5727.0 1.742 1.343
9635.0 1.343 1.111
10911.0 1.111 1.0
9225.0 1.0 1.0
4847.0 1.0 1.487
4325.0 1.487 1.784
5614.0 1.784 1.383
9584.0 1.383 1.162
10642.0 1.162 1.0
8288.0 1.0 1.0
6141.0 1.0 1.02
4258.0 1.02 1.451
5001.0 1.451 1.161
7579.0 1.161 1.0
9823.0 1.0 1.0
8973.0 1.0 1.0
5267.0 1.0 1.052
4194.0 1.052 1.371
5586.0 1.371 1.064
8831.0 1.064 1.0
10851.0 1.0 1.0
9161.0 1.0 1.0
4176.0 1.0 1.483
4176.0 1.483 1.78
4176.0 1.78 2.135
4211.0 2.135 2.562
4176.0 2.562 3.075
4566.0 3.075 3.69
5120.0 3.69 2.934
7241.0 2.934 2.679
8600.0 2.679 2.41
8129.0 2.41 2.282
6773.0 2.282 2.263
5585.0 2.263 2.292
4209.0 2.292 3.232
5405.0 3.232 2.534
9494.0 2.534 2.098
11672.0 2.098 1.72
11945.0 1.72 1.469
9227.0 1.469 1.424
5789.0 1.424 1.511
4256.0 1.511 2.162
4233.0 2.162 2.594
4992.0 2.594 3.113
7384.0 3.113 2.515
9070.0 2.515 2.231
8656.0 2.231 2.085
7123.0 2.085 2.064
5403.0 2.064 2.131
4325.0 2.131 3.001
4833.0 3.001 3.601
6931.0 3.601 2.603
10228.0 2.603 2.155
11696.0 2.155 1.809
10940.0 1.809 1.624
7682.0 1.624 1.632
4500.0 1.632 2.357
4176.0 2.357 3.085
5046.0 3.085 2.462
7130.0 2.462 2.256
8933.0 2.256 2.0
8450.0 2.0 1.879
6194.0 1.879 1.915
4512.0 1.915 2.717
4590.0 2.717 3.261
6522.0 3.261 2.41
10764.0 2.41 1.926
12620.0 1.926 1.556
11726.0 1.556 1.377
7115.0 1.377 1.446
4256.0 1.446 2.071
4344.0 2.071 2.485
5762.0 2.485 1.912
8792.0 1.912 1.647
10036.0 1.647 1.43
9774.0 1.43 1.301
8204.0 1.301 1.26
5048.0 1.26 1.323
4271.0 1.323 1.72
4445.0 1.72 2.064
5918.0 2.064 1.576
9242.0 1.576 1.347
10448.0 1.347 1.161
10084.0 1.161 1.053
7124.0 1.053 1.064
5069.0 1.064 1.129
4345.0 1.129 1.468
5431.0 1.468 1.149
8162.0 1.149 1.0
10852.0 1.0 1.0
8490.0 1.0 1.0
4176.0 1.0 1.439
4799.0 1.439 1.727
6572.0 1.727 1.273
8884.0 1.273 1.126
8882.0 1.126 1.041
6560.0 1.041 1.055
5078.0 1.055 1.092
4277.0 1.092 1.534
5696.0 1.534 1.185
10056.0 1.185 1.0
10494.0 1.0 1.0
6788.0 1.0 1.031
4473.0 1.031 1.482
4250.0 1.482 1.778
5606.0 1.778 1.38
9378.0 1.38 1.17
10404.0 1.17 1.022
8904.0 1.022 1.0
4798.0 1.0 1.468
4247.0 1.468 1.762
5297.0 1.762 1.388
9399.0 1.388 1.148
10839.0 1.148 1.0
8391.0 1.0 1.0
6076.0 1.0 1.039
4197.0 1.039 1.501
4520.0 1.501 1.802
6537.0 1.802 1.33
9675.0 1.33 1.133
9829.0 1.133 1.021
6761.0 1.021 1.046
4538.0 1.046 1.517
4246.0 1.517 1.974
5421.0 1.974 1.546
9297.0 1.546 1.294
10803.0 1.294 1.1
10091.0 1.1 1.003
6913.0 1.003 1.021
4623.0 1.021 1.482
4223.0 1.482 1.778
5110.0 1.778 1.415
8964.0 1.415 1.197
10124.0 1.197 1.05
7266.0 1.05 1.063
4932.0 1.063 1.548
4361.0 1.548 1.857
5204.0 1.857 1.471
6944.0 1.471 1.366
6378.0 1.366 1.347
4176.0 1.347 1.912
4426.0 1.912 2.295
7182.0 2.295 1.635
8388.0 1.635 1.469
8222.0 1.469 1.381
6382.0 1.381 1.397
4276.0 1.397 1.978
4498.0 1.978 2.374
7046.0 2.374 1.705
8246.0 1.705 1.549
8332.0 1.549 1.443
6832.0 1.443 1.427
4364.0 1.427 2.051
4327.0 2.051 2.672
6169.0 2.672 2.013
8247.0 2.013 1.791
8673.0 1.791 1.638
7891.0 1.638 1.568
6397.0 1.568 1.574
4443.0 1.574 2.247
4490.0 2.247 2.926
6212.0 2.926 2.199
8387.0 2.199 1.939
8285.0 1.939 1.817
7047.0 1.817 1.792
5479.0 1.792 1.853
4274.0 1.853 2.616
4419.0 2.616 3.14
6699.0 3.14 2.298
8541.0 2.298 2.037
8604.0 2.037 1.887
7002.0 1.887 1.874
4854.0 1.874 2.697
4458.0 2.697 3.236
5586.0 3.236 2.513
8340.0 2.513 2.209
8757.0 2.209 2.022
6528.0 2.022 2.051
4810.0 2.051 2.953
4364.0 2.953 3.543
5782.0 3.543 2.724
8374.0 2.724 2.395
8983.0 2.395 2.169
8230.0 2.169 2.061
6121.0 2.061 2.104
4475.0 2.104 3.002
4490.0 3.002 3.603
6172.0 3.603 2.713
8296.0 2.713 2.409
8449.0 2.409 2.226
6667.0 2.226 2.238
5293.0 2.238 2.294
4203.0 2.294 2.989
5577.0 2.989 2.323
7655.0 2.323 2.103
8588.0 2.103 1.911
7961.0 1.911 1.821
6513.0 1.821 1.821
4711.0 1.821 2.611
4484.0 2.611 3.134
6162.0 3.134 2.361
8829.0 2.361 2.059
9186.0 2.059 1.873
7713.0 1.873 1.825
5749.0 1.825 1.871
4203.0 1.871 2.648
4754.0 2.648 3.178
6354.0 3.178 2.37
9048.0 2.37 2.047
9276.0 2.047 1.862
7899.0 1.862 1.805
5881.0 1.805 1.843
4176.0 1.843 2.598
4183.0 2.598 3.118
5997.0 3.118 2.37
8370.0 2.37 2.092
9018.0 2.092 1.901
7824.0 1.901 1.839
6160.0 1.839 1.869
4532.0 1.869 2.662
4379.0 2.662 3.195
6517.0 3.195 2.362
9337.0 2.362 2.019
9865.0 2.019 1.798
8236.0 1.798 1.74
6066.0 1.74 1.78
4176.0 1.78 2.511
4312.0 2.511 3.013
6236.0 3.013 2.261
8831.0 2.261 1.964
9050.0 1.964 1.793
7652.0 1.793 1.747
5620.0 1.747 1.796
4499.0 1.796 2.552
4835.0 2.552 3.063
7121.0 3.063 2.19
8675.0 2.19 1.955
8027.0 1.955 1.87
6103.0 1.87 1.899
4176.0 1.899 2.696
4246.0 2.696 3.507
5540.0 3.507 2.73
7892.0 2.73 2.156
8690.0 2.156 1.952
8108.0 1.952 1.852
6846.0 1.852 1.841
5032.0 1.841 1.904
4338.0 1.904 2.476
5025.0 2.476 1.978
7777.0 1.978 1.561
9233.0 1.561 1.369
8911.0 1.369 1.269
6983.0 1.269 1.266
4213.0 1.266 1.807
4541.0 1.807 2.168
5577.0 2.168 1.684
8535.0 1.684 1.469
9005.0 1.469 1.336
6997.0 1.336 1.332
4261.0 1.332 1.904
4494.0 1.904 2.285
7382.0 2.285 1.842
8726.0 1.842 1.64
8292.0 1.64 1.542
6474.0 1.542 1.56
4176.0 1.56 2.21
4408.0 2.21 2.652
6340.0 2.652 1.979
8958.0 1.979 1.715
9765.0 1.715 1.525
8647.0 1.525 1.449
6471.0 1.449 1.479
4257.0 1.479 2.096
4686.0 2.096 2.515
7628.0 2.515 2.005
9143.0 2.005 1.772
8600.0 1.772 1.664
6708.0 1.664 1.669
4536.0 1.669 2.379
4334.0 2.379 3.13
5634.0 3.13 2.425
8625.0 2.425 2.114
9009.0 2.114 1.923
8025.0 1.923 1.845
6293.0 1.845 1.865
4443.0 1.865 2.673
4283.0 2.673 3.207
5607.0 3.207 2.488
8376.0 2.488 2.192
8775.0 2.192 1.998
7884.0 1.998 1.918
6314.0 1.918 1.935
4396.0 1.935 2.753
4367.0 2.753 3.303
6461.0 3.303 2.449
8702.0 2.449 2.159
8522.0 2.159 2.011
6110.0 2.011 2.049
4196.0 2.049 2.917
4842.0 2.917 3.5
6778.0 3.5 2.551
8443.0 2.551 2.287
8086.0 2.287 2.157
6076.0 2.157 2.201
4206.0 2.201 3.154
4300.0 3.154 3.784
5328.0 3.784 2.978
8124.0 2.978 2.318
9612.0 2.318 2.005
9597.0 2.005 1.817
7542.0 1.817 1.801
5554.0 1.801 1.851
4466.0 1.851 2.613
4859.0 2.613 3.135
6961.0 3.135 2.577
8707.0 2.577 2.276
9121.0 2.276 2.062
8065.0 2.062 1.975
6675.0 1.975 1.968
4839.0 1.968 2.825
4249.0 2.825 3.39
5745.0 3.39 2.611
8517.0 2.611 2.285
9564.0 2.285 2.023
8721.0 2.023 1.904
6273.0 1.904 1.936
4182.0 1.936 2.764
4534.0 2.764 3.616
5646.0 3.616 2.799
8214.0 2.799 2.466
9408.0 2.466 2.187
8877.0 2.187 2.037
6867.0 2.037 2.053
5043.0 2.053 2.142
4293.0 2.142 2.786
5563.0 2.786 2.166
7983.0 2.166 1.703
8799.0 1.703 1.543
7615.0 1.543 1.499
5909.0 1.499 1.522
4197.0 1.522 1.993
5199.0 1.993 1.578
8313.0 1.578 1.214
9033.0 1.214 1.101
7553.0 1.101 1.075
6014.0 1.075 1.089
4216.0 1.089 1.541
4655.0 1.541 1.849
6649.0 1.849 1.357
9021.0 1.357 1.182
8753.0 1.182 1.103
6217.0 1.103 1.126
4520.0 1.126 1.606
4269.0 1.606 1.927
5224.0 1.927 1.524
8552.0 1.524 1.319
9142.0 1.319 1.195
7842.0 1.195 1.157
4958.0 1.157 1.675
4312.0 1.675 2.01
5066.0 2.01 1.603
7498.0 1.603 1.446
7626.0 1.446 1.37
6362.0 1.37 1.371
4223.0 1.371 1.94
4871.0 1.94 2.328
7589.0 2.328 1.622
7877.0 1.622 1.518
6111.0 1.518 1.545
4201.0 1.545 2.181
4463.0 2.181 2.618
6967.0 2.618 1.888
9046.0 1.888 1.668
7552.0 1.668 1.631
5148.0 1.631 1.705
4382.0 1.705 2.403
4313.0 2.403 3.129
5935.0 3.129 2.386
8338.0 2.386 2.092
8890.0 2.092 1.909
7780.0 1.909 1.845
6152.0 1.845 1.869
4556.0 1.869 2.659
4502.0 2.659 3.191
6548.0 3.191 2.355
9107.0 2.355 2.03
9434.0 2.03 1.837
7700.0 1.837 1.798
5810.0 1.798 1.839
4225.0 1.839 2.607
4521.0 2.607 3.129
6357.0 3.129 2.333
8841.0 2.333 2.021
9237.0 2.021 1.835
7869.0 1.835 1.781
5969.0 1.781 1.814
4297.0 1.814 2.569
4417.0 2.569 3.082
6577.0 3.082 2.272
8437.0 2.272 2.034
7192.0 2.034 1.992
5100.0 1.992 2.061
4202.0 2.061 2.888
5328.0 2.888 2.272
7290.0 2.272 1.845
8004.0 1.845 1.692
7748.0 1.692 1.608
6584.0 1.608 1.596
4900.0 1.596 2.276
4343.0 2.276 2.974
5907.0 2.974 2.271
8811.0 2.271 1.979
8994.0 1.979 1.816
7278.0 1.816 1.789
5116.0 1.789 1.857
4372.0 1.857 2.416
4779.0 2.416 2.899
7363.0 2.899 2.045
9541.0 2.045 1.772
8575.0 1.772 1.677
6267.0 1.677 1.707
4242.0 1.707 2.436
4513.0 2.436 2.924
6231.0 2.924 2.195
9240.0 2.195 1.878
9624.0 1.878 1.693
7386.0 1.693 1.687
4968.0 1.687 2.449
4316.0 2.449 3.191
4733.0 3.191 3.829
6747.0 3.829 2.796
9431.0 2.796 2.406
9527.0 2.406 2.181
7397.0 2.181 2.168
5533.0 2.168 2.232
4176.0 2.232 3.145
4767.0 3.145 3.773
6619.0 3.773 2.774
9061.0 2.774 2.409
10093.0 2.409 2.115
9739.0 2.115 1.927
7585.0 1.927 1.907
5539.0 1.907 1.974
4306.0 1.974 2.576
5329.0 2.576 2.027
8431.0 2.027 1.756
11050.0 1.756 1.468
10393.0 1.468 1.33
8209.0 1.33 1.314
4499.0 1.314 1.918
4177.0 1.918 2.301
5064.0 2.301 1.835
7802.0 1.835 1.634
9432.0 1.634 1.433
9004.0 1.433 1.33
6876.0 1.33 1.33
4235.0 1.33 1.897
4634.0 1.897 2.276
8326.0 2.276 1.751
10126.0 1.751 1.514
9091.0 1.514 1.418
7003.0 1.418 1.42
4176.0 1.42 2.032
4399.0 2.032 2.438
6163.0 2.438 1.837
7801.0 1.837 1.66
7339.0 1.66 1.596
5981.0 1.596 1.61
4176.0 1.61 2.275
4481.0 2.275 2.73
6297.0 2.73 2.043
7851.0 2.043 1.867
7393.0 1.867 1.792
6153.0 1.792 1.795
4539.0 1.795 2.555
4215.0 2.555 3.066
5130.0 3.066 2.437
7012.0 2.437 2.0
8875.0 2.0 1.779
8131.0 1.779 1.697
6195.0 1.697 1.719
4239.0 1.719 2.443
4336.0 2.443 2.932
5486.0 2.932 2.289
7620.0 2.289 2.069
9063.0 2.069 1.856
7989.0 1.856 1.779
6109.0 1.779 1.813
4266.0 1.813 2.574
4246.0 2.574 3.089
5584.0 3.089 2.399
8386.0 2.399 2.113
8662.0 2.113 1.946
7423.0 1.946 1.9
5883.0 1.9 1.925
4178.0 1.925 2.735
4342.0 2.735 3.568
5894.0 3.568 2.727
8285.0 2.727 2.417
8735.0 2.417 2.213
7829.0 2.213 2.129
5783.0 2.129 2.179
4242.0 2.179 3.084
4821.0 3.084 3.701
6567.0 3.701 2.729
9045.0 2.729 2.359
9333.0 2.359 2.134
8502.0 2.134 2.024
5949.0 2.024 2.08
4238.0 2.08 2.961
4946.0 2.961 3.553
7220.0 3.553 2.527
9556.0 2.527 2.161
9523.0 2.161 1.958
7963.0 1.958 1.909
5971.0 1.909 1.96
4201.0 1.96 2.766
4428.0 2.766 3.319
5628.0 3.319 2.572
8325.0 2.572 2.266
8805.0 2.266 2.067
7953.0 2.067 1.978
6753.0 1.978 1.954
4847.0 1.954 2.803
4616.0 2.803 3.363
6400.0 3.363 2.502
8863.0 2.502 2.169
9070.0 2.169 1.981
7804.0 1.981 1.923
6162.0 1.923 1.956
4176.0 1.956 2.776
4209.0 2.776 3.331
5301.0 3.331 2.625
8112.0 2.625 2.044
8958.0 2.044 1.852
7899.0 1.852 1.784
5919.0 1.784 1.825
4176.0 1.825 2.588
4198.0 2.588 3.105
5110.0 3.105 2.471
6642.0 2.471 2.064
6860.0 2.064 1.973
6402.0 1.973 1.935
5316.0 1.935 1.963
4480.0 1.963 2.756
5484.0 2.756 2.151
7166.0 2.151 1.982
7376.0 1.982 1.878
6246.0 1.878 1.872
4810.0 1.872 2.667
4900.0 2.667 3.201
7134.0 3.201 2.287
9549.0 2.287 1.958
9390.0 1.958 1.79
7368.0 1.79 1.78
5154.0 1.78 1.848
4176.0 1.848 2.405
4645.0 2.405 2.886
6021.0 2.886 2.191
6567.0 2.191 2.107
5241.0 2.107 2.153
4176.0 2.153 2.805
5380.0 2.805 2.201
7168.0 2.201 2.021
7808.0 2.021 1.874
7344.0 1.874 1.807
6058.0 1.807 1.819
4520.0 1.819 2.578
4499.0 2.578 3.094
6179.0 3.094 2.329
8573.0 2.329 2.044
7943.0 2.044 1.944
6819.0 1.944 1.921
5103.0 1.921 1.984
4418.0 1.984 2.582
6572.0 2.582 1.903
8096.0 1.903 1.724
7198.0 1.724 1.679
5464.0 1.679 1.722
4259.0 1.722 2.246
5233.0 2.246 1.776
7373.0 1.776 1.618
7773.0 1.618 1.521
6569.0 1.521 1.51
4701.0 1.51 2.15
4333.0 2.15 2.58
6303.0 2.58 1.929
8071.0 1.929 1.737
7631.0 1.737 1.658
6391.0 1.658 1.657
4601.0 1.657 2.358
4527.0 2.358 3.07
