4932.0 1.0 1.0
4932.0 1.0 1.4
4932.0 1.4 1.68
4932.0 1.68 2.016
4848.0 2.016 2.419
4764.0 2.419 2.903
4764.0 2.903 3.484
5263.0 3.484 2.75
4512.0 2.75 3.863
4430.0 3.863 4.635
4565.0 4.635 5.562
4683.0 5.562 6.674
6339.0 6.674 4.982
8409.0 4.982 4.426
8838.0 4.426 4.039
8286.0 4.039 3.808
6978.0 3.808 3.755
5414.0 3.755 3.848
4176.0 3.848 5.422
4409.0 5.422 6.507
5279.0 6.507 5.133
7693.0 5.133 4.603
9212.0 4.603 4.076
9206.0 4.076 3.742
8086.0 3.742 3.596
6282.0 3.596 3.637
4863.0 3.637 5.19
4208.0 5.19 6.228
4748.0 6.228 7.473
6716.0 7.473 5.466
9260.0 5.466 4.693
10070.0 4.693 4.12
9938.0 4.12 3.726
8172.0 3.726 3.618
6328.0 3.618 3.665
4447.0 3.665 5.225
4239.0 5.225 6.27
4196.0 6.27 7.524
5780.0 7.524 5.784
8624.0 5.784 5.039
10028.0 5.039 4.387
10136.0 4.387 3.924
8666.0 3.924 3.749
6474.0 3.749 3.792
4335.0 3.792 5.422
4296.0 5.422 7.078
4452.0 7.078 8.493
5392.0 8.493 6.662
7996.0 6.662 5.908
9620.0 5.908 5.168
9781.0 5.168 4.656
8797.0 4.656 4.4
7287.0 4.4 4.366
5491.0 4.366 4.489
4282.0 4.489 6.331
4264.0 6.331 7.597
5309.0 7.597 5.984
7393.0 5.984 5.434
9343.0 5.434 4.729
9637.0 4.729 4.273
8497.0 4.273 4.083
6429.0 4.083 4.144
4621.0 4.144 5.931
4395.0 5.931 7.749
4513.0 7.749 9.299
6707.0 9.299 6.804
9859.0 6.804 5.709
11187.0 5.709 4.838
10527.0 4.838 4.363
8049.0 4.363 4.319
5761.0 4.319 4.474
4176.0 4.474 6.333
4363.0 6.333 7.599
4957.0 7.599 9.119
6710.0 9.119 7.584
9130.0 7.584 6.568
9529.0 6.568 5.905
8817.0 5.905 5.542
7207.0 5.542 5.484
5635.0 5.484 5.628
4176.0 5.628 7.956
4176.0 7.956 9.547
4753.0 9.547 11.456
6673.0 11.456 8.398
9383.0 8.398 7.212
10841.0 7.212 6.167
10219.0 6.167 5.602
8255.0 5.602 5.457
5933.0 5.457 5.648
4193.0 5.648 8.008
4194.0 8.008 9.61
4321.0 9.61 11.532
5386.0 11.532 9.047
7762.0 9.047 7.178
9949.0 7.178 6.139
10033.0 6.139 5.504
8937.0 5.504 5.201
6873.0 5.201 5.232
4801.0 5.232 7.504
4182.0 7.504 9.005
4376.0 9.005 10.806
5314.0 10.806 8.509
7491.0 8.509 7.718
9215.0 7.718 6.784
9449.0 6.784 6.151
8477.0 6.151 5.84
6930.0 5.84 5.783
5160.0 5.783 5.98
4334.0 5.98 8.387
4739.0 8.387 10.065
5920.0 10.065 7.681
8532.0 7.681 6.736
10744.0 6.736 5.623
11302.0 5.623 4.837
9618.0 4.837 4.546
6954.0 4.546 4.638
4730.0 4.638 6.702
4486.0 6.702 8.755
4472.0 8.755 10.506
5112.0 10.506 8.358
7212.0 8.358 7.632
8960.0 7.632 6.74
8834.0 6.74 6.241
7546.0 6.241 6.09
5980.0 6.09 6.193
4505.0 6.193 8.83
4343.0 8.83 10.596
4819.0 10.596 12.715
6464.0 12.715 9.427
9316.0 9.427 8.041
11052.0 8.041 6.806
10506.0 6.806 6.136
8577.0 6.136 5.923
6253.0 5.923 6.091
4188.0 6.091 8.743
4239.0 8.743 10.492
4707.0 10.492 12.591
6261.0 12.591 9.437
8969.0 9.437 8.181
9792.0 8.181 7.255
9468.0 7.255 6.666
7728.0 6.666 6.55
5831.0 6.55 6.723
4291.0 6.723 9.522
4176.0 9.522 12.433
4736.0 12.433 14.92
6115.0 14.92 11.271
8625.0 11.271 9.808
9549.0 9.808 8.684
8877.0 8.684 8.112
7641.0 8.112 7.894
5865.0 7.894 8.078
4737.0 8.078 11.443
4176.0 11.443 13.731
4327.0 13.731 16.477
5455.0 16.477 12.882
7887.0 12.882 10.165
10880.0 10.165 8.242
11762.0 8.242 6.942
10214.0 6.942 6.422
7922.0 6.422 6.42
5269.0 6.42 6.799
4304.0 6.799 8.858
4194.0 8.858 10.629
5142.0 10.629 8.443
7060.0 8.443 6.915
9980.0 6.915 5.794
10247.0 5.794 5.13
9167.0 5.13 4.82
6935.0 4.82 4.856
5219.0 4.856 5.042
4176.0 5.042 7.082
4294.0 7.082 8.498
5742.0 8.498 6.546
7926.0 6.546 5.859
9648.0 5.859 5.091
9725.0 5.091 4.588
8423.0 4.588 4.394
6610.0 4.394 4.423
4634.0 4.423 6.333
4235.0 6.333 8.255
4479.0 8.255 9.906
6000.0 9.906 7.529
9432.0 7.529 6.342
10758.0 6.342 5.443
10782.0 5.443 4.81
8829.0 4.81 4.639
5937.0 4.639 4.824
4176.0 4.824 6.841
4257.0 6.841 8.209
5285.0 8.209 6.473
7679.0 6.473 5.809
9257.0 5.809 5.122
9075.0 5.122 4.702
7917.0 4.702 4.539
6245.0 4.539 4.576
4513.0 4.576 6.499
4251.0 6.499 7.799
4851.0 7.799 9.359
6996.0 9.359 6.74
10364.0 6.74 5.436
11771.0 5.436 4.515
10763.0 4.515 4.089
8279.0 4.089 4.058
5430.0 4.058 4.325
4300.0 4.325 6.098
4447.0 6.098 7.318
5543.0 7.318 5.695
8257.0 5.695 4.989
10699.0 4.989 4.17
10776.0 4.17 3.669
8958.0 3.669 3.512
6722.0 3.512 3.575
4631.0 3.575 5.183
4252.0 5.183 6.22
4333.0 6.22 7.463
5621.0 7.463 5.785
7946.0 5.785 5.16
9350.0 5.16 4.579
9272.0 4.579 4.193
8036.0 4.193 4.047
6280.0 4.047 4.091
4652.0 4.091 5.824
4207.0 5.824 6.989
4579.0 6.989 8.386
5963.0 8.386 6.386
8741.0 6.386 5.538
10407.0 5.538 4.728
10148.0 4.728 4.26
8588.0 4.26 4.103
6317.0 4.103 4.225
4264.0 4.225 6.007
4283.0 6.007 7.209
5001.0 7.209 5.767
7126.0 5.767 4.7
9377.0 4.7 4.017
10271.0 4.017 3.502
9416.0 3.502 3.258
7496.0 3.258 3.242
5513.0 3.242 3.376
4176.0 3.376 4.753
4423.0 4.753 5.703
5224.0 5.703 4.511
7616.0 4.511 3.598
10352.0 3.598 2.995
10209.0 2.995 2.689
8337.0 2.689 2.613
5718.0 2.613 2.711
4251.0 2.711 3.914
4367.0 3.914 4.697
5705.0 4.697 3.625
8845.0 3.625 2.73
10109.0 2.73 2.363
9661.0 2.363 2.167
8011.0 2.167 2.121
5137.0 2.121 2.256
4176.0 2.256 2.936
5000.0 2.936 2.349
7228.0 2.349 1.905
10132.0 1.905 1.614
9934.0 1.614 1.458
8536.0 1.458 1.402
5604.0 1.402 1.459
4176.0 1.459 2.102
4331.0 2.102 2.523
6039.0 2.523 1.913
9085.0 1.913 1.631
10960.0 1.631 1.38
8863.0 1.38 1.332
5861.0 1.332 1.381
4397.0 1.381 1.978
4440.0 1.978 2.374
6148.0 2.374 1.79
8356.0 1.79 1.572
9084.0 1.572 1.417
8754.0 1.417 1.32
6994.0 1.32 1.311
4291.0 1.311 1.876
4392.0 1.876 2.251
5265.0 2.251 1.777
8933.0 1.777 1.514
11103.0 1.514 1.264
11281.0 1.264 1.095
9091.0 1.095 1.053
5171.0 1.053 1.127
4176.0 1.127 1.467
4961.0 1.467 1.761
6848.0 1.761 1.278
9350.0 1.278 1.105
9322.0 1.105 1.012
7054.0 1.012 1.012
5087.0 1.012 1.058
4242.0 1.058 1.376
5961.0 1.376 1.048
9481.0 1.048 1.0
12845.0 1.0 1.0
10987.0 1.0 1.0
6189.0 1.0 1.06
4176.0 1.06 1.529
4176.0 1.529 1.835
6044.0 1.835 1.391
10698.0 1.391 1.114
12500.0 1.114 1.0
11114.0 1.0 1.0
6400.0 1.0 1.048
4176.0 1.048 1.496
4607.0 1.496 1.796
6186.0 1.796 1.351
9042.0 1.351 1.179
8804.0 1.179 1.095
6400.0 1.095 1.117
4485.0 1.117 1.595
4176.0 1.595 1.914
5852.0 1.914 1.466
9878.0 1.466 1.211
11206.0 1.211 1.027
9598.0 1.027 1.0
4902.0 1.0 1.476
4226.0 1.476 1.771
5013.0 1.771 1.416
8075.0 1.416 1.253
8995.0 1.253 1.135
7023.0 1.135 1.133
5631.0 1.133 1.161
4176.0 1.161 1.64
4779.0 1.64 1.967
7019.0 1.967 1.415
11117.0 1.415 1.109
12199.0 1.109 1.0
10655.0 1.0 1.0
6277.0 1.0 1.054
4210.0 1.054 1.505
4218.0 1.505 1.807
5747.0 1.807 1.391
8659.0 1.391 1.203
8947.0 1.203 1.1
6825.0 1.1 1.107
4944.0 1.107 1.591
4296.0 1.591 2.082
4866.0 2.082 2.498
9182.0 2.498 1.85
12143.0 1.85 1.48
11468.0 1.48 1.308
7280.0 1.308 1.35
4176.0 1.35 1.935
4546.0 1.935 2.322
7322.0 2.322 1.875
9092.0 1.875 1.658
8426.0 1.658 1.567
6468.0 1.567 1.589
4176.0 1.589 2.261
4360.0 2.261 2.713
6128.0 2.713 2.048
9730.0 2.048 1.684
12394.0 1.684 1.321
11038.0 1.321 1.195
7990.0 1.195 1.192
4201.0 1.192 1.717
4471.0 1.717 2.06
6187.0 2.06 1.55
9159.0 1.55 1.319
10189.0 1.319 1.149
9397.0 1.149 1.071
6205.0 1.071 1.101
4199.0 1.101 1.566
4326.0 1.566 1.879
5735.0 1.879 1.448
10099.0 1.448 1.169
11871.0 1.169 1.0
10853.0 1.0 1.0
6895.0 1.0 1.027
4244.0 1.027 1.502
4240.0 1.502 1.802
5420.0 1.802 1.412
9822.0 1.412 1.152
11124.0 1.152 1.0
10156.0 1.0 1.0
6030.0 1.0 1.062
4212.0 1.062 1.51
4341.0 1.51 1.812
5886.0 1.812 1.385
9496.0 1.385 1.158
10402.0 1.158 1.01
8326.0 1.01 1.0
6179.0 1.0 1.019
4176.0 1.019 1.451
4636.0 1.451 1.741
6711.0 1.741 1.274
9693.0 1.274 1.09
10207.0 1.09 1.0
7807.0 1.0 1.0
5744.0 1.0 1.027
4176.0 1.027 1.453
4600.0 1.453 1.744
7271.0 1.744 1.237
10603.0 1.237 1.013
11473.0 1.013 1.0
8743.0 1.0 1.0
4197.0 1.0 1.478
4342.0 1.478 1.773
5513.0 1.773 1.382
9845.0 1.382 1.13
10809.0 1.13 1.0
8629.0 1.0 1.0
4176.0 1.0 1.448
4515.0 1.448 1.737
6155.0 1.737 1.309
9701.0 1.309 1.092
10575.0 1.092 1.0
8539.0 1.0 1.0
4245.0 1.0 1.47
4295.0 1.47 1.764
5941.0 1.764 1.345
9719.0 1.345 1.124
11017.0 1.124 1.0
9681.0 1.0 1.0
5555.0 1.0 1.078
4176.0 1.078 1.521
4852.0 1.521 1.825
7026.0 1.825 1.312
10706.0 1.312 1.058
11440.0 1.058 1.0
9084.0 1.0 1.0
4454.0 1.0 1.455
4261.0 1.455 1.746
5037.0 1.746 1.394
7457.0 1.394 1.268
7689.0 1.268 1.197
6129.0 1.197 1.204
5034.0 1.204 1.238
4194.0 1.238 1.743
4238.0 1.743 2.091
5271.0 2.091 1.65
9457.0 1.65 1.375
11737.0 1.375 1.129
11883.0 1.129 1.0
8847.0 1.0 1.0
4211.0 1.0 1.447
4622.0 1.447 1.736
6932.0 1.736 1.255
9718.0 1.255 1.064
9778.0 1.064 1.0
7418.0 1.0 1.0
5355.0 1.0 1.035
4176.0 1.035 1.457
5087.0 1.457 1.161
7943.0 1.161 1.027
10693.0 1.027 1.0
9609.0 1.0 1.0
5819.0 1.0 1.059
4280.0 1.059 1.499
4564.0 1.499 1.799
6826.0 1.799 1.308
10624.0 1.308 1.051
11650.0 1.051 1.0
9434.0 1.0 1.0
4804.0 1.0 1.491
4217.0 1.491 1.789
5043.0 1.789 1.428
9965.0 1.428 1.15
11829.0 1.15 1.0
10407.0 1.0 1.0
6029.0 1.0 1.053
4176.0 1.053 1.486
4551.0 1.486 1.783
6762.0 1.783 1.301
10308.0 1.301 1.081
10004.0 1.081 1.0
7312.0 1.0 1.009
5081.0 1.009 1.049
4270.0 1.049 1.364
5425.0 1.364 1.068
8138.0 1.068 1.0
10634.0 1.0 1.0
7936.0 1.0 1.0
5705.0 1.0 1.034
4176.0 1.034 1.461
5103.0 1.461 1.163
8143.0 1.163 1.0
10921.0 1.0 1.0
8979.0 1.0 1.0
4517.0 1.0 1.479
4487.0 1.479 1.775
6335.0 1.775 1.325
9499.0 1.325 1.121
10609.0 1.121 1.0
8811.0 1.0 1.0
4937.0 1.0 1.476
4381.0 1.476 1.771
5631.0 1.771 1.372
9701.0 1.372 1.128
10747.0 1.128 1.0
8287.0 1.0 1.0
6056.0 1.0 1.024
4195.0 1.024 1.455
4816.0 1.455 1.746
6570.0 1.746 1.287
9410.0 1.287 1.098
9472.0 1.098 1.0
7110.0 1.0 1.004
5299.0 1.004 1.033
4249.0 1.033 1.346
5480.0 1.346 1.051
9032.0 1.051 1.0
12948.0 1.0 1.0
11426.0 1.0 1.0
6964.0 1.0 1.047
4313.0 1.047 1.509
4323.0 1.509 1.811
5865.0 1.811 1.386
10647.0 1.386 1.105
13157.0 1.105 1.0
12069.0 1.0 1.0
7607.0 1.0 1.04
4872.0 1.04 1.53
4452.0 1.53 1.994
4829.0 1.994 2.392
8955.0 2.392 1.787
11634.0 1.787 1.428
11736.0 1.428 1.23
9650.0 1.23 1.17
5490.0 1.17 1.268
4249.0 1.268 1.796
4507.0 1.796 2.155
6020.0 2.155 1.636
9858.0 1.636 1.171
12470.0 1.171 1.0
11824.0 1.0 1.0
7614.0 1.0 1.03
4879.0 1.03 1.495
4176.0 1.495 1.945
4624.0 1.945 2.333
8116.0 2.333 1.821
9772.0 1.821 1.588
9127.0 1.588 1.477
6975.0 1.477 1.484
4439.0 1.484 2.141
4200.0 2.141 2.786
5250.0 2.786 2.201
8174.0 2.201 1.932
10520.0 1.932 1.635
10256.0 1.635 1.476
8742.0 1.476 1.42
5696.0 1.42 1.501
4176.0 1.501 2.168
4470.0 2.168 2.601
5748.0 2.601 2.003
8662.0 2.003 1.744
10459.0 1.744 1.495
9619.0 1.495 1.38
7309.0 1.38 1.383
4393.0 1.383 2.016
4291.0 2.016 2.419
6157.0 2.419 1.823
9421.0 1.823 1.544
11143.0 1.544 1.305
9685.0 1.305 1.221
6311.0 1.221 1.261
4600.0 1.261 1.835
4252.0 1.835 2.388
4511.0 2.388 2.865
7349.0 2.865 2.023
9845.0 2.023 1.713
10256.0 1.713 1.518
8147.0 1.518 1.484
5585.0 1.484 1.558
4302.0 1.558 2.211
4229.0 2.211 2.653
5995.0 2.653 2.017
8783.0 2.017 1.743
10583.0 1.743 1.5
9146.0 1.5 1.417
6786.0 1.417 1.451
4176.0 1.451 2.069
4497.0 2.069 2.483
7337.0 2.483 1.754
9647.0 1.754 1.506
9314.0 1.506 1.382
7418.0 1.382 1.369
4518.0 1.369 1.969
4290.0 1.969 2.363
6054.0 2.363 1.791
8732.0 1.791 1.562
9712.0 1.562 1.383
8306.0 1.383 1.329
5498.0 1.329 1.39
4176.0 1.39 1.97
4336.0 1.97 2.364
6764.0 2.364 1.724
9446.0 1.724 1.458
10820.0 1.458 1.242
9980.0 1.242 1.135
7212.0 1.135 1.148
5231.0 1.148 1.215
4200.0 1.215 1.582
5250.0 1.582 1.25
7640.0 1.25 1.0
9666.0 1.0 1.0
8732.0 1.0 1.0
4942.0 1.0 1.474
4370.0 1.474 1.769
5611.0 1.769 1.372
9499.0 1.372 1.14
10959.0 1.14 1.0
9499.0 1.0 1.0
5289.0 1.0 1.078
4258.0 1.078 1.517
5081.0 1.517 1.208
7239.0 1.208 1.0
11149.0 1.0 1.0
9375.0 1.0 1.0
4661.0 1.0 1.477
4297.0 1.477 1.772
5222.0 1.772 1.402
9130.0 1.402 1.174
10268.0 1.174 1.02
8224.0 1.02 1.0
6246.0 1.0 1.026
4212.0 1.026 1.464
4528.0 1.464 1.757
5648.0 1.757 1.36
9390.0 1.36 1.137
10746.0 1.137 1.0
9406.0 1.0 1.0
5112.0 1.0 1.061
4176.0 1.061 1.489
5271.0 1.489 1.175
7661.0 1.175 1.055
10417.0 1.055 1.0
7921.0 1.0 1.0
5774.0 1.0 1.027
4176.0 1.027 1.457
5028.0 1.457 1.164
7377.0 1.164 1.0
11255.0 1.0 1.0
9901.0 1.0 1.0
5187.0 1.0 1.089
4487.0 1.089 1.529
5887.0 1.529 1.169
9707.0 1.169 1.0
9201.0 1.0 1.0
5579.0 1.0 1.061
4242.0 1.061 1.497
5026.0 1.497 1.196
7785.0 1.196 1.0
11051.0 1.0 1.0
9445.0 1.0 1.0
4899.0 1.0 1.469
4243.0 1.469 1.763
5212.0 1.763 1.395
9320.0 1.395 1.159
10314.0 1.159 1.011
8338.0 1.011 1.0
6363.0 1.0 1.026
4197.0 1.026 1.462
4904.0 1.462 1.754
7526.0 1.754 1.226
9992.0 1.226 1.026
9906.0 1.026 1.0
7216.0 1.0 1.007
5153.0 1.007 1.051
4259.0 1.051 1.481
5533.0 1.481 1.153
8313.0 1.153 1.008
11555.0 1.008 1.0
10335.0 1.0 1.0
6125.0 1.0 1.055
4176.0 1.055 1.493
4193.0 1.493 1.792
5960.0 1.792 1.364
9718.0 1.364 1.13
11196.0 1.13 1.0
9854.0 1.0 1.0
5644.0 1.0 1.051
4206.0 1.051 1.373
5100.0 1.373 1.093
8104.0 1.093 1.0
11294.0 1.0 1.0
9772.0 1.0 1.0
5226.0 1.0 1.087
4176.0 1.087 1.53
6164.0 1.53 1.153
9400.0 1.153 1.0
8770.0 1.0 1.0
5232.0 1.0 1.052
4270.0 1.052 1.477
5734.0 1.477 1.139
9672.0 1.139 1.0
10290.0 1.0 1.0
7340.0 1.0 1.013
5109.0 1.013 1.075
4250.0 1.075 1.51
4731.0 1.51 1.812
7285.0 1.812 1.284
10393.0 1.284 1.059
10591.0 1.059 1.0
7917.0 1.0 1.0
5938.0 1.0 1.022
4234.0 1.022 1.45
4325.0 1.45 1.74
6228.0 1.74 1.307
9960.0 1.307 1.077
10890.0 1.077 1.0
8816.0 1.0 1.0
4606.0 1.0 1.464
4251.0 1.464 1.756
5284.0 1.756 1.385
9190.0 1.385 1.158
10266.0 1.158 1.011
8954.0 1.011 1.0
5102.0 1.0 1.056
4176.0 1.056 1.484
5412.0 1.484 1.163
8038.0 1.163 1.028
11068.0 1.028 1.0
9924.0 1.0 1.0
5882.0 1.0 1.064
4176.0 1.064 1.526
4558.0 1.526 1.831
6079.0 1.831 1.386
9287.0 1.386 1.192
9531.0 1.192 1.075
7205.0 1.075 1.076
5227.0 1.076 1.113
4257.0 1.113 1.564
5741.0 1.564 1.205
10143.0 1.205 1.0
11493.0 1.0 1.0
9215.0 1.0 1.0
4417.0 1.0 1.486
4272.0 1.486 1.783
5224.0 1.783 1.411
9358.0 1.411 1.169
11242.0 1.169 1.0
10144.0 1.0 1.0
5934.0 1.0 1.066
4176.0 1.066 1.514
4885.0 1.514 1.817
7538.0 1.817 1.269
10504.0 1.269 1.052
11052.0 1.052 1.0
8600.0 1.0 1.0
4327.0 1.0 1.472
4386.0 1.472 1.766
6542.0 1.766 1.304
9996.0 1.304 1.087
10982.0 1.087 1.0
8964.0 1.0 1.0
4502.0 1.0 1.479
4213.0 1.479 1.774
5220.0 1.774 1.404
9224.0 1.404 1.171
10714.0 1.171 1.001
9812.0 1.001 1.0
5958.0 1.0 1.057
4252.0 1.057 1.5
4758.0 1.5 1.8
6686.0 1.8 1.318
10822.0 1.318 1.055
11952.0 1.055 1.0
9882.0 1.0 1.0
5000.0 1.0 1.07
4251.0 1.07 1.391
5291.0 1.391 1.097
7787.0 1.097 1.0
10023.0 1.0 1.0
7073.0 1.0 1.016
4842.0 1.016 1.464
4391.0 1.464 1.757
5172.0 1.757 1.393
9498.0 1.393 1.146
11232.0 1.146 1.0
9094.0 1.0 1.0
4716.0 1.0 1.462
4234.0 1.462 1.754
5510.0 1.754 1.367
9654.0 1.367 1.129
11242.0 1.129 1.0
9806.0 1.0 1.0
5512.0 1.0 1.075
4285.0 1.075 1.517
4485.0 1.517 1.82
6728.0 1.82 1.33
10550.0 1.33 1.069
11628.0 1.069 1.0
9850.0 1.0 1.0
5388.0 1.0 1.059
4254.0 1.059 1.509
4980.0 1.509 1.811
7782.0 1.811 1.247
11052.0 1.247 1.0
12206.0 1.0 1.0
9424.0 1.0 1.0
4458.0 1.0 1.465
4297.0 1.465 1.757
5501.0 1.757 1.371
10167.0 1.371 1.099
12541.0 1.099 1.0
11363.0 1.0 1.0
6901.0 1.0 1.051
4250.0 1.051 1.506
4672.0 1.506 1.808
6624.0 1.808 1.329
9710.0 1.329 1.119
9678.0 1.119 1.015
7098.0 1.015 1.024
4992.0 1.024 1.476
4402.0 1.476 1.772
4644.0 1.772 2.126
6596.0 2.126 1.565
10074.0 1.565 1.283
11626.0 1.283 1.045
10640.0 1.045 1.0
6988.0 1.0 1.035
4589.0 1.035 1.49
4462.0 1.49 1.788
6184.0 1.788 1.346
10594.0 1.346 1.073
11898.0 1.073 1.0
9504.0 1.0 1.0
4790.0 1.0 1.492
4268.0 1.492 1.942
4880.0 1.942 2.331
8530.0 2.331 1.783
10258.0 1.783 1.515
9823.0 1.515 1.389
7829.0 1.389 1.369
4735.0 1.369 1.998
4229.0 1.998 2.605
5516.0 2.605 2.03
8606.0 2.03 1.762
10823.0 1.762 1.465
10217.0 1.465 1.325
8097.0 1.325 1.31
4501.0 1.31 1.925
4176.0 1.925 2.511
4464.0 2.511 3.014
6390.0 3.014 2.243
9657.0 2.243 1.878
9954.0 1.878 1.672
7881.0 1.672 1.644
5417.0 1.644 1.705
4248.0 1.705 2.224
4823.0 2.224 2.669
8651.0 2.669 2.027
11252.0 2.027 1.654
11855.0 1.654 1.408
9305.0 1.408 1.357
6041.0 1.357 1.435
4352.0 1.435 2.052
4360.0 2.052 2.462
5872.0 2.462 1.884
8336.0 1.884 1.461
9618.0 1.461 1.285
9224.0 1.285 1.185
7252.0 1.185 1.181
4188.0 1.181 1.692
4336.0 1.692 2.03
5811.0 2.03 1.558
10173.0 1.558 1.251
12099.0 1.251 1.021
11367.0 1.021 1.0
7595.0 1.0 1.023
4944.0 1.023 1.509
4308.0 1.509 1.81
5345.0 1.81 1.423
10209.0 1.423 1.132
12619.0 1.132 1.0
11299.0 1.0 1.0
6585.0 1.0 1.062
4243.0 1.062 1.549
4414.0 1.549 1.859
5765.0 1.859 1.43
9277.0 1.43 1.204
11073.0 1.204 1.015
9889.0 1.015 1.0
5925.0 1.0 1.061
4176.0 1.061 1.5
4498.0 1.5 1.8
6594.0 1.8 1.325
10394.0 1.325 1.072
11168.0 1.072 1.0
9094.0 1.0 1.0
4716.0 1.0 1.481
4314.0 1.481 1.777
5247.0 1.777 1.404
9771.0 1.404 1.142
11265.0 1.142 1.0
9999.0 1.0 1.0
5957.0 1.0 1.061
4176.0 1.061 1.507
4331.0 1.507 1.808
5614.0 1.808 1.402
9292.0 1.402 1.176
10096.0 1.176 1.035
7996.0 1.035 1.016
5967.0 1.016 1.037
4249.0 1.037 1.473
5078.0 1.473 1.173
7826.0 1.173 1.0
10902.0 1.0 1.0
9044.0 1.0 1.0
4582.0 1.0 1.46
4223.0 1.46 1.752
5662.0 1.752 1.355
9964.0 1.355 1.103
11444.0 1.103 1.0
9820.0 1.0 1.0
5526.0 1.0 1.078
4184.0 1.078 1.407
4924.0 1.407 1.688
7739.0 1.688 1.337
10919.0 1.337 1.09
11301.0 1.09 1.0
8817.0 1.0 1.0
4363.0 1.0 1.454
4999.0 1.454 1.745
7170.0 1.745 1.244
9920.0 1.244 1.052
10036.0 1.052 1.0
7336.0 1.0 1.006
5273.0 1.006 1.059
4254.0 1.059 1.49
4911.0 1.49 1.788
7725.0 1.788 1.235
10707.0 1.235 1.017
10975.0 1.017 1.0
7969.0 1.0 1.0
5906.0 1.0 1.041
4262.0 1.041 1.476
4437.0 1.476 1.771
6526.0 1.771 1.309
9672.0 1.309 1.102
10374.0 1.102 1.0
8148.0 1.0 1.0
6169.0 1.0 1.017
4189.0 1.017 1.447
4461.0 1.447 1.737
6185.0 1.737 1.307
9897.0 1.307 1.08
10665.0 1.08 1.0
8465.0 1.0 1.0
4176.0 1.0 1.465
4716.0 1.465 1.758
6845.0 1.758 1.277
9163.0 1.277 1.118
9033.0 1.118 1.032
7025.0 1.032 1.03
5141.0 1.03 1.079
4180.0 1.079 1.405
5604.0 1.405 1.09
8242.0 1.09 1.0
9874.0 1.0 1.0
7680.0 1.0 1.0
5701.0 1.0 1.025
4226.0 1.025 1.45
4906.0 1.45 1.74
7228.0 1.74 1.237
9110.0 1.237 1.084
8470.0 1.084 1.017
5820.0 1.017 1.047
4248.0 1.047 1.482
4272.0 1.482 1.778
6299.0 1.778 1.33
9397.0 1.33 1.134
9967.0 1.134 1.008
7835.0 1.008 1.0
5927.0 1.0 1.029
4177.0 1.029 1.459
5299.0 1.459 1.15
7657.0 1.15 1.033
10099.0 1.033 1.0
8365.0 1.0 1.0
6386.0 1.0 1.027
4239.0 1.027 1.49
4354.0 1.49 1.788
6498.0 1.788 1.324
8980.0 1.324 1.159
9824.0 1.159 1.031
8094.0 1.031 1.007
6370.0 1.007 1.015
4448.0 1.015 1.447
4678.0 1.447 1.737
6990.0 1.737 1.251
10452.0 1.251 1.017
10558.0 1.017 1.0
7470.0 1.0 1.01
5155.0 1.01 1.055
4225.0 1.055 1.479
5834.0 1.479 1.134
10204.0 1.134 1.0
10846.0 1.0 1.0
7812.0 1.0 1.005
5665.0 1.005 1.054
4352.0 1.054 1.489
4571.0 1.489 1.787
6880.0 1.787 1.295
10280.0 1.295 1.065
11014.0 1.065 1.0
8846.0 1.0 1.0
4468.0 1.0 1.476
4347.0 1.476 1.772
5430.0 1.772 1.387
9670.0 1.387 1.139
11180.0 1.139 1.0
9872.0 1.0 1.0
5830.0 1.0 1.063
4257.0 1.063 1.506
4376.0 1.506 1.807
5737.0 1.807 1.392
9239.0 1.392 1.176
10543.0 1.176 1.014
9275.0 1.014 1.0
5387.0 1.0 1.068
4227.0 1.068 1.503
5547.0 1.503 1.17
8244.0 1.17 1.0
10770.0 1.0 1.0
9248.0 1.0 1.0
5038.0 1.0 1.063
4176.0 1.063 1.382
5511.0 1.382 1.078
8724.0 1.078 1.0
11610.0 1.0 1.0
10340.0 1.0 1.0
6046.0 1.0 1.064
4335.0 1.064 1.511
4588.0 1.511 1.813
6390.0 1.813 1.35
10262.0 1.35 1.102
11522.0 1.102 1.0
9628.0 1.0 1.0
5250.0 1.0 1.062
4212.0 1.062 1.493
5393.0 1.493 1.171
8135.0 1.171 1.033
11261.0 1.033 1.0
9937.0 1.0 1.0
5727.0 1.0 1.07
4327.0 1.07 1.514
5263.0 1.514 1.196
7665.0 1.196 1.074
9579.0 1.074 1.0
8463.0 1.0 1.0
4925.0 1.0 1.454
4256.0 1.454 1.745
5418.0 1.745 1.367
9426.0 1.367 1.137
9914.0 1.137 1.016
7572.0 1.016 1.011
5561.0 1.011 1.039
4176.0 1.039 1.467
5362.0 1.467 1.153
8005.0 1.153 1.019
10231.0 1.019 1.0
8513.0 1.0 1.0
4387.0 1.0 1.471
4479.0 1.471 1.766
6634.0 1.766 1.297
9162.0 1.297 1.12
9662.0 1.12 1.003
7680.0 1.003 1.0
5638.0 1.0 1.026
4188.0 1.026 1.451
5142.0 1.451 1.153
7637.0 1.153 1.0
11125.0 1.0 1.0
9519.0 1.0 1.0
5477.0 1.0 1.072
4289.0 1.072 1.512
5667.0 1.512 1.169
9273.0 1.169 1.0
9939.0 1.0 1.0
7325.0 1.0 1.0
5262.0 1.0 1.038
4178.0 1.038 1.462
5200.0 1.462 1.158
7571.0 1.158 1.0
10621.0 1.0 1.0
7839.0 1.0 1.0
5524.0 1.0 1.034
4176.0 1.034 1.459
5221.0 1.459 1.154
7914.0 1.154 1.0
10662.0 1.0 1.0
10064.0 1.0 1.0
5854.0 1.0 1.066
4322.0 1.066 1.51
4701.0 1.51 1.812
7088.0 1.812 1.299
10534.0 1.299 1.063
11216.0 1.063 1.0
9176.0 1.0 1.0
4714.0 1.0 1.483
4360.0 1.483 1.78
5301.0 1.78 1.403
9837.0 1.403 1.138
11735.0 1.138 1.0
10667.0 1.0 1.0
6625.0 1.0 1.048
4176.0 1.048 1.504
4386.0 1.504 1.804
5488.0 1.804 1.408
9816.0 1.408 1.146
11006.0 1.146 1.0
8860.0 1.0 1.0
4176.0 1.0 1.45
4322.0 1.45 1.74
6139.0 1.74 1.312
9615.0 1.312 1.097
11107.0 1.097 1.0
9487.0 1.0 1.0
5277.0 1.0 1.078
4304.0 1.078 1.514
6222.0 1.514 1.137
10270.0 1.137 1.0
11460.0 1.0 1.0
8678.0 1.0 1.0
4300.0 1.0 1.453
4435.0 1.453 1.744
6265.0 1.744 1.307
10015.0 1.307 1.076
11449.0 1.076 1.0
9697.0 1.0 1.0
5151.0 1.0 1.063
4191.0 1.063 1.493
5146.0 1.493 1.186
7468.0 1.186 1.0
10272.0 1.0 1.0
8078.0 1.0 1.0
6015.0 1.0 1.022
4298.0 1.022 1.452
4627.0 1.452 1.743
7294.0 1.743 1.234
10702.0 1.234 1.008
11628.0 1.008 1.0
8902.0 1.0 1.0
4272.0 1.0 1.478
4367.0 1.478 1.773
6042.0 1.773 1.345
9786.0 1.345 1.115
11334.0 1.115 1.0
9954.0 1.0 1.0
5660.0 1.0 1.054
4214.0 1.054 1.489
4507.0 1.489 1.787
6815.0 1.787 1.3
9961.0 1.3 1.09
9731.0 1.09 1.0
6833.0 1.0 1.023
4770.0 1.023 1.466
4298.0 1.466 1.759
5986.0 1.759 1.338
10072.0 1.338 1.088
11806.0 1.088 1.0
10564.0 1.0 1.0
6102.0 1.0 1.067
4313.0 1.067 1.51
4446.0 1.51 1.812
6160.0 1.812 1.365
10024.0 1.365 1.121
11176.0 1.121 1.0
9630.0 1.0 1.0
5252.0 1.0 1.084
4253.0 1.084 1.525
5201.0 1.525 1.208
7809.0 1.208 1.076
11627.0 1.076 1.0
11135.0 1.0 1.0
7261.0 1.0 1.027
4694.0 1.027 1.51
4250.0 1.51 1.965
4947.0 1.965 2.358
8949.0 2.358 1.752
10635.0 1.752 1.492
9951.0 1.492 1.364
7783.0 1.364 1.36
4641.0 1.36 1.99
4215.0 1.99 2.597
4265.0 2.597 3.116
5907.0 3.116 2.38
8949.0 2.38 2.032
9894.0 2.032 1.787
8427.0 1.787 1.717
6447.0 1.717 1.755
4223.0 1.755 2.505
4237.0 2.505 3.005
6143.0 3.005 2.267
9641.0 2.267 1.878
11735.0 1.878 1.539
11009.0 1.539 1.371
7394.0 1.371 1.392
4176.0 1.392 2.004
4250.0 2.004 2.404
6990.0 2.404 1.732
10044.0 1.732 1.429
12213.0 1.429 1.166
9519.0 1.166 1.125
5703.0 1.125 1.205
4220.0 1.205 1.741
4471.0 1.741 2.089
6004.0 2.089 1.588
9510.0 1.588 1.326
11132.0 1.326 1.117
10398.0 1.117 1.011
7292.0 1.011 1.027
4988.0 1.027 1.484
4176.0 1.484 1.781
4523.0 1.781 2.137
6164.0 2.137 1.61
9180.0 1.61 1.368
10532.0 1.368 1.172
9686.0 1.172 1.081
7200.0 1.081 1.086
5095.0 1.086 1.15
4247.0 1.15 1.614
5186.0 1.614 1.279
7679.0 1.279 1.145
10345.0 1.145 1.0
10125.0 1.0 1.0
7175.0 1.0 1.011
5028.0 1.011 1.074
4579.0 1.074 1.396
6622.0 1.396 1.026
11824.0 1.026 1.0
12664.0 1.0 1.0
8874.0 1.0 1.0
4209.0 1.0 1.451
4864.0 1.451 1.741
7526.0 1.741 1.393
9498.0 1.393 1.205
9300.0 1.205 1.106
6614.0 1.106 1.121
4857.0 1.121 1.612
4277.0 1.612 1.934
4610.0 1.934 2.321
8726.0 2.321 1.757
11246.0 1.757 1.446
11018.0 1.446 1.279
8742.0 1.279 1.245
5278.0 1.245 1.337
4251.0 1.337 1.888
4837.0 1.888 2.266
8069.0 2.266 1.767
8897.0 1.767 1.589
8405.0 1.589 1.506
6171.0 1.506 1.546
4201.0 1.546 2.193
4754.0 2.193 2.632
8392.0 2.632 2.023
11281.0 2.023 1.615
11437.0 1.615 1.403
8179.0 1.403 1.406
4539.0 1.406 2.038
4214.0 2.038 2.446
5865.0 2.446 1.872
9123.0 1.872 1.597
11127.0 1.597 1.325
9621.0 1.325 1.242
6443.0 1.242 1.29
4682.0 1.29 1.878
4290.0 1.878 2.447
4433.0 2.447 2.936
6853.0 2.936 2.131
10486.0 2.131 1.732
11449.0 1.732 1.466
9919.0 1.466 1.367
7211.0 1.367 1.383
4176.0 1.383 1.984
4365.0 1.984 2.381
7443.0 2.381 1.672
10914.0 1.672 1.36
10965.0 1.36 1.203
8709.0 1.203 1.174
4915.0 1.174 1.741
4321.0 1.741 2.265
4678.0 2.265 2.718
8054.0 2.718 2.121
10742.0 2.121 1.753
10388.0 1.753 1.57
7781.0 1.57 1.557
4913.0 1.557 2.259
4289.0 2.259 2.958
4999.0 2.958 3.549
8359.0 3.549 2.362
11607.0 2.362 1.854
11671.0 1.854 1.603
9094.0 1.603 1.563
6032.0 1.563 1.617
4176.0 1.617 2.118
4261.0 2.118 2.542
7793.0 2.542 2.007
10844.0 2.007 1.659
10400.0 1.659 1.49
6881.0 1.49 1.536
4214.0 1.536 2.198
4320.0 2.198 2.637
6714.0 2.637 1.929
10209.0 1.929 1.589
11100.0 1.589 1.362
8841.0 1.362 1.319
5765.0 1.319 1.395
4246.0 1.395 1.983
4340.0 1.983 2.379
6142.0 2.379 1.795
9458.0 1.795 1.5
11216.0 1.5 1.266
10538.0 1.266 1.138
7772.0 1.138 1.151
4185.0 1.151 1.654
4378.0 1.654 1.985
5907.0 1.985 1.516
9659.0 1.516 1.262
11449.0 1.262 1.051
10493.0 1.051 1.0
6933.0 1.0 1.022
4702.0 1.022 1.486
4268.0 1.486 1.784
5492.0 1.784 1.392
9964.0 1.392 1.127
11938.0 1.127 1.0
10052.0 1.0 1.0
5254.0 1.0 1.091
4279.0 1.091 1.422
5722.0 1.422 1.096
8852.0 1.096 1.0
13938.0 1.0 1.0
12584.0 1.0 1.0
7450.0 1.0 1.045
4295.0 1.045 1.548
4228.0 1.548 1.858
4901.0 1.858 2.23
7653.0 2.23 1.547
8889.0 1.547 1.385
8469.0 1.385 1.301
6181.0 1.301 1.331
4644.0 1.331 1.902
4176.0 1.902 2.48
4627.0 2.48 2.976
7223.0 2.976 2.116
10889.0 2.116 1.705
12101.0 1.705 1.419
10178.0 1.419 1.324
7174.0 1.324 1.362
4235.0 1.362 1.951
4355.0 1.951 2.341
8043.0 2.341 1.831
12171.0 1.831 1.411
12864.0 1.411 1.167
9267.0 1.167 1.154
4875.0 1.154 1.697
4446.0 1.697 2.21
4279.0 2.21 2.651
7217.0 2.651 2.156
9083.0 2.156 1.894
8333.0 1.894 1.796
6723.0 1.796 1.795
4875.0 1.795 2.573
4710.0 2.573 3.087
7384.0 3.087 2.176
10852.0 2.176 1.754
11887.0 1.754 1.473
10375.0 1.473 1.362
7727.0 1.362 1.374
4193.0 1.374 1.993
4451.0 1.993 2.391
6809.0 2.391 1.74
10579.0 1.74 1.39
12058.0 1.39 1.163
10912.0 1.163 1.058
6712.0 1.058 1.11
4294.0 1.11 1.62
4261.0 1.62 1.944
5094.0 1.944 1.548
8078.0 1.548 1.362
9006.0 1.362 1.214
7778.0 1.214 1.176
4860.0 1.176 1.697
4275.0 1.697 2.036
5177.0 2.036 1.615
9733.0 1.615 1.317
12373.0 1.317 1.029
12315.0 1.029 1.0
9001.0 1.0 1.0
4228.0 1.0 1.459
4250.0 1.459 1.751
5432.0 1.751 1.37
9306.0 1.37 1.149
9914.0 1.149 1.022
7636.0 1.022 1.015
5588.0 1.015 1.046
4245.0 1.046 1.476
5535.0 1.476 1.149
8799.0 1.149 1.0
11651.0 1.0 1.0
10297.0 1.0 1.0
6087.0 1.0 1.062
4356.0 1.062 1.51
4586.0 1.51 1.812
6720.0 1.812 1.325
10080.0 1.325 1.1
10936.0 1.1 1.0
8762.0 1.0 1.0
4384.0 1.0 1.476
4763.0 1.476 1.771
7186.0 1.771 1.262
10246.0 1.262 1.041
10716.0 1.041 1.0
8424.0 1.0 1.0
6361.0 1.0 1.027
4244.0 1.027 1.463
4372.0 1.463 1.755
6493.0 1.755 1.299
10391.0 1.299 1.051
12005.0 1.051 1.0
10385.0 1.0 1.0
5755.0 1.0 1.083
4269.0 1.083 1.526
4450.0 1.526 1.831
6809.0 1.831 1.332
10265.0 1.332 1.084
11443.0 1.084 1.0
9551.0 1.0 1.0
5173.0 1.0 1.064
4331.0 1.064 1.495
5661.0 1.495 1.156
10317.0 1.156 1.0
10655.0 1.0 1.0
6949.0 1.0 1.023
4466.0 1.023 1.473
4354.0 1.473 1.768
5592.0 1.768 1.372
10400.0 1.372 1.094
12286.0 1.094 1.0
11126.0 1.0 1.0
6916.0 1.0 1.048
4265.0 1.048 1.511
4295.0 1.511 1.813
5675.0 1.813 1.401
9627.0 1.401 1.158
11347.0 1.158 1.0
10201.0 1.0 1.0
6159.0 1.0 1.058
4198.0 1.058 1.505
4484.0 1.505 1.806
6347.0 1.806 1.347
10265.0 1.347 1.097
11335.0 1.097 1.0
8789.0 1.0 1.0
4176.0 1.0 1.454
4851.0 1.454 1.745
6685.0 1.745 1.278
9351.0 1.278 1.11
9573.0 1.11 1.0
7115.0 1.0 1.0
5139.0 1.0 1.034
4176.0 1.034 1.455
5640.0 1.455 1.127
8571.0 1.127 1.0
11721.0 1.0 1.0
10283.0 1.0 1.0
5989.0 1.0 1.07
4231.0 1.07 1.512
4497.0 1.512 1.814
6133.0 1.814 1.369
9335.0 1.369 1.158
9677.0 1.158 1.042
7187.0 1.042 1.049
5210.0 1.049 1.09
4272.0 1.09 1.419
5591.0 1.419 1.101
8961.0 1.101 1.0
11933.0 1.0 1.0
10663.0 1.0 1.0
6201.0 1.0 1.067
4224.0 1.067 1.512
4436.0 1.512 1.815
5906.0 1.815 1.386
9616.0 1.386 1.162
10950.0 1.162 1.0
9592.0 1.0 1.0
5466.0 1.0 1.058
4264.0 1.058 1.487
4990.0 1.487 1.785
7542.0 1.785 1.246
11348.0 1.246 1.0
12156.0 1.0 1.0
9458.0 1.0 1.0
4576.0 1.0 1.466
4219.0 1.466 1.759
5309.0 1.759 1.386
9649.0 1.386 1.134
11819.0 1.134 1.0
10945.0 1.0 1.0
6735.0 1.0 1.05
4210.0 1.05 1.506
4276.0 1.506 1.808
5809.0 1.808 1.388
9903.0 1.388 1.137
11001.0 1.137 1.0
9161.0 1.0 1.0
4867.0 1.0 1.483
4547.0 1.483 1.78
5656.0 1.78 1.377
9856.0 1.377 1.125
11448.0 1.125 1.0
10212.0 1.0 1.0
6002.0 1.0 1.066
4201.0 1.066 1.516
4978.0 1.516 1.819
7469.0 1.819 1.275
11033.0 1.275 1.024
11479.0 1.024 1.0
8761.0 1.0 1.0
4252.0 1.0 1.475
4631.0 1.475 1.77
6885.0 1.77 1.283
10529.0 1.283 1.045
11553.0 1.045 1.0
9249.0 1.0 1.0
4787.0 1.0 1.486
4176.0 1.486 1.784
5567.0 1.784 1.387
10123.0 1.387 1.114
12219.0 1.114 1.0
10991.0 1.0 1.0
6697.0 1.0 1.053
4176.0 1.053 1.514
4529.0 1.514 1.816
6340.0 1.816 1.356
9722.0 1.356 1.134
10280.0 1.134 1.001
7980.0 1.001 1.0
5924.0 1.0 1.022
4252.0 1.022 1.45
4801.0 1.45 1.741
7545.0 1.741 1.215
11279.0 1.215 1.0
12329.0 1.0 1.0
9631.0 1.0 1.0
4833.0 1.0 1.47
4361.0 1.47 1.763
4661.0 1.763 2.116
6423.0 2.116 1.572
9191.0 1.572 1.343
9619.0 1.343 1.201
7955.0 1.201 1.17
4811.0 1.17 1.69
4293.0 1.69 2.028
5648.0 2.028 1.569
10084.0 1.569 1.274
12592.0 1.274 1.018
12100.0 1.018 1.0
7940.0 1.0 1.017
5205.0 1.017 1.092
4207.0 1.092 1.532
5445.0 1.532 1.199
7829.0 1.199 1.0
9779.0 1.0 1.0
7585.0 1.0 1.0
5774.0 1.0 1.02
4302.0 1.02 1.437
4817.0 1.437 1.724
7253.0 1.724 1.224
11565.0 1.224 1.0
12041.0 1.0 1.0
8251.0 1.0 1.009
5684.0 1.009 1.072
4207.0 1.072 1.511
4742.0 1.511 1.813
7215.0 1.813 1.29
9825.0 1.29 1.094
9577.0 1.094 1.0
6737.0 1.0 1.016
4674.0 1.016 1.455
4193.0 1.455 1.746
5378.0 1.746 1.371
9562.0 1.371 1.145
11262.0 1.145 1.0
10034.0 1.0 1.0
5824.0 1.0 1.07
4176.0 1.07 1.52
4880.0 1.52 1.824
7640.0 1.824 1.267
11568.0 1.267 1.005
12176.0 1.005 1.0
9228.0 1.0 1.0
4262.0 1.0 1.485
4381.0 1.485 1.782
5918.0 1.782 1.361
9880.0 1.361 1.119
10818.0 1.119 1.0
8738.0 1.0 1.0
4276.0 1.0 1.475
4468.0 1.475 1.77
6218.0 1.77 1.33
10452.0 1.33 1.071
11526.0 1.071 1.0
9022.0 1.0 1.0
4308.0 1.0 1.482
4396.0 1.482 1.778
6422.0 1.778 1.321
9604.0 1.321 1.113
10340.0 1.113 1.0
8258.0 1.0 1.0
6195.0 1.0 1.018
4227.0 1.018 1.451
4973.0 1.451 1.741
7552.0 1.741 1.215
11542.0 1.215 1.0
12592.0 1.0 1.0
9642.0 1.0 1.0
4424.0 1.0 1.468
4423.0 1.468 1.762
5389.0 1.762 1.382
9071.0 1.382 1.179
9865.0 1.179 1.047
7803.0 1.047 1.031
5865.0 1.031 1.053
4176.0 1.053 1.493
4642.0 1.493 1.791
7299.0 1.791 1.268
10971.0 1.268 1.018
11931.0 1.018 1.0
9539.0 1.0 1.0
4825.0 1.0 1.468
4271.0 1.468 1.762
4902.0 1.762 2.114
8838.0 2.114 1.584
10377.0 1.584 1.37
9035.0 1.37 1.299
6023.0 1.299 1.358
4176.0 1.358 1.93
4222.0 1.93 2.316
4877.0 2.316 2.779
7831.0 2.779 2.192
10138.0 2.192 1.853
9919.0 1.853 1.669
8086.0 1.669 1.634
5522.0 1.634 1.719
4294.0 1.719 2.243
5092.0 2.243 1.787
8230.0 1.787 1.56
10954.0 1.56 1.283
10165.0 1.283 1.168
7331.0 1.168 1.188
4240.0 1.188 1.694
4796.0 1.694 2.033
6865.0 2.033 1.475
9979.0 1.475 1.218
11121.0 1.218 1.038
8923.0 1.038 1.003
4327.0 1.003 1.46
4426.0 1.46 1.752
6536.0 1.752 1.294
10416.0 1.294 1.051
11722.0 1.051 1.0
9752.0 1.0 1.0
5122.0 1.0 1.091
4365.0 1.091 1.419
5038.0 1.419 1.133
7821.0 1.133 1.008
10551.0 1.008 1.0
7981.0 1.0 1.0
5666.0 1.0 1.033
4176.0 1.033 1.461
4824.0 1.461 1.753
7274.0 1.753 1.243
9986.0 1.243 1.046
9584.0 1.046 1.0
6528.0 1.0 1.03
4381.0 1.03 1.47
4373.0 1.47 1.764
5766.0 1.764 1.357
9964.0 1.357 1.106
11710.0 1.106 1.0
10288.0 1.0 1.0
5826.0 1.0 1.074
4176.0 1.074 1.513
4610.0 1.513 1.816
6168.0 1.816 1.368
9716.0 1.368 1.138
10218.0 1.138 1.003
8470.0 1.003 1.0
4646.0 1.0 1.454
4779.0 1.454 1.745
7032.0 1.745 1.254
9444.0 1.254 1.088
9242.0 1.088 1.0
6726.0 1.0 1.01
4831.0 1.01 1.449
4246.0 1.449 1.739
5015.0 1.739 1.39
9577.0 1.39 1.149
11617.0 1.149 1.0
10685.0 1.0 1.0
6727.0 1.0 1.038
4230.0 1.038 1.512
4306.0 1.512 1.815
5020.0 1.815 1.45
8730.0 1.45 1.241
10270.0 1.241 1.078
9340.0 1.078 1.002
5848.0 1.002 1.044
4206.0 1.044 1.472
4279.0 1.472 1.767
6353.0 1.767 1.318
10565.0 1.318 1.056
12191.0 1.056 1.0
10305.0 1.0 1.0
5423.0 1.0 1.09
4221.0 1.09 1.536
5745.0 1.536 1.183
9779.0 1.183 1.0
10447.0 1.0 1.0
7917.0 1.0 1.0
5854.0 1.0 1.025
4176.0 1.025 1.446
4957.0 1.446 1.736
7853.0 1.736 1.191
11309.0 1.191 1.0
12323.0 1.0 1.0
9205.0 1.0 1.0
4239.0 1.0 1.46
4469.0 1.46 1.752
5991.0 1.752 1.332
10963.0 1.332 1.037
13147.0 1.037 1.0
11477.0 1.0 1.0
6679.0 1.0 1.062
4176.0 1.062 1.522
4478.0 1.522 1.826
5983.0 1.826 1.389
10425.0 1.389 1.128
12459.0 1.128 1.0
11089.0 1.0 1.0
6543.0 1.0 1.061
4176.0 1.061 1.519
4455.0 1.519 1.823
6286.0 1.823 1.364
9618.0 1.364 1.145
10844.0 1.145 1.0
9196.0 1.0 1.0
5070.0 1.0 1.082
4412.0 1.082 1.516
6685.0 1.516 1.111
11251.0 1.111 1.0
12591.0 1.0 1.0
9725.0 1.0 1.0
4759.0 1.0 1.472
4597.0 1.472 1.767
6251.0 1.767 1.325
10967.0 1.325 1.038
12495.0 1.038 1.0
10081.0 1.0 1.0
5199.0 1.0 1.094
4255.0 1.094 1.537
5137.0 1.537 1.221
7284.0 1.221 1.0
10416.0 1.0 1.0
9146.0 1.0 1.0
5188.0 1.0 1.058
4257.0 1.058 1.378
5519.0 1.378 1.074
8797.0 1.074 1.0
11543.0 1.0 1.0
9517.0 1.0 1.0
4887.0 1.0 1.492
4417.0 1.492 1.942
5139.0 1.942 1.543
8873.0 1.543 1.152
10357.0 1.152 1.0
9465.0 1.0 1.0
5843.0 1.0 1.04
4212.0 1.04 1.475
4420.0 1.475 1.77
6588.0 1.77 1.303
9558.0 1.303 1.12
9364.0 1.12 1.03
7044.0 1.03 1.036
5139.0 1.036 1.07
4176.0 1.07 1.507
5100.0 1.507 1.199
7558.0 1.199 1.0
10860.0 1.0 1.0
7574.0 1.0 1.01
5259.0 1.01 1.052
4310.0 1.052 1.478
5771.0 1.478 1.137
11055.0 1.137 1.0
11479.0 1.0 1.0
8193.0 1.0 1.0
5626.0 1.0 1.051
4176.0 1.051 1.507
4681.0 1.507 1.808
6802.0 1.808 1.316
9890.0 1.316 1.115
10156.0 1.115 1.0
7858.0 1.0 1.0
5879.0 1.0 1.036
4219.0 1.036 1.46
4390.0 1.46 1.752
6415.0 1.752 1.302
10043.0 1.302 1.074
10173.0 1.074 1.0
6713.0 1.0 1.034
4398.0 1.034 1.501
4430.0 1.501 1.801
5404.0 1.801 1.412
9128.0 1.412 1.187
10518.0 1.187 1.021
9140.0 1.021 1.0
5354.0 1.0 1.051
4253.0 1.051 1.481
5559.0 1.481 1.151
8002.0 1.151 1.022
9876.0 1.022 1.0
7464.0 1.0 1.0
5149.0 1.0 1.043
4250.0 1.043 1.357
5569.0 1.357 1.055
8667.0 1.055 1.0
11211.0 1.0 1.0
9605.0 1.0 1.0
5143.0 1.0 1.068
4176.0 1.068 1.512
5366.0 1.512 1.187
8263.0 1.187 1.0
11001.0 1.0 1.0
8471.0 1.0 1.0
4253.0 1.0 1.446
4498.0 1.446 1.735
6718.0 1.735 1.269
9242.0 1.269 1.096
9280.0 1.096 1.0
7054.0 1.0 1.0
5075.0 1.0 1.04
4320.0 1.04 1.463
5857.0 1.463 1.12
11027.0 1.12 1.0
12077.0 1.0 1.0
9295.0 1.0 1.0
4202.0 1.0 1.458
4467.0 1.458 1.749
5392.0 1.749 1.372
9342.0 1.372 1.144
10804.0 1.144 1.0
8630.0 1.0 1.0
4262.0 1.0 1.458
4856.0 1.458 1.75
7128.0 1.75 1.251
10412.0 1.251 1.038
10768.0 1.038 1.0
7852.0 1.0 1.003
5621.0 1.003 1.04
4176.0 1.04 1.464
4594.0 1.464 1.757
6635.0 1.757 1.29
10121.0 1.29 1.069
11139.0 1.069 1.0
8935.0 1.0 1.0
4725.0 1.0 1.479
4273.0 1.479 1.775
5218.0 1.775 1.404
8886.0 1.404 1.19
10210.0 1.19 1.033
9368.0 1.033 1.0
5778.0 1.0 1.039
4176.0 1.039 1.47
5112.0 1.47 1.17
7683.0 1.17 1.0
11803.0 1.0 1.0
11205.0 1.0 1.0
7331.0 1.0 1.027
4680.0 1.027 1.51
4209.0 1.51 1.812
4881.0 1.812 2.175
8999.0 2.175 1.392
10871.0 1.392 1.176
10661.0 1.176 1.04
8139.0 1.04 1.022
4176.0 1.022 1.477
4776.0 1.477 1.772
6616.0 1.772 1.303
9934.0 1.303 1.088
10410.0 1.088 1.0
7824.0 1.0 1.0
5761.0 1.0 1.029
4208.0 1.029 1.45
4467.0 1.45 1.74
6370.0 1.74 1.297
9934.0 1.297 1.076
10094.0 1.076 1.0
6990.0 1.0 1.021
4675.0 1.021 1.481
4176.0 1.481 1.777
5414.0 1.777 1.392
9430.0 1.392 1.012
11320.0 1.012 1.0
10080.0 1.0 1.0
5870.0 1.0 1.066
4247.0 1.066 1.51
4942.0 1.51 1.812
7413.0 1.812 1.275
11027.0 1.275 1.029
11637.0 1.029 1.0
8575.0 1.0 1.0
4188.0 1.0 1.473
4681.0 1.473 1.768
6759.0 1.768 1.29
9383.0 1.29 1.112
9641.0 1.112 1.002
7471.0 1.002 1.0
5423.0 1.0 1.033
4230.0 1.033 1.455
5323.0 1.455 1.145
8420.0 1.145 1.0
11054.0 1.0 1.0
8692.0 1.0 1.0
4250.0 1.0 1.473
4384.0 1.473 1.768
6294.0 1.768 1.323
9758.0 1.323 1.102
9754.0 1.102 1.0
6774.0 1.0 1.023
4459.0 1.023 1.468
4469.0 1.468 1.762
5940.0 1.762 1.343
10128.0 1.343 1.091
11748.0 1.091 1.0
10130.0 1.0 1.0
5752.0 1.0 1.053
4176.0 1.053 1.491
4968.0 1.491 1.789
7366.0 1.789 1.262
10858.0 1.262 1.034
11246.0 1.034 1.0
8510.0 1.0 1.0
4180.0 1.0 1.44
4217.0 1.44 1.728
5658.0 1.728 1.337
9404.0 1.337 1.129
10626.0 1.129 1.0
9018.0 1.0 1.0
4976.0 1.0 1.482
4176.0 1.482 1.778
5147.0 1.778 1.412
9925.0 1.412 1.142
12157.0 1.142 1.0
11049.0 1.0 1.0
7343.0 1.0 1.027
4692.0 1.027 1.507
4245.0 1.507 1.808
4939.0 1.808 2.17
8785.0 2.17 1.638
10882.0 1.638 1.356
9100.0 1.356 1.295
5880.0 1.295 1.346
4251.0 1.346 1.903
4462.0 1.903 2.283
7090.0 2.283 1.865
10106.0 1.865 1.536
11552.0 1.536 1.292
9419.0 1.292 1.233
5837.0 1.233 1.31
4231.0 1.31 1.852
4179.0 1.852 2.223
5361.0 2.223 1.746
8933.0 1.746 1.489
10765.0 1.489 1.264
11175.0 1.264 1.098
8643.0 1.098 1.072
4759.0 1.072 1.584
4331.0 1.584 1.901
6056.0 1.901 1.441
9686.0 1.441 1.189
11652.0 1.189 1.0
10546.0 1.0 1.0
6504.0 1.0 1.05
4302.0 1.05 1.501
4434.0 1.501 1.802
6032.0 1.802 1.367
9674.0 1.367 1.139
11006.0 1.139 1.0
9444.0 1.0 1.0
5318.0 1.0 1.055
4303.0 1.055 1.482
5434.0 1.482 1.16
8135.0 1.16 1.023
11127.0 1.023 1.0
8723.0 1.0 1.0
4176.0 1.0 1.461
4360.0 1.461 1.753
6306.0 1.753 1.311
9774.0 1.311 1.097
10074.0 1.097 1.0
7440.0 1.0 1.004
5209.0 1.004 1.046
4286.0 1.046 1.477
5239.0 1.477 1.167
7836.0 1.167 1.0
10836.0 1.0 1.0
9398.0 1.0 1.0
5272.0 1.0 1.063
4189.0 1.063 1.493
4973.0 1.493 1.792
7296.0 1.792 1.269
10216.0 1.269 1.061
11098.0 1.061 1.0
8532.0 1.0 1.0
4307.0 1.0 1.45
4422.0 1.45 1.74
6158.0 1.74 1.312
10564.0 1.312 1.052
11880.0 1.052 1.0
9842.0 1.0 1.0
4876.0 1.0 1.491
4202.0 1.491 1.789
5507.0 1.789 1.395
9249.0 1.395 1.17
10155.0 1.17 1.026
7979.0 1.026 1.009
6046.0 1.009 1.028
4176.0 1.028 1.455
5325.0 1.455 1.145
8086.0 1.145 1.008
10464.0 1.008 1.0
9250.0 1.0 1.0
5208.0 1.0 1.058
4343.0 1.058 1.485
5561.0 1.485 1.155
8188.0 1.155 1.018
10776.0 1.018 1.0
8970.0 1.0 1.0
4928.0 1.0 1.48
4329.0 1.48 1.776
6015.0 1.776 1.349
9357.0 1.349 1.136
10777.0 1.136 1.0
9095.0 1.0 1.0
5053.0 1.0 1.08
4541.0 1.08 1.513
5872.0 1.513 1.158
9574.0 1.158 1.0
10268.0 1.0 1.0
7570.0 1.0 1.003
5339.0 1.003 1.043
4291.0 1.043 1.481
4641.0 1.481 1.777
7253.0 1.777 1.261
9757.0 1.261 1.075
9551.0 1.075 1.0
6935.0 1.0 1.014
4956.0 1.014 1.475
4316.0 1.475 1.77
4936.0 1.77 2.124
8914.0 2.124 1.599
10255.0 1.599 1.39
10107.0 1.39 1.255
7445.0 1.255 1.266
4320.0 1.266 1.821
4641.0 1.821 2.185
7711.0 2.185 1.739
9303.0 1.739 1.52
9163.0 1.52 1.385
7707.0 1.385 1.353
5169.0 1.353 1.407
4202.0 1.407 1.98
4811.0 1.98 2.376
7957.0 2.376 1.858
8803.0 1.858 1.692
7859.0 1.692 1.632
5517.0 1.632 1.703
4199.0 1.703 2.397
4316.0 2.397 2.877
6090.0 2.877 2.176
9378.0 2.176 1.836
10248.0 1.836 1.608
8706.0 1.608 1.536
6432.0 1.536 1.577
4198.0 1.577 2.246
4434.0 2.246 2.695
6488.0 2.695 1.996
10106.0 1.996 1.638
10763.0 1.638 1.424
8819.0 1.424 1.371
5779.0 1.371 1.43
4176.0 1.43 2.065
4459.0 2.065 2.478
7113.0 2.478 1.773
9990.0 1.773 1.498
9891.0 1.498 1.351
8187.0 1.351 1.316
5171.0 1.316 1.377
4201.0 1.377 1.793
4494.0 1.793 2.152
6167.0 2.152 1.621
9655.0 1.621 1.343
10739.0 1.343 1.157
9415.0 1.157 1.083
6241.0 1.083 1.114
4176.0 1.114 1.616
4442.0 1.616 1.939
6187.0 1.939 1.459
8647.0 1.459 1.273
9501.0 1.273 1.135
7909.0 1.135 1.104
5029.0 1.104 1.159
4233.0 1.159 1.629
5452.0 1.629 1.274
8860.0 1.274 1.091
9290.0 1.091 1.0
6820.0 1.0 1.012
4841.0 1.012 1.454
4361.0 1.454 1.891
5692.0 1.891 1.46
8770.0 1.46 1.252
9214.0 1.252 1.126
7398.0 1.126 1.112
5941.0 1.112 1.123
4306.0 1.123 1.596
4573.0 1.596 1.916
6589.0 1.916 1.411
8605.0 1.411 1.258
8809.0 1.258 1.152
6883.0 1.152 1.147
5347.0 1.147 1.188
4180.0 1.188 1.679
5191.0 1.679 1.33
8735.0 1.33 1.151
8969.0 1.151 1.054
6809.0 1.054 1.06
5098.0 1.06 1.098
4248.0 1.098 1.428
5373.0 1.428 1.121
7942.0 1.121 1.0
9674.0 1.0 1.0
7732.0 1.0 1.0
5669.0 1.0 1.026
4329.0 1.026 1.447
4480.0 1.447 1.736
6538.0 1.736 1.282
9492.0 1.282 1.094
9840.0 1.094 1.0
7252.0 1.0 1.001
5105.0 1.001 1.038
4327.0 1.038 1.35
6047.0 1.35 1.024
8694.0 1.024 1.0
9072.0 1.0 1.0
5786.0 1.0 1.049
4269.0 1.049 1.484
4985.0 1.484 1.781
7694.0 1.781 1.233
10642.0 1.233 1.019
10548.0 1.019 1.0
7332.0 1.0 1.017
4933.0 1.017 1.472
4326.0 1.472 1.914
4493.0 1.914 2.297
7765.0 2.297 1.818
10426.0 1.818 1.538
9001.0 1.538 1.458
6251.0 1.458 1.506
4266.0 1.506 2.136
4384.0 2.136 2.563
7814.0 2.563 2.019
10694.0 2.019 1.675
11162.0 1.675 1.457
8804.0 1.457 1.415
5942.0 1.415 1.459
4188.0 1.459 2.112
4176.0 2.112 2.534
5482.0 2.534 1.978
8812.0 1.978 1.7
10954.0 1.7 1.427
9571.0 1.427 1.332
7137.0 1.332 1.338
4178.0 1.338 1.904
4484.0 1.904 2.285
7370.0 2.285 1.611
9804.0 1.611 1.36
10826.0 1.36 1.156
9742.0 1.156 1.071
6472.0 1.071 1.108
4215.0 1.108 1.612
4464.0 1.612 1.934
4936.0 1.934 2.321
8634.0 2.321 1.77
10485.0 1.77 1.513
9861.0 1.513 1.38
7769.0 1.38 1.362
4595.0 1.362 1.981
4402.0 1.981 2.578
5874.0 2.578 1.973
8982.0 1.973 1.691
10668.0 1.691 1.434
9462.0 1.434 1.343
6924.0 1.343 1.354
4240.0 1.354 1.934
4990.0 1.934 2.321
8184.0 2.321 1.797
9783.0 1.797 1.569
9372.0 1.569 1.435
7594.0 1.435 1.421
4642.0 1.421 2.053
4176.0 2.053 2.685
5591.0 2.685 2.084
8455.0 2.084 1.82
10492.0 1.82 1.549
9922.0 1.549 1.415
7918.0 1.415 1.389
4718.0 1.389 2.041
4265.0 2.041 2.695
5119.0 2.695 2.144
7755.0 2.144 1.696
10121.0 1.696 1.423
9539.0 1.423 1.314
6991.0 1.314 1.334
4286.0 1.334 1.906
4408.0 1.906 2.287
5856.0 2.287 1.752
9306.0 1.752 1.468
11000.0 1.468 1.237
10914.0 1.237 1.092
8342.0 1.092 1.079
4378.0 1.079 1.59
4397.0 1.59 1.908
5552.0 1.908 1.484
9802.0 1.484 1.21
11524.0 1.21 1.0
10418.0 1.0 1.0
6712.0 1.0 1.038
4283.0 1.038 1.51
4394.0 1.51 1.812
5268.0 1.812 1.43
8880.0 1.43 1.213
10088.0 1.213 1.065
8930.0 1.065 1.009
5414.0 1.009 1.059
4274.0 1.059 1.493
4822.0 1.493 1.792
7313.0 1.792 1.268
10401.0 1.268 1.044
10683.0 1.044 1.0
7853.0 1.0 1.0
5538.0 1.0 1.054
4176.0 1.054 1.376
4983.0 1.376 1.651
8168.0 1.651 1.278
10538.0 1.278 1.067
9836.0 1.067 1.0
6178.0 1.0 1.034
4295.0 1.034 1.471
4815.0 1.471 1.766
7306.0 1.766 1.25
9918.0 1.25 1.07
9838.0 1.07 1.0
7650.0 1.0 1.0
5671.0 1.0 1.026
4212.0 1.026 1.451
5197.0 1.451 1.149
7776.0 1.149 1.025
10802.0 1.025 1.0
9526.0 1.0 1.0
4176.0 1.0 1.473
4176.0 1.473 1.767
4176.0 1.767 2.121
4336.0 2.121 2.545
4322.0 2.545 3.054
4264.0 3.054 3.664
4350.0 3.664 4.397
5284.0 4.397 3.468
7417.0 3.468 3.149
8509.0 3.149 2.855
7689.0 2.855 2.751
6627.0 2.751 2.724
4893.0 2.724 3.902
4363.0 3.902 4.682
5932.0 4.682 3.571
9636.0 3.571 2.956
11671.0 2.956 2.444
11246.0 2.444 2.165
8174.0 2.165 2.164
4700.0 2.164 3.171
4176.0 3.171 3.805
4651.0 3.805 4.566
6391.0 4.566 3.399
8567.0 3.399 3.011
9127.0 3.011 2.726
7819.0 2.726 2.637
5833.0 2.637 2.697
4551.0 2.697 3.82
4255.0 3.82 4.584
4537.0 4.584 5.501
6151.0 5.501 4.148
9984.0 4.148 3.426
11648.0 3.426 2.848
11335.0 2.848 2.508
8963.0 2.508 2.431
5999.0 2.431 2.556
4216.0 2.556 3.681
4237.0 3.681 4.418
5109.0 4.418 3.515
7269.0 3.515 3.208
8913.0 3.208 2.86
8293.0 2.86 2.698
7078.0 2.698 2.654
5332.0 2.654 2.716
4176.0 2.716 3.824
4418.0 3.824 4.589
6443.0 4.589 3.406
10503.0 3.406 2.761
12719.0 2.761 2.199
11783.0 2.199 1.94
7419.0 1.94 1.995
4589.0 1.995 2.922
4254.0 2.922 3.507
4843.0 3.507 4.208
7360.0 4.208 2.969
9496.0 2.969 2.569
10128.0 2.569 2.267
8484.0 2.267 2.182
6123.0 2.182 2.241
4259.0 2.241 3.18
4341.0 3.18 4.137
5329.0 4.137 3.255
8278.0 3.255 2.514
10414.0 2.514 2.138
10162.0 2.138 1.927
8392.0 1.927 1.876
6346.0 1.876 1.915
4237.0 1.915 2.716
4263.0 2.716 3.26
5101.0 3.26 2.595
7647.0 2.595 2.063
10566.0 2.063 1.716
10380.0 1.716 1.535
7122.0 1.535 1.572
4176.0 1.572 2.275
4320.0 2.275 2.729
5133.0 2.729 2.169
7595.0 2.169 1.951
9299.0 1.951 1.712
8822.0 1.712 1.592
7354.0 1.592 1.569
5396.0 1.569 1.613
4356.0 1.613 2.103
5167.0 2.103 1.669
8811.0 1.669 1.428
10781.0 1.428 1.196
10041.0 1.196 1.094
6919.0 1.094 1.118
4655.0 1.118 1.607
4245.0 1.607 1.928
5101.0 1.928 1.535
8771.0 1.535 1.317
10363.0 1.317 1.124
9713.0 1.124 1.029
6521.0 1.029 1.057
4447.0 1.057 1.528
4350.0 1.528 1.833
5540.0 1.833 1.427
9596.0 1.427 1.177
10860.0 1.177 1.007
8428.0 1.007 1.0
4176.0 1.0 1.457
4603.0 1.457 1.748
6616.0 1.748 1.285
9802.0 1.285 1.086
9678.0 1.086 1.0
6392.0 1.0 1.026
4257.0 1.026 1.459
4407.0 1.459 1.751
6177.0 1.751 1.318
9883.0 1.318 1.095
