5016.0 1.0 1.0
5016.0 1.0 1.0
5016.0 1.0 1.0
4176.0 1.0 1.3
4176.0 1.3 1.56
5163.0 1.56 1.238
4176.0 1.238 1.611
4176.0 1.611 1.934
4254.0 1.934 2.519
4255.0 2.519 3.023
4424.0 3.023 3.627
4504.0 3.627 4.353
5642.0 4.353 3.37
7634.0 3.37 3.053
8698.0 3.053 2.76
8046.0 2.76 2.628
7098.0 2.628 2.578
5100.0 2.578 2.667
4225.0 2.667 3.747
4951.0 3.747 4.496
7177.0 4.496 3.66
8901.0 3.66 3.226
9329.0 3.226 2.909
8517.0 2.909 2.749
7365.0 2.749 2.699
5202.0 2.699 2.789
4176.0 2.789 3.914
4532.0 3.914 4.697
6542.0 4.697 3.468
9262.0 3.468 2.989
10354.0 2.989 2.605
9802.0 2.605 2.379
7502.0 2.379 2.359
4913.0 2.359 3.412
4239.0 3.412 4.094
4694.0 4.094 4.913
6401.0 4.913 3.655
9185.0 3.655 3.142
10189.0 3.142 2.745
9937.0 2.745 2.487
8045.0 2.487 2.428
5585.0 2.428 2.521
4176.0 2.521 3.555
4696.0 3.555 4.266
5908.0 4.266 3.258
8452.0 3.258 2.862
9924.0 2.862 2.497
9628.0 2.497 2.282
8131.0 2.282 2.213
5761.0 2.213 2.288
4230.0 2.288 3.237
4568.0 3.237 3.885
5986.0 3.885 2.955
8788.0 2.955 2.567
9616.0 2.567 2.291
9319.0 2.291 2.112
7333.0 2.112 2.101
5719.0 2.101 2.152
4244.0 2.152 3.035
4641.0 3.035 3.642
6635.0 3.642 2.675
9758.0 2.675 2.24
11074.0 2.24 1.913
10177.0 1.913 1.749
7600.0 1.749 1.754
4660.0 1.754 2.546
4221.0 2.546 3.31
4571.0 3.31 3.972
5431.0 3.972 3.109
7957.0 3.109 2.763
9214.0 2.763 2.446
9334.0 2.446 2.238
7963.0 2.238 2.167
5629.0 2.167 2.247
4372.0 2.247 3.166
4839.0 3.166 3.8
6813.0 3.8 2.764
10017.0 2.764 2.32
10897.0 2.32 2.009
9970.0 2.009 1.843
7183.0 1.843 1.856
4485.0 1.856 2.674
4302.0 2.674 3.494
4461.0 3.494 4.193
5759.0 4.193 3.227
8369.0 3.227 2.84
10165.0 2.84 2.44
9945.0 2.44 2.207
8043.0 2.207 2.156
5382.0 2.156 2.248
4263.0 2.248 2.931
5083.0 2.931 2.335
7469.0 2.335 2.114
9638.0 2.114 1.84
9158.0 1.84 1.702
7870.0 1.702 1.652
5756.0 1.652 1.697
4338.0 1.697 2.402
4641.0 2.402 2.883
6849.0 2.883 2.093
10155.0 2.093 1.744
11151.0 1.744 1.494
9555.0 1.494 1.404
6647.0 1.404 1.444
4450.0 1.444 2.086
4297.0 2.086 2.503
6613.0 2.503 1.841
8599.0 1.841 1.621
8829.0 1.621 1.489
8065.0 1.489 1.422
6039.0 1.422 1.445
4195.0 1.445 2.039
4739.0 2.039 2.447
8045.0 2.447 1.91
10541.0 1.91 1.592
10802.0 1.592 1.4
7817.0 1.4 1.398
4403.0 1.398 2.016
4179.0 2.016 2.622
4423.0 2.622 3.147
6213.0 3.147 2.365
9165.0 2.365 2.033
10041.0 2.033 1.797
8748.0 1.797 1.709
7160.0 1.709 1.698
4664.0 1.698 2.452
4251.0 2.452 3.209
4752.0 3.209 3.85
6374.0 3.85 2.869
8696.0 2.869 2.509
9353.0 2.509 2.251
8828.0 2.251 2.101
7316.0 2.101 2.064
5658.0 2.064 2.135
4288.0 2.135 3.004
4765.0 3.004 3.605
6533.0 3.605 2.663
10004.0 2.663 2.212
11596.0 2.212 1.814
10264.0 1.814 1.671
6958.0 1.671 1.723
4176.0 1.723 2.46
4300.0 2.46 3.204
4871.0 3.204 3.845
6823.0 3.845 2.796
9963.0 2.796 2.357
10395.0 2.357 2.076
9051.0 2.076 1.966
6252.0 1.966 2.021
4441.0 2.021 2.879
4556.0 2.879 3.455
6164.0 3.455 2.603
8657.0 2.603 2.28
9842.0 2.28 2.0
9143.0 2.0 1.861
6803.0 1.861 1.871
4863.0 1.871 2.686
4275.0 2.686 3.223
5658.0 3.223 2.494
9303.0 2.494 2.086
10734.0 2.086 1.783
10683.0 1.783 1.58
7812.0 1.58 1.582
4934.0 1.582 2.297
4176.0 2.297 2.756
4777.0 2.756 3.307
7047.0 3.307 2.375
9045.0 2.375 2.07
9213.0 2.07 1.879
7722.0 1.879 1.834
5872.0 1.834 1.876
4182.0 1.876 2.657
4659.0 2.657 3.459
6111.0 3.459 2.614
9789.0 2.614 2.144
11729.0 2.144 1.774
11081.0 1.774 1.575
7964.0 1.575 1.572
4544.0 1.572 2.296
4253.0 2.296 3.003
4781.0 3.003 3.604
6801.0 3.604 2.624
9933.0 2.624 2.2
10913.0 2.2 1.9
9725.0 1.9 1.769
6716.0 1.769 1.824
4176.0 1.824 2.654
4536.0 2.654 3.185
5144.0 3.185 2.53
7232.0 2.53 2.054
9227.0 2.054 1.809
9071.0 1.809 1.664
7879.0 1.664 1.612
5791.0 1.612 1.657
4257.0 1.657 2.344
4464.0 2.344 2.813
6496.0 2.813 2.082
9583.0 2.082 1.771
10516.0 1.771 1.547
8554.0 1.547 1.498
6032.0 1.498 1.538
4198.0 1.538 2.17
4523.0 2.17 2.604
6985.0 2.604 1.876
9853.0 1.876 1.582
10207.0 1.582 1.409
8683.0 1.409 1.349
5597.0 1.349 1.411
4300.0 1.411 2.001
4323.0 2.001 2.401
5877.0 2.401 1.837
8923.0 1.837 1.576
10645.0 1.576 1.344
10171.0 1.344 1.218
7511.0 1.218 1.214
4176.0 1.214 1.744
4576.0 1.744 2.093
6032.0 2.093 1.588
9046.0 1.588 1.364
10164.0 1.364 1.19
9374.0 1.19 1.108
6434.0 1.108 1.137
4603.0 1.137 1.642
4248.0 1.642 1.97
4739.0 1.97 2.364
8343.0 2.364 1.575
10224.0 1.575 1.345
10082.0 1.345 1.213
8018.0 1.213 1.19
4674.0 1.19 1.748
4342.0 1.748 2.098
4466.0 2.098 2.517
7668.0 2.517 2.001
10704.0 2.001 1.663
10386.0 1.663 1.497
7500.0 1.497 1.515
4176.0 1.515 2.175
4278.0 2.175 2.61
5247.0 2.61 2.062
7847.0 2.062 1.838
9147.0 1.838 1.629
9025.0 1.629 1.497
8147.0 1.497 1.433
6189.0 1.433 1.456
4223.0 1.456 2.075
4650.0 2.075 2.49
7848.0 2.49 1.966
10860.0 1.966 1.62
11241.0 1.62 1.404
8622.0 1.404 1.375
5242.0 1.375 1.446
4251.0 1.446 2.045
4358.0 2.045 2.454
6512.0 2.454 1.815
8614.0 1.815 1.594
9468.0 1.594 1.419
8868.0 1.419 1.325
7046.0 1.325 1.32
4286.0 1.32 1.884
4256.0 1.884 2.261
5232.0 2.261 1.788
9268.0 1.788 1.308
12248.0 1.308 1.031
12602.0 1.031 1.0
9910.0 1.0 1.0
4608.0 1.0 1.473
4212.0 1.473 1.768
5333.0 1.768 1.391
9971.0 1.391 1.0
12605.0 1.0 1.0
11083.0 1.0 1.0
6453.0 1.0 1.066
4176.0 1.066 1.522
4460.0 1.522 1.827
5883.0 1.827 1.397
8815.0 1.397 1.211
8815.0 1.211 1.124
6621.0 1.124 1.137
5069.0 1.137 1.17
4176.0 1.17 1.641
6074.0 1.641 1.242
10564.0 1.242 1.002
11330.0 1.002 1.0
7992.0 1.0 1.006
5509.0 1.006 1.068
4235.0 1.068 1.394
5084.0 1.394 1.111
7593.0 1.111 1.0
8891.0 1.0 1.0
7961.0 1.0 1.0
6150.0 1.0 1.022
4255.0 1.022 1.449
4496.0 1.449 1.739
6900.0 1.739 1.259
11214.0 1.259 1.0
12412.0 1.0 1.0
10050.0 1.0 1.0
5084.0 1.0 1.073
4350.0 1.073 1.396
5182.0 1.396 1.107
7616.0 1.107 1.0
9308.0 1.0 1.0
7954.0 1.0 1.0
6143.0 1.0 1.016
4332.0 1.016 1.443
4518.0 1.443 1.732
6562.0 1.732 1.277
11256.0 1.277 1.002
12142.0 1.002 1.0
9060.0 1.0 1.0
4291.0 1.0 1.448
4524.0 1.448 1.738
6250.0 1.738 1.303
9044.0 1.303 1.131
8764.0 1.131 1.052
6088.0 1.052 1.082
4441.0 1.082 1.536
4575.0 1.536 1.843
5962.0 1.843 1.403
10402.0 1.403 1.123
12222.0 1.123 1.0
10708.0 1.0 1.0
6078.0 1.0 1.07
4248.0 1.07 1.525
4498.0 1.525 1.83
6602.0 1.83 1.347
9548.0 1.347 1.139
10190.0 1.139 1.011
8296.0 1.011 1.0
6327.0 1.0 1.023
4268.0 1.023 1.458
4485.0 1.458 1.75
6001.0 1.75 1.33
10291.0 1.33 1.086
11867.0 1.086 1.0
10425.0 1.0 1.0
5795.0 1.0 1.078
4257.0 1.078 1.528
4784.0 1.528 1.833
6982.0 1.833 1.321
10450.0 1.321 1.081
11354.0 1.081 1.0
9328.0 1.0 1.0
4782.0 1.0 1.486
4224.0 1.486 1.783
5195.0 1.783 1.413
8911.0 1.413 1.208
10645.0 1.208 1.028
9003.0 1.028 1.0
5005.0 1.0 1.063
4360.0 1.063 1.49
5991.0 1.49 1.133
9769.0 1.133 1.0
10141.0 1.0 1.0
7107.0 1.0 1.017
4960.0 1.017 1.467
4221.0 1.467 1.76
5000.0 1.76 1.408
9346.0 1.408 1.175
11292.0 1.175 1.0
10606.0 1.0 1.0
6816.0 1.0 1.029
4501.0 1.029 1.479
4208.0 1.479 1.775
5133.0 1.775 1.411
9559.0 1.411 1.173
11023.0 1.173 1.0
8969.0 1.0 1.0
4255.0 1.0 1.484
4351.0 1.484 1.781
5297.0 1.781 1.404
9169.0 1.404 1.174
10659.0 1.174 1.004
9627.0 1.004 1.0
5649.0 1.0 1.065
4391.0 1.065 1.503
5326.0 1.503 1.183
8022.0 1.183 1.045
10876.0 1.045 1.0
10256.0 1.0 1.0
6466.0 1.0 1.045
4290.0 1.045 1.494
4509.0 1.494 1.792
5741.0 1.792 1.381
9923.0 1.381 1.129
11463.0 1.129 1.0
10021.0 1.0 1.0
5895.0 1.0 1.066
4204.0 1.066 1.504
4698.0 1.504 1.804
5632.0 1.804 1.398
7946.0 1.398 1.261
7704.0 1.261 1.2
6152.0 1.2 1.211
4993.0 1.211 1.725
4273.0 1.725 2.07
4400.0 2.07 2.484
7496.0 2.484 1.74
11324.0 1.74 1.38
11792.0 1.38 1.176
9798.0 1.176 1.115
5854.0 1.115 1.191
4176.0 1.191 1.693
4574.0 1.693 2.032
6053.0 2.032 1.54
8911.0 1.54 1.325
10121.0 1.325 1.155
8795.0 1.155 1.099
6007.0 1.099 1.128
4176.0 1.128 1.605
4564.0 1.605 1.927
5939.0 1.927 1.469
9351.0 1.469 1.231
10953.0 1.231 1.037
9831.0 1.037 1.0
6217.0 1.0 1.034
4286.0 1.034 1.468
4257.0 1.468 1.762
6315.0 1.762 1.317
10165.0 1.317 1.077
11697.0 1.077 1.0
9875.0 1.0 1.0
5329.0 1.0 1.089
4176.0 1.089 1.419
5154.0 1.419 1.126
8104.0 1.126 1.0
11752.0 1.0 1.0
9978.0 1.0 1.0
5348.0 1.0 1.086
4234.0 1.086 1.529
5121.0 1.529 1.216
7659.0 1.216 1.089
10393.0 1.089 1.0
8911.0 1.0 1.0
4701.0 1.0 1.458
4237.0 1.458 1.75
5132.0 1.75 1.391
9086.0 1.391 1.026
10546.0 1.026 1.0
8278.0 1.0 1.0
6131.0 1.0 1.023
4177.0 1.023 1.481
4939.0 1.481 1.777
7384.0 1.777 1.252
10646.0 1.252 1.036
10680.0 1.036 1.0
7230.0 1.0 1.025
4915.0 1.025 1.481
4248.0 1.481 1.777
5430.0 1.777 1.391
9278.0 1.391 1.162
10738.0 1.162 1.0
9560.0 1.0 1.0
5686.0 1.0 1.043
4176.0 1.043 1.476
5097.0 1.476 1.175
7857.0 1.175 1.0
10613.0 1.0 1.0
8251.0 1.0 1.0
6104.0 1.0 1.022
4243.0 1.022 1.459
4517.0 1.459 1.751
6204.0 1.751 1.317
9156.0 1.317 1.133
9428.0 1.133 1.025
7456.0 1.025 1.016
5684.0 1.016 1.045
4249.0 1.045 1.48
4716.0 1.48 1.776
7325.0 1.776 1.256
11423.0 1.256 1.0
12839.0 1.0 1.0
10477.0 1.0 1.0
5343.0 1.0 1.1
4226.0 1.1 1.564
4853.0 1.564 1.876
7431.0 1.876 1.319
11531.0 1.319 1.028
12915.0 1.028 1.0
10501.0 1.0 1.0
5367.0 1.0 1.095
4199.0 1.095 1.427
4313.0 1.427 1.713
6878.0 1.713 1.241
11294.0 1.241 1.0
12302.0 1.0 1.0
9688.0 1.0 1.0
4806.0 1.0 1.463
4301.0 1.463 1.756
5583.0 1.756 1.364
10575.0 1.364 1.09
12885.0 1.09 1.0
11323.0 1.0 1.0
6441.0 1.0 1.072
4176.0 1.072 1.525
4378.0 1.525 1.831
5980.0 1.831 1.393
9014.0 1.393 1.192
9902.0 1.192 1.054
8238.0 1.054 1.022
4304.0 1.022 1.479
4298.0 1.479 1.775
5643.0 1.775 1.374
9397.0 1.374 1.148
10881.0 1.148 1.0
9517.0 1.0 1.0
5223.0 1.0 1.059
4241.0 1.059 1.379
5279.0 1.379 1.088
8057.0 1.088 1.0
10585.0 1.0 1.0
9063.0 1.0 1.0
5105.0 1.0 1.077
4261.0 1.077 1.511
5324.0 1.511 1.189
8132.0 1.189 1.046
11058.0 1.046 1.0
10112.0 1.0 1.0
6238.0 1.0 1.052
4448.0 1.052 1.5
4502.0 1.5 1.8
6010.0 1.8 1.367
9392.0 1.367 1.153
10390.0 1.153 1.005
8588.0 1.005 1.0
4546.0 1.0 1.473
4428.0 1.473 1.767
5496.0 1.767 1.379
9628.0 1.379 1.152
10562.0 1.152 1.002
9000.0 1.002 1.0
4736.0 1.0 1.454
4356.0 1.454 1.745
5938.0 1.745 1.33
8938.0 1.33 1.143
9930.0 1.143 1.015
7996.0 1.015 1.0
6228.0 1.0 1.014
4249.0 1.014 1.436
4479.0 1.436 1.723
6493.0 1.723 1.276
9459.0 1.276 1.083
8985.0 1.083 1.006
5311.0 1.006 1.067
4216.0 1.067 1.512
5055.0 1.512 1.206
7365.0 1.206 1.0
10833.0 1.0 1.0
9479.0 1.0 1.0
5353.0 1.0 1.065
4241.0 1.065 1.388
5907.0 1.388 1.06
8390.0 1.06 1.0
9844.0 1.0 1.0
7650.0 1.0 1.0
5587.0 1.0 1.03
4300.0 1.03 1.455
4962.0 1.455 1.746
7389.0 1.746 1.409
10397.0 1.409 1.176
10667.0 1.176 1.03
8651.0 1.03 1.0
4423.0 1.0 1.475
4489.0 1.475 1.77
5565.0 1.77 1.376
9879.0 1.376 1.122
11123.0 1.122 1.0
8837.0 1.0 1.0
4176.0 1.0 1.449
4272.0 1.449 1.739
6002.0 1.739 1.321
9724.0 1.321 1.103
9956.0 1.103 1.0
7408.0 1.0 1.0
5177.0 1.0 1.04
4212.0 1.04 1.459
5162.0 1.459 1.158
7267.0 1.158 1.0
9882.0 1.0 1.0
10376.0 1.0 1.0
7426.0 1.0 1.012
5195.0 1.012 1.062
4241.0 1.062 1.505
5128.0 1.505 1.196
7412.0 1.196 1.0
10092.0 1.0 1.0
7982.0 1.0 1.0
5835.0 1.0 1.026
4237.0 1.026 1.452
5075.0 1.452 1.158
7491.0 1.158 1.043
11291.0 1.043 1.0
9799.0 1.0 1.0
5253.0 1.0 1.064
4469.0 1.064 1.496
5437.0 1.496 1.17
8021.0 1.17 1.037
9881.0 1.037 1.0
7203.0 1.0 1.008
5224.0 1.008 1.061
4221.0 1.061 1.492
5835.0 1.492 1.143
10637.0 1.143 1.0
10897.0 1.0 1.0
7443.0 1.0 1.021
4960.0 1.021 1.482
4307.0 1.482 1.778
5074.0 1.778 1.417
9014.0 1.417 1.205
10282.0 1.205 1.045
8436.0 1.045 1.011
4532.0 1.011 1.466
4426.0 1.466 1.759
6560.0 1.759 1.298
9474.0 1.298 1.109
10148.0 1.109 1.0
8104.0 1.0 1.0
6293.0 1.0 1.024
4193.0 1.024 1.46
4478.0 1.46 1.751
6587.0 1.751 1.29
10129.0 1.29 1.063
11481.0 1.063 1.0
9611.0 1.0 1.0
5233.0 1.0 1.064
4287.0 1.064 1.494
5497.0 1.494 1.165
8073.0 1.165 1.031
11129.0 1.031 1.0
10289.0 1.0 1.0
6247.0 1.0 1.056
4223.0 1.056 1.506
4651.0 1.506 1.808
6855.0 1.808 1.312
10277.0 1.312 1.081
11343.0 1.081 1.0
9155.0 1.0 1.0
4777.0 1.0 1.456
4667.0 1.456 1.747
6510.0 1.747 1.292
9274.0 1.292 1.1
9052.0 1.1 1.015
6294.0 1.015 1.036
4270.0 1.036 1.48
4774.0 1.48 1.776
7048.0 1.776 1.276
9802.0 1.276 1.066
10334.0 1.066 1.0
8010.0 1.0 1.0
5947.0 1.0 1.027
4206.0 1.027 1.461
4255.0 1.461 1.753
6285.0 1.753 1.312
9667.0 1.312 1.093
10485.0 1.093 1.0
8557.0 1.0 1.0
4431.0 1.0 1.472
4294.0 1.472 1.766
5684.0 1.766 1.365
9558.0 1.365 1.13
11038.0 1.13 1.0
9690.0 1.0 1.0
5816.0 1.0 1.062
4250.0 1.062 1.504
4984.0 1.504 1.804
7262.0 1.804 1.28
9996.0 1.28 1.079
10324.0 1.079 1.0
7772.0 1.0 1.0
5709.0 1.0 1.027
4308.0 1.027 1.451
4695.0 1.451 1.741
7106.0 1.741 1.246
10424.0 1.246 1.027
11232.0 1.027 1.0
8472.0 1.0 1.0
4286.0 1.0 1.47
4324.0 1.47 1.764
5550.0 1.764 1.372
8992.0 1.372 1.17
9366.0 1.17 1.06
7192.0 1.06 1.059
5187.0 1.059 1.096
4344.0 1.096 1.54
5796.0 1.54 1.183
10278.0 1.183 1.0
11616.0 1.0 1.0
9086.0 1.0 1.0
4540.0 1.0 1.48
4395.0 1.48 1.776
5492.0 1.776 1.386
9588.0 1.386 1.142
11260.0 1.142 1.0
10074.0 1.0 1.0
5696.0 1.0 1.073
4338.0 1.073 1.517
5373.0 1.517 1.191
8120.0 1.191 1.048
11152.0 1.048 1.0
10232.0 1.0 1.0
6358.0 1.0 1.051
4256.0 1.051 1.5
4867.0 1.5 1.8
7132.0 1.8 1.287
10516.0 1.287 1.066
11162.0 1.066 1.0
8924.0 1.0 1.0
4294.0 1.0 1.479
4341.0 1.479 1.774
5684.0 1.774 1.371
9520.0 1.371 1.139
10890.0 1.139 1.0
9746.0 1.0 1.0
5536.0 1.0 1.074
4226.0 1.074 1.518
5219.0 1.518 1.201
7552.0 1.201 1.0
11718.0 1.0 1.0
10784.0 1.0 1.0
6658.0 1.0 1.051
4205.0 1.051 1.509
4286.0 1.509 1.811
5408.0 1.811 1.419
9182.0 1.419 1.191
9878.0 1.191 1.055
7708.0 1.055 1.043
5578.0 1.043 1.077
4204.0 1.077 1.524
4471.0 1.524 1.828
6907.0 1.828 1.323
10519.0 1.323 1.075
10855.0 1.075 1.0
7905.0 1.0 1.002
5590.0 1.002 1.054
4186.0 1.054 1.376
5169.0 1.376 1.092
8355.0 1.092 1.0
11107.0 1.0 1.0
9753.0 1.0 1.0
5627.0 1.0 1.069
4260.0 1.069 1.509
4725.0 1.509 1.811
7277.0 1.811 1.284
10969.0 1.284 1.034
11839.0 1.034 1.0
9529.0 1.0 1.0
4983.0 1.0 1.491
4233.0 1.491 1.938
4699.0 1.938 2.326
9339.0 2.326 1.712
11883.0 1.712 1.388
11694.0 1.388 1.209
9182.0 1.209 1.175
5118.0 1.175 1.247
4263.0 1.247 1.756
4561.0 1.756 2.108
6303.0 2.108 1.576
10467.0 1.576 1.264
12433.0 1.264 1.019
11587.0 1.019 1.0
7687.0 1.0 1.023
5036.0 1.023 1.073
4205.0 1.073 1.396
6185.0 1.396 1.051
9791.0 1.051 1.0
8829.0 1.0 1.0
5123.0 1.0 1.055
4236.0 1.055 1.48
5060.0 1.48 1.18
7920.0 1.18 1.047
11750.0 1.047 1.0
10560.0 1.0 1.0
6434.0 1.0 1.055
4176.0 1.055 1.533
4647.0 1.533 1.84
6446.0 1.84 1.366
10704.0 1.366 1.101
11772.0 1.101 1.0
9536.0 1.0 1.0
4738.0 1.0 1.49
4216.0 1.49 1.788
5073.0 1.788 1.426
9067.0 1.426 1.052
10739.0 1.052 1.0
9381.0 1.0 1.0
5339.0 1.0 1.075
4237.0 1.075 1.402
5367.0 1.402 1.101
8160.0 1.101 1.0
11208.0 1.0 1.0
9770.0 1.0 1.0
5560.0 1.0 1.074
4250.0 1.074 1.518
4751.0 1.518 1.821
6662.0 1.821 1.336
9818.0 1.336 1.121
9772.0 1.121 1.018
6716.0 1.018 1.046
4549.0 1.046 1.503
4253.0 1.503 1.803
5571.0 1.803 1.402
9811.0 1.402 1.145
11953.0 1.145 1.0
11059.0 1.0 1.0
6933.0 1.0 1.036
4366.0 1.036 1.49
4538.0 1.49 1.788
5755.0 1.788 1.376
8989.0 1.376 1.175
9815.0 1.175 1.04
8287.0 1.04 1.0
4723.0 1.0 1.468
4441.0 1.468 1.761
5405.0 1.761 1.38
10345.0 1.38 1.102
12217.0 1.102 1.0
10831.0 1.0 1.0
6369.0 1.0 1.063
4213.0 1.063 1.518
4821.0 1.518 1.822
6901.0 1.822 1.319
11741.0 1.319 1.012
12625.0 1.012 1.0
9617.0 1.0 1.0
4651.0 1.0 1.492
4384.0 1.492 1.79
5358.0 1.79 1.407
9110.0 1.407 1.04
10792.0 1.04 1.0
9496.0 1.0 1.0
5454.0 1.0 1.054
4207.0 1.054 1.487
5150.0 1.487 1.18
7700.0 1.18 1.056
11196.0 1.056 1.0
10400.0 1.0 1.0
6526.0 1.0 1.03
4273.0 1.03 1.495
4389.0 1.495 1.794
6298.0 1.794 1.342
10236.0 1.342 1.086
11254.0 1.086 1.0
9476.0 1.0 1.0
5098.0 1.0 1.086
4322.0 1.086 1.523
4994.0 1.523 1.827
7258.0 1.827 1.297
10024.0 1.297 1.09
9594.0 1.09 1.0
6440.0 1.0 1.031
4293.0 1.031 1.47
4193.0 1.47 1.764
6427.0 1.764 1.311
10039.0 1.311 1.075
10841.0 1.075 1.0
8151.0 1.0 1.0
5836.0 1.0 1.032
4176.0 1.032 1.46
5023.0 1.46 1.167
7721.0 1.167 1.0
11299.0 1.0 1.0
10197.0 1.0 1.0
5987.0 1.0 1.062
4176.0 1.062 1.503
4343.0 1.503 1.804
6452.0 1.804 1.338
10192.0 1.338 1.089
11262.0 1.089 1.0
9358.0 1.0 1.0
4896.0 1.0 1.466
4280.0 1.466 1.759
5825.0 1.759 1.349
9323.0 1.349 1.14
10239.0 1.14 1.0
8609.0 1.0 1.0
4651.0 1.0 1.473
4321.0 1.473 1.767
5558.0 1.767 1.374
9524.0 1.374 1.134
11008.0 1.134 1.0
9968.0 1.0 1.0
5926.0 1.0 1.063
4282.0 1.063 1.499
4788.0 1.499 1.799
6796.0 1.799 1.31
10002.0 1.31 1.093
10542.0 1.093 1.0
8188.0 1.0 1.0
6209.0 1.0 1.015
4263.0 1.015 1.445
4657.0 1.445 1.734
6624.0 1.734 1.275
10154.0 1.275 1.049
10762.0 1.049 1.0
8188.0 1.0 1.0
6041.0 1.0 1.024
4228.0 1.024 1.457
5056.0 1.457 1.163
7240.0 1.163 1.0
8795.0 1.0 1.0
9289.0 1.0 1.0
6255.0 1.0 1.034
4298.0 1.034 1.473
4618.0 1.473 1.767
6611.0 1.767 1.3
9569.0 1.3 1.1
10013.0 1.1 1.0
7343.0 1.0 1.006
5280.0 1.006 1.041
4375.0 1.041 1.463
5502.0 1.463 1.141
7623.0 1.141 1.032
9279.0 1.032 1.0
7445.0 1.0 1.0
5634.0 1.0 1.034
4341.0 1.034 1.461
5021.0 1.461 1.167
7638.0 1.167 1.0
9796.0 1.0 1.0
8694.0 1.0 1.0
4736.0 1.0 1.455
4591.0 1.455 1.746
6515.0 1.746 1.291
9693.0 1.291 1.097
9965.0 1.097 1.0
7581.0 1.0 1.0
5602.0 1.0 1.028
4252.0 1.028 1.453
5767.0 1.453 1.118
8186.0 1.118 1.0
10126.0 1.0 1.0
8100.0 1.0 1.0
6289.0 1.0 1.011
4394.0 1.011 1.443
4597.0 1.443 1.731
6890.0 1.731 1.254
10320.0 1.254 1.026
10372.0 1.026 1.0
7510.0 1.0 1.004
5111.0 1.004 1.053
4215.0 1.053 1.37
5725.0 1.37 1.056
9049.0 1.056 1.0
11109.0 1.0 1.0
8915.0 1.0 1.0
4537.0 1.0 1.481
4184.0 1.481 1.777
5371.0 1.777 1.395
9639.0 1.395 1.142
11221.0 1.142 1.0
10119.0 1.0 1.0
6245.0 1.0 1.053
4176.0 1.053 1.502
4657.0 1.502 1.802
6341.0 1.802 1.345
10155.0 1.345 1.101
11203.0 1.101 1.0
9465.0 1.0 1.0
5087.0 1.0 1.086
4195.0 1.086 1.524
5145.0 1.524 1.211
7248.0 1.211 1.105
10514.0 1.105 1.0
9922.0 1.0 1.0
6216.0 1.0 1.042
4208.0 1.042 1.479
4416.0 1.479 1.774
6431.0 1.774 1.318
9847.0 1.318 1.115
10553.0 1.115 1.0
8503.0 1.0 1.0
4209.0 1.0 1.471
4312.0 1.471 1.765
5709.0 1.765 1.362
9997.0 1.362 1.108
11705.0 1.108 1.0
10399.0 1.0 1.0
6189.0 1.0 1.063
4176.0 1.063 1.518
4386.0 1.518 1.821
5876.0 1.821 1.393
10040.0 1.393 1.149
11436.0 1.149 1.0
10090.0 1.0 1.0
5880.0 1.0 1.06
4201.0 1.06 1.504
4750.0 1.504 1.805
7113.0 1.805 1.291
10687.0 1.291 1.046
11295.0 1.046 1.0
8589.0 1.0 1.0
4258.0 1.0 1.472
4752.0 1.472 1.767
6910.0 1.767 1.278
9276.0 1.278 1.098
9332.0 1.098 1.0
7220.0 1.0 1.0
5409.0 1.0 1.041
4218.0 1.041 1.465
5696.0 1.465 1.131
8247.0 1.131 1.0
9947.0 1.0 1.0
7417.0 1.0 1.0
5270.0 1.0 1.038
4176.0 1.038 1.46
5900.0 1.46 1.115
9616.0 1.115 1.0
9842.0 1.0 1.0
6640.0 1.0 1.031
4493.0 1.031 1.497
4253.0 1.497 1.796
6000.0 1.796 1.365
8856.0 1.365 1.18
9834.0 1.18 1.042
8122.0 1.042 1.015
4516.0 1.015 1.468
4559.0 1.468 1.762
6114.0 1.762 1.331
9966.0 1.331 1.092
11132.0 1.092 1.0
9016.0 1.0 1.0
4638.0 1.0 1.46
4310.0 1.46 1.752
5916.0 1.752 1.337
9042.0 1.337 1.144
10102.0 1.144 1.01
8264.0 1.01 1.0
6368.0 1.0 1.011
4305.0 1.011 1.457
4236.0 1.457 1.748
5746.0 1.748 1.347
9440.0 1.347 1.124
10082.0 1.124 1.0
7320.0 1.0 1.003
5005.0 1.003 1.046
4234.0 1.046 1.466
5578.0 1.466 1.139
8718.0 1.139 1.0
11016.0 1.0 1.0
9830.0 1.0 1.0
5620.0 1.0 1.051
4186.0 1.051 1.485
5274.0 1.485 1.172
7986.0 1.172 1.039
11210.0 1.039 1.0
10404.0 1.0 1.0
6530.0 1.0 1.046
4240.0 1.046 1.496
4486.0 1.496 1.795
6232.0 1.795 1.348
10430.0 1.348 1.087
11840.0 1.087 1.0
10402.0 1.0 1.0
5940.0 1.0 1.07
4292.0 1.07 1.519
4789.0 1.519 1.823
6704.0 1.823 1.334
10540.0 1.334 1.082
10894.0 1.082 1.0
7872.0 1.0 1.003
5389.0 1.003 1.044
4176.0 1.044 1.361
5309.0 1.361 1.072
8344.0 1.072 1.0
11068.0 1.0 1.0
9546.0 1.0 1.0
5504.0 1.0 1.072
4227.0 1.072 1.399
5647.0 1.399 1.083
8765.0 1.083 1.0
11561.0 1.0 1.0
9871.0 1.0 1.0
5745.0 1.0 1.069
4176.0 1.069 1.513
4948.0 1.513 1.816
7346.0 1.816 1.282
10726.0 1.282 1.046
11496.0 1.046 1.0
8954.0 1.0 1.0
4492.0 1.0 1.474
4284.0 1.474 1.769
5275.0 1.769 1.396
9167.0 1.396 1.184
10169.0 1.184 1.036
8163.0 1.036 1.012
4197.0 1.012 1.47
4385.0 1.47 1.764
6787.0 1.764 1.285
10483.0 1.285 1.048
11535.0 1.048 1.0
9531.0 1.0 1.0
5069.0 1.0 1.087
4312.0 1.087 1.524
5710.0 1.524 1.176
10330.0 1.176 1.0
11584.0 1.0 1.0
8886.0 1.0 1.0
4340.0 1.0 1.478
4226.0 1.478 1.774
5484.0 1.774 1.385
9148.0 1.385 1.167
10052.0 1.167 1.026
8012.0 1.026 1.008
5998.0 1.008 1.03
4249.0 1.03 1.465
4900.0 1.465 1.758
7785.0 1.758 1.21
10941.0 1.21 1.0
11933.0 1.0 1.0
9151.0 1.0 1.0
4353.0 1.0 1.46
4232.0 1.46 1.752
5503.0 1.752 1.366
9637.0 1.366 1.129
11217.0 1.129 1.0
10029.0 1.0 1.0
5735.0 1.0 1.071
4302.0 1.071 1.514
4831.0 1.514 1.817
7149.0 1.817 1.298
10873.0 1.298 1.048
12049.0 1.048 1.0
9703.0 1.0 1.0
5073.0 1.0 1.094
4242.0 1.094 1.423
5501.0 1.423 1.11
8553.0 1.11 1.0
10887.0 1.0 1.0
9197.0 1.0 1.0
4987.0 1.0 1.465
4252.0 1.465 1.759
4637.0 1.759 2.11
6217.0 2.11 1.585
9131.0 1.585 1.35
9983.0 1.35 1.19
8301.0 1.19 1.15
5103.0 1.15 1.208
4236.0 1.208 1.572
5394.0 1.572 1.233
9768.0 1.233 1.012
11690.0 1.012 1.0
9870.0 1.0 1.0
5576.0 1.0 1.076
4318.0 1.076 1.513
5112.0 1.513 1.204
8014.0 1.204 1.061
11874.0 1.061 1.0
11074.0 1.0 1.0
7032.0 1.0 1.035
4549.0 1.035 1.513
4219.0 1.513 1.815
5019.0 1.815 1.451
9321.0 1.451 1.204
11033.0 1.204 1.024
10359.0 1.024 1.0
6551.0 1.0 1.038
4250.0 1.038 1.509
4280.0 1.509 1.81
5375.0 1.81 1.421
9063.0 1.421 1.199
10613.0 1.199 1.026
9629.0 1.026 1.0
6101.0 1.0 1.048
4341.0 1.048 1.49
4727.0 1.49 1.788
6870.0 1.788 1.297
10022.0 1.297 1.082
11106.0 1.082 1.0
9098.0 1.0 1.0
4888.0 1.0 1.481
4681.0 1.481 1.926
5867.0 1.926 1.474
10369.0 1.474 1.174
12601.0 1.174 1.0
11821.0 1.0 1.0
7611.0 1.0 1.036
4792.0 1.036 1.532
4314.0 1.532 1.838
5231.0 1.838 1.453
8639.0 1.453 1.262
9615.0 1.262 1.108
8241.0 1.108 1.067
4587.0 1.067 1.546
4243.0 1.546 1.855
5245.0 1.855 1.466
9407.0 1.466 1.224
11319.0 1.224 1.008
10701.0 1.008 1.0
7043.0 1.0 1.032
4560.0 1.032 1.489
4249.0 1.489 1.787
5799.0 1.787 1.372
8691.0 1.372 1.188
8811.0 1.188 1.095
6517.0 1.095 1.112
4847.0 1.112 1.592
4206.0 1.592 2.071
5536.0 2.071 1.613
9812.0 1.613 1.325
11600.0 1.325 1.079
10522.0 1.079 1.0
6962.0 1.0 1.041
4479.0 1.041 1.512
4176.0 1.512 1.814
5728.0 1.814 1.398
9434.0 1.398 1.168
11128.0 1.168 1.0
9764.0 1.0 1.0
5722.0 1.0 1.066
4247.0 1.066 1.507
5016.0 1.507 1.205
7476.0 1.205 1.0
11264.0 1.0 1.0
10582.0 1.0 1.0
6708.0 1.0 1.028
4309.0 1.028 1.498
4400.0 1.498 1.798
6069.0 1.798 1.361
10195.0 1.361 1.106
11561.0 1.106 1.0
9557.0 1.0 1.0
4927.0 1.0 1.491
4423.0 1.491 1.789
5057.0 1.789 1.427
8969.0 1.427 1.213
10907.0 1.213 1.034
9247.0 1.034 1.0
5177.0 1.0 1.064
4176.0 1.064 1.385
5980.0 1.385 1.054
9373.0 1.054 1.0
12239.0 1.0 1.0
9541.0 1.0 1.0
4659.0 1.0 1.472
4336.0 1.472 1.767
5241.0 1.767 1.396
9455.0 1.396 1.154
10965.0 1.154 1.0
9009.0 1.0 1.0
4308.0 1.0 1.448
4585.0 1.448 1.738
6480.0 1.738 1.287
9946.0 1.287 1.069
11102.0 1.069 1.0
8990.0 1.0 1.0
4696.0 1.0 1.482
4176.0 1.482 1.778
5270.0 1.778 1.403
9378.0 1.403 1.021
11452.0 1.021 1.0
10278.0 1.0 1.0
5984.0 1.0 1.066
4176.0 1.066 1.515
4630.0 1.515 1.818
6447.0 1.818 1.349
10259.0 1.349 1.103
11513.0 1.103 1.0
9883.0 1.0 1.0
5505.0 1.0 1.078
4227.0 1.078 1.52
5470.0 1.52 1.187
8143.0 1.187 1.047
11887.0 1.047 1.0
10117.0 1.0 1.0
5487.0 1.0 1.061
4176.0 1.061 1.495
5230.0 1.495 1.182
7978.0 1.182 1.049
13844.0 1.049 1.0
13200.0 1.0 1.0
8570.0 1.0 1.019
4269.0 1.019 1.468
4927.0 1.468 1.762
7321.0 1.762 1.246
8819.0 1.246 1.106
8699.0 1.106 1.025
5935.0 1.025 1.06
4328.0 1.06 1.52
4444.0 1.52 1.824
6111.0 1.824 1.378
10541.0 1.378 1.107
11975.0 1.107 1.0
10073.0 1.0 1.0
5527.0 1.0 1.084
4259.0 1.084 1.415
4758.0 1.415 1.698
7692.0 1.698 1.348
12022.0 1.348 1.039
13184.0 1.039 1.0
10448.0 1.0 1.0
5314.0 1.0 1.078
4176.0 1.078 1.405
5013.0 1.405 1.123
7399.0 1.123 1.019
9033.0 1.019 1.0
7901.0 1.0 1.0
6426.0 1.0 1.008
4783.0 1.008 1.44
5060.0 1.44 1.148
7425.0 1.148 1.0
11863.0 1.0 1.0
11013.0 1.0 1.0
6803.0 1.0 1.038
4176.0 1.038 1.497
4402.0 1.497 1.796
6066.0 1.796 1.36
10856.0 1.36 1.072
12296.0 1.072 1.0
10402.0 1.0 1.0
5520.0 1.0 1.087
4197.0 1.087 1.533
4966.0 1.533 1.84
7016.0 1.84 1.323
9340.0 1.323 1.156
8586.0 1.156 1.088
5816.0 1.088 1.131
4197.0 1.131 1.603
4570.0 1.603 1.923
7027.0 1.923 1.383
11347.0 1.383 1.085
12735.0 1.085 1.0
10945.0 1.0 1.0
6231.0 1.0 1.07
4188.0 1.07 1.551
4518.0 1.551 1.861
5455.0 1.861 1.455
8893.0 1.455 1.239
9881.0 1.239 1.094
7923.0 1.094 1.072
4241.0 1.072 1.565
4553.0 1.565 1.878
6462.0 1.878 1.392
10148.0 1.392 1.14
11622.0 1.14 1.0
10320.0 1.0 1.0
6026.0 1.0 1.066
4295.0 1.066 1.515
4804.0 1.515 1.818
7041.0 1.818 1.306
10351.0 1.306 1.088
10941.0 1.088 1.0
8677.0 1.0 1.0
4215.0 1.0 1.474
5014.0 1.474 1.178
7515.0 1.178 1.0
10397.0 1.0 1.0
9883.0 1.0 1.0
6009.0 1.0 1.04
4176.0 1.04 1.48
4541.0 1.48 1.776
6983.0 1.776 1.28
10913.0 1.28 1.017
11997.0 1.017 1.0
9921.0 1.0 1.0
5291.0 1.0 1.086
4263.0 1.086 1.527
4939.0 1.527 1.832
7555.0 1.832 1.279
10683.0 1.279 1.051
11329.0 1.051 1.0
9025.0 1.0 1.0
4563.0 1.0 1.48
4337.0 1.48 1.776
5854.0 1.776 1.36
9950.0 1.36 1.113
10970.0 1.113 1.0
8468.0 1.0 1.0
4257.0 1.0 1.444
4713.0 1.444 1.733
7096.0 1.733 1.241
11292.0 1.241 1.0
12464.0 1.0 1.0
9682.0 1.0 1.0
4800.0 1.0 1.494
4272.0 1.494 1.793
4917.0 1.793 2.151
9185.0 2.151 1.361
11096.0 1.361 1.142
10694.0 1.142 1.016
7654.0 1.016 1.017
5473.0 1.017 1.075
4216.0 1.075 1.516
4989.0 1.516 1.819
7397.0 1.819 1.281
10795.0 1.281 1.043
11047.0 1.043 1.0
7695.0 1.0 1.014
5212.0 1.014 1.059
4250.0 1.059 1.488
5351.0 1.488 1.17
7823.0 1.17 1.042
9843.0 1.042 1.0
7915.0 1.0 1.0
6020.0 1.0 1.032
4176.0 1.032 1.475
4323.0 1.475 1.77
5904.0 1.77 1.352
9968.0 1.352 1.103
11500.0 1.103 1.0
10214.0 1.0 1.0
5836.0 1.0 1.072
4234.0 1.072 1.52
4607.0 1.52 1.824
6188.0 1.824 1.372
9440.0 1.372 1.16
9560.0 1.16 1.051
7096.0 1.051 1.058
5019.0 1.058 1.103
4316.0 1.103 1.546
5811.0 1.546 1.187
10425.0 1.187 1.0
11983.0 1.0 1.0
9621.0 1.0 1.0
5075.0 1.0 1.068
4318.0 1.068 1.39
5419.0 1.39 1.088
8160.0 1.088 1.0
10866.0 1.0 1.0
9428.0 1.0 1.0
5302.0 1.0 1.077
4272.0 1.077 1.404
5308.0 1.404 1.106
8362.0 1.106 1.0
12148.0 1.0 1.0
10794.0 1.0 1.0
6416.0 1.0 1.044
4240.0 1.044 1.494
4235.0 1.494 1.793
5807.0 1.793 1.377
10163.0 1.377 1.113
11921.0 1.113 1.0
10679.0 1.0 1.0
6217.0 1.0 1.048
4176.0 1.048 1.519
4418.0 1.519 1.823
6334.0 1.823 1.361
10002.0 1.361 1.121
10778.0 1.121 1.0
8638.0 1.0 1.0
4260.0 1.0 1.464
4528.0 1.464 1.757
6486.0 1.757 1.301
10058.0 1.301 1.067
11268.0 1.067 1.0
9132.0 1.0 1.0
4754.0 1.0 1.458
4176.0 1.458 1.75
5360.0 1.75 1.375
10068.0 1.375 1.121
11806.0 1.121 1.0
10006.0 1.0 1.0
5628.0 1.0 1.065
4176.0 1.065 1.535
5172.0 1.535 1.218
7987.0 1.218 1.0
11249.0 1.0 1.0
10567.0 1.0 1.0
6525.0 1.0 1.035
4176.0 1.035 1.504
4406.0 1.504 1.805
6349.0 1.805 1.346
10427.0 1.346 1.088
12157.0 1.088 1.0
10657.0 1.0 1.0
6111.0 1.0 1.068
4279.0 1.068 1.519
4897.0 1.519 1.823
7233.0 1.823 1.296
10231.0 1.296 1.081
10043.0 1.081 1.0
7013.0 1.0 1.01
4782.0 1.01 1.455
4331.0 1.455 1.746
5194.0 1.746 1.384
9968.0 1.384 1.0
12204.0 1.0 1.0
11102.0 1.0 1.0
6892.0 1.0 1.046
4325.0 1.046 1.503
4305.0 1.503 1.803
5152.0 1.803 1.432
8468.0 1.432 1.236
9604.0 1.236 1.1
8032.0 1.1 1.069
4524.0 1.069 1.543
4385.0 1.543 1.852
6640.0 1.852 1.36
10958.0 1.36 1.083
12482.0 1.083 1.0
10398.0 1.0 1.0
5432.0 1.0 1.093
4207.0 1.093 1.426
5127.0 1.426 1.134
7520.0 1.134 1.022
9838.0 1.022 1.0
7672.0 1.0 1.0
5861.0 1.0 1.018
4305.0 1.018 1.442
4885.0 1.442 1.73
7343.0 1.73 1.222
11607.0 1.222 1.0
12063.0 1.0 1.0
8273.0 1.0 1.01
5706.0 1.01 1.047
4236.0 1.047 1.481
4922.0 1.481 1.777
7534.0 1.777 1.242
9872.0 1.242 1.056
9370.0 1.056 1.0
6470.0 1.0 1.03
4407.0 1.03 1.491
4391.0 1.491 1.789
5949.0 1.789 1.363
9861.0 1.363 1.122
11245.0 1.122 1.0
9633.0 1.0 1.0
5507.0 1.0 1.072
4325.0 1.072 1.51
5162.0 1.51 1.198
8221.0 1.198 1.0
12015.0 1.0 1.0
10913.0 1.0 1.0
6367.0 1.0 1.063
4326.0 1.063 1.509
4418.0 1.509 1.811
6296.0 1.811 1.355
10070.0 1.355 1.114
10788.0 1.114 1.0
8560.0 1.0 1.0
4266.0 1.0 1.471
4710.0 1.471 1.766
6781.0 1.766 1.287
10653.0 1.287 1.027
11385.0 1.027 1.0
8451.0 1.0 1.0
4289.0 1.0 1.473
4665.0 1.473 1.767
7330.0 1.767 1.249
10372.0 1.249 1.041
10120.0 1.041 1.0
7162.0 1.0 1.016
4931.0 1.016 1.465
4328.0 1.465 1.758
5450.0 1.758 1.375
10456.0 1.375 1.086
12616.0 1.086 1.0
11422.0 1.0 1.0
7044.0 1.0 1.048
4309.0 1.048 1.507
4528.0 1.507 1.808
5558.0 1.808 1.406
9152.0 1.406 1.186
9822.0 1.186 1.055
7758.0 1.055 1.042
5964.0 1.042 1.07
4183.0 1.07 1.52
4376.0 1.52 1.825
6884.0 1.825 1.322
10812.0 1.322 1.068
11978.0 1.068 1.0
10020.0 1.0 1.0
5390.0 1.0 1.065
4212.0 1.065 1.504
4971.0 1.504 1.804
7669.0 1.804 1.433
10151.0 1.433 1.206
9785.0 1.206 1.102
7037.0 1.102 1.121
4914.0 1.121 1.623
4197.0 1.623 2.115
4598.0 2.115 2.538
7952.0 2.538 1.993
10232.0 1.993 1.684
10031.0 1.684 1.519
6998.0 1.519 1.535
4360.0 1.535 2.233
4186.0 2.233 2.909
5946.0 2.909 2.217
9834.0 2.217 1.815
11088.0 1.815 1.544
9474.0 1.544 1.453
6930.0 1.453 1.481
4176.0 1.481 2.106
4297.0 2.106 2.527
6835.0 2.527 1.836
10669.0 1.836 1.492
10729.0 1.492 1.313
8563.0 1.313 1.284
4771.0 1.284 1.872
4221.0 1.872 2.444
4638.0 2.444 2.933
7638.0 2.933 2.037
10674.0 2.037 1.667
11841.0 1.667 1.397
9828.0 1.397 1.318
6886.0 1.318 1.358
4197.0 1.358 1.933
4543.0 1.933 2.32
7985.0 2.32 1.812
10334.0 1.812 1.534
9200.0 1.534 1.443
6756.0 1.443 1.474
4206.0 1.474 2.095
4424.0 2.095 2.514
6776.0 2.514 1.833
9884.0 1.833 1.545
9581.0 1.545 1.413
7969.0 1.413 1.38
4997.0 1.38 2.002
4176.0 2.002 2.613
4445.0 2.613 3.135
6043.0 3.135 2.378
9889.0 2.378 1.946
11494.0 1.946 1.585
10816.0 1.585 1.418
7342.0 1.418 1.446
4366.0 1.446 2.115
4246.0 2.115 2.538
5512.0 2.538 1.978
8432.0 1.978 1.731
9972.0 1.731 1.503
9693.0 1.503 1.375
7695.0 1.375 1.363
4727.0 1.363 1.996
4242.0 1.996 2.602
6458.0 2.602 1.93
8786.0 1.93 1.671
9683.0 1.671 1.487
8731.0 1.487 1.404
6609.0 1.404 1.414
4256.0 1.414 2.013
4245.0 2.013 2.416
7279.0 2.416 1.713
11071.0 1.713 1.383
11731.0 1.383 1.184
9851.0 1.184 1.114
5823.0 1.114 1.193
4324.0 1.193 1.694
4399.0 1.694 2.033
5461.0 2.033 1.589
8743.0 1.589 1.372
10039.0 1.372 1.197
9655.0 1.197 1.097
7055.0 1.097 1.103
5151.0 1.103 1.14
4176.0 1.14 1.603
4953.0 1.603 1.924
7244.0 1.924 1.366
10726.0 1.366 1.105
12220.0 1.105 1.0
10366.0 1.0 1.0
5484.0 1.0 1.091
4198.0 1.091 1.423
5560.0 1.423 1.107
8529.0 1.107 1.0
10651.0 1.0 1.0
8961.0 1.0 1.0
4919.0 1.0 1.48
4536.0 1.48 1.776
5716.0 1.776 1.37
10566.0 1.37 1.083
12344.0 1.083 1.0
11022.0 1.0 1.0
6728.0 1.0 1.034
4176.0 1.034 1.484
4582.0 1.484 1.781
6115.0 1.781 1.346
10995.0 1.346 1.051
13223.0 1.051 1.0
11431.0 1.0 1.0
6633.0 1.0 1.067
4232.0 1.067 1.524
4383.0 1.524 1.829
5896.0 1.829 1.398
10266.0 1.398 1.126
12372.0 1.126 1.0
11142.0 1.0 1.0
6680.0 1.0 1.056
4267.0 1.056 1.514
4473.0 1.514 1.817
6117.0 1.817 1.372
9585.0 1.372 1.149
10881.0 1.149 1.0
9283.0 1.0 1.0
5073.0 1.0 1.083
4415.0 1.083 1.52
6362.0 1.52 1.133
11124.0 1.133 1.0
12512.0 1.0 1.0
9730.0 1.0 1.0
4764.0 1.0 1.496
4266.0 1.496 1.795
5591.0 1.795 1.394
10293.0 1.394 1.114
12535.0 1.114 1.0
10719.0 1.0 1.0
6005.0 1.0 1.077
4179.0 1.077 1.522
4649.0 1.522 1.827
6240.0 1.827 1.371
9592.0 1.371 1.151
10538.0 1.151 1.0
8792.0 1.0 1.0
4834.0 1.0 1.453
4662.0 1.453 1.743
6239.0 1.743 1.308
10407.0 1.308 1.053
11519.0 1.053 1.0
9337.0 1.0 1.0
4707.0 1.0 1.487
4489.0 1.487 1.785
5530.0 1.785 1.39
9170.0 1.39 1.171
10624.0 1.171 1.004
9378.0 1.004 1.0
5484.0 1.0 1.068
4176.0 1.068 1.506
5277.0 1.506 1.188
7899.0 1.188 1.055
9805.0 1.055 1.0
8403.0 1.0 1.0
6592.0 1.0 1.013
4781.0 1.013 1.45
4643.0 1.45 1.74
6043.0 1.74 1.32
10027.0 1.32 1.093
10497.0 1.093 1.0
7133.0 1.0 1.025
4566.0 1.025 1.483
4411.0 1.483 1.78
6108.0 1.78 1.345
10478.0 1.345 1.075
12030.0 1.075 1.0
9664.0 1.0 1.0
4950.0 1.0 1.495
4481.0 1.495 1.794
4964.0 1.794 2.153
8904.0 2.153 1.619
10575.0 1.619 1.376
8952.0 1.376 1.309
6252.0 1.309 1.359
4671.0 1.359 1.947
4176.0 1.947 2.535
4189.0 2.535 3.042
6597.0 3.042 2.24
9945.0 2.24 1.868
10641.0 1.868 1.601
8163.0 1.601 1.579
5257.0 1.579 1.655
4360.0 1.655 2.341
4262.0 2.341 2.81
5582.0 2.81 2.182
8306.0 2.182 1.918
10136.0 1.918 1.656
9608.0 1.656 1.524
7720.0 1.524 1.506
5202.0 1.506 1.595
4176.0 1.595 2.272
4347.0 2.272 2.727
6573.0 2.727 2.01
9543.0 2.01 1.701
9786.0 1.701 1.531
7750.0 1.531 1.512
5032.0 1.512 1.589
4206.0 1.589 2.258
4548.0 2.258 2.709
6390.0 2.709 2.017
9972.0 2.017 1.681
11352.0 1.681 1.419
9717.0 1.419 1.33
6465.0 1.33 1.383
4305.0 1.383 1.818
4656.0 1.818 2.182
8720.0 2.182 1.647
10628.0 1.647 1.376
9101.0 1.376 1.305
5897.0 1.305 1.356
4227.0 1.356 1.962
4398.0 1.962 2.355
6372.0 2.355 1.755
8606.0 1.755 1.529
9394.0 1.529 1.365
8674.0 1.365 1.284
6880.0 1.284 1.283
4176.0 1.283 1.822
4491.0 1.822 2.186
6154.0 2.186 1.648
10270.0 1.648 1.326
12196.0 1.326 1.09
10876.0 1.09 1.0
6802.0 1.0 1.037
4276.0 1.037 1.515
4252.0 1.515 1.818
5143.0 1.818 1.444
8953.0 1.444 1.073
10775.0 1.073 1.0
8723.0 1.0 1.0
4226.0 1.0 1.475
4529.0 1.475 1.77
6867.0 1.77 1.284
10091.0 1.284 1.064
10793.0 1.064 1.0
8347.0 1.0 1.0
6116.0 1.0 1.022
4191.0 1.022 1.447
4423.0 1.447 1.736
6060.0 1.736 1.315
9768.0 1.315 1.089
10950.0 1.089 1.0
9296.0 1.0 1.0
5002.0 1.0 1.068
4181.0 1.068 1.388
5394.0 1.388 1.088
8043.0 1.088 1.0
10161.0 1.0 1.0
8639.0 1.0 1.0
4765.0 1.0 1.452
4251.0 1.452 1.743
5406.0 1.743 1.366
10074.0 1.366 1.096
12068.0 1.096 1.0
11016.0 1.0 1.0
6806.0 1.0 1.049
4176.0 1.049 1.506
4325.0 1.506 1.807
5520.0 1.807 1.408
9360.0 1.408 1.176
11056.0 1.176 1.0
10302.0 1.0 1.0
6344.0 1.0 1.051
4346.0 1.051 1.494
4544.0 1.494 1.792
6029.0 1.792 1.36
9541.0 1.36 1.139
10477.0 1.139 1.0
8585.0 1.0 1.0
4375.0 1.0 1.473
4400.0 1.473 1.768
5554.0 1.768 1.375
9438.0 1.375 1.144
10424.0 1.144 1.0
8424.0 1.0 1.0
6193.0 1.0 1.021
4176.0 1.021 1.454
4942.0 1.454 1.745
7198.0 1.745 1.243
10706.0 1.243 1.01
11308.0 1.01 1.0
8608.0 1.0 1.0
4176.0 1.0 1.475
4338.0 1.475 1.77
6339.0 1.77 1.321
10403.0 1.321 1.065
11559.0 1.065 1.0
9305.0 1.0 1.0
4591.0 1.0 1.486
4319.0 1.486 1.784
5608.0 1.784 1.384
8736.0 1.384 1.191
9796.0 1.191 1.052
8216.0 1.052 1.015
4676.0 1.015 1.49
4308.0 1.49 1.788
5693.0 1.788 1.38
9935.0 1.38 1.124
11053.0 1.124 1.0
8623.0 1.0 1.0
4278.0 1.0 1.472
4399.0 1.472 1.766
6136.0 1.766 1.333
9508.0 1.333 1.118
9684.0 1.118 1.016
6834.0 1.016 1.034
4569.0 1.034 1.489
4329.0 1.489 1.787
5545.0 1.787 1.391
9867.0 1.391 1.136
11495.0 1.136 1.0
10481.0 1.0 1.0
6271.0 1.0 1.045
4206.0 1.045 1.482
4413.0 1.482 1.778
6524.0 1.778 1.314
10378.0 1.314 1.069
11466.0 1.069 1.0
9358.0 1.0 1.0
4812.0 1.0 1.465
4177.0 1.465 1.758
4675.0 1.758 2.109
6422.0 2.109 1.568
9334.0 1.568 1.33
10484.0 1.33 1.149
9706.0 1.149 1.06
6516.0 1.06 1.095
4425.0 1.095 1.594
4273.0 1.594 1.913
5395.0 1.913 1.5
9837.0 1.5 1.232
11933.0 1.232 1.008
11495.0 1.008 1.0
7757.0 1.0 1.026
5358.0 1.026 1.092
4256.0 1.092 1.536
4809.0 1.536 1.843
7120.0 1.843 1.318
10384.0 1.318 1.089
10502.0 1.089 1.0
7498.0 1.0 1.01
5183.0 1.01 1.053
4215.0 1.053 1.477
6061.0 1.477 1.119
10413.0 1.119 1.0
11355.0 1.0 1.0
8573.0 1.0 1.0
4397.0 1.0 1.444
4310.0 1.444 1.733
6608.0 1.733 1.275
10382.0 1.275 1.031
11158.0 1.031 1.0
8464.0 1.0 1.0
4176.0 1.0 1.444
4939.0 1.444 1.732
7572.0 1.732 1.208
10924.0 1.208 1.0
11550.0 1.0 1.0
8768.0 1.0 1.0
4176.0 1.0 1.453
4651.0 1.453 1.744
6650.0 1.744 1.28
10066.0 1.28 1.059
10726.0 1.059 1.0
8460.0 1.0 1.0
4250.0 1.0 1.449
4307.0 1.449 1.739
5954.0 1.739 1.325
9762.0 1.325 1.095
10618.0 1.095 1.0
7962.0 1.0 1.0
5647.0 1.0 1.033
4292.0 1.033 1.459
4959.0 1.459 1.75
7484.0 1.75 1.226
10096.0 1.226 1.037
9592.0 1.037 1.0
6146.0 1.0 1.044
4197.0 1.044 1.487
4364.0 1.487 1.784
5570.0 1.784 1.387
9624.0 1.387 1.144
10880.0 1.144 1.0
9386.0 1.0 1.0
5176.0 1.0 1.082
4177.0 1.082 1.519
5181.0 1.519 1.204
7600.0 1.204 1.082
10706.0 1.082 1.0
10044.0 1.0 1.0
6506.0 1.0 1.041
4176.0 1.041 1.511
4372.0 1.511 1.813
6005.0 1.813 1.378
10127.0 1.378 1.114
11891.0 1.114 1.0
10339.0 1.0 1.0
5625.0 1.0 1.084
4186.0 1.084 1.416
5306.0 1.416 1.115
7992.0 1.115 1.0
10066.0 1.0 1.0
7452.0 1.0 1.004
5389.0 1.004 1.043
4217.0 1.043 1.36
6001.0 1.36 1.034
8778.0 1.034 1.0
10576.0 1.0 1.0
8214.0 1.0 1.0
6403.0 1.0 1.021
4309.0 1.021 1.456
4283.0 1.456 1.748
6211.0 1.748 1.314
9649.0 1.314 1.1
10479.0 1.1 1.0
8391.0 1.0 1.0
6496.0 1.0 1.013
4176.0 1.013 1.47
4869.0 1.47 1.764
7018.0 1.764 1.269
9872.0 1.269 1.07
10416.0 1.07 1.0
8158.0 1.0 1.0
6011.0 1.0 1.023
4205.0 1.023 1.455
4720.0 1.455 1.746
6811.0 1.746 1.27
9821.0 1.27 1.062
10131.0 1.062 1.0
7907.0 1.0 1.0
6012.0 1.0 1.034
4176.0 1.034 1.463
4463.0 1.463 1.756
6419.0 1.756 1.305
9315.0 1.305 1.129
9895.0 1.129 1.013
7699.0 1.013 1.004
5741.0 1.004 1.027
4259.0 1.027 1.464
4820.0 1.464 1.756
7028.0 1.756 1.263
10008.0 1.263 1.052
10234.0 1.052 1.0
7446.0 1.0 1.006
5047.0 1.006 1.057
4193.0 1.057 1.375
6160.0 1.375 1.036
9414.0 1.036 1.0
8232.0 1.0 1.0
6925.0 1.0 1.0
5198.0 1.0 1.031
4525.0 1.031 1.447
6751.0 1.447 1.056
9185.0 1.056 1.0
6877.0 1.0 1.008
5150.0 1.008 1.054
4272.0 1.054 1.371
5135.0 1.371 1.09
7712.0 1.09 1.0
9872.0 1.0 1.0
9694.0 1.0 1.0
6408.0 1.0 1.028
4429.0 1.028 1.466
4517.0 1.466 1.759
5810.0 1.759 1.35
9728.0 1.35 1.129
10990.0 1.129 1.0
9208.0 1.0 1.0
4998.0 1.0 1.485
4356.0 1.485 1.941
5639.0 1.941 1.503
9117.0 1.503 1.284
10311.0 1.284 1.099
9077.0 1.099 1.033
5973.0 1.033 1.071
4176.0 1.071 1.513
4717.0 1.513 1.816
6947.0 1.816 1.311
10077.0 1.311 1.08
10299.0 1.08 1.0
7933.0 1.0 1.0
5786.0 1.0 1.028
4233.0 1.028 1.448
5137.0 1.448 1.15
7787.0 1.15 1.026
9229.0 1.026 1.0
7799.0 1.0 1.0
5988.0 1.0 1.015
4176.0 1.015 1.44
4414.0 1.44 1.728
6445.0 1.728 1.283
9271.0 1.283 1.092
9121.0 1.092 1.004
6495.0 1.004 1.019
4467.0 1.019 1.451
4298.0 1.451 1.741
6455.0 1.741 1.291
8931.0 1.291 1.124
8953.0 1.124 1.039
6265.0 1.039 1.061
4518.0 1.061 1.516
4509.0 1.516 1.819
6244.0 1.819 1.365
8716.0 1.365 1.2
8852.0 1.2 1.108
6790.0 1.108 1.105
5128.0 1.105 1.14
4245.0 1.14 1.601
5656.0 1.601 1.239
9130.0 1.239 1.053
8846.0 1.053 1.0
5732.0 1.0 1.04
4259.0 1.04 1.471
4844.0 1.471 1.765
6662.0 1.765 1.295
9356.0 1.295 1.11
9328.0 1.11 1.017
6960.0 1.017 1.018
5035.0 1.018 1.063
4220.0 1.063 1.491
5460.0 1.491 1.165
7689.0 1.165 1.05
10071.0 1.05 1.0
8343.0 1.0 1.0
6364.0 1.0 1.011
4301.0 1.011 1.443
4652.0 1.443 1.731
6693.0 1.731 1.268
9451.0 1.268 1.082
8977.0 1.082 1.008
5713.0 1.008 1.05
4176.0 1.05 1.492
4896.0 1.492 1.79
7549.0 1.79 1.25
10543.0 1.25 1.03
10463.0 1.03 1.0
7417.0 1.0 1.005
5102.0 1.005 1.056
4231.0 1.056 1.374
4660.0 1.374 1.649
7417.0 1.649 1.16
10361.0 1.16 1.0
9319.0 1.0 1.0
5025.0 1.0 1.067
4327.0 1.067 1.495
5923.0 1.495 1.141
10159.0 1.141 1.0
11139.0 1.0 1.0
8441.0 1.0 1.0
6126.0 1.0 1.039
4205.0 1.039 1.476
4229.0 1.476 1.771
5729.0 1.771 1.365
9293.0 1.365 1.162
10609.0 1.162 1.003
9169.0 1.003 1.0
4923.0 1.0 1.484
4254.0 1.484 1.781
4945.0 1.781 2.137
9065.0 2.137 1.584
10730.0 1.584 1.358
9602.0 1.358 1.264
6656.0 1.264 1.293
4843.0 1.293 1.886
4187.0 1.886 2.458
4389.0 2.458 2.949
5915.0 2.949 2.251
9335.0 2.251 1.899
10763.0 1.899 1.623
9512.0 1.623 1.516
7422.0 1.516 1.511
4512.0 1.511 2.194
4262.0 2.194 2.857
5472.0 2.857 2.232
8044.0 2.232 1.98
10633.0 1.98 1.661
10267.0 1.661 1.5
7279.0 1.5 1.521
4585.0 1.521 2.224
4321.0 2.224 2.669
5881.0 2.669 2.041
8539.0 2.041 1.784
10066.0 1.784 1.531
9052.0 1.531 1.438
6754.0 1.438 1.463
4266.0 1.463 2.089
4184.0 2.089 2.507
6680.0 2.507 1.837
9516.0 1.837 1.543
10842.0 1.543 1.31
9892.0 1.31 1.207
7072.0 1.207 1.227
4249.0 1.227 1.75
4567.0 1.75 2.1
6293.0 2.1 1.572
9421.0 1.572 1.321
10263.0 1.321 1.139
8479.0 1.139 1.099
4733.0 1.099 1.598
4327.0 1.598 1.918
5173.0 1.918 1.521
9299.0 1.521 1.273
11127.0 1.273 1.073
10543.0 1.073 1.0
7227.0 1.0 1.014
4912.0 1.014 1.488
4176.0 1.488 1.786
4967.0 1.786 2.143
9535.0 2.143 1.566
11401.0 1.566 1.288
10249.0 1.288 1.182
7045.0 1.182 1.202
5106.0 1.202 1.245
4213.0 1.245 1.752
4552.0 1.752 2.103
5863.0 2.103 1.609
9253.0 1.609 1.356
10181.0 1.356 1.18
9393.0 1.18 1.086
6501.0 1.086 1.11
4520.0 1.11 1.591
4258.0 1.591 1.909
5081.0 1.909 1.521
9085.0 1.521 1.122
10747.0 1.122 1.0
9715.0 1.0 1.0
5757.0 1.0 1.046
4176.0 1.046 1.483
4890.0 1.483 1.78
7595.0 1.78 1.239
10619.0 1.239 1.01
9837.0 1.01 1.0
6129.0 1.0 1.038
4236.0 1.038 1.478
4714.0 1.478 1.773
6978.0 1.773 1.278
9632.0 1.278 1.095
9940.0 1.095 1.0
7862.0 1.0 1.0
5883.0 1.0 1.023
4311.0 1.023 1.444
4627.0 1.444 1.732
7260.0 1.732 1.229
10528.0 1.229 1.01
10644.0 1.01 1.0
7778.0 1.0 1.003
4287.0 1.003 1.464
4176.0 1.464 1.931
4176.0 1.931 2.317
4255.0 2.317 2.781
4248.0 2.781 3.337
4228.0 3.337 4.004
4504.0 4.004 4.805
4981.0 4.805 5.766
7099.0 5.766 4.128
8594.0 4.128 3.7
8360.0 3.7 3.471
7460.0 3.471 3.364
5452.0 3.364 3.466
4345.0 3.466 4.522
4595.0 4.522 5.426
6719.0 5.426 3.968
10279.0 3.968 3.255
11898.0 3.255 2.688
11187.0 2.688 2.391
8615.0 2.391 2.359
5576.0 2.359 2.467
4176.0 2.467 3.505
4487.0 3.505 4.206
5295.0 4.206 3.315
7587.0 3.315 2.65
9183.0 2.65 2.337
8862.0 2.337 2.167
7260.0 2.167 2.135
5934.0 2.135 2.163
4414.0 2.163 3.069
4326.0 3.069 3.683
6046.0 3.683 2.793
9247.0 2.793 2.366
11763.0 2.366 1.944
10835.0 1.944 1.751
8048.0 1.751 1.751
5036.0 1.751 1.852
4277.0 1.852 2.409
4811.0 2.409 2.89
7373.0 2.89 2.33
8603.0 2.33 2.105
8228.0 2.105 1.985
6689.0 1.985 1.979
5065.0 1.979 2.041
4423.0 2.041 2.654
6225.0 2.654 1.993
10025.0 1.993 1.641
12770.0 1.641 1.304
11609.0 1.304 1.156
8731.0 1.156 1.146
4176.0 1.146 1.666
4187.0 1.666 1.999
5164.0 1.999 1.586
8556.0 1.586 1.374
10084.0 1.374 1.195
9796.0 1.195 1.086
7252.0 1.086 1.091
5103.0 1.091 1.135
4176.0 1.135 1.59
4923.0 1.59 1.909
6668.0 1.909 1.399
9828.0 1.399 1.177
10608.0 1.177 1.018
9274.0 1.018 1.0
4948.0 1.0 1.476
4306.0 1.476 1.771
4966.0 1.771 2.125
9370.0 2.125 1.565
10801.0 1.565 1.341
8548.0 1.341 1.306
5186.0 1.306 1.389
4176.0 1.389 1.95
4204.0 1.95 2.34
5249.0 2.34 1.849
8027.0 1.849 1.634
8885.0 1.634 1.481
8879.0 1.481 1.373
7301.0 1.373 1.35
4737.0 1.35 1.952
4176.0 1.952 2.342
4468.0 2.342 2.811
7168.0 2.811 2.005
10585.0 2.005 1.642
10375.0 1.642 1.474
7207.0 1.474 1.504
4176.0 1.504 2.155
4245.0 2.155 2.586
5880.0 2.586 1.978
9008.0 1.978 1.68
10394.0 1.68 1.452
8837.0 1.452 1.385
6443.0 1.385 1.413
4176.0 1.413 1.857
4647.0 1.857 2.229
8403.0 2.229 1.48
10809.0 1.48 1.248
9807.0 1.248 1.148
6347.0 1.148 1.203
4176.0 1.203 1.743
4468.0 1.743 2.092
4914.0 2.092 2.51
8346.0 2.51 1.672
10179.0 1.672 1.442
8550.0 1.442 1.388
5820.0 1.388 1.449
4257.0 1.449 2.085
4205.0 2.085 2.502
5954.0 2.502 1.906
9368.0 1.906 1.6
10859.0 1.6 1.344
9380.0 1.344 1.267
6218.0 1.267 1.317
4341.0 1.317 1.885
4258.0 1.885 2.262
4547.0 2.262 2.714
7073.0 2.714 1.946
9917.0 1.946 1.639
9329.0 1.639 1.521
6749.0 1.521 1.553
4245.0 1.553 2.218
4471.0 2.218 2.661
6513.0 2.661 1.968
6987.0 1.968 1.866
6047.0 1.866 1.86
4385.0 1.86 2.642
4247.0 2.642 3.17
5344.0 3.17 2.493
8020.0 2.493 2.227
8521.0 2.227 2.036
7138.0 2.036 1.997
5478.0 1.997 2.043
4194.0 2.043 2.9
4974.0 2.9 3.48
6792.0 3.48 2.534
8331.0 2.534 2.277
7908.0 2.277 2.165
6858.0 2.165 2.138
5186.0 2.138 2.205
4224.0 2.205 3.109
5336.0 3.109 2.446
7044.0 2.446 2.259
8778.0 2.259 2.015
7977.0 2.015 1.926
6819.0 1.926 1.902
5185.0 1.902 1.956
4404.0 1.956 2.547
6436.0 2.547 1.891
8370.0 1.891 1.688
8678.0 1.688 1.552
7658.0 1.552 1.499
5758.0 1.499 1.542
4387.0 1.542 2.173
5125.0 2.173 1.728
7683.0 1.728 1.548
8573.0 1.548 1.416
7993.0 1.416 1.349
6061.0 1.349 1.366
5092.0 1.366 1.404
4254.0 1.404 1.968
5210.0 1.968 1.558
8218.0 1.558 1.376
8630.0 1.376 1.265
6766.0 1.265 1.264
4314.0 1.264 1.665
5525.0 1.665 1.297
8483.0 1.297 1.133
8647.0 1.133 1.048
6751.0 1.048 1.046
5158.0 1.046 1.08
4374.0 1.08 1.514
6043.0 1.514 1.148
8741.0 1.148 1.007
7041.0 1.007 1.0
5207.0 1.0 1.041
4312.0 1.041 1.465
6109.0 1.465 1.107
8601.0 1.107 1.0
7867.0 1.0 1.0
6644.0 1.0 1.0
5085.0 1.0 1.028
4255.0 1.028 1.337
5787.0 1.337 1.028
8374.0 1.028 1.0
8986.0 1.0 1.0
5868.0 1.0 1.041
4176.0 1.041 1.475
4604.0 1.475 1.77
6688.0 1.77 1.296
9070.0 1.296 1.136
8972.0 1.136 1.05
6106.0 1.05 1.076
4359.0 1.076 1.533
4219.0 1.533 1.839
5596.0 1.839 1.428
8508.0 1.428 1.253
9106.0 1.253 1.134
7210.0 1.134 1.125
5892.0 1.125 1.142
4515.0 1.142 1.63
4320.0 1.63 1.956
5271.0 1.956 1.544
8817.0 1.544 1.323
9803.0 1.323 1.174
8371.0 1.174 1.129
5325.0 1.129 1.181
4317.0 1.181 1.659
4825.0 1.659 1.991
6705.0 1.991 1.457
8887.0 1.457 1.284
9133.0 1.284 1.169
7067.0 1.169 1.163
5722.0 1.163 1.184
4310.0 1.184 1.69
4916.0 1.69 2.027
6636.0 2.027 1.489
8636.0 1.489 1.318
8296.0 1.318 1.24
5552.0 1.24 1.295
4255.0 1.295 1.826
4684.0 1.826 2.191
7694.0 2.191 1.747
8634.0 1.747 1.585
8538.0 1.585 1.477
7290.0 1.477 1.45
5346.0 1.45 1.485
4204.0 1.485 2.089
4415.0 2.089 2.507
6827.0 2.507 1.822
9149.0 1.822 1.594
9201.0 1.594 1.455
7589.0 1.455 1.427
5219.0 1.427 1.486
4297.0 1.486 2.098
4518.0 2.098 2.518
6800.0 2.518 1.833
9086.0 1.833 1.602
8438.0 1.602 1.508
6460.0 1.508 1.52
4313.0 1.52 2.164
4589.0 2.164 2.597
7535.0 2.597 1.814
8864.0 1.814 1.627
8036.0 1.627 1.554
5886.0 1.554 1.593
4177.0 1.593 2.253
4522.0 2.253 2.703
7102.0 2.703 1.935
9571.0 1.935 1.661
9328.0 1.661 1.533
7726.0 1.533 1.499
5188.0 1.499 1.569
4176.0 1.569 2.2
4378.0 2.2 2.64
7116.0 2.64 1.889
9111.0 1.889 1.659
8463.0 1.659 1.569
6935.0 1.569 1.558
4567.0 1.558 2.242
4425.0 2.242 2.691
6047.0 2.691 2.04
8505.0 2.04 1.78
9018.0 1.78 1.62
7926.0 1.62 1.56
6068.0 1.56 1.586
4388.0 1.586 2.258
4444.0 2.258 2.71
7294.0 2.71 1.919
8863.0 1.919 1.714
8260.0 1.714 1.627
6468.0 1.627 1.641
4400.0 1.641 2.343
4426.0 2.343 3.056
5870.0 3.056 2.339
8498.0 2.339 2.054
8498.0 2.054 1.907
6242.0 1.907 1.942
4208.0 1.942 2.771
4296.0 2.771 3.604
5424.0 3.604 2.822
7971.0 2.822 2.518
8484.0 2.518 2.306
7242.0 2.306 2.263
5712.0 2.263 2.302
4274.0 2.302 3.27
4308.0 3.27 3.924
5694.0 3.924 3.03
8310.0 3.03 2.66
9693.0 2.66 2.332
9509.0 2.332 2.134
7547.0 2.134 2.111
5597.0 2.111 2.18
4198.0 2.18 3.106
5027.0 3.106 2.481
6895.0 2.481 2.046
9031.0 2.046 1.81
8992.0 1.81 1.667
7806.0 1.667 1.609
5902.0 1.609 1.642
4176.0 1.642 2.149
4805.0 2.149 2.579
7697.0 2.579 2.055
9632.0 2.055 1.791
8978.0 1.791 1.671
7188.0 1.671 1.661
4888.0 1.661 2.387
4176.0 2.387 3.103
5067.0 3.103 2.474
7099.0 2.474 2.021
9205.0 2.021 1.772
8929.0 1.772 1.646
7457.0 1.646 1.614
5005.0 1.614 1.683
4219.0 1.683 2.369
4417.0 2.369 3.081
6105.0 3.081 2.329
8466.0 2.329 2.038
8589.0 2.038 1.877
6822.0 1.877 1.869
5296.0 1.869 1.918
4474.0 1.918 2.499
6756.0 2.499 1.824
8818.0 1.824 1.605
9048.0 1.605 1.46
7596.0 1.46 1.428
5518.0 1.428 1.465
4231.0 1.465 2.066
4562.0 2.066 2.479
6884.0 2.479 1.796
9008.0 1.796 1.572
8758.0 1.572 1.458
7164.0 1.458 1.445
4732.0 1.445 2.084
4200.0 2.084 2.715
5423.0 2.715 2.126
7685.0 2.126 1.908
9147.0 1.908 1.684
8718.0 1.684 1.571
6836.0 1.571 1.575
4734.0 1.575 2.248
4176.0 2.248 2.697
5816.0 2.697 2.07
7616.0 2.07 1.871
7938.0 1.871 1.745
7226.0 1.745 1.693
5608.0 1.693 1.725
4232.0 1.725 2.441
5048.0 2.441 1.948
7366.0 1.948 1.772
8436.0 1.772 1.606
7048.0 1.606 1.58
4674.0 1.58 2.268
4176.0 2.268 2.722
5317.0 2.722 2.143
7679.0 2.143 1.923
8953.0 1.923 1.711
7447.0 1.711 1.681
5217.0 1.681 1.746
4380.0 1.746 2.274
4919.0 2.274 2.729
7653.0 2.729 2.178
8700.0 2.178 1.971
8493.0 1.971 1.844
7315.0 1.844 1.804
5631.0 1.804 1.852
4176.0 1.852 2.612
4384.0 2.612 3.134
6064.0 3.134 2.374
8899.0 2.374 2.056
9229.0 2.056 1.865
7825.0 1.865 1.815
5993.0 1.815 1.859
4333.0 1.859 2.649
4425.0 2.649 3.456
5861.0 3.456 2.646
8609.0 2.646 2.313
9365.0 2.313 2.073
8660.0 2.073 1.95
6518.0 1.95 1.967
4574.0 1.967 2.818
4795.0 2.818 3.381
6695.0 3.381 2.476
8357.0 2.476 2.201
7361.0 2.201 2.134
5565.0 2.134 2.205
4248.0 2.205 3.102
4547.0 3.102 3.722
5989.0 3.722 2.83
7750.0 2.83 2.578
7870.0 2.578 2.422
7111.0 2.422 2.356
5551.0 2.356 2.405
4261.0 2.405 3.397
4997.0 3.397 4.076
7703.0 4.076 3.233
8991.0 3.233 2.856
8623.0 2.856 2.673
6976.0 2.673 2.664
5140.0 2.664 2.746
4176.0 2.746 3.857
4622.0 3.857 4.629
6452.0 4.629 3.434
9148.0 3.434 2.967
9388.0 2.967 2.688
7324.0 2.688 2.675
4954.0 2.675 3.846
4176.0 3.846 4.615
4573.0 4.615 5.539
6055.0 5.539 4.197
8523.0 4.197 3.23
9803.0 3.23 2.842
8751.0 2.842 2.688
6975.0 2.688 2.701
4602.0 2.701 3.899
4233.0 3.899 4.678
4677.0 4.678 5.614
6402.0 5.614 4.176
8962.0 4.176 3.625
9520.0 3.625 3.254
8034.0 3.254 3.159
5630.0 3.159 3.251
4379.0 3.251 4.589
4572.0 4.589 5.507
5772.0 5.507 4.236
8540.0 4.236 3.681
9994.0 3.681 3.171
9775.0 3.171 2.883
8023.0 2.883 2.808
6121.0 2.808 2.863
4176.0 2.863 4.047
4377.0 4.047 4.856
5928.0 4.856 3.705
9304.0 3.705 3.143
11260.0 3.143 2.599
10509.0 2.599 2.347
7757.0 2.347 2.346
4601.0 2.346 3.411
4265.0 3.411 4.093
5193.0 4.093 3.243
7653.0 3.243 2.911
9498.0 2.911 2.527
8982.0 2.527 2.351
7269.0 2.351 2.326
4722.0 2.326 3.379
4343.0 3.379 4.055
5235.0 4.055 3.206
7974.0 3.206 2.511
9950.0 2.511 2.178
9773.0 2.178 1.978
8216.0 1.978 1.912
6142.0 1.912 1.955
4242.0 1.955 2.798
4206.0 2.798 3.357
5308.0 3.357 2.645
7168.0 2.645 2.159
7750.0 2.159 2.024
6896.0 2.024 1.979
5436.0 1.979 2.014
4176.0 2.014 2.832
4602.0 2.832 3.398
5860.0 3.398 2.602
7810.0 2.602 2.071
7645.0 2.071 1.971
6713.0 1.971 1.938
5199.0 1.938 1.99
4179.0 1.99 2.59
4732.0 2.59 3.108
6778.0 3.108 2.266
9043.0 2.266 1.972
8359.0 1.972 1.862
7183.0 1.862 1.836
5419.0 1.836 1.884
4199.0 1.884 2.654
4324.0 2.654 3.185
6276.0 3.185 2.386
8652.0 2.386 2.099
8697.0 2.099 1.939
7206.0 1.939 1.918
5298.0 1.918 1.993
4233.0 1.993 2.799
4302.0 2.799 3.359
6080.0 3.359 2.542
8534.0 2.542 2.227
8648.0 2.227 2.056
7433.0 2.056 2.005
6189.0 2.005 2.015
4399.0 2.015 2.87
4731.0 2.87 3.444
6741.0 3.444 2.515
8622.0 2.515 2.231
8544.0 2.231 2.073
7185.0 2.073 2.038
5587.0 2.038 2.077
4311.0 2.077 2.921
5323.0 2.921 2.299
7435.0 2.299 1.852
9517.0 1.852 1.618
8437.0 1.618 1.539
6313.0 1.539 1.563
4412.0 1.563 2.219
4556.0 2.219 2.663
7276.0 2.663 1.888
9604.0 1.888 1.625
9286.0 1.625 1.498
7376.0 1.498 1.483
4666.0 1.483 2.148
4263.0 2.148 2.578
5411.0 2.578 2.02
7929.0 2.02 1.795
8973.0 1.795 1.595
8547.0 1.595 1.496
7197.0 1.496 1.473
4977.0 1.473 2.121
4385.0 2.121 2.545
6163.0 2.545 1.918
8681.0 1.918 1.674
9279.0 1.674 1.511
8593.0 1.511 1.422
6653.0 1.422 1.433
4314.0 1.433 2.043
4357.0 2.043 2.451
7175.0 2.451 1.748
9101.0 1.748 1.547
8591.0 1.547 1.45
6823.0 1.45 1.45
4253.0 1.45 2.062
4335.0 2.062 2.474
5681.0 2.474 1.912
6917.0 1.912 1.783
6565.0 1.783 1.736
5655.0 1.736 1.742
4407.0 1.742 2.452
4211.0 2.452 2.942
6223.0 2.942 2.21
7522.0 2.21 2.038
6848.0 2.038 1.983
5616.0 1.983 2.008
4176.0 2.008 2.623
4612.0 2.623 3.148
6656.0 3.148 2.31
9443.0 2.31 1.963
9476.0 1.963 1.783
7487.0 1.783 1.77
5319.0 1.77 1.863
4187.0 1.863 2.428
4372.0 2.428 2.914
5984.0 2.914 2.217
6530.0 2.217 2.113
5544.0 2.113 2.132
4241.0 2.132 3.001
5041.0 3.001 2.396
6803.0 2.396 1.984
7983.0 1.984 1.809
7533.0 1.809 1.732
6257.0 1.732 1.736
4483.0 1.736 2.465
4408.0 2.465 2.958
5872.0 2.958 2.263
8395.0 2.263 2.009
7951.0 2.009 1.912
6849.0 1.912 1.883
4983.0 1.883 2.705
4372.0 2.705 3.519
6024.0 3.519 2.671
8064.0 2.671 2.402
7734.0 2.402 2.288
6087.0 2.288 2.313
4499.0 2.313 3.281
4538.0 3.281 3.937
5688.0 3.937 3.041
7737.0 3.041 2.754
7806.0 2.754 2.599
6837.0 2.599 2.552
5235.0 2.552 2.622
4176.0 2.622 3.684
5292.0 3.684 2.905
7404.0 2.905 2.639
7836.0 2.639 2.455
6972.0 2.455 2.404
5136.0 2.404 2.487
4226.0 2.487 3.236
5328.0 3.236 2.546
7746.0 2.546 2.29
7455.0 2.29 2.189
