5100.0 1.0 1.0
5100.0 1.0 1.0
5100.0 1.0 1.0
4260.0 1.0 1.401
4260.0 1.401 1.681
4791.0 1.681 2.018
4743.0 2.018 2.421
4663.0 2.421 2.905
4765.0 2.905 3.487
4627.0 3.487 4.184
4886.0 4.184 5.021
5465.0 5.021 3.923
7389.0 3.923 3.58
8857.0 3.58 3.198
8661.0 3.198 2.973
7421.0 2.973 2.902
6035.0 2.902 2.924
4361.0 2.924 4.134
4686.0 4.134 4.96
5949.0 4.96 3.78
8629.0 3.78 3.303
9353.0 3.303 2.957
9121.0 2.957 2.731
7437.0 2.731 2.692
5634.0 2.692 2.765
4176.0 2.765 3.91
4560.0 3.91 4.692
6144.0 4.692 3.539
8856.0 3.539 3.073
10312.0 3.073 2.652
9904.0 2.652 2.406
7828.0 2.406 2.362
5527.0 2.362 2.43
4176.0 2.43 3.415
4406.0 3.415 4.098
5592.0 4.098 3.181
8397.0 3.181 2.788
10041.0 2.788 2.425
9853.0 2.425 2.202
8140.0 2.202 2.144
5539.0 2.144 2.214
4176.0 2.214 3.122
5072.0 3.122 2.489
6970.0 2.489 2.046
9556.0 2.046 1.76
9601.0 1.76 1.598
7801.0 1.598 1.573
5457.0 1.573 1.637
4271.0 1.637 2.136
4811.0 2.136 2.563
7991.0 2.563 2.008
9446.0 2.008 1.775
9425.0 1.775 1.629
7973.0 1.629 1.583
5663.0 1.583 1.633
4321.0 1.633 2.134
4626.0 2.134 2.56
7712.0 2.56 2.034
10583.0 2.034 1.692
11144.0 1.692 1.463
8594.0 1.463 1.426
5782.0 1.426 1.468
4201.0 1.468 2.09
4325.0 2.09 2.509
5533.0 2.509 1.953
8123.0 1.953 1.729
9471.0 1.729 1.524
9277.0 1.524 1.401
7763.0 1.401 1.371
5697.0 1.371 1.401
4176.0 1.401 1.98
4503.0 1.98 2.376
6891.0 2.376 1.721
9609.0 1.721 1.464
10881.0 1.464 1.251
10175.0 1.251 1.138
7843.0 1.138 1.122
4176.0 1.122 1.612
4379.0 1.612 1.935
5860.0 1.935 1.481
9392.0 1.481 1.256
10250.0 1.256 1.099
9060.0 1.099 1.037
5448.0 1.037 1.094
4237.0 1.094 1.54
4888.0 1.54 1.848
7132.0 1.848 1.321
9500.0 1.321 1.149
9226.0 1.149 1.056
7122.0 1.056 1.054
5425.0 1.054 1.089
4286.0 1.089 1.53
5172.0 1.53 1.214
7379.0 1.214 1.0
11097.0 1.0 1.0
10247.0 1.0 1.0
6289.0 1.0 1.039
4206.0 1.039 1.486
4405.0 1.486 1.783
5945.0 1.783 1.359
8735.0 1.359 1.194
8737.0 1.194 1.107
6767.0 1.107 1.111
5103.0 1.111 1.144
4176.0 1.144 1.488
4945.0 1.488 1.785
7499.0 1.785 1.432
10469.0 1.432 1.197
10939.0 1.197 1.045
8925.0 1.045 1.007
4849.0 1.007 1.471
4269.0 1.471 1.765
5084.0 1.765 1.406
8618.0 1.406 1.212
10044.0 1.212 1.058
8704.0 1.058 1.008
5588.0 1.008 1.045
4319.0 1.045 1.365
5363.0 1.365 1.072
7658.0 1.072 1.0
9355.0 1.0 1.0
8757.0 1.0 1.0
5723.0 1.0 1.038
4176.0 1.038 1.482
4768.0 1.482 1.779
6713.0 1.779 1.301
10403.0 1.301 1.07
11613.0 1.07 1.0
9855.0 1.0 1.0
5309.0 1.0 1.065
4176.0 1.065 1.503
5198.0 1.503 1.19
7304.0 1.19 1.087
10496.0 1.087 1.0
9316.0 1.0 1.0
5358.0 1.0 1.056
4176.0 1.056 1.377
5346.0 1.377 1.082
7779.0 1.082 1.0
9467.0 1.0 1.0
9121.0 1.0 1.0
5919.0 1.0 1.032
4176.0 1.032 1.465
4813.0 1.465 1.758
6776.0 1.758 1.282
10356.0 1.282 1.046
10950.0 1.046 1.0
8992.0 1.0 1.0
4194.0 1.0 1.476
4672.0 1.476 1.771
6509.0 1.771 1.31
9235.0 1.31 1.135
8855.0 1.135 1.053
6819.0 1.053 1.059
4928.0 1.059 1.521
4497.0 1.521 1.826
5077.0 1.826 1.455
9851.0 1.455 1.18
11847.0 1.18 1.0
10889.0 1.0 1.0
6679.0 1.0 1.04
4180.0 1.04 1.486
4253.0 1.486 1.783
5541.0 1.783 1.388
9423.0 1.388 1.154
11113.0 1.154 1.0
9499.0 1.0 1.0
5289.0 1.0 1.059
4225.0 1.059 1.379
5318.0 1.379 1.086
7678.0 1.086 1.0
9223.0 1.0 1.0
8541.0 1.0 1.0
5759.0 1.0 1.03
4191.0 1.03 1.459
4790.0 1.459 1.751
7065.0 1.751 1.431
9933.0 1.431 1.211
10309.0 1.211 1.073
8535.0 1.073 1.034
4629.0 1.034 1.501
4290.0 1.501 1.801
5341.0 1.801 1.417
8899.0 1.417 1.059
10329.0 1.059 1.0
8905.0 1.0 1.0
4779.0 1.0 1.463
4176.0 1.463 1.908
4725.0 1.908 2.289
8805.0 2.289 1.721
10671.0 1.721 1.464
9306.0 1.464 1.376
6584.0 1.376 1.418
4380.0 1.418 1.866
4730.0 1.866 2.239
8276.0 2.239 1.737
10148.0 1.737 1.473
9416.0 1.473 1.365
7272.0 1.365 1.372
4302.0 1.372 1.998
4261.0 1.998 2.398
6018.0 2.398 1.821
8718.0 1.821 1.586
10192.0 1.586 1.367
10040.0 1.367 1.232
8010.0 1.232 1.209
4632.0 1.209 1.761
4328.0 1.761 2.113
4823.0 2.113 2.536
7999.0 2.536 1.98
10858.0 1.98 1.643
10408.0 1.643 1.479
7414.0 1.479 1.488
4482.0 1.488 2.141
4293.0 2.141 2.569
5725.0 2.569 1.981
8137.0 1.981 1.754
9099.0 1.754 1.574
9213.0 1.574 1.435
7885.0 1.435 1.391
5691.0 1.391 1.422
4336.0 1.422 2.029
4356.0 2.029 2.639
6448.0 2.639 1.958
10369.0 1.958 1.593
11290.0 1.593 1.361
9412.0 1.361 1.29
5988.0 1.29 1.347
4176.0 1.347 1.948
4176.0 1.948 2.338
4725.0 2.338 2.805
6991.0 2.805 2.021
9382.0 2.021 1.752
9526.0 1.752 1.588
8114.0 1.588 1.533
6042.0 1.533 1.563
4236.0 1.563 2.206
4812.0 2.206 2.647
7906.0 2.647 2.076
11941.0 2.076 1.618
13009.0 1.618 1.324
10534.0 1.324 1.242
7094.0 1.242 1.292
4197.0 1.292 1.836
4629.0 1.836 2.203
8785.0 2.203 1.663
12403.0 1.663 1.304
12031.0 1.304 1.127
9067.0 1.127 1.105
4322.0 1.105 1.634
4318.0 1.634 1.961
4970.0 1.961 2.353
8114.0 2.353 1.832
9188.0 1.832 1.639
8198.0 1.639 1.565
6374.0 1.565 1.577
4243.0 1.577 2.253
4443.0 2.253 2.704
7193.0 2.704 1.926
10925.0 1.926 1.555
11207.0 1.555 1.348
7682.0 1.348 1.372
4214.0 1.372 2.017
4281.0 2.017 2.421
6069.0 2.421 1.833
8497.0 1.833 1.602
8771.0 1.602 1.462
7971.0 1.462 1.405
5655.0 1.405 1.456
4179.0 1.456 2.059
4195.0 2.059 2.471
6829.0 2.471 1.796
10157.0 1.796 1.471
12260.0 1.471 1.209
10232.0 1.209 1.132
6426.0 1.132 1.197
4339.0 1.197 1.71
4325.0 1.71 2.052
4644.0 2.052 2.463
7920.0 2.463 1.933
9306.0 1.933 1.7
8043.0 1.7 1.639
6001.0 1.639 1.67
4233.0 1.67 2.363
4424.0 2.363 2.836
7188.0 2.836 2.02
10935.0 2.02 1.625
12168.0 1.625 1.351
9594.0 1.351 1.296
5744.0 1.296 1.391
4211.0 1.391 2.0
4381.0 2.0 2.4
6435.0 2.4 1.782
8721.0 1.782 1.55
9155.0 1.55 1.386
8167.0 1.386 1.326
5803.0 1.326 1.358
4390.0 1.358 1.925
4177.0 1.925 2.31
4997.0 2.31 2.772
8689.0 2.772 2.098
11560.0 2.098 1.669
11914.0 1.669 1.422
9583.0 1.422 1.357
6101.0 1.357 1.44
4177.0 1.44 2.047
4236.0 2.047 2.662
6064.0 2.662 2.016
8706.0 2.016 1.754
10251.0 1.754 1.519
9330.0 1.519 1.416
6776.0 1.416 1.437
4217.0 1.437 2.048
4335.0 2.048 2.458
6837.0 2.458 1.785
10211.0 1.785 1.457
11894.0 1.457 1.21
9614.0 1.21 1.155
5820.0 1.155 1.219
4176.0 1.219 1.737
4665.0 1.737 2.084
5597.0 2.084 1.617
9419.0 1.617 1.362
11321.0 1.362 1.139
11093.0 1.139 1.005
7933.0 1.005 1.0
5572.0 1.0 1.058
4250.0 1.058 1.488
4437.0 1.488 1.786
6320.0 1.786 1.334
9964.0 1.334 1.102
10238.0 1.102 1.0
7502.0 1.0 1.004
5271.0 1.004 1.055
4264.0 1.055 1.374
5133.0 1.374 1.092
7972.0 1.092 1.0
10304.0 1.0 1.0
8278.0 1.0 1.0
6383.0 1.0 1.029
4320.0 1.029 1.466
4416.0 1.466 1.759
5795.0 1.759 1.352
9969.0 1.352 1.1
11497.0 1.1 1.0
10247.0 1.0 1.0
5953.0 1.0 1.068
4235.0 1.068 1.519
4658.0 1.519 1.823
6489.0 1.823 1.35
10409.0 1.35 1.094
10995.0 1.094 1.0
8157.0 1.0 1.0
5842.0 1.0 1.031
4192.0 1.031 1.461
5053.0 1.461 1.166
7250.0 1.166 1.0
10562.0 1.0 1.0
9460.0 1.0 1.0
5502.0 1.0 1.071
4328.0 1.071 1.51
5141.0 1.51 1.199
7862.0 1.199 1.064
10826.0 1.064 1.0
10152.0 1.0 1.0
6446.0 1.0 1.045
4221.0 1.045 1.516
4400.0 1.516 1.82
5465.0 1.82 1.422
9705.0 1.422 1.18
11263.0 1.18 1.0
10053.0 1.0 1.0
6095.0 1.0 1.041
4176.0 1.041 1.48
4198.0 1.48 1.776
5294.0 1.776 1.4
7624.0 1.4 1.268
7650.0 1.268 1.198
6260.0 1.198 1.202
5008.0 1.202 1.23
4330.0 1.23 1.724
4408.0 1.724 2.069
6145.0 2.069 1.56
10327.0 1.56 1.27
12101.0 1.27 1.044
11227.0 1.044 1.0
7315.0 1.0 1.037
4832.0 1.037 1.509
4237.0 1.509 1.973
5149.0 1.973 1.567
8347.0 1.567 1.364
9829.0 1.364 1.175
9371.0 1.175 1.088
7005.0 1.088 1.1
5119.0 1.1 1.158
4372.0 1.158 1.624
5223.0 1.624 1.285
9355.0 1.285 1.076
10909.0 1.076 1.0
9321.0 1.0 1.0
5279.0 1.0 1.075
4346.0 1.075 1.511
5567.0 1.511 1.174
8543.0 1.174 1.019
11963.0 1.019 1.0
10669.0 1.0 1.0
6459.0 1.0 1.056
4217.0 1.056 1.511
4782.0 1.511 1.813
6666.0 1.813 1.329
10786.0 1.329 1.051
11852.0 1.051 1.0
9382.0 1.0 1.0
4668.0 1.0 1.492
4225.0 1.492 1.79
5382.0 1.79 1.405
9384.0 1.405 1.023
10544.0 1.023 1.0
7808.0 1.0 1.001
5745.0 1.001 1.032
4232.0 1.032 1.462
4381.0 1.462 1.754
6330.0 1.754 1.31
9802.0 1.31 1.088
10260.0 1.088 1.0
7332.0 1.0 1.013
5017.0 1.013 1.064
4271.0 1.064 1.383
6012.0 1.383 1.051
9062.0 1.051 1.0
10874.0 1.0 1.0
8092.0 1.0 1.0
5777.0 1.0 1.033
4290.0 1.033 1.455
5298.0 1.455 1.146
7975.0 1.146 1.014
10541.0 1.014 1.0
9337.0 1.0 1.0
5547.0 1.0 1.058
4176.0 1.058 1.495
5409.0 1.495 1.171
8242.0 1.171 1.025
10786.0 1.025 1.0
8254.0 1.0 1.0
6023.0 1.0 1.024
4246.0 1.024 1.456
4535.0 1.456 1.747
6292.0 1.747 1.307
9220.0 1.307 1.134
9398.0 1.134 1.03
7354.0 1.03 1.019
5618.0 1.019 1.043
4231.0 1.043 1.474
4824.0 1.474 1.768
7576.0 1.768 1.233
11714.0 1.233 1.0
12874.0 1.0 1.0
10596.0 1.0 1.0
5294.0 1.0 1.099
4261.0 1.099 1.545
5299.0 1.545 1.217
7894.0 1.217 1.0
12746.0 1.0 1.0
12400.0 1.0 1.0
8022.0 1.0 1.027
5287.0 1.027 1.077
4591.0 1.077 1.513
5416.0 1.513 1.186
8067.0 1.186 1.049
12213.0 1.049 1.0
11393.0 1.0 1.0
7267.0 1.0 1.038
4700.0 1.038 1.501
4332.0 1.501 1.801
5003.0 1.801 1.441
10071.0 1.441 1.163
12791.0 1.163 1.0
11537.0 1.0 1.0
7075.0 1.0 1.048
4256.0 1.048 1.536
4248.0 1.536 1.843
4964.0 1.843 2.212
8398.0 2.212 1.705
9709.0 1.705 1.495
9293.0 1.495 1.377
7233.0 1.377 1.376
4371.0 1.376 2.002
4196.0 2.002 2.603
4543.0 2.603 3.124
6873.0 3.124 2.265
9681.0 2.265 1.902
10926.0 1.902 1.624
9612.0 1.624 1.515
7186.0 1.515 1.543
4268.0 1.543 2.253
4344.0 2.253 2.931
5259.0 2.931 2.314
7895.0 2.314 2.063
10385.0 2.063 1.752
10196.0 1.752 1.572
7997.0 1.572 1.547
5311.0 1.547 1.61
4176.0 1.61 2.266
4391.0 2.266 2.719
5673.0 2.719 2.102
8869.0 2.102 1.802
10843.0 1.802 1.527
10387.0 1.527 1.375
8309.0 1.375 1.349
5181.0 1.349 1.418
4357.0 1.418 2.0
4176.0 2.0 2.4
5328.0 2.4 1.888
8452.0 1.888 1.644
10090.0 1.644 1.409
10232.0 1.409 1.256
8570.0 1.256 1.21
5616.0 1.21 1.255
4224.0 1.255 1.775
4350.0 1.775 2.13
5976.0 2.13 1.621
9302.0 1.621 1.361
10472.0 1.361 1.153
9646.0 1.153 1.065
6580.0 1.065 1.092
4530.0 1.092 1.589
4438.0 1.589 1.907
5674.0 1.907 1.474
8826.0 1.474 1.265
10050.0 1.265 1.096
8620.0 1.096 1.046
5210.0 1.046 1.097
4278.0 1.097 1.55
5133.0 1.55 1.232
7076.0 1.232 1.132
9742.0 1.132 1.0
7328.0 1.0 1.0
5265.0 1.0 1.053
4176.0 1.053 1.48
5271.0 1.48 1.168
7626.0 1.168 1.049
10796.0 1.049 1.0
9556.0 1.0 1.0
5346.0 1.0 1.077
4318.0 1.077 1.515
5985.0 1.515 1.152
9531.0 1.152 1.0
9649.0 1.0 1.0
6951.0 1.0 1.015
4972.0 1.015 1.478
4523.0 1.478 1.774
5697.0 1.774 1.37
9529.0 1.37 1.14
11055.0 1.14 1.0
9501.0 1.0 1.0
5375.0 1.0 1.075
4344.0 1.075 1.512
5227.0 1.512 1.196
7453.0 1.196 1.082
11303.0 1.082 1.0
9301.0 1.0 1.0
4839.0 1.0 1.467
4391.0 1.467 1.76
5025.0 1.76 1.406
8867.0 1.406 1.19
10377.0 1.19 1.025
8363.0 1.025 1.0
4405.0 1.0 1.457
4198.0 1.457 1.748
5371.0 1.748 1.373
9231.0 1.373 1.15
10615.0 1.15 1.0
9275.0 1.0 1.0
5317.0 1.0 1.073
4293.0 1.073 1.51
4895.0 1.51 1.812
6777.0 1.812 1.321
9801.0 1.321 1.11
9693.0 1.11 1.006
6399.0 1.006 1.042
4304.0 1.042 1.486
4223.0 1.486 1.783
5677.0 1.783 1.378
9977.0 1.378 1.132
11325.0 1.132 1.0
9337.0 1.0 1.0
4707.0 1.0 1.464
4511.0 1.464 1.757
5712.0 1.757 1.355
9030.0 1.355 1.147
9668.0 1.147 1.034
7040.0 1.034 1.048
5083.0 1.048 1.089
4228.0 1.089 1.528
5710.0 1.528 1.179
10528.0 1.179 1.0
10896.0 1.0 1.0
7610.0 1.0 1.015
5043.0 1.015 1.07
4176.0 1.07 1.517
5776.0 1.517 1.166
10008.0 1.166 1.0
9886.0 1.0 1.0
6432.0 1.0 1.028
4285.0 1.028 1.49
4655.0 1.49 1.788
6967.0 1.788 1.29
9701.0 1.29 1.109
10213.0 1.109 1.0
8167.0 1.0 1.0
6272.0 1.0 1.012
4317.0 1.012 1.442
4777.0 1.442 1.731
7068.0 1.731 1.241
10662.0 1.241 1.011
11836.0 1.011 1.0
9240.0 1.0 1.0
4526.0 1.0 1.484
4306.0 1.484 1.781
5360.0 1.781 1.399
9398.0 1.399 1.161
11436.0 1.161 1.0
10242.0 1.0 1.0
6200.0 1.0 1.057
4176.0 1.057 1.5
4361.0 1.5 1.801
6375.0 1.801 1.341
10013.0 1.341 1.106
11279.0 1.106 1.0
9441.0 1.0 1.0
4979.0 1.0 1.489
4365.0 1.489 1.787
5915.0 1.787 1.364
8975.0 1.364 1.171
9525.0 1.171 1.051
7193.0 1.051 1.054
5204.0 1.054 1.09
4672.0 1.09 1.531
6244.0 1.531 1.148
9822.0 1.148 1.0
10482.0 1.0 1.0
7364.0 1.0 1.013
5217.0 1.013 1.052
4278.0 1.052 1.476
4840.0 1.476 1.772
7518.0 1.772 1.419
10414.0 1.419 1.179
10600.0 1.179 1.039
8624.0 1.039 1.003
4622.0 1.003 1.455
4260.0 1.455 1.746
5332.0 1.746 1.374
9518.0 1.374 1.143
11080.0 1.143 1.0
9660.0 1.0 1.0
5786.0 1.0 1.062
4242.0 1.062 1.498
4536.0 1.498 1.798
6626.0 1.798 1.321
9662.0 1.321 1.128
10316.0 1.128 1.0
8188.0 1.0 1.0
6125.0 1.0 1.021
4176.0 1.021 1.449
4396.0 1.449 1.739
6126.0 1.739 1.313
9850.0 1.313 1.083
11008.0 1.083 1.0
9358.0 1.0 1.0
4980.0 1.0 1.468
4176.0 1.468 1.915
4914.0 1.915 2.299
8190.0 2.299 1.546
9765.0 1.546 1.353
8747.0 1.353 1.279
6083.0 1.279 1.314
4518.0 1.314 1.873
4382.0 1.873 2.44
4659.0 2.44 2.928
7983.0 2.928 1.993
11004.0 1.993 1.626
11643.0 1.626 1.377
9162.0 1.377 1.329
6052.0 1.329 1.402
4176.0 1.402 2.013
4204.0 2.013 2.416
5677.0 2.416 1.867
9267.0 1.867 1.374
11487.0 1.374 1.139
10283.0 1.139 1.044
6879.0 1.044 1.068
4584.0 1.068 1.561
4182.0 1.561 1.873
5825.0 1.873 1.436
9573.0 1.436 1.193
11251.0 1.193 1.0
10283.0 1.0 1.0
6409.0 1.0 1.049
4223.0 1.049 1.52
4649.0 1.52 1.824
6986.0 1.824 1.314
10406.0 1.314 1.068
11072.0 1.068 1.0
8856.0 1.0 1.0
4394.0 1.0 1.478
4273.0 1.478 1.774
5278.0 1.774 1.399
9278.0 1.399 1.167
10728.0 1.167 1.0
9774.0 1.0 1.0
5900.0 1.0 1.06
4212.0 1.06 1.503
4803.0 1.503 1.804
6913.0 1.804 1.305
10905.0 1.305 1.044
11989.0 1.044 1.0
9581.0 1.0 1.0
4783.0 1.0 1.495
4176.0 1.495 1.943
4880.0 1.943 2.332
8534.0 2.332 1.536
10181.0 1.536 1.316
9091.0 1.316 1.232
6085.0 1.232 1.276
4269.0 1.276 1.817
4421.0 1.817 2.18
4811.0 2.18 2.616
8653.0 2.616 1.984
10978.0 1.984 1.635
10636.0 1.635 1.463
7060.0 1.463 1.51
4176.0 1.51 2.186
4265.0 2.186 2.623
6869.0 2.623 1.902
10313.0 1.902 1.565
11354.0 1.565 1.335
9188.0 1.335 1.28
5600.0 1.28 1.364
4276.0 1.364 1.933
4290.0 1.933 2.319
4973.0 2.319 2.783
8441.0 2.783 2.133
11264.0 2.133 1.724
12065.0 1.724 1.451
9803.0 1.451 1.373
7061.0 1.373 1.408
4198.0 1.408 2.015
4518.0 2.015 2.418
7640.0 2.418 1.679
11438.0 1.679 1.337
12050.0 1.337 1.127
9750.0 1.127 1.073
5506.0 1.073 1.138
4183.0 1.138 1.607
4710.0 1.607 1.929
6763.0 1.929 1.407
10941.0 1.407 1.114
12457.0 1.114 1.0
10979.0 1.0 1.0
6433.0 1.0 1.047
4176.0 1.047 1.497
4839.0 1.497 1.797
7178.0 1.797 1.281
9788.0 1.281 1.088
9450.0 1.088 1.0
6432.0 1.0 1.023
4285.0 1.023 1.468
4274.0 1.468 1.761
5490.0 1.761 1.374
9756.0 1.374 1.133
11576.0 1.133 1.0
10186.0 1.0 1.0
5976.0 1.0 1.065
4176.0 1.065 1.512
4941.0 1.512 1.814
7334.0 1.814 1.282
11294.0 1.282 1.017
11472.0 1.017 1.0
8384.0 1.0 1.0
5901.0 1.0 1.052
4176.0 1.052 1.486
4549.0 1.486 1.783
6508.0 1.783 1.319
9886.0 1.319 1.1
10600.0 1.1 1.0
8426.0 1.0 1.0
6447.0 1.0 1.022
4300.0 1.022 1.481
4297.0 1.481 1.777
5902.0 1.777 1.358
9752.0 1.358 1.123
11086.0 1.123 1.0
9730.0 1.0 1.0
5436.0 1.0 1.057
4176.0 1.057 1.49
4921.0 1.49 1.789
7149.0 1.789 1.277
9883.0 1.277 1.078
9505.0 1.078 1.0
6103.0 1.0 1.046
4241.0 1.046 1.488
4385.0 1.488 1.786
6604.0 1.786 1.314
10332.0 1.314 1.075
11838.0 1.075 1.0
9898.0 1.0 1.0
5352.0 1.0 1.085
4176.0 1.085 1.53
4927.0 1.53 1.836
7133.0 1.836 1.312
9439.0 1.312 1.131
9497.0 1.131 1.027
7323.0 1.027 1.022
5563.0 1.022 1.046
4210.0 1.046 1.478
5118.0 1.478 1.175
7886.0 1.175 1.0
11990.0 1.0 1.0
11224.0 1.0 1.0
6930.0 1.0 1.046
4279.0 1.046 1.505
4583.0 1.505 1.806
6361.0 1.806 1.346
11117.0 1.346 1.042
12679.0 1.042 1.0
10075.0 1.0 1.0
5109.0 1.0 1.099
4279.0 1.099 1.43
5303.0 1.43 1.126
8047.0 1.126 1.0
10773.0 1.0 1.0
9671.0 1.0 1.0
5545.0 1.0 1.07
4382.0 1.07 1.509
5110.0 1.509 1.2
7658.0 1.2 1.0
10884.0 1.0 1.0
10370.0 1.0 1.0
6328.0 1.0 1.055
4176.0 1.055 1.496
4552.0 1.496 1.795
6549.0 1.795 1.325
10241.0 1.325 1.085
11349.0 1.085 1.0
9467.0 1.0 1.0
4921.0 1.0 1.464
4229.0 1.464 1.905
4561.0 1.905 2.286
8209.0 2.286 1.767
10060.0 1.767 1.525
8818.0 1.525 1.45
6310.0 1.45 1.496
4176.0 1.496 2.125
4496.0 2.125 2.55
8558.0 2.55 1.938
11051.0 1.938 1.61
10742.0 1.61 1.435
7016.0 1.435 1.48
4298.0 1.48 2.116
4510.0 2.116 2.539
7024.0 2.539 1.825
10651.0 1.825 1.465
11383.0 1.465 1.257
9927.0 1.257 1.172
6315.0 1.172 1.214
4316.0 1.214 1.735
4265.0 1.735 2.257
4814.0 2.257 2.708
8416.0 2.708 2.079
10987.0 2.079 1.709
11398.0 1.709 1.475
8752.0 1.475 1.441
5868.0 1.441 1.522
4499.0 1.522 1.992
6088.0 1.992 1.507
8862.0 1.507 1.298
10248.0 1.298 1.111
8996.0 1.111 1.048
5972.0 1.048 1.079
4263.0 1.079 1.532
4333.0 1.532 1.838
6127.0 1.838 1.388
9621.0 1.388 1.156
11141.0 1.156 1.0
9879.0 1.0 1.0
5837.0 1.0 1.066
4193.0 1.066 1.511
4975.0 1.511 1.813
7281.0 1.813 1.285
10229.0 1.285 1.072
10441.0 1.072 1.0
7947.0 1.0 1.0
5800.0 1.0 1.03
4234.0 1.03 1.452
4873.0 1.452 1.742
7035.0 1.742 1.252
10105.0 1.252 1.042
10637.0 1.042 1.0
7865.0 1.0 1.0
5802.0 1.0 1.043
4314.0 1.043 1.476
5217.0 1.476 1.168
7474.0 1.168 1.057
9556.0 1.057 1.0
8026.0 1.0 1.0
6299.0 1.0 1.008
4404.0 1.008 1.437
4364.0 1.437 1.724
6128.0 1.724 1.301
9348.0 1.301 1.107
9806.0 1.107 1.0
7486.0 1.0 1.0
5339.0 1.0 1.039
4248.0 1.039 1.46
5158.0 1.46 1.159
7435.0 1.159 1.05
8811.0 1.05 1.0
7339.0 1.0 1.0
5696.0 1.0 1.018
4235.0 1.018 1.437
4360.0 1.437 1.725
6966.0 1.725 1.244
9770.0 1.244 1.054
9714.0 1.054 1.0
6872.0 1.0 1.02
4809.0 1.02 1.468
4240.0 1.468 1.909
5627.0 1.909 1.48
9127.0 1.48 1.259
10057.0 1.259 1.095
8821.0 1.095 1.037
5233.0 1.037 1.094
4298.0 1.094 1.54
5769.0 1.54 1.185
9081.0 1.185 1.018
9523.0 1.018 1.0
7129.0 1.0 1.005
5150.0 1.005 1.045
4291.0 1.045 1.467
5953.0 1.467 1.118
10147.0 1.118 1.0
10405.0 1.0 1.0
7035.0 1.0 1.026
4804.0 1.026 1.497
4294.0 1.497 1.797
5288.0 1.797 1.417
9576.0 1.417 1.164
11090.0 1.164 1.0
9844.0 1.0 1.0
5718.0 1.0 1.049
4278.0 1.049 1.484
4793.0 1.484 1.78
7079.0 1.78 1.276
10609.0 1.276 1.045
11147.0 1.045 1.0
8673.0 1.0 1.0
4379.0 1.0 1.475
4510.0 1.475 1.77
5839.0 1.77 1.357
9903.0 1.357 1.112
11393.0 1.112 1.0
9727.0 1.0 1.0
5517.0 1.0 1.074
4177.0 1.074 1.514
4644.0 1.514 1.817
6793.0 1.817 1.323
9927.0 1.323 1.107
10601.0 1.107 1.0
8779.0 1.0 1.0
4569.0 1.0 1.477
4321.0 1.477 1.773
5910.0 1.773 1.354
9566.0 1.354 1.129
10692.0 1.129 1.0
8910.0 1.0 1.0
4784.0 1.0 1.482
4243.0 1.482 1.779
4984.0 1.779 2.135
9514.0 2.135 1.558
11671.0 1.558 1.264
10609.0 1.264 1.149
7743.0 1.149 1.163
4305.0 1.163 1.662
4476.0 1.662 1.995
5947.0 1.995 1.52
9911.0 1.52 1.247
11315.0 1.247 1.049
10283.0 1.049 1.0
6689.0 1.0 1.034
4290.0 1.034 1.476
4268.0 1.476 1.771
5601.0 1.771 1.374
9755.0 1.374 1.126
11155.0 1.126 1.0
9837.0 1.0 1.0
5543.0 1.0 1.075
4358.0 1.075 1.515
5530.0 1.515 1.18
8020.0 1.18 1.049
9918.0 1.049 1.0
8510.0 1.0 1.0
4804.0 1.0 1.453
4555.0 1.453 1.744
6385.0 1.744 1.298
9631.0 1.298 1.093
9721.0 1.093 1.0
7033.0 1.0 1.013
4886.0 1.013 1.461
4351.0 1.461 1.9
5457.0 1.9 1.485
9333.0 1.485 1.236
10223.0 1.236 1.068
8983.0 1.068 1.008
5431.0 1.008 1.055
4327.0 1.055 1.486
5646.0 1.486 1.151
8195.0 1.151 1.017
9975.0 1.017 1.0
8225.0 1.0 1.0
6414.0 1.0 1.02
4519.0 1.02 1.456
4857.0 1.456 1.747
6700.0 1.747 1.279
10472.0 1.279 1.041
11040.0 1.041 1.0
8590.0 1.0 1.0
4225.0 1.0 1.462
4808.0 1.462 1.755
6927.0 1.755 1.269
9647.0 1.269 1.09
10021.0 1.09 1.0
7547.0 1.0 1.0
5568.0 1.0 1.026
4232.0 1.026 1.454
4903.0 1.454 1.745
7241.0 1.745 1.239
10327.0 1.239 1.025
9547.0 1.025 1.0
5491.0 1.0 1.054
4176.0 1.054 1.489
4672.0 1.489 1.787
7062.0 1.787 1.282
10206.0 1.282 1.066
10886.0 1.066 1.0
8562.0 1.0 1.0
4176.0 1.0 1.475
4233.0 1.475 1.77
5984.0 1.77 1.347
9714.0 1.347 1.114
11196.0 1.114 1.0
9718.0 1.0 1.0
5340.0 1.0 1.065
4176.0 1.065 1.517
4780.0 1.517 1.82
7444.0 1.82 1.278
10680.0 1.278 1.041
11660.0 1.041 1.0
9126.0 1.0 1.0
4328.0 1.0 1.465
4267.0 1.465 1.758
5136.0 1.758 1.397
9552.0 1.397 1.149
11064.0 1.149 1.0
8958.0 1.0 1.0
4244.0 1.0 1.48
4252.0 1.48 1.776
5937.0 1.776 1.354
9529.0 1.354 1.131
11165.0 1.131 1.0
9667.0 1.0 1.0
5709.0 1.0 1.067
4176.0 1.067 1.394
5478.0 1.394 1.089
8660.0 1.089 1.0
11456.0 1.0 1.0
9934.0 1.0 1.0
5892.0 1.0 1.046
4176.0 1.046 1.486
4757.0 1.486 1.783
7136.0 1.783 1.274
10680.0 1.274 1.038
11448.0 1.038 1.0
9036.0 1.0 1.0
4574.0 1.0 1.48
4366.0 1.48 1.776
5210.0 1.776 1.406
9052.0 1.406 1.181
10138.0 1.181 1.032
8100.0 1.032 1.01
6130.0 1.01 1.026
4243.0 1.026 1.481
4437.0 1.481 1.777
6713.0 1.777 1.3
10395.0 1.3 1.051
11595.0 1.051 1.0
9465.0 1.0 1.0
5087.0 1.0 1.077
4246.0 1.077 1.401
5570.0 1.401 1.089
9201.0 1.089 1.0
11241.0 1.0 1.0
9971.0 1.0 1.0
5761.0 1.0 1.052
4315.0 1.052 1.49
5006.0 1.49 1.192
7316.0 1.192 1.0
10020.0 1.0 1.0
8162.0 1.0 1.0
6267.0 1.0 1.014
4260.0 1.014 1.465
4728.0 1.465 1.758
7194.0 1.758 1.252
10856.0 1.252 1.012
11810.0 1.012 1.0
9312.0 1.0 1.0
4766.0 1.0 1.467
4201.0 1.467 1.76
4934.0 1.76 2.112
9112.0 2.112 1.578
10975.0 1.578 1.332
10036.0 1.332 1.223
7014.0 1.223 1.248
4240.0 1.248 1.781
4543.0 1.781 2.137
6100.0 2.137 1.616
9786.0 1.616 1.33
11760.0 1.33 1.071
11400.0 1.071 1.0
8056.0 1.0 1.005
5657.0 1.005 1.039
4230.0 1.039 1.357
4875.0 1.357 1.628
8058.0 1.628 1.27
10620.0 1.27 1.069
10670.0 1.069 1.0
7892.0 1.0 1.0
5577.0 1.0 1.053
4253.0 1.053 1.488
4650.0 1.488 1.785
6616.0 1.785 1.313
9668.0 1.313 1.11
9566.0 1.11 1.012
6686.0 1.012 1.039
4726.0 1.039 1.487
4248.0 1.487 1.784
5789.0 1.784 1.371
9759.0 1.371 1.136
11547.0 1.136 1.0
10623.0 1.0 1.0
6581.0 1.0 1.052
4190.0 1.052 1.499
4428.0 1.499 1.798
6183.0 1.798 1.353
10565.0 1.353 1.083
12027.0 1.083 1.0
10457.0 1.0 1.0
5911.0 1.0 1.075
4249.0 1.075 1.522
4658.0 1.522 1.827
6669.0 1.827 1.339
10105.0 1.339 1.103
11017.0 1.103 1.0
9135.0 1.0 1.0
4757.0 1.0 1.464
4279.0 1.464 1.757
4916.0 1.757 2.109
8574.0 2.109 1.608
10416.0 1.608 1.357
9988.0 1.357 1.227
7952.0 1.227 1.209
4678.0 1.209 1.777
4372.0 1.777 2.313
4795.0 2.313 2.775
7739.0 2.775 2.199
10454.0 2.199 1.833
11111.0 1.833 1.577
9134.0 1.577 1.504
6906.0 1.504 1.529
4238.0 1.529 2.19
4689.0 2.19 2.628
6973.0 2.628 1.895
11275.0 1.895 1.491
12520.0 1.491 1.228
10138.0 1.228 1.16
6120.0 1.16 1.238
4226.0 1.238 1.768
4525.0 1.768 2.121
5962.0 2.121 1.615
9002.0 1.615 1.377
9632.0 1.377 1.226
8452.0 1.226 1.171
5338.0 1.171 1.224
4225.0 1.224 1.724
4427.0 1.724 2.069
6080.0 2.069 1.566
9842.0 1.566 1.288
11568.0 1.288 1.051
10716.0 1.051 1.0
7160.0 1.0 1.024
4761.0 1.024 1.475
4242.0 1.475 1.77
5544.0 1.77 1.378
8684.0 1.378 1.044
8938.0 1.044 1.0
6202.0 1.0 1.02
4307.0 1.02 1.452
4578.0 1.452 1.743
7329.0 1.743 1.232
11073.0 1.232 1.0
11469.0 1.0 1.0
8099.0 1.0 1.005
5700.0 1.005 1.06
4231.0 1.06 1.499
5448.0 1.499 1.172
8381.0 1.172 1.022
11107.0 1.022 1.0
9693.0 1.0 1.0
5735.0 1.0 1.065
4176.0 1.065 1.507
4853.0 1.507 1.809
7397.0 1.809 1.274
10741.0 1.274 1.038
11671.0 1.038 1.0
8919.0 1.0 1.0
4373.0 1.0 1.481
4235.0 1.481 1.777
5754.0 1.777 1.368
10022.0 1.368 1.112
11448.0 1.112 1.0
9532.0 1.0 1.0
5070.0 1.0 1.067
4314.0 1.067 1.495
5722.0 1.495 1.153
10128.0 1.153 1.0
10422.0 1.0 1.0
7220.0 1.0 1.022
4989.0 1.022 1.482
4252.0 1.482 1.778
5691.0 1.778 1.373
10637.0 1.373 1.08
12193.0 1.08 1.0
10329.0 1.0 1.0
5615.0 1.0 1.082
4233.0 1.082 1.526
5133.0 1.526 1.213
7663.0 1.213 1.0
10787.0 1.0 1.0
8845.0 1.0 1.0
4228.0 1.0 1.456
4505.0 1.456 1.747
6348.0 1.747 1.304
9868.0 1.304 1.083
11104.0 1.083 1.0
9196.0 1.0 1.0
4902.0 1.0 1.485
4261.0 1.485 1.782
4984.0 1.782 2.139
9196.0 2.139 1.585
11374.0 1.585 1.293
10252.0 1.293 1.186
7432.0 1.186 1.194
4176.0 1.194 1.701
4565.0 1.701 2.042
5984.0 2.042 1.553
9554.0 1.553 1.289
11108.0 1.289 1.087
10598.0 1.087 1.0
7326.0 1.0 1.015
4927.0 1.015 1.494
4176.0 1.494 1.793
4936.0 1.793 2.152
9542.0 2.152 1.564
11876.0 1.564 1.254
10115.0 1.254 1.169
6467.0 1.169 1.209
4258.0 1.209 1.76
4233.0 1.76 2.112
4865.0 2.112 2.535
9467.0 2.535 1.847
13247.0 1.847 1.379
13553.0 1.379 1.131
9542.0 1.131 1.124
4348.0 1.124 1.68
4176.0 1.68 2.016
4521.0 2.016 2.419
7649.0 2.419 1.928
8936.0 1.928 1.72
8393.0 1.72 1.623
6719.0 1.623 1.624
4539.0 1.624 2.318
4176.0 2.318 2.782
5595.0 2.782 2.159
8257.0 2.159 1.675
11725.0 1.675 1.338
11377.0 1.338 1.183
8663.0 1.183 1.165
4289.0 1.165 1.692
4276.0 1.692 2.031
4997.0 2.031 2.437
9195.0 2.437 1.795
12237.0 1.795 1.405
12483.0 1.405 1.187
8730.0 1.187 1.188
4176.0 1.188 1.72
4227.0 1.72 2.064
4928.0 2.064 2.477
7664.0 2.477 1.975
8858.0 1.975 1.783
7871.0 1.783 1.722
6211.0 1.722 1.75
4181.0 1.75 2.481
4850.0 2.481 2.978
7618.0 2.978 2.37
10951.0 2.37 1.924
11983.0 1.924 1.612
10153.0 1.612 1.505
7317.0 1.505 1.524
4264.0 1.524 2.193
4232.0 2.193 2.632
6274.0 2.632 1.971
9516.0 1.971 1.643
12285.0 1.643 1.322
10890.0 1.322 1.202
7354.0 1.202 1.234
4268.0 1.234 1.804
4557.0 1.804 2.165
5670.0 2.165 1.674
8534.0 1.674 1.45
9024.0 1.45 1.313
7706.0 1.313 1.28
5168.0 1.28 1.33
4224.0 1.33 1.868
4865.0 1.868 2.242
10101.0 2.242 1.564
12657.0 1.564 1.213
11826.0 1.213 1.068
8652.0 1.068 1.063
4190.0 1.063 1.541
4380.0 1.541 1.85
5536.0 1.85 1.44
9086.0 1.44 1.219
9870.0 1.219 1.079
7938.0 1.079 1.057
4226.0 1.057 1.516
4913.0 1.516 1.819
6984.0 1.819 1.311
10716.0 1.311 1.06
11772.0 1.06 1.0
9696.0 1.0 1.0
5150.0 1.0 1.075
4187.0 1.075 1.399
5505.0 1.399 1.091
8705.0 1.091 1.0
10937.0 1.0 1.0
8995.0 1.0 1.0
4617.0 1.0 1.481
4408.0 1.481 1.777
6515.0 1.777 1.314
9523.0 1.314 1.115
10859.0 1.115 1.0
9225.0 1.0 1.0
5099.0 1.0 1.081
4297.0 1.081 1.518
6126.0 1.518 1.146
10790.0 1.146 1.0
12346.0 1.0 1.0
9732.0 1.0 1.0
5018.0 1.0 1.094
4629.0 1.094 1.422
5726.0 1.422 1.096
9026.0 1.096 1.0
11424.0 1.0 1.0
9986.0 1.0 1.0
5692.0 1.0 1.073
4176.0 1.073 1.519
4985.0 1.519 1.823
7740.0 1.823 1.258
10820.0 1.258 1.028
10666.0 1.028 1.0
6918.0 1.0 1.036
4351.0 1.036 1.514
4431.0 1.514 1.816
5739.0 1.816 1.399
10215.0 1.399 1.122
12339.0 1.122 1.0
11311.0 1.0 1.0
7101.0 1.0 1.043
4450.0 1.043 1.5
4357.0 1.5 1.8
5447.0 1.8 1.408
9503.0 1.408 1.162
11281.0 1.162 1.0
10095.0 1.0 1.0
6053.0 1.0 1.062
4176.0 1.062 1.506
4238.0 1.506 1.807
5852.0 1.807 1.384
9942.0 1.384 1.131
11258.0 1.131 1.0
9006.0 1.0 1.0
4249.0 1.0 1.481
4312.0 1.481 1.778
6002.0 1.778 1.351
8846.0 1.351 1.166
9528.0 1.166 1.044
7466.0 1.044 1.036
5924.0 1.036 1.063
4258.0 1.063 1.502
4338.0 1.502 1.803
6191.0 1.803 1.356
10175.0 1.356 1.106
11663.0 1.106 1.0
10159.0 1.0 1.0
5697.0 1.0 1.076
4179.0 1.076 1.523
4668.0 1.523 1.827
6428.0 1.827 1.357
9530.0 1.357 1.147
9600.0 1.147 1.042
6966.0 1.042 1.055
4990.0 1.055 1.52
4350.0 1.52 1.977
5008.0 1.977 1.581
9566.0 1.581 1.134
11478.0 1.134 1.0
11280.0 1.0 1.0
7658.0 1.0 1.013
5343.0 1.013 1.076
4197.0 1.076 1.513
4925.0 1.513 1.815
7488.0 1.815 1.271
10108.0 1.271 1.073
10596.0 1.073 1.0
8368.0 1.0 1.0
6305.0 1.0 1.031
4273.0 1.031 1.465
4276.0 1.465 1.758
6238.0 1.758 1.319
10404.0 1.319 1.057
11964.0 1.057 1.0
10350.0 1.0 1.0
5804.0 1.0 1.076
4176.0 1.076 1.527
4535.0 1.527 1.832
6562.0 1.832 1.351
10696.0 1.351 1.082
12136.0 1.082 1.0
10216.0 1.0 1.0
5586.0 1.0 1.083
4176.0 1.083 1.415
4888.0 1.415 1.697
7652.0 1.697 1.35
10552.0 1.35 1.111
10466.0 1.111 1.0
7770.0 1.0 1.0
5707.0 1.0 1.045
4236.0 1.045 1.478
5451.0 1.478 1.155
8134.0 1.155 1.02
11152.0 1.02 1.0
10300.0 1.0 1.0
6174.0 1.0 1.059
4289.0 1.059 1.505
4761.0 1.505 1.807
6878.0 1.807 1.31
10798.0 1.31 1.068
11504.0 1.068 1.0
8954.0 1.0 1.0
4324.0 1.0 1.479
4320.0 1.479 1.775
6170.0 1.775 1.337
10010.0 1.337 1.108
11486.0 1.108 1.0
9932.0 1.0 1.0
5722.0 1.0 1.07
4233.0 1.07 1.513
5212.0 1.513 1.198
8029.0 1.198 1.0
12149.0 1.0 1.0
11047.0 1.0 1.0
6921.0 1.0 1.045
4354.0 1.045 1.504
4267.0 1.504 1.805
5959.0 1.805 1.375
9535.0 1.375 1.147
10267.0 1.147 1.008
8143.0 1.008 1.0
6065.0 1.0 1.023
4176.0 1.023 1.445
4359.0 1.445 1.734
6661.0 1.734 1.272
10861.0 1.272 1.012
12193.0 1.012 1.0
9943.0 1.0 1.0
5229.0 1.0 1.067
4237.0 1.067 1.506
4903.0 1.506 1.807
6852.0 1.807 1.311
9344.0 1.311 1.133
8978.0 1.133 1.05
6418.0 1.05 1.074
4675.0 1.074 1.551
4325.0 1.551 1.861
6355.0 1.861 1.388
10887.0 1.388 1.095
12409.0 1.095 1.0
10677.0 1.0 1.0
5711.0 1.0 1.085
4363.0 1.085 1.418
4757.0 1.418 1.702
7452.0 1.702 1.194
9620.0 1.194 1.039
9000.0 1.039 1.0
5766.0 1.0 1.033
4299.0 1.033 1.461
4658.0 1.461 1.753
6772.0 1.753 1.278
11416.0 1.278 1.001
11892.0 1.001 1.0
8704.0 1.0 1.0
4215.0 1.0 1.443
4634.0 1.443 1.732
6929.0 1.732 1.252
9773.0 1.252 1.057
9465.0 1.057 1.0
6591.0 1.0 1.023
4444.0 1.023 1.476
4293.0 1.476 1.771
5708.0 1.771 1.366
9606.0 1.366 1.129
11270.0 1.129 1.0
9752.0 1.0 1.0
5626.0 1.0 1.051
4278.0 1.051 1.372
5039.0 1.372 1.096
8375.0 1.096 1.0
12443.0 1.0 1.0
10501.0 1.0 1.0
6039.0 1.0 1.072
4280.0 1.072 1.527
4746.0 1.527 1.832
6942.0 1.832 1.324
10406.0 1.324 1.098
10746.0 1.098 1.0
8300.0 1.0 1.0
6069.0 1.0 1.026
4177.0 1.026 1.45
4913.0 1.45 1.74
7488.0 1.74 1.219
11220.0 1.219 1.0
11306.0 1.0 1.0
8020.0 1.0 1.008
5537.0 1.008 1.067
4325.0 1.067 1.504
5754.0 1.504 1.158
9812.0 1.158 1.0
10176.0 1.0 1.0
6974.0 1.0 1.023
4743.0 1.023 1.476
4194.0 1.476 1.771
5357.0 1.771 1.391
10179.0 1.391 1.118
12567.0 1.118 1.0
11573.0 1.0 1.0
7279.0 1.0 1.039
4544.0 1.039 1.527
4356.0 1.527 1.832
5291.0 1.832 1.444
9005.0 1.444 1.229
9907.0 1.229 1.084
8343.0 1.084 1.045
4605.0 1.045 1.51
4376.0 1.51 1.812
6005.0 1.812 1.376
10119.0 1.376 1.119
12041.0 1.119 1.0
10885.0 1.0 1.0
6591.0 1.0 1.056
4191.0 1.056 1.538
4418.0 1.538 1.845
5896.0 1.845 1.41
9676.0 1.41 1.169
10462.0 1.169 1.021
7858.0 1.021 1.016
5628.0 1.016 1.051
4274.0 1.051 1.488
5060.0 1.488 1.187
7449.0 1.187 1.0
10103.0 1.0 1.0
8833.0 1.0 1.0
4791.0 1.0 1.453
4362.0 1.453 1.744
5522.0 1.744 1.359
10032.0 1.359 1.105
11124.0 1.105 1.0
8942.0 1.0 1.0
4564.0 1.0 1.472
4258.0 1.472 1.767
5637.0 1.767 1.368
9767.0 1.368 1.132
11029.0 1.132 1.0
8787.0 1.0 1.0
4232.0 1.0 1.475
4904.0 1.475 1.77
7158.0 1.77 1.263
10802.0 1.263 1.031
11710.0 1.031 1.0
9348.0 1.0 1.0
4802.0 1.0 1.487
4213.0 1.487 1.784
4934.0 1.784 2.141
8820.0 2.141 1.386
10506.0 1.386 1.172
8896.0 1.172 1.117
5322.0 1.117 1.176
4196.0 1.176 1.532
4759.0 1.532 1.839
6890.0 1.839 1.332
9714.0 1.332 1.125
9546.0 1.125 1.023
7302.0 1.023 1.023
5262.0 1.023 1.059
4176.0 1.059 1.379
5447.0 1.379 1.079
8478.0 1.079 1.0
11630.0 1.0 1.0
10192.0 1.0 1.0
5814.0 1.0 1.072
4229.0 1.072 1.519
4752.0 1.519 1.822
6330.0 1.822 1.361
9744.0 1.361 1.137
10182.0 1.137 1.009
8424.0 1.009 1.0
4526.0 1.0 1.469
4911.0 1.469 1.763
7140.0 1.763 1.259
9568.0 1.259 1.082
9256.0 1.082 1.0
6826.0 1.0 1.012
4931.0 1.012 1.453
4277.0 1.453 1.743
5230.0 1.743 1.379
9734.0 1.379 1.121
11674.0 1.121 1.0
10544.0 1.0 1.0
6502.0 1.0 1.052
4249.0 1.052 1.507
4189.0 1.507 1.808
5220.0 1.808 1.431
8982.0 1.431 1.207
10278.0 1.207 1.048
9136.0 1.048 1.0
5452.0 1.0 1.051
4207.0 1.051 1.477
4679.0 1.477 1.773
7025.0 1.773 1.275
11019.0 1.275 1.018
12213.0 1.018 1.0
9553.0 1.0 1.0
4503.0 1.0 1.494
4260.0 1.494 1.792
5996.0 1.792 1.362
9170.0 1.362 1.155
10546.0 1.155 1.005
8944.0 1.005 1.0
4984.0 1.0 1.479
4349.0 1.479 1.775
5189.0 1.775 1.406
9949.0 1.406 1.132
12047.0 1.132 1.0
11151.0 1.0 1.0
7025.0 1.0 1.034
4458.0 1.034 1.515
4289.0 1.515 1.818
5101.0 1.818 1.447
10089.0 1.447 1.009
12863.0 1.009 1.0
12167.0 1.0 1.0
7705.0 1.0 1.035
4802.0 1.035 1.503
4371.0 1.503 1.804
4968.0 1.804 2.165
9546.0 2.165 1.338
12372.0 1.338 1.042
12094.0 1.042 1.0
8480.0 1.0 1.003
4267.0 1.003 1.447
5130.0 1.447 1.15
7946.0 1.15 1.021
10648.0 1.021 1.0
9296.0 1.0 1.0
5254.0 1.0 1.077
4176.0 1.077 1.515
5491.0 1.515 1.183
8821.0 1.183 1.01
12259.0 1.01 1.0
11487.0 1.0 1.0
7445.0 1.0 1.032
4878.0 1.032 1.519
4561.0 1.519 1.823
5973.0 1.823 1.388
10735.0 1.388 1.094
12671.0 1.094 1.0
10753.0 1.0 1.0
6039.0 1.0 1.074
4313.0 1.074 1.525
4824.0 1.525 1.831
6678.0 1.831 1.342
9880.0 1.342 1.124
10642.0 1.124 1.0
8712.0 1.0 1.0
4586.0 1.0 1.475
4750.0 1.475 1.77
6750.0 1.77 1.292
10644.0 1.292 1.033
11594.0 1.033 1.0
9104.0 1.0 1.0
4306.0 1.0 1.483
4424.0 1.483 1.78
6373.0 1.78 1.326
9481.0 1.326 1.122
10685.0 1.122 1.0
8893.0 1.0 1.0
4851.0 1.0 1.478
4359.0 1.478 1.773
5578.0 1.773 1.377
9154.0 1.377 1.163
9992.0 1.163 1.017
8314.0 1.017 1.0
4634.0 1.0 1.45
4889.0 1.45 1.74
6372.0 1.74 1.297
10188.0 1.297 1.068
10262.0 1.068 1.0
6712.0 1.0 1.038
4212.0 1.038 1.489
4847.0 1.489 1.787
6735.0 1.787 1.306
10975.0 1.306 1.037
11897.0 1.037 1.0
9123.0 1.0 1.0
4176.0 1.0 1.483
4360.0 1.483 1.78
6141.0 1.78 1.343
9251.0 1.343 1.138
10361.0 1.138 1.0
8703.0 1.0 1.0
4661.0 1.0 1.45
4370.0 1.45 1.739
5748.0 1.739 1.34
9644.0 1.34 1.106
10724.0 1.106 1.0
7708.0 1.0 1.0
5225.0 1.0 1.045
4242.0 1.045 1.478
5261.0 1.478 1.167
7779.0 1.167 1.042
10273.0 1.042 1.0
9009.0 1.0 1.0
5219.0 1.0 1.062
4182.0 1.062 1.383
5924.0 1.383 1.055
8636.0 1.055 1.0
10012.0 1.0 1.0
6642.0 1.0 1.032
4411.0 1.032 1.482
4378.0 1.482 1.778
5817.0 1.778 1.364
9671.0 1.364 1.128
11147.0 1.128 1.0
9945.0 1.0 1.0
5735.0 1.0 1.069
4313.0 1.069 1.398
4880.0 1.398 1.678
7238.0 1.678 1.192
10608.0 1.192 1.0
10126.0 1.0 1.0
6084.0 1.0 1.048
4181.0 1.048 1.502
4479.0 1.502 1.802
6246.0 1.802 1.352
8882.0 1.352 1.189
9320.0 1.189 1.074
7544.0 1.074 1.058
5893.0 1.058 1.076
4370.0 1.076 1.52
4390.0 1.52 1.824
6646.0 1.824 1.339
10742.0 1.339 1.07
12240.0 1.07 1.0
10478.0 1.0 1.0
5848.0 1.0 1.076
4176.0 1.076 1.524
4686.0 1.524 1.829
6369.0 1.829 1.363
10069.0 1.363 1.122
10529.0 1.122 1.0
7905.0 1.0 1.0
5674.0 1.0 1.031
4204.0 1.031 1.347
5645.0 1.347 1.043
8783.0 1.043 1.0
10899.0 1.0 1.0
8621.0 1.0 1.0
4245.0 1.0 1.475
4176.0 1.475 1.77
5337.0 1.77 1.392
9485.0 1.392 1.16
10957.0 1.16 1.0
9917.0 1.0 1.0
5875.0 1.0 1.066
4176.0 1.066 1.507
4407.0 1.507 1.808
5772.0 1.808 1.39
9280.0 1.39 1.176
10318.0 1.176 1.03
8714.0 1.03 1.0
4992.0 1.0 1.475
4394.0 1.475 1.77
5136.0 1.77 1.407
9704.0 1.407 1.003
12224.0 1.003 1.0
11090.0 1.0 1.0
6796.0 1.0 1.051
4229.0 1.051 1.508
4250.0 1.508 1.809
5451.0 1.809 1.415
9217.0 1.415 1.185
11051.0 1.185 1.0
10061.0 1.0 1.0
6187.0 1.0 1.055
4189.0 1.055 1.499
4247.0 1.499 1.799
5668.0 1.799 1.391
9298.0 1.391 1.166
10258.0 1.166 1.02
8710.0 1.02 1.0
4572.0 1.0 1.475
4261.0 1.475 1.77
5001.0 1.77 1.416
9063.0 1.416 1.197
10569.0 1.197 1.014
8551.0 1.014 1.0
4233.0 1.0 1.451
4369.0 1.451 1.741
5854.0 1.741 1.333
9924.0 1.333 1.092
11364.0 1.092 1.0
9672.0 1.0 1.0
5294.0 1.0 1.062
4258.0 1.062 1.384
5347.0 1.384 1.088
8653.0 1.088 1.0
11609.0 1.0 1.0
9751.0 1.0 1.0
5205.0 1.0 1.067
4246.0 1.067 1.389
5834.0 1.389 1.065
8152.0 1.065 1.0
9926.0 1.0 1.0
7648.0 1.0 1.0
5753.0 1.0 1.027
4264.0 1.027 1.454
4764.0 1.454 1.744
7352.0 1.744 1.231
10686.0 1.231 1.007
10488.0 1.007 1.0
6476.0 1.0 1.043
4183.0 1.043 1.518
4246.0 1.518 1.821
5569.0 1.821 1.416
9061.0 1.416 1.194
9895.0 1.194 1.046
7763.0 1.046 1.035
5738.0 1.035 1.07
4176.0 1.07 1.514
4839.0 1.514 1.817
7492.0 1.817 1.272
10878.0 1.272 1.03
11628.0 1.03 1.0
9176.0 1.0 1.0
4378.0 1.0 1.482
4304.0 1.482 1.779
5496.0 1.779 1.388
9774.0 1.388 1.142
11376.0 1.142 1.0
10018.0 1.0 1.0
5556.0 1.0 1.079
4201.0 1.079 1.525
4362.0 1.525 1.83
6214.0 1.83 1.375
9832.0 1.375 1.139
10648.0 1.139 1.0
9092.0 1.0 1.0
4882.0 1.0 1.481
4334.0 1.481 1.777
5219.0 1.777 1.406
10077.0 1.406 1.126
12175.0 1.126 1.0
11029.0 1.0 1.0
7155.0 1.0 1.035
4672.0 1.035 1.495
4288.0 1.495 1.794
5189.0 1.794 1.422
9127.0 1.422 1.047
10935.0 1.047 1.0
8917.0 1.0 1.0
4203.0 1.0 1.48
4452.0 1.48 1.776
6471.0 1.776 1.316
10227.0 1.316 1.078
11417.0 1.078 1.0
9597.0 1.0 1.0
5135.0 1.0 1.086
4283.0 1.086 1.414
5621.0 1.414 1.096
8297.0 1.096 1.0
11189.0 1.0 1.0
9247.0 1.0 1.0
4785.0 1.0 1.463
4187.0 1.463 1.756
5997.0 1.756 1.335
9815.0 1.335 1.105
11519.0 1.105 1.0
10089.0 1.0 1.0
5711.0 1.0 1.054
4190.0 1.054 1.523
4760.0 1.523 1.827
7024.0 1.827 1.314
10126.0 1.314 1.093
10790.0 1.093 1.0
8432.0 1.0 1.0
6453.0 1.0 1.019
4200.0 1.019 1.478
4271.0 1.478 1.773
5779.0 1.773 1.363
9775.0 1.363 1.14
10739.0 1.14 1.0
8435.0 1.0 1.0
6036.0 1.0 1.049
4176.0 1.049 1.519
4382.0 1.519 1.822
6463.0 1.822 1.351
9707.0 1.351 1.132
10139.0 1.132 1.005
7643.0 1.005 1.0
5373.0 1.0 1.038
4176.0 1.038 1.465
4888.0 1.465 1.758
7187.0 1.758 1.253
10431.0 1.253 1.031
10553.0 1.031 1.0
7601.0 1.0 1.008
5286.0 1.008 1.053
4176.0 1.053 1.479
4394.0 1.479 1.775
6411.0 1.775 1.32
9997.0 1.32 1.09
10889.0 1.09 1.0
8827.0 1.0 1.0
4533.0 1.0 1.479
4297.0 1.479 1.775
5307.0 1.775 1.398
9819.0 1.398 1.154
11849.0 1.154 1.0
10399.0 1.0 1.0
6105.0 1.0 1.049
4176.0 1.049 1.493
4604.0 1.493 1.791
6926.0 1.791 1.295
9760.0 1.295 1.102
9484.0 1.102 1.008
6580.0 1.008 1.025
4504.0 1.025 1.469
4650.0 1.469 1.763
6545.0 1.763 1.302
9647.0 1.302 1.094
10359.0 1.094 1.0
8101.0 1.0 1.0
6290.0 1.0 1.023
4280.0 1.023 1.459
4270.0 1.459 1.751
6124.0 1.751 1.322
9494.0 1.322 1.111
10404.0 1.111 1.0
8554.0 1.0 1.0
4260.0 1.0 1.476
4669.0 1.476 1.771
6840.0 1.771 1.286
9730.0 1.286 1.081
10370.0 1.081 1.0
8260.0 1.0 1.0
6197.0 1.0 1.037
4203.0 1.037 1.47
4592.0 1.47 1.764
6406.0 1.764 1.312
9346.0 1.312 1.124
10498.0 1.124 1.0
8572.0 1.0 1.0
4530.0 1.0 1.473
4176.0 1.473 1.768
5834.0 1.768 1.355
9298.0 1.355 1.144
10104.0 1.144 1.007
8438.0 1.007 1.0
4510.0 1.0 1.453
4560.0 1.453 1.744
5888.0 1.744 1.333
9558.0 1.333 1.116
10494.0 1.116 1.0
8460.0 1.0 1.0
4257.0 1.0 1.448
5073.0 1.448 1.154
7304.0 1.154 1.05
8890.0 1.05 1.0
8764.0 1.0 1.0
5562.0 1.0 1.05
4241.0 1.05 1.479
5247.0 1.479 1.169
7432.0 1.169 1.059
8598.0 1.059 1.0
5580.0 1.0 1.04
4176.0 1.04 1.47
4299.0 1.47 1.764
6029.0 1.764 1.339
9473.0 1.339 1.133
10209.0 1.133 1.0
8405.0 1.0 1.0
6426.0 1.0 1.014
4279.0 1.014 1.459
4590.0 1.459 1.75
6022.0 1.75 1.329
9894.0 1.329 1.111
10786.0 1.111 1.0
9102.0 1.0 1.0
4808.0 1.0 1.482
4670.0 1.482 1.778
6360.0 1.778 1.326
9458.0 1.326 1.128
10322.0 1.128 1.0
8106.0 1.0 1.0
6295.0 1.0 1.011
4197.0 1.011 1.44
4472.0 1.44 1.729
6672.0 1.729 1.267
10170.0 1.267 1.051
10278.0 1.051 1.0
7728.0 1.0 1.0
5581.0 1.0 1.032
4229.0 1.032 1.458
5724.0 1.458 1.124
7995.0 1.124 1.001
9179.0 1.001 1.0
7423.0 1.0 1.0
5696.0 1.0 1.023
4241.0 1.023 1.44
4773.0 1.44 1.728
7138.0 1.728 1.234
9624.0 1.234 1.068
8958.0 1.068 1.0
5818.0 1.0 1.048
4288.0 1.048 1.484
4907.0 1.484 1.78
7193.0 1.78 1.268
9043.0 1.268 1.111
8487.0 1.111 1.049
5711.0 1.049 1.081
4263.0 1.081 1.528
5022.0 1.528 1.221
7137.0 1.221 1.0
9009.0 1.0 1.0
7235.0 1.0 1.0
5508.0 1.0 1.029
4176.0 1.029 1.449
5522.0 1.449 1.129
7925.0 1.129 1.003
8921.0 1.003 1.0
6439.0 1.0 1.012
4460.0 1.012 1.447
4326.0 1.447 1.736
5629.0 1.736 1.346
9005.0 1.346 1.151
9469.0 1.151 1.036
7561.0 1.036 1.023
5875.0 1.023 1.041
4176.0 1.041 1.475
4493.0 1.475 1.77
5991.0 1.77 1.346
9385.0 1.346 1.141
9855.0 1.141 1.018
7899.0 1.018 1.0
6072.0 1.0 1.027
4285.0 1.027 1.346
5326.0 1.346 1.059
7870.0 1.059 1.0
9638.0 1.0 1.0
8116.0 1.0 1.0
6389.0 1.0 1.01
4326.0 1.01 1.442
4435.0 1.442 1.73
6557.0 1.73 1.277
9897.0 1.277 1.065
10775.0 1.065 1.0
8093.0 1.0 1.0
6114.0 1.0 1.033
4237.0 1.033 1.469
4440.0 1.469 1.763
5999.0 1.763 1.34
9605.0 1.34 1.115
9851.0 1.115 1.004
6871.0 1.004 1.03
4761.0 1.03 1.489
4310.0 1.489 1.787
5291.0 1.787 1.408
9611.0 1.408 1.169
11057.0 1.169 1.0
10131.0 1.0 1.0
6089.0 1.0 1.042
4193.0 1.042 1.482
4218.0 1.482 1.779
5827.0 1.779 1.364
9349.0 1.364 1.148
10655.0 1.148 1.0
9125.0 1.0 1.0
4747.0 1.0 1.483
4330.0 1.483 1.78
5270.0 1.78 1.404
9300.0 1.404 1.026
10794.0 1.026 1.0
9282.0 1.0 1.0
5240.0 1.0 1.058
4252.0 1.058 1.378
5164.0 1.378 1.093
7686.0 1.093 1.0
10123.0 1.0 1.0
10365.0 1.0 1.0
7079.0 1.0 1.013
4596.0 1.013 1.482
4284.0 1.482 1.779
4969.0 1.779 2.134
9499.0 2.134 1.564
10729.0 1.564 1.322
10259.0 1.322 1.196
7475.0 1.196 1.201
4251.0 1.201 1.727
4709.0 1.727 2.072
6369.0 2.072 1.544
8967.0 1.544 1.322
10039.0 1.322 1.157
9023.0 1.157 1.089
6099.0 1.089 1.117
4253.0 1.117 1.589
4302.0 1.589 1.906
5873.0 1.906 1.459
9611.0 1.459 1.227
10879.0 1.227 1.032
9707.0 1.032 1.0
5859.0 1.0 1.042
4176.0 1.042 1.478
4652.0 1.478 1.774
6665.0 1.774 1.301
9909.0 1.301 1.091
9941.0 1.091 1.0
6885.0 1.0 1.022
4570.0 1.022 1.469
4431.0 1.469 1.763
6158.0 1.763 1.329
9932.0 1.329 1.095
11162.0 1.095 1.0
9502.0 1.0 1.0
5124.0 1.0 1.087
4223.0 1.087 1.526
5653.0 1.526 1.181
10119.0 1.181 1.0
11265.0 1.0 1.0
8735.0 1.0 1.0
4243.0 1.0 1.475
4380.0 1.475 1.77
5373.0 1.77 1.39
9101.0 1.39 1.171
10383.0 1.171 1.017
8979.0 1.017 1.0
4885.0 1.0 1.479
4291.0 1.479 1.923
4795.0 1.923 2.307
8777.0 2.307 1.738
10646.0 1.738 1.484
10010.0 1.484 1.357
7862.0 1.357 1.35
4398.0 1.35 1.985
4387.0 1.985 2.582
6881.0 2.582 1.871
10172.0 1.871 1.536
9986.0 1.536 1.384
8308.0 1.384 1.348
4920.0 1.348 1.971
4242.0 1.971 2.365
4331.0 2.365 2.838
7183.0 2.838 2.022
9508.0 2.022 1.738
10081.0 1.738 1.536
8356.0 1.536 1.49
5760.0 1.49 1.547
4246.0 1.547 2.179
5001.0 2.179 1.743
8757.0 1.743 1.307
10657.0 1.307 1.112
10665.0 1.112 1.0
7739.0 1.0 1.004
4176.0 1.004 1.46
4176.0 1.46 1.752
4176.0 1.752 2.103
4176.0 2.103 2.523
4302.0 2.523 3.028
4188.0 3.028 3.634
4480.0 3.634 4.36
5292.0 4.36 3.437
7713.0 3.437 3.09
8553.0 3.09 2.815
7949.0 2.815 2.681
6590.0 2.681 2.665
4781.0 2.665 3.804
4363.0 3.804 4.565
5383.0 4.565 3.582
8233.0 3.582 3.135
11149.0 3.135 2.558
11791.0 2.558 2.189
10091.0 2.189 2.046
6746.0 2.046 2.117
4176.0 2.117 3.07
4342.0 3.07 3.684
4895.0 3.684 4.421
7340.0 4.421 3.123
9020.0 3.123 2.768
8616.0 2.768 2.595
7608.0 2.595 2.524
5568.0 2.524 2.599
4176.0 2.599 3.663
4306.0 3.663 4.396
5238.0 4.396 3.475
7707.0 3.475 2.759
11003.0 2.759 2.235
11443.0 2.235 1.921
9599.0 1.921 1.821
5897.0 1.821 1.914
4334.0 1.914 2.505
4508.0 2.505 3.007
6334.0 3.007 2.245
8323.0 2.245 1.997
8710.0 1.997 1.839
7111.0 1.839 1.814
5317.0 1.814 1.868
4399.0 1.868 2.434
4748.0 2.434 2.921
7552.0 2.921 2.038
11476.0 2.038 1.618
12652.0 1.618 1.326
10768.0 1.326 1.222
7268.0 1.222 1.263
4288.0 1.263 1.813
4362.0 1.813 2.176
5751.0 2.176 1.675
8823.0 1.675 1.444
10247.0 1.444 1.256
9639.0 1.256 1.153
7191.0 1.153 1.153
5322.0 1.153 1.191
4223.0 1.191 1.672
4485.0 1.672 2.007
6070.0 2.007 1.519
9244.0 1.519 1.292
10558.0 1.292 1.117
9910.0 1.117 1.021
6632.0 1.021 1.045
4488.0 1.045 1.502
4375.0 1.502 1.803
5724.0 1.803 1.39
9792.0 1.39 1.155
10656.0 1.155 1.002
8624.0 1.002 1.0
4255.0 1.0 1.473
4713.0 1.473 1.768
6288.0 1.768 1.323
8830.0 1.323 1.153
8916.0 1.153 1.061
7032.0 1.061 1.055
5367.0 1.055 1.084
4360.0 1.084 1.523
5008.0 1.523 1.218
7357.0 1.218 1.0
10873.0 1.0 1.0
8931.0 1.0 1.0
4385.0 1.0 1.457
4494.0 1.457 1.749
6005.0 1.749 1.329
9615.0 1.329 1.113
10423.0 1.113 1.0
8259.0 1.0 1.0
6532.0 1.0 1.01
4235.0 1.01 1.444
4586.0 1.444 1.733
6298.0 1.733 1.297
10074.0 1.297 1.076
10316.0 1.076 1.0
7042.0 1.0 1.021
4475.0 1.021 1.467
4254.0 1.467 1.76
5130.0 1.76 1.399
9054.0 1.399 1.179
10080.0 1.179 1.032
7932.0 1.032 1.015
5882.0 1.015 1.045
4236.0 1.045 1.485
4840.0 1.485 1.782
7131.0 1.782 1.273
10249.0 1.273 1.055
10843.0 1.055 1.0
8189.0 1.0 1.0
5874.0 1.0 1.041
4283.0 1.041 1.468
4445.0 1.468 1.762
5831.0 1.762 1.351
9681.0 1.351 1.126
9691.0 1.126 1.021
6027.0 1.021 1.071
4253.0 1.071 1.404
5056.0 1.404 1.12
6515.0 1.12 1.054
7204.0 1.054 1.0
6248.0 1.0 1.0
5025.0 1.0 1.022
4273.0 1.022 1.328
6504.0 1.328 1.116
8484.0 1.116 1.0
6948.0 1.0 1.0
5137.0 1.0 1.031
4214.0 1.031 1.448
5478.0 1.448 1.131
7456.0 1.131 1.0
8469.0 1.0 1.0
7031.0 1.0 1.0
5640.0 1.0 1.021
4272.0 1.021 1.438
5217.0 1.438 1.138
6986.0 1.138 1.0
8550.0 1.0 1.0
7700.0 1.0 1.0
6309.0 1.0 1.006
4498.0 1.006 1.438
4622.0 1.438 1.725
5971.0 1.725 1.313
8695.0 1.313 1.15
8263.0 1.15 1.081
5671.0 1.081 1.116
4308.0 1.116 1.572
4636.0 1.572 1.886
6317.0 1.886 1.409
8531.0 1.409 1.253
8389.0 1.253 1.172
6413.0 1.172 1.187
5083.0 1.187 1.224
4236.0 1.224 1.592
5397.0 1.592 1.248
8561.0 1.248 1.086
7879.0 1.086 1.038
4499.0 1.038 1.5
4490.0 1.5 1.799
6417.0 1.799 1.338
8705.0 1.338 1.179
8675.0 1.179 1.095
6527.0 1.095 1.108
5026.0 1.108 1.143
4354.0 1.143 1.604
5868.0 1.604 1.228
8610.0 1.228 1.082
7532.0 1.082 1.05
5774.0 1.05 1.077
4204.0 1.077 1.525
5003.0 1.525 1.22
6855.0 1.22 1.007
8412.0 1.007 1.0
8016.0 1.0 1.0
6877.0 1.0 1.0
5402.0 1.0 1.026
4176.0 1.026 1.446
5586.0 1.446 1.123
7807.0 1.123 1.009
9223.0 1.009 1.0
6753.0 1.0 1.011
4774.0 1.011 1.449
4408.0 1.449 1.739
5635.0 1.739 1.347
9109.0 1.347 1.152
9083.0 1.152 1.06
6855.0 1.06 1.066
4847.0 1.066 1.544
4275.0 1.544 1.852
4870.0 1.852 2.223
8098.0 2.223 1.739
9046.0 1.739 1.572
8406.0 1.572 1.486
6896.0 1.486 1.478
4512.0 1.478 2.11
4350.0 2.11 2.532
5720.0 2.532 1.952
8288.0 1.952 1.72
9716.0 1.72 1.497
9470.0 1.497 1.371
7424.0 1.371 1.358
4512.0 1.358 1.969
4361.0 1.969 2.363
5779.0 2.363 1.817
8543.0 1.817 1.587
9241.0 1.587 1.426
8591.0 1.426 1.341
6575.0 1.341 1.351
4206.0 1.351 1.777
5175.0 1.777 1.409
8435.0 1.409 1.227
8289.0 1.227 1.152
5863.0 1.152 1.188
4315.0 1.188 1.697
4642.0 1.697 2.037
5881.0 2.037 1.558
8253.0 1.558 1.378
8747.0 1.378 1.265
7575.0 1.265 1.229
5053.0 1.229 1.287
4176.0 1.287 1.809
4805.0 1.809 2.17
8317.0 2.17 1.679
9409.0 1.679 1.504
8421.0 1.504 1.424
6257.0 1.424 1.449
4178.0 1.449 2.065
4589.0 2.065 2.478
7327.0 2.478 1.752
9364.0 1.752 1.54
8120.0 1.54 1.481
5716.0 1.481 1.532
4241.0 1.532 2.168
5616.0 2.168 1.681
8072.0 1.681 1.489
8606.0 1.489 1.368
6922.0 1.368 1.364
4314.0 1.364 1.957
4195.0 1.957 2.349
4752.0 2.349 2.819
7724.0 2.819 1.948
9653.0 1.948 1.676
9242.0 1.676 1.552
7646.0 1.552 1.521
5160.0 1.521 1.593
4263.0 1.593 2.256
4510.0 2.256 2.707
7184.0 2.707 1.929
9080.0 1.929 1.691
8543.0 1.691 1.594
6871.0 1.594 1.589
4501.0 1.589 2.286
4379.0 2.286 2.744
5809.0 2.744 2.106
7967.0 2.106 1.663
9101.0 1.663 1.477
8515.0 1.477 1.388
6985.0 1.388 1.38
4385.0 1.38 1.973
4311.0 1.973 2.368
7005.0 2.368 1.941
8775.0 1.941 1.717
8490.0 1.717 1.607
7218.0 1.607 1.576
5104.0 1.576 1.648
4225.0 1.648 2.324
4328.0 2.324 2.788
6634.0 2.788 2.048
8803.0 2.048 1.81
7855.0 1.81 1.74
5911.0 1.74 1.785
4183.0 1.785 2.337
4411.0 2.337 2.804
7011.0 2.804 2.018
8643.0 2.018 1.802
7173.0 1.802 1.775
5275.0 1.775 1.829
4262.0 1.829 2.566
4453.0 2.566 3.079
6437.0 3.079 2.286
9212.0 2.286 1.963
9803.0 1.963 1.752
8315.0 1.752 1.69
5979.0 1.69 1.743
4266.0 1.743 2.468
4302.0 2.468 2.962
6194.0 2.962 2.228
8726.0 2.228 1.951
9197.0 1.951 1.769
7886.0 1.769 1.706
5980.0 1.706 1.738
4269.0 1.738 2.464
4673.0 2.464 2.957
6385.0 2.957 2.202
8989.0 2.202 1.904
9325.0 1.904 1.736
7351.0 1.736 1.721
5261.0 1.721 1.793
4506.0 1.793 2.335
5422.0 2.335 1.829
8100.0 1.829 1.427
9446.0 1.427 1.259
8778.0 1.259 1.18
6194.0 1.18 1.214
4662.0 1.214 1.733
4346.0 1.733 2.08
4932.0 2.08 2.496
7812.0 2.496 1.977
8661.0 1.977 1.791
7599.0 1.791 1.74
5893.0 1.74 1.782
4176.0 1.782 2.517
4533.0 2.517 3.021
6391.0 3.021 2.249
8839.0 2.249 1.961
8911.0 1.961 1.806
6823.0 1.806 1.813
4693.0 1.813 2.603
4674.0 2.603 3.123
6500.0 3.123 2.311
8804.0 2.311 2.027
8846.0 2.027 1.869
7181.0 1.869 1.848
5363.0 1.848 1.911
4311.0 1.911 2.491
4764.0 2.491 2.989
6970.0 2.989 2.156
8992.0 2.156 1.897
8911.0 1.897 1.748
6892.0 1.748 1.748
4868.0 1.748 2.517
4628.0 2.517 3.02
6568.0 3.02 2.226
8005.0 2.226 2.025
7291.0 2.025 1.959
5919.0 1.959 1.977
4435.0 1.977 2.797
5165.0 2.797 2.22
6939.0 2.22 1.829
7979.0 1.829 1.672
7143.0 1.672 1.631
5103.0 1.631 1.695
4337.0 1.695 2.384
4345.0 2.384 3.105
5827.0 3.105 2.381
8503.0 2.381 2.086
8698.0 2.086 1.929
6292.0 1.929 1.971
4238.0 1.971 2.806
4256.0 2.806 3.672
4926.0 3.672 4.406
7350.0 4.406 3.552
8754.0 3.552 3.188
8902.0 3.188 2.927
7798.0 2.927 2.827
6199.0 2.827 2.856
4627.0 2.856 4.066
4253.0 4.066 4.879
5330.0 4.879 3.839
8066.0 3.839 2.997
9346.0 2.997 2.653
9078.0 2.653 2.453
7422.0 2.453 2.417
4986.0 2.417 3.487
4231.0 3.487 4.185
4679.0 4.185 5.022
6773.0 5.022 3.661
9115.0 3.661 3.2
9295.0 3.2 2.891
8311.0 2.891 2.761
6769.0 2.761 2.747
4645.0 2.747 3.93
4196.0 3.93 4.715
5106.0 4.715 3.752
7125.0 3.752 3.062
8369.0 3.062 2.772
6745.0 2.772 2.764
4408.0 2.764 3.963
4176.0 3.963 5.156
4392.0 5.156 6.188
5694.0 6.188 4.778
7773.0 4.778 4.319
7842.0 4.319 4.067
7218.0 4.067 3.939
6134.0 3.939 3.947
4994.0 3.947 5.647
4234.0 5.647 6.776
4954.0 6.776 8.131
6606.0 8.131 5.983
8916.0 5.983 5.196
8944.0 5.196 4.779
7846.0 4.779 4.626
6067.0 4.626 4.702
4475.0 4.702 6.684
4255.0 6.684 8.021
4583.0 8.021 9.625
6290.0 9.625 7.203
9018.0 7.203 6.227
9470.0 6.227 5.621
7958.0 5.621 5.472
5660.0 5.472 5.697
4176.0 5.697 8.096
4330.0 8.096 10.629
4858.0 10.629 12.755
7112.0 12.755 9.126
9238.0 9.126 7.884
9816.0 7.884 7.019
8346.0 7.019 6.749
6561.0 6.749 6.82
4599.0 6.82 9.79
4239.0 9.79 11.748
4488.0 11.748 14.097
5839.0 14.097 10.805
8333.0 10.805 9.513
9738.0 9.513 8.332
9126.0 8.332 7.729
7312.0 7.729 7.66
5373.0 7.66 7.942
4195.0 7.942 11.215
4327.0 11.215 13.457
4681.0 13.457 16.149
6469.0 16.149 11.97
9078.0 11.97 10.286
9993.0 10.286 9.015
9736.0 9.015 8.208
8165.0 8.208 7.936
6065.0 7.936 8.169
4469.0 8.169 11.731
4324.0 11.731 15.313
4583.0 15.313 18.376
6008.0 18.376 13.96
9326.0 13.96 11.731
11154.0 11.731 9.614
11310.0 9.614 8.367
9304.0 8.367 7.974
6606.0 7.974 8.205
4317.0 8.205 11.882
4215.0 11.882 15.566
4458.0 15.566 18.679
6468.0 18.679 13.847
8760.0 13.847 12.069
9438.0 12.069 10.719
8472.0 10.719 10.181
6944.0 10.181 10.118
5195.0 10.118 10.532
4210.0 10.532 14.962
4200.0 14.962 17.955
5748.0 17.955 13.827
8542.0 13.827 12.081
9892.0 12.081 10.575
9739.0 10.575 9.611
8269.0 9.611 9.297
6209.0 9.297 9.487
