5184.0 1.0 1.0
5184.0 1.0 1.0
5184.0 1.0 1.0
4344.0 1.0 1.403
4344.0 1.403 1.683
4714.0 1.683 2.02
4672.0 2.02 2.424
4604.0 2.424 2.909
4716.0 2.909 3.491
4584.0 3.491 4.189
4849.0 4.189 5.027
5353.0 5.027 3.95
7369.0 3.95 3.599
8729.0 3.599 3.232
8665.0 3.232 2.992
7453.0 2.992 2.916
6124.0 2.916 2.934
4405.0 2.934 4.179
4750.0 4.179 5.015
5827.0 5.015 3.846
8331.0 3.846 3.391
9291.0 3.391 3.033
9155.0 3.033 2.792
7843.0 2.792 2.706
5908.0 2.706 2.762
4622.0 2.762 3.915
4395.0 3.915 4.698
5445.0 4.698 3.675
8501.0 3.675 3.194
9977.0 3.194 2.777
10153.0 2.777 2.478
8737.0 2.478 2.36
6157.0 2.36 2.425
4461.0 2.425 3.455
4176.0 3.455 4.146
4752.0 4.146 4.976
6789.0 4.976 3.624
9644.0 3.624 3.082
10174.0 3.082 2.737
9042.0 2.737 2.579
7428.0 2.579 2.543
4908.0 2.543 3.659
4405.0 3.659 4.391
4575.0 4.391 5.27
6114.0 5.27 3.981
8774.0 3.981 3.465
10008.0 3.465 3.027
9583.0 3.027 2.774
7495.0 2.774 2.743
5419.0 2.743 2.833
4272.0 2.833 3.995
4521.0 3.995 4.794
5820.0 4.794 3.678
8600.0 3.678 3.21
9832.0 3.21 2.81
9304.0 2.81 2.592
7780.0 2.592 2.528
5563.0 2.528 2.604
4214.0 2.604 3.662
4429.0 3.662 4.394
5359.0 4.394 3.452
8161.0 3.452 3.04
10889.0 3.04 2.528
11029.0 2.528 2.21
9005.0 2.21 2.124
6107.0 2.124 2.189
4176.0 2.189 3.103
4401.0 3.103 3.724
5257.0 3.724 2.941
7861.0 2.941 2.62
9577.0 2.62 2.295
9652.0 2.295 2.07
8269.0 2.07 1.99
5773.0 1.99 2.051
4410.0 2.051 2.9
5081.0 2.9 2.31
7487.0 2.31 2.086
10295.0 2.086 1.766
10661.0 1.766 1.554
8741.0 1.554 1.497
5847.0 1.497 1.552
4176.0 1.552 2.03
4838.0 2.03 2.436
8192.0 2.436 1.887
10307.0 1.887 1.611
9980.0 1.611 1.463
7724.0 1.463 1.449
5078.0 1.449 1.517
4176.0 1.517 1.973
4527.0 1.973 2.368
7305.0 2.368 1.914
9288.0 1.914 1.684
9069.0 1.684 1.558
7605.0 1.558 1.525
5243.0 1.525 1.579
4176.0 1.579 2.226
4497.0 2.226 2.671
6315.0 2.671 1.996
9147.0 1.996 1.704
11154.0 1.704 1.435
10230.0 1.435 1.311
7446.0 1.311 1.316
4364.0 1.316 1.892
4262.0 1.892 2.27
5088.0 2.27 1.808
7642.0 1.808 1.625
9302.0 1.625 1.427
8562.0 1.427 1.341
6716.0 1.341 1.347
4298.0 1.347 1.918
4282.0 1.918 2.301
5421.0 2.301 1.802
8579.0 1.802 1.564
10797.0 1.564 1.305
10831.0 1.305 1.146
8971.0 1.146 1.099
5063.0 1.099 1.178
4309.0 1.178 1.532
4990.0 1.532 1.839
6953.0 1.839 1.327
9609.0 1.327 1.14
9899.0 1.14 1.02
7601.0 1.02 1.014
5872.0 1.014 1.04
4176.0 1.04 1.473
4810.0 1.473 1.768
7056.0 1.768 1.447
9260.0 1.447 1.256
9426.0 1.256 1.141
7480.0 1.141 1.127
4264.0 1.127 1.63
4413.0 1.63 1.957
5448.0 1.957 1.53
9246.0 1.53 1.294
11478.0 1.294 1.067
11442.0 1.067 1.0
8376.0 1.0 1.0
5641.0 1.0 1.061
4316.0 1.061 1.495
4655.0 1.495 1.794
6648.0 1.794 1.317
9998.0 1.317 1.099
10438.0 1.099 1.0
8004.0 1.0 1.0
5941.0 1.0 1.023
4313.0 1.023 1.447
4748.0 1.447 1.737
6556.0 1.737 1.281
9346.0 1.281 1.111
9518.0 1.111 1.01
7416.0 1.01 1.001
5353.0 1.001 1.03
4180.0 1.03 1.342
5416.0 1.342 1.051
8362.0 1.051 1.0
11026.0 1.0 1.0
9168.0 1.0 1.0
4958.0 1.0 1.466
4176.0 1.466 1.918
5385.0 1.918 1.505
8591.0 1.505 1.313
9295.0 1.313 1.178
8269.0 1.178 1.124
5105.0 1.124 1.179
4190.0 1.179 1.66
5110.0 1.66 1.321
10308.0 1.321 1.061
11800.0 1.061 1.0
10156.0 1.0 1.0
5610.0 1.0 1.07
4176.0 1.07 1.398
4842.0 1.398 1.678
7032.0 1.678 1.206
10654.0 1.206 1.0
10754.0 1.0 1.0
7720.0 1.0 1.0
5321.0 1.0 1.059
4509.0 1.059 1.381
5355.0 1.381 1.085
7720.0 1.085 1.0
9257.0 1.0 1.0
8575.0 1.0 1.0
5709.0 1.0 1.043
4276.0 1.043 1.475
4925.0 1.475 1.77
7263.0 1.77 1.434
9899.0 1.434 1.226
10215.0 1.226 1.087
8447.0 1.087 1.053
4587.0 1.053 1.552
4314.0 1.552 1.862
4793.0 1.862 2.235
8489.0 2.235 1.715
10169.0 1.715 1.459
9338.0 1.459 1.359
6918.0 1.359 1.367
4249.0 1.367 1.942
4319.0 1.942 2.331
5178.0 2.331 1.848
8010.0 1.848 1.444
10460.0 1.444 1.205
10100.0 1.205 1.09
7592.0 1.09 1.089
5637.0 1.089 1.116
4176.0 1.116 1.578
5267.0 1.578 1.246
7140.0 1.246 1.018
10044.0 1.018 1.0
9408.0 1.0 1.0
5534.0 1.0 1.049
4186.0 1.049 1.48
4939.0 1.48 1.776
7128.0 1.776 1.27
9964.0 1.27 1.074
10098.0 1.074 1.0
7562.0 1.0 1.0
5415.0 1.0 1.036
4211.0 1.036 1.351
5151.0 1.351 1.072
7633.0 1.072 1.0
10255.0 1.0 1.0
10329.0 1.0 1.0
6455.0 1.0 1.049
4400.0 1.049 1.525
4438.0 1.525 1.83
5788.0 1.83 1.407
8402.0 1.407 1.246
9242.0 1.246 1.128
7948.0 1.128 1.091
5146.0 1.091 1.139
4368.0 1.139 1.483
5451.0 1.483 1.159
8154.0 1.159 1.0
11390.0 1.0 1.0
9952.0 1.0 1.0
5910.0 1.0 1.057
4176.0 1.057 1.491
4442.0 1.491 1.789
6504.0 1.789 1.323
8988.0 1.323 1.16
9578.0 1.16 1.042
7530.0 1.042 1.032
5808.0 1.032 1.05
4216.0 1.05 1.485
4851.0 1.485 1.782
7312.0 1.782 1.261
11694.0 1.261 1.0
13080.0 1.0 1.0
10466.0 1.0 1.0
5080.0 1.0 1.081
4400.0 1.081 1.407
5409.0 1.407 1.102
7888.0 1.102 1.0
12554.0 1.0 1.0
11284.0 1.0 1.0
6402.0 1.0 1.073
4176.0 1.073 1.533
4299.0 1.533 1.84
5761.0 1.84 1.416
8675.0 1.416 1.226
8923.0 1.226 1.123
6653.0 1.123 1.136
5182.0 1.136 1.168
4358.0 1.168 1.639
5577.0 1.639 1.274
10223.0 1.274 1.019
11155.0 1.019 1.0
8357.0 1.0 1.0
5790.0 1.0 1.035
4228.0 1.035 1.475
4636.0 1.475 1.77
6805.0 1.77 1.288
8937.0 1.288 1.136
8253.0 1.136 1.077
5561.0 1.077 1.123
4192.0 1.123 1.586
5083.0 1.586 1.263
7905.0 1.263 1.0
11753.0 1.0 1.0
11575.0 1.0 1.0
7617.0 1.0 1.016
5050.0 1.016 1.092
4198.0 1.092 1.53
5162.0 1.53 1.214
7455.0 1.214 1.099
9167.0 1.099 1.0
6979.0 1.0 1.002
5336.0 1.002 1.044
4276.0 1.044 1.36
5797.0 1.36 1.045
9079.0 1.045 1.0
12147.0 1.0 1.0
9617.0 1.0 1.0
4483.0 1.0 1.496
4241.0 1.496 1.795
5313.0 1.795 1.413
8331.0 1.413 1.231
9061.0 1.231 1.113
7435.0 1.113 1.092
5726.0 1.092 1.112
4380.0 1.112 1.582
4552.0 1.582 1.898
6267.0 1.898 1.422
10805.0 1.422 1.132
12365.0 1.132 1.0
10711.0 1.0 1.0
6081.0 1.0 1.06
4251.0 1.06 1.506
4760.0 1.506 1.807
7132.0 1.807 1.292
9798.0 1.292 1.105
10076.0 1.105 1.0
7812.0 1.0 1.0
5833.0 1.0 1.032
4176.0 1.032 1.472
4649.0 1.472 1.766
7057.0 1.766 1.267
10847.0 1.267 1.016
11797.0 1.016 1.0
9285.0 1.0 1.0
4487.0 1.0 1.461
4259.0 1.461 1.753
5198.0 1.753 1.389
9674.0 1.389 1.136
11286.0 1.136 1.0
10106.0 1.0 1.0
6064.0 1.0 1.06
4214.0 1.06 1.506
4444.0 1.506 1.808
5976.0 1.808 1.375
9650.0 1.375 1.145
10472.0 1.145 1.0
8320.0 1.0 1.0
6005.0 1.0 1.039
4231.0 1.039 1.475
4787.0 1.475 1.77
6958.0 1.77 1.278
9848.0 1.278 1.078
10234.0 1.078 1.0
7832.0 1.0 1.0
5685.0 1.0 1.029
4285.0 1.029 1.455
4810.0 1.455 1.746
7573.0 1.746 1.217
10833.0 1.217 1.0
11653.0 1.0 1.0
8619.0 1.0 1.0
4181.0 1.0 1.474
4638.0 1.474 1.769
6048.0 1.769 1.341
10190.0 1.341 1.089
11032.0 1.089 1.0
8456.0 1.0 1.0
4176.0 1.0 1.437
4930.0 1.437 1.724
6946.0 1.724 1.245
10250.0 1.245 1.033
10456.0 1.033 1.0
7704.0 1.0 1.001
5641.0 1.001 1.048
4176.0 1.048 1.483
4867.0 1.483 1.78
7487.0 1.78 1.247
10593.0 1.247 1.026
11237.0 1.026 1.0
8623.0 1.0 1.0
4216.0 1.0 1.451
4742.0 1.451 1.741
6228.0 1.741 1.307
10384.0 1.307 1.059
11572.0 1.059 1.0
9812.0 1.0 1.0
5182.0 1.0 1.087
4255.0 1.087 1.525
5227.0 1.525 1.206
6407.0 1.206 1.143
8138.0 1.143 1.024
7298.0 1.024 1.0
6188.0 1.0 1.001
5049.0 1.001 1.025
4296.0 1.025 1.435
5190.0 1.435 1.137
8293.0 1.137 1.0
12087.0 1.0 1.0
10649.0 1.0 1.0
6271.0 1.0 1.064
4227.0 1.064 1.543
4783.0 1.543 1.852
6701.0 1.852 1.355
9589.0 1.355 1.163
9893.0 1.163 1.04
8221.0 1.04 1.008
4329.0 1.008 1.452
4307.0 1.452 1.743
6386.0 1.743 1.297
9712.0 1.297 1.088
10970.0 1.088 1.0
9044.0 1.0 1.0
5086.0 1.0 1.06
4321.0 1.06 1.488
6021.0 1.488 1.129
10457.0 1.129 1.0
11963.0 1.0 1.0
9013.0 1.0 1.0
4299.0 1.0 1.458
4659.0 1.458 1.75
6510.0 1.75 1.294
10882.0 1.294 1.031
11856.0 1.031 1.0
9242.0 1.0 1.0
4360.0 1.0 1.457
4269.0 1.457 1.748
6031.0 1.748 1.327
9471.0 1.327 1.129
10343.0 1.129 1.0
7979.0 1.0 1.0
5664.0 1.0 1.031
4227.0 1.031 1.458
4453.0 1.458 1.75
6473.0 1.75 1.297
10007.0 1.297 1.074
10253.0 1.074 1.0
7115.0 1.0 1.021
4968.0 1.021 1.468
4284.0 1.468 1.762
5188.0 1.762 1.396
9544.0 1.396 1.159
10802.0 1.159 1.0
9082.0 1.0 1.0
4536.0 1.0 1.457
4176.0 1.457 1.748
6016.0 1.748 1.328
9374.0 1.328 1.115
10510.0 1.115 1.0
8876.0 1.0 1.0
4834.0 1.0 1.459
4278.0 1.459 1.751
5377.0 1.751 1.374
9589.0 1.374 1.13
10653.0 1.13 1.0
8305.0 1.0 1.0
6074.0 1.0 1.023
4297.0 1.023 1.453
4657.0 1.453 1.744
6404.0 1.744 1.297
9316.0 1.297 1.108
9394.0 1.108 1.008
7252.0 1.008 1.006
5423.0 1.006 1.044
4224.0 1.044 1.472
5114.0 1.472 1.171
8364.0 1.171 1.0
12668.0 1.0 1.0
12154.0 1.0 1.0
8028.0 1.0 1.021
5209.0 1.021 1.074
4269.0 1.074 1.509
5637.0 1.509 1.169
10991.0 1.169 1.0
12835.0 1.0 1.0
10557.0 1.0 1.0
5423.0 1.0 1.094
4339.0 1.094 1.54
4529.0 1.54 1.848
6687.0 1.848 1.353
10983.0 1.353 1.068
12025.0 1.068 1.0
9983.0 1.0 1.0
5437.0 1.0 1.061
4176.0 1.061 1.383
4695.0 1.383 1.66
7997.0 1.66 1.297
11931.0 1.297 1.009
12509.0 1.009 1.0
9463.0 1.0 1.0
4176.0 1.0 1.463
4437.0 1.463 1.756
5889.0 1.756 1.343
9037.0 1.343 1.151
9893.0 1.151 1.024
7897.0 1.024 1.006
6035.0 1.006 1.033
4176.0 1.033 1.46
4357.0 1.46 1.751
6129.0 1.751 1.322
9839.0 1.322 1.095
10921.0 1.095 1.0
8851.0 1.0 1.0
4557.0 1.0 1.455
4443.0 1.455 1.746
5527.0 1.746 1.36
9209.0 1.36 1.14
10481.0 1.14 1.0
9265.0 1.0 1.0
5307.0 1.0 1.06
4247.0 1.06 1.382
5064.0 1.382 1.102
8022.0 1.102 1.0
11084.0 1.0 1.0
9814.0 1.0 1.0
5856.0 1.0 1.062
4444.0 1.062 1.498
4787.0 1.498 1.797
6959.0 1.797 1.297
9991.0 1.297 1.094
10237.0 1.094 1.0
7981.0 1.0 1.0
5834.0 1.0 1.03
4176.0 1.03 1.456
4735.0 1.456 1.747
6660.0 1.747 1.282
10008.0 1.282 1.073
10348.0 1.073 1.0
7704.0 1.0 1.0
5389.0 1.0 1.041
4190.0 1.041 1.357
5291.0 1.357 1.07
8137.0 1.07 1.0
10067.0 1.0 1.0
7705.0 1.0 1.0
6062.0 1.0 1.015
4276.0 1.015 1.434
4904.0 1.434 1.721
6826.0 1.721 1.251
9608.0 1.251 1.062
8536.0 1.062 1.011
4974.0 1.011 1.472
4276.0 1.472 1.766
4668.0 1.766 2.119
6689.0 2.119 1.552
9973.0 1.552 1.281
10765.0 1.281 1.105
9421.0 1.105 1.037
5637.0 1.037 1.105
4217.0 1.105 1.562
4928.0 1.562 1.874
7080.0 1.874 1.344
9658.0 1.344 1.145
9684.0 1.145 1.036
7610.0 1.036 1.026
5671.0 1.026 1.053
4181.0 1.053 1.488
4769.0 1.488 1.785
7072.0 1.785 1.28
9958.0 1.28 1.075
10706.0 1.075 1.0
8264.0 1.0 1.0
6033.0 1.0 1.023
4257.0 1.023 1.453
4563.0 1.453 1.743
6140.0 1.743 1.315
10224.0 1.315 1.069
10818.0 1.069 1.0
7868.0 1.0 1.005
5385.0 1.005 1.051
4176.0 1.051 1.496
5181.0 1.496 1.186
7597.0 1.186 1.0
10149.0 1.0 1.0
8207.0 1.0 1.0
6312.0 1.0 1.012
4223.0 1.012 1.463
4728.0 1.463 1.755
5925.0 1.755 1.339
9655.0 1.339 1.112
10899.0 1.112 1.0
9231.0 1.0 1.0
4937.0 1.0 1.485
4195.0 1.485 1.782
5016.0 1.782 1.424
8722.0 1.424 1.223
10384.0 1.223 1.046
8242.0 1.046 1.022
4444.0 1.022 1.479
4292.0 1.479 1.774
5887.0 1.774 1.357
10227.0 1.357 1.107
11297.0 1.107 1.0
9133.0 1.0 1.0
4419.0 1.0 1.485
4475.0 1.485 1.782
6009.0 1.782 1.353
9295.0 1.353 1.144
9747.0 1.144 1.027
6993.0 1.027 1.042
5066.0 1.042 1.081
4332.0 1.081 1.407
6432.0 1.407 1.045
10884.0 1.045 1.0
10672.0 1.0 1.0
6798.0 1.0 1.029
4567.0 1.029 1.502
4570.0 1.502 1.803
6507.0 1.803 1.334
9735.0 1.334 1.118
10169.0 1.118 1.0
7663.0 1.0 1.0
5516.0 1.0 1.032
4456.0 1.032 1.464
6123.0 1.464 1.106
10041.0 1.106 1.0
10217.0 1.0 1.0
7183.0 1.0 1.016
5120.0 1.016 1.054
4460.0 1.054 1.372
6107.0 1.372 1.037
9273.0 1.037 1.0
11539.0 1.0 1.0
9597.0 1.0 1.0
5135.0 1.0 1.068
4258.0 1.068 1.498
5179.0 1.498 1.188
7857.0 1.188 1.055
11023.0 1.055 1.0
10295.0 1.0 1.0
6421.0 1.0 1.038
4238.0 1.038 1.48
4266.0 1.48 1.776
6117.0 1.776 1.341
9957.0 1.341 1.104
11219.0 1.104 1.0
9445.0 1.0 1.0
4815.0 1.0 1.489
4285.0 1.489 1.786
5834.0 1.786 1.369
8892.0 1.369 1.176
9492.0 1.176 1.055
7050.0 1.055 1.063
5259.0 1.063 1.095
4461.0 1.095 1.426
5986.0 1.426 1.085
10268.0 1.085 1.0
10652.0 1.0 1.0
7450.0 1.0 1.014
5135.0 1.014 1.057
4336.0 1.057 1.482
5643.0 1.482 1.148
8345.0 1.148 1.007
11097.0 1.007 1.0
9363.0 1.0 1.0
5153.0 1.0 1.083
4317.0 1.083 1.41
5185.0 1.41 1.117
7844.0 1.117 1.0
11118.0 1.0 1.0
9764.0 1.0 1.0
5806.0 1.0 1.062
4240.0 1.062 1.504
5059.0 1.504 1.2
7340.0 1.2 1.0
10230.0 1.0 1.0
9296.0 1.0 1.0
5422.0 1.0 1.069
4176.0 1.069 1.504
5235.0 1.504 1.189
7347.0 1.189 1.0
10781.0 1.0 1.0
10099.0 1.0 1.0
6141.0 1.0 1.049
4176.0 1.049 1.517
4366.0 1.517 1.82
5685.0 1.82 1.406
8921.0 1.406 1.203
9257.0 1.203 1.091
7309.0 1.091 1.086
5360.0 1.086 1.137
4176.0 1.137 1.601
5018.0 1.601 1.279
7553.0 1.279 1.021
11233.0 1.021 1.0
10731.0 1.0 1.0
6941.0 1.0 1.037
4458.0 1.037 1.492
4362.0 1.492 1.791
5253.0 1.791 1.414
9509.0 1.414 1.166
11171.0 1.166 1.0
10205.0 1.0 1.0
5995.0 1.0 1.064
4237.0 1.064 1.51
5095.0 1.51 1.202
7648.0 1.202 1.0
10728.0 1.0 1.0
10214.0 1.0 1.0
6256.0 1.0 1.047
4238.0 1.047 1.517
4570.0 1.517 1.821
6815.0 1.821 1.324
9969.0 1.324 1.095
10905.0 1.095 1.0
8909.0 1.0 1.0
4531.0 1.0 1.482
4242.0 1.482 1.779
5096.0 1.779 1.416
9124.0 1.416 1.193
10720.0 1.193 1.003
9836.0 1.003 1.0
6090.0 1.0 1.053
4244.0 1.053 1.498
4603.0 1.498 1.797
6355.0 1.797 1.34
10731.0 1.34 1.068
11987.0 1.068 1.0
10117.0 1.0 1.0
5319.0 1.0 1.089
4257.0 1.089 1.532
4990.0 1.532 1.839
7037.0 1.839 1.321
9609.0 1.321 1.128
9423.0 1.128 1.032
6285.0 1.032 1.063
4241.0 1.063 1.516
4236.0 1.516 1.82
5973.0 1.82 1.385
9709.0 1.385 1.149
10949.0 1.149 1.0
9011.0 1.0 1.0
4381.0 1.0 1.456
4571.0 1.456 1.747
6497.0 1.747 1.293
10015.0 1.293 1.076
11231.0 1.076 1.0
9385.0 1.0 1.0
5091.0 1.0 1.085
4264.0 1.085 1.52
5646.0 1.52 1.177
10158.0 1.177 1.0
11762.0 1.0 1.0
9568.0 1.0 1.0
4938.0 1.0 1.491
4272.0 1.491 1.789
4905.0 1.789 2.147
9741.0 2.147 1.31
12048.0 1.31 1.064
11754.0 1.064 1.0
8310.0 1.0 1.002
5743.0 1.002 1.039
4280.0 1.039 1.467
4854.0 1.467 1.76
7579.0 1.76 1.227
11253.0 1.227 1.0
12263.0 1.0 1.0
9565.0 1.0 1.0
4515.0 1.0 1.469
4356.0 1.469 1.763
6000.0 1.763 1.34
9356.0 1.34 1.136
9518.0 1.136 1.029
7080.0 1.029 1.03
5172.0 1.03 1.084
4277.0 1.084 1.522
4809.0 1.522 1.826
7405.0 1.826 1.285
11005.0 1.285 1.037
11635.0 1.037 1.0
8953.0 1.0 1.0
4323.0 1.0 1.459
4498.0 1.459 1.751
6522.0 1.751 1.294
10820.0 1.294 1.034
11628.0 1.034 1.0
8904.0 1.0 1.0
4176.0 1.0 1.478
4313.0 1.478 1.774
5991.0 1.774 1.349
9403.0 1.349 1.149
10653.0 1.149 1.0
8963.0 1.0 1.0
4837.0 1.0 1.479
4320.0 1.479 1.775
5160.0 1.775 1.408
9248.0 1.408 1.172
11196.0 1.172 1.0
10218.0 1.0 1.0
6428.0 1.0 1.04
4232.0 1.04 1.51
4357.0 1.51 1.812
5650.0 1.812 1.402
9430.0 1.402 1.171
10066.0 1.171 1.036
7646.0 1.036 1.03
5543.0 1.03 1.064
4221.0 1.064 1.501
4964.0 1.501 1.801
7737.0 1.801 1.244
11043.0 1.244 1.019
11741.0 1.019 1.0
9355.0 1.0 1.0
4557.0 1.0 1.486
4523.0 1.486 1.784
5560.0 1.784 1.387
8772.0 1.387 1.192
9864.0 1.192 1.053
8462.0 1.053 1.009
5094.0 1.009 1.074
4380.0 1.074 1.505
6008.0 1.505 1.144
10998.0 1.144 1.0
12018.0 1.0 1.0
9236.0 1.0 1.0
4186.0 1.0 1.479
4624.0 1.479 1.774
6472.0 1.774 1.315
11484.0 1.315 1.012
12582.0 1.012 1.0
9658.0 1.0 1.0
4608.0 1.0 1.494
4257.0 1.494 1.793
4904.0 1.793 2.152
8922.0 2.152 1.384
10668.0 1.384 1.176
10302.0 1.176 1.054
7610.0 1.054 1.051
5643.0 1.051 1.1
4218.0 1.1 1.556
4829.0 1.556 1.867
7296.0 1.867 1.322
10764.0 1.322 1.075
11344.0 1.075 1.0
8898.0 1.0 1.0
4520.0 1.0 1.48
4202.0 1.48 1.776
5634.0 1.776 1.376
9812.0 1.376 1.123
11308.0 1.123 1.0
9788.0 1.0 1.0
5662.0 1.0 1.05
4207.0 1.05 1.484
4454.0 1.484 1.781
6238.0 1.781 1.337
9604.0 1.337 1.121
9900.0 1.121 1.006
7096.0 1.006 1.019
4912.0 1.019 1.471
4242.0 1.471 1.914
5276.0 1.914 1.51
9468.0 1.51 1.093
11046.0 1.093 1.0
9284.0 1.0 1.0
4822.0 1.0 1.467
4205.0 1.467 1.76
5256.0 1.76 1.39
9518.0 1.39 1.148
11308.0 1.148 1.0
10280.0 1.0 1.0
6154.0 1.0 1.059
4263.0 1.059 1.508
4408.0 1.508 1.809
6617.0 1.809 1.33
10383.0 1.33 1.087
11375.0 1.087 1.0
9435.0 1.0 1.0
4889.0 1.0 1.489
4441.0 1.489 1.786
6159.0 1.786 1.346
9385.0 1.346 1.137
10361.0 1.137 1.0
8605.0 1.0 1.0
4647.0 1.0 1.472
4401.0 1.472 1.767
5635.0 1.767 1.368
9595.0 1.368 1.133
11025.0 1.133 1.0
10061.0 1.0 1.0
5935.0 1.0 1.063
4291.0 1.063 1.508
4882.0 1.508 1.809
7008.0 1.809 1.483
10020.0 1.483 1.242
10140.0 1.242 1.103
8800.0 1.103 1.05
4992.0 1.05 1.532
4203.0 1.532 1.838
4713.0 1.838 2.206
8291.0 2.206 1.705
10496.0 1.705 1.458
9740.0 1.458 1.345
7646.0 1.345 1.342
4240.0 1.342 1.965
4209.0 1.965 2.557
5159.0 2.557 2.03
7793.0 2.03 1.815
9381.0 1.815 1.572
9108.0 1.572 1.444
7684.0 1.444 1.412
4976.0 1.412 2.043
4252.0 2.043 2.67
5448.0 2.67 2.088
7940.0 2.088 1.86
9844.0 1.86 1.597
9826.0 1.597 1.445
7730.0 1.445 1.427
5450.0 1.427 1.475
4318.0 1.475 2.083
4487.0 2.083 2.499
7043.0 2.499 1.795
9083.0 1.795 1.579
8995.0 1.579 1.445
7617.0 1.445 1.406
5839.0 1.406 1.43
4176.0 1.43 2.025
4208.0 2.025 2.43
6536.0 2.43 1.795
9412.0 1.795 1.523
9826.0 1.523 1.362
8646.0 1.362 1.296
5902.0 1.296 1.333
4508.0 1.333 1.926
4458.0 1.926 2.311
7194.0 2.311 1.646
9628.0 1.646 1.402
9950.0 1.402 1.247
8816.0 1.247 1.183
5766.0 1.183 1.225
4235.0 1.225 1.738
4440.0 1.738 2.085
6215.0 2.085 1.567
8867.0 1.567 1.356
10013.0 1.356 1.174
8975.0 1.174 1.107
6349.0 1.107 1.126
4432.0 1.126 1.599
4559.0 1.599 1.919
6249.0 1.919 1.44
9879.0 1.44 1.184
10827.0 1.184 1.006
8911.0 1.006 1.0
4711.0 1.0 1.459
4325.0 1.459 1.751
5425.0 1.751 1.371
9807.0 1.371 1.121
11179.0 1.121 1.0
9717.0 1.0 1.0
5423.0 1.0 1.077
4219.0 1.077 1.517
5293.0 1.517 1.196
7872.0 1.196 1.063
10794.0 1.063 1.0
10280.0 1.0 1.0
6490.0 1.0 1.045
4176.0 1.045 1.495
4585.0 1.495 1.794
5906.0 1.794 1.37
10012.0 1.37 1.119
11204.0 1.119 1.0
9716.0 1.0 1.0
5506.0 1.0 1.076
4250.0 1.076 1.52
4565.0 1.52 1.824
6568.0 1.824 1.345
9824.0 1.345 1.123
10618.0 1.123 1.0
8932.0 1.0 1.0
4806.0 1.0 1.481
4390.0 1.481 1.777
5740.0 1.777 1.369
9418.0 1.369 1.142
10682.0 1.142 1.0
9324.0 1.0 1.0
5114.0 1.0 1.081
4252.0 1.081 1.515
5384.0 1.515 1.189
8293.0 1.189 1.04
11639.0 1.04 1.0
10681.0 1.0 1.0
6891.0 1.0 1.038
4408.0 1.038 1.492
4475.0 1.492 1.79
5532.0 1.79 1.394
9618.0 1.394 1.149
11524.0 1.149 1.0
10266.0 1.0 1.0
6140.0 1.0 1.059
4331.0 1.059 1.506
4331.0 1.506 1.807
6281.0 1.807 1.353
10203.0 1.353 1.096
11239.0 1.096 1.0
9439.0 1.0 1.0
4977.0 1.0 1.488
4258.0 1.488 1.786
5637.0 1.786 1.383
8691.0 1.383 1.199
9915.0 1.199 1.057
8503.0 1.057 1.011
4873.0 1.011 1.486
4380.0 1.486 1.783
5499.0 1.783 1.391
9295.0 1.391 1.181
9831.0 1.181 1.042
7787.0 1.042 1.029
5894.0 1.029 1.068
4176.0 1.068 1.514
4801.0 1.514 1.817
6950.0 1.817 1.312
9832.0 1.312 1.106
9974.0 1.106 1.0
7472.0 1.0 1.002
5409.0 1.002 1.04
4176.0 1.04 1.356
5711.0 1.356 1.046
8469.0 1.046 1.0
9875.0 1.0 1.0
7597.0 1.0 1.0
5702.0 1.0 1.025
4252.0 1.025 1.448
5192.0 1.448 1.148
7759.0 1.148 1.025
11181.0 1.025 1.0
9561.0 1.0 1.0
5519.0 1.0 1.053
4247.0 1.053 1.375
5488.0 1.375 1.073
8416.0 1.073 1.0
10060.0 1.0 1.0
8118.0 1.0 1.0
6139.0 1.0 1.016
4179.0 1.016 1.447
4390.0 1.447 1.737
6030.0 1.737 1.318
9576.0 1.318 1.103
9862.0 1.103 1.0
6974.0 1.0 1.019
4659.0 1.019 1.468
4251.0 1.468 1.761
5332.0 1.761 1.386
9348.0 1.386 1.151
11184.0 1.151 1.0
9946.0 1.0 1.0
5904.0 1.0 1.045
4232.0 1.045 1.483
4506.0 1.483 1.78
6875.0 1.78 1.29
10487.0 1.29 1.053
11255.0 1.053 1.0
9157.0 1.0 1.0
4611.0 1.0 1.483
4257.0 1.483 1.78
5198.0 1.78 1.41
9650.0 1.41 1.161
11694.0 1.161 1.0
10670.0 1.0 1.0
6796.0 1.0 1.042
4229.0 1.042 1.519
4337.0 1.519 1.823
5328.0 1.823 1.434
9500.0 1.434 1.184
10994.0 1.184 1.012
9070.0 1.012 1.0
4548.0 1.0 1.461
4297.0 1.461 1.754
5496.0 1.754 1.368
9386.0 1.368 1.156
11150.0 1.156 1.0
9894.0 1.0 1.0
6020.0 1.0 1.056
4451.0 1.056 1.5
5122.0 1.5 1.193
7556.0 1.193 1.0
10784.0 1.0 1.0
10270.0 1.0 1.0
6648.0 1.0 1.043
4417.0 1.043 1.517
4309.0 1.517 1.821
5545.0 1.821 1.417
9705.0 1.417 1.162
11473.0 1.162 1.0
10207.0 1.0 1.0
6249.0 1.0 1.049
4203.0 1.049 1.523
4374.0 1.523 1.828
5716.0 1.828 1.41
9324.0 1.41 1.183
10192.0 1.183 1.039
8176.0 1.039 1.015
4356.0 1.015 1.464
4796.0 1.464 1.756
7425.0 1.756 1.235
10743.0 1.235 1.009
11677.0 1.009 1.0
8967.0 1.0 1.0
4337.0 1.0 1.479
4432.0 1.479 1.774
6111.0 1.774 1.341
9863.0 1.341 1.109
11457.0 1.109 1.0
9995.0 1.0 1.0
5701.0 1.0 1.071
4255.0 1.071 1.515
4591.0 1.515 1.818
6658.0 1.818 1.333
9794.0 1.333 1.119
9724.0 1.119 1.018
6978.0 1.018 1.033
4812.0 1.033 1.489
4255.0 1.489 1.936
5361.0 1.936 1.521
9569.0 1.521 1.26
11647.0 1.26 1.021
11093.0 1.021 1.0
7825.0 1.0 1.017
5426.0 1.017 1.079
4290.0 1.079 1.52
4757.0 1.52 1.824
7263.0 1.824 1.294
10347.0 1.294 1.063
10899.0 1.063 1.0
8533.0 1.0 1.0
4176.0 1.0 1.472
4252.0 1.472 1.766
5736.0 1.766 1.361
10114.0 1.361 1.1
11894.0 1.1 1.0
10642.0 1.0 1.0
6096.0 1.0 1.068
4297.0 1.068 1.518
4317.0 1.518 1.821
6311.0 1.821 1.361
9803.0 1.361 1.125
10917.0 1.125 1.0
9173.0 1.0 1.0
4795.0 1.0 1.484
4269.0 1.484 1.78
4852.0 1.78 2.137
8552.0 2.137 1.632
9794.0 1.632 1.412
9016.0 1.412 1.322
6546.0 1.322 1.343
4218.0 1.343 1.766
4872.0 1.766 2.12
9252.0 2.12 1.569
11577.0 1.569 1.273
10800.0 1.273 1.141
7858.0 1.141 1.144
4176.0 1.144 1.647
4521.0 1.647 1.976
6448.0 1.976 1.467
10164.0 1.467 1.215
11748.0 1.215 1.008
10948.0 1.008 1.0
6962.0 1.0 1.041
4311.0 1.041 1.5
4443.0 1.5 1.799
5530.0 1.799 1.401
9498.0 1.401 1.161
11134.0 1.161 1.0
10028.0 1.0 1.0
5818.0 1.0 1.067
4286.0 1.067 1.511
4336.0 1.511 1.814
6055.0 1.814 1.374
9507.0 1.374 1.154
10571.0 1.154 1.0
9117.0 1.0 1.0
5163.0 1.0 1.057
4319.0 1.057 1.484
5533.0 1.484 1.155
8492.0 1.155 1.005
10922.0 1.005 1.0
9404.0 1.0 1.0
5530.0 1.0 1.048
4309.0 1.048 1.481
5326.0 1.481 1.165
8609.0 1.165 1.005
12591.0 1.005 1.0
11401.0 1.0 1.0
7023.0 1.0 1.047
4288.0 1.047 1.509
4367.0 1.509 1.811
5826.0 1.811 1.389
9098.0 1.389 1.181
9536.0 1.181 1.063
7332.0 1.063 1.063
5517.0 1.063 1.092
4176.0 1.092 1.537
4551.0 1.537 1.845
6532.0 1.845 1.363
10394.0 1.363 1.106
11520.0 1.106 1.0
9768.0 1.0 1.0
5222.0 1.0 1.067
4244.0 1.067 1.499
5887.0 1.499 1.146
9151.0 1.146 1.0
8441.0 1.0 1.0
6798.0 1.0 1.003
4987.0 1.003 1.439
4276.0 1.439 1.727
5714.0 1.727 1.332
10126.0 1.332 1.086
11472.0 1.086 1.0
9182.0 1.0 1.0
4384.0 1.0 1.461
4249.0 1.461 1.754
6281.0 1.754 1.313
9583.0 1.313 1.099
10913.0 1.099 1.0
9061.0 1.0 1.0
4767.0 1.0 1.461
4176.0 1.461 1.754
5115.0 1.754 1.395
9593.0 1.395 1.143
11593.0 1.143 1.0
10669.0 1.0 1.0
6627.0 1.0 1.048
4289.0 1.048 1.5
4645.0 1.5 1.8
6406.0 1.8 1.339
10378.0 1.339 1.087
11620.0 1.087 1.0
9514.0 1.0 1.0
4884.0 1.0 1.491
4464.0 1.491 1.939
5184.0 1.939 1.537
9238.0 1.537 1.28
10678.0 1.28 1.083
9576.0 1.083 1.007
6068.0 1.007 1.041
4329.0 1.041 1.364
5074.0 1.364 1.087
8711.0 1.087 1.0
12075.0 1.0 1.0
10301.0 1.0 1.0
5503.0 1.0 1.086
4205.0 1.086 1.533
4966.0 1.533 1.839
7518.0 1.839 1.286
10428.0 1.286 1.065
10228.0 1.065 1.0
6792.0 1.0 1.033
4477.0 1.033 1.484
4365.0 1.484 1.781
5645.0 1.781 1.379
9599.0 1.379 1.142
11205.0 1.142 1.0
9855.0 1.0 1.0
5813.0 1.0 1.054
4290.0 1.054 1.493
4664.0 1.493 1.792
6903.0 1.792 1.297
10411.0 1.297 1.062
11413.0 1.062 1.0
9197.0 1.0 1.0
4735.0 1.0 1.487
4176.0 1.487 1.935
4949.0 1.935 2.322
9069.0 2.322 1.714
11091.0 1.714 1.441
10584.0 1.441 1.291
8518.0 1.291 1.259
4844.0 1.259 1.831
4295.0 1.831 2.39
4397.0 2.39 2.868
7073.0 2.868 2.056
11090.0 2.056 1.633
11786.0 1.633 1.38
8948.0 1.38 1.346
5356.0 1.346 1.42
4211.0 1.42 2.044
4323.0 2.044 2.453
6979.0 2.453 1.768
12691.0 1.768 1.301
13984.0 1.301 1.03
9958.0 1.03 1.004
4312.0 1.004 1.481
4220.0 1.481 1.777
5097.0 1.777 1.414
7937.0 1.414 1.252
9097.0 1.252 1.125
7615.0 1.125 1.098
4779.0 1.098 1.594
4499.0 1.594 1.913
5500.0 1.913 1.492
9940.0 1.492 1.219
12058.0 1.219 1.0
11392.0 1.0 1.0
7098.0 1.0 1.044
4531.0 1.044 1.508
4353.0 1.508 1.81
5304.0 1.81 1.426
9998.0 1.426 1.153
13018.0 1.153 1.0
12312.0 1.0 1.0
8186.0 1.0 1.021
5283.0 1.021 1.097
4235.0 1.097 1.542
4957.0 1.542 1.851
7040.0 1.851 1.516
9084.0 1.516 1.325
8610.0 1.325 1.239
6354.0 1.239 1.254
4913.0 1.254 1.794
4228.0 1.794 2.332
5231.0 2.332 1.844
9159.0 1.844 1.549
11423.0 1.549 1.242
11447.0 1.242 1.078
8679.0 1.078 1.062
4280.0 1.062 1.545
4524.0 1.545 1.854
6197.0 1.854 1.395
10777.0 1.395 1.114
12355.0 1.114 1.0
10631.0 1.0 1.0
5833.0 1.0 1.06
4322.0 1.06 1.518
4832.0 1.518 1.822
6577.0 1.822 1.343
9065.0 1.343 1.162
8663.0 1.162 1.086
6139.0 1.086 1.105
4323.0 1.105 1.573
4368.0 1.573 1.888
6643.0 1.888 1.386
11051.0 1.386 1.094
12557.0 1.094 1.0
11051.0 1.0 1.0
6337.0 1.0 1.055
4176.0 1.055 1.534
4176.0 1.534 1.841
5221.0 1.841 1.456
8811.0 1.456 1.255
9811.0 1.255 1.107
8025.0 1.107 1.077
4269.0 1.077 1.573
4368.0 1.573 1.887
6220.0 1.887 1.418
9868.0 1.418 1.173
11558.0 1.173 1.0
10426.0 1.0 1.0
6300.0 1.0 1.052
4176.0 1.052 1.501
4298.0 1.501 1.801
6145.0 1.801 1.358
9783.0 1.358 1.127
10783.0 1.127 1.0
9065.0 1.0 1.0
4603.0 1.0 1.481
4394.0 1.481 1.777
6419.0 1.777 1.321
9429.0 1.321 1.121
10751.0 1.121 1.0
9287.0 1.0 1.0
5329.0 1.0 1.073
4275.0 1.073 1.507
5874.0 1.507 1.153
10626.0 1.153 1.0
12270.0 1.0 1.0
9740.0 1.0 1.0
5026.0 1.0 1.093
4385.0 1.093 1.421
5476.0 1.421 1.11
8688.0 1.11 1.0
11442.0 1.0 1.0
10004.0 1.0 1.0
5794.0 1.0 1.069
4193.0 1.069 1.398
4804.0 1.398 1.678
7665.0 1.678 1.332
10867.0 1.332 1.091
10529.0 1.091 1.0
7057.0 1.0 1.031
4574.0 1.031 1.485
4355.0 1.485 1.782
5302.0 1.782 1.404
10016.0 1.404 1.13
12346.0 1.13 1.0
11336.0 1.0 1.0
7294.0 1.0 1.027
4643.0 1.027 1.51
4254.0 1.51 1.812
5043.0 1.812 1.446
9325.0 1.446 1.052
11167.0 1.052 1.0
10227.0 1.0 1.0
6101.0 1.0 1.06
4224.0 1.06 1.507
4524.0 1.507 1.809
6144.0 1.809 1.364
10244.0 1.364 1.108
11300.0 1.108 1.0
8822.0 1.0 1.0
4239.0 1.0 1.478
4716.0 1.478 1.773
6559.0 1.773 1.308
9379.0 1.308 1.119
9649.0 1.119 1.007
7481.0 1.007 1.0
5557.0 1.0 1.026
4187.0 1.026 1.452
5319.0 1.452 1.143
8069.0 1.143 1.0
11095.0 1.0 1.0
10665.0 1.0 1.0
6623.0 1.0 1.048
4210.0 1.048 1.523
4542.0 1.523 1.828
5716.0 1.828 1.41
9156.0 1.41 1.192
9772.0 1.192 1.062
7694.0 1.062 1.047
5791.0 1.047 1.072
4221.0 1.072 1.52
4851.0 1.52 1.824
7526.0 1.824 1.275
11032.0 1.275 1.028
12146.0 1.028 1.0
9734.0 1.0 1.0
5104.0 1.0 1.089
4347.0 1.089 1.527
5349.0 1.527 1.2
8049.0 1.2 1.0
10523.0 1.0 1.0
9757.0 1.0 1.0
5799.0 1.0 1.064
4176.0 1.064 1.5
4702.0 1.5 1.8
6965.0 1.8 1.298
10933.0 1.298 1.045
12367.0 1.045 1.0
10055.0 1.0 1.0
5341.0 1.0 1.087
4185.0 1.087 1.529
5158.0 1.529 1.214
7613.0 1.214 1.0
11583.0 1.0 1.0
11069.0 1.0 1.0
6943.0 1.0 1.037
4376.0 1.037 1.486
4190.0 1.486 1.784
5419.0 1.784 1.397
9555.0 1.397 1.157
10817.0 1.157 1.0
9323.0 1.0 1.0
5029.0 1.0 1.084
4373.0 1.084 1.518
6074.0 1.518 1.149
10234.0 1.149 1.0
11076.0 1.0 1.0
8378.0 1.0 1.0
6147.0 1.0 1.04
4260.0 1.04 1.474
4508.0 1.474 1.769
6589.0 1.769 1.303
10729.0 1.303 1.036
11451.0 1.036 1.0
8923.0 1.0 1.0
4209.0 1.0 1.479
4457.0 1.479 1.775
6305.0 1.775 1.327
10225.0 1.327 1.081
11605.0 1.081 1.0
9759.0 1.0 1.0
5381.0 1.0 1.082
4176.0 1.082 1.526
5462.0 1.526 1.193
8411.0 1.193 1.036
12139.0 1.036 1.0
11209.0 1.0 1.0
6999.0 1.0 1.043
4432.0 1.043 1.501
4329.0 1.501 1.801
6091.0 1.801 1.362
9561.0 1.362 1.141
10343.0 1.141 1.001
8141.0 1.001 1.0
5920.0 1.0 1.026
4208.0 1.026 1.457
4491.0 1.457 1.748
6841.0 1.748 1.27
10953.0 1.27 1.012
12265.0 1.012 1.0
9933.0 1.0 1.0
5219.0 1.0 1.09
4176.0 1.09 1.531
4893.0 1.531 1.837
6935.0 1.837 1.327
9247.0 1.327 1.14
8951.0 1.14 1.058
6557.0 1.058 1.076
4705.0 1.076 1.539
4285.0 1.539 1.846
6103.0 1.846 1.396
10729.0 1.396 1.097
12483.0 1.097 1.0
10693.0 1.0 1.0
5811.0 1.0 1.083
4250.0 1.083 1.537
4678.0 1.537 1.845
6911.0 1.845 1.335
9345.0 1.335 1.148
9037.0 1.148 1.062
6841.0 1.062 1.063
5020.0 1.063 1.104
4176.0 1.104 1.548
5358.0 1.548 1.216
8134.0 1.216 1.074
12052.0 1.074 1.0
10594.0 1.0 1.0
5964.0 1.0 1.06
4202.0 1.06 1.534
4521.0 1.534 1.841
6574.0 1.841 1.357
9576.0 1.357 1.145
9806.0 1.145 1.028
7486.0 1.028 1.02
5570.0 1.02 1.052
4176.0 1.052 1.489
5178.0 1.489 1.181
7654.0 1.181 1.058
11156.0 1.058 1.0
10218.0 1.0 1.0
6176.0 1.0 1.046
4176.0 1.046 1.482
4463.0 1.482 1.779
6828.0 1.779 1.293
10854.0 1.293 1.036
12234.0 1.036 1.0
9612.0 1.0 1.0
4814.0 1.0 1.493
4307.0 1.493 1.792
5408.0 1.792 1.404
9420.0 1.404 1.164
10912.0 1.164 1.0
9334.0 1.0 1.0
5040.0 1.0 1.086
4200.0 1.086 1.524
5857.0 1.524 1.167
10733.0 1.167 1.0
11547.0 1.0 1.0
8093.0 1.0 1.006
5694.0 1.006 1.042
4256.0 1.042 1.476
5373.0 1.476 1.159
8134.0 1.159 1.023
10608.0 1.023 1.0
8714.0 1.0 1.0
4672.0 1.0 1.473
4605.0 1.473 1.768
6263.0 1.768 1.325
10903.0 1.325 1.044
12767.0 1.044 1.0
10945.0 1.0 1.0
6147.0 1.0 1.073
4267.0 1.073 1.527
4741.0 1.527 1.832
6432.0 1.832 1.361
9558.0 1.361 1.149
9658.0 1.149 1.038
7138.0 1.038 1.048
5219.0 1.048 1.1
4176.0 1.1 1.547
5902.0 1.547 1.182
10350.0 1.182 1.0
11928.0 1.0 1.0
9482.0 1.0 1.0
4768.0 1.0 1.468
4298.0 1.468 1.761
4759.0 1.761 2.113
6599.0 2.113 1.556
9777.0 1.556 1.305
10341.0 1.305 1.144
8147.0 1.144 1.118
4339.0 1.118 1.612
4256.0 1.612 1.934
5356.0 1.934 1.52
9052.0 1.52 1.296
10450.0 1.296 1.101
9176.0 1.101 1.034
5840.0 1.034 1.076
4182.0 1.076 1.527
4810.0 1.527 1.832
7089.0 1.832 1.313
10551.0 1.313 1.07
10699.0 1.07 1.0
8183.0 1.0 1.0
5868.0 1.0 1.044
4202.0 1.044 1.48
4673.0 1.48 1.776
7197.0 1.776 1.265
10705.0 1.265 1.027
10451.0 1.027 1.0
7021.0 1.0 1.029
4622.0 1.029 1.479
4214.0 1.479 1.774
5609.0 1.774 1.376
9947.0 1.376 1.131
11531.0 1.131 1.0
10455.0 1.0 1.0
6413.0 1.0 1.046
4298.0 1.046 1.489
4237.0 1.489 1.786
5871.0 1.786 1.367
9519.0 1.367 1.145
10347.0 1.145 1.003
7769.0 1.003 1.0
5391.0 1.0 1.039
4306.0 1.039 1.462
5351.0 1.462 1.149
7722.0 1.149 1.03
9990.0 1.03 1.0
8036.0 1.0 1.0
6225.0 1.0 1.019
4176.0 1.019 1.455
4319.0 1.455 1.746
6242.0 1.746 1.31
10092.0 1.31 1.07
11478.0 1.07 1.0
9712.0 1.0 1.0
5166.0 1.0 1.073
4176.0 1.073 1.526
5030.0 1.526 1.219
7223.0 1.219 1.0
10249.0 1.0 1.0
8895.0 1.0 1.0
5105.0 1.0 1.073
4314.0 1.073 1.504
6438.0 1.504 1.117
9570.0 1.117 1.0
9058.0 1.0 1.0
5940.0 1.0 1.03
4363.0 1.03 1.462
4423.0 1.462 1.755
6206.0 1.755 1.319
10270.0 1.319 1.071
11826.0 1.071 1.0
10074.0 1.0 1.0
5528.0 1.0 1.084
4209.0 1.084 1.534
4708.0 1.534 1.841
6677.0 1.841 1.349
9679.0 1.349 1.136
10429.0 1.136 1.0
8237.0 1.0 1.0
6174.0 1.0 1.025
4176.0 1.025 1.483
4353.0 1.483 1.78
6051.0 1.78 1.349
10589.0 1.349 1.074
12263.0 1.074 1.0
10641.0 1.0 1.0
5927.0 1.0 1.077
4207.0 1.077 1.41
5231.0 1.41 1.115
8059.0 1.115 1.0
10795.0 1.0 1.0
8937.0 1.0 1.0
4979.0 1.0 1.461
4176.0 1.461 1.904
5112.0 1.904 1.515
9680.0 1.515 1.247
12052.0 1.247 1.007
11696.0 1.007 1.0
7938.0 1.0 1.023
5455.0 1.023 1.09
4212.0 1.09 1.422
4758.0 1.422 1.706
7470.0 1.706 1.197
11766.0 1.197 1.0
12850.0 1.0 1.0
10068.0 1.0 1.0
4682.0 1.0 1.475
4472.0 1.475 1.77
5213.0 1.77 1.401
9865.0 1.401 1.133
12505.0 1.133 1.0
11369.0 1.0 1.0
7159.0 1.0 1.041
4424.0 1.041 1.502
4335.0 1.502 1.802
5515.0 1.802 1.405
9161.0 1.405 1.184
10743.0 1.184 1.01
9407.0 1.01 1.0
5453.0 1.0 1.053
4220.0 1.053 1.373
5172.0 1.373 1.089
8682.0 1.089 1.0
12576.0 1.0 1.0
11222.0 1.0 1.0
6928.0 1.0 1.05
4277.0 1.05 1.516
4685.0 1.516 1.819
6420.0 1.819 1.352
11076.0 1.352 1.07
12524.0 1.07 1.0
10096.0 1.0 1.0
5298.0 1.0 1.069
4246.0 1.069 1.511
4972.0 1.511 1.813
7360.0 1.813 1.463
9968.0 1.463 1.251
10432.0 1.251 1.103
8772.0 1.103 1.057
4788.0 1.057 1.561
4316.0 1.561 2.03
5119.0 2.03 1.614
9563.0 1.614 1.339
11529.0 1.339 1.11
11091.0 1.11 1.0
7627.0 1.0 1.02
5144.0 1.02 1.09
4420.0 1.09 1.53
5322.0 1.53 1.204
8034.0 1.204 1.065
10386.0 1.065 1.0
9472.0 1.0 1.0
5598.0 1.0 1.049
4187.0 1.049 1.485
4916.0 1.485 1.781
7290.0 1.781 1.262
9818.0 1.262 1.074
9282.0 1.074 1.0
6406.0 1.0 1.018
4679.0 1.018 1.465
4241.0 1.465 1.758
5448.0 1.758 1.375
9532.0 1.375 1.135
10434.0 1.135 1.0
7562.0 1.0 1.007
4995.0 1.007 1.46
4350.0 1.46 1.899
4948.0 1.899 2.279
9408.0 2.279 1.675
11727.0 1.675 1.368
10545.0 1.368 1.246
7687.0 1.246 1.247
4203.0 1.247 1.784
4317.0 1.784 2.141
5882.0 2.141 1.637
9078.0 1.637 1.221
10266.0 1.221 1.048
9278.0 1.048 1.0
5920.0 1.0 1.045
4176.0 1.045 1.478
4335.0 1.478 1.774
6264.0 1.774 1.329
9928.0 1.329 1.105
10240.0 1.105 1.0
7136.0 1.0 1.012
4737.0 1.012 1.472
4255.0 1.472 1.766
5201.0 1.766 1.399
8907.0 1.399 1.195
10435.0 1.195 1.026
9239.0 1.026 1.0
5453.0 1.0 1.05
4204.0 1.05 1.479
5143.0 1.479 1.175
7497.0 1.175 1.0
10085.0 1.0 1.0
7387.0 1.0 1.003
5324.0 1.003 1.038
4245.0 1.038 1.468
5234.0 1.468 1.161
8131.0 1.161 1.019
11045.0 1.019 1.0
9917.0 1.0 1.0
5875.0 1.0 1.064
4252.0 1.064 1.51
4390.0 1.51 1.812
6776.0 1.812 1.321
10306.0 1.321 1.085
10536.0 1.085 1.0
7398.0 1.0 1.01
5083.0 1.01 1.073
4315.0 1.073 1.513
5261.0 1.513 1.194
7657.0 1.194 1.073
9557.0 1.073 1.0
8011.0 1.0 1.0
6368.0 1.0 1.012
4221.0 1.012 1.448
4407.0 1.448 1.738
5967.0 1.738 1.323
10443.0 1.323 1.067
12039.0 1.067 1.0
10491.0 1.0 1.0
5861.0 1.0 1.069
4202.0 1.069 1.516
4649.0 1.516 1.819
6217.0 1.819 1.367
10035.0 1.367 1.122
10527.0 1.122 1.0
7899.0 1.0 1.0
5752.0 1.0 1.028
4198.0 1.028 1.453
5613.0 1.453 1.127
8285.0 1.127 1.0
10851.0 1.0 1.0
9161.0 1.0 1.0
4783.0 1.0 1.485
4176.0 1.485 1.782
4992.0 1.782 2.139
8784.0 2.139 1.616
10878.0 1.616 1.363
10062.0 1.363 1.248
7496.0 1.248 1.244
4176.0 1.244 1.781
4262.0 1.781 2.138
5316.0 2.138 1.683
8334.0 1.683 1.296
9972.0 1.296 1.125
9702.0 1.125 1.023
7114.0 1.023 1.026
4988.0 1.026 1.48
4271.0 1.48 1.776
4947.0 1.776 2.131
9377.0 2.131 1.563
12017.0 1.563 1.242
11348.0 1.242 1.098
8164.0 1.098 1.102
4270.0 1.102 1.585
4263.0 1.585 1.902
5906.0 1.902 1.453
9540.0 1.453 1.212
11266.0 1.212 1.016
10176.0 1.016 1.0
6404.0 1.0 1.048
4406.0 1.048 1.496
4495.0 1.496 1.795
5904.0 1.795 1.371
9428.0 1.371 1.153
10378.0 1.153 1.006
8740.0 1.006 1.0
4468.0 1.0 1.473
4493.0 1.473 1.768
5396.0 1.768 1.386
9448.0 1.386 1.15
10534.0 1.15 1.0
8360.0 1.0 1.0
6213.0 1.0 1.018
4176.0 1.018 1.449
4601.0 1.449 1.739
6753.0 1.739 1.27
10395.0 1.27 1.039
11367.0 1.039 1.0
8961.0 1.0 1.0
4415.0 1.0 1.479
4355.0 1.479 1.774
5698.0 1.774 1.37
10122.0 1.37 1.124
11650.0 1.124 1.0
9974.0 1.0 1.0
5344.0 1.0 1.088
4205.0 1.088 1.418
5204.0 1.418 1.123
7983.0 1.123 1.0
9905.0 1.0 1.0
8047.0 1.0 1.0
6404.0 1.0 1.009
4341.0 1.009 1.435
4517.0 1.435 1.721
6524.0 1.721 1.272
10402.0 1.272 1.034
10646.0 1.034 1.0
7240.0 1.0 1.025
4841.0 1.025 1.483
4176.0 1.483 1.929
4883.0 1.929 2.314
8639.0 2.314 1.753
9953.0 1.753 1.536
8519.0 1.536 1.474
5755.0 1.474 1.546
4325.0 1.546 2.177
5078.0 2.177 1.735
8994.0 1.735 1.469
11184.0 1.469 1.22
11530.0 1.22 1.051
9448.0 1.051 1.002
5138.0 1.002 1.089
4284.0 1.089 1.418
5649.0 1.418 1.097
8847.0 1.097 1.0
11427.0 1.0 1.0
9569.0 1.0 1.0
5107.0 1.0 1.089
4208.0 1.089 1.529
4911.0 1.529 1.835
6946.0 1.835 1.325
10086.0 1.325 1.106
10524.0 1.106 1.0
8264.0 1.0 1.0
6369.0 1.0 1.01
4224.0 1.01 1.44
4213.0 1.44 1.728
6160.0 1.728 1.303
10414.0 1.303 1.048
12060.0 1.048 1.0
10138.0 1.0 1.0
5508.0 1.0 1.084
4176.0 1.084 1.53
4524.0 1.53 1.836
6647.0 1.836 1.348
10129.0 1.348 1.106
10531.0 1.106 1.0
7693.0 1.0 1.0
5378.0 1.0 1.055
4176.0 1.055 1.376
5265.0 1.376 1.086
8533.0 1.086 1.0
11373.0 1.0 1.0
10019.0 1.0 1.0
5641.0 1.0 1.052
4245.0 1.052 1.487
5118.0 1.487 1.183
7922.0 1.183 1.0
11024.0 1.0 1.0
10090.0 1.0 1.0
5880.0 1.0 1.049
4208.0 1.049 1.489
5817.0 1.489 1.143
10515.0 1.143 1.0
11519.0 1.0 1.0
8737.0 1.0 1.0
4176.0 1.0 1.476
4368.0 1.476 1.771
5785.0 1.771 1.361
9519.0 1.361 1.135
10885.0 1.135 1.0
9441.0 1.0 1.0
5147.0 1.0 1.082
4300.0 1.082 1.517
5294.0 1.517 1.196
7875.0 1.196 1.065
11221.0 1.065 1.0
9045.0 1.0 1.0
4415.0 1.0 1.481
4346.0 1.481 1.777
5782.0 1.777 1.366
9548.0 1.366 1.135
10368.0 1.135 1.0
7994.0 1.0 1.0
6015.0 1.0 1.02
4266.0 1.02 1.448
4543.0 1.448 1.738
6523.0 1.738 1.285
10159.0 1.285 1.055
10699.0 1.055 1.0
8129.0 1.0 1.0
5982.0 1.0 1.025
4176.0 1.025 1.458
4212.0 1.458 1.749
5725.0 1.749 1.349
9591.0 1.349 1.118
10839.0 1.118 1.0
9505.0 1.0 1.0
5295.0 1.0 1.057
4200.0 1.057 1.486
5127.0 1.486 1.181
8178.0 1.181 1.0
11852.0 1.0 1.0
10414.0 1.0 1.0
6036.0 1.0 1.067
4176.0 1.067 1.543
4751.0 1.543 1.851
7171.0 1.851 1.32
9721.0 1.32 1.138
9523.0 1.138 1.036
6771.0 1.036 1.05
4920.0 1.05 1.513
4424.0 1.513 1.816
5898.0 1.816 1.388
9362.0 1.388 1.167
10542.0 1.167 1.008
9170.0 1.008 1.0
5258.0 1.0 1.074
4309.0 1.074 1.508
5396.0 1.508 1.183
8028.0 1.183 1.0
10628.0 1.0 1.0
8938.0 1.0 1.0
4812.0 1.0 1.458
4213.0 1.458 1.749
5894.0 1.749 1.337
9424.0 1.337 1.126
10814.0 1.126 1.0
9078.0 1.0 1.0
5036.0 1.0 1.08
4608.0 1.08 1.513
6028.0 1.513 1.148
9648.0 1.148 1.0
10310.0 1.0 1.0
7528.0 1.0 1.005
5297.0 1.005 1.043
4265.0 1.043 1.467
4871.0 1.467 1.761
7598.0 1.761 1.404
9848.0 1.404 1.2
9486.0 1.2 1.094
7582.0 1.094 1.084
5826.0 1.084 1.111
4176.0 1.111 1.566
4639.0 1.566 1.879
6049.0 1.879 1.425
9491.0 1.425 1.194
10483.0 1.194 1.04
8847.0 1.04 1.0
4615.0 1.0 1.475
4262.0 1.475 1.77
5843.0 1.77 1.356
8479.0 1.356 1.183
9127.0 1.183 1.06
7023.0 1.06 1.064
5184.0 1.064 1.099
4264.0 1.099 1.543
5485.0 1.543 1.205
8481.0 1.205 1.045
7979.0 1.045 1.0
6361.0 1.0 1.005
4382.0 1.005 1.447
4275.0 1.447 1.737
5349.0 1.737 1.365
8977.0 1.365 1.161
10125.0 1.161 1.017
8593.0 1.017 1.0
4917.0 1.0 1.463
4271.0 1.463 1.755
5217.0 1.755 1.389
9285.0 1.389 1.155
10815.0 1.155 1.0
9623.0 1.0 1.0
5833.0 1.0 1.051
4321.0 1.051 1.375
5554.0 1.375 1.07
8315.0 1.07 1.0
10161.0 1.0 1.0
8135.0 1.0 1.0
6240.0 1.0 1.015
4226.0 1.015 1.446
4450.0 1.446 1.735
6505.0 1.735 1.284
9959.0 1.284 1.065
10409.0 1.065 1.0
7823.0 1.0 1.0
5676.0 1.0 1.031
4223.0 1.031 1.347
5301.0 1.347 1.061
7932.0 1.061 1.0
9379.0 1.0 1.0
8697.0 1.0 1.0
5579.0 1.0 1.037
4208.0 1.037 1.354
5275.0 1.354 1.068
7857.0 1.068 1.0
9527.0 1.0 1.0
8257.0 1.0 1.0
6866.0 1.0 1.001
4971.0 1.001 1.438
4486.0 1.438 1.726
5752.0 1.726 1.329
8814.0 1.329 1.147
9118.0 1.147 1.043
6820.0 1.043 1.052
5191.0 1.052 1.083
4444.0 1.083 1.519
6137.0 1.519 1.146
8879.0 1.146 1.003
8255.0 1.003 1.0
6889.0 1.0 1.0
5246.0 1.0 1.028
4315.0 1.028 1.443
6262.0 1.443 1.082
8920.0 1.082 1.0
8084.0 1.0 1.0
6525.0 1.0 1.01
4546.0 1.01 1.444
4303.0 1.444 1.733
5509.0 1.733 1.351
8863.0 1.351 1.16
9545.0 1.16 1.039
7659.0 1.039 1.02
5912.0 1.02 1.048
4176.0 1.048 1.496
4222.0 1.496 1.795
5716.0 1.795 1.385
9326.0 1.385 1.167
9978.0 1.167 1.035
8354.0 1.035 1.0
4374.0 1.0 1.464
4967.0 1.464 1.756
7176.0 1.756 1.433
9570.0 1.433 1.229
9122.0 1.229 1.135
6294.0 1.135 1.169
4651.0 1.169 1.682
4194.0 1.682 2.018
5157.0 2.018 1.602
9049.0 1.602 1.36
10681.0 1.36 1.158
10185.0 1.158 1.046
7265.0 1.046 1.064
5072.0 1.064 1.129
4329.0 1.129 1.469
4602.0 1.469 1.762
7082.0 1.762 1.263
9844.0 1.263 1.057
9406.0 1.057 1.0
6028.0 1.0 1.032
4176.0 1.032 1.466
5062.0 1.466 1.169
7197.0 1.169 1.0
9801.0 1.0 1.0
11303.0 1.0 1.0
8437.0 1.0 1.0
6122.0 1.0 1.041
4310.0 1.041 1.473
4325.0 1.473 1.768
6151.0 1.768 1.333
9783.0 1.333 1.107
10717.0 1.107 1.0
8809.0 1.0 1.0
4263.0 1.0 1.456
4434.0 1.456 1.747
5689.0 1.747 1.35
9629.0 1.35 1.121
10887.0 1.121 1.0
9257.0 1.0 1.0
5047.0 1.0 1.06
4322.0 1.06 1.486
5321.0 1.486 1.17
7869.0 1.17 1.041
10729.0 1.041 1.0
9287.0 1.0 1.0
5245.0 1.0 1.078
4237.0 1.078 1.404
5055.0 1.404 1.12
7941.0 1.12 1.0
10663.0 1.0 1.0
8889.0 1.0 1.0
4847.0 1.0 1.459
4293.0 1.459 1.751
5140.0 1.751 1.391
8764.0 1.391 1.187
10142.0 1.187 1.031
8678.0 1.031 1.0
4894.0 1.0 1.475
4232.0 1.475 1.917
5084.0 1.917 1.527
8956.0 1.527 1.299
10578.0 1.299 1.105
10088.0 1.105 1.001
6900.0 1.001 1.019
4764.0 1.019 1.476
4349.0 1.476 1.771
5094.0 1.771 1.41
8996.0 1.41 1.187
10122.0 1.187 1.034
8484.0 1.034 1.0
4320.0 1.0 1.47
4668.0 1.47 1.764
6650.0 1.764 1.295
10094.0 1.295 1.069
11160.0 1.069 1.0
8970.0 1.0 1.0
4676.0 1.0 1.456
4327.0 1.456 1.894
5749.0 1.894 1.458
9849.0 1.458 1.195
11621.0 1.195 1.0
10329.0 1.0 1.0
6539.0 1.0 1.046
4262.0 1.046 1.519
4449.0 1.519 1.822
5439.0 1.822 1.426
9273.0 1.426 1.201
10277.0 1.201 1.047
8975.0 1.047 1.0
5275.0 1.0 1.069
4273.0 1.069 1.501
5428.0 1.501 1.175
7949.0 1.175 1.045
10961.0 1.045 1.0
9575.0 1.0 1.0
5533.0 1.0 1.055
4423.0 1.055 1.489
5652.0 1.489 1.153
8632.0 1.153 1.0
10690.0 1.0 1.0
8160.0 1.0 1.0
5929.0 1.0 1.027
4216.0 1.027 1.345
5355.0 1.345 1.057
8146.0 1.057 1.0
10302.0 1.0 1.0
8528.0 1.0 1.0
4570.0 1.0 1.469
4349.0 1.469 1.763
5908.0 1.763 1.347
9600.0 1.347 1.123
11082.0 1.123 1.0
9472.0 1.0 1.0
4176.0 1.0 1.491
4176.0 1.491 1.789
4176.0 1.789 2.146
4176.0 2.146 2.576
4176.0 2.576 3.091
4241.0 3.091 3.709
4664.0 3.709 4.451
6905.0 4.451 3.221
8553.0 3.221 2.875
8397.0 2.875 2.69
7395.0 2.69 2.619
5619.0 2.619 2.683
4543.0 2.683 3.803
4337.0 3.803 4.564
6027.0 4.564 3.463
9711.0 3.463 2.879
11799.0 2.879 2.361
11409.0 2.361 2.074
8353.0 2.074 2.058
4615.0 2.058 3.021
4277.0 3.021 3.626
4572.0 3.626 4.351
5876.0 4.351 3.328
8528.0 3.328 2.91
8876.0 2.91 2.666
7764.0 2.666 2.576
5817.0 2.576 2.635
4469.0 2.635 3.753
4363.0 3.753 4.503
4649.0 4.503 5.404
6245.0 5.404 4.054
9737.0 4.054 3.355
11754.0 3.355 2.763
11433.0 2.763 2.422
9117.0 2.422 2.336
6132.0 2.336 2.419
4176.0 2.419 3.438
4470.0 3.438 4.125
5436.0 4.125 3.228
7695.0 3.228 2.907
8835.0 2.907 2.605
8387.0 2.605 2.446
6893.0 2.446 2.424
5447.0 2.424 2.473
4176.0 2.473 3.485
4497.0 3.485 4.182
5865.0 4.182 3.201
9213.0 3.201 2.709
12517.0 2.709 2.114
12383.0 2.114 1.81
8915.0 1.81 1.797
5631.0 1.797 1.916
4223.0 1.916 2.738
4475.0 2.738 3.286
5529.0 3.286 2.559
8652.0 2.559 2.218
10089.0 2.218 1.926
9750.0 1.926 1.758
7599.0 1.758 1.745
5045.0 1.745 1.827
4276.0 1.827 2.375
4405.0 2.375 2.851
7373.0 2.851 2.299
9824.0 2.299 1.948
10730.0 1.948 1.69
9401.0 1.69 1.587
7047.0 1.587 1.595
4465.0 1.595 2.292
4287.0 2.292 2.751
5401.0 2.751 2.156
8499.0 2.156 1.872
11112.0 1.872 1.563
9759.0 1.563 1.456
7101.0 1.456 1.477
4296.0 1.477 2.152
4289.0 2.152 2.582
6015.0 2.582 1.961
8293.0 1.961 1.732
9003.0 1.732 1.564
8739.0 1.564 1.454
7259.0 1.454 1.434
5047.0 1.434 1.497
4224.0 1.497 2.118
4333.0 2.118 2.541
7443.0 2.541 2.039
10827.0 2.039 1.675
10746.0 1.675 1.481
7038.0 1.481 1.525
4204.0 1.525 2.224
4222.0 2.224 2.668
6168.0 2.668 2.01
8994.0 2.01 1.73
10332.0 1.73 1.501
8955.0 1.501 1.424
6601.0 1.424 1.457
4292.0 1.457 2.065
4480.0 2.065 2.479
7388.0 2.479 1.746
10436.0 1.746 1.437
9950.0 1.437 1.308
7010.0 1.308 1.337
4176.0 1.337 1.765
4392.0 1.765 2.118
5738.0 2.118 1.632
9102.0 1.632 1.378
10258.0 1.378 1.179
8500.0 1.179 1.137
5096.0 1.137 1.204
4253.0 1.204 1.691
4924.0 1.691 2.029
7069.0 2.029 1.455
9915.0 1.455 1.217
10907.0 1.217 1.047
9199.0 1.047 1.0
5245.0 1.0 1.07
4271.0 1.07 1.501
4963.0 1.501 1.802
7232.0 1.802 1.28
9950.0 1.28 1.082
9186.0 1.082 1.008
4996.0 1.008 1.476
4326.0 1.476 1.771
5321.0 1.771 1.394
7037.0 1.394 1.288
6005.0 1.288 1.289
5156.0 1.289 1.313
4237.0 1.313 1.842
5070.0 1.842 1.468
8160.0 1.468 1.289
8412.0 1.289 1.194
6642.0 1.194 1.192
5194.0 1.192 1.226
4365.0 1.226 1.724
4752.0 1.724 2.069
6406.0 2.069 1.539
8238.0 1.539 1.378
8098.0 1.378 1.297
6504.0 1.297 1.302
5199.0 1.302 1.336
4195.0 1.336 1.874
4570.0 1.874 2.249
7652.0 2.249 1.561
8735.0 1.561 1.42
7991.0 1.42 1.356
6003.0 1.356 1.384
4563.0 1.384 1.969
4377.0 1.969 2.563
6297.0 2.563 1.917
8273.0 1.917 1.708
8533.0 1.708 1.576
7797.0 1.576 1.512
5729.0 1.512 1.551
4204.0 1.551 2.195
4805.0 2.195 2.634
7439.0 2.634 1.85
8822.0 1.85 1.659
8510.0 1.659 1.548
7060.0 1.548 1.527
4964.0 1.527 2.184
4244.0 2.184 2.84
5523.0 2.84 2.213
7723.0 2.213 1.99
8788.0 1.99 1.81
6556.0 1.81 1.834
4448.0 1.834 2.627
4191.0 2.627 3.153
5321.0 3.153 2.482
7187.0 2.482 2.274
8903.0 2.274 2.039
8342.0 2.039 1.922
6584.0 1.922 1.935
4680.0 1.935 2.765
4413.0 2.765 3.319
6285.0 3.319 2.484
8310.0 2.484 2.224
7938.0 2.224 2.111
6285.0 2.111 2.124
4329.0 2.124 3.036
4349.0 3.036 3.644
6345.0 3.644 2.719
8211.0 2.719 2.134
8634.0 2.134 1.955
7764.0 1.955 1.88
6428.0 1.88 1.873
4748.0 1.873 2.677
4529.0 2.677 3.213
6283.0 3.213 2.405
8896.0 2.405 2.089
9112.0 2.089 1.904
7735.0 1.904 1.849
5749.0 1.849 1.895
4185.0 1.895 2.682
4424.0 2.682 3.218
6274.0 3.218 2.411
8986.0 2.411 2.078
9226.0 2.078 1.89
7783.0 1.89 1.839
5901.0 1.839 1.897
4187.0 1.897 2.691
4268.0 2.691 3.229
5373.0 3.229 2.535
8277.0 2.535 2.229
9033.0 2.229 2.014
8502.0 2.014 1.892
6252.0 1.892 1.917
4466.0 1.917 2.726
4287.0 2.726 3.271
6405.0 3.271 2.433
9159.0 2.433 2.098
9747.0 2.098 1.867
8337.0 1.867 1.796
6429.0 1.796 1.826
4253.0 1.826 2.594
4347.0 2.594 3.113
5311.0 3.113 2.452
7445.0 2.452 1.974
9122.0 1.974 1.755
8552.0 1.755 1.651
6990.0 1.651 1.641
4906.0 1.641 2.358
4278.0 2.358 3.102
5512.0 3.102 2.418
8179.0 2.418 2.145
8788.0 2.145 1.964
6883.0 1.964 1.962
4747.0 1.962 2.807
4403.0 2.807 3.369
5945.0 3.369 2.568
8168.0 2.568 2.296
8630.0 2.296 2.085
7925.0 2.085 1.991
6709.0 1.991 1.975
5027.0 1.975 2.057
4201.0 2.057 2.675
6069.0 2.675 2.026
8657.0 2.026 1.766
9167.0 1.766 1.595
8253.0 1.595 1.524
6227.0 1.524 1.551
4176.0 1.551 2.194
4629.0 2.194 2.632
6925.0 2.632 1.903
8890.0 1.903 1.661
7840.0 1.661 1.606
5900.0 1.606 1.632
4309.0 1.632 2.311
5265.0 2.311 1.825
7869.0 1.825 1.63
8689.0 1.63 1.474
7399.0 1.474 1.443
5093.0 1.443 1.504
4176.0 1.504 2.119
4484.0 2.119 2.543
6928.0 2.543 1.838
9646.0 1.838 1.571
9298.0 1.571 1.447
7528.0 1.447 1.431
4586.0 1.431 2.077
4187.0 2.077 2.492
6131.0 2.492 1.881
8591.0 1.881 1.641
9185.0 1.641 1.475
8551.0 1.475 1.39
6501.0 1.39 1.398
4233.0 1.398 1.992
4918.0 1.992 2.391
7946.0 2.391 1.631
9023.0 1.631 1.472
8409.0 1.472 1.393
6505.0 1.393 1.402
4367.0 1.402 1.993
4901.0 1.993 2.391
7847.0 2.391 1.641
9092.0 1.641 1.463
8202.0 1.463 1.395
6318.0 1.395 1.406
4223.0 1.406 1.998
4709.0 1.998 2.398
7595.0 2.398 1.669
8954.0 1.669 1.502
7654.0 1.502 1.46
5056.0 1.46 1.532
4314.0 1.532 2.16
4685.0 2.16 2.592
7531.0 2.592 2.076
8590.0 2.076 1.889
6967.0 1.889 1.873
5077.0 1.873 1.945
4176.0 1.945 2.53
4608.0 2.53 3.036
6834.0 3.036 2.206
9408.0 2.206 1.9
9765.0 1.9 1.702
8106.0 1.702 1.652
5574.0 1.652 1.717
4478.0 1.717 2.423
4766.0 2.423 2.908
7118.0 2.908 2.08
8903.0 2.08 1.842
8816.0 1.842 1.701
7874.0 1.701 1.636
5838.0 1.636 1.675
4287.0 1.675 2.36
4678.0 2.36 2.832
6926.0 2.832 2.047
9401.0 2.047 1.754
9203.0 1.754 1.608
7887.0 1.608 1.562
5447.0 1.562 1.627
4616.0 1.627 2.289
5556.0 2.289 1.78
8424.0 1.78 1.558
9604.0 1.558 1.371
8924.0 1.371 1.28
6516.0 1.28 1.295
5125.0 1.295 1.34
4191.0 1.34 1.881
4816.0 1.881 2.257
7846.0 2.257 1.549
8884.0 1.549 1.393
7720.0 1.393 1.348
5676.0 1.348 1.384
4280.0 1.384 1.956
4379.0 1.956 2.348
7083.0 2.348 1.683
8959.0 1.683 1.485
8745.0 1.485 1.379
7279.0 1.379 1.36
4517.0 1.36 1.948
4582.0 1.948 2.338
6412.0 2.338 1.738
8762.0 1.738 1.528
9124.0 1.528 1.381
7728.0 1.381 1.347
5324.0 1.347 1.393
4225.0 1.393 1.978
4445.0 1.978 2.374
6995.0 2.374 1.71
8867.0 1.71 1.506
9067.0 1.506 1.377
8015.0 1.377 1.324
5407.0 1.324 1.38
4176.0 1.38 1.948
4685.0 1.948 2.337
7015.0 2.337 1.681
8019.0 1.681 1.543
7127.0 1.543 1.504
5587.0 1.504 1.534
4507.0 1.534 2.178
4498.0 2.178 2.843
6400.0 2.843 2.115
8155.0 2.115 1.916
7093.0 1.916 1.88
5079.0 1.88 1.953
4237.0 1.953 2.54
4868.0 2.54 3.048
7122.0 3.048 2.486
8805.0 2.486 2.21
8274.0 2.21 2.092
5799.0 2.092 2.157
4320.0 2.157 3.043
4650.0 3.043 3.652
6490.0 3.652 2.704
8371.0 2.704 2.405
8827.0 2.405 2.183
8032.0 2.183 2.087
6169.0 2.087 2.111
4543.0 2.111 3.004
4265.0 3.004 3.605
5445.0 3.605 2.82
8328.0 2.82 2.473
9423.0 2.473 2.199
9087.0 2.199 2.032
6885.0 2.032 2.044
5039.0 2.044 2.121
4352.0 2.121 2.758
6048.0 2.758 2.091
8408.0 2.091 1.846
9308.0 1.846 1.658
8012.0 1.658 1.6
6056.0 1.6 1.627
4223.0 1.627 2.132
4910.0 2.132 2.558
7906.0 2.558 1.749
8332.0 1.749 1.622
6402.0 1.622 1.64
4176.0 1.64 2.341
4385.0 2.341 2.81
5653.0 2.81 2.174
7705.0 2.174 1.966
8083.0 1.966 1.826
7637.0 1.826 1.745
6449.0 1.745 1.737
4829.0 1.737 2.478
4191.0 2.478 3.23
5615.0 3.23 2.505
8186.0 2.505 2.206
9242.0 2.206 1.969
7922.0 1.969 1.902
6146.0 1.902 1.935
4238.0 1.935 2.752
4176.0 2.752 3.583
4952.0 3.583 4.299
7454.0 4.299 3.017
9422.0 3.017 2.606
8642.0 2.606 2.451
6479.0 2.451 2.498
4879.0 2.498 3.587
4295.0 3.587 4.304
4572.0 4.304 5.165
6750.0 5.165 3.771
9411.0 3.771 3.251
9551.0 3.251 2.94
8063.0 2.94 2.856
6164.0 2.856 2.911
4260.0 2.911 4.113
4501.0 4.113 4.936
6238.0 4.936 3.704
8886.0 3.704 3.2
9762.0 3.2 2.829
8694.0 2.829 2.675
6792.0 2.675 2.678
4377.0 2.678 3.828
4433.0 3.828 4.995
5291.0 4.995 3.938
8355.0 3.938 3.449
9939.0 3.449 2.999
9706.0 2.999 2.727
8186.0 2.727 2.645
6200.0 2.645 2.683
4434.0 2.683 3.816
4285.0 3.816 4.58
4622.0 4.58 5.496
6398.0 5.496 4.089
9885.0 4.089 3.379
11152.0 3.379 2.858
10501.0 2.858 2.584
8089.0 2.584 2.551
5338.0 2.551 2.674
4176.0 2.674 3.76
4890.0 3.76 4.512
7476.0 4.512 3.614
9312.0 3.614 3.132
9288.0 3.132 2.852
7908.0 2.852 2.769
5826.0 2.769 2.84
4512.0 2.84 4.055
4355.0 4.055 4.866
5846.0 4.866 3.728
8646.0 3.728 3.244
10082.0 3.244 2.818
9746.0 2.818 2.563
7750.0 2.563 2.525
5422.0 2.525 2.631
4230.0 2.631 3.431
4540.0 3.431 4.117
5580.0 4.117 3.198
7407.0 3.198 2.934
7632.0 2.934 2.763
6807.0 2.763 2.709
5364.0 2.709 2.77
4296.0 2.77 3.9
4506.0 3.9 4.68
5991.0 4.68 3.559
7931.0 3.559 3.207
7511.0 3.207 3.064
6668.0 3.064 3.025
5120.0 3.025 3.115
4324.0 3.115 4.371
4425.0 4.371 5.245
5517.0 5.245 4.087
7897.0 4.087 3.644
8957.0 3.644 3.246
8505.0 3.246 3.05
6749.0 3.05 3.05
4994.0 3.05 4.367
4176.0 4.367 5.696
4396.0 5.696 6.835
5575.0 6.835 5.311
7963.0 5.311 4.738
8839.0 4.738 4.27
8576.0 4.27 3.984
6834.0 3.984 3.966
5158.0 3.966 4.086
4220.0 4.086 5.742
4615.0 5.742 6.891
6627.0 6.891 5.064
8511.0 5.064 4.49
8583.0 4.49 4.161
7578.0 4.161 4.034
6178.0 4.034 4.079
5104.0 4.079 4.181
4176.0 4.181 5.883
4905.0 5.883 7.06
7061.0 7.06 5.066
8789.0 5.066 4.491
8531.0 4.491 4.189
7442.0 4.189 4.073
5846.0 4.073 4.157
4664.0 4.157 5.908
4224.0 5.908 7.694
4974.0 7.694 9.233
6708.0 9.233 6.755
9216.0 6.755 5.858
9380.0 5.858 5.322
8190.0 5.322 5.107
6396.0 5.107 5.16
4904.0 5.16 7.362
4200.0 7.362 9.667
4574.0 9.667 12.578
6392.0 12.578 9.362
9006.0 9.362 8.054
9898.0 8.054 7.072
9246.0 7.072 6.558
7338.0 6.558 6.506
5742.0 6.506 6.62
4202.0 6.62 9.471
4252.0 9.471 11.365
5089.0 11.365 9.052
6860.0 9.052 7.481
8720.0 7.481 6.652
8676.0 6.652 6.164
7850.0 6.164 5.926
6686.0 5.926 5.876
5273.0 5.876 6.036
4176.0 6.036 8.498
4501.0 8.498 10.198
5831.0 10.198 7.819
8615.0 7.819 6.842
9215.0 6.842 6.154
8667.0 6.154 5.771
6959.0 5.771 5.74
5440.0 5.74 5.882
4342.0 5.882 8.329
4247.0 8.329 9.995
5477.0 9.995 7.805
7710.0 7.805 6.216
9050.0 6.216 5.555
8609.0 5.555 5.195
7217.0 5.195 5.127
5303.0 5.127 5.287
