5352.0 1.0 1.0
5352.0 1.0 1.0
5352.0 1.0 1.0
4512.0 1.0 1.406
4512.0 1.406 1.687
4561.0 1.687 2.025
4531.0 2.025 2.43
4481.0 2.43 2.916
4609.0 2.916 3.499
4491.0 3.499 4.199
4768.0 4.199 5.039
5119.0 5.039 4.007
7235.0 4.007 3.657
8379.0 3.657 3.325
8547.0 3.325 3.078
7543.0 3.078 2.982
6283.0 2.982 2.98
4504.0 2.98 4.248
4291.0 4.248 5.098
5609.0 5.098 3.954
8053.0 3.954 3.508
9421.0 3.508 3.088
9197.0 3.088 2.836
8169.0 2.836 2.715
6204.0 2.715 2.751
5022.0 2.751 2.829
4176.0 2.829 3.965
4726.0 3.965 4.758
6820.0 4.758 3.46
9296.0 3.46 2.991
10200.0 2.991 2.616
9572.0 2.616 2.407
8117.0 2.407 2.334
5570.0 2.334 2.421
4257.0 2.421 3.434
4591.0 3.434 4.121
5637.0 4.121 3.192
8310.0 3.192 2.803
10158.0 2.803 2.42
9782.0 2.42 2.211
8132.0 2.211 2.151
5573.0 2.151 2.217
4362.0 2.217 3.119
4804.0 3.119 3.743
6528.0 3.743 2.765
8829.0 2.765 2.421
9915.0 2.421 2.131
9612.0 2.131 1.948
7884.0 1.948 1.895
5762.0 1.895 1.944
4176.0 1.944 2.751
4313.0 2.751 3.301
5478.0 3.301 2.578
8637.0 2.578 2.236
9726.0 2.236 1.972
9315.0 1.972 1.812
7215.0 1.812 1.805
5033.0 1.805 1.876
4435.0 1.876 2.44
4889.0 2.44 2.928
7793.0 2.928 2.015
10562.0 2.015 1.682
10838.0 1.682 1.476
8960.0 1.476 1.417
5746.0 1.417 1.488
4176.0 1.488 2.113
4218.0 2.113 2.536
5199.0 2.536 2.008
7441.0 2.008 1.82
9277.0 1.82 1.595
9319.0 1.595 1.458
8639.0 1.458 1.377
6291.0 1.377 1.395
4449.0 1.395 1.831
4842.0 1.831 2.197
8552.0 2.197 1.682
10712.0 1.682 1.426
10013.0 1.426 1.302
7655.0 1.302 1.296
4673.0 1.296 1.863
4465.0 1.863 2.235
4886.0 2.235 2.682
7744.0 2.682 2.13
10225.0 2.13 1.81
9919.0 1.81 1.647
7759.0 1.647 1.627
5395.0 1.627 1.681
4264.0 1.681 2.192
5036.0 2.192 1.751
7998.0 1.751 1.552
9520.0 1.552 1.356
9050.0 1.356 1.259
7344.0 1.259 1.242
4254.0 1.242 1.783
4403.0 1.783 2.139
5377.0 2.139 1.679
8737.0 1.679 1.45
11025.0 1.45 1.206
10965.0 1.206 1.056
8799.0 1.056 1.021
4475.0 1.021 1.483
4261.0 1.483 1.78
5286.0 1.78 1.404
8310.0 1.404 1.235
8872.0 1.235 1.133
7290.0 1.133 1.116
5460.0 1.116 1.153
4176.0 1.153 1.624
4554.0 1.624 1.949
5904.0 1.949 1.488
9582.0 1.488 1.252
11000.0 1.252 1.067
10190.0 1.067 1.0
6286.0 1.0 1.037
4239.0 1.037 1.478
4394.0 1.478 1.774
5902.0 1.774 1.355
9312.0 1.355 1.159
9862.0 1.159 1.037
8058.0 1.037 1.009
6464.0 1.009 1.014
4176.0 1.014 1.453
4660.0 1.453 1.744
5903.0 1.744 1.332
8983.0 1.332 1.158
9237.0 1.158 1.059
7409.0 1.059 1.043
5652.0 1.043 1.068
4176.0 1.068 1.507
4514.0 1.507 1.808
6049.0 1.808 1.371
10147.0 1.371 1.128
11683.0 1.128 1.0
10307.0 1.0 1.0
6097.0 1.0 1.047
4253.0 1.047 1.515
4670.0 1.515 1.818
5814.0 1.818 1.395
9542.0 1.395 1.178
10286.0 1.178 1.04
8630.0 1.04 1.0
4652.0 1.0 1.453
4219.0 1.453 1.743
5394.0 1.743 1.367
8806.0 1.367 1.18
9636.0 1.18 1.055
8424.0 1.055 1.009
4834.0 1.009 1.465
4480.0 1.465 1.907
5210.0 1.907 1.51
9204.0 1.51 1.275
11200.0 1.275 1.042
10298.0 1.042 1.0
6860.0 1.0 1.023
4545.0 1.023 1.491
4542.0 1.491 1.789
5680.0 1.789 1.383
8836.0 1.383 1.195
9132.0 1.195 1.092
7094.0 1.092 1.088
5742.0 1.088 1.107
4291.0 1.107 1.577
4693.0 1.577 1.892
6727.0 1.892 1.383
10481.0 1.383 1.136
11787.0 1.136 1.0
10023.0 1.0 1.0
5561.0 1.0 1.057
4379.0 1.057 1.38
5198.0 1.38 1.093
7477.0 1.093 1.0
10166.0 1.0 1.0
10660.0 1.0 1.0
7290.0 1.0 1.011
4807.0 1.011 1.459
4336.0 1.459 1.75
5097.0 1.75 1.394
8381.0 1.394 1.218
9277.0 1.218 1.098
8085.0 1.098 1.057
4959.0 1.057 1.536
4240.0 1.536 1.997
4628.0 1.997 2.396
8264.0 2.396 1.844
10289.0 1.844 1.583
9905.0 1.583 1.439
8135.0 1.439 1.404
5127.0 1.404 1.474
4377.0 1.474 2.066
4530.0 2.066 2.479
6516.0 2.479 1.833
9110.0 1.833 1.581
10226.0 1.581 1.371
9790.0 1.371 1.246
7462.0 1.246 1.248
4247.0 1.248 1.792
4242.0 1.792 2.15
4651.0 2.15 2.58
7965.0 2.58 2.022
10659.0 2.022 1.693
10137.0 1.693 1.532
6762.0 1.532 1.567
4176.0 1.567 2.234
4294.0 2.234 2.681
6140.0 2.681 2.022
8910.0 2.022 1.743
10239.0 1.743 1.517
8976.0 1.517 1.433
6404.0 1.433 1.469
4176.0 1.469 2.099
4176.0 2.099 2.518
6626.0 2.518 1.851
9074.0 1.851 1.606
10278.0 1.606 1.397
10092.0 1.397 1.26
7998.0 1.26 1.236
4498.0 1.236 1.805
4344.0 1.805 2.166
4536.0 2.166 2.599
7572.0 2.599 1.812
10422.0 1.812 1.524
10380.0 1.524 1.368
8454.0 1.368 1.329
4842.0 1.329 1.951
4176.0 1.951 2.341
4274.0 2.341 2.81
6214.0 2.81 2.111
8872.0 2.111 1.83
9133.0 1.83 1.67
8551.0 1.67 1.571
6833.0 1.571 1.567
4399.0 1.567 2.233
4295.0 2.233 2.907
5649.0 2.907 2.25
8489.0 2.25 1.961
11171.0 1.961 1.618
11015.0 1.618 1.426
8117.0 1.426 1.418
4673.0 1.418 2.081
4302.0 2.081 2.707
5148.0 2.707 2.15
7224.0 2.15 1.965
9362.0 1.965 1.711
9488.0 1.711 1.555
8014.0 1.555 1.507
5966.0 1.507 1.537
4384.0 1.537 2.013
4868.0 2.013 2.416
8572.0 2.416 1.839
12109.0 1.839 1.435
12691.0 1.435 1.2
9229.0 1.2 1.177
4807.0 1.177 1.732
4392.0 1.732 2.253
4218.0 2.253 2.703
7134.0 2.703 1.932
11367.0 1.932 1.515
12528.0 1.515 1.247
9912.0 1.247 1.19
5854.0 1.19 1.276
4219.0 1.276 1.815
4246.0 1.815 2.178
5305.0 2.178 1.716
7797.0 1.716 1.358
8957.0 1.358 1.217
7853.0 1.217 1.177
5227.0 1.177 1.235
4322.0 1.235 1.733
5431.0 1.733 1.356
9709.0 1.356 1.0
11281.0 1.0 1.0
8499.0 1.0 1.0
4176.0 1.0 1.462
4411.0 1.462 1.754
6192.0 1.754 1.32
8658.0 1.32 1.15
8288.0 1.15 1.088
5696.0 1.088 1.129
4204.0 1.129 1.609
4582.0 1.609 1.931
6640.0 1.931 1.418
10658.0 1.418 1.132
12098.0 1.132 1.0
10780.0 1.0 1.0
6486.0 1.0 1.051
4254.0 1.051 1.502
4212.0 1.502 1.802
5324.0 1.802 1.418
8632.0 1.418 1.224
9150.0 1.224 1.115
6860.0 1.115 1.127
5081.0 1.127 1.178
4195.0 1.178 1.654
5209.0 1.654 1.31
10369.0 1.31 1.039
12169.0 1.039 1.0
9933.0 1.0 1.0
4967.0 1.0 1.498
4239.0 1.498 1.948
4631.0 1.948 2.337
8053.0 2.337 1.584
9139.0 1.584 1.422
8305.0 1.422 1.353
6171.0 1.353 1.372
4716.0 1.372 1.957
4244.0 1.957 2.546
4449.0 2.546 3.056
6719.0 3.056 2.234
10775.0 2.234 1.785
12287.0 1.785 1.469
10607.0 1.469 1.35
7931.0 1.35 1.357
4176.0 1.357 1.959
4285.0 1.959 2.351
4930.0 2.351 2.821
7908.0 2.821 2.224
10014.0 2.224 1.907
10125.0 1.907 1.702
8178.0 1.702 1.664
6062.0 1.664 1.702
4281.0 1.702 2.412
4464.0 2.412 2.895
6618.0 2.895 2.129
10380.0 2.129 1.726
11916.0 1.726 1.406
10677.0 1.406 1.282
7567.0 1.282 1.311
4176.0 1.311 1.88
4478.0 1.88 2.256
5110.0 2.256 1.795
8880.0 1.795 1.53
10978.0 1.53 1.261
11192.0 1.261 1.093
9298.0 1.093 1.042
5350.0 1.042 1.122
4231.0 1.122 1.578
4933.0 1.578 1.894
6889.0 1.894 1.372
10065.0 1.372 1.156
10185.0 1.156 1.035
7745.0 1.035 1.027
5628.0 1.027 1.063
4176.0 1.063 1.504
4906.0 1.504 1.805
7354.0 1.805 1.274
10006.0 1.274 1.086
10186.0 1.086 1.0
7728.0 1.0 1.0
5665.0 1.0 1.029
4192.0 1.029 1.454
5210.0 1.454 1.151
7970.0 1.151 1.0
11186.0 1.0 1.0
10420.0 1.0 1.0
6630.0 1.0 1.045
4255.0 1.045 1.518
4404.0 1.518 1.822
5643.0 1.822 1.41
9809.0 1.41 1.171
10935.0 1.171 1.004
8691.0 1.004 1.0
4210.0 1.0 1.452
4313.0 1.452 1.742
5719.0 1.742 1.344
9461.0 1.344 1.124
10579.0 1.124 1.0
8821.0 1.0 1.0
4779.0 1.0 1.478
4268.0 1.478 1.774
5499.0 1.774 1.384
9583.0 1.384 1.139
11317.0 1.139 1.0
10347.0 1.0 1.0
6473.0 1.0 1.048
4213.0 1.048 1.5
4793.0 1.5 1.8
6301.0 1.8 1.346
10271.0 1.346 1.095
11583.0 1.095 1.0
9843.0 1.0 1.0
5465.0 1.0 1.08
4237.0 1.08 1.522
5036.0 1.522 1.215
6122.0 1.215 1.04
7656.0 1.04 1.0
7932.0 1.0 1.0
7213.0 1.0 1.0
6326.0 1.0 1.0
5103.0 1.0 1.02
4176.0 1.02 1.43
5869.0 1.43 1.094
8864.0 1.094 1.0
12154.0 1.0 1.0
10380.0 1.0 1.0
5750.0 1.0 1.058
4266.0 1.058 1.511
5227.0 1.511 1.195
7532.0 1.195 1.079
10024.0 1.079 1.0
9062.0 1.0 1.0
5272.0 1.0 1.069
4261.0 1.069 1.392
5430.0 1.392 1.09
8435.0 1.09 1.0
10995.0 1.0 1.0
9389.0 1.0 1.0
5431.0 1.0 1.051
4214.0 1.051 1.482
5371.0 1.482 1.164
8156.0 1.164 1.024
11868.0 1.024 1.0
10744.0 1.0 1.0
6618.0 1.0 1.051
4176.0 1.051 1.531
4738.0 1.531 1.837
6360.0 1.837 1.37
10688.0 1.37 1.094
11960.0 1.094 1.0
9712.0 1.0 1.0
4914.0 1.0 1.495
4219.0 1.495 1.944
4799.0 1.944 2.332
8791.0 2.332 1.763
10189.0 1.763 1.506
9259.0 1.506 1.413
6693.0 1.413 1.451
4185.0 1.451 2.066
4176.0 2.066 2.48
6920.0 2.48 1.793
10226.0 1.793 1.491
10040.0 1.491 1.345
7866.0 1.345 1.332
4544.0 1.332 1.926
4200.0 1.926 2.504
4790.0 2.504 3.004
7954.0 3.004 2.049
10609.0 2.049 1.69
10840.0 1.69 1.48
8113.0 1.48 1.469
4759.0 1.469 2.135
4235.0 2.135 2.562
5562.0 2.562 1.992
8630.0 1.992 1.725
10610.0 1.725 1.449
9698.0 1.449 1.337
7446.0 1.337 1.33
4300.0 1.33 1.907
4411.0 1.907 2.288
4937.0 2.288 2.746
8641.0 2.746 2.082
10669.0 2.082 1.733
10093.0 1.733 1.574
6646.0 1.574 1.632
4176.0 1.632 2.332
4176.0 2.332 2.799
5672.0 2.799 2.164
8120.0 2.164 1.921
9428.0 1.921 1.683
8837.0 1.683 1.578
7029.0 1.578 1.581
4805.0 1.581 2.296
4310.0 2.296 2.995
4929.0 2.995 3.594
7857.0 3.594 2.465
11729.0 2.465 1.935
12973.0 1.935 1.578
11134.0 1.578 1.441
6835.0 1.441 1.516
4249.0 1.516 2.163
4506.0 2.163 2.596
7112.0 2.596 1.857
11714.0 1.857 1.445
12938.0 1.445 1.18
10442.0 1.18 1.111
5444.0 1.111 1.219
4176.0 1.219 1.725
4257.0 1.725 2.07
5997.0 2.07 1.574
9933.0 1.574 1.286
12301.0 1.286 1.014
11515.0 1.014 1.0
7867.0 1.0 1.011
5384.0 1.011 1.075
4299.0 1.075 1.514
4840.0 1.514 1.816
7576.0 1.816 1.266
11800.0 1.266 1.0
12482.0 1.0 1.0
9616.0 1.0 1.0
4305.0 1.0 1.466
4422.0 1.466 1.759
5632.0 1.759 1.363
9048.0 1.363 1.158
10008.0 1.158 1.021
8190.0 1.021 1.0
6381.0 1.0 1.009
4402.0 1.009 1.44
4290.0 1.44 1.728
5815.0 1.728 1.326
9561.0 1.326 1.103
10931.0 1.103 1.0
9141.0 1.0 1.0
4763.0 1.0 1.484
4397.0 1.484 1.78
5088.0 1.78 1.418
9124.0 1.418 1.193
10566.0 1.193 1.025
9680.0 1.025 1.0
6050.0 1.0 1.05
4176.0 1.05 1.486
4219.0 1.486 1.783
6347.0 1.783 1.331
9893.0 1.331 1.1
11057.0 1.1 1.0
9305.0 1.0 1.0
5095.0 1.0 1.072
4176.0 1.072 1.509
5443.0 1.509 1.18
7740.0 1.18 1.059
10224.0 1.059 1.0
9136.0 1.0 1.0
5094.0 1.0 1.056
4304.0 1.056 1.374
5544.0 1.374 1.069
8215.0 1.069 1.0
10723.0 1.0 1.0
8277.0 1.0 1.0
6214.0 1.0 1.017
4176.0 1.017 1.45
4670.0 1.45 1.74
6824.0 1.74 1.265
9546.0 1.265 1.072
9296.0 1.072 1.0
7146.0 1.0 1.0
4999.0 1.0 1.444
4176.0 1.444 1.88
4973.0 1.88 2.256
8505.0 2.256 1.724
9621.0 1.724 1.501
8221.0 1.501 1.447
5873.0 1.447 1.489
4296.0 1.489 1.949
4756.0 1.949 2.339
8856.0 2.339 1.51
10872.0 1.51 1.265
10606.0 1.265 1.129
7840.0 1.129 1.128
4285.0 1.128 1.623
4755.0 1.623 1.948
6524.0 1.948 1.44
9024.0 1.44 1.248
9890.0 1.248 1.104
8450.0 1.104 1.057
4984.0 1.057 1.544
4193.0 1.544 1.853
5022.0 1.853 1.481
9008.0 1.481 1.258
10618.0 1.258 1.054
9952.0 1.054 1.0
6604.0 1.0 1.025
4457.0 1.025 1.489
4563.0 1.489 1.787
5527.0 1.787 1.392
9765.0 1.392 1.154
11069.0 1.154 1.0
9029.0 1.0 1.0
4315.0 1.0 1.47
4268.0 1.47 1.764
5859.0 1.764 1.351
9389.0 1.351 1.15
10239.0 1.15 1.007
7979.0 1.007 1.0
5806.0 1.0 1.03
4176.0 1.03 1.451
4706.0 1.451 1.741
6528.0 1.741 1.287
10014.0 1.287 1.077
10658.0 1.077 1.0
8416.0 1.0 1.0
6521.0 1.0 1.017
4242.0 1.017 1.447
4208.0 1.447 1.736
5618.0 1.736 1.346
9244.0 1.346 1.135
9798.0 1.135 1.011
7260.0 1.011 1.014
4870.0 1.014 1.47
4196.0 1.47 1.764
4698.0 1.764 2.117
6713.0 2.117 1.548
10323.0 1.548 1.259
11339.0 1.259 1.065
9845.0 1.065 1.0
5487.0 1.0 1.071
4199.0 1.071 1.398
5134.0 1.398 1.111
7828.0 1.111 1.0
9924.0 1.0 1.0
7058.0 1.0 1.014
4995.0 1.014 1.461
4287.0 1.461 1.753
5224.0 1.753 1.386
9866.0 1.386 1.143
11288.0 1.143 1.0
9524.0 1.0 1.0
4894.0 1.0 1.47
4490.0 1.47 1.764
5548.0 1.764 1.373
9580.0 1.373 1.153
10292.0 1.153 1.0
8242.0 1.0 1.0
6263.0 1.0 1.019
4176.0 1.019 1.443
5254.0 1.443 1.14
7969.0 1.14 1.01
10201.0 1.01 1.0
8853.0 1.0 1.0
4979.0 1.0 1.459
4523.0 1.459 1.899
5285.0 1.899 1.497
9827.0 1.497 1.23
11227.0 1.23 1.038
10935.0 1.038 1.0
7681.0 1.0 1.001
5198.0 1.001 1.066
4176.0 1.066 1.496
5319.0 1.496 1.178
7988.0 1.178 1.043
11198.0 1.043 1.0
10284.0 1.0 1.0
6326.0 1.0 1.052
4302.0 1.052 1.5
4532.0 1.5 1.8
6459.0 1.8 1.335
10091.0 1.335 1.101
11293.0 1.101 1.0
9383.0 1.0 1.0
4921.0 1.0 1.488
4475.0 1.488 1.786
6023.0 1.786 1.356
9079.0 1.356 1.161
9469.0 1.161 1.047
7009.0 1.047 1.057
5155.0 1.057 1.092
4646.0 1.092 1.533
6488.0 1.533 1.135
10084.0 1.135 1.0
10490.0 1.0 1.0
7288.0 1.0 1.018
5141.0 1.018 1.078
4181.0 1.078 1.513
5082.0 1.513 1.205
7646.0 1.205 1.0
10428.0 1.0 1.0
9326.0 1.0 1.0
5452.0 1.0 1.069
4210.0 1.069 1.395
4545.0 1.395 1.674
7058.0 1.674 1.202
10574.0 1.202 1.0
10960.0 1.0 1.0
8010.0 1.0 1.0
5863.0 1.0 1.042
4319.0 1.042 1.476
4710.0 1.476 1.771
6884.0 1.771 1.284
9864.0 1.284 1.079
10226.0 1.079 1.0
7672.0 1.0 1.0
5693.0 1.0 1.038
4240.0 1.038 1.462
4519.0 1.462 1.755
6639.0 1.755 1.289
10285.0 1.289 1.072
10953.0 1.072 1.0
8795.0 1.0 1.0
4501.0 1.0 1.458
4256.0 1.458 1.75
5238.0 1.75 1.383
8772.0 1.383 1.183
9578.0 1.183 1.061
7472.0 1.061 1.052
5393.0 1.052 1.088
4178.0 1.088 1.539
4883.0 1.539 1.846
7625.0 1.846 1.468
10991.0 1.468 1.169
11497.0 1.169 1.0
10071.0 1.0 1.0
5441.0 1.0 1.088
4305.0 1.088 1.549
5007.0 1.549 1.239
7281.0 1.239 1.002
11197.0 1.002 1.0
10209.0 1.0 1.0
6083.0 1.0 1.047
4176.0 1.047 1.49
4803.0 1.49 1.788
7366.0 1.788 1.261
10350.0 1.261 1.047
10982.0 1.047 1.0
8620.0 1.0 1.0
4347.0 1.0 1.472
4406.0 1.472 1.767
6732.0 1.767 1.291
10106.0 1.291 1.07
11130.0 1.07 1.0
8942.0 1.0 1.0
4396.0 1.0 1.478
4359.0 1.478 1.774
5448.0 1.774 1.387
9446.0 1.387 1.15
10706.0 1.15 1.0
9712.0 1.0 1.0
5838.0 1.0 1.061
4186.0 1.061 1.504
4920.0 1.504 1.805
7201.0 1.805 1.285
11031.0 1.285 1.028
11913.0 1.028 1.0
9339.0 1.0 1.0
4457.0 1.0 1.489
4242.0 1.489 1.787
5038.0 1.787 1.427
8856.0 1.427 1.209
9868.0 1.209 1.066
7818.0 1.066 1.05
5939.0 1.05 1.083
4224.0 1.083 1.558
4340.0 1.558 1.87
6395.0 1.87 1.391
9959.0 1.391 1.142
10921.0 1.142 1.0
8815.0 1.0 1.0
4193.0 1.0 1.478
4795.0 1.478 1.774
6976.0 1.774 1.279
10386.0 1.279 1.052
11286.0 1.052 1.0
9176.0 1.0 1.0
4798.0 1.0 1.465
4223.0 1.465 1.758
5359.0 1.758 1.381
9861.0 1.381 1.134
11825.0 1.134 1.0
10865.0 1.0 1.0
7075.0 1.0 1.024
4592.0 1.024 1.475
4457.0 1.475 1.77
5786.0 1.77 1.36
10184.0 1.36 1.099
12212.0 1.099 1.0
10954.0 1.0 1.0
6408.0 1.0 1.063
4215.0 1.063 1.547
4349.0 1.547 1.857
5778.0 1.857 1.428
10456.0 1.428 1.136
12566.0 1.136 1.0
11388.0 1.0 1.0
7010.0 1.0 1.047
4359.0 1.047 1.507
4576.0 1.507 1.808
6445.0 1.808 1.342
9533.0 1.342 1.137
9709.0 1.137 1.025
7277.0 1.025 1.027
5252.0 1.027 1.062
4417.0 1.062 1.49
5293.0 1.49 1.175
7857.0 1.175 1.048
11873.0 1.048 1.0
10619.0 1.0 1.0
6577.0 1.0 1.049
4235.0 1.049 1.5
4661.0 1.5 1.8
6673.0 1.8 1.319
10809.0 1.319 1.054
11611.0 1.054 1.0
9021.0 1.0 1.0
4223.0 1.0 1.46
4262.0 1.46 1.752
5784.0 1.752 1.347
9244.0 1.347 1.133
10474.0 1.133 1.0
8920.0 1.0 1.0
4878.0 1.0 1.479
4277.0 1.479 1.775
5033.0 1.775 1.417
9121.0 1.417 1.042
11061.0 1.042 1.0
10141.0 1.0 1.0
6015.0 1.0 1.061
4273.0 1.061 1.499
4691.0 1.499 1.799
6197.0 1.799 1.353
9659.0 1.353 1.133
9943.0 1.133 1.014
7205.0 1.014 1.024
4923.0 1.024 1.479
4271.0 1.479 1.923
5096.0 1.923 1.531
9330.0 1.531 1.114
11314.0 1.114 1.0
11102.0 1.0 1.0
7312.0 1.0 1.029
4829.0 1.029 1.51
4275.0 1.51 1.812
4898.0 1.812 2.175
8260.0 2.175 1.456
9544.0 1.456 1.28
9114.0 1.28 1.188
6920.0 1.188 1.188
5017.0 1.188 1.251
4193.0 1.251 1.757
4781.0 1.757 2.109
6947.0 2.109 1.523
10529.0 1.523 1.247
12203.0 1.247 1.025
10917.0 1.025 1.0
6951.0 1.0 1.031
4300.0 1.031 1.485
4318.0 1.485 1.782
6106.0 1.782 1.347
10906.0 1.347 1.056
12558.0 1.056 1.0
10250.0 1.0 1.0
5284.0 1.0 1.096
4224.0 1.096 1.542
5119.0 1.542 1.227
7622.0 1.227 1.0
10564.0 1.0 1.0
9882.0 1.0 1.0
6008.0 1.0 1.059
4176.0 1.059 1.505
4399.0 1.505 1.806
6429.0 1.806 1.341
9925.0 1.341 1.111
11273.0 1.111 1.0
9419.0 1.0 1.0
5125.0 1.0 1.084
4294.0 1.084 1.411
5667.0 1.411 1.091
8835.0 1.091 1.0
11241.0 1.0 1.0
9551.0 1.0 1.0
5257.0 1.0 1.083
4236.0 1.083 1.524
4878.0 1.524 1.829
6896.0 1.829 1.324
9838.0 1.324 1.115
9850.0 1.115 1.007
6876.0 1.007 1.03
4783.0 1.03 1.483
4285.0 1.483 1.779
5781.0 1.779 1.368
9893.0 1.368 1.119
11149.0 1.119 1.0
9155.0 1.0 1.0
4441.0 1.0 1.484
4670.0 1.484 1.781
6622.0 1.781 1.309
10322.0 1.309 1.072
11696.0 1.072 1.0
9708.0 1.0 1.0
5078.0 1.0 1.093
4208.0 1.093 1.421
5843.0 1.421 1.089
8888.0 1.089 1.0
11268.0 1.0 1.0
9326.0 1.0 1.0
4948.0 1.0 1.475
4248.0 1.475 1.77
5410.0 1.77 1.387
8888.0 1.387 1.192
10150.0 1.192 1.043
8916.0 1.043 1.0
5318.0 1.0 1.066
4316.0 1.066 1.5
5465.0 1.5 1.172
8317.0 1.172 1.025
10871.0 1.025 1.0
9935.0 1.0 1.0
5977.0 1.0 1.058
4333.0 1.058 1.501
4470.0 1.501 1.801
6402.0 1.801 1.34
9370.0 1.34 1.14
10200.0 1.14 1.002
8316.0 1.002 1.0
6271.0 1.0 1.015
4259.0 1.015 1.446
4295.0 1.446 1.735
5678.0 1.735 1.341
9550.0 1.341 1.115
10646.0 1.115 1.0
8928.0 1.0 1.0
4550.0 1.0 1.478
4339.0 1.478 1.774
6184.0 1.774 1.335
8754.0 1.335 1.164
9454.0 1.164 1.042
7708.0 1.042 1.022
6156.0 1.022 1.03
4293.0 1.03 1.467
4834.0 1.467 1.761
7140.0 1.761 1.434
9808.0 1.434 1.216
9872.0 1.216 1.09
7654.0 1.09 1.08
5870.0 1.08 1.101
4182.0 1.101 1.567
4676.0 1.567 1.881
6426.0 1.881 1.397
8362.0 1.397 1.244
8954.0 1.244 1.134
7388.0 1.134 1.109
5733.0 1.109 1.142
4177.0 1.142 1.624
4200.0 1.624 1.948
5970.0 1.948 1.483
9396.0 1.483 1.249
10354.0 1.249 1.075
8506.0 1.075 1.035
5228.0 1.035 1.087
4176.0 1.087 1.416
5833.0 1.416 1.086
8772.0 1.086 1.0
9844.0 1.0 1.0
7650.0 1.0 1.0
5671.0 1.0 1.027
4237.0 1.027 1.452
5403.0 1.452 1.138
7817.0 1.138 1.018
9857.0 1.018 1.0
8305.0 1.0 1.0
6494.0 1.0 1.017
4515.0 1.017 1.475
4432.0 1.475 1.77
6350.0 1.77 1.321
9996.0 1.321 1.085
10812.0 1.085 1.0
8516.0 1.0 1.0
4328.0 1.0 1.47
4844.0 1.47 1.764
6992.0 1.764 1.27
10432.0 1.27 1.043
10824.0 1.043 1.0
8144.0 1.0 1.0
5913.0 1.0 1.026
4176.0 1.026 1.459
4220.0 1.459 1.75
6240.0 1.75 1.313
10028.0 1.313 1.078
10940.0 1.078 1.0
9048.0 1.0 1.0
4754.0 1.0 1.462
4221.0 1.462 1.754
5154.0 1.754 1.392
9466.0 1.392 1.161
11110.0 1.161 1.0
9920.0 1.0 1.0
6046.0 1.0 1.05
4178.0 1.05 1.521
4242.0 1.521 1.825
5325.0 1.825 1.437
8921.0 1.437 1.219
10517.0 1.219 1.045
9599.0 1.045 1.0
5947.0 1.0 1.054
4256.0 1.054 1.495
4571.0 1.495 1.794
6816.0 1.794 1.305
9914.0 1.305 1.095
10574.0 1.095 1.0
8418.0 1.0 1.0
6355.0 1.0 1.014
4178.0 1.014 1.448
4429.0 1.448 1.738
6072.0 1.738 1.316
10212.0 1.316 1.068
11652.0 1.068 1.0
10028.0 1.0 1.0
5566.0 1.0 1.079
4176.0 1.079 1.525
4722.0 1.525 1.83
6910.0 1.83 1.324
10446.0 1.324 1.084
11378.0 1.084 1.0
9226.0 1.0 1.0
4680.0 1.0 1.488
4189.0 1.488 1.785
5171.0 1.785 1.416
9485.0 1.416 1.178
11163.0 1.178 1.0
10091.0 1.0 1.0
6049.0 1.0 1.052
4224.0 1.052 1.489
4945.0 1.489 1.786
7250.0 1.786 1.268
9636.0 1.268 1.088
9336.0 1.088 1.0
7080.0 1.0 1.004
5269.0 1.004 1.035
4264.0 1.035 1.348
6128.0 1.348 1.018
8933.0 1.018 1.0
9801.0 1.0 1.0
6767.0 1.0 1.013
4620.0 1.013 1.453
4421.0 1.453 1.744
6169.0 1.744 1.314
9501.0 1.314 1.105
10163.0 1.105 1.0
7977.0 1.0 1.0
5998.0 1.0 1.035
4236.0 1.035 1.47
5240.0 1.47 1.162
7556.0 1.162 1.046
9560.0 1.046 1.0
8452.0 1.0 1.0
4830.0 1.0 1.451
4416.0 1.451 1.741
5650.0 1.741 1.348
9806.0 1.348 1.104
10962.0 1.104 1.0
9186.0 1.0 1.0
4976.0 1.0 1.483
4312.0 1.483 1.78
5169.0 1.78 1.412
8865.0 1.412 1.199
10087.0 1.199 1.04
8931.0 1.04 1.0
5201.0 1.0 1.053
4176.0 1.053 1.479
5252.0 1.479 1.168
7772.0 1.168 1.046
10530.0 1.046 1.0
7814.0 1.0 1.0
5667.0 1.0 1.029
4352.0 1.029 1.454
4822.0 1.454 1.745
7496.0 1.745 1.222
10666.0 1.222 1.007
10864.0 1.007 1.0
8204.0 1.0 1.0
5973.0 1.0 1.043
4176.0 1.043 1.479
4640.0 1.479 1.775
7077.0 1.775 1.273
10579.0 1.273 1.042
11331.0 1.042 1.0
8971.0 1.0 1.0
4509.0 1.0 1.481
4323.0 1.481 1.778
5593.0 1.778 1.38
10117.0 1.38 1.11
11819.0 1.11 1.0
10457.0 1.0 1.0
6247.0 1.0 1.06
4239.0 1.06 1.511
4432.0 1.511 1.813
5729.0 1.813 1.398
10019.0 1.398 1.136
10951.0 1.136 1.0
8681.0 1.0 1.0
4239.0 1.0 1.474
4479.0 1.474 1.769
6646.0 1.769 1.299
10034.0 1.299 1.069
11056.0 1.069 1.0
9026.0 1.0 1.0
4732.0 1.0 1.458
4263.0 1.458 1.75
5870.0 1.75 1.339
9822.0 1.339 1.1
11400.0 1.1 1.0
9980.0 1.0 1.0
5854.0 1.0 1.065
4244.0 1.065 1.51
4777.0 1.51 1.811
7077.0 1.811 1.299
10603.0 1.299 1.058
11369.0 1.058 1.0
9175.0 1.0 1.0
4629.0 1.0 1.484
4421.0 1.484 1.781
5029.0 1.781 1.423
8899.0 1.423 1.202
10211.0 1.202 1.043
8503.0 1.043 1.005
4479.0 1.005 1.455
4176.0 1.455 1.746
6181.0 1.746 1.314
10027.0 1.314 1.069
11617.0 1.069 1.0
9667.0 1.0 1.0
5457.0 1.0 1.057
4304.0 1.057 1.49
5374.0 1.49 1.17
7938.0 1.17 1.037
11388.0 1.037 1.0
10474.0 1.0 1.0
6516.0 1.0 1.05
4218.0 1.05 1.492
4404.0 1.492 1.79
5714.0 1.79 1.381
9382.0 1.381 1.156
10170.0 1.156 1.017
7990.0 1.017 1.0
6065.0 1.0 1.019
4176.0 1.019 1.448
5236.0 1.448 1.145
8392.0 1.145 1.0
11782.0 1.0 1.0
10764.0 1.0 1.0
6722.0 1.0 1.046
4239.0 1.046 1.526
4322.0 1.526 1.831
5507.0 1.831 1.428
9553.0 1.428 1.18
11161.0 1.18 1.0
10027.0 1.0 1.0
6069.0 1.0 1.057
4238.0 1.057 1.502
4307.0 1.502 1.802
6327.0 1.802 1.346
10309.0 1.346 1.094
11871.0 1.094 1.0
10291.0 1.0 1.0
5745.0 1.0 1.069
4228.0 1.069 1.514
4481.0 1.514 1.817
6965.0 1.817 1.311
10181.0 1.311 1.086
10897.0 1.086 1.0
8607.0 1.0 1.0
4313.0 1.0 1.476
4183.0 1.476 1.771
5347.0 1.771 1.392
8995.0 1.392 1.187
9797.0 1.187 1.056
7747.0 1.056 1.039
5879.0 1.039 1.062
4186.0 1.062 1.511
4670.0 1.511 1.814
7229.0 1.814 1.289
10681.0 1.289 1.041
11687.0 1.041 1.0
9481.0 1.0 1.0
5019.0 1.0 1.068
4318.0 1.068 1.389
5756.0 1.389 1.069
8997.0 1.069 1.0
11923.0 1.0 1.0
10485.0 1.0 1.0
5855.0 1.0 1.074
4353.0 1.074 1.521
4850.0 1.521 1.826
6858.0 1.826 1.325
10288.0 1.325 1.09
11060.0 1.09 1.0
9080.0 1.0 1.0
4534.0 1.0 1.483
4314.0 1.483 1.779
5269.0 1.779 1.404
8961.0 1.404 1.187
10537.0 1.187 1.021
9747.0 1.021 1.0
6049.0 1.0 1.052
4289.0 1.052 1.495
4536.0 1.495 1.794
6612.0 1.794 1.319
9792.0 1.319 1.106
10678.0 1.106 1.0
8920.0 1.0 1.0
4962.0 1.0 1.479
4251.0 1.479 1.924
5260.0 1.924 1.519
10086.0 1.519 1.233
12488.0 1.233 1.0
12230.0 1.0 1.0
8104.0 1.0 1.025
5453.0 1.025 1.099
4245.0 1.099 1.556
5479.0 1.556 1.215
9235.0 1.215 1.025
9353.0 1.025 1.0
6475.0 1.0 1.027
4664.0 1.027 1.462
4344.0 1.462 1.754
5706.0 1.754 1.354
10104.0 1.354 1.097
11822.0 1.097 1.0
10280.0 1.0 1.0
5902.0 1.0 1.07
4220.0 1.07 1.521
5245.0 1.521 1.202
7587.0 1.202 1.083
9071.0 1.083 1.0
7081.0 1.0 1.0
5102.0 1.0 1.041
4197.0 1.041 1.354
6581.0 1.354 1.0
11241.0 1.0 1.0
10475.0 1.0 1.0
6685.0 1.0 1.031
4352.0 1.031 1.501
4317.0 1.501 1.801
6585.0 1.801 1.327
9805.0 1.327 1.11
10929.0 1.11 1.0
9059.0 1.0 1.0
4681.0 1.0 1.481
4258.0 1.481 1.777
5191.0 1.777 1.408
9547.0 1.408 1.166
11495.0 1.166 1.0
10695.0 1.0 1.0
6653.0 1.0 1.047
4254.0 1.047 1.5
4576.0 1.5 1.801
6170.0 1.801 1.356
10312.0 1.356 1.098
11546.0 1.098 1.0
9604.0 1.0 1.0
5058.0 1.0 1.089
4470.0 1.089 1.526
6039.0 1.526 1.157
10169.0 1.157 1.0
10521.0 1.0 1.0
7235.0 1.0 1.02
5004.0 1.02 1.065
4420.0 1.065 1.385
6990.0 1.385 1.0
11844.0 1.0 1.0
11330.0 1.0 1.0
7456.0 1.0 1.029
4889.0 1.029 1.513
4216.0 1.513 1.816
5024.0 1.816 1.451
9078.0 1.451 1.228
10792.0 1.228 1.026
8960.0 1.026 1.0
4592.0 1.0 1.467
4294.0 1.467 1.761
5173.0 1.761 1.396
9437.0 1.396 1.157
10945.0 1.157 1.0
9863.0 1.0 1.0
5821.0 1.0 1.063
4298.0 1.063 1.505
4232.0 1.505 1.806
6263.0 1.806 1.354
9761.0 1.354 1.124
11223.0 1.124 1.0
9801.0 1.0 1.0
5507.0 1.0 1.055
4176.0 1.055 1.488
4822.0 1.488 1.785
7545.0 1.785 1.247
10599.0 1.247 1.03
11159.0 1.03 1.0
8621.0 1.0 1.0
4227.0 1.0 1.453
4320.0 1.453 1.743
6150.0 1.743 1.315
10572.0 1.315 1.055
11664.0 1.055 1.0
9002.0 1.0 1.0
4196.0 1.0 1.48
4515.0 1.48 1.776
6285.0 1.776 1.33
11811.0 1.33 1.015
14143.0 1.015 1.0
11783.0 1.0 1.0
6649.0 1.0 1.056
4176.0 1.056 1.503
4176.0 1.503 1.803
5779.0 1.803 1.386
8591.0 1.386 1.209
9005.0 1.209 1.101
7383.0 1.101 1.084
5926.0 1.084 1.097
4232.0 1.097 1.551
4649.0 1.551 1.861
6427.0 1.861 1.383
10707.0 1.383 1.103
12015.0 1.103 1.0
10227.0 1.0 1.0
5429.0 1.0 1.086
4245.0 1.086 1.532
5181.0 1.532 1.214
7647.0 1.214 1.0
12719.0 1.0 1.0
12457.0 1.0 1.0
8163.0 1.0 1.021
5260.0 1.021 1.075
4381.0 1.075 1.511
5284.0 1.511 1.192
7338.0 1.192 1.0
8952.0 1.0 1.0
6674.0 1.0 1.013
5031.0 1.013 1.042
4505.0 1.042 1.355
7906.0 1.355 1.0
11648.0 1.0 1.0
11302.0 1.0 1.0
7428.0 1.0 1.028
4777.0 1.028 1.489
4364.0 1.489 1.787
5244.0 1.787 1.412
9988.0 1.412 1.152
12306.0 1.152 1.0
10912.0 1.0 1.0
6366.0 1.0 1.064
4259.0 1.064 1.545
4297.0 1.545 1.854
5634.0 1.854 1.436
8704.0 1.436 1.237
8954.0 1.237 1.132
6894.0 1.132 1.136
5230.0 1.136 1.17
4290.0 1.17 1.524
5659.0 1.524 1.179
10701.0 1.179 1.0
12835.0 1.0 1.0
10473.0 1.0 1.0
5423.0 1.0 1.098
4216.0 1.098 1.432
4495.0 1.432 1.718
6575.0 1.718 1.266
9593.0 1.266 1.077
9355.0 1.077 1.0
6183.0 1.0 1.034
4294.0 1.034 1.49
4818.0 1.49 1.788
6791.0 1.788 1.302
10781.0 1.302 1.05
11833.0 1.05 1.0
9687.0 1.0 1.0
5141.0 1.0 1.088
4262.0 1.088 1.527
5678.0 1.527 1.18
9900.0 1.18 1.0
10954.0 1.0 1.0
8004.0 1.0 1.0
5857.0 1.0 1.037
4206.0 1.037 1.357
5312.0 1.357 1.068
8326.0 1.068 1.0
10824.0 1.0 1.0
9302.0 1.0 1.0
5176.0 1.0 1.079
4290.0 1.079 1.517
5684.0 1.517 1.172
10420.0 1.172 1.0
11962.0 1.0 1.0
9684.0 1.0 1.0
4970.0 1.0 1.492
4245.0 1.492 1.791
4632.0 1.791 2.149
6551.0 2.149 1.586
9777.0 1.586 1.33
11387.0 1.33 1.117
10695.0 1.117 1.002
7577.0 1.002 1.012
5277.0 1.012 1.073
4280.0 1.073 1.507
5504.0 1.507 1.175
8381.0 1.175 1.0
11139.0 1.0 1.0
8525.0 1.0 1.0
4238.0 1.0 1.444
4350.0 1.444 1.733
6566.0 1.733 1.278
11098.0 1.278 1.009
12326.0 1.009 1.0
10022.0 1.0 1.0
5140.0 1.0 1.097
4285.0 1.097 1.539
5308.0 1.539 1.212
8135.0 1.212 1.066
10999.0 1.066 1.0
10277.0 1.0 1.0
6403.0 1.0 1.049
4176.0 1.049 1.496
4237.0 1.496 1.795
5647.0 1.795 1.39
9927.0 1.39 1.132
11377.0 1.132 1.0
9131.0 1.0 1.0
4417.0 1.0 1.473
4269.0 1.473 1.768
5674.0 1.768 1.366
8800.0 1.366 1.169
9624.0 1.169 1.033
7686.0 1.033 1.02
5975.0 1.02 1.043
4294.0 1.043 1.479
4354.0 1.479 1.775
6036.0 1.775 1.347
10128.0 1.347 1.097
11610.0 1.097 1.0
10232.0 1.0 1.0
5770.0 1.0 1.073
4252.0 1.073 1.518
4805.0 1.518 1.822
6465.0 1.822 1.351
9623.0 1.351 1.14
9631.0 1.14 1.033
6907.0 1.033 1.05
4862.0 1.05 1.51
4346.0 1.51 1.812
5221.0 1.812 1.434
9927.0 1.434 1.172
11919.0 1.172 1.0
11197.0 1.0 1.0
7323.0 1.0 1.018
4840.0 1.018 1.498
4236.0 1.498 1.949
4748.0 1.949 2.338
8762.0 2.338 1.754
10694.0 1.754 1.489
10271.0 1.489 1.345
8167.0 1.345 1.32
5177.0 1.32 1.379
4176.0 1.379 1.945
4498.0 1.945 2.334
8160.0 2.334 1.81
11331.0 1.81 1.478
11781.0 1.478 1.264
8577.0 1.264 1.252
4623.0 1.252 1.827
4244.0 1.827 2.381
4414.0 2.381 2.857
6810.0 2.857 2.079
10794.0 2.079 1.667
12045.0 1.667 1.386
10368.0 1.386 1.283
7080.0 1.283 1.323
4176.0 1.323 1.891
4496.0 1.891 2.269
8246.0 2.269 1.754
10688.0 1.754 1.459
10019.0 1.459 1.333
7761.0 1.333 1.326
4327.0 1.326 1.911
4485.0 1.911 2.485
6733.0 2.485 1.816
9931.0 1.816 1.501
11350.0 1.501 1.253
9169.0 1.253 1.205
6021.0 1.205 1.268
4308.0 1.268 1.803
4254.0 1.803 2.164
5617.0 2.164 1.678
9653.0 1.678 1.379
11427.0 1.379 1.119
11099.0 1.119 1.0
8015.0 1.0 1.006
5700.0 1.006 1.039
4301.0 1.039 1.358
5429.0 1.358 1.063
8531.0 1.063 1.0
11703.0 1.0 1.0
9929.0 1.0 1.0
5719.0 1.0 1.051
4177.0 1.051 1.373
5065.0 1.373 1.095
8238.0 1.095 1.0
12130.0 1.0 1.0
10860.0 1.0 1.0
6566.0 1.0 1.056
4221.0 1.056 1.503
4673.0 1.503 1.804
6698.0 1.804 1.321
10100.0 1.321 1.084
10074.0 1.084 1.0
7344.0 1.0 1.009
5197.0 1.009 1.045
4268.0 1.045 1.474
5423.0 1.474 1.154
8595.0 1.154 1.0
12015.0 1.0 1.0
11249.0 1.0 1.0
7039.0 1.0 1.042
4472.0 1.042 1.502
4340.0 1.502 1.802
5015.0 1.802 1.44
8323.0 1.44 1.105
9447.0 1.105 1.0
7935.0 1.0 1.0
6208.0 1.0 1.012
4199.0 1.012 1.457
5577.0 1.457 1.132
8601.0 1.132 1.0
12665.0 1.0 1.0
10891.0 1.0 1.0
6093.0 1.0 1.074
4176.0 1.074 1.528
4384.0 1.528 1.833
6498.0 1.833 1.357
9294.0 1.357 1.163
9272.0 1.163 1.063
7006.0 1.063 1.068
5275.0 1.068 1.099
4269.0 1.099 1.432
5025.0 1.432 1.144
7777.0 1.144 1.0
12329.0 1.0 1.0
10387.0 1.0 1.0
5589.0 1.0 1.063
4176.0 1.063 1.388
5006.0 1.388 1.11
7657.0 1.11 1.0
9995.0 1.0 1.0
8053.0 1.0 1.0
5990.0 1.0 1.023
4208.0 1.023 1.446
4780.0 1.446 1.735
6835.0 1.735 1.261
10455.0 1.261 1.028
11169.0 1.028 1.0
8509.0 1.0 1.0
4247.0 1.0 1.475
4361.0 1.475 1.77
6697.0 1.77 1.296
10759.0 1.296 1.051
12083.0 1.051 1.0
9707.0 1.0 1.0
4825.0 1.0 1.494
4233.0 1.494 1.793
5170.0 1.793 1.422
9438.0 1.422 1.191
10914.0 1.191 1.017
9334.0 1.017 1.0
5320.0 1.0 1.056
4258.0 1.056 1.376
5405.0 1.376 1.078
8840.0 1.078 1.0
11734.0 1.0 1.0
9204.0 1.0 1.0
4406.0 1.0 1.456
4326.0 1.456 1.748
6086.0 1.748 1.322
9522.0 1.322 1.113
10352.0 1.113 1.0
8358.0 1.0 1.0
6295.0 1.0 1.015
4271.0 1.015 1.447
4875.0 1.447 1.737
7354.0 1.737 1.226
11570.0 1.226 1.0
12486.0 1.0 1.0
9620.0 1.0 1.0
4570.0 1.0 1.493
4317.0 1.493 1.791
5294.0 1.791 1.412
9050.0 1.412 1.191
10020.0 1.191 1.045
8020.0 1.045 1.023
6071.0 1.023 1.047
4176.0 1.047 1.484
4321.0 1.484 1.781
6692.0 1.781 1.304
10476.0 1.304 1.052
11884.0 1.052 1.0
10022.0 1.0 1.0
5476.0 1.0 1.081
4216.0 1.081 1.523
5090.0 1.523 1.213
7525.0 1.213 1.0
10399.0 1.0 1.0
8121.0 1.0 1.0
6142.0 1.0 1.017
4194.0 1.017 1.469
4921.0 1.469 1.762
6898.0 1.762 1.276
10164.0 1.276 1.073
10030.0 1.073 1.0
7388.0 1.0 1.004
5241.0 1.004 1.042
4428.0 1.042 1.464
5815.0 1.464 1.123
10401.0 1.123 1.0
10901.0 1.0 1.0
7531.0 1.0 1.016
5216.0 1.016 1.08
4389.0 1.08 1.515
5515.0 1.515 1.181
8255.0 1.181 1.034
11167.0 1.034 1.0
8851.0 1.0 1.0
4176.0 1.0 1.477
4632.0 1.477 1.772
6893.0 1.772 1.284
10549.0 1.284 1.045
11837.0 1.045 1.0
9701.0 1.0 1.0
5071.0 1.0 1.091
4398.0 1.091 1.42
5329.0 1.42 1.117
8115.0 1.117 1.0
10463.0 1.0 1.0
7681.0 1.0 1.0
5366.0 1.0 1.039
4281.0 1.039 1.462
5158.0 1.462 1.16
7528.0 1.16 1.0
9934.0 1.0 1.0
8244.0 1.0 1.0
6265.0 1.0 1.012
4220.0 1.012 1.443
4468.0 1.443 1.732
6510.0 1.732 1.281
10446.0 1.281 1.039
11702.0 1.039 1.0
9388.0 1.0 1.0
4758.0 1.0 1.488
4252.0 1.488 1.786
4973.0 1.786 2.143
8783.0 2.143 1.624
10229.0 1.624 1.382
9655.0 1.382 1.269
7679.0 1.269 1.252
4615.0 1.252 1.804
4346.0 1.804 2.165
5292.0 2.165 1.707
8492.0 1.707 1.486
9512.0 1.486 1.289
8898.0 1.289 1.205
6710.0 1.205 1.221
5244.0 1.221 1.271
4280.0 1.271 1.787
4545.0 1.787 2.144
6286.0 2.144 1.605
10000.0 1.605 1.316
11738.0 1.316 1.071
11084.0 1.071 1.0
7996.0 1.0 1.007
5429.0 1.007 1.071
4176.0 1.071 1.51
4826.0 1.51 1.811
6874.0 1.811 1.313
9728.0 1.313 1.112
10220.0 1.112 1.0
7790.0 1.0 1.0
5811.0 1.0 1.039
4176.0 1.039 1.472
4439.0 1.472 1.766
6511.0 1.766 1.306
10721.0 1.306 1.045
12317.0 1.045 1.0
10087.0 1.0 1.0
5121.0 1.0 1.099
4195.0 1.099 1.545
6264.0 1.545 1.158
9858.0 1.158 1.0
10468.0 1.0 1.0
7770.0 1.0 1.0
5623.0 1.0 1.049
4176.0 1.049 1.484
5338.0 1.484 1.167
8298.0 1.167 1.0
12050.0 1.0 1.0
11116.0 1.0 1.0
6906.0 1.0 1.046
4339.0 1.046 1.503
4349.0 1.503 1.804
5450.0 1.804 1.411
10364.0 1.411 1.119
13004.0 1.119 1.0
12022.0 1.0 1.0
7560.0 1.0 1.039
4741.0 1.039 1.511
4176.0 1.511 1.964
4716.0 1.964 2.357
8882.0 2.357 1.767
11906.0 1.767 1.403
11930.0 1.403 1.21
9464.0 1.21 1.168
5670.0 1.168 1.228
4278.0 1.228 1.772
4702.0 1.772 2.126
6402.0 2.126 1.581
9376.0 1.581 1.339
10706.0 1.339 1.147
9846.0 1.147 1.052
6790.0 1.052 1.077
4726.0 1.077 1.572
4423.0 1.572 2.044
5432.0 2.044 1.6
10020.0 1.6 1.305
11976.0 1.305 1.071
12138.0 1.071 1.0
9046.0 1.0 1.0
4176.0 1.0 1.458
4842.0 1.458 1.749
7028.0 1.749 1.258
11400.0 1.258 1.0
11994.0 1.0 1.0
8960.0 1.0 1.0
4195.0 1.0 1.479
4347.0 1.479 1.775
5607.0 1.775 1.377
9023.0 1.377 1.187
10273.0 1.187 1.033
8811.0 1.033 1.0
5059.0 1.0 1.074
4299.0 1.074 1.397
6181.0 1.397 1.052
10891.0 1.052 1.0
11043.0 1.0 1.0
7589.0 1.0 1.018
5106.0 1.018 1.067
4447.0 1.067 1.496
5599.0 1.496 1.161
8352.0 1.161 1.018
10598.0 1.018 1.0
9118.0 1.0 1.0
5160.0 1.0 1.079
4248.0 1.079 1.404
5620.0 1.404 1.088
8255.0 1.088 1.0
9867.0 1.0 1.0
7505.0 1.0 1.0
5694.0 1.0 1.032
4176.0 1.032 1.452
4984.0 1.452 1.742
7061.0 1.742 1.25
10383.0 1.25 1.024
9635.0 1.024 1.0
5313.0 1.0 1.077
4361.0 1.077 1.403
5334.0 1.403 1.104
8384.0 1.104 1.0
11722.0 1.0 1.0
9864.0 1.0 1.0
5150.0 1.0 1.09
4513.0 1.09 1.528
5581.0 1.528 1.187
9477.0 1.187 1.0
10195.0 1.0 1.0
7497.0 1.0 1.004
5350.0 1.004 1.046
4176.0 1.046 1.477
4804.0 1.477 1.772
7231.0 1.772 1.259
10213.0 1.259 1.054
9903.0 1.054 1.0
6215.0 1.0 1.042
4237.0 1.042 1.492
4292.0 1.492 1.79
6105.0 1.79 1.353
9183.0 1.353 1.173
10135.0 1.173 1.029
8417.0 1.029 1.0
4773.0 1.0 1.457
4276.0 1.457 1.749
5787.0 1.749 1.344
9483.0 1.344 1.128
9931.0 1.128 1.003
7129.0 1.003 1.016
4923.0 1.016 1.472
4177.0 1.472 1.916
4816.0 1.916 2.299
8850.0 2.299 1.735
10848.0 1.735 1.461
10437.0 1.461 1.317
8029.0 1.317 1.303
4693.0 1.303 1.924
4219.0 1.924 2.523
4188.0 2.523 3.027
6480.0 3.027 2.243
9786.0 2.243 1.859
10665.0 1.859 1.609
8712.0 1.609 1.55
5938.0 1.55 1.613
4224.0 1.613 2.112
4782.0 2.112 2.534
7450.0 2.534 2.033
9379.0 2.033 1.782
9094.0 1.782 1.644
7762.0 1.644 1.605
5636.0 1.605 1.657
4230.0 1.657 2.165
4845.0 2.165 2.598
8551.0 2.598 1.986
11734.0 1.986 1.575
12163.0 1.575 1.325
9346.0 1.325 1.281
5834.0 1.281 1.364
4251.0 1.364 1.975
4401.0 1.975 2.37
6177.0 2.37 1.784
9631.0 1.784 1.484
10462.0 1.484 1.299
8906.0 1.299 1.243
5726.0 1.243 1.292
4323.0 1.292 1.689
4806.0 1.689 2.027
6609.0 2.027 1.491
9613.0 1.491 1.253
10883.0 1.253 1.057
9497.0 1.057 1.0
5781.0 1.0 1.042
4313.0 1.042 1.474
4581.0 1.474 1.769
6661.0 1.769 1.297
10045.0 1.297 1.081
11135.0 1.081 1.0
8949.0 1.0 1.0
4655.0 1.0 1.479
4287.0 1.479 1.774
5063.0 1.774 1.415
8731.0 1.415 1.205
10065.0 1.205 1.045
9237.0 1.045 1.0
5747.0 1.0 1.042
4227.0 1.042 1.467
4688.0 1.467 1.761
7162.0 1.761 1.256
11090.0 1.256 1.004
12174.0 1.004 1.0
9702.0 1.0 1.0
4904.0 1.0 1.492
4211.0 1.492 1.79
4730.0 1.79 2.148
8984.0 2.148 1.376
10793.0 1.376 1.164
10779.0 1.164 1.031
8191.0 1.031 1.011
5958.0 1.011 1.057
4255.0 1.057 1.523
4797.0 1.523 1.828
6642.0 1.828 1.342
9914.0 1.342 1.116
10344.0 1.116 1.0
8146.0 1.0 1.0
6083.0 1.0 1.027
4242.0 1.027 1.485
4435.0 1.485 1.782
5886.0 1.782 1.362
9762.0 1.362 1.126
10466.0 1.126 1.0
8060.0 1.0 1.0
5661.0 1.0 1.036
4218.0 1.036 1.465
5200.0 1.465 1.161
7920.0 1.161 1.027
11340.0 1.027 1.0
10184.0 1.0 1.0
6142.0 1.0 1.058
4176.0 1.058 1.506
4395.0 1.506 1.807
6512.0 1.807 1.336
10432.0 1.336 1.084
11562.0 1.084 1.0
9330.0 1.0 1.0
4700.0 1.0 1.462
4176.0 1.462 1.754
5454.0 1.754 1.372
8760.0 1.372 1.173
9714.0 1.173 1.045
8248.0 1.045 1.009
4680.0 1.009 1.459
4429.0 1.459 1.751
5948.0 1.751 1.334
9992.0 1.334 1.09
11106.0 1.09 1.0
8370.0 1.0 1.0
5971.0 1.0 1.05
4216.0 1.05 1.501
4714.0 1.501 1.801
6898.0 1.801 1.304
9866.0 1.304 1.093
9680.0 1.093 1.0
6568.0 1.0 1.03
4337.0 1.03 1.476
4566.0 1.476 1.771
6486.0 1.771 1.311
10302.0 1.311 1.066
11868.0 1.066 1.0
9798.0 1.0 1.0
5336.0 1.0 1.071
4258.0 1.071 1.511
5190.0 1.511 1.197
8166.0 1.197 1.051
11272.0 1.051 1.0
10062.0 1.0 1.0
5936.0 1.0 1.06
4201.0 1.06 1.519
4350.0 1.519 1.823
5509.0 1.823 1.421
9177.0 1.421 1.197
10477.0 1.197 1.036
9463.0 1.036 1.0
5677.0 1.0 1.063
4219.0 1.063 1.504
4948.0 1.504 1.805
7648.0 1.805 1.253
11140.0 1.253 1.006
12102.0 1.006 1.0
9422.0 1.0 1.0
4624.0 1.0 1.468
4294.0 1.468 1.761
5090.0 1.761 1.403
9274.0 1.403 1.167
11004.0 1.167 1.0
9040.0 1.0 1.0
4662.0 1.0 1.482
4491.0 1.482 1.778
5763.0 1.778 1.368
9787.0 1.368 1.123
11553.0 1.123 1.0
10203.0 1.0 1.0
5825.0 1.0 1.063
4193.0 1.063 1.506
4631.0 1.506 1.807
7337.0 1.807 1.277
10587.0 1.277 1.048
11131.0 1.048 1.0
8531.0 1.0 1.0
4255.0 1.0 1.47
5090.0 1.47 1.171
7743.0 1.171 1.043
11203.0 1.043 1.0
10637.0 1.0 1.0
6595.0 1.0 1.049
4265.0 1.049 1.524
4176.0 1.524 1.829
5521.0 1.829 1.425
9303.0 1.425 1.193
10719.0 1.193 1.01
9745.0 1.01 1.0
5783.0 1.0 1.064
4176.0 1.064 1.505
4619.0 1.505 1.806
6904.0 1.806 1.308
10572.0 1.308 1.065
10504.0 1.065 1.0
7404.0 1.0 1.014
5005.0 1.014 1.065
4176.0 1.065 1.492
5605.0 1.492 1.158
8260.0 1.158 1.015
10130.0 1.015 1.0
8022.0 1.0 1.0
6043.0 1.0 1.017
4294.0 1.017 1.436
4468.0 1.436 1.724
6399.0 1.724 1.282
10289.0 1.282 1.049
10807.0 1.049 1.0
8135.0 1.0 1.0
6072.0 1.0 1.02
4197.0 1.02 1.449
4344.0 1.449 1.738
5905.0 1.738 1.328
9627.0 1.328 1.104
10931.0 1.104 1.0
9231.0 1.0 1.0
5021.0 1.0 1.087
4176.0 1.087 1.525
5578.0 1.525 1.184
10456.0 1.184 1.0
11900.0 1.0 1.0
9118.0 1.0 1.0
4236.0 1.0 1.461
4402.0 1.461 1.753
6348.0 1.753 1.308
9732.0 1.308 1.094
9584.0 1.094 1.0
6742.0 1.0 1.022
4679.0 1.022 1.484
4378.0 1.484 1.78
6161.0 1.78 1.342
9357.0 1.342 1.135
10457.0 1.135 1.0
8849.0 1.0 1.0
4975.0 1.0 1.48
4236.0 1.48 1.776
5172.0 1.776 1.409
9436.0 1.409 1.176
10716.0 1.176 1.0
9288.0 1.0 1.0
5246.0 1.0 1.062
4245.0 1.062 1.496
6100.0 1.496 1.131
9678.0 1.131 1.0
10200.0 1.0 1.0
7334.0 1.0 1.005
5103.0 1.005 1.048
4176.0 1.048 1.47
4971.0 1.47 1.765
7542.0 1.765 1.232
10316.0 1.232 1.041
10212.0 1.041 1.0
7510.0 1.0 1.005
5195.0 1.005 1.048
4176.0 1.048 1.472
5133.0 1.472 1.17
7794.0 1.17 1.0
9730.0 1.0 1.0
8376.0 1.0 1.0
6901.0 1.0 1.0
4754.0 1.0 1.455
4552.0 1.455 1.745
5717.0 1.745 1.346
9563.0 1.346 1.119
10455.0 1.119 1.0
8799.0 1.0 1.0
4505.0 1.0 1.477
4824.0 1.477 1.772
6917.0 1.772 1.282
9313.0 1.282 1.107
9155.0 1.107 1.018
6571.0 1.018 1.038
4825.0 1.038 1.487
4631.0 1.487 1.784
6089.0 1.784 1.35
8715.0 1.35 1.171
8209.0 1.171 1.093
5121.0 1.093 1.154
4180.0 1.154 1.624
4687.0 1.624 1.949
6374.0 1.949 1.452
9214.0 1.452 1.239
10180.0 1.239 1.086
8560.0 1.086 1.044
5178.0 1.044 1.095
4218.0 1.095 1.537
5403.0 1.537 1.205
7552.0 1.205 1.0
10752.0 1.0 1.0
9566.0 1.0 1.0
5608.0 1.0 1.068
4264.0 1.068 1.51
5705.0 1.51 1.165
9553.0 1.165 1.0
9925.0 1.0 1.0
7395.0 1.0 1.003
5248.0 1.003 1.04
4283.0 1.04 1.354
5534.0 1.354 1.055
8537.0 1.055 1.0
10493.0 1.0 1.0
8131.0 1.0 1.0
6152.0 1.0 1.031
4207.0 1.031 1.467
4939.0 1.467 1.76
7159.0 1.76 1.256
9067.0 1.256 1.114
8887.0 1.114 1.031
6657.0 1.031 1.04
4932.0 1.04 1.504
4261.0 1.504 1.958
5211.0 1.958 1.55
8593.0 1.55 1.347
9367.0 1.347 1.191
8337.0 1.191 1.137
5489.0 1.137 1.177
4280.0 1.177 1.654
5136.0 1.654 1.314
8612.0 1.314 1.14
9110.0 1.14 1.036
6974.0 1.036 1.039
5119.0 1.039 1.08
4190.0 1.08 1.405
5858.0 1.405 1.076
8245.0 1.076 1.0
8919.0 1.0 1.0
6473.0 1.0 1.019
4662.0 1.019 1.454
4642.0 1.454 1.744
6643.0 1.744 1.281
9053.0 1.281 1.123
8799.0 1.123 1.044
5769.0 1.044 1.081
4245.0 1.081 1.53
4456.0 1.53 1.836
6159.0 1.836 1.384
9055.0 1.384 1.184
9531.0 1.184 1.065
7695.0 1.065 1.046
5811.0 1.046 1.068
4176.0 1.068 1.514
4308.0 1.514 1.816
5867.0 1.816 1.39
9251.0 1.39 1.188
9865.0 1.188 1.061
8331.0 1.061 1.024
4249.0 1.024 1.481
4451.0 1.481 1.777
6473.0 1.777 1.317
9311.0 1.317 1.127
9079.0 1.127 1.034
6273.0 1.034 1.064
4317.0 1.064 1.518
4518.0 1.518 1.821
6428.0 1.821 1.353
9750.0 1.353 1.131
10534.0 1.131 1.0
8948.0 1.0 1.0
4570.0 1.0 1.48
4270.0 1.48 1.775
5449.0 1.775 1.388
9205.0 1.388 1.162
10225.0 1.162 1.0
7787.0 1.0 1.0
5556.0 1.0 1.034
4190.0 1.034 1.47
5191.0 1.47 1.165
8012.0 1.165 1.0
11146.0 1.0 1.0
10128.0 1.0 1.0
6002.0 1.0 1.046
4358.0 1.046 1.486
4578.0 1.486 1.783
6285.0 1.783 1.335
9915.0 1.335 1.105
10783.0 1.105 1.0
8849.0 1.0 1.0
4303.0 1.0 1.477
4474.0 1.477 1.772
5893.0 1.772 1.354
9547.0 1.354 1.139
10847.0 1.139 1.0
9199.0 1.0 1.0
5157.0 1.0 1.057
4176.0 1.057 1.484
5241.0 1.484 1.173
7612.0 1.173 1.0
10762.0 1.0 1.0
9324.0 1.0 1.0
5198.0 1.0 1.078
4274.0 1.078 1.404
5431.0 1.404 1.099
7981.0 1.099 1.0
10833.0 1.0 1.0
8975.0 1.0 1.0
4765.0 1.0 1.479
4379.0 1.479 1.775
5472.0 1.775 1.386
8974.0 1.386 1.192
10144.0 1.192 1.039
8566.0 1.039 1.0
4898.0 1.0 1.472
4236.0 1.472 1.767
5163.0 1.767 1.402
9209.0 1.402 1.169
10767.0 1.169 1.0
9761.0 1.0 1.0
5719.0 1.0 1.066
4227.0 1.066 1.509
4780.0 1.509 1.811
6826.0 1.811 1.316
9844.0 1.316 1.105
9862.0 1.105 1.0
6672.0 1.0 1.027
4525.0 1.027 1.491
4256.0 1.491 1.789
5478.0 1.789 1.397
9726.0 1.397 1.144
11072.0 1.144 1.0
9916.0 1.0 1.0
5622.0 1.0 1.054
4176.0 1.054 1.377
4820.0 1.377 1.652
7757.0 1.652 1.14
10973.0 1.14 1.0
11353.0 1.0 1.0
7983.0 1.0 1.008
5584.0 1.008 1.046
4176.0 1.046 1.478
4816.0 1.478 1.773
6744.0 1.773 1.295
9734.0 1.295 1.092
10212.0 1.092 1.0
7682.0 1.0 1.0
5535.0 1.0 1.035
4218.0 1.035 1.351
4677.0 1.351 1.622
7498.0 1.622 1.299
10520.0 1.299 1.075
10958.0 1.075 1.0
8010.0 1.0 1.0
5695.0 1.0 1.049
4417.0 1.049 1.483
5437.0 1.483 1.16
8224.0 1.16 1.0
10632.0 1.0 1.0
8270.0 1.0 1.0
6123.0 1.0 1.021
4176.0 1.021 1.443
5161.0 1.443 1.145
7708.0 1.145 1.023
9842.0 1.023 1.0
9038.0 1.0 1.0
5164.0 1.0 1.074
4176.0 1.074 1.508
5726.0 1.508 1.162
10060.0 1.162 1.0
10812.0 1.0 1.0
8114.0 1.0 1.0
5043.0 1.0 1.06
4246.0 1.06 1.378
4176.0 1.378 1.654
4207.0 1.654 1.985
4176.0 1.985 2.382
4537.0 2.382 2.858
4593.0 2.858 3.43
5235.0 3.43 2.711
7590.0 2.711 2.445
8577.0 2.445 2.223
8040.0 2.223 2.111
6135.0 2.111 2.146
4517.0 2.146 3.051
4833.0 3.051 3.661
7275.0 3.661 2.596
10731.0 2.596 2.126
11995.0 2.126 1.783
10047.0 1.783 1.669
5832.0 1.669 1.775
4176.0 1.775 2.526
4373.0 2.526 3.031
5665.0 3.031 2.344
8476.0 2.344 2.06
9091.0 2.06 1.869
7624.0 1.869 1.824
5978.0 1.824 1.842
4414.0 1.842 2.602
4233.0 2.602 3.122
5469.0 3.122 2.439
9618.0 2.439 2.019
11661.0 2.019 1.673
11376.0 1.673 1.467
8325.0 1.467 1.452
4875.0 1.452 2.113
4254.0 2.113 2.535
4961.0 2.535 3.042
7369.0 3.042 2.146
8617.0 2.146 1.931
8398.0 1.931 1.81
7126.0 1.81 1.777
5266.0 1.777 1.833
4490.0 1.833 2.387
4753.0 2.387 2.865
7841.0 2.865 2.254
11426.0 2.254 1.796
12650.0 1.796 1.481
10472.0 1.481 1.384
7216.0 1.384 1.417
4194.0 1.417 2.039
4387.0 2.039 2.447
6181.0 2.447 1.842
9105.0 1.842 1.575
10181.0 1.575 1.371
9701.0 1.371 1.253
7539.0 1.253 1.244
4551.0 1.244 1.8
4236.0 1.8 2.16
4548.0 2.16 2.592
7816.0 2.592 2.043
10303.0 2.043 1.711
10666.0 1.711 1.503
8455.0 1.503 1.468
5531.0 1.468 1.553
4215.0 1.553 2.191
4326.0 2.191 2.629
6106.0 2.629 1.987
9340.0 1.987 1.676
10783.0 1.676 1.414
8602.0 1.414 1.372
5392.0 1.372 1.451
4252.0 1.451 2.067
4395.0 2.067 2.481
6303.0 2.481 1.855
8313.0 1.855 1.653
9371.0 1.653 1.461
8723.0 1.461 1.368
6907.0 1.368 1.359
4303.0 1.359 1.933
4286.0 1.933 2.521
5041.0 2.521 2.013
7999.0 2.013 1.571
10777.0 1.571 1.297
9847.0 1.297 1.195
6817.0 1.195 1.232
4790.0 1.232 1.774
4299.0 1.774 2.341
4753.0 2.341 2.809
7449.0 2.809 1.972
9852.0 1.972 1.665
10359.0 1.665 1.477
7905.0 1.477 1.453
4951.0 1.453 2.119
4320.0 2.119 2.789
4855.0 2.789 3.347
7449.0 3.347 2.349
10293.0 2.349 1.94
10596.0 1.94 1.707
8454.0 1.707 1.667
5530.0 1.667 1.749
4176.0 1.749 2.459
4494.0 2.459 2.951
7116.0 2.951 2.111
9786.0 2.111 1.784
9624.0 1.784 1.615
6927.0 1.615 1.637
4220.0 1.637 2.346
4257.0 2.346 2.815
5350.0 2.815 2.213
8420.0 2.213 1.922
10574.0 1.922 1.629
10412.0 1.629 1.46
7373.0 1.46 1.481
4176.0 1.481 2.126
4324.0 2.126 2.551
5349.0 2.551 2.005
8135.0 2.005 1.56
10211.0 1.56 1.324
9379.0 1.324 1.226
6199.0 1.226 1.279
4229.0 1.279 1.828
4287.0 1.828 2.193
5461.0 2.193 1.714
6829.0 1.714 1.598
6465.0 1.598 1.563
5049.0 1.563 1.613
4264.0 1.613 2.269
4620.0 2.269 2.723
6834.0 2.723 1.978
8532.0 1.978 1.778
8226.0 1.778 1.672
7042.0 1.672 1.651
5088.0 1.651 1.722
4298.0 1.722 2.436
4486.0 2.436 2.923
6370.0 2.923 2.178
8284.0 2.178 1.953
8410.0 1.953 1.813
6898.0 1.813 1.788
5222.0 1.788 1.833
4176.0 1.833 2.387
4775.0 2.387 2.864
7273.0 2.864 2.031
8842.0 2.031 1.803
8041.0 1.803 1.721
6649.0 1.721 1.712
4559.0 1.712 2.442
4176.0 2.442 3.183
5347.0 3.183 2.502
8140.0 2.502 2.215
8512.0 2.215 2.032
7654.0 2.032 1.964
5974.0 1.964 1.993
4342.0 1.993 2.821
4339.0 2.821 3.385
6415.0 3.385 2.517
8422.0 2.517 2.23
8434.0 2.23 2.071
7489.0 2.071 2.01
6137.0 2.01 2.029
4214.0 2.029 2.886
5083.0 2.886 2.299
7041.0 2.299 1.883
8513.0 1.883 1.679
8363.0 1.679 1.57
6531.0 1.57 1.586
4195.0 1.586 2.288
4369.0 2.288 2.975
6561.0 2.975 2.194
8628.0 2.194 1.943
8586.0 1.943 1.808
7786.0 1.808 1.743
6254.0 1.743 1.755
4252.0 1.755 2.486
4330.0 2.486 3.233
6186.0 3.233 2.433
8343.0 2.433 2.168
8175.0 2.168 2.037
6063.0 2.037 2.075
4237.0 2.075 2.953
4653.0 2.953 3.544
6829.0 3.544 2.576
8164.0 2.576 2.332
8575.0 2.332 2.147
7534.0 2.147 2.079
6468.0 2.079 2.067
4726.0 2.067 2.955
4427.0 2.955 3.546
5515.0 3.546 2.764
8281.0 2.764 2.418
9277.0 2.418 2.154
8626.0 2.154 2.025
6607.0 2.025 2.036
4815.0 2.036 2.927
4504.0 2.927 3.512
6040.0 3.512 2.664
8821.0 2.664 2.295
9556.0 2.295 2.053
8341.0 2.053 1.962
5911.0 1.962 2.01
4228.0 2.01 2.87
4753.0 2.87 3.444
6595.0 3.444 2.536
8563.0 2.536 2.23
8902.0 2.23 2.037
7870.0 2.037 1.965
6464.0 1.965 1.973
4586.0 1.973 2.818
4235.0 2.818 3.381
5463.0 3.381 2.643
8385.0 2.643 2.316
9801.0 2.316 2.017
9024.0 2.017 1.886
6621.0 1.886 1.918
4551.0 1.918 2.748
4499.0 2.748 3.297
6079.0 3.297 2.495
8557.0 2.495 2.188
9238.0 2.188 1.973
8242.0 1.973 1.884
6570.0 1.884 1.893
4742.0 1.893 2.718
4539.0 2.718 3.262
6807.0 3.262 2.374
8697.0 2.374 2.104
8268.0 2.104 1.981
5802.0 1.981 2.048
4217.0 2.048 2.902
5020.0 2.902 2.319
7264.0 2.319 2.112
8464.0 2.112 1.904
8479.0 1.904 1.774
7417.0 1.774 1.731
5873.0 1.731 1.754
4219.0 1.754 2.477
4315.0 2.477 2.972
6231.0 2.972 2.232
8961.0 2.232 1.937
9114.0 1.937 1.771
7374.0 1.771 1.75
5228.0 1.75 1.815
4295.0 1.815 2.364
4766.0 2.364 2.837
7196.0 2.837 2.02
9185.0 2.02 1.777
7982.0 1.777 1.71
5614.0 1.71 1.765
4203.0 1.765 2.508
4746.0 2.508 3.01
7082.0 3.01 2.157
8825.0 2.157 1.906
7997.0 1.906 1.824
6189.0 1.824 1.852
4232.0 1.852 2.651
4184.0 2.651 3.181
5337.0 3.181 2.502
8709.0 2.502 2.146
9837.0 2.146 1.886
9117.0 1.886 1.761
6513.0 1.761 1.8
4207.0 1.8 2.578
4285.0 2.578 3.094
6049.0 3.094 2.345
8695.0 2.345 2.038
9061.0 2.038 1.86
7717.0 1.86 1.804
5775.0 1.804 1.846
4201.0 1.846 2.627
4339.0 2.627 3.152
6559.0 3.152 2.325
8767.0 2.325 2.046
8704.0 2.046 1.894
7324.0 1.894 1.859
5544.0 1.859 1.906
4264.0 1.906 2.488
4543.0 2.488 2.986
7161.0 2.986 2.131
8670.0 2.131 1.907
8454.0 1.907 1.785
7322.0 1.785 1.744
5418.0 1.744 1.807
4349.0 1.807 2.557
4966.0 2.557 3.069
7264.0 3.069 2.177
8752.0 2.177 1.935
7780.0 1.935 1.873
6022.0 1.873 1.914
4238.0 1.914 2.719
4357.0 2.719 3.263
5955.0 3.263 2.485
8268.0 2.485 2.205
8235.0 2.205 2.068
6234.0 2.068 2.086
4364.0 2.086 2.968
4204.0 2.968 3.561
5400.0 3.561 2.792
8364.0 2.792 2.447
9873.0 2.447 2.133
9681.0 2.133 1.936
7461.0 1.936 1.92
5707.0 1.92 1.962
4359.0 1.962 2.782
5407.0 2.782 2.18
7819.0 2.18 1.725
9049.0 1.725 1.542
8665.0 1.542 1.441
7035.0 1.441 1.433
4885.0 1.433 2.063
4233.0 2.063 2.7
5849.0 2.7 2.069
8413.0 2.069 1.818
9433.0 1.818 1.621
8089.0 1.621 1.562
5817.0 1.562 1.595
4486.0 1.595 2.087
5323.0 2.087 1.643
8149.0 1.643 1.448
9541.0 1.448 1.287
8625.0 1.287 1.213
6329.0 1.213 1.233
4489.0 1.233 1.762
4362.0 1.762 2.114
5196.0 2.114 1.675
8042.0 1.675 1.488
8708.0 1.488 1.359
7686.0 1.359 1.315
5588.0 1.315 1.347
4373.0 1.347 1.902
4722.0 1.902 2.283
7518.0 2.283 1.596
9102.0 1.596 1.403
8346.0 1.403 1.33
5968.0 1.33 1.369
4574.0 1.369 1.954
4257.0 1.954 2.345
4891.0 2.345 2.814
7263.0 2.814 1.997
9096.0 1.997 1.752
8334.0 1.752 1.666
6674.0 1.666 1.666
4514.0 1.666 2.381
4176.0 2.381 2.857
5062.0 2.857 2.278
7548.0 2.278 1.82
9276.0 1.82 1.604
8644.0 1.604 1.502
7096.0 1.502 1.491
4840.0 1.491 2.148
4222.0 2.148 2.578
5610.0 2.578 2.0
7710.0 2.0 1.811
7998.0 1.811 1.696
7070.0 1.696 1.656
5340.0 1.656 1.705
4584.0 1.705 2.222
5593.0 2.222 1.725
7819.0 1.725 1.547
7853.0 1.547 1.455
6007.0 1.455 1.479
4223.0 1.479 1.938
4807.0 1.938 2.326
7849.0 2.326 1.835
8965.0 1.835 1.662
7573.0 1.662 1.623
5221.0 1.623 1.69
4360.0 1.69 2.2
5073.0 2.2 1.754
7727.0 1.754 1.389
8763.0 1.389 1.254
8271.0 1.254 1.184
6141.0 1.184 1.206
4549.0 1.206 1.722
4176.0 1.722 2.067
4983.0 2.067 2.48
7981.0 2.48 1.952
9439.0 1.952 1.733
8218.0 1.733 1.669
6618.0 1.669 1.684
4191.0 1.684 2.396
4431.0 2.396 3.116
5613.0 3.116 2.416
8652.0 2.416 2.099
9420.0 2.099 1.87
8268.0 1.87 1.79
6712.0 1.79 1.799
4668.0 1.799 2.581
4330.0 2.581 3.383
5346.0 3.383 2.66
8103.0 2.66 2.36
8235.0 2.36 2.189
5898.0 2.189 2.25
4176.0 2.25 3.21
4390.0 3.21 3.852
5512.0 3.852 3.003
7753.0 3.003 2.707
8134.0 2.707 2.518
7510.0 2.518 2.423
6184.0 2.423 2.422
4838.0 2.422 3.448
4364.0 3.448 4.498
5428.0 4.498 3.521
7438.0 3.521 2.841
9266.0 2.841 2.491
8378.0 2.491 2.367
6353.0 2.367 2.397
4759.0 2.397 3.442
4281.0 3.442 4.131
4609.0 4.131 4.957
6538.0 4.957 3.66
9130.0 3.66 3.159
9394.0 3.159 2.855
7602.0 2.855 2.817
5448.0 2.817 2.923
4176.0 2.923 4.125
4337.0 4.125 4.95
5840.0 4.95 3.794
8676.0 3.794 3.308
9768.0 3.308 2.878
8964.0 2.878 2.695
6632.0 2.695 2.727
4199.0 2.727 3.894
4466.0 3.894 4.672
5687.0 4.672 3.61
8619.0 3.61 3.145
9591.0 3.145 2.786
8591.0 2.786 2.646
6719.0 2.646 2.668
4448.0 2.668 3.829
4480.0 3.829 4.595
5338.0 4.595 3.614
7888.0 3.614 3.217
9796.0 3.217 2.769
10048.0 2.769 2.478
8428.0 2.478 2.386
6097.0 2.386 2.438
4391.0 2.438 3.469
4245.0 3.469 4.163
5017.0 4.163 3.328
7582.0 3.328 2.652
10216.0 2.652 2.222
11168.0 2.222 1.903
10013.0 1.903 1.757
6779.0 1.757 1.799
4176.0 1.799 2.585
4374.0 2.585 3.102
5736.0 3.102 2.39
8739.0 2.39 2.052
9309.0 2.052 1.852
7965.0 1.852 1.792
5817.0 1.792 1.839
4188.0 1.839 2.599
4235.0 2.599 3.119
6807.0 3.119 2.269
9435.0 2.269 1.947
10029.0 1.947 1.719
8604.0 1.719 1.643
6420.0 1.643 1.681
4176.0 1.681 2.396
4270.0 2.396 2.875
5788.0 2.875 2.21
7306.0 2.21 2.03
7640.0 2.03 1.886
6878.0 1.886 1.845
5482.0 1.845 1.877
4274.0 1.877 2.645
4646.0 2.645 3.175
6240.0 3.175 2.382
7749.0 2.382 2.173
7359.0 2.173 2.093
6221.0 2.093 2.094
4871.0 2.094 2.983
4176.0 2.983 3.883
5232.0 3.883 3.071
7443.0 3.071 2.782
9018.0 2.782 2.452
8475.0 2.452 2.309
6960.0 2.309 2.301
5438.0 2.301 2.356
4246.0 2.356 3.317
4608.0 3.317 3.981
6068.0 3.981 3.014
8522.0 3.014 2.643
8738.0 2.643 2.437
7886.0 2.437 2.348
5888.0 2.348 2.4
4320.0 2.4 3.426
4290.0 3.426 4.111
5324.0 4.111 3.236
7730.0 3.236 2.901
8804.0 2.901 2.607
8248.0 2.607 2.467
6757.0 2.467 2.456
5369.0 2.456 2.514
4280.0 2.514 3.546
4601.0 3.546 4.255
6221.0 4.255 3.196
8445.0 3.196 2.83
8457.0 2.83 2.634
7653.0 2.634 2.543
5760.0 2.543 2.595
4408.0 2.595 3.669
4394.0 3.669 4.403
5418.0 4.403 3.449
7728.0 3.449 3.098
9272.0 3.098 2.715
8952.0 2.715 2.52
7347.0 2.52 2.481
5103.0 2.481 2.587
4176.0 2.587 3.366
5052.0 3.366 2.686
8025.0 2.686 2.365
9762.0 2.365 2.064
9126.0 2.064 1.922
7182.0 1.922 1.915
4862.0 1.915 2.769
4296.0 2.769 3.323
5336.0 3.323 2.614
8126.0 2.614 2.317
8846.0 2.317 2.109
8072.0 2.109 2.01
5966.0 2.01 2.054
4450.0 2.054 2.919
4977.0 2.919 3.503
7085.0 3.503 2.51
9008.0 2.51 2.195
8993.0 2.195 2.017
7529.0 2.017 1.976
5875.0 1.976 2.019
4176.0 2.019 2.848
4222.0 2.848 3.418
5708.0 3.418 2.637
8459.0 2.637 2.318
9098.0 2.318 2.09
8075.0 2.09 2.001
6459.0 2.001 2.017
4483.0 2.017 2.891
4289.0 2.891 3.469
5215.0 3.469 2.746
6733.0 2.746 2.571
6577.0 2.571 2.499
5626.0 2.499 2.509
4914.0 2.509 3.548
4226.0 3.548 4.624
4960.0 4.624 5.549
6790.0 5.549 4.042
7580.0 4.042 3.772
6784.0 3.772 3.698
5220.0 3.698 3.786
4202.0 3.786 5.332
4702.0 5.332 6.398
6250.0 6.398 4.799
9058.0 4.799 4.128
9754.0 4.128 3.692
8680.0 3.692 3.503
6836.0 3.503 3.509
5231.0 3.509 3.627
4176.0 3.627 5.098
4300.0 5.098 6.118
5209.0 6.118 4.843
6409.0 4.843 4.096
6489.0 4.096 3.95
5213.0 3.95 4.037
4230.0 4.037 5.681
4746.0 5.681 6.817
6274.0 6.817 5.106
7912.0 5.106 4.634
7706.0 4.634 4.4
6576.0 4.4 4.366
5280.0 4.366 4.476
4266.0 4.476 6.326
4825.0 6.326 7.591
6457.0 7.591 5.63
8353.0 5.63 5.031
8257.0 5.031 4.718
7254.0 4.718 4.601
5528.0 4.601 4.723
4212.0 4.723 6.66
4625.0 6.66 7.992
6105.0 7.992 6.041
