5436.0 1.0 1.0
5436.0 1.0 1.0
5436.0 1.0 1.0
4596.0 1.0 1.408
4596.0 1.408 1.689
4484.0 1.689 2.027
4460.0 2.027 2.433
4420.0 2.433 2.919
4556.0 2.919 3.503
4446.0 3.503 4.204
4561.0 4.204 5.045
5086.0 5.045 4.018
7210.0 4.018 3.669
8378.0 3.669 3.334
8494.0 3.334 3.093
7518.0 3.093 2.999
6297.0 2.999 2.996
4566.0 2.996 4.266
4184.0 4.266 5.12
5307.0 5.12 4.033
7863.0 4.033 3.6
9315.0 3.6 3.179
9255.0 3.179 2.908
8119.0 2.908 2.797
6715.0 2.797 2.781
4543.0 2.781 3.974
4180.0 3.974 4.769
4607.0 4.769 5.723
6182.0 5.723 4.308
9302.0 4.308 3.674
10165.0 3.674 3.23
9842.0 3.23 2.935
8034.0 2.935 2.867
6288.0 2.867 2.896
4380.0 2.896 4.106
4432.0 4.106 4.927
5401.0 4.927 3.863
8457.0 3.863 3.367
9961.0 3.367 2.924
9925.0 2.924 2.628
8617.0 2.628 2.509
6451.0 2.509 2.546
4925.0 2.546 3.639
4176.0 3.639 4.367
4488.0 4.367 5.24
6078.0 5.24 3.966
8618.0 3.966 3.475
9985.0 3.475 3.041
9254.0 3.041 2.817
7466.0 2.817 2.784
5528.0 2.784 2.872
4221.0 2.872 4.06
4300.0 4.06 4.872
5617.0 4.872 3.778
8261.0 3.778 3.325
9649.0 3.325 2.915
9401.0 2.915 2.677
8057.0 2.677 2.586
6065.0 2.586 2.645
4571.0 2.645 3.76
4257.0 3.76 4.512
4553.0 4.512 5.415
6749.0 5.415 3.953
9953.0 3.953 3.306
11112.0 3.306 2.823
10181.0 2.823 2.582
7449.0 2.582 2.599
4689.0 2.599 3.761
4354.0 3.761 4.919
4469.0 4.919 5.903
5198.0 5.903 4.676
7286.0 4.676 4.267
9260.0 4.267 3.745
9529.0 3.745 3.385
8250.0 3.385 3.25
6418.0 3.25 3.266
4501.0 3.266 4.681
4381.0 4.681 6.146
4747.0 6.146 7.375
6727.0 7.375 5.39
9265.0 5.39 4.604
10699.0 4.604 3.915
10363.0 3.915 3.512
8897.0 3.512 3.352
6249.0 3.352 3.467
4488.0 3.467 4.968
4176.0 4.968 5.962
4437.0 5.962 7.155
6501.0 7.155 5.294
8997.0 5.294 4.606
10431.0 4.606 3.98
9927.0 3.98 3.617
7717.0 3.617 3.582
5433.0 3.582 3.73
4176.0 3.73 5.251
4176.0 5.251 6.301
5064.0 6.301 5.025
7264.0 5.025 4.071
9191.0 4.071 3.578
9400.0 3.578 3.239
8440.0 3.239 3.084
6576.0 3.084 3.102
4911.0 3.102 4.451
4243.0 4.451 5.342
4841.0 5.342 6.41
6413.0 6.41 4.766
9740.0 4.766 3.988
11036.0 3.988 3.398
10508.0 3.398 3.064
8158.0 3.064 3.013
5854.0 3.013 3.118
4176.0 3.118 4.393
4456.0 4.393 5.271
5575.0 5.271 4.096
7735.0 4.096 3.675
8979.0 3.675 3.281
8775.0 3.281 3.043
7299.0 3.043 2.982
5694.0 2.982 3.037
4176.0 3.037 4.28
4284.0 4.28 5.136
6093.0 5.136 3.885
9009.0 3.885 3.336
10991.0 3.336 2.741
10343.0 2.741 2.484
8351.0 2.484 2.425
5375.0 2.425 2.557
4200.0 2.557 3.621
4487.0 3.621 4.345
5701.0 4.345 3.354
8101.0 3.354 2.979
9705.0 2.979 2.609
9705.0 2.609 2.367
8226.0 2.367 2.286
5838.0 2.286 2.347
4269.0 2.347 3.322
4717.0 3.322 3.986
5931.0 3.986 3.04
8226.0 3.04 2.682
9300.0 2.682 2.389
9345.0 2.389 2.176
7980.0 2.176 2.104
5574.0 2.104 2.166
4176.0 2.166 3.052
4701.0 3.052 3.662
6391.0 3.662 2.726
9721.0 2.726 2.271
11609.0 2.271 1.891
10677.0 1.891 1.711
7695.0 1.711 1.713
4711.0 1.713 2.507
4248.0 2.507 3.281
4265.0 3.281 3.937
5669.0 3.937 3.044
8558.0 3.044 2.327
10230.0 2.327 1.998
9840.0 1.998 1.819
7743.0 1.819 1.795
5345.0 1.795 1.867
4369.0 1.867 2.434
4483.0 2.434 2.92
6949.0 2.92 2.109
9193.0 2.109 1.847
9607.0 1.847 1.659
7813.0 1.659 1.621
5777.0 1.621 1.671
4304.0 1.671 2.185
4733.0 2.185 2.623
7671.0 2.623 2.086
10524.0 2.086 1.746
10977.0 1.746 1.523
8724.0 1.523 1.475
5944.0 1.475 1.531
4187.0 1.531 2.004
5036.0 2.004 1.601
8368.0 1.601 1.387
9152.0 1.387 1.253
8316.0 1.253 1.19
5916.0 1.19 1.218
4276.0 1.218 1.726
4549.0 1.726 2.072
5452.0 2.072 1.62
9730.0 1.62 1.336
11648.0 1.336 1.102
11352.0 1.102 1.0
8118.0 1.0 1.0
5803.0 1.0 1.051
4201.0 1.051 1.486
4887.0 1.486 1.783
7013.0 1.783 1.283
10389.0 1.283 1.065
10743.0 1.065 1.0
8073.0 1.0 1.0
6010.0 1.0 1.029
4194.0 1.029 1.455
4629.0 1.455 1.746
6636.0 1.746 1.283
9056.0 1.283 1.113
9072.0 1.113 1.021
7168.0 1.021 1.009
5023.0 1.009 1.055
4176.0 1.055 1.372
5502.0 1.372 1.07
8416.0 1.07 1.0
10432.0 1.0 1.0
8406.0 1.0 1.0
6679.0 1.0 1.003
4364.0 1.003 1.444
4404.0 1.444 1.733
5611.0 1.733 1.344
9219.0 1.344 1.146
10257.0 1.146 1.003
8533.0 1.003 1.0
4379.0 1.0 1.45
4217.0 1.45 1.74
5362.0 1.74 1.367
9258.0 1.367 1.151
10586.0 1.151 1.0
8672.0 1.0 1.0
4201.0 1.0 1.448
4504.0 1.448 1.737
6397.0 1.737 1.293
9525.0 1.293 1.095
10233.0 1.095 1.0
7991.0 1.0 1.0
6180.0 1.0 1.023
4261.0 1.023 1.449
4456.0 1.449 1.739
6270.0 1.739 1.303
9572.0 1.303 1.09
10546.0 1.09 1.0
8152.0 1.0 1.0
6089.0 1.0 1.022
4396.0 1.022 1.453
4373.0 1.453 1.744
6120.0 1.744 1.317
10040.0 1.317 1.086
10820.0 1.086 1.0
8286.0 1.0 1.0
5887.0 1.0 1.032
4368.0 1.032 1.46
4829.0 1.46 1.752
6772.0 1.752 1.278
8974.0 1.278 1.127
9022.0 1.127 1.037
6972.0 1.037 1.037
5378.0 1.037 1.074
4282.0 1.074 1.511
5331.0 1.511 1.189
7720.0 1.189 1.066
11064.0 1.066 1.0
10334.0 1.0 1.0
6376.0 1.0 1.05
4179.0 1.05 1.499
4520.0 1.499 1.798
5435.0 1.798 1.407
8809.0 1.407 1.203
9657.0 1.203 1.07
8217.0 1.07 1.032
4855.0 1.032 1.499
4297.0 1.499 1.799
5551.0 1.799 1.4
10777.0 1.4 1.108
12987.0 1.108 1.0
11851.0 1.0 1.0
7389.0 1.0 1.033
4570.0 1.033 1.515
4176.0 1.515 1.818
4883.0 1.818 2.181
9531.0 2.181 1.573
12528.0 1.573 1.252
11622.0 1.252 1.108
8286.0 1.108 1.117
4250.0 1.117 1.614
4567.0 1.614 1.937
6053.0 1.937 1.468
8753.0 1.468 1.274
8833.0 1.274 1.179
6827.0 1.179 1.186
5288.0 1.186 1.219
4269.0 1.219 1.715
4955.0 1.715 2.058
9549.0 2.058 1.482
11178.0 1.482 1.248
10108.0 1.248 1.145
6816.0 1.145 1.172
4564.0 1.172 1.683
4286.0 1.683 2.02
4518.0 2.02 2.424
7830.0 2.424 1.911
9051.0 1.911 1.711
7890.0 1.711 1.649
5744.0 1.649 1.686
4254.0 1.686 2.204
4622.0 2.204 2.645
8298.0 2.645 2.037
11571.0 2.037 1.615
12402.0 1.615 1.344
9903.0 1.344 1.278
6401.0 1.278 1.32
4325.0 1.32 1.895
4380.0 1.895 2.465
4341.0 2.465 2.958
6393.0 2.958 2.202
8916.0 2.202 1.909
8916.0 1.909 1.755
6732.0 1.755 1.774
4414.0 1.774 2.538
4250.0 2.538 3.045
5024.0 3.045 2.433
7960.0 2.433 1.902
11743.0 1.902 1.473
11863.0 1.473 1.26
8011.0 1.26 1.276
4287.0 1.276 1.845
4333.0 1.845 2.214
4879.0 2.214 2.657
8001.0 2.657 2.084
9216.0 2.084 1.844
8313.0 1.844 1.754
6793.0 1.754 1.756
4805.0 1.756 2.511
4267.0 2.511 3.013
4733.0 3.013 3.616
7107.0 3.616 2.588
11287.0 2.588 2.043
12091.0 2.043 1.718
10606.0 1.718 1.581
6526.0 1.581 1.643
4176.0 1.643 2.161
4288.0 2.161 2.594
6972.0 2.594 1.87
9801.0 1.87 1.588
10029.0 1.588 1.423
8713.0 1.423 1.361
5999.0 1.361 1.401
4246.0 1.401 2.027
4309.0 2.027 2.432
5833.0 2.432 1.865
9387.0 1.865 1.567
11925.0 1.567 1.281
10542.0 1.281 1.176
7260.0 1.176 1.195
4203.0 1.195 1.581
4707.0 1.581 1.897
6755.0 1.897 1.384
10365.0 1.384 1.129
11349.0 1.129 1.0
9735.0 1.0 1.0
5273.0 1.0 1.084
4231.0 1.084 1.412
5339.0 1.412 1.11
7588.0 1.11 1.002
9976.0 1.002 1.0
9572.0 1.0 1.0
6034.0 1.0 1.037
4176.0 1.037 1.474
4632.0 1.474 1.769
6798.0 1.769 1.288
9848.0 1.288 1.074
10088.0 1.074 1.0
7800.0 1.0 1.0
5737.0 1.0 1.027
4253.0 1.027 1.452
4843.0 1.452 1.743
7427.0 1.743 1.225
10669.0 1.225 1.005
11495.0 1.005 1.0
8793.0 1.0 1.0
4176.0 1.0 1.476
4476.0 1.476 1.771
5725.0 1.771 1.366
10131.0 1.366 1.108
11115.0 1.108 1.0
8803.0 1.0 1.0
4322.0 1.0 1.444
4857.0 1.444 1.732
6565.0 1.732 1.277
10085.0 1.277 1.056
10551.0 1.056 1.0
8153.0 1.0 1.0
6006.0 1.0 1.026
4176.0 1.026 1.452
4460.0 1.452 1.742
6790.0 1.742 1.269
10282.0 1.269 1.04
10998.0 1.04 1.0
8702.0 1.0 1.0
4408.0 1.0 1.459
4317.0 1.459 1.751
5332.0 1.751 1.378
9712.0 1.378 1.129
11308.0 1.129 1.0
10202.0 1.0 1.0
6076.0 1.0 1.06
4469.0 1.06 1.507
4749.0 1.507 1.808
5610.0 1.808 1.402
8026.0 1.402 1.249
7822.0 1.249 1.18
6304.0 1.18 1.183
5106.0 1.183 1.209
4214.0 1.209 1.695
4693.0 1.695 2.034
6764.0 2.034 1.483
10804.0 1.483 1.188
12182.0 1.188 1.0
10814.0 1.0 1.0
6352.0 1.0 1.063
4176.0 1.063 1.517
4521.0 1.517 1.821
6430.0 1.821 1.353
9416.0 1.353 1.149
9860.0 1.149 1.025
8180.0 1.025 1.0
6320.0 1.0 1.023
4425.0 1.023 1.478
4357.0 1.478 1.774
6287.0 1.774 1.328
9699.0 1.328 1.115
10919.0 1.115 1.0
9291.0 1.0 1.0
5249.0 1.0 1.077
4316.0 1.077 1.403
5466.0 1.403 1.096
8683.0 1.096 1.0
11831.0 1.0 1.0
10309.0 1.0 1.0
5931.0 1.0 1.071
4176.0 1.071 1.522
4870.0 1.522 1.826
7300.0 1.826 1.293
11238.0 1.293 1.026
11698.0 1.026 1.0
8832.0 1.0 1.0
4257.0 1.0 1.477
4531.0 1.477 1.772
6539.0 1.772 1.309
9941.0 1.309 1.089
10133.0 1.089 1.0
7559.0 1.0 1.0
5244.0 1.0 1.042
4176.0 1.042 1.464
5208.0 1.464 1.159
7754.0 1.159 1.0
10566.0 1.0 1.0
8624.0 1.0 1.0
4295.0 1.0 1.451
4674.0 1.451 1.741
7000.0 1.741 1.253
10568.0 1.253 1.027
10698.0 1.027 1.0
7274.0 1.0 1.024
4959.0 1.024 1.491
4205.0 1.491 1.945
5258.0 1.945 1.536
9004.0 1.536 1.307
10436.0 1.307 1.109
10114.0 1.109 1.0
7140.0 1.0 1.007
4912.0 1.007 1.47
4247.0 1.47 1.765
5222.0 1.765 1.396
9424.0 1.396 1.168
10678.0 1.168 1.0
8394.0 1.0 1.0
6247.0 1.0 1.036
4176.0 1.036 1.471
4433.0 1.471 1.766
6000.0 1.766 1.342
8948.0 1.342 1.154
9546.0 1.154 1.033
7846.0 1.033 1.011
5969.0 1.011 1.043
4223.0 1.043 1.475
4354.0 1.475 1.77
6774.0 1.77 1.29
11172.0 1.29 1.014
12862.0 1.014 1.0
10986.0 1.0 1.0
6104.0 1.0 1.075
4176.0 1.075 1.518
4513.0 1.518 1.821
6423.0 1.821 1.353
11343.0 1.353 1.045
12887.0 1.045 1.0
10997.0 1.0 1.0
6115.0 1.0 1.063
4176.0 1.063 1.52
4327.0 1.52 1.824
6162.0 1.824 1.375
10676.0 1.375 1.087
12244.0 1.087 1.0
10642.0 1.0 1.0
6180.0 1.0 1.07
4214.0 1.07 1.517
4585.0 1.517 1.821
6661.0 1.821 1.336
11493.0 1.336 1.021
12703.0 1.021 1.0
10103.0 1.0 1.0
5053.0 1.0 1.107
4263.0 1.107 1.44
5006.0 1.44 1.151
7790.0 1.151 1.0
9748.0 1.0 1.0
8226.0 1.0 1.0
6331.0 1.0 1.012
4436.0 1.012 1.441
4268.0 1.441 1.729
5631.0 1.729 1.34
9471.0 1.34 1.117
10891.0 1.117 1.0
9127.0 1.0 1.0
4833.0 1.0 1.482
4383.0 1.482 1.779
4817.0 1.779 2.135
8929.0 2.135 1.602
10330.0 1.602 1.368
10198.0 1.368 1.226
7926.0 1.226 1.214
4810.0 1.214 1.783
4365.0 1.783 2.14
4584.0 2.14 2.568
7608.0 2.568 1.786
10674.0 1.786 1.469
11019.0 1.469 1.283
9181.0 1.283 1.225
5753.0 1.225 1.302
4252.0 1.302 1.846
4231.0 1.846 2.215
5049.0 2.215 1.768
8257.0 1.768 1.546
10123.0 1.546 1.337
10283.0 1.337 1.191
8227.0 1.191 1.163
4789.0 1.163 1.714
4259.0 1.714 2.24
4455.0 2.24 2.688
7581.0 2.688 2.143
10167.0 2.143 1.801
10437.0 1.801 1.591
8043.0 1.591 1.575
5491.0 1.575 1.635
4176.0 1.635 2.297
5226.0 2.297 1.817
8204.0 1.817 1.593
9658.0 1.593 1.385
9388.0 1.385 1.269
7856.0 1.269 1.244
4542.0 1.244 1.8
4285.0 1.8 2.16
4811.0 2.16 2.591
7489.0 2.591 1.815
9556.0 1.815 1.563
8278.0 1.563 1.503
5950.0 1.503 1.543
4213.0 1.543 2.021
4451.0 2.021 2.425
8019.0 2.425 1.647
10674.0 1.647 1.389
9990.0 1.389 1.272
7574.0 1.272 1.276
4351.0 1.276 1.855
4514.0 1.855 2.226
5840.0 2.226 1.706
8834.0 1.706 1.465
9766.0 1.465 1.301
9324.0 1.301 1.199
7002.0 1.199 1.201
5419.0 1.201 1.231
4285.0 1.231 1.736
4353.0 1.736 2.083
6206.0 2.083 1.566
9770.0 1.566 1.302
10824.0 1.302 1.117
9610.0 1.117 1.038
6578.0 1.038 1.072
4323.0 1.072 1.535
4369.0 1.535 1.842
5418.0 1.842 1.443
9434.0 1.443 1.206
11166.0 1.206 1.022
9332.0 1.022 1.0
4820.0 1.0 1.486
4372.0 1.486 1.784
5082.0 1.784 1.421
8798.0 1.421 1.064
10266.0 1.064 1.0
8250.0 1.0 1.0
6271.0 1.0 1.014
4350.0 1.014 1.453
4703.0 1.453 1.744
6031.0 1.744 1.323
9699.0 1.323 1.1
10791.0 1.1 1.0
9047.0 1.0 1.0
4837.0 1.0 1.461
4431.0 1.461 1.754
5077.0 1.754 1.398
9051.0 1.398 1.176
10151.0 1.176 1.013
7969.0 1.013 1.0
6013.0 1.0 1.024
4176.0 1.024 1.45
4399.0 1.45 1.74
6974.0 1.74 1.255
10706.0 1.255 1.016
10850.0 1.016 1.0
7658.0 1.0 1.011
5259.0 1.011 1.076
4481.0 1.076 1.51
5284.0 1.51 1.191
7921.0 1.191 1.056
9775.0 1.056 1.0
7475.0 1.0 1.0
5328.0 1.0 1.041
4255.0 1.041 1.469
5377.0 1.469 1.153
8532.0 1.153 1.0
11186.0 1.0 1.0
9244.0 1.0 1.0
4614.0 1.0 1.474
4462.0 1.474 1.769
6125.0 1.769 1.336
9597.0 1.336 1.113
10053.0 1.113 1.0
7467.0 1.0 1.0
5320.0 1.0 1.044
4176.0 1.044 1.361
5771.0 1.361 1.047
8804.0 1.047 1.0
10304.0 1.0 1.0
8110.0 1.0 1.0
6215.0 1.0 1.014
4176.0 1.014 1.444
4648.0 1.444 1.733
6948.0 1.733 1.252
10472.0 1.252 1.024
11672.0 1.024 1.0
9288.0 1.0 1.0
4574.0 1.0 1.463
4256.0 1.463 1.755
4905.0 1.755 2.107
9141.0 2.107 1.336
11307.0 1.336 1.096
10507.0 1.096 1.0
7349.0 1.0 1.014
5034.0 1.014 1.082
4244.0 1.082 1.516
5758.0 1.516 1.167
10324.0 1.167 1.0
11304.0 1.0 1.0
8270.0 1.0 1.0
6123.0 1.0 1.022
4263.0 1.022 1.445
4887.0 1.445 1.734
7441.0 1.734 1.218
9543.0 1.218 1.053
8439.0 1.053 1.003
5249.0 1.003 1.047
4560.0 1.047 1.47
6403.0 1.47 1.094
10283.0 1.094 1.0
10541.0 1.0 1.0
7339.0 1.0 1.017
5108.0 1.017 1.079
4249.0 1.079 1.513
5384.0 1.513 1.187
8200.0 1.187 1.042
10600.0 1.042 1.0
9430.0 1.0 1.0
5472.0 1.0 1.069
4314.0 1.069 1.506
4643.0 1.506 1.807
6846.0 1.807 1.312
10266.0 1.312 1.081
10916.0 1.081 1.0
8734.0 1.0 1.0
4440.0 1.0 1.474
4337.0 1.474 1.769
5578.0 1.769 1.374
9300.0 1.374 1.153
10362.0 1.153 1.004
8896.0 1.004 1.0
4838.0 1.0 1.477
4325.0 1.477 1.772
4904.0 1.772 2.126
9062.0 2.126 1.355
10919.0 1.355 1.142
10467.0 1.142 1.02
7773.0 1.02 1.02
5622.0 1.02 1.052
4313.0 1.052 1.486
5045.0 1.486 1.186
7089.0 1.186 1.089
9207.0 1.089 1.0
9059.0 1.0 1.0
5437.0 1.0 1.048
4254.0 1.048 1.475
5302.0 1.475 1.162
8228.0 1.162 1.018
11418.0 1.018 1.0
10286.0 1.0 1.0
6244.0 1.0 1.054
4211.0 1.054 1.526
4382.0 1.526 1.832
5651.0 1.832 1.418
9783.0 1.418 1.173
11305.0 1.173 1.0
10001.0 1.0 1.0
5455.0 1.0 1.083
4181.0 1.083 1.528
5786.0 1.528 1.174
10018.0 1.174 1.0
11004.0 1.0 1.0
8558.0 1.0 1.0
4176.0 1.0 1.448
4176.0 1.448 1.738
6492.0 1.738 1.287
10212.0 1.287 1.06
11194.0 1.06 1.0
8946.0 1.0 1.0
4484.0 1.0 1.479
4447.0 1.479 1.775
5455.0 1.775 1.387
9459.0 1.387 1.152
10807.0 1.152 1.0
9839.0 1.0 1.0
5797.0 1.0 1.064
4229.0 1.064 1.506
4980.0 1.506 1.808
7269.0 1.808 1.282
11111.0 1.282 1.026
11963.0 1.026 1.0
9357.0 1.0 1.0
4475.0 1.0 1.457
4344.0 1.457 1.749
5268.0 1.749 1.38
9132.0 1.38 1.156
10080.0 1.156 1.001
7650.0 1.001 1.0
5347.0 1.0 1.054
4203.0 1.054 1.483
5232.0 1.483 1.173
8105.0 1.173 1.034
11171.0 1.034 1.0
9201.0 1.0 1.0
4739.0 1.0 1.483
4341.0 1.483 1.78
5701.0 1.78 1.374
9647.0 1.374 1.133
11125.0 1.133 1.0
9741.0 1.0 1.0
5447.0 1.0 1.063
4220.0 1.063 1.498
4329.0 1.498 1.797
6668.0 1.797 1.318
10624.0 1.318 1.066
11664.0 1.066 1.0
9844.0 1.0 1.0
5298.0 1.0 1.085
4248.0 1.085 1.526
5078.0 1.526 1.216
7860.0 1.216 1.0
11862.0 1.0 1.0
11264.0 1.0 1.0
7222.0 1.0 1.036
4571.0 1.036 1.495
4280.0 1.495 1.794
5182.0 1.794 1.422
9794.0 1.422 1.154
12280.0 1.154 1.0
11414.0 1.0 1.0
7372.0 1.0 1.035
4721.0 1.035 1.502
4176.0 1.502 1.953
5606.0 1.953 1.515
8882.0 1.515 1.295
10076.0 1.295 1.119
8454.0 1.119 1.075
5122.0 1.075 1.128
4248.0 1.128 1.582
5326.0 1.582 1.245
7716.0 1.245 1.114
11538.0 1.114 1.0
10822.0 1.0 1.0
6948.0 1.0 1.026
4633.0 1.026 1.501
4434.0 1.501 1.801
5946.0 1.801 1.373
10342.0 1.373 1.102
11810.0 1.102 1.0
9748.0 1.0 1.0
5118.0 1.0 1.079
4211.0 1.079 1.404
5393.0 1.404 1.101
8281.0 1.101 1.0
10665.0 1.0 1.0
9059.0 1.0 1.0
4933.0 1.0 1.48
4416.0 1.48 1.776
5261.0 1.776 1.402
9357.0 1.402 1.164
11171.0 1.164 1.0
10263.0 1.0 1.0
6473.0 1.0 1.046
4176.0 1.046 1.495
4444.0 1.495 1.794
5932.0 1.794 1.368
9532.0 1.368 1.141
10118.0 1.141 1.011
7496.0 1.011 1.004
5357.0 1.004 1.04
4208.0 1.04 1.464
5813.0 1.464 1.123
10481.0 1.123 1.0
11735.0 1.0 1.0
9289.0 1.0 1.0
4491.0 1.0 1.485
4373.0 1.485 1.782
5489.0 1.782 1.391
8693.0 1.391 1.195
9735.0 1.195 1.057
8359.0 1.057 1.015
4975.0 1.015 1.489
4312.0 1.489 1.786
5022.0 1.786 1.428
9846.0 1.428 1.166
12040.0 1.166 1.0
11248.0 1.0 1.0
7122.0 1.0 1.041
4471.0 1.041 1.501
4235.0 1.501 1.801
5916.0 1.801 1.375
10650.0 1.375 1.099
12560.0 1.099 1.0
10790.0 1.0 1.0
5992.0 1.0 1.076
4185.0 1.076 1.529
4598.0 1.529 1.835
6549.0 1.835 1.354
9857.0 1.354 1.131
10903.0 1.131 1.0
9231.0 1.0 1.0
5021.0 1.0 1.083
4283.0 1.083 1.519
5857.0 1.519 1.163
10359.0 1.163 1.0
11291.0 1.0 1.0
8677.0 1.0 1.0
4277.0 1.0 1.452
4569.0 1.452 1.742
6731.0 1.742 1.273
10391.0 1.273 1.038
11319.0 1.038 1.0
8819.0 1.0 1.0
4357.0 1.0 1.48
4221.0 1.48 1.776
5149.0 1.776 1.41
8823.0 1.41 1.055
10029.0 1.055 1.0
7967.0 1.0 1.0
5904.0 1.0 1.024
4307.0 1.024 1.452
5114.0 1.452 1.155
8118.0 1.155 1.013
10966.0 1.013 1.0
9080.0 1.0 1.0
4618.0 1.0 1.461
4427.0 1.461 1.753
5953.0 1.753 1.336
10093.0 1.336 1.09
11725.0 1.09 1.0
10003.0 1.0 1.0
5625.0 1.0 1.056
4239.0 1.056 1.492
5446.0 1.492 1.167
8016.0 1.167 1.034
11514.0 1.034 1.0
10212.0 1.0 1.0
6170.0 1.0 1.06
4186.0 1.06 1.533
5313.0 1.533 1.207
7615.0 1.207 1.086
10001.0 1.086 1.0
8981.0 1.0 1.0
5443.0 1.0 1.045
4176.0 1.045 1.473
4929.0 1.473 1.768
7426.0 1.768 1.243
10552.0 1.243 1.025
10814.0 1.025 1.0
8020.0 1.0 1.0
5873.0 1.0 1.025
4229.0 1.025 1.452
4359.0 1.452 1.743
6355.0 1.743 1.3
9597.0 1.3 1.093
10459.0 1.093 1.0
8101.0 1.0 1.0
6122.0 1.0 1.018
4176.0 1.018 1.448
4504.0 1.448 1.738
6230.0 1.738 1.305
9948.0 1.305 1.078
10690.0 1.078 1.0
8456.0 1.0 1.0
4176.0 1.0 1.469
4791.0 1.469 1.763
7021.0 1.763 1.268
9283.0 1.268 1.1
9063.0 1.1 1.014
6889.0 1.014 1.019
4941.0 1.019 1.463
4176.0 1.463 1.756
5269.0 1.756 1.386
9169.0 1.386 1.173
10079.0 1.173 1.014
8611.0 1.014 1.0
4715.0 1.0 1.449
4348.0 1.449 1.739
6077.0 1.739 1.316
8287.0 1.316 1.161
8973.0 1.161 1.054
7441.0 1.054 1.034
5892.0 1.034 1.049
4374.0 1.049 1.486
5251.0 1.486 1.174
7714.0 1.174 1.05
9784.0 1.05 1.0
8470.0 1.0 1.0
4764.0 1.0 1.453
4283.0 1.453 1.744
6031.0 1.744 1.323
9281.0 1.323 1.123
9955.0 1.123 1.0
7757.0 1.0 1.0
5694.0 1.0 1.029
4176.0 1.029 1.457
5105.0 1.457 1.16
7456.0 1.16 1.0
9602.0 1.0 1.0
8500.0 1.0 1.0
4794.0 1.0 1.452
4398.0 1.452 1.743
5805.0 1.743 1.338
9971.0 1.338 1.09
10869.0 1.09 1.0
8647.0 1.0 1.0
4185.0 1.0 1.476
4639.0 1.476 1.771
6812.0 1.771 1.289
10462.0 1.289 1.043
11042.0 1.043 1.0
8370.0 1.0 1.0
6223.0 1.0 1.031
4176.0 1.031 1.495
4315.0 1.495 1.794
5974.0 1.794 1.366
9830.0 1.366 1.125
11150.0 1.125 1.0
9746.0 1.0 1.0
5620.0 1.0 1.073
4176.0 1.073 1.52
4934.0 1.52 1.823
7187.0 1.823 1.299
10523.0 1.299 1.063
11211.0 1.063 1.0
8763.0 1.0 1.0
4301.0 1.0 1.48
4223.0 1.48 1.776
5250.0 1.776 1.403
8838.0 1.403 1.206
10402.0 1.206 1.038
9576.0 1.038 1.0
5906.0 1.0 1.059
4215.0 1.059 1.505
4567.0 1.505 1.806
6765.0 1.806 1.317
9841.0 1.317 1.104
10537.0 1.104 1.0
8423.0 1.0 1.0
6444.0 1.0 1.011
4332.0 1.011 1.443
4404.0 1.443 1.732
5942.0 1.732 1.32
10130.0 1.32 1.072
11612.0 1.072 1.0
10136.0 1.0 1.0
5758.0 1.0 1.074
4181.0 1.074 1.542
4713.0 1.542 1.85
6710.0 1.85 1.354
10348.0 1.354 1.106
11474.0 1.106 1.0
9554.0 1.0 1.0
5176.0 1.0 1.085
4176.0 1.085 1.523
5574.0 1.523 1.184
10108.0 1.184 1.0
11374.0 1.0 1.0
8592.0 1.0 1.0
4196.0 1.0 1.472
4839.0 1.472 1.766
7080.0 1.766 1.266
9442.0 1.266 1.085
9368.0 1.085 1.0
7074.0 1.0 1.001
5263.0 1.001 1.034
4230.0 1.034 1.454
5926.0 1.454 1.11
9934.0 1.11 1.0
9408.0 1.0 1.0
5702.0 1.0 1.044
4234.0 1.044 1.364
5033.0 1.364 1.09
7746.0 1.09 1.0
9906.0 1.0 1.0
9560.0 1.0 1.0
6190.0 1.0 1.031
4176.0 1.031 1.469
4978.0 1.469 1.763
7208.0 1.763 1.255
9720.0 1.255 1.072
9356.0 1.072 1.0
6874.0 1.0 1.012
4979.0 1.012 1.455
4327.0 1.455 1.746
5326.0 1.746 1.374
9594.0 1.374 1.0
11160.0 1.0 1.0
9134.0 1.0 1.0
4924.0 1.0 1.464
4176.0 1.464 1.91
5210.0 1.91 1.512
8882.0 1.512 1.287
10140.0 1.287 1.108
9276.0 1.108 1.028
6206.0 1.028 1.054
4362.0 1.054 1.501
4389.0 1.501 1.801
6068.0 1.801 1.364
9538.0 1.364 1.141
9916.0 1.141 1.019
7372.0 1.019 1.024
5046.0 1.024 1.07
4198.0 1.07 1.392
5553.0 1.392 1.083
8640.0 1.083 1.0
11264.0 1.0 1.0
9574.0 1.0 1.0
5364.0 1.0 1.079
4207.0 1.079 1.522
5400.0 1.522 1.193
8166.0 1.193 1.05
11394.0 1.05 1.0
10342.0 1.0 1.0
6468.0 1.0 1.048
4178.0 1.048 1.498
4437.0 1.498 1.797
6104.0 1.797 1.358
10396.0 1.358 1.092
11818.0 1.092 1.0
10374.0 1.0 1.0
5996.0 1.0 1.066
4264.0 1.066 1.513
4650.0 1.513 1.816
6627.0 1.816 1.334
10343.0 1.334 1.09
10869.0 1.09 1.0
7805.0 1.0 1.004
5490.0 1.004 1.042
4176.0 1.042 1.47
5070.0 1.47 1.172
7891.0 1.172 1.0
10775.0 1.0 1.0
9757.0 1.0 1.0
5967.0 1.0 1.039
4314.0 1.039 1.474
4937.0 1.474 1.769
7607.0 1.769 1.41
10825.0 1.41 1.15
11357.0 1.15 1.0
9353.0 1.0 1.0
5143.0 1.0 1.066
4213.0 1.066 1.511
5078.0 1.511 1.204
8309.0 1.204 1.0
11249.0 1.0 1.0
10315.0 1.0 1.0
6189.0 1.0 1.058
4176.0 1.058 1.507
4378.0 1.507 1.808
5743.0 1.808 1.393
9333.0 1.393 1.171
10221.0 1.171 1.028
8063.0 1.028 1.009
5896.0 1.009 1.036
4176.0 1.036 1.47
5114.0 1.47 1.169
8019.0 1.169 1.0
11377.0 1.0 1.0
10695.0 1.0 1.0
6737.0 1.0 1.027
4338.0 1.027 1.496
4490.0 1.496 1.795
6318.0 1.795 1.341
9924.0 1.341 1.11
11524.0 1.11 1.0
10074.0 1.0 1.0
5780.0 1.0 1.07
4418.0 1.07 1.515
4828.0 1.515 1.818
6895.0 1.818 1.316
9865.0 1.316 1.108
9883.0 1.108 1.0
6977.0 1.0 1.018
4830.0 1.018 1.466
4318.0 1.466 1.759
5671.0 1.759 1.36
10011.0 1.36 1.104
11783.0 1.104 1.0
10675.0 1.0 1.0
6381.0 1.0 1.06
4176.0 1.06 1.516
4337.0 1.516 1.82
5823.0 1.82 1.396
9727.0 1.396 1.15
11233.0 1.15 1.0
9987.0 1.0 1.0
5693.0 1.0 1.073
4176.0 1.073 1.51
4806.0 1.51 1.812
7108.0 1.812 1.297
10806.0 1.297 1.047
11976.0 1.047 1.0
9782.0 1.0 1.0
5152.0 1.0 1.089
4321.0 1.089 1.527
5542.0 1.527 1.188
9680.0 1.188 1.0
10834.0 1.0 1.0
8304.0 1.0 1.0
6241.0 1.0 1.017
4209.0 1.017 1.451
4359.0 1.451 1.741
5846.0 1.741 1.334
9332.0 1.334 1.122
9604.0 1.122 1.012
7066.0 1.012 1.024
5099.0 1.024 1.063
4249.0 1.063 1.382
5875.0 1.382 1.057
9088.0 1.057 1.0
11760.0 1.0 1.0
9986.0 1.0 1.0
5608.0 1.0 1.068
4239.0 1.068 1.504
4914.0 1.504 1.805
7529.0 1.805 1.261
10935.0 1.261 1.015
11903.0 1.015 1.0
9293.0 1.0 1.0
4411.0 1.0 1.464
4380.0 1.464 1.757
5500.0 1.757 1.371
9746.0 1.371 1.127
11196.0 1.127 1.0
9896.0 1.0 1.0
5602.0 1.0 1.053
4235.0 1.053 1.488
4601.0 1.488 1.786
6569.0 1.786 1.317
9793.0 1.317 1.103
10403.0 1.103 1.0
8437.0 1.0 1.0
6542.0 1.0 1.02
4395.0 1.02 1.473
4237.0 1.473 1.917
5591.0 1.917 1.488
9293.0 1.488 1.253
10791.0 1.253 1.057
10077.0 1.057 1.0
6939.0 1.0 1.015
4708.0 1.015 1.462
4622.0 1.462 1.755
6237.0 1.755 1.317
10973.0 1.317 1.029
12843.0 1.029 1.0
10959.0 1.0 1.0
6077.0 1.0 1.068
4193.0 1.068 1.4
5003.0 1.4 1.12
7620.0 1.12 1.0
9582.0 1.0 1.0
7388.0 1.0 1.0
5409.0 1.0 1.031
4272.0 1.031 1.453
5081.0 1.453 1.158
7836.0 1.158 1.0
11304.0 1.0 1.0
10454.0 1.0 1.0
6412.0 1.0 1.051
4250.0 1.051 1.501
4771.0 1.501 1.801
7122.0 1.801 1.288
9416.0 1.288 1.113
8392.0 1.113 1.061
5648.0 1.061 1.105
4218.0 1.105 1.562
5314.0 1.562 1.23
8055.0 1.23 1.086
11625.0 1.086 1.0
10181.0 1.0 1.0
5971.0 1.0 1.066
4176.0 1.066 1.537
5050.0 1.537 1.227
7534.0 1.227 1.0
10560.0 1.0 1.0
10046.0 1.0 1.0
6172.0 1.0 1.054
4176.0 1.054 1.524
4619.0 1.524 1.829
6468.0 1.829 1.356
10250.0 1.356 1.107
11648.0 1.107 1.0
9826.0 1.0 1.0
5364.0 1.0 1.06
4203.0 1.06 1.496
5239.0 1.496 1.182
8075.0 1.182 1.042
11507.0 1.042 1.0
9989.0 1.0 1.0
5695.0 1.0 1.073
4205.0 1.073 1.517
4875.0 1.517 1.821
7287.0 1.821 1.29
10523.0 1.29 1.073
10193.0 1.073 1.0
7305.0 1.0 1.014
5158.0 1.014 1.074
4270.0 1.074 1.507
6146.0 1.507 1.136
11312.0 1.136 1.0
11816.0 1.0 1.0
8446.0 1.0 1.0
6047.0 1.0 1.053
4176.0 1.053 1.523
4257.0 1.523 1.827
6353.0 1.827 1.363
10127.0 1.363 1.116
10667.0 1.116 1.0
7791.0 1.0 1.003
5308.0 1.003 1.049
4198.0 1.049 1.367
5379.0 1.367 1.072
8605.0 1.072 1.0
11079.0 1.0 1.0
9557.0 1.0 1.0
5347.0 1.0 1.057
4197.0 1.057 1.488
5310.0 1.488 1.172
7865.0 1.172 1.044
11341.0 1.044 1.0
10271.0 1.0 1.0
6313.0 1.0 1.048
4207.0 1.048 1.525
4228.0 1.525 1.829
5575.0 1.829 1.421
9781.0 1.421 1.171
11419.0 1.171 1.0
10175.0 1.0 1.0
6217.0 1.0 1.058
4176.0 1.058 1.5
4439.0 1.5 1.8
6368.0 1.8 1.342
10506.0 1.342 1.093
11520.0 1.093 1.0
9084.0 1.0 1.0
4182.0 1.0 1.484
4345.0 1.484 1.78
6044.0 1.78 1.35
11508.0 1.35 1.025
14282.0 1.025 1.0
12160.0 1.0 1.0
7026.0 1.0 1.061
4255.0 1.061 1.527
4259.0 1.527 1.833
5282.0 1.833 1.445
8244.0 1.445 1.271
8904.0 1.271 1.15
7538.0 1.15 1.126
4860.0 1.126 1.62
4264.0 1.62 1.943
5180.0 1.943 1.541
9340.0 1.541 1.278
12068.0 1.278 1.033
11702.0 1.033 1.0
8038.0 1.0 1.011
5387.0 1.011 1.079
4375.0 1.079 1.519
5171.0 1.519 1.205
7925.0 1.205 1.0
12883.0 1.0 1.0
12537.0 1.0 1.0
8075.0 1.0 1.027
5172.0 1.027 1.084
4339.0 1.084 1.522
5388.0 1.522 1.194
7567.0 1.194 1.076
9127.0 1.076 1.0
6785.0 1.0 1.003
4890.0 1.003 1.451
4370.0 1.451 1.741
6023.0 1.741 1.321
10429.0 1.321 1.067
12007.0 1.067 1.0
10197.0 1.0 1.0
5483.0 1.0 1.064
4252.0 1.064 1.504
5133.0 1.504 1.195
7916.0 1.195 1.0
12176.0 1.0 1.0
10738.0 1.0 1.0
6276.0 1.0 1.065
4221.0 1.065 1.52
4473.0 1.52 1.824
5887.0 1.824 1.394
8719.0 1.394 1.205
8783.0 1.205 1.119
6523.0 1.119 1.137
4939.0 1.137 1.64
4190.0 1.64 2.134
5339.0 2.134 1.679
9603.0 1.679 1.391
12055.0 1.391 1.124
12423.0 1.124 1.0
9993.0 1.0 1.0
4691.0 1.0 1.502
4176.0 1.502 1.953
4657.0 1.953 2.344
8103.0 2.344 1.822
10059.0 1.822 1.568
8748.0 1.568 1.488
6206.0 1.488 1.535
4186.0 1.535 2.18
4599.0 2.18 2.616
7685.0 2.616 1.812
11102.0 1.812 1.463
11393.0 1.463 1.268
9927.0 1.268 1.183
6345.0 1.183 1.244
4247.0 1.244 1.779
4183.0 1.779 2.315
5000.0 2.315 1.852
8034.0 1.852 1.631
10670.0 1.631 1.349
10256.0 1.349 1.219
8066.0 1.219 1.207
4366.0 1.207 1.775
4176.0 1.775 2.13
5548.0 2.13 1.657
9208.0 1.657 1.392
10436.0 1.392 1.183
10398.0 1.183 1.053
8048.0 1.053 1.043
4246.0 1.043 1.502
4629.0 1.502 1.802
7153.0 1.802 1.287
11053.0 1.287 1.028
12035.0 1.028 1.0
9887.0 1.0 1.0
5257.0 1.0 1.066
4229.0 1.066 1.497
5006.0 1.497 1.198
7681.0 1.198 1.0
11297.0 1.0 1.0
10531.0 1.0 1.0
6573.0 1.0 1.048
4176.0 1.048 1.503
4417.0 1.503 1.803
6103.0 1.803 1.363
10173.0 1.363 1.109
11049.0 1.109 1.0
8409.0 1.0 1.0
6010.0 1.0 1.036
4198.0 1.036 1.358
4865.0 1.358 1.629
7546.0 1.629 1.137
11540.0 1.137 1.0
12392.0 1.0 1.0
9274.0 1.0 1.0
4224.0 1.0 1.461
4368.0 1.461 1.753
6062.0 1.753 1.328
9782.0 1.328 1.103
11426.0 1.103 1.0
9800.0 1.0 1.0
5422.0 1.0 1.078
4270.0 1.078 1.518
5240.0 1.518 1.2
7571.0 1.2 1.0
11465.0 1.0 1.0
9523.0 1.0 1.0
4893.0 1.0 1.492
4322.0 1.492 1.94
5049.0 1.94 1.548
8605.0 1.548 1.336
9705.0 1.336 1.17
8817.0 1.17 1.101
5887.0 1.101 1.133
4229.0 1.133 1.608
4263.0 1.608 1.93
5562.0 1.93 1.501
9912.0 1.501 1.221
11252.0 1.221 1.013
10516.0 1.013 1.0
6938.0 1.0 1.029
4455.0 1.029 1.484
4281.0 1.484 1.781
4902.0 1.781 2.138
8606.0 2.138 1.634
9686.0 1.634 1.443
8922.0 1.443 1.355
6374.0 1.355 1.397
4212.0 1.397 1.981
4887.0 1.981 2.377
9293.0 2.377 1.745
11483.0 1.745 1.448
11408.0 1.448 1.263
9402.0 1.263 1.212
5604.0 1.212 1.303
4218.0 1.303 1.848
4400.0 1.848 2.218
5038.0 2.218 1.771
8594.0 1.771 1.524
10562.0 1.524 1.288
10652.0 1.288 1.134
8872.0 1.134 1.088
5314.0 1.088 1.165
4176.0 1.165 1.639
4910.0 1.639 1.967
7234.0 1.967 1.398
10910.0 1.398 1.124
12014.0 1.124 1.0
10500.0 1.0 1.0
6038.0 1.0 1.07
4176.0 1.07 1.522
4552.0 1.522 1.827
6311.0 1.827 1.365
10503.0 1.365 1.097
11991.0 1.097 1.0
10451.0 1.0 1.0
5905.0 1.0 1.075
4225.0 1.075 1.529
4813.0 1.529 1.835
6849.0 1.835 1.332
10327.0 1.332 1.096
10665.0 1.096 1.0
8181.0 1.0 1.0
6118.0 1.0 1.036
4204.0 1.036 1.473
4866.0 1.473 1.768
7196.0 1.768 1.259
10660.0 1.259 1.026
11184.0 1.026 1.0
8412.0 1.0 1.0
6349.0 1.0 1.022
4176.0 1.022 1.485
4229.0 1.485 1.782
6101.0 1.782 1.347
10229.0 1.347 1.09
11465.0 1.09 1.0
9405.0 1.0 1.0
4859.0 1.0 1.492
4176.0 1.492 1.791
5243.0 1.791 1.415
9671.0 1.415 1.16
11595.0 1.16 1.0
10643.0 1.0 1.0
6601.0 1.0 1.048
4252.0 1.048 1.5
4248.0 1.5 1.8
6177.0 1.8 1.355
10315.0 1.355 1.096
12129.0 1.096 1.0
10495.0 1.0 1.0
6033.0 1.0 1.072
4285.0 1.072 1.529
4679.0 1.529 1.835
7050.0 1.835 1.317
10106.0 1.317 1.098
9882.0 1.098 1.0
7174.0 1.0 1.013
5027.0 1.013 1.057
4200.0 1.057 1.375
5794.0 1.375 1.056
9057.0 1.056 1.0
12379.0 1.0 1.0
10773.0 1.0 1.0
6311.0 1.0 1.065
4176.0 1.065 1.52
4288.0 1.52 1.824
5366.0 1.824 1.432
8788.0 1.432 1.234
9762.0 1.234 1.097
8004.0 1.097 1.069
4358.0 1.069 1.56
4812.0 1.56 1.872
7462.0 1.872 1.314
11544.0 1.314 1.031
12626.0 1.031 1.0
10014.0 1.0 1.0
4712.0 1.0 1.503
4331.0 1.503 1.804
5336.0 1.804 1.419
8738.0 1.419 1.212
9682.0 1.212 1.061
7836.0 1.061 1.039
6172.0 1.039 1.062
4256.0 1.062 1.514
4345.0 1.514 1.816
5820.0 1.816 1.393
10378.0 1.393 1.112
12198.0 1.112 1.0
10196.0 1.0 1.0
5230.0 1.0 1.075
4183.0 1.075 1.514
5494.0 1.514 1.181
7811.0 1.181 1.055
9891.0 1.055 1.0
8233.0 1.0 1.0
6338.0 1.0 1.023
4275.0 1.023 1.477
4706.0 1.477 1.772
6294.0 1.772 1.326
10284.0 1.326 1.077
11486.0 1.077 1.0
9666.0 1.0 1.0
5204.0 1.0 1.086
4274.0 1.086 1.414
6393.0 1.414 1.053
11751.0 1.053 1.0
11997.0 1.0 1.0
8459.0 1.0 1.003
4237.0 1.003 1.45
4900.0 1.45 1.74
7557.0 1.74 1.214
10531.0 1.214 1.0
10473.0 1.0 1.0
7187.0 1.0 1.021
4788.0 1.021 1.494
4329.0 1.494 1.793
5208.0 1.793 1.42
10150.0 1.42 1.132
11856.0 1.132 1.0
10038.0 1.0 1.0
5408.0 1.0 1.085
4300.0 1.085 1.415
5608.0 1.415 1.098
8543.0 1.098 1.0
10625.0 1.0 1.0
8263.0 1.0 1.0
6284.0 1.0 1.019
4176.0 1.019 1.444
4648.0 1.444 1.733
7115.0 1.733 1.24
11311.0 1.24 1.0
12469.0 1.0 1.0
9687.0 1.0 1.0
4637.0 1.0 1.475
4216.0 1.475 1.77
4957.0 1.77 2.124
8769.0 2.124 1.593
9942.0 1.593 1.402
8830.0 1.402 1.326
6188.0 1.326 1.354
4607.0 1.354 1.959
4211.0 1.959 2.351
4520.0 2.351 2.821
8170.0 2.821 1.899
11284.0 1.899 1.528
11884.0 1.528 1.297
9415.0 1.297 1.248
5717.0 1.248 1.311
4176.0 1.311 1.865
4427.0 1.865 2.238
5275.0 2.238 1.766
8481.0 1.766 1.536
10507.0 1.536 1.301
9753.0 1.301 1.192
6849.0 1.192 1.217
4969.0 1.217 1.752
4176.0 1.752 2.102
4372.0 2.102 2.522
7506.0 2.522 2.019
10227.0 2.019 1.704
10023.0 1.704 1.54
7167.0 1.54 1.56
4597.0 1.56 2.277
4236.0 2.277 2.732
5155.0 2.732 2.169
8045.0 2.169 1.913
10724.0 1.913 1.595
10328.0 1.595 1.439
8134.0 1.439 1.412
5214.0 1.412 1.48
4182.0 1.48 2.085
4248.0 2.085 2.502
7570.0 2.502 1.745
11134.0 1.745 1.404
10384.0 1.404 1.273
7592.0 1.273 1.284
4305.0 1.284 1.879
4408.0 1.879 2.255
5541.0 2.255 1.755
9473.0 1.755 1.469
11355.0 1.469 1.209
11451.0 1.209 1.045
9317.0 1.045 1.002
4997.0 1.002 1.468
4259.0 1.468 1.91
4824.0 1.91 2.291
8660.0 2.291 1.734
10454.0 1.734 1.471
8780.0 1.471 1.41
5866.0 1.41 1.458
4331.0 1.458 2.078
4257.0 2.078 2.71
5767.0 2.71 2.085
8439.0 2.085 1.828
9894.0 1.828 1.606
8802.0 1.606 1.523
6596.0 1.523 1.553
4332.0 1.553 2.213
4220.0 2.213 2.656
6584.0 2.656 1.957
10316.0 1.957 1.607
11561.0 1.607 1.352
9566.0 1.352 1.282
6482.0 1.282 1.337
4260.0 1.337 1.95
4176.0 1.95 2.538
4588.0 2.538 3.046
6248.0 3.046 2.285
9269.0 2.285 1.94
10190.0 1.94 1.696
8804.0 1.696 1.613
6908.0 1.613 1.614
4584.0 1.614 2.334
4318.0 2.334 3.036
6068.0 3.036 2.299
8810.0 2.299 1.984
9632.0 1.984 1.742
8369.0 1.742 1.67
6567.0 1.67 1.684
4245.0 1.684 2.399
4253.0 2.399 2.879
5575.0 2.879 2.237
8443.0 2.237 1.951
11395.0 1.951 1.603
11596.0 1.603 1.38
8719.0 1.38 1.358
5293.0 1.358 1.425
4228.0 1.425 2.012
4367.0 2.012 2.415
6471.0 2.415 1.79
9219.0 1.79 1.524
10195.0 1.524 1.313
9693.0 1.313 1.202
7493.0 1.202 1.201
4176.0 1.201 1.726
4299.0 1.726 2.071
5452.0 2.071 1.619
9642.0 1.619 1.341
11976.0 1.341 1.086
11976.0 1.086 1.0
8690.0 1.0 1.0
4199.0 1.0 1.449
5161.0 1.449 1.15
7899.0 1.15 1.021
10679.0 1.021 1.0
9343.0 1.0 1.0
5385.0 1.0 1.056
4330.0 1.056 1.377
5820.0 1.377 1.056
8923.0 1.056 1.0
12413.0 1.0 1.0
10639.0 1.0 1.0
6093.0 1.0 1.069
4279.0 1.069 1.521
4555.0 1.521 1.825
6559.0 1.825 1.346
11243.0 1.346 1.05
13139.0 1.05 1.0
11325.0 1.0 1.0
6359.0 1.0 1.073
4230.0 1.073 1.534
4578.0 1.534 1.84
6210.0 1.84 1.383
10638.0 1.383 1.104
12452.0 1.104 1.0
11012.0 1.0 1.0
6298.0 1.0 1.069
4239.0 1.069 1.553
4608.0 1.553 1.864
6645.0 1.864 1.368
9759.0 1.368 1.148
10767.0 1.148 1.0
9069.0 1.0 1.0
4859.0 1.0 1.458
4453.0 1.458 1.75
5799.0 1.75 1.344
10507.0 1.344 1.064
12549.0 1.064 1.0
11037.0 1.0 1.0
6743.0 1.0 1.053
4176.0 1.053 1.513
4774.0 1.513 1.815
6666.0 1.815 1.331
11218.0 1.331 1.054
12386.0 1.054 1.0
9798.0 1.0 1.0
5000.0 1.0 1.099
4176.0 1.099 1.428
5141.0 1.428 1.135
7963.0 1.135 1.0
10377.0 1.0 1.0
8855.0 1.0 1.0
4897.0 1.0 1.476
4473.0 1.476 1.772
5471.0 1.772 1.384
10215.0 1.384 1.107
11531.0 1.107 1.0
9793.0 1.0 1.0
5247.0 1.0 1.086
4357.0 1.086 1.543
5227.0 1.543 1.22
7900.0 1.22 1.0
10184.0 1.0 1.0
9334.0 1.0 1.0
5544.0 1.0 1.065
4309.0 1.065 1.502
5145.0 1.502 1.193
7754.0 1.193 1.066
9470.0 1.066 1.0
8066.0 1.0 1.0
6339.0 1.0 1.02
4612.0 1.02 1.456
4359.0 1.456 1.747
5697.0 1.747 1.349
9719.0 1.349 1.115
10467.0 1.115 1.0
7487.0 1.0 1.008
4836.0 1.008 1.458
4373.0 1.458 1.75
5468.0 1.75 1.367
9926.0 1.367 1.107
11932.0 1.107 1.0
9772.0 1.0 1.0
5142.0 1.0 1.092
4253.0 1.092 1.534
5169.0 1.534 1.217
7811.0 1.217 1.0
10141.0 1.0 1.0
9123.0 1.0 1.0
4997.0 1.0 1.482
4370.0 1.482 1.778
4614.0 1.778 2.133
6583.0 2.133 1.572
9837.0 1.572 1.304
10595.0 1.304 1.134
8393.0 1.134 1.109
4417.0 1.109 1.614
4241.0 1.614 1.936
5104.0 1.936 1.541
8560.0 1.541 1.332
10030.0 1.332 1.151
9612.0 1.151 1.055
6942.0 1.055 1.07
4980.0 1.07 1.548
4176.0 1.548 2.016
4875.0 2.016 2.42
8761.0 2.42 1.836
10216.0 1.836 1.594
8509.0 1.594 1.533
6061.0 1.533 1.593
4313.0 1.593 2.252
4523.0 2.252 2.702
6933.0 2.702 1.953
10239.0 1.953 1.609
11040.0 1.609 1.396
8811.0 1.396 1.351
5863.0 1.351 1.423
4176.0 1.423 2.024
4176.0 2.024 2.428
6363.0 2.428 1.81
9571.0 1.81 1.525
10693.0 1.525 1.318
9105.0 1.318 1.254
5775.0 1.254 1.306
4322.0 1.306 1.884
4277.0 1.884 2.26
5169.0 2.26 1.793
8279.0 1.793 1.562
9273.0 1.562 1.385
9127.0 1.385 1.274
7343.0 1.274 1.266
4331.0 1.266 1.816
4260.0 1.816 2.179
5152.0 2.179 1.73
9158.0 1.73 1.272
11740.0 1.272 1.027
12064.0 1.027 1.0
8968.0 1.0 1.0
4215.0 1.0 1.455
4476.0 1.455 1.746
5895.0 1.746 1.334
9743.0 1.334 1.109
10437.0 1.109 1.0
7885.0 1.0 1.0
5654.0 1.0 1.031
4264.0 1.031 1.457
5456.0 1.457 1.139
8142.0 1.139 1.005
10950.0 1.005 1.0
9348.0 1.0 1.0
4970.0 1.0 1.464
4215.0 1.464 1.757
4762.0 1.757 2.109
6339.0 2.109 1.574
9583.0 1.574 1.313
10945.0 1.313 1.117
10259.0 1.117 1.015
7063.0 1.015 1.038
4787.0 1.038 1.492
4257.0 1.492 1.94
4714.0 1.94 2.328
8186.0 2.328 1.811
9899.0 1.811 1.574
9680.0 1.574 1.435
7682.0 1.435 1.42
5062.0 1.42 1.507
4192.0 1.507 2.122
4294.0 2.122 2.547
7758.0 2.547 2.014
11247.0 2.014 1.617
12273.0 1.617 1.346
9786.0 1.346 1.282
6726.0 1.282 1.313
4209.0 1.313 1.862
4828.0 1.862 2.234
8774.0 2.234 1.689
10787.0 1.689 1.409
10232.0 1.409 1.277
8152.0 1.277 1.261
4330.0 1.261 1.827
4244.0 1.827 2.193
4583.0 2.193 2.631
7629.0 2.631 2.093
10179.0 2.093 1.758
10167.0 1.758 1.574
7761.0 1.574 1.565
5173.0 1.565 1.632
4282.0 1.632 2.305
4248.0 2.305 2.766
5656.0 2.766 2.14
8454.0 2.14 1.869
10560.0 1.869 1.585
9177.0 1.585 1.496
6583.0 1.496 1.537
4243.0 1.537 2.194
4176.0 2.194 2.633
6642.0 2.633 1.934
10374.0 1.934 1.579
11298.0 1.579 1.348
9021.0 1.348 1.298
5809.0 1.298 1.376
4286.0 1.376 1.988
4320.0 1.988 2.385
6826.0 2.385 1.734
10076.0 1.734 1.42
11504.0 1.42 1.196
10186.0 1.196 1.104
6560.0 1.104 1.141
4455.0 1.141 1.666
4302.0 1.666 1.999
5111.0 1.999 1.59
8587.0 1.59 1.377
9555.0 1.377 1.209
9129.0 1.209 1.124
6417.0 1.124 1.16
4785.0 1.16 1.678
4200.0 1.678 2.013
4877.0 2.013 2.416
9085.0 2.416 1.794
11281.0 1.794 1.494
9757.0 1.494 1.395
7015.0 1.395 1.427
4285.0 1.427 2.078
4309.0 2.078 2.494
6849.0 2.494 1.811
9960.0 1.811 1.515
9405.0 1.515 1.398
7159.0 1.398 1.407
4397.0 1.407 2.018
4305.0 2.018 2.421
7271.0 2.421 1.717
11084.0 1.717 1.385
11612.0 1.385 1.189
9830.0 1.189 1.119
5696.0 1.119 1.204
4191.0 1.204 1.699
4378.0 1.699 2.038
5873.0 2.038 1.56
9681.0 1.56 1.296
11449.0 1.296 1.067
10591.0 1.067 1.0
7193.0 1.0 1.018
4710.0 1.018 1.492
4235.0 1.492 1.79
4740.0 1.79 2.148
8658.0 2.148 1.636
10554.0 1.636 1.373
9678.0 1.373 1.268
7202.0 1.268 1.272
4223.0 1.272 1.822
4322.0 1.822 2.187
5903.0 2.187 1.671
10189.0 1.671 1.343
11902.0 1.343 1.114
10994.0 1.114 1.002
7340.0 1.002 1.018
4789.0 1.018 1.498
4239.0 1.498 1.798
4686.0 1.798 2.158
6288.0 2.158 1.615
9714.0 1.615 1.341
11014.0 1.341 1.143
9338.0 1.143 1.08
5472.0 1.08 1.136
4176.0 1.136 1.62
5044.0 1.62 1.293
7054.0 1.293 1.058
11208.0 1.058 1.0
10782.0 1.0 1.0
7328.0 1.0 1.016
4929.0 1.016 1.491
4311.0 1.491 1.939
5228.0 1.939 1.533
9282.0 1.533 1.121
10948.0 1.121 1.0
10156.0 1.0 1.0
6366.0 1.0 1.047
4321.0 1.047 1.517
4864.0 1.517 1.821
7361.0 1.821 1.285
10851.0 1.285 1.042
11477.0 1.042 1.0
8949.0 1.0 1.0
4403.0 1.0 1.477
4234.0 1.477 1.772
5412.0 1.772 1.388
9234.0 1.388 1.169
10758.0 1.169 1.0
9658.0 1.0 1.0
5448.0 1.0 1.076
4229.0 1.076 1.52
4711.0 1.52 1.824
7133.0 1.824 1.303
10721.0 1.303 1.058
10527.0 1.058 1.0
7323.0 1.0 1.008
4840.0 1.008 1.46
4217.0 1.46 1.752
5018.0 1.752 1.4
8982.0 1.4 1.19
10186.0 1.19 1.03
8342.0 1.03 1.0
4452.0 1.0 1.467
4293.0 1.467 1.76
5423.0 1.76 1.378
9517.0 1.378 1.138
10869.0 1.138 1.0
9469.0 1.0 1.0
5343.0 1.0 1.075
4344.0 1.075 1.512
4881.0 1.512 1.814
7189.0 1.814 1.292
10223.0 1.292 1.073
11009.0 1.073 1.0
8621.0 1.0 1.0
4327.0 1.0 1.476
4343.0 1.476 1.772
5845.0 1.772 1.357
10253.0 1.357 1.097
11835.0 1.097 1.0
10213.0 1.0 1.0
5499.0 1.0 1.086
4239.0 1.086 1.532
5611.0 1.532 1.188
9451.0 1.188 1.0
9427.0 1.0 1.0
6561.0 1.0 1.028
4414.0 1.028 1.488
4917.0 1.488 1.786
7054.0 1.786 1.282
9944.0 1.282 1.082
10374.0 1.082 1.0
8200.0 1.0 1.0
6221.0 1.0 1.015
4211.0 1.015 1.445
4473.0 1.445 1.734
6524.0 1.734 1.282
9970.0 1.282 1.064
10480.0 1.064 1.0
8048.0 1.0 1.0
5817.0 1.0 1.028
4336.0 1.028 1.451
5151.0 1.451 1.152
7643.0 1.152 1.0
10361.0 1.0 1.0
9175.0 1.0 1.0
5217.0 1.0 1.055
4369.0 1.055 1.482
5437.0 1.482 1.159
7968.0 1.159 1.027
10534.0 1.027 1.0
9206.0 1.0 1.0
5164.0 1.0 1.078
4244.0 1.078 1.403
5623.0 1.403 1.087
8337.0 1.087 1.0
10017.0 1.0 1.0
8243.0 1.0 1.0
6264.0 1.0 1.016
4285.0 1.016 1.442
4549.0 1.442 1.73
6334.0 1.73 1.292
9674.0 1.292 1.079
10540.0 1.079 1.0
7902.0 1.0 1.0
5839.0 1.0 1.039
4185.0 1.039 1.465
5421.0 1.465 1.148
7636.0 1.148 1.0
9378.0 1.0 1.0
7100.0 1.0 1.0
5205.0 1.0 1.033
4364.0 1.033 1.451
5931.0 1.451 1.107
9073.0 1.107 1.0
7587.0 1.0 1.0
5608.0 1.0 1.026
4345.0 1.026 1.45
4637.0 1.45 1.74
6622.0 1.74 1.279
9762.0 1.279 1.074
10160.0 1.074 1.0
7618.0 1.0 1.0
5807.0 1.0 1.023
4330.0 1.023 1.338
4969.0 1.338 1.606
7477.0 1.606 1.126
10565.0 1.126 1.0
10341.0 1.0 1.0
7139.0 1.0 1.016
4740.0 1.016 1.465
4312.0 1.465 1.758
5939.0 1.758 1.34
9099.0 1.34 1.142
10187.0 1.142 1.001
8243.0 1.001 1.0
6442.0 1.0 1.023
4379.0 1.023 1.468
4303.0 1.468 1.762
6026.0 1.762 1.337
9626.0 1.337 1.109
10600.0 1.109 1.0
8384.0 1.0 1.0
6237.0 1.0 1.029
4176.0 1.029 1.465
4754.0 1.465 1.758
6802.0 1.758 1.28
9038.0 1.28 1.119
8944.0 1.119 1.032
6948.0 1.032 1.03
5061.0 1.03 1.067
4216.0 1.067 1.494
5730.0 1.494 1.152
9210.0 1.152 1.0
9076.0 1.0 1.0
5790.0 1.0 1.036
4176.0 1.036 1.468
5042.0 1.468 1.172
7351.0 1.172 1.064
9229.0 1.064 1.0
7383.0 1.0 1.0
5740.0 1.0 1.019
4221.0 1.019 1.442
5524.0 1.442 1.123
7645.0 1.123 1.014
8731.0 1.014 1.0
6859.0 1.0 1.001
5048.0 1.001 1.035
4465.0 1.035 1.346
6803.0 1.346 1.0
9119.0 1.0 1.0
7429.0 1.0 1.0
5870.0 1.0 1.028
4313.0 1.028 1.456
4890.0 1.456 1.747
6899.0 1.747 1.265
9323.0 1.265 1.091
9153.0 1.091 1.004
6687.0 1.004 1.022
4745.0 1.022 1.468
4228.0 1.468 1.762
5038.0 1.762 1.407
8804.0 1.407 1.053
10066.0 1.053 1.0
8378.0 1.0 1.0
6315.0 1.0 1.015
4336.0 1.015 1.448
4714.0 1.448 1.737
6859.0 1.737 1.261
9481.0 1.261 1.079
9099.0 1.079 1.0
5879.0 1.0 1.047
4278.0 1.047 1.483
5311.0 1.483 1.168
7761.0 1.168 1.0
10847.0 1.0 1.0
9157.0 1.0 1.0
5031.0 1.0 1.063
4285.0 1.063 1.383
5187.0 1.383 1.096
7730.0 1.096 1.0
10204.0 1.0 1.0
7506.0 1.0 1.002
5023.0 1.002 1.054
4176.0 1.054 1.371
5676.0 1.371 1.06
8923.0 1.06 1.0
11125.0 1.0 1.0
9519.0 1.0 1.0
5141.0 1.0 1.084
4267.0 1.084 1.52
5262.0 1.52 1.2
7854.0 1.2 1.069
10746.0 1.069 1.0
9636.0 1.0 1.0
5594.0 1.0 1.069
4176.0 1.069 1.509
4749.0 1.509 1.81
6962.0 1.81 1.306
9978.0 1.306 1.094
10736.0 1.094 1.0
8306.0 1.0 1.0
6327.0 1.0 1.027
4176.0 1.027 1.491
4417.0 1.491 1.789
5638.0 1.789 1.385
9382.0 1.385 1.164
10626.0 1.164 1.002
9300.0 1.002 1.0
5124.0 1.0 1.058
4452.0 1.058 1.377
5798.0 1.377 1.058
8568.0 1.058 1.0
10824.0 1.0 1.0
8798.0 1.0 1.0
4420.0 1.0 1.477
4370.0 1.477 1.773
6464.0 1.773 1.314
9282.0 1.314 1.123
9952.0 1.123 1.0
7848.0 1.0 1.0
6037.0 1.0 1.016
4248.0 1.016 1.445
4483.0 1.445 1.733
6447.0 1.733 1.286
9889.0 1.286 1.07
10785.0 1.07 1.0
8345.0 1.0 1.0
6282.0 1.0 1.031
4180.0 1.031 1.467
4319.0 1.467 1.76
5784.0 1.76 1.353
9542.0 1.353 1.125
10076.0 1.125 1.0
7324.0 1.0 1.01
5177.0 1.01 1.054
4267.0 1.054 1.372
5741.0 1.372 1.057
8993.0 1.057 1.0
11069.0 1.0 1.0
9295.0 1.0 1.0
5085.0 1.0 1.082
4316.0 1.082 1.408
6172.0 1.408 1.06
10806.0 1.06 1.0
11338.0 1.0 1.0
8136.0 1.0 1.002
5737.0 1.002 1.054
4271.0 1.054 1.491
4733.0 1.491 1.789
6543.0 1.789 1.321
9615.0 1.321 1.116
10179.0 1.116 1.0
7977.0 1.0 1.0
5914.0 1.0 1.026
4176.0 1.026 1.446
4480.0 1.446 1.735
6619.0 1.735 1.276
10325.0 1.276 1.055
10693.0 1.055 1.0
7957.0 1.0 1.0
5978.0 1.0 1.037
4197.0 1.037 1.469
4620.0 1.469 1.763
7270.0 1.763 1.25
10538.0 1.25 1.038
9794.0 1.038 1.0
6284.0 1.0 1.034
4251.0 1.034 1.473
4501.0 1.473 1.768
6663.0 1.768 1.297
9203.0 1.297 1.119
9867.0 1.119 1.0
8211.0 1.0 1.0
6232.0 1.0 1.033
4253.0 1.033 1.466
4387.0 1.466 1.76
6691.0 1.76 1.289
10027.0 1.289 1.061
10861.0 1.061 1.0
8709.0 1.0 1.0
4176.0 1.0 1.443
4176.0 1.443 1.732
4319.0 1.732 2.078
4176.0 2.078 2.494
4247.0 2.494 2.993
4270.0 2.993 3.592
5598.0 3.592 2.787
7950.0 2.787 2.498
8604.0 2.498 2.276
8118.0 2.276 2.159
6057.0 2.159 2.193
4447.0 2.193 3.115
4851.0 3.115 3.738
6989.0 3.738 2.693
10553.0 2.693 2.208
11953.0 2.208 1.84
10341.0 1.84 1.701
6477.0 1.701 1.778
4268.0 1.778 2.518
4284.0 2.518 3.022
5059.0 3.022 2.411
6945.0 2.411 1.983
8841.0 1.983 1.751
8832.0 1.751 1.62
7332.0 1.62 1.594
5220.0 1.594 1.654
4466.0 1.654 2.335
4226.0 2.335 2.802
5476.0 2.802 2.188
8604.0 2.188 1.892
11556.0 1.892 1.536
11262.0 1.536 1.355
8031.0 1.355 1.355
4297.0 1.355 1.974
4176.0 1.974 2.369
4656.0 2.369 2.843
7100.0 2.843 2.321
8603.0 2.321 2.08
8270.0 2.08 1.962
6671.0 1.962 1.959
4949.0 1.959 2.814
4553.0 2.814 3.66
5607.0 3.66 2.84
9102.0 2.84 2.403
12658.0 2.403 1.875
12374.0 1.875 1.608
9614.0 1.608 1.55
6246.0 1.55 1.616
4176.0 1.616 2.3
4534.0 2.3 2.76
6176.0 2.76 2.078
9257.0 2.078 1.781
10082.0 1.781 1.575
8708.0 1.575 1.503
6044.0 1.503 1.548
4223.0 1.548 2.185
4354.0 2.185 2.622
6954.0 2.622 1.893
9975.0 1.893 1.601
10698.0 1.601 1.402
8307.0 1.402 1.376
5079.0 1.376 1.465
4228.0 1.465 1.906
4424.0 1.906 2.287
5619.0 2.287 1.773
9067.0 1.773 1.502
11129.0 1.502 1.238
10047.0 1.238 1.133
6987.0 1.133 1.161
4991.0 1.161 1.69
4213.0 1.69 2.207
4539.0 2.207 2.649
7219.0 2.649 1.884
8992.0 1.884 1.674
8983.0 1.674 1.539
7291.0 1.539 1.518
5303.0 1.518 1.57
4176.0 1.57 2.208
4340.0 2.208 2.65
6518.0 2.65 1.959
10142.0 1.959 1.599
10478.0 1.599 1.417
8818.0 1.417 1.361
5628.0 1.361 1.431
4176.0 1.431 2.042
4176.0 2.042 2.45
6738.0 2.45 1.79
9082.0 1.79 1.35
10394.0 1.35 1.164
9804.0 1.164 1.067
6382.0 1.067 1.102
4511.0 1.102 1.6
4318.0 1.6 1.92
5004.0 1.92 1.536
9226.0 1.536 1.293
10744.0 1.293 1.094
9266.0 1.094 1.034
5082.0 1.034 1.11
4176.0 1.11 1.567
5331.0 1.567 1.233
7500.0 1.233 1.115
10176.0 1.115 1.0
8208.0 1.0 1.0
6229.0 1.0 1.029
4232.0 1.029 1.464
4607.0 1.464 1.757
6733.0 1.757 1.284
10053.0 1.284 1.073
10837.0 1.073 1.0
8533.0 1.0 1.0
4176.0 1.0 1.459
4291.0 1.459 1.751
5641.0 1.751 1.356
9347.0 1.356 1.143
9823.0 1.143 1.023
6213.0 1.023 1.07
4241.0 1.07 1.524
4833.0 1.524 1.829
6263.0 1.829 1.371
7191.0 1.371 1.289
5535.0 1.289 1.308
4441.0 1.308 1.852
4251.0 1.852 2.408
5402.0 2.408 1.888
7796.0 1.888 1.496
8676.0 1.496 1.34
7628.0 1.34 1.298
5264.0 1.298 1.34
4176.0 1.34 1.886
4561.0 1.886 2.263
7361.0 2.263 1.829
8463.0 1.829 1.661
8297.0 1.661 1.553
6859.0 1.553 1.537
4717.0 1.537 2.21
4225.0 2.21 2.886
5607.0 2.886 2.239
7735.0 2.239 1.784
8848.0 1.784 1.605
8112.0 1.605 1.529
6324.0 1.529 1.545
4346.0 1.545 2.204
4460.0 2.204 2.645
6540.0 2.645 1.953
8637.0 1.953 1.718
8471.0 1.718 1.597
7121.0 1.597 1.569
5193.0 1.569 1.621
4248.0 1.621 2.288
4415.0 2.288 2.978
6103.0 2.978 2.251
8515.0 2.251 1.99
8683.0 1.99 1.834
6955.0 1.834 1.823
4885.0 1.823 2.624
4487.0 2.624 3.149
5945.0 3.149 2.4
8396.0 2.4 2.127
8420.0 2.127 1.98
6419.0 1.98 2.007
4437.0 2.007 2.873
4819.0 2.873 3.448
6835.0 3.448 2.505
8389.0 2.505 2.236
8773.0 2.236 2.054
7942.0 2.054 1.969
6268.0 1.969 1.979
4324.0 1.979 2.82
4755.0 2.82 3.384
6913.0 3.384 2.448
8581.0 2.448 2.179
8143.0 2.179 2.056
5755.0 2.056 2.124
4179.0 2.124 3.013
4951.0 3.013 3.615
6987.0 3.615 2.966
8547.0 2.966 2.659
8499.0 2.659 2.478
7539.0 2.478 2.402
5547.0 2.402 2.471
4393.0 2.471 3.508
4508.0 3.508 4.21
5490.0 4.21 3.286
7620.0 3.286 2.629
9231.0 2.629 2.292
8916.0 2.292 2.123
7353.0 2.123 2.094
5781.0 2.094 2.134
4277.0 2.134 3.02
4838.0 3.02 3.624
6888.0 3.624 2.626
9051.0 2.626 2.266
9228.0 2.266 2.065
7959.0 2.065 1.995
6329.0 1.995 2.019
4413.0 2.019 2.896
4343.0 2.896 3.475
5817.0 3.475 2.667
8439.0 2.667 2.331
8931.0 2.331 2.121
8478.0 2.121 1.996
6276.0 1.996 2.019
4362.0 2.019 2.895
4373.0 2.895 3.474
5677.0 3.474 2.685
8545.0 2.685 2.335
9943.0 2.335 2.035
9169.0 2.035 1.894
6628.0 1.894 1.931
4512.0 1.931 2.782
4352.0 2.782 3.338
5840.0 3.338 2.558
8582.0 2.558 2.233
9179.0 2.233 2.015
8333.0 2.015 1.917
6755.0 1.917 1.915
4915.0 1.915 2.762
4306.0 2.762 3.314
6168.0 3.314 2.496
8601.0 2.496 2.177
8445.0 2.177 2.025
6381.0 2.025 2.059
4337.0 2.059 2.95
4567.0 2.95 3.541
6149.0 3.541 2.67
8147.0 2.67 2.379
8567.0 2.379 2.183
8078.0 2.183 2.073
6215.0 2.073 2.092
4617.0 2.092 2.973
4353.0 2.973 3.567
5811.0 3.567 2.738
8703.0 2.738 2.384
9444.0 2.384 2.126
8391.0 2.126 2.028
6384.0 2.028 2.054
4604.0 2.054 2.926
4427.0 2.926 3.511
5793.0 3.511 2.698
8406.0 2.698 2.365
8841.0 2.365 2.151
7533.0 2.151 2.099
5895.0 2.099 2.143
4218.0 2.143 3.034
5190.0 3.034 2.404
7182.0 2.404 1.959
8823.0 1.959 1.752
7140.0 1.752 1.732
5054.0 1.732 1.795
4311.0 1.795 2.335
4898.0 2.335 2.802
8080.0 2.802 1.896
9874.0 1.896 1.637
9280.0 1.637 1.512
7610.0 1.512 1.484
4586.0 1.484 2.167
4231.0 2.167 2.6
5927.0 2.6 1.984
8249.0 1.984 1.764
9309.0 1.764 1.568
8637.0 1.568 1.473
7015.0 1.473 1.461
4535.0 1.461 2.099
4367.0 2.099 2.519
6147.0 2.519 1.9
8765.0 1.9 1.647
8945.0 1.647 1.498
8267.0 1.498 1.42
6313.0 1.42 1.44
4323.0 1.44 2.057
4933.0 2.057 2.469
7725.0 2.469 1.961
8967.0 1.961 1.736
7968.0 1.736 1.666
6300.0 1.666 1.682
4176.0 1.682 2.397
4376.0 2.397 2.877
6232.0 2.877 2.159
8848.0 2.159 1.885
8284.0 1.885 1.783
6462.0 1.783 1.802
4230.0 1.802 2.568
4318.0 2.568 3.081
5634.0 3.081 2.387
8163.0 2.387 2.121
8298.0 2.121 1.978
6180.0 1.978 2.011
4276.0 2.011 2.86
4400.0 2.86 3.432
5886.0 3.432 2.624
9003.0 2.624 2.254
9762.0 2.254 2.006
9102.0 2.006 1.866
6717.0 1.866 1.89
4553.0 1.89 2.697
4495.0 2.697 3.236
6295.0 3.236 2.421
8377.0 2.421 2.164
8914.0 2.164 1.97
8293.0 1.97 1.873
6857.0 1.873 1.863
4811.0 1.863 2.69
4493.0 2.69 3.228
6025.0 3.228 2.45
8929.0 2.45 2.122
9592.0 2.122 1.888
8065.0 1.888 1.83
6507.0 1.83 1.831
4247.0 1.831 2.605
4331.0 2.605 3.127
5575.0 3.127 2.429
8809.0 2.429 2.098
9466.0 2.098 1.885
8308.0 1.885 1.805
6570.0 1.805 1.815
4436.0 1.815 2.605
4196.0 2.605 3.418
4979.0 3.418 4.102
7562.0 4.102 3.287
8734.0 3.287 2.949
8282.0 2.949 2.786
6998.0 2.786 2.752
5378.0 2.752 2.84
4205.0 2.84 4.022
4700.0 4.022 4.826
6716.0 4.826 3.53
8872.0 3.53 3.106
9128.0 3.106 2.83
7740.0 2.83 2.752
5925.0 2.752 2.796
4575.0 2.796 4.003
4472.0 4.003 5.225
5618.0 5.225 4.051
7974.0 4.051 3.603
9294.0 3.603 3.173
8570.0 3.173 2.983
7078.0 2.983 2.956
5302.0 2.956 3.046
4255.0 3.046 4.284
4404.0 4.284 5.141
5967.0 5.141 3.914
8551.0 3.914 3.412
9327.0 3.412 3.03
8667.0 3.03 2.85
6923.0 2.85 2.841
4919.0 2.841 4.085
4340.0 4.085 5.314
4886.0 5.314 6.377
6846.0 6.377 4.63
7974.0 4.63 4.238
7338.0 4.238 4.086
6338.0 4.086 4.07
4874.0 4.07 5.798
4229.0 5.798 7.573
4985.0 7.573 9.088
6802.0 9.088 6.615
8106.0 6.615 5.952
7483.0 5.952 5.708
5941.0 5.708 5.797
4176.0 5.797 8.222
4248.0 8.222 9.866
4909.0 9.866 11.84
6661.0 11.84 8.685
8771.0 8.685 7.591
8627.0 7.591 7.043
7123.0 7.043 6.989
5221.0 6.989 7.305
4266.0 7.305 10.337
4360.0 10.337 13.46
5002.0 13.46 10.767
6874.0 10.767 8.884
8470.0 8.884 7.969
8908.0 7.969 7.268
8356.0 7.268 6.85
6788.0 6.85 6.829
5522.0 6.829 6.978
4209.0 6.978 9.89
4321.0 9.89 11.868
5077.0 11.868 9.457
7117.0 9.457 7.718
9129.0 7.718 6.726
9363.0 6.726 6.092
8311.0 6.092 5.825
6715.0 5.825 5.806
4925.0 5.806 8.368
4230.0 8.368 10.946
4579.0 10.946 13.135
6001.0 13.135 9.982
8475.0 9.982 8.799
9417.0 8.799 7.816
8889.0 7.816 7.279
7485.0 7.279 7.142
5665.0 7.142 7.344
4543.0 7.344 10.442
4300.0 10.442 12.531
4990.0 12.531 15.037
6990.0 15.037 10.833
