5520.0 1.0 1.0
5520.0 1.0 1.0
5520.0 1.0 1.0
4680.0 1.0 1.41
4680.0 1.41 1.691
4407.0 1.691 2.03
4389.0 2.03 2.436
4359.0 2.436 2.923
4335.0 2.923 3.507
4315.0 3.507 4.209
4520.0 4.209 5.051
5051.0 5.051 4.03
7183.0 4.03 3.681
8375.0 3.681 3.344
8523.0 3.344 3.096
7575.0 3.096 2.994
6111.0 2.994 3.017
4536.0 3.017 4.29
4194.0 4.29 5.148
5182.0 5.148 4.081
7694.0 4.081 3.659
9074.0 3.659 3.257
9334.0 3.257 2.955
8454.0 2.955 2.802
6936.0 2.802 2.777
4614.0 2.777 3.974
4226.0 3.974 4.769
4416.0 4.769 5.723
5823.0 5.723 4.39
8571.0 4.39 3.819
10039.0 3.819 3.319
9899.0 3.319 3.002
8455.0 3.002 2.889
6271.0 2.889 2.937
4240.0 2.937 4.191
4315.0 4.191 5.029
5158.0 5.029 3.992
7934.0 3.992 3.547
9886.0 3.547 3.05
10077.0 3.05 2.733
8657.0 2.733 2.606
6524.0 2.606 2.638
4193.0 2.638 3.771
4346.0 3.771 4.525
5158.0 4.525 3.592
7288.0 3.592 3.27
9556.0 3.27 2.811
9892.0 2.811 2.51
8624.0 2.51 2.395
6758.0 2.395 2.411
5164.0 2.411 2.491
4176.0 2.491 3.242
4779.0 3.242 3.89
6625.0 3.89 2.859
9197.0 2.859 2.474
9561.0 2.474 2.233
8808.0 2.233 2.099
6702.0 2.099 2.108
4618.0 2.108 3.023
4442.0 3.023 3.628
5322.0 3.628 2.855
8334.0 2.855 2.504
10548.0 2.504 2.099
10996.0 2.099 1.83
8923.0 1.83 1.763
6577.0 1.763 1.804
4188.0 1.804 2.573
4184.0 2.573 3.088
4915.0 3.088 3.706
6501.0 3.706 2.742
8820.0 2.742 2.406
9660.0 2.406 2.122
9123.0 2.122 1.971
7008.0 1.971 1.969
5072.0 1.969 2.051
4411.0 2.051 2.667
6056.0 2.667 2.021
8710.0 2.021 1.54
10705.0 1.54 1.312
10407.0 1.312 1.178
8197.0 1.178 1.153
4267.0 1.153 1.662
4594.0 1.662 1.994
4887.0 1.994 2.393
8511.0 2.393 1.836
10185.0 1.836 1.591
9486.0 1.591 1.47
7434.0 1.47 1.465
4594.0 1.465 2.104
4368.0 2.104 2.525
5428.0 2.525 1.977
8062.0 1.977 1.744
9344.0 1.744 1.534
9400.0 1.534 1.397
7966.0 1.397 1.354
5446.0 1.354 1.399
4248.0 1.399 1.976
4660.0 1.976 2.371
6694.0 2.371 1.736
9900.0 1.736 1.452
11178.0 1.452 1.243
9956.0 1.243 1.151
6614.0 1.151 1.187
4737.0 1.187 1.701
4176.0 1.701 2.041
4745.0 2.041 2.449
7387.0 2.449 1.973
9220.0 1.973 1.741
8221.0 1.741 1.659
6667.0 1.659 1.661
4461.0 1.661 2.369
4248.0 2.369 3.104
5228.0 3.104 2.455
7430.0 2.455 1.976
10631.0 1.976 1.635
10829.0 1.635 1.437
8435.0 1.437 1.408
5075.0 1.408 1.508
4279.0 1.508 2.118
4232.0 2.118 2.542
6755.0 2.542 1.855
9638.0 1.855 1.58
9755.0 1.58 1.431
8301.0 1.431 1.38
5905.0 1.38 1.41
4176.0 1.41 1.998
4316.0 1.998 2.398
6108.0 2.398 1.812
8722.0 1.812 1.587
9562.0 1.587 1.415
8828.0 1.415 1.324
6718.0 1.324 1.331
4186.0 1.331 1.919
4246.0 1.919 2.303
4969.0 2.303 2.764
8049.0 2.764 2.163
10893.0 2.163 1.781
11694.0 1.781 1.501
9984.0 1.501 1.402
7044.0 1.402 1.431
4233.0 1.431 2.048
4254.0 2.048 2.457
6508.0 2.457 1.818
9042.0 1.818 1.565
10500.0 1.565 1.32
9786.0 1.32 1.209
7572.0 1.209 1.199
4247.0 1.199 1.726
4248.0 1.726 2.071
5318.0 2.071 1.631
8418.0 1.631 1.429
9734.0 1.429 1.259
9082.0 1.259 1.17
6756.0 1.17 1.178
4910.0 1.178 1.697
4255.0 1.697 2.037
4258.0 2.037 2.444
7722.0 2.444 1.689
10626.0 1.689 1.41
10491.0 1.41 1.262
8839.0 1.262 1.212
4941.0 1.212 1.765
4216.0 1.765 2.118
4801.0 2.118 2.542
7661.0 2.542 2.023
9284.0 2.023 1.789
8687.0 1.789 1.677
7055.0 1.677 1.67
5213.0 1.67 1.745
4405.0 1.745 2.272
5360.0 2.272 1.785
9012.0 1.785 1.524
11392.0 1.524 1.255
10969.0 1.255 1.121
8095.0 1.121 1.118
4268.0 1.118 1.607
4396.0 1.607 1.929
5860.0 1.929 1.477
9700.0 1.477 1.22
11110.0 1.22 1.038
9858.0 1.038 1.0
6092.0 1.0 1.036
4176.0 1.036 1.463
4767.0 1.463 1.755
6973.0 1.755 1.441
9109.0 1.441 1.257
9233.0 1.257 1.15
7463.0 1.15 1.135
4281.0 1.135 1.625
4287.0 1.625 1.95
5389.0 1.95 1.53
9073.0 1.53 1.301
10293.0 1.301 1.122
9657.0 1.122 1.033
6531.0 1.033 1.053
4404.0 1.053 1.509
4426.0 1.509 1.81
5378.0 1.81 1.421
8898.0 1.421 1.21
10448.0 1.21 1.042
8996.0 1.042 1.0
5374.0 1.0 1.065
4288.0 1.065 1.498
5091.0 1.498 1.193
7095.0 1.193 1.0
10739.0 1.0 1.0
8881.0 1.0 1.0
4335.0 1.0 1.461
4629.0 1.461 1.753
5819.0 1.753 1.345
9287.0 1.345 1.131
10167.0 1.131 1.0
8421.0 1.0 1.0
6526.0 1.0 1.017
4463.0 1.017 1.455
4286.0 1.455 1.747
5501.0 1.747 1.362
9183.0 1.362 1.163
10221.0 1.163 1.0
8969.0 1.0 1.0
4675.0 1.0 1.465
4420.0 1.465 1.758
4955.0 1.758 2.11
9123.0 2.11 1.573
10974.0 1.573 1.314
8892.0 1.314 1.267
5866.0 1.267 1.319
4204.0 1.319 1.889
4422.0 1.889 2.267
5158.0 2.267 1.799
7954.0 1.799 1.594
8896.0 1.594 1.438
9048.0 1.438 1.318
7546.0 1.318 1.288
4978.0 1.288 1.874
4461.0 1.874 2.436
4587.0 2.436 2.924
6725.0 2.924 2.137
10070.0 2.137 1.761
11318.0 1.761 1.49
9950.0 1.49 1.381
7012.0 1.381 1.407
4211.0 1.407 2.0
4333.0 2.0 2.4
6301.0 2.4 1.795
8753.0 1.795 1.576
9589.0 1.576 1.396
8949.0 1.396 1.302
7093.0 1.302 1.294
4203.0 1.294 1.841
4458.0 1.841 2.21
5751.0 2.21 1.701
9865.0 1.701 1.399
12619.0 1.399 1.094
12067.0 1.094 1.0
7963.0 1.0 1.015
5060.0 1.015 1.076
4253.0 1.076 1.533
4969.0 1.533 1.839
7522.0 1.839 1.286
11524.0 1.286 1.01
12664.0 1.01 1.0
9882.0 1.0 1.0
4496.0 1.0 1.476
4189.0 1.476 1.771
5044.0 1.771 1.414
8442.0 1.414 1.222
9092.0 1.222 1.106
7116.0 1.106 1.103
5273.0 1.103 1.137
4308.0 1.137 1.598
5084.0 1.598 1.273
7780.0 1.273 1.134
11480.0 1.134 1.0
10188.0 1.0 1.0
5726.0 1.0 1.074
4176.0 1.074 1.52
4956.0 1.52 1.824
7127.0 1.824 1.304
8871.0 1.304 1.151
8265.0 1.151 1.091
5677.0 1.091 1.119
4313.0 1.119 1.578
4854.0 1.578 1.893
7479.0 1.893 1.327
11239.0 1.327 1.054
12197.0 1.054 1.0
10359.0 1.0 1.0
5393.0 1.0 1.09
4313.0 1.09 1.534
4856.0 1.534 1.841
6742.0 1.841 1.344
8990.0 1.344 1.172
8688.0 1.172 1.094
6034.0 1.094 1.123
4278.0 1.123 1.596
4495.0 1.596 1.915
6090.0 1.915 1.449
10542.0 1.449 1.146
12068.0 1.146 1.0
10266.0 1.0 1.0
5384.0 1.0 1.083
4176.0 1.083 1.412
4736.0 1.412 1.695
7491.0 1.695 1.359
9115.0 1.359 1.208
8439.0 1.208 1.138
5961.0 1.138 1.161
4337.0 1.161 1.649
4497.0 1.649 1.978
5673.0 1.978 1.529
10069.0 1.529 1.247
12211.0 1.247 1.0
11513.0 1.0 1.0
7387.0 1.0 1.036
4652.0 1.036 1.5
4286.0 1.5 1.801
5124.0 1.801 1.431
9014.0 1.431 1.205
10316.0 1.205 1.047
9228.0 1.047 1.0
5692.0 1.0 1.042
4272.0 1.042 1.475
4922.0 1.475 1.77
7680.0 1.77 1.226
11074.0 1.226 1.0
11916.0 1.0 1.0
9218.0 1.0 1.0
4176.0 1.0 1.461
4528.0 1.461 1.753
5970.0 1.753 1.335
10026.0 1.335 1.093
11478.0 1.093 1.0
9712.0 1.0 1.0
5334.0 1.0 1.081
4176.0 1.081 1.523
5046.0 1.523 1.216
7143.0 1.216 1.0
10465.0 1.0 1.0
8859.0 1.0 1.0
4565.0 1.0 1.455
4256.0 1.455 1.746
5507.0 1.746 1.362
9189.0 1.362 1.161
10305.0 1.161 1.017
8691.0 1.017 1.0
4597.0 1.0 1.458
4372.0 1.458 1.75
5214.0 1.75 1.385
9838.0 1.385 1.125
11496.0 1.125 1.0
10504.0 1.0 1.0
6546.0 1.0 1.047
4339.0 1.047 1.5
4590.0 1.5 1.8
5929.0 1.8 1.373
9981.0 1.373 1.12
11031.0 1.12 1.0
8545.0 1.0 1.0
4316.0 1.0 1.471
4599.0 1.471 1.765
6415.0 1.765 1.312
9863.0 1.312 1.092
10677.0 1.092 1.0
8471.0 1.0 1.0
4261.0 1.0 1.47
4311.0 1.47 1.764
6125.0 1.764 1.332
9905.0 1.332 1.097
11165.0 1.097 1.0
9625.0 1.0 1.0
5415.0 1.0 1.055
4176.0 1.055 1.486
5045.0 1.486 1.186
7592.0 1.186 1.0
11406.0 1.0 1.0
10220.0 1.0 1.0
6094.0 1.0 1.06
4391.0 1.06 1.507
4514.0 1.507 1.808
5292.0 1.808 1.426
7458.0 1.426 1.292
7618.0 1.292 1.219
6216.0 1.219 1.222
5079.0 1.222 1.248
4199.0 1.248 1.751
4360.0 1.751 2.101
5751.0 2.101 1.618
9973.0 1.618 1.308
11961.0 1.308 1.071
11731.0 1.071 1.0
8225.0 1.0 1.0
5742.0 1.0 1.056
4342.0 1.056 1.495
5290.0 1.495 1.178
7702.0 1.178 1.057
10080.0 1.057 1.0
8966.0 1.0 1.0
5176.0 1.0 1.073
4417.0 1.073 1.505
5613.0 1.505 1.167
8651.0 1.167 1.01
10889.0 1.01 1.0
9613.0 1.0 1.0
5655.0 1.0 1.047
4200.0 1.047 1.482
5064.0 1.482 1.182
7763.0 1.182 1.0
11273.0 1.0 1.0
10843.0 1.0 1.0
6801.0 1.0 1.026
4318.0 1.026 1.497
4638.0 1.497 1.796
6303.0 1.796 1.344
10591.0 1.344 1.076
11877.0 1.076 1.0
9783.0 1.0 1.0
5153.0 1.0 1.089
4458.0 1.089 1.527
5958.0 1.527 1.163
10012.0 1.163 1.0
10184.0 1.0 1.0
6730.0 1.0 1.033
4499.0 1.033 1.503
4220.0 1.503 1.804
5289.0 1.804 1.422
9197.0 1.422 1.19
10507.0 1.19 1.025
8737.0 1.025 1.0
4513.0 1.0 1.453
4353.0 1.453 1.743
6182.0 1.743 1.312
10014.0 1.312 1.077
10914.0 1.077 1.0
8330.0 1.0 1.0
6015.0 1.0 1.027
4214.0 1.027 1.468
5064.0 1.468 1.171
7794.0 1.171 1.041
10584.0 1.041 1.0
9562.0 1.0 1.0
5772.0 1.0 1.045
4176.0 1.045 1.474
4777.0 1.474 1.768
7277.0 1.768 1.431
10575.0 1.431 1.179
10195.0 1.179 1.059
7463.0 1.059 1.07
5283.0 1.07 1.119
4176.0 1.119 1.577
5132.0 1.577 1.253
7168.0 1.253 1.021
9482.0 1.021 1.0
8644.0 1.0 1.0
5106.0 1.0 1.067
4273.0 1.067 1.389
6020.0 1.389 1.054
9681.0 1.054 1.0
12977.0 1.0 1.0
11203.0 1.0 1.0
6825.0 1.0 1.05
4197.0 1.05 1.51
4378.0 1.51 1.812
5925.0 1.812 1.383
10883.0 1.383 1.091
13029.0 1.091 1.0
11737.0 1.0 1.0
7275.0 1.0 1.047
4372.0 1.047 1.509
4255.0 1.509 1.81
5477.0 1.81 1.414
9837.0 1.414 1.006
12419.0 1.006 1.0
10989.0 1.0 1.0
6611.0 1.0 1.04
4260.0 1.04 1.518
4370.0 1.518 1.822
6282.0 1.822 1.364
10952.0 1.364 1.073
12846.0 1.073 1.0
10786.0 1.0 1.0
5904.0 1.0 1.065
4176.0 1.065 1.516
4550.0 1.516 1.82
6455.0 1.82 1.35
9183.0 1.35 1.162
9771.0 1.162 1.038
7745.0 1.038 1.022
5991.0 1.022 1.037
4176.0 1.037 1.472
4561.0 1.472 1.766
6297.0 1.766 1.321
10087.0 1.321 1.09
10909.0 1.09 1.0
8681.0 1.0 1.0
4303.0 1.0 1.459
4441.0 1.459 1.75
5706.0 1.75 1.351
9158.0 1.351 1.143
10512.0 1.143 1.0
9086.0 1.0 1.0
5128.0 1.0 1.078
4200.0 1.078 1.515
5187.0 1.515 1.2
8094.0 1.2 1.055
10820.0 1.055 1.0
9924.0 1.0 1.0
6050.0 1.0 1.054
4176.0 1.054 1.501
4330.0 1.501 1.801
5673.0 1.801 1.392
9143.0 1.392 1.173
10279.0 1.173 1.013
8643.0 1.013 1.0
4727.0 1.0 1.469
4357.0 1.469 1.762
5157.0 1.762 1.399
9263.0 1.399 1.18
10541.0 1.18 1.014
9077.0 1.014 1.0
5175.0 1.0 1.055
4204.0 1.055 1.479
6112.0 1.479 1.118
9392.0 1.118 1.0
9564.0 1.0 1.0
6530.0 1.0 1.03
4635.0 1.03 1.473
4492.0 1.473 1.768
5646.0 1.768 1.369
9026.0 1.369 1.163
9114.0 1.163 1.063
6344.0 1.063 1.095
4279.0 1.095 1.563
4307.0 1.563 1.875
5369.0 1.875 1.472
9043.0 1.472 1.242
10757.0 1.242 1.039
9667.0 1.039 1.0
5749.0 1.0 1.066
4197.0 1.066 1.503
4966.0 1.503 1.804
7327.0 1.804 1.275
9723.0 1.275 1.102
9581.0 1.102 1.004
7103.0 1.004 1.012
5155.0 1.012 1.047
4176.0 1.047 1.363
5852.0 1.363 1.044
8557.0 1.044 1.0
10933.0 1.0 1.0
8823.0 1.0 1.0
4361.0 1.0 1.464
4427.0 1.464 1.757
5715.0 1.757 1.356
9961.0 1.356 1.104
11107.0 1.104 1.0
8739.0 1.0 1.0
4176.0 1.0 1.476
4510.0 1.476 1.771
6178.0 1.771 1.333
9742.0 1.333 1.109
9922.0 1.109 1.0
7462.0 1.0 1.0
5231.0 1.0 1.04
4268.0 1.04 1.46
5218.0 1.46 1.155
7412.0 1.155 1.0
10680.0 1.0 1.0
9326.0 1.0 1.0
5368.0 1.0 1.071
4176.0 1.071 1.506
4596.0 1.506 1.807
6462.0 1.807 1.34
9628.0 1.34 1.128
9618.0 1.128 1.023
6484.0 1.023 1.058
4444.0 1.058 1.516
4237.0 1.516 1.819
5385.0 1.819 1.427
9623.0 1.427 1.187
11395.0 1.187 1.0
9765.0 1.0 1.0
5219.0 1.0 1.087
4519.0 1.087 1.527
5651.0 1.527 1.182
9621.0 1.182 1.0
9183.0 1.0 1.0
5645.0 1.0 1.044
4200.0 1.044 1.475
4881.0 1.475 1.77
7472.0 1.77 1.241
10950.0 1.241 1.0
11116.0 1.0 1.0
7494.0 1.0 1.021
4927.0 1.021 1.48
4445.0 1.48 1.776
5374.0 1.776 1.394
9386.0 1.394 1.158
10374.0 1.158 1.01
8382.0 1.01 1.0
4231.0 1.0 1.447
4978.0 1.447 1.737
7710.0 1.737 1.201
9996.0 1.201 1.024
9876.0 1.024 1.0
7070.0 1.0 1.015
5007.0 1.015 1.067
4251.0 1.067 1.387
5662.0 1.387 1.073
8980.0 1.073 1.0
11462.0 1.0 1.0
9856.0 1.0 1.0
5478.0 1.0 1.077
4232.0 1.077 1.517
4584.0 1.517 1.821
6744.0 1.821 1.33
10400.0 1.33 1.088
11300.0 1.088 1.0
9208.0 1.0 1.0
4914.0 1.0 1.486
4344.0 1.486 1.783
5294.0 1.783 1.405
9678.0 1.405 1.165
11264.0 1.165 1.0
10040.0 1.0 1.0
5998.0 1.0 1.043
4176.0 1.043 1.367
5098.0 1.367 1.088
7988.0 1.088 1.0
9426.0 1.0 1.0
6980.0 1.0 1.01
4833.0 1.01 1.448
4708.0 1.448 1.737
6097.0 1.737 1.314
9561.0 1.314 1.098
10643.0 1.098 1.0
8691.0 1.0 1.0
4481.0 1.0 1.45
4228.0 1.45 1.74
5696.0 1.74 1.344
9680.0 1.344 1.112
10966.0 1.112 1.0
9464.0 1.0 1.0
5254.0 1.0 1.054
4250.0 1.054 1.48
5490.0 1.48 1.155
8099.0 1.155 1.022
10945.0 1.022 1.0
9793.0 1.0 1.0
5751.0 1.0 1.048
4207.0 1.048 1.484
4895.0 1.484 1.781
7015.0 1.781 1.281
9961.0 1.281 1.077
10215.0 1.077 1.0
7715.0 1.0 1.0
5652.0 1.0 1.028
4251.0 1.028 1.453
4648.0 1.453 1.743
6981.0 1.743 1.256
10393.0 1.256 1.031
11059.0 1.031 1.0
8531.0 1.0 1.0
4177.0 1.0 1.473
4215.0 1.473 1.768
5537.0 1.768 1.376
8833.0 1.376 1.186
9327.0 1.186 1.072
7173.0 1.072 1.071
5175.0 1.071 1.112
4216.0 1.112 1.447
5475.0 1.447 1.13
8541.0 1.13 1.0
11651.0 1.0 1.0
10381.0 1.0 1.0
6171.0 1.0 1.049
4183.0 1.049 1.483
4690.0 1.483 1.779
6469.0 1.779 1.319
10413.0 1.319 1.072
11295.0 1.072 1.0
8969.0 1.0 1.0
4507.0 1.0 1.459
4577.0 1.459 1.751
6599.0 1.751 1.289
10137.0 1.289 1.055
11139.0 1.055 1.0
9147.0 1.0 1.0
4685.0 1.0 1.459
4301.0 1.459 1.751
5527.0 1.751 1.364
9821.0 1.364 1.114
11207.0 1.114 1.0
9649.0 1.0 1.0
5439.0 1.0 1.069
4211.0 1.069 1.508
5059.0 1.508 1.203
7436.0 1.203 1.0
10522.0 1.0 1.0
9756.0 1.0 1.0
5882.0 1.0 1.061
4176.0 1.061 1.497
4622.0 1.497 1.796
6622.0 1.796 1.32
10656.0 1.32 1.061
11888.0 1.061 1.0
9740.0 1.0 1.0
4942.0 1.0 1.499
4176.0 1.499 1.953
4634.0 1.953 2.344
7912.0 2.344 1.843
10120.0 1.843 1.587
8803.0 1.587 1.509
6137.0 1.509 1.565
4176.0 1.565 2.052
4295.0 2.052 2.462
7653.0 2.462 1.708
10884.0 1.708 1.403
10329.0 1.403 1.271
7699.0 1.271 1.275
4239.0 1.275 1.868
4564.0 1.868 2.242
7618.0 2.242 1.559
10762.0 1.559 1.301
11264.0 1.301 1.124
9618.0 1.124 1.055
5596.0 1.055 1.129
4304.0 1.129 1.592
4207.0 1.592 1.911
6378.0 1.911 1.423
10052.0 1.423 1.169
11874.0 1.169 1.0
10866.0 1.0 1.0
6740.0 1.0 1.048
4257.0 1.048 1.507
4400.0 1.507 1.809
6104.0 1.809 1.367
10288.0 1.367 1.104
12294.0 1.104 1.0
10848.0 1.0 1.0
6302.0 1.0 1.066
4207.0 1.066 1.521
4432.0 1.521 1.825
6019.0 1.825 1.386
10625.0 1.386 1.116
12463.0 1.116 1.0
11093.0 1.0 1.0
6631.0 1.0 1.059
4258.0 1.059 1.52
4714.0 1.52 1.825
6886.0 1.825 1.322
9890.0 1.322 1.12
9542.0 1.12 1.024
6978.0 1.024 1.034
5031.0 1.034 1.089
4267.0 1.089 1.416
5499.0 1.416 1.105
8690.0 1.105 1.0
11624.0 1.0 1.0
10018.0 1.0 1.0
5556.0 1.0 1.077
4260.0 1.077 1.52
5449.0 1.52 1.189
8040.0 1.189 1.051
11720.0 1.051 1.0
10176.0 1.0 1.0
5630.0 1.0 1.06
4307.0 1.06 1.493
4675.0 1.493 1.791
6827.0 1.791 1.302
9995.0 1.302 1.085
10375.0 1.085 1.0
8163.0 1.0 1.0
6352.0 1.0 1.01
4306.0 1.01 1.44
4525.0 1.44 1.728
6388.0 1.728 1.287
10054.0 1.287 1.061
11120.0 1.061 1.0
8890.0 1.0 1.0
4428.0 1.0 1.47
4176.0 1.47 1.764
5233.0 1.764 1.395
9011.0 1.395 1.185
9917.0 1.185 1.044
7841.0 1.044 1.028
5967.0 1.028 1.048
4246.0 1.048 1.482
4669.0 1.482 1.778
7033.0 1.778 1.278
10637.0 1.278 1.04
11699.0 1.04 1.0
9485.0 1.0 1.0
4939.0 1.0 1.469
4233.0 1.469 1.911
4784.0 1.911 2.293
8208.0 2.293 1.786
9591.0 1.786 1.575
8928.0 1.575 1.472
6938.0 1.472 1.47
4362.0 1.47 2.107
4428.0 2.107 2.741
6070.0 2.741 2.076
9818.0 2.076 1.721
11972.0 1.721 1.374
11276.0 1.374 1.224
8638.0 1.224 1.202
4328.0 1.202 1.75
4252.0 1.75 2.1
5136.0 2.1 1.668
9270.0 1.668 1.386
12164.0 1.386 1.112
11990.0 1.112 1.0
8888.0 1.0 1.0
4184.0 1.0 1.455
4411.0 1.455 1.746
6333.0 1.746 1.304
10097.0 1.304 1.075
10913.0 1.075 1.0
8811.0 1.0 1.0
4601.0 1.0 1.459
4292.0 1.459 1.75
5682.0 1.75 1.352
9638.0 1.352 1.112
11258.0 1.112 1.0
9836.0 1.0 1.0
5542.0 1.0 1.08
4276.0 1.08 1.555
4881.0 1.555 1.866
7429.0 1.866 1.311
10639.0 1.311 1.074
11281.0 1.074 1.0
8913.0 1.0 1.0
4451.0 1.0 1.477
4315.0 1.477 1.773
5233.0 1.773 1.402
8891.0 1.402 1.189
10027.0 1.189 1.042
8165.0 1.042 1.015
4176.0 1.015 1.463
4314.0 1.463 1.756
6606.0 1.756 1.292
10342.0 1.292 1.055
10790.0 1.055 1.0
7798.0 1.0 1.005
5399.0 1.005 1.047
4176.0 1.047 1.365
5495.0 1.365 1.065
8631.0 1.065 1.0
11415.0 1.0 1.0
9977.0 1.0 1.0
5599.0 1.0 1.076
4297.0 1.076 1.519
5235.0 1.519 1.201
7907.0 1.201 1.0
11397.0 1.0 1.0
10295.0 1.0 1.0
6253.0 1.0 1.055
4269.0 1.055 1.502
5358.0 1.502 1.18
7716.0 1.18 1.06
10204.0 1.06 1.0
8800.0 1.0 1.0
5262.0 1.0 1.051
4176.0 1.051 1.477
5294.0 1.477 1.164
8226.0 1.164 1.021
10932.0 1.021 1.0
10010.0 1.0 1.0
5968.0 1.0 1.061
4324.0 1.061 1.506
4563.0 1.506 1.807
6597.0 1.807 1.33
9511.0 1.33 1.13
10249.0 1.13 1.0
8317.0 1.0 1.0
6254.0 1.0 1.016
4250.0 1.016 1.448
4372.0 1.448 1.738
5847.0 1.738 1.331
9567.0 1.331 1.109
10655.0 1.109 1.0
8855.0 1.0 1.0
4393.0 1.0 1.478
4434.0 1.478 1.773
6278.0 1.773 1.328
8764.0 1.328 1.161
9398.0 1.161 1.044
7696.0 1.044 1.024
6072.0 1.024 1.035
4214.0 1.035 1.472
4888.0 1.472 1.767
7298.0 1.767 1.251
9916.0 1.251 1.068
9850.0 1.068 1.0
7050.0 1.0 1.005
4987.0 1.005 1.448
4411.0 1.448 1.888
5297.0 1.888 1.488
8275.0 1.488 1.31
9099.0 1.31 1.17
7799.0 1.17 1.14
5377.0 1.14 1.179
4280.0 1.179 1.537
5119.0 1.537 1.222
7434.0 1.222 1.0
9904.0 1.0 1.0
8550.0 1.0 1.0
4844.0 1.0 1.47
4363.0 1.47 1.764
5925.0 1.764 1.346
9117.0 1.346 1.148
9923.0 1.148 1.016
7887.0 1.016 1.0
5955.0 1.0 1.036
4208.0 1.036 1.468
4917.0 1.468 1.761
7142.0 1.761 1.258
9730.0 1.258 1.073
9490.0 1.073 1.0
7178.0 1.0 1.003
5199.0 1.003 1.038
4324.0 1.038 1.457
6100.0 1.457 1.102
10382.0 1.102 1.0
10502.0 1.0 1.0
6964.0 1.0 1.03
4733.0 1.03 1.484
4428.0 1.484 1.781
5623.0 1.781 1.38
9827.0 1.38 1.128
11109.0 1.128 1.0
9655.0 1.0 1.0
5445.0 1.0 1.075
4241.0 1.075 1.514
5137.0 1.514 1.203
7791.0 1.203 1.0
10717.0 1.0 1.0
10203.0 1.0 1.0
6329.0 1.0 1.052
4176.0 1.052 1.494
4728.0 1.494 1.792
6128.0 1.792 1.353
10058.0 1.353 1.107
11180.0 1.107 1.0
9524.0 1.0 1.0
5230.0 1.0 1.083
4226.0 1.083 1.525
5098.0 1.525 1.214
7034.0 1.214 1.0
10420.0 1.0 1.0
9654.0 1.0 1.0
5864.0 1.0 1.058
4257.0 1.058 1.5
4771.0 1.5 1.8
7121.0 1.8 1.288
10085.0 1.288 1.082
10655.0 1.082 1.0
8309.0 1.0 1.0
6246.0 1.0 1.017
4257.0 1.017 1.45
4514.0 1.45 1.74
6500.0 1.74 1.288
10482.0 1.288 1.04
11724.0 1.04 1.0
9848.0 1.0 1.0
5386.0 1.0 1.058
4307.0 1.058 1.491
5143.0 1.491 1.185
7795.0 1.185 1.0
11255.0 1.0 1.0
10321.0 1.0 1.0
6195.0 1.0 1.058
4386.0 1.058 1.506
4380.0 1.506 1.807
6331.0 1.807 1.35
10255.0 1.35 1.101
11261.0 1.101 1.0
9357.0 1.0 1.0
4895.0 1.0 1.464
4176.0 1.464 1.905
5797.0 1.905 1.463
8689.0 1.463 1.267
10079.0 1.267 1.091
8503.0 1.091 1.048
5371.0 1.048 1.093
4176.0 1.093 1.552
5262.0 1.552 1.225
7548.0 1.225 1.104
10058.0 1.104 1.0
8360.0 1.0 1.0
6465.0 1.0 1.021
4234.0 1.021 1.46
4604.0 1.46 1.751
6712.0 1.751 1.281
9666.0 1.281 1.076
10004.0 1.076 1.0
7484.0 1.0 1.0
5505.0 1.0 1.045
4424.0 1.045 1.473
5748.0 1.473 1.134
9228.0 1.134 1.0
9450.0 1.0 1.0
6752.0 1.0 1.008
4773.0 1.008 1.464
4510.0 1.464 1.757
5795.0 1.757 1.349
9869.0 1.349 1.106
11041.0 1.106 1.0
9207.0 1.0 1.0
4997.0 1.0 1.484
4333.0 1.484 1.781
5277.0 1.781 1.405
8977.0 1.405 1.188
10139.0 1.188 1.037
8849.0 1.037 1.0
5235.0 1.0 1.069
4235.0 1.069 1.501
5408.0 1.501 1.176
7844.0 1.176 1.05
10448.0 1.05 1.0
7800.0 1.0 1.0
5569.0 1.0 1.051
4338.0 1.051 1.482
4722.0 1.482 1.779
7171.0 1.779 1.268
10357.0 1.268 1.05
10981.0 1.05 1.0
8503.0 1.0 1.0
4248.0 1.0 1.47
4342.0 1.47 1.764
6324.0 1.764 1.318
9936.0 1.318 1.089
11228.0 1.089 1.0
9578.0 1.0 1.0
5116.0 1.0 1.065
4267.0 1.065 1.386
5397.0 1.386 1.086
8540.0 1.086 1.0
11722.0 1.0 1.0
10116.0 1.0 1.0
5906.0 1.0 1.049
4240.0 1.049 1.48
4428.0 1.48 1.776
6532.0 1.776 1.312
10460.0 1.312 1.067
10854.0 1.067 1.0
7702.0 1.0 1.009
5303.0 1.009 1.049
4229.0 1.049 1.476
5402.0 1.476 1.157
8080.0 1.157 1.023
10870.0 1.023 1.0
9974.0 1.0 1.0
6016.0 1.0 1.058
4447.0 1.058 1.503
5215.0 1.503 1.189
7826.0 1.189 1.0
10924.0 1.0 1.0
10410.0 1.0 1.0
6620.0 1.0 1.042
4389.0 1.042 1.493
4276.0 1.493 1.791
5842.0 1.791 1.373
9852.0 1.373 1.124
11490.0 1.124 1.0
10066.0 1.0 1.0
5856.0 1.0 1.068
4196.0 1.068 1.506
4462.0 1.506 1.807
6161.0 1.807 1.362
9665.0 1.362 1.137
10027.0 1.137 1.014
7521.0 1.014 1.008
5323.0 1.008 1.048
4182.0 1.048 1.486
5715.0 1.486 1.147
10309.0 1.147 1.0
11451.0 1.0 1.0
8837.0 1.0 1.0
4291.0 1.0 1.456
4218.0 1.456 1.747
5808.0 1.747 1.341
9662.0 1.341 1.103
11262.0 1.103 1.0
10058.0 1.0 1.0
5764.0 1.0 1.07
4318.0 1.07 1.514
4727.0 1.514 1.816
6706.0 1.816 1.329
9836.0 1.329 1.117
9810.0 1.117 1.009
7030.0 1.009 1.024
4793.0 1.024 1.474
4244.0 1.474 1.769
5546.0 1.769 1.377
9856.0 1.377 1.122
11696.0 1.122 1.0
10832.0 1.0 1.0
6706.0 1.0 1.048
4223.0 1.048 1.503
4402.0 1.503 1.803
5669.0 1.803 1.394
9573.0 1.394 1.156
11233.0 1.156 1.0
10055.0 1.0 1.0
5929.0 1.0 1.064
4212.0 1.064 1.512
4640.0 1.512 1.814
6696.0 1.814 1.328
10656.0 1.328 1.069
11964.0 1.069 1.0
10012.0 1.0 1.0
5466.0 1.0 1.062
4231.0 1.062 1.499
5073.0 1.499 1.195
7753.0 1.195 1.0
10747.0 1.0 1.0
9729.0 1.0 1.0
5687.0 1.0 1.067
4308.0 1.067 1.508
4529.0 1.508 1.81
6572.0 1.81 1.334
9584.0 1.334 1.128
9770.0 1.128 1.02
6976.0 1.02 1.035
4995.0 1.035 1.504
4323.0 1.504 1.958
5259.0 1.958 1.546
9399.0 1.546 1.123
11407.0 1.123 1.0
10901.0 1.0 1.0
7447.0 1.0 1.021
4964.0 1.021 1.495
4354.0 1.495 1.944
4777.0 1.944 2.333
9443.0 2.333 1.709
11603.0 1.709 1.41
11474.0 1.41 1.235
9066.0 1.235 1.193
5128.0 1.193 1.297
4183.0 1.297 1.828
4488.0 1.828 2.194
6252.0 2.194 1.645
9892.0 1.645 1.352
10964.0 1.352 1.135
10314.0 1.135 1.027
7530.0 1.027 1.039
5185.0 1.039 1.105
4281.0 1.105 1.553
5044.0 1.553 1.24
7249.0 1.24 1.005
10337.0 1.005 1.0
9651.0 1.0 1.0
6029.0 1.0 1.036
4185.0 1.036 1.474
4395.0 1.474 1.769
6645.0 1.769 1.299
10031.0 1.299 1.082
11051.0 1.082 1.0
9043.0 1.0 1.0
4917.0 1.0 1.48
4458.0 1.48 1.776
5808.0 1.776 1.364
10914.0 1.364 1.061
12806.0 1.061 1.0
11420.0 1.0 1.0
6706.0 1.0 1.061
4206.0 1.061 1.522
4654.0 1.522 1.826
6579.0 1.826 1.345
9507.0 1.345 1.143
9381.0 1.143 1.044
7109.0 1.044 1.05
5149.0 1.05 1.084
4262.0 1.084 1.526
5451.0 1.526 1.193
8231.0 1.193 1.047
11291.0 1.047 1.0
10353.0 1.0 1.0
6395.0 1.0 1.053
4181.0 1.053 1.527
4597.0 1.527 1.832
6708.0 1.832 1.34
9162.0 1.34 1.174
8486.0 1.174 1.106
6112.0 1.106 1.136
4272.0 1.136 1.616
4291.0 1.616 1.94
6289.0 1.94 1.452
9927.0 1.452 1.192
11225.0 1.192 1.0
9737.0 1.0 1.0
5191.0 1.0 1.071
4222.0 1.071 1.394
6070.0 1.394 1.056
10414.0 1.056 1.0
10704.0 1.0 1.0
7586.0 1.0 1.004
5355.0 1.004 1.063
4176.0 1.063 1.5
5338.0 1.5 1.18
7940.0 1.18 1.045
11430.0 1.045 1.0
10640.0 1.0 1.0
6514.0 1.0 1.053
4176.0 1.053 1.507
4568.0 1.507 1.809
6272.0 1.809 1.355
10372.0 1.355 1.097
11594.0 1.097 1.0
9632.0 1.0 1.0
5002.0 1.0 1.092
4498.0 1.092 1.42
6256.0 1.42 1.065
10402.0 1.065 1.0
10324.0 1.0 1.0
6534.0 1.0 1.034
4303.0 1.034 1.502
4587.0 1.502 1.802
6941.0 1.802 1.302
11089.0 1.302 1.026
12221.0 1.026 1.0
9195.0 1.0 1.0
4397.0 1.0 1.467
4191.0 1.467 1.76
5544.0 1.76 1.37
9804.0 1.37 1.122
10824.0 1.122 1.0
8288.0 1.0 1.0
6057.0 1.0 1.024
4207.0 1.024 1.464
4819.0 1.464 1.757
7197.0 1.757 1.251
10433.0 1.251 1.031
10957.0 1.031 1.0
8263.0 1.0 1.0
6116.0 1.0 1.038
4233.0 1.038 1.473
4265.0 1.473 1.768
5829.0 1.768 1.356
9797.0 1.356 1.115
11279.0 1.115 1.0
9909.0 1.0 1.0
5531.0 1.0 1.069
4176.0 1.069 1.528
4699.0 1.528 1.834
7067.0 1.834 1.315
10287.0 1.315 1.083
11303.0 1.083 1.0
9235.0 1.0 1.0
4773.0 1.0 1.478
4233.0 1.478 1.773
5349.0 1.773 1.394
9765.0 1.394 1.0
11923.0 1.0 1.0
9729.0 1.0 1.0
4679.0 1.0 1.495
4197.0 1.495 1.795
5389.0 1.795 1.408
10675.0 1.408 1.113
14045.0 1.113 1.0
13143.0 1.0 1.0
8429.0 1.0 1.025
5358.0 1.025 1.109
4253.0 1.109 1.595
4823.0 1.595 1.914
6584.0 1.914 1.41
8678.0 1.41 1.246
8624.0 1.246 1.156
6994.0 1.156 1.147
5569.0 1.147 1.171
4308.0 1.171 1.652
4787.0 1.652 1.983
6394.0 1.983 1.476
10390.0 1.476 1.193
11876.0 1.193 1.0
10736.0 1.0 1.0
6442.0 1.0 1.057
4176.0 1.057 1.511
4636.0 1.511 1.813
6437.0 1.813 1.346
11315.0 1.346 1.043
13045.0 1.043 1.0
11037.0 1.0 1.0
6239.0 1.0 1.075
4276.0 1.075 1.525
4236.0 1.525 1.83
5838.0 1.83 1.403
8452.0 1.403 1.229
8590.0 1.229 1.136
6600.0 1.136 1.15
4877.0 1.15 1.645
4255.0 1.645 1.974
5419.0 1.974 1.546
9795.0 1.546 1.274
11803.0 1.274 1.019
11391.0 1.019 1.0
7749.0 1.0 1.018
5266.0 1.018 1.086
4394.0 1.086 1.527
5727.0 1.527 1.178
11131.0 1.178 1.0
12071.0 1.0 1.0
9205.0 1.0 1.0
4263.0 1.0 1.459
4316.0 1.459 1.751
5415.0 1.751 1.372
8787.0 1.372 1.178
8903.0 1.178 1.088
6493.0 1.088 1.108
4947.0 1.108 1.585
4343.0 1.585 1.902
5482.0 1.902 1.485
10208.0 1.485 1.034
12692.0 1.034 1.0
11562.0 1.0 1.0
7352.0 1.0 1.03
4617.0 1.03 1.517
4346.0 1.517 1.821
4717.0 1.821 2.185
8291.0 2.185 1.692
9797.0 1.692 1.488
9301.0 1.488 1.376
6765.0 1.376 1.4
4176.0 1.4 2.001
4462.0 2.001 2.401
8032.0 2.401 1.874
11005.0 1.874 1.551
11344.0 1.551 1.345
8362.0 1.345 1.331
5044.0 1.331 1.437
4238.0 1.437 1.869
4360.0 1.869 2.243
5721.0 2.243 1.73
9445.0 1.73 1.451
10681.0 1.451 1.245
10293.0 1.245 1.122
7979.0 1.122 1.114
4224.0 1.114 1.632
4920.0 1.632 1.958
7220.0 1.958 1.393
9682.0 1.393 1.184
10824.0 1.184 1.016
9322.0 1.016 1.0
5462.0 1.0 1.068
4240.0 1.068 1.506
5469.0 1.506 1.177
8344.0 1.177 1.028
12128.0 1.028 1.0
11230.0 1.0 1.0
7356.0 1.0 1.031
4873.0 1.031 1.494
4488.0 1.494 1.943
5135.0 1.943 1.544
9291.0 1.544 1.127
11115.0 1.127 1.0
10567.0 1.0 1.0
7029.0 1.0 1.031
4714.0 1.031 1.508
4227.0 1.508 1.81
5191.0 1.81 1.434
9547.0 1.434 1.192
11289.0 1.192 1.0
9125.0 1.0 1.0
4411.0 1.0 1.461
4362.0 1.461 1.753
5803.0 1.753 1.346
10529.0 1.346 1.067
12509.0 1.067 1.0
11041.0 1.0 1.0
6663.0 1.0 1.037
4186.0 1.037 1.514
4460.0 1.514 1.817
6105.0 1.817 1.373
9743.0 1.373 1.138
11215.0 1.138 1.0
9897.0 1.0 1.0
5603.0 1.0 1.057
4196.0 1.057 1.495
4843.0 1.495 1.794
7174.0 1.794 1.279
10612.0 1.279 1.042
11100.0 1.042 1.0
7662.0 1.0 1.009
5263.0 1.009 1.062
4176.0 1.062 1.384
5215.0 1.384 1.095
7846.0 1.095 1.0
9806.0 1.0 1.0
7444.0 1.0 1.0
5801.0 1.0 1.017
4176.0 1.017 1.439
4569.0 1.439 1.727
6847.0 1.727 1.254
10503.0 1.254 1.025
11393.0 1.025 1.0
8945.0 1.0 1.0
4399.0 1.0 1.475
4334.0 1.475 1.77
5158.0 1.77 1.405
8884.0 1.405 1.191
9792.0 1.191 1.055
7790.0 1.055 1.038
5831.0 1.038 1.064
4176.0 1.064 1.502
4590.0 1.502 1.803
7031.0 1.803 1.296
10679.0 1.296 1.053
11919.0 1.053 1.0
9897.0 1.0 1.0
5267.0 1.0 1.089
4181.0 1.089 1.533
4839.0 1.533 1.84
7309.0 1.84 1.302
10053.0 1.302 1.094
10599.0 1.094 1.0
8679.0 1.0 1.0
4385.0 1.0 1.473
4253.0 1.473 1.767
5826.0 1.767 1.356
10212.0 1.356 1.092
12028.0 1.092 1.0
10752.0 1.0 1.0
6374.0 1.0 1.06
4258.0 1.06 1.505
4315.0 1.505 1.806
5926.0 1.806 1.378
10264.0 1.378 1.112
11946.0 1.112 1.0
10608.0 1.0 1.0
6146.0 1.0 1.067
4176.0 1.067 1.51
4573.0 1.51 1.812
6456.0 1.812 1.344
9986.0 1.344 1.114
10690.0 1.114 1.0
8540.0 1.0 1.0
4218.0 1.0 1.472
4682.0 1.472 1.766
6587.0 1.766 1.301
10125.0 1.301 1.074
11165.0 1.074 1.0
9127.0 1.0 1.0
4581.0 1.0 1.483
4176.0 1.483 1.779
5450.0 1.779 1.391
10150.0 1.391 1.116
11614.0 1.116 1.0
10082.0 1.0 1.0
5704.0 1.0 1.073
4252.0 1.073 1.516
5049.0 1.516 1.21
8045.0 1.21 1.065
11301.0 1.065 1.0
10561.0 1.0 1.0
6771.0 1.0 1.04
4372.0 1.04 1.517
4357.0 1.517 1.821
5846.0 1.821 1.395
10176.0 1.395 1.126
12178.0 1.126 1.0
11034.0 1.0 1.0
6656.0 1.0 1.054
4176.0 1.054 1.511
4577.0 1.511 1.813
6462.0 1.813 1.344
9828.0 1.344 1.123
10198.0 1.123 1.0
7916.0 1.0 1.0
5769.0 1.0 1.028
4201.0 1.028 1.457
5029.0 1.457 1.164
7883.0 1.164 1.0
11847.0 1.0 1.0
11165.0 1.0 1.0
7291.0 1.0 1.021
4724.0 1.021 1.501
4176.0 1.501 1.801
4513.0 1.801 2.162
6040.0 2.162 1.639
8976.0 1.639 1.402
9506.0 1.402 1.258
8206.0 1.258 1.209
5526.0 1.209 1.261
4341.0 1.261 1.645
5234.0 1.645 1.301
10338.0 1.301 1.044
12472.0 1.044 1.0
10658.0 1.0 1.0
5692.0 1.0 1.086
4176.0 1.086 1.56
4660.0 1.56 1.872
7056.0 1.872 1.343
9622.0 1.343 1.148
9142.0 1.148 1.061
6862.0 1.061 1.069
5033.0 1.069 1.107
4229.0 1.107 1.55
5435.0 1.55 1.213
8051.0 1.213 1.073
12187.0 1.073 1.0
10719.0 1.0 1.0
6089.0 1.0 1.07
4327.0 1.07 1.519
4463.0 1.519 1.823
6631.0 1.823 1.34
9629.0 1.34 1.148
9869.0 1.148 1.03
7585.0 1.03 1.022
5517.0 1.022 1.052
4276.0 1.052 1.373
5223.0 1.373 1.087
7977.0 1.087 1.0
11243.0 1.0 1.0
9553.0 1.0 1.0
5427.0 1.0 1.057
4245.0 1.057 1.491
5226.0 1.491 1.179
8549.0 1.179 1.019
12201.0 1.019 1.0
10905.0 1.0 1.0
6527.0 1.0 1.057
4318.0 1.057 1.511
4535.0 1.511 1.813
6419.0 1.813 1.347
10203.0 1.347 1.103
10851.0 1.103 1.0
8559.0 1.0 1.0
4265.0 1.0 1.457
4709.0 1.457 1.749
6977.0 1.749 1.261
11009.0 1.261 1.003
11553.0 1.003 1.0
8241.0 1.0 1.001
5842.0 1.001 1.032
4275.0 1.032 1.462
4971.0 1.462 1.754
7676.0 1.754 1.215
10392.0 1.215 1.014
10184.0 1.014 1.0
6880.0 1.0 1.027
4733.0 1.027 1.495
4552.0 1.495 1.794
6127.0 1.794 1.355
10825.0 1.355 1.066
12717.0 1.066 1.0
11149.0 1.0 1.0
6351.0 1.0 1.069
4262.0 1.069 1.528
4749.0 1.528 1.833
6107.0 1.833 1.385
9407.0 1.385 1.17
9895.0 1.17 1.044
7473.0 1.044 1.041
5428.0 1.041 1.074
4261.0 1.074 1.514
5205.0 1.514 1.199
8278.0 1.199 1.048
11826.0 1.048 1.0
11078.0 1.0 1.0
7120.0 1.0 1.025
4553.0 1.025 1.503
4288.0 1.503 1.804
5136.0 1.804 1.433
9126.0 1.433 1.202
10358.0 1.202 1.042
8310.0 1.042 1.014
4312.0 1.014 1.488
4256.0 1.488 1.786
6223.0 1.786 1.341
9615.0 1.341 1.122
10291.0 1.122 1.0
8079.0 1.0 1.0
6016.0 1.0 1.021
4235.0 1.021 1.45
4793.0 1.45 1.741
7117.0 1.741 1.245
10515.0 1.245 1.022
10805.0 1.022 1.0
7541.0 1.0 1.013
5226.0 1.013 1.053
4261.0 1.053 1.479
5211.0 1.479 1.17
8066.0 1.17 1.032
11186.0 1.032 1.0
8850.0 1.0 1.0
4233.0 1.0 1.478
4547.0 1.478 1.773
6727.0 1.773 1.296
10471.0 1.296 1.055
11801.0 1.055 1.0
9727.0 1.0 1.0
5181.0 1.0 1.067
4340.0 1.067 1.496
5175.0 1.496 1.187
7762.0 1.187 1.059
10410.0 1.059 1.0
8146.0 1.0 1.0
5999.0 1.0 1.023
4248.0 1.023 1.447
4575.0 1.447 1.736
6465.0 1.736 1.287
9503.0 1.287 1.089
9567.0 1.089 1.0
7069.0 1.0 1.002
5006.0 1.002 1.046
4176.0 1.046 1.467
5849.0 1.467 1.124
10545.0 1.124 1.0
11639.0 1.0 1.0
8941.0 1.0 1.0
4261.0 1.0 1.479
4575.0 1.479 1.775
5751.0 1.775 1.366
9335.0 1.366 1.149
10243.0 1.149 1.005
8723.0 1.005 1.0
4761.0 1.0 1.456
4474.0 1.456 1.747
6400.0 1.747 1.3
9246.0 1.3 1.109
9520.0 1.109 1.001
7132.0 1.001 1.007
5075.0 1.007 1.048
4444.0 1.048 1.468
5191.0 1.468 1.163
7922.0 1.163 1.0
11546.0 1.0 1.0
10696.0 1.0 1.0
6486.0 1.0 1.053
4233.0 1.053 1.506
4346.0 1.506 1.807
5287.0 1.807 1.425
9041.0 1.425 1.202
10287.0 1.202 1.044
9079.0 1.044 1.0
5495.0 1.0 1.061
4250.0 1.061 1.496
4712.0 1.496 1.795
7297.0 1.795 1.271
11157.0 1.271 1.013
12229.0 1.013 1.0
9577.0 1.0 1.0
4443.0 1.0 1.491
4284.0 1.491 1.79
6012.0 1.79 1.359
9340.0 1.359 1.151
10518.0 1.151 1.0
9022.0 1.0 1.0
4980.0 1.0 1.48
4261.0 1.48 1.776
5440.0 1.776 1.389
10038.0 1.389 1.118
12240.0 1.118 1.0
11072.0 1.0 1.0
6862.0 1.0 1.048
4379.0 1.048 1.53
4238.0 1.53 1.836
5354.0 1.836 1.443
10182.0 1.443 1.151
13008.0 1.151 1.0
12016.0 1.0 1.0
7806.0 1.0 1.027
5071.0 1.027 1.115
4206.0 1.115 1.45
5320.0 1.45 1.141
7810.0 1.141 1.0
12328.0 1.0 1.0
11142.0 1.0 1.0
6764.0 1.0 1.053
4176.0 1.053 1.511
4282.0 1.511 1.813
5915.0 1.813 1.384
9449.0 1.384 1.17
10767.0 1.17 1.002
9429.0 1.002 1.0
5343.0 1.0 1.073
4349.0 1.073 1.509
5971.0 1.509 1.148
10819.0 1.148 1.0
12321.0 1.0 1.0
9875.0 1.0 1.0
4909.0 1.0 1.475
4243.0 1.475 1.92
5236.0 1.92 1.518
9454.0 1.518 1.099
12098.0 1.099 1.0
10920.0 1.0 1.0
6458.0 1.0 1.062
4176.0 1.062 1.553
4176.0 1.553 1.864
5265.0 1.864 1.471
8801.0 1.471 1.105
10339.0 1.105 1.0
9071.0 1.0 1.0
5197.0 1.0 1.074
4182.0 1.074 1.508
5814.0 1.508 1.157
10572.0 1.157 1.0
11430.0 1.0 1.0
8480.0 1.0 1.0
4278.0 1.0 1.476
4640.0 1.476 1.771
7064.0 1.771 1.271
9872.0 1.271 1.06
10352.0 1.06 1.0
7854.0 1.0 1.0
5791.0 1.0 1.042
4254.0 1.042 1.475
4461.0 1.475 1.77
6799.0 1.77 1.289
9519.0 1.289 1.099
9347.0 1.099 1.008
6917.0 1.008 1.019
4921.0 1.019 1.46
4176.0 1.46 1.752
4837.0 1.752 2.103
9055.0 2.103 1.559
10612.0 1.559 1.312
9268.0 1.312 1.24
5380.0 1.24 1.325
4176.0 1.325 1.883
4730.0 1.883 2.26
8108.0 2.26 1.759
11513.0 1.759 1.402
11135.0 1.402 1.236
8405.0 1.236 1.218
4475.0 1.218 1.769
4426.0 1.769 2.303
4608.0 2.303 2.764
7688.0 2.764 2.193
10028.0 2.193 1.855
10235.0 1.855 1.643
8252.0 1.643 1.604
5784.0 1.604 1.651
4176.0 1.651 2.332
4321.0 2.332 2.799
6905.0 2.799 2.026
10115.0 2.026 1.679
10121.0 1.679 1.503
6953.0 1.503 1.542
4181.0 1.542 2.194
4398.0 2.194 2.633
5906.0 2.633 2.011
8646.0 2.011 1.535
10326.0 1.535 1.31
9652.0 1.31 1.202
7258.0 1.202 1.199
4239.0 1.199 1.71
4359.0 1.71 2.052
6056.0 2.052 1.555
9416.0 1.555 1.304
9976.0 1.304 1.142
8028.0 1.142 1.12
4400.0 1.12 1.625
4417.0 1.625 1.95
5350.0 1.95 1.533
9118.0 1.533 1.132
11114.0 1.132 1.0
10136.0 1.0 1.0
6346.0 1.0 1.05
4209.0 1.05 1.496
4252.0 1.496 1.796
5747.0 1.796 1.383
9527.0 1.383 1.162
10583.0 1.162 1.01
8471.0 1.01 1.0
4259.0 1.0 1.469
4588.0 1.469 1.763
6651.0 1.763 1.294
9081.0 1.294 1.12
9215.0 1.12 1.026
7239.0 1.026 1.016
5392.0 1.016 1.042
4176.0 1.042 1.47
5650.0 1.47 1.138
8472.0 1.138 1.0
12356.0 1.0 1.0
10918.0 1.0 1.0
6540.0 1.0 1.058
4206.0 1.058 1.53
4489.0 1.53 1.836
5521.0 1.836 1.431
9425.0 1.431 1.191
10805.0 1.191 1.018
8795.0 1.018 1.0
4176.0 1.0 1.476
4313.0 1.476 1.771
6400.0 1.771 1.317
9878.0 1.317 1.092
10914.0 1.092 1.0
8632.0 1.0 1.0
4256.0 1.0 1.473
4271.0 1.473 1.767
5422.0 1.767 1.384
9554.0 1.384 1.142
11038.0 1.142 1.0
9854.0 1.0 1.0
5812.0 1.0 1.065
4176.0 1.065 1.509
4423.0 1.509 1.811
6302.0 1.811 1.355
9322.0 1.355 1.149
10374.0 1.149 1.007
8516.0 1.007 1.0
4584.0 1.0 1.472
4238.0 1.472 1.766
5722.0 1.766 1.362
10266.0 1.362 1.09
12054.0 1.09 1.0
11006.0 1.0 1.0
6628.0 1.0 1.055
4176.0 1.055 1.513
4363.0 1.513 1.816
5669.0 1.816 1.404
9387.0 1.404 1.175
11215.0 1.175 1.0
10187.0 1.0 1.0
6313.0 1.0 1.052
4231.0 1.052 1.501
4523.0 1.501 1.802
6204.0 1.802 1.354
9762.0 1.354 1.127
10476.0 1.127 1.0
8502.0 1.0 1.0
4176.0 1.0 1.471
4485.0 1.471 1.765
5798.0 1.765 1.356
9582.0 1.356 1.126
10476.0 1.126 1.0
8150.0 1.0 1.0
5835.0 1.0 1.032
4179.0 1.032 1.469
5008.0 1.469 1.175
7575.0 1.175 1.0
11173.0 1.0 1.0
10155.0 1.0 1.0
6197.0 1.0 1.045
4181.0 1.045 1.482
4434.0 1.482 1.779
6464.0 1.779 1.319
10576.0 1.319 1.064
11626.0 1.064 1.0
9356.0 1.0 1.0
4642.0 1.0 1.487
4454.0 1.487 1.784
5912.0 1.784 1.362
8958.0 1.362 1.167
9826.0 1.167 1.032
8118.0 1.032 1.001
6481.0 1.001 1.015
4597.0 1.015 1.466
4396.0 1.466 1.759
6110.0 1.759 1.329
10282.0 1.329 1.076
11012.0 1.076 1.0
8074.0 1.0 1.0
5591.0 1.0 1.041
4258.0 1.041 1.474
4941.0 1.474 1.769
7359.0 1.769 1.248
10073.0 1.248 1.048
9391.0 1.048 1.0
5779.0 1.0 1.045
4176.0 1.045 1.494
4989.0 1.494 1.792
7733.0 1.792 1.238
11075.0 1.238 1.0
11623.0 1.0 1.0
8841.0 1.0 1.0
4249.0 1.0 1.48
4224.0 1.48 1.776
6077.0 1.776 1.344
10173.0 1.344 1.097
11467.0 1.097 1.0
9595.0 1.0 1.0
5049.0 1.0 1.09
4258.0 1.09 1.527
5026.0 1.527 1.22
7223.0 1.22 1.0
10429.0 1.0 1.0
9663.0 1.0 1.0
5789.0 1.0 1.062
4331.0 1.062 1.518
4796.0 1.518 1.822
7043.0 1.822 1.308
10873.0 1.308 1.048
12073.0 1.048 1.0
10071.0 1.0 1.0
5273.0 1.0 1.067
4296.0 1.067 1.501
5177.0 1.501 1.19
7531.0 1.19 1.072
10811.0 1.072 1.0
8997.0 1.0 1.0
4535.0 1.0 1.465
4280.0 1.465 1.758
5486.0 1.758 1.372
9736.0 1.372 1.123
11452.0 1.123 1.0
10102.0 1.0 1.0
5808.0 1.0 1.071
4176.0 1.071 1.517
4587.0 1.517 1.82
7083.0 1.82 1.305
10487.0 1.305 1.066
11061.0 1.066 1.0
8575.0 1.0 1.0
4224.0 1.0 1.472
4714.0 1.472 1.767
7124.0 1.767 1.263
10748.0 1.263 1.01
11402.0 1.01 1.0
8868.0 1.0 1.0
4238.0 1.0 1.478
4247.0 1.478 1.774
5672.0 1.774 1.371
9420.0 1.371 1.145
10792.0 1.145 1.0
9396.0 1.0 1.0
5186.0 1.0 1.06
4195.0 1.06 1.491
5001.0 1.491 1.192
7566.0 1.192 1.0
10954.0 1.0 1.0
8844.0 1.0 1.0
4242.0 1.0 1.45
4229.0 1.45 1.739
6129.0 1.739 1.313
9689.0 1.313 1.092
10093.0 1.092 1.0
7555.0 1.0 1.0
5324.0 1.0 1.039
4176.0 1.039 1.462
5017.0 1.462 1.169
7555.0 1.169 1.0
10655.0 1.0 1.0
9301.0 1.0 1.0
5175.0 1.0 1.08
4176.0 1.08 1.405
4662.0 1.405 1.686
7051.0 1.686 1.211
10389.0 1.211 1.002
10799.0 1.002 1.0
8225.0 1.0 1.0
5994.0 1.0 1.042
4176.0 1.042 1.48
4792.0 1.48 1.776
6895.0 1.776 1.286
10989.0 1.286 1.024
11879.0 1.024 1.0
9159.0 1.0 1.0
4277.0 1.0 1.483
4443.0 1.483 1.779
6222.0 1.779 1.336
9580.0 1.336 1.116
9538.0 1.116 1.014
7002.0 1.014 1.025
4968.0 1.025 1.48
4239.0 1.48 1.928
5539.0 1.928 1.501
9041.0 1.501 1.281
10469.0 1.281 1.092
9465.0 1.092 1.014
6347.0 1.014 1.037
4289.0 1.037 1.505
4221.0 1.505 1.806
5916.0 1.806 1.379
9498.0 1.379 1.168
10600.0 1.168 1.011
9070.0 1.011 1.0
4880.0 1.0 1.48
4281.0 1.48 1.776
5630.0 1.776 1.376
9306.0 1.376 1.152
10720.0 1.152 1.0
9072.0 1.0 1.0
5030.0 1.0 1.081
4350.0 1.081 1.516
5525.0 1.516 1.181
8187.0 1.181 1.039
10601.0 1.039 1.0
9215.0 1.0 1.0
5173.0 1.0 1.076
4245.0 1.076 1.512
5454.0 1.512 1.182
8015.0 1.182 1.049
9851.0 1.049 1.0
8529.0 1.0 1.0
4823.0 1.0 1.454
4285.0 1.454 1.745
5279.0 1.745 1.376
9205.0 1.376 1.166
10371.0 1.166 1.0
8655.0 1.0 1.0
4529.0 1.0 1.454
4176.0 1.454 1.745
5926.0 1.745 1.331
8760.0 1.331 1.157
9256.0 1.157 1.046
7002.0 1.046 1.051
5225.0 1.051 1.082
4454.0 1.082 1.519
5718.0 1.519 1.172
8878.0 1.172 1.012
7732.0 1.012 1.0
5767.0 1.0 1.026
4176.0 1.026 1.451
4294.0 1.451 1.741
5780.0 1.741 1.339
9266.0 1.339 1.139
10168.0 1.139 1.003
8440.0 1.003 1.0
4360.0 1.0 1.448
4638.0 1.448 1.738
5946.0 1.738 1.325
9750.0 1.325 1.096
10858.0 1.096 1.0
9056.0 1.0 1.0
4762.0 1.0 1.463
4456.0 1.463 1.756
6327.0 1.756 1.311
9557.0 1.311 1.108
10283.0 1.108 1.0
8133.0 1.0 1.0
6070.0 1.0 1.02
4176.0 1.02 1.464
4573.0 1.464 1.757
6867.0 1.757 1.274
10269.0 1.274 1.051
10449.0 1.051 1.0
7725.0 1.0 1.0
5578.0 1.0 1.031
4226.0 1.031 1.456
5798.0 1.456 1.118
8144.0 1.118 1.0
9248.0 1.0 1.0
7474.0 1.0 1.0
5663.0 1.0 1.022
4292.0 1.022 1.445
5074.0 1.445 1.152
7293.0 1.152 1.047
9115.0 1.047 1.0
9025.0 1.0 1.0
5571.0 1.0 1.044
4353.0 1.044 1.472
5557.0 1.472 1.145
7968.0 1.145 1.021
9006.0 1.021 1.0
6990.0 1.0 1.0
5095.0 1.0 1.036
4522.0 1.036 1.454
6451.0 1.454 1.079
9111.0 1.079 1.0
8149.0 1.0 1.0
6926.0 1.0 1.0
5031.0 1.0 1.037
4520.0 1.037 1.452
6955.0 1.452 1.048
9013.0 1.048 1.0
7761.0 1.0 1.0
6034.0 1.0 1.026
4187.0 1.026 1.468
4199.0 1.468 1.761
6255.0 1.761 1.321
9095.0 1.321 1.136
9489.0 1.136 1.025
7133.0 1.025 1.031
5357.0 1.031 1.072
4200.0 1.072 1.398
4610.0 1.398 1.678
6968.0 1.678 1.21
9750.0 1.21 1.03
9564.0 1.03 1.0
6270.0 1.0 1.038
4207.0 1.038 1.49
4269.0 1.49 1.789
6330.0 1.789 1.336
9232.0 1.336 1.144
8932.0 1.144 1.06
6424.0 1.06 1.074
4502.0 1.074 1.532
4190.0 1.532 1.997
5983.0 1.997 1.519
9535.0 1.519 1.272
10677.0 1.272 1.1
9655.0 1.1 1.021
6139.0 1.021 1.064
4229.0 1.064 1.533
4375.0 1.533 1.84
5585.0 1.84 1.429
9255.0 1.429 1.2
10199.0 1.2 1.052
7717.0 1.052 1.047
5653.0 1.047 1.085
4176.0 1.085 1.537
5040.0 1.537 1.227
7270.0 1.227 1.117
10802.0 1.117 1.0
10540.0 1.0 1.0
7254.0 1.0 1.015
4771.0 1.015 1.469
4263.0 1.469 1.911
4880.0 1.911 2.293
8976.0 2.293 1.713
10611.0 1.713 1.468
9927.0 1.468 1.348
7575.0 1.348 1.347
4212.0 1.347 1.954
4441.0 1.954 2.345
6381.0 2.345 1.747
9593.0 1.747 1.455
10673.0 1.455 1.229
10231.0 1.229 1.111
7743.0 1.111 1.11
4212.0 1.11 1.603
4469.0 1.603 1.923
5751.0 1.923 1.481
9231.0 1.481 1.247
10675.0 1.247 1.068
9475.0 1.068 1.0
6009.0 1.0 1.047
4301.0 1.047 1.478
4580.0 1.478 1.774
6761.0 1.774 1.294
9921.0 1.294 1.079
10725.0 1.079 1.0
8429.0 1.0 1.0
6282.0 1.0 1.022
4285.0 1.022 1.483
5025.0 1.483 1.185
7055.0 1.185 1.0
9164.0 1.0 1.0
9742.0 1.0 1.0
6876.0 1.0 1.01
4897.0 1.01 1.47
4322.0 1.47 1.764
5406.0 1.764 1.382
9350.0 1.382 1.15
10818.0 1.15 1.0
9730.0 1.0 1.0
5520.0 1.0 1.074
4214.0 1.074 1.517
4893.0 1.517 1.82
7221.0 1.82 1.295
10121.0 1.295 1.094
9839.0 1.094 1.0
6909.0 1.0 1.021
4510.0 1.021 1.461
4447.0 1.461 1.753
6309.0 1.753 1.311
10029.0 1.311 1.079
11251.0 1.079 1.0
9291.0 1.0 1.0
4997.0 1.0 1.471
4312.0 1.471 1.765
5206.0 1.765 1.398
9664.0 1.398 1.0
11522.0 1.0 1.0
10000.0 1.0 1.0
5706.0 1.0 1.074
4224.0 1.074 1.52
4749.0 1.52 1.824
6417.0 1.824 1.356
9589.0 1.356 1.143
10235.0 1.143 1.008
8301.0 1.008 1.0
6391.0 1.0 1.021
4225.0 1.021 1.48
4498.0 1.48 1.776
6098.0 1.776 1.343
9858.0 1.343 1.11
10968.0 1.11 1.0
9182.0 1.0 1.0
4636.0 1.0 1.456
4366.0 1.456 1.747
6291.0 1.747 1.307
9893.0 1.307 1.083
10579.0 1.083 1.0
7749.0 1.0 1.0
5350.0 1.0 1.039
4257.0 1.039 1.464
6043.0 1.464 1.11
9709.0 1.11 1.0
10033.0 1.0 1.0
7167.0 1.0 1.004
5104.0 1.004 1.048
4247.0 1.048 1.47
6099.0 1.47 1.111
10399.0 1.111 1.0
10821.0 1.0 1.0
7787.0 1.0 1.003
4176.0 1.003 1.479
4176.0 1.479 1.774
4215.0 1.774 2.129
4394.0 2.129 2.555
4244.0 2.555 3.066
4296.0 3.066 3.679
4488.0 3.679 4.415
5440.0 4.415 3.454
7597.0 3.454 3.12
8485.0 3.12 2.842
7821.0 2.842 2.725
6633.0 2.725 2.707
4809.0 2.707 3.878
4321.0 3.878 4.653
5089.0 4.653 3.706
7960.0 3.706 2.9
11108.0 2.9 2.361
11972.0 2.361 1.988
10344.0 1.988 1.839
7089.0 1.839 1.877
4182.0 1.877 2.7
4223.0 2.7 3.532
4684.0 3.532 4.238
5530.0 4.238 3.301
7699.0 3.301 2.972
9055.0 2.972 2.656
8187.0 2.656 2.532
6624.0 2.532 2.536
5412.0 2.536 2.595
4432.0 2.595 3.669
4426.0 3.669 4.402
5786.0 4.402 3.384
9454.0 3.384 2.843
11650.0 2.843 2.316
11442.0 2.316 2.019
8778.0 2.019 1.972
4962.0 1.972 2.895
4186.0 2.895 3.474
4878.0 3.474 4.169
7497.0 4.169 3.354
8633.0 3.354 3.03
8305.0 3.03 2.86
7420.0 2.86 2.781
5701.0 2.781 2.853
4415.0 2.853 4.051
4455.0 4.051 4.861
5424.0 4.861 3.806
8892.0 3.806 3.251
12413.0 3.251 2.56
12611.0 2.56 2.15
10335.0 2.15 2.019
6696.0 2.019 2.09
4216.0 2.09 2.993
4412.0 2.993 3.591
5152.0 3.591 2.851
8344.0 2.851 2.488
10042.0 2.488 2.125
10192.0 2.125 1.895
8515.0 1.895 1.824
6573.0 1.824 1.838
4283.0 1.838 2.649
4378.0 2.649 3.179
4792.0 3.179 3.815
6534.0 3.815 2.818
9132.0 2.818 2.419
10836.0 2.419 2.057
9724.0 2.057 1.903
7150.0 1.903 1.926
4908.0 1.926 2.772
4361.0 2.772 3.326
5911.0 3.326 2.54
9382.0 2.54 2.148
11080.0 2.148 1.795
9865.0 1.795 1.659
6328.0 1.659 1.73
4188.0 1.73 2.506
4176.0 2.506 3.007
5582.0 3.007 2.336
7608.0 2.336 2.109
9021.0 2.109 1.894
8679.0 1.894 1.774
7319.0 1.774 1.746
5441.0 1.746 1.794
4235.0 1.794 2.341
4735.0 2.341 2.809
7681.0 2.809 2.233
10672.0 2.233 1.828
10495.0 1.828 1.624
8056.0 1.624 1.606
5044.0 1.606 1.711
4200.0 1.711 2.432
4412.0 2.432 2.918
6200.0 2.918 2.194
9527.0 2.194 1.837
10412.0 1.837 1.598
9047.0 1.598 1.511
6457.0 1.511 1.557
4193.0 1.557 2.206
4383.0 2.206 2.647
6469.0 2.647 1.962
10336.0 1.962 1.62
10273.0 1.62 1.447
8413.0 1.447 1.41
5053.0 1.41 1.492
4231.0 1.492 2.106
4474.0 2.106 2.528
6786.0 2.528 1.841
9948.0 1.841 1.54
9459.0 1.54 1.424
7307.0 1.424 1.427
4359.0 1.427 2.051
4280.0 2.051 2.461
6313.0 2.461 1.839
9443.0 1.839 1.554
10871.0 1.554 1.33
9014.0 1.33 1.272
5714.0 1.272 1.327
4176.0 1.327 1.915
4229.0 1.915 2.298
4944.0 2.298 2.757
7588.0 2.757 1.92
10072.0 1.92 1.623
8971.0 1.623 1.528
6291.0 1.528 1.584
4377.0 1.584 2.257
4923.0 2.257 2.709
6847.0 2.709 1.967
6901.0 1.967 1.886
5871.0 1.886 1.894
4221.0 1.894 2.694
4179.0 2.694 3.233
5887.0 3.233 2.471
8128.0 2.471 2.186
8458.0 2.186 2.022
7111.0 2.022 1.992
5307.0 1.992 2.066
4263.0 2.066 2.903
5381.0 2.903 2.278
7123.0 2.278 1.866
8277.0 1.866 1.699
8043.0 1.699 1.605
7003.0 1.605 1.573
5047.0 1.573 1.634
4176.0 1.634 2.298
4419.0 2.298 2.758
6729.0 2.758 2.016
8460.0 2.016 1.811
8067.0 1.811 1.721
6805.0 1.721 1.71
4969.0 1.71 2.455
4534.0 2.455 2.946
6390.0 2.946 2.193
8625.0 2.193 1.943
8160.0 1.943 1.834
6944.0 1.834 1.813
5376.0 1.813 1.858
4279.0 1.858 2.423
4689.0 2.423 2.907
7039.0 2.907 2.089
8740.0 2.089 1.855
8368.0 1.855 1.743
6990.0 1.743 1.727
4944.0 1.727 2.486
4454.0 2.486 2.983
6142.0 2.983 2.25
8569.0 2.25 1.964
8311.0 1.964 1.843
6763.0 1.843 1.836
4567.0 1.836 2.655
4313.0 2.655 3.499
5427.0 3.499 2.739
8013.0 2.739 2.147
8925.0 2.147 1.925
8208.0 1.925 1.829
7074.0 1.829 1.805
5064.0 1.805 1.872
4337.0 1.872 2.434
5536.0 2.434 1.895
7920.0 1.895 1.697
8582.0 1.697 1.55
7446.0 1.55 1.511
5286.0 1.511 1.556
4198.0 1.556 2.195
4420.0 2.195 2.634
7138.0 2.634 1.882
8773.0 1.882 1.688
8531.0 1.688 1.573
7343.0 1.573 1.538
5593.0 1.538 1.572
4243.0 1.572 2.053
5088.0 2.053 1.636
8116.0 1.636 1.433
9462.0 1.433 1.269
8260.0 1.269 1.216
5786.0 1.216 1.246
4228.0 1.246 1.776
4665.0 1.776 2.132
5957.0 2.132 1.624
8867.0 1.624 1.41
9213.0 1.41 1.281
7983.0 1.281 1.239
5125.0 1.239 1.295
4183.0 1.295 1.826
4620.0 1.826 2.192
5959.0 2.192 1.669
8331.0 1.669 1.476
9045.0 1.476 1.332
7935.0 1.332 1.284
5839.0 1.284 1.307
4466.0 1.307 1.858
4226.0 1.858 2.229
4857.0 2.229 2.675
7611.0 2.675 2.129
9897.0 2.129 1.827
9168.0 1.827 1.698
7566.0 1.698 1.677
5346.0 1.677 1.738
4366.0 1.738 2.266
4798.0 2.266 2.719
7758.0 2.719 2.155
9105.0 2.155 1.926
8604.0 1.926 1.806
7476.0 1.806 1.765
5596.0 1.765 1.803
4407.0 1.803 2.546
5098.0 2.546 2.027
7620.0 2.027 1.614
8778.0 1.614 1.447
7970.0 1.447 1.382
5446.0 1.382 1.444
4258.0 1.444 2.044
4437.0 2.044 2.453
6839.0 2.453 1.782
8183.0 1.782 1.603
8697.0 1.603 1.469
7735.0 1.469 1.418
5897.0 1.418 1.44
4642.0 1.44 2.05
4240.0 2.05 2.46
5739.0 2.46 1.895
8531.0 1.895 1.452
9277.0 1.452 1.299
8479.0 1.299 1.232
6059.0 1.232 1.262
4576.0 1.262 1.8
4419.0 1.8 2.342
5017.0 2.342 1.872
7633.0 1.872 1.68
9277.0 1.68 1.474
8125.0 1.474 1.417
5817.0 1.417 1.453
4308.0 1.453 2.074
4230.0 2.074 2.715
6584.0 2.715 2.0
8843.0 2.0 1.772
7763.0 1.772 1.712
5787.0 1.712 1.757
4176.0 1.757 2.476
4323.0 2.476 2.971
6655.0 2.971 2.18
9298.0 2.18 1.867
9769.0 1.867 1.665
7789.0 1.665 1.638
5371.0 1.638 1.705
4258.0 1.705 2.223
5100.0 2.223 1.769
8000.0 1.769 1.565
9288.0 1.565 1.395
8490.0 1.395 1.317
6540.0 1.317 1.328
4279.0 1.328 1.882
5227.0 1.882 1.488
8345.0 1.488 1.308
9089.0 1.308 1.185
7593.0 1.185 1.158
4759.0 1.158 1.674
4352.0 1.674 2.008
5353.0 2.008 1.578
8281.0 1.578 1.393
8917.0 1.393 1.267
7789.0 1.267 1.224
5207.0 1.224 1.277
4211.0 1.277 1.805
5265.0 1.805 1.425
8337.0 1.425 1.251
8491.0 1.251 1.163
5993.0 1.163 1.198
4189.0 1.198 1.716
4369.0 1.716 2.059
5830.0 2.059 1.579
8208.0 1.579 1.399
8258.0 1.399 1.306
6012.0 1.306 1.339
4584.0 1.339 1.904
4259.0 1.904 2.481
4381.0 2.481 2.977
6561.0 2.977 2.196
9222.0 2.196 1.891
9693.0 1.891 1.695
8136.0 1.695 1.644
5564.0 1.644 1.712
4502.0 1.712 2.421
4691.0 2.421 2.905
7037.0 2.905 2.087
8729.0 2.087 1.859
8852.0 1.859 1.719
7746.0 1.719 1.667
5816.0 1.667 1.71
4209.0 1.71 2.413
4450.0 2.413 2.896
6354.0 2.896 2.16
9111.0 2.16 1.864
9222.0 1.864 1.7
7302.0 1.7 1.682
5008.0 1.682 1.76
4176.0 1.76 2.492
4673.0 2.492 2.99
6127.0 2.99 2.258
8911.0 2.258 1.953
9193.0 1.953 1.774
7723.0 1.774 1.728
5673.0 1.728 1.771
4219.0 1.771 2.314
4657.0 2.314 2.777
7101.0 2.777 2.269
8727.0 2.269 2.024
8397.0 2.024 1.897
6210.0 1.897 1.926
4446.0 1.926 2.756
4816.0 2.756 3.307
7002.0 3.307 2.381
8916.0 2.381 2.088
8772.0 2.088 1.938
7053.0 1.938 1.918
5223.0 1.918 1.992
4624.0 1.992 2.594
6308.0 2.594 1.94
8784.0 1.94 1.696
8991.0 1.696 1.554
7681.0 1.554 1.515
5293.0 1.515 1.58
4230.0 1.58 2.232
4230.0 2.232 2.91
5986.0 2.91 2.213
8785.0 2.213 1.934
9010.0 1.934 1.771
7327.0 1.771 1.741
5517.0 1.741 1.798
4317.0 1.798 2.347
5164.0 2.347 1.862
7374.0 1.862 1.694
7878.0 1.694 1.57
7062.0 1.57 1.533
5206.0 1.533 1.583
4176.0 1.583 2.236
4560.0 2.236 2.684
6834.0 2.684 1.95
8313.0 1.95 1.77
7125.0 1.77 1.731
5223.0 1.731 1.789
4279.0 1.789 2.51
5102.0 2.51 1.998
7528.0 1.998 1.598
8900.0 1.598 1.432
7988.0 1.432 1.371
5262.0 1.371 1.427
4355.0 1.427 2.018
4413.0 2.018 2.421
6709.0 2.421 1.772
8469.0 1.772 1.582
8845.0 1.582 1.449
8081.0 1.449 1.381
6165.0 1.381 1.405
4227.0 1.405 1.992
4802.0 1.992 2.39
7744.0 2.39 1.891
9490.0 1.891 1.659
8605.0 1.659 1.568
6489.0 1.568 1.583
4176.0 1.583 2.271
4429.0 2.271 2.725
6483.0 2.725 2.019
9198.0 2.019 1.745
9159.0 1.745 1.602
7963.0 1.602 1.546
5647.0 1.546 1.59
4284.0 1.59 2.078
5440.0 2.078 1.626
8062.0 1.626 1.439
7750.0 1.439 1.37
5084.0 1.37 1.441
4256.0 1.441 2.039
4420.0 2.039 2.446
6466.0 2.446 1.814
7960.0 1.814 1.643
7970.0 1.643 1.542
6930.0 1.542 1.513
5214.0 1.513 1.55
4335.0 1.55 2.182
4799.0 2.182 2.619
7307.0 2.619 1.853
9140.0 1.853 1.638
8069.0 1.638 1.574
5985.0 1.574 1.607
4176.0 1.607 2.267
4575.0 2.267 2.721
6615.0 2.721 2.001
9396.0 2.001 1.716
8742.0 1.716 1.613
6456.0 1.613 1.639
4279.0 1.639 2.32
4429.0 2.32 2.783
6553.0 2.783 2.054
9544.0 2.054 1.748
9469.0 1.748 1.6
7871.0 1.6 1.564
5209.0 1.564 1.642
4176.0 1.642 2.33
4406.0 2.33 2.796
6142.0 2.796 2.109
9259.0 2.109 1.803
9337.0 1.803 1.646
7863.0 1.646 1.604
5497.0 1.604 1.666
4349.0 1.666 2.174
4992.0 2.174 2.609
8142.0 2.609 2.029
10023.0 2.029 1.753
9717.0 1.753 1.598
7530.0 1.598 1.587
4768.0 1.587 2.306
4386.0 2.306 3.001
4711.0 3.001 3.601
6979.0 3.601 2.596
10108.0 2.596 2.161
11204.0 2.161 1.847
10145.0 1.847 1.696
6923.0 1.696 1.742
4176.0 1.742 2.501
4270.0 2.501 3.001
5662.0 3.001 2.321
8809.0 2.321 2.017
9484.0 2.017 1.809
7924.0 1.809 1.757
5812.0 1.757 1.789
4253.0 1.789 2.341
4752.0 2.341 2.809
7698.0 2.809 1.944
9849.0 1.944 1.673
9750.0 1.673 1.518
8136.0 1.518 1.472
5576.0 1.472 1.536
4188.0 1.536 2.177
4301.0 2.177 2.612
5697.0 2.612 2.017
7631.0 2.017 1.83
7739.0 1.83 1.722
6739.0 1.722 1.696
4991.0 1.696 2.439
4319.0 2.439 2.927
6045.0 2.927 2.219
7803.0 2.219 2.021
7302.0 2.021 1.947
5998.0 1.947 1.958
4462.0 1.958 2.784
4721.0 2.784 3.341
6381.0 3.341 2.488
8793.0 2.488 2.182
8940.0 2.182 2.004
7155.0 2.004 1.977
5445.0 1.977 2.035
4195.0 2.035 2.655
4971.0 2.655 3.186
7343.0 3.186 2.25
8966.0 2.25 1.993
8456.0 1.993 1.878
7288.0 1.878 1.84
5262.0 1.84 1.903
4176.0 1.903 2.675
4446.0 2.675 3.211
6448.0 3.211 2.382
8551.0 2.382 2.117
8500.0 2.117 1.97
7033.0 1.97 1.944
5431.0 1.944 1.984
4255.0 1.984 2.588
4474.0 2.588 3.106
6516.0 3.106 2.296
8775.0 2.296 2.032
8493.0 2.032 1.895
6690.0 1.895 1.89
4744.0 1.89 2.711
4570.0 2.711 3.253
6066.0 3.253 2.464
8862.0 2.464 2.137
9414.0 2.137 1.929
8058.0 1.929 1.861
6440.0 1.861 1.87
4250.0 1.87 2.662
4198.0 2.662 3.194
5664.0 3.194 2.47
8988.0 2.47 2.104
9819.0 2.104 1.87
8613.0 1.87 1.779
6973.0 1.779 1.77
4785.0 1.77 2.555
4505.0 2.555 3.066
6461.0 3.066 2.274
8528.0 2.274 2.01
8723.0 2.01 1.857
7121.0 1.857 1.833
5329.0 1.833 1.888
4448.0 1.888 2.46
5181.0 2.46 1.95
7889.0 1.95 1.533
9223.0 1.533 1.351
8789.0 1.351 1.261
6613.0 1.261 1.275
5292.0 1.275 1.316
4185.0 1.316 1.85
4868.0 1.85 2.22
8252.0 2.22 1.716
8933.0 1.716 1.553
8075.0 1.553 1.486
5845.0 1.486 1.532
4176.0 1.532 2.174
4670.0 2.174 2.609
6390.0 2.609 1.942
6802.0 1.942 1.851
6334.0 1.851 1.818
5356.0 1.818 1.841
4294.0 1.841 2.59
4697.0 2.59 3.108
6575.0 3.108 2.291
7664.0 2.291 2.124
6347.0 2.124 2.114
4777.0 2.114 3.015
4389.0 3.015 3.618
6011.0 3.618 2.748
8837.0 2.748 2.386
9866.0 2.386 2.104
9074.0 2.104 1.96
6350.0 1.96 2.006
4284.0 2.006 2.879
4292.0 2.879 3.748
5396.0 3.748 2.939
6530.0 2.939 2.783
6056.0 2.783 2.75
4942.0 2.75 3.919
4193.0 3.919 5.117
4611.0 5.117 6.14
5622.0 6.14 4.759
7651.0 4.759 4.302
7764.0 4.302 4.066
7052.0 4.066 3.963
5800.0 3.963 4.011
4531.0 4.011 5.698
4685.0 5.698 6.838
6317.0 6.838 5.11
8315.0 5.11 4.568
8141.0 4.568 4.299
6876.0 4.299 4.251
5484.0 4.251 4.345
4373.0 4.345 6.164
4488.0 6.164 7.397
6148.0 7.397 5.578
8032.0 5.578 5.011
7768.0 5.011 4.739
6478.0 4.739 4.733
5230.0 4.733 4.831
4341.0 4.831 6.788
4583.0 6.788 8.146
5823.0 8.146 6.249
7665.0 6.249 5.67
7791.0 5.67 5.335
6753.0 5.335 5.256
5726.0 5.256 5.301
4674.0 5.301 7.542
4448.0 7.542 9.051
5428.0 9.051 7.086
6970.0 7.086 5.849
7966.0 5.849 5.347
7366.0 5.347 5.163
6354.0 5.163 5.142
5186.0 5.142 5.276
4314.0 5.276 7.403
4971.0 7.403 8.884
6574.0 8.884 6.548
7736.0 6.548 5.999
7556.0 5.999 5.715
6164.0 5.715 5.744
4738.0 5.744 8.205
4229.0 8.205 10.7
4984.0 10.7 12.84
6433.0 12.84 9.536
7927.0 9.536 8.659
7690.0 8.659 8.228
6694.0 8.228 8.127
