5688.0 1.0 1.0
5688.0 1.0 1.0
5688.0 1.0 1.0
4848.0 1.0 1.413
4848.0 1.413 1.696
4253.0 1.696 2.035
4247.0 2.035 2.442
4237.0 2.442 2.93
4229.0 2.93 3.516
4223.0 3.516 4.219
4440.0 4.219 5.063
4818.0 5.063 6.075
6282.0 6.075 4.549
8320.0 4.549 4.06
8863.0 4.06 3.701
7703.0 3.701 3.581
6723.0 3.581 3.53
5274.0 3.53 3.613
4252.0 3.613 5.071
4646.0 5.071 6.086
5951.0 6.086 4.637
8587.0 4.637 4.056
9478.0 4.056 3.616
9064.0 3.616 3.347
7616.0 3.347 3.277
5924.0 3.277 3.329
4355.0 3.329 4.717
4176.0 4.717 5.661
5358.0 5.661 4.448
7958.0 4.448 3.948
9887.0 3.948 3.416
10112.0 3.416 3.05
8751.0 3.05 2.906
6411.0 2.906 2.943
4176.0 2.943 4.175
4263.0 4.175 5.01
5082.0 5.01 3.991
7998.0 3.991 3.522
9950.0 3.522 3.034
10056.0 3.034 2.719
8664.0 2.719 2.596
6483.0 2.596 2.632
4931.0 2.632 3.766
4354.0 3.766 4.519
4530.0 4.519 5.423
5895.0 5.423 4.145
8487.0 4.145 3.641
9973.0 3.641 3.18
9545.0 3.18 2.911
8245.0 2.911 2.8
6259.0 2.8 2.846
4321.0 2.846 4.034
4430.0 4.034 4.841
5621.0 4.841 3.753
8301.0 3.753 3.289
9629.0 3.289 2.896
9689.0 2.896 2.622
7849.0 2.622 2.561
5827.0 2.561 2.622
4271.0 2.622 3.72
4491.0 3.72 4.465
4991.0 4.465 5.357
7295.0 5.357 3.794
10167.0 3.794 3.163
10965.0 3.163 2.723
9711.0 2.723 2.54
6963.0 2.54 2.579
4176.0 2.579 3.68
4263.0 3.68 4.416
4679.0 4.416 5.299
6416.0 5.299 3.939
9030.0 3.939 3.426
9566.0 3.426 3.08
8858.0 3.08 2.884
7042.0 2.884 2.867
5062.0 2.867 2.977
4451.0 2.977 3.872
4746.0 3.872 4.647
6603.0 4.647 3.419
9495.0 3.419 2.917
10787.0 2.917 2.481
10207.0 2.481 2.249
8728.0 2.249 2.158
5692.0 2.158 2.26
4332.0 2.26 3.186
4593.0 3.186 3.823
6347.0 3.823 2.853
8876.0 2.853 2.163
10073.0 2.163 1.881
9869.0 1.881 1.713
7235.0 1.713 1.72
4845.0 1.72 2.478
4176.0 2.478 2.974
4636.0 2.974 3.568
6348.0 3.568 2.662
8823.0 2.662 2.329
9552.0 2.329 2.084
8838.0 2.084 1.948
6927.0 1.948 1.941
4807.0 1.941 2.785
4228.0 2.785 3.342
5638.0 3.342 2.588
8893.0 2.588 2.211
11029.0 2.211 1.841
10909.0 1.841 1.628
8737.0 1.628 1.575
5917.0 1.575 1.659
4316.0 1.659 2.172
4547.0 2.172 2.607
6933.0 2.607 2.147
8970.0 2.147 1.896
8421.0 1.896 1.788
7325.0 1.788 1.749
5519.0 1.749 1.786
4345.0 1.786 2.331
4534.0 2.331 2.797
7114.0 2.797 2.28
10318.0 2.28 1.907
10798.0 1.907 1.67
9433.0 1.67 1.572
7299.0 1.572 1.568
4197.0 1.568 2.251
4265.0 2.251 2.701
5501.0 2.701 2.107
7563.0 2.107 1.691
9623.0 1.691 1.451
9793.0 1.451 1.302
8481.0 1.302 1.249
5841.0 1.249 1.284
4227.0 1.284 1.82
4535.0 1.82 2.371
5269.0 2.371 1.872
7973.0 1.872 1.665
9363.0 1.665 1.477
9211.0 1.477 1.356
7437.0 1.356 1.34
5057.0 1.34 1.392
4224.0 1.392 1.959
4361.0 1.959 2.351
7161.0 2.351 1.678
10139.0 1.678 1.387
11666.0 1.387 1.17
10234.0 1.17 1.081
6710.0 1.081 1.115
4187.0 1.115 1.594
4313.0 1.594 1.913
4804.0 1.913 2.295
8234.0 2.295 1.769
10043.0 1.769 1.525
9662.0 1.525 1.401
7400.0 1.401 1.392
4225.0 1.392 1.995
4345.0 1.995 2.395
6061.0 2.395 1.814
8667.0 1.814 1.573
9769.0 1.573 1.383
9277.0 1.383 1.275
7391.0 1.275 1.26
4215.0 1.26 1.817
4525.0 1.817 2.181
5197.0 2.181 1.727
8453.0 1.727 1.503
10767.0 1.503 1.249
11035.0 1.249 1.089
8851.0 1.089 1.052
4845.0 1.052 1.533
4313.0 1.533 1.839
5438.0 1.839 1.439
8602.0 1.439 1.257
9296.0 1.257 1.134
7694.0 1.134 1.107
4644.0 1.107 1.593
4555.0 1.593 1.911
5383.0 1.911 1.5
9899.0 1.5 1.228
11737.0 1.228 1.021
11001.0 1.021 1.0
7049.0 1.0 1.03
4566.0 1.03 1.483
4303.0 1.483 1.945
5319.0 1.945 1.531
8895.0 1.531 1.311
10879.0 1.311 1.098
10255.0 1.098 1.0
7047.0 1.0 1.017
4648.0 1.017 1.462
4395.0 1.462 1.754
5336.0 1.754 1.38
8726.0 1.38 1.18
9334.0 1.18 1.066
8038.0 1.066 1.028
4708.0 1.028 1.489
4361.0 1.489 1.787
5410.0 1.787 1.401
9230.0 1.401 1.175
10440.0 1.175 1.019
9078.0 1.019 1.0
5186.0 1.0 1.059
4253.0 1.059 1.495
5033.0 1.495 1.194
7279.0 1.194 1.086
10099.0 1.086 1.0
8985.0 1.0 1.0
5279.0 1.0 1.053
4277.0 1.053 1.482
4991.0 1.482 1.779
7020.0 1.779 1.459
10290.0 1.459 1.209
10556.0 1.209 1.064
7926.0 1.064 1.054
5784.0 1.054 1.087
4401.0 1.087 1.551
4958.0 1.551 1.861
6904.0 1.861 1.347
9670.0 1.347 1.14
10066.0 1.14 1.019
8350.0 1.019 1.0
4196.0 1.0 1.44
4346.0 1.44 1.728
5705.0 1.728 1.334
9371.0 1.334 1.118
10313.0 1.118 1.0
8479.0 1.0 1.0
4353.0 1.0 1.459
4266.0 1.459 1.751
5784.0 1.751 1.346
9742.0 1.346 1.119
10880.0 1.119 1.0
8964.0 1.0 1.0
4258.0 1.0 1.449
4491.0 1.449 1.738
5967.0 1.738 1.323
8931.0 1.323 1.144
9353.0 1.144 1.032
7439.0 1.032 1.017
5805.0 1.017 1.036
4399.0 1.036 1.461
4644.0 1.461 1.753
6927.0 1.753 1.268
10649.0 1.268 1.024
11349.0 1.024 1.0
8625.0 1.0 1.0
4176.0 1.0 1.452
4385.0 1.452 1.743
5457.0 1.743 1.362
8951.0 1.362 1.159
9569.0 1.159 1.037
7931.0 1.037 1.011
6171.0 1.011 1.032
4284.0 1.032 1.476
4482.0 1.476 1.771
6317.0 1.771 1.323
10971.0 1.323 1.032
12987.0 1.032 1.0
10979.0 1.0 1.0
6013.0 1.0 1.079
4176.0 1.079 1.524
4393.0 1.524 1.828
6073.0 1.828 1.384
10777.0 1.384 1.094
12599.0 1.094 1.0
10927.0 1.0 1.0
6129.0 1.0 1.075
4176.0 1.075 1.527
4712.0 1.527 1.832
6319.0 1.832 1.369
9109.0 1.369 1.178
8779.0 1.178 1.094
6367.0 1.094 1.11
4438.0 1.11 1.584
4416.0 1.584 1.901
5972.0 1.901 1.447
9938.0 1.447 1.188
11366.0 1.188 1.002
9404.0 1.002 1.0
4634.0 1.0 1.476
4252.0 1.476 1.771
5333.0 1.771 1.393
8395.0 1.393 1.209
8787.0 1.209 1.104
6993.0 1.104 1.094
5222.0 1.094 1.143
4326.0 1.143 1.608
5505.0 1.608 1.254
10537.0 1.254 1.009
12265.0 1.009 1.0
10227.0 1.0 1.0
5429.0 1.0 1.09
4183.0 1.09 1.421
4468.0 1.421 1.705
6504.0 1.705 1.262
9282.0 1.262 1.088
8492.0 1.088 1.028
5390.0 1.028 1.083
4218.0 1.083 1.531
5427.0 1.531 1.198
8225.0 1.198 1.049
12271.0 1.049 1.0
10701.0 1.0 1.0
6071.0 1.0 1.057
4239.0 1.057 1.534
4643.0 1.534 1.841
6698.0 1.841 1.348
9030.0 1.348 1.186
8844.0 1.186 1.099
6526.0 1.099 1.109
4804.0 1.109 1.586
4200.0 1.586 1.903
5091.0 1.903 1.516
9235.0 1.516 1.275
11865.0 1.275 1.032
11639.0 1.032 1.0
7873.0 1.0 1.017
5306.0 1.017 1.09
4245.0 1.09 1.42
5275.0 1.42 1.121
8148.0 1.121 1.0
10378.0 1.0 1.0
8688.0 1.0 1.0
4646.0 1.0 1.474
4340.0 1.474 1.769
5582.0 1.769 1.374
10228.0 1.374 1.118
12044.0 1.118 1.0
10870.0 1.0 1.0
6660.0 1.0 1.051
4176.0 1.051 1.506
4780.0 1.506 1.807
6226.0 1.807 1.357
10148.0 1.357 1.107
11390.0 1.107 1.0
9740.0 1.0 1.0
5530.0 1.0 1.073
4284.0 1.073 1.512
4760.0 1.512 1.814
6985.0 1.814 1.308
10191.0 1.308 1.086
10373.0 1.086 1.0
7335.0 1.0 1.012
5104.0 1.012 1.056
4310.0 1.056 1.481
5801.0 1.481 1.137
9427.0 1.137 1.0
10025.0 1.0 1.0
7075.0 1.0 1.018
5012.0 1.018 1.063
4176.0 1.063 1.381
5555.0 1.381 1.074
8848.0 1.074 1.0
11604.0 1.0 1.0
10250.0 1.0 1.0
5788.0 1.0 1.072
4251.0 1.072 1.517
4856.0 1.517 1.82
6763.0 1.82 1.328
10417.0 1.328 1.083
10797.0 1.083 1.0
7799.0 1.0 1.0
5316.0 1.0 1.045
4192.0 1.045 1.475
5141.0 1.475 1.172
7815.0 1.172 1.042
10703.0 1.042 1.0
9697.0 1.0 1.0
5655.0 1.0 1.067
4481.0 1.067 1.508
5432.0 1.508 1.18
8230.0 1.18 1.036
10966.0 1.036 1.0
10192.0 1.0 1.0
6486.0 1.0 1.045
4226.0 1.045 1.516
4528.0 1.516 1.82
6014.0 1.82 1.382
10002.0 1.382 1.13
11470.0 1.13 1.0
10124.0 1.0 1.0
5914.0 1.0 1.065
4307.0 1.065 1.51
4705.0 1.51 1.812
5747.0 1.812 1.396
8101.0 1.396 1.242
7755.0 1.242 1.18
6245.0 1.18 1.186
5050.0 1.186 1.214
4348.0 1.214 1.7
5015.0 1.7 1.359
9863.0 1.359 1.102
12135.0 1.102 1.0
10833.0 1.0 1.0
6371.0 1.0 1.044
4248.0 1.044 1.517
4400.0 1.517 1.821
6141.0 1.821 1.374
9127.0 1.374 1.189
9847.0 1.189 1.054
8325.0 1.054 1.018
4819.0 1.018 1.497
4379.0 1.497 1.948
5287.0 1.948 1.536
9213.0 1.536 1.29
10561.0 1.29 1.108
10149.0 1.108 1.004
7337.0 1.004 1.007
5220.0 1.007 1.066
4349.0 1.066 1.497
5669.0 1.497 1.158
10513.0 1.158 1.0
11627.0 1.0 1.0
9181.0 1.0 1.0
4467.0 1.0 1.482
4491.0 1.482 1.779
5849.0 1.779 1.363
10295.0 1.363 1.094
11673.0 1.094 1.0
9753.0 1.0 1.0
5123.0 1.0 1.069
4176.0 1.069 1.499
5527.0 1.499 1.168
8209.0 1.168 1.027
10793.0 1.027 1.0
8281.0 1.0 1.0
6218.0 1.0 1.017
4201.0 1.017 1.449
4385.0 1.449 1.738
5946.0 1.738 1.325
9668.0 1.325 1.101
10356.0 1.101 1.0
7780.0 1.0 1.0
5549.0 1.0 1.046
4176.0 1.046 1.365
5460.0 1.365 1.067
8849.0 1.067 1.0
10995.0 1.0 1.0
8381.0 1.0 1.0
6234.0 1.0 1.018
4264.0 1.018 1.45
5047.0 1.45 1.158
7539.0 1.158 1.0
10415.0 1.0 1.0
9649.0 1.0 1.0
5775.0 1.0 1.061
4208.0 1.061 1.502
4902.0 1.502 1.802
7426.0 1.802 1.267
10484.0 1.267 1.055
10170.0 1.055 1.0
6508.0 1.0 1.043
4258.0 1.043 1.493
4331.0 1.493 1.791
5560.0 1.791 1.393
8728.0 1.393 1.201
9786.0 1.201 1.06
8236.0 1.06 1.022
4806.0 1.022 1.497
4411.0 1.497 1.796
5404.0 1.796 1.408
10698.0 1.408 1.114
12896.0 1.114 1.0
12100.0 1.0 1.0
7974.0 1.0 1.012
5155.0 1.012 1.066
4308.0 1.066 1.496
5699.0 1.496 1.155
11039.0 1.155 1.0
12793.0 1.0 1.0
10431.0 1.0 1.0
5381.0 1.0 1.095
4213.0 1.095 1.541
4662.0 1.541 1.85
6825.0 1.85 1.345
11047.0 1.345 1.067
12091.0 1.067 1.0
10027.0 1.0 1.0
5397.0 1.0 1.063
4304.0 1.063 1.497
5094.0 1.497 1.192
7934.0 1.192 1.054
12572.0 1.054 1.0
11572.0 1.0 1.0
7026.0 1.0 1.05
4291.0 1.05 1.513
4297.0 1.513 1.816
5182.0 1.816 1.439
8562.0 1.439 1.093
9760.0 1.093 1.0
8330.0 1.0 1.0
6519.0 1.0 1.008
4372.0 1.008 1.462
4253.0 1.462 1.755
5448.0 1.755 1.372
9176.0 1.372 1.168
10808.0 1.168 1.0
9452.0 1.0 1.0
5242.0 1.0 1.072
4176.0 1.072 1.397
5062.0 1.397 1.114
7497.0 1.114 1.0
10076.0 1.0 1.0
10234.0 1.0 1.0
7368.0 1.0 1.0
5137.0 1.0 1.059
4377.0 1.059 1.485
5387.0 1.485 1.165
8434.0 1.165 1.0
11068.0 1.0 1.0
9714.0 1.0 1.0
5756.0 1.0 1.059
4176.0 1.059 1.503
4575.0 1.503 1.804
6516.0 1.804 1.334
9666.0 1.334 1.138
10104.0 1.138 1.009
8198.0 1.009 1.0
6295.0 1.0 1.013
4176.0 1.013 1.446
4306.0 1.446 1.735
6193.0 1.735 1.306
9815.0 1.306 1.084
10147.0 1.084 1.0
8091.0 1.0 1.0
5860.0 1.0 1.029
4259.0 1.029 1.453
4833.0 1.453 1.744
7085.0 1.744 1.25
9663.0 1.25 1.079
9417.0 1.079 1.0
6775.0 1.0 1.016
4628.0 1.016 1.462
4275.0 1.462 1.755
5147.0 1.755 1.394
8877.0 1.394 1.194
9439.0 1.194 1.065
6967.0 1.065 1.07
4914.0 1.07 1.557
4259.0 1.557 2.039
4378.0 2.039 2.447
7936.0 2.447 1.921
10516.0 1.921 1.586
10432.0 1.586 1.422
8434.0 1.422 1.385
5292.0 1.385 1.48
4220.0 1.48 2.114
4456.0 2.114 2.537
7302.0 2.537 1.796
9747.0 1.796 1.538
9750.0 1.538 1.391
7672.0 1.391 1.372
4936.0 1.372 1.985
4176.0 1.985 2.592
4413.0 2.592 3.111
6045.0 3.111 2.359
9660.0 2.359 1.96
10593.0 1.96 1.692
9762.0 1.692 1.559
7922.0 1.559 1.541
5066.0 1.541 1.612
4176.0 1.612 2.257
4286.0 2.257 2.709
5874.0 2.709 2.072
9298.0 2.072 1.754
11182.0 1.754 1.438
9415.0 1.438 1.362
6321.0 1.362 1.427
4266.0 1.427 1.873
4906.0 1.873 2.248
8572.0 2.248 1.477
10153.0 1.477 1.276
9385.0 1.276 1.183
6561.0 1.183 1.215
4458.0 1.215 1.739
4226.0 1.739 2.087
4671.0 2.087 2.505
7329.0 2.505 2.025
10233.0 2.025 1.699
10572.0 1.699 1.501
8256.0 1.501 1.467
5398.0 1.467 1.557
4194.0 1.557 2.216
4356.0 2.216 2.659
5510.0 2.659 2.073
8398.0 2.073 1.815
10285.0 1.815 1.557
8170.0 1.557 1.521
5886.0 1.521 1.561
4243.0 1.561 2.043
4955.0 2.043 2.451
8865.0 2.451 1.582
11379.0 1.582 1.296
9894.0 1.296 1.205
7108.0 1.205 1.234
4273.0 1.234 1.761
5074.0 1.761 1.404
9090.0 1.404 1.175
9992.0 1.175 1.024
7714.0 1.024 1.013
5599.0 1.013 1.059
4205.0 1.059 1.496
4977.0 1.496 1.795
7646.0 1.795 1.246
11088.0 1.246 1.006
10970.0 1.006 1.0
7456.0 1.0 1.02
4889.0 1.02 1.499
4402.0 1.499 1.799
5151.0 1.799 1.428
9115.0 1.428 1.196
10305.0 1.196 1.04
8531.0 1.04 1.003
4461.0 1.003 1.474
4541.0 1.474 1.769
6706.0 1.769 1.294
9586.0 1.294 1.099
10142.0 1.099 1.0
8128.0 1.0 1.0
6233.0 1.0 1.013
4278.0 1.013 1.443
4662.0 1.443 1.732
7040.0 1.732 1.244
10556.0 1.244 1.017
11760.0 1.017 1.0
9178.0 1.0 1.0
4464.0 1.0 1.485
4244.0 1.485 1.782
5216.0 1.782 1.41
9342.0 1.41 1.027
11304.0 1.027 1.0
10226.0 1.0 1.0
6016.0 1.0 1.063
4236.0 1.063 1.51
4889.0 1.51 1.812
7359.0 1.812 1.279
10719.0 1.279 1.041
11113.0 1.041 1.0
8487.0 1.0 1.0
4202.0 1.0 1.476
4671.0 1.476 1.772
7098.0 1.772 1.269
9490.0 1.269 1.099
8774.0 1.099 1.034
5586.0 1.034 1.086
4243.0 1.086 1.533
4935.0 1.533 1.839
7320.0 1.839 1.301
10400.0 1.301 1.068
10348.0 1.068 1.0
7888.0 1.0 1.0
5741.0 1.0 1.029
4176.0 1.029 1.45
4238.0 1.45 1.741
6562.0 1.741 1.284
10044.0 1.284 1.076
10574.0 1.076 1.0
8228.0 1.0 1.0
6249.0 1.0 1.026
4189.0 1.026 1.455
4253.0 1.455 1.747
5841.0 1.747 1.338
9609.0 1.338 1.126
10931.0 1.126 1.0
9531.0 1.0 1.0
5237.0 1.0 1.058
4238.0 1.058 1.378
5381.0 1.378 1.081
8238.0 1.081 1.0
10338.0 1.0 1.0
8564.0 1.0 1.0
4606.0 1.0 1.448
4345.0 1.448 1.737
5565.0 1.737 1.35
9531.0 1.35 1.117
11047.0 1.117 1.0
9777.0 1.0 1.0
5567.0 1.0 1.072
4176.0 1.072 1.511
4635.0 1.511 1.814
6522.0 1.814 1.34
9470.0 1.34 1.139
9382.0 1.139 1.04
6476.0 1.04 1.071
4484.0 1.071 1.526
4484.0 1.526 1.832
5922.0 1.832 1.398
9802.0 1.398 1.159
11490.0 1.159 1.0
10440.0 1.0 1.0
6230.0 1.0 1.059
4197.0 1.059 1.509
4489.0 1.509 1.81
5946.0 1.81 1.38
10138.0 1.38 1.12
11334.0 1.12 1.0
9608.0 1.0 1.0
4978.0 1.0 1.492
4208.0 1.492 1.941
5184.0 1.941 1.539
9082.0 1.539 1.295
11038.0 1.295 1.092
10510.0 1.092 1.0
7550.0 1.0 1.007
5235.0 1.007 1.068
4407.0 1.068 1.501
5952.0 1.501 1.143
10404.0 1.143 1.0
11254.0 1.0 1.0
8304.0 1.0 1.0
5989.0 1.0 1.027
4201.0 1.027 1.458
4611.0 1.458 1.75
6463.0 1.75 1.298
10081.0 1.298 1.074
10921.0 1.074 1.0
8629.0 1.0 1.0
4367.0 1.0 1.473
4572.0 1.473 1.767
5807.0 1.767 1.357
10275.0 1.357 1.091
11933.0 1.091 1.0
10391.0 1.0 1.0
5845.0 1.0 1.075
4251.0 1.075 1.525
4574.0 1.525 1.829
6341.0 1.829 1.365
9623.0 1.365 1.147
9849.0 1.147 1.031
6965.0 1.031 1.05
4820.0 1.05 1.512
4387.0 1.512 1.814
5099.0 1.814 1.444
9393.0 1.444 1.047
11301.0 1.047 1.0
9197.0 1.0 1.0
4651.0 1.0 1.485
4421.0 1.485 1.782
5957.0 1.782 1.357
9833.0 1.357 1.119
11247.0 1.119 1.0
9673.0 1.0 1.0
5547.0 1.0 1.071
4180.0 1.071 1.512
4659.0 1.512 1.815
7137.0 1.815 1.297
10847.0 1.297 1.046
11679.0 1.046 1.0
9551.0 1.0 1.0
5005.0 1.0 1.069
4207.0 1.069 1.39
5508.0 1.39 1.083
8753.0 1.083 1.0
12059.0 1.0 1.0
10705.0 1.0 1.0
6075.0 1.0 1.073
4192.0 1.073 1.515
4422.0 1.515 1.818
6154.0 1.818 1.371
10890.0 1.371 1.075
12590.0 1.075 1.0
10822.0 1.0 1.0
6108.0 1.0 1.074
4197.0 1.074 1.551
5053.0 1.551 1.238
7336.0 1.238 1.0
9732.0 1.0 1.0
8126.0 1.0 1.0
6147.0 1.0 1.017
4229.0 1.017 1.442
4359.0 1.442 1.73
6059.0 1.73 1.311
10489.0 1.311 1.049
11627.0 1.049 1.0
9555.0 1.0 1.0
4841.0 1.0 1.483
4176.0 1.483 1.78
5369.0 1.78 1.398
9989.0 1.398 1.128
11929.0 1.128 1.0
10057.0 1.0 1.0
5511.0 1.0 1.082
4176.0 1.082 1.527
4883.0 1.527 1.833
7081.0 1.833 1.314
10043.0 1.314 1.1
10455.0 1.1 1.0
8201.0 1.0 1.0
6306.0 1.0 1.014
4176.0 1.014 1.439
4346.0 1.439 1.726
6286.0 1.726 1.292
9940.0 1.292 1.065
10978.0 1.065 1.0
8894.0 1.0 1.0
4432.0 1.0 1.463
4260.0 1.463 1.755
5124.0 1.755 1.395
8770.0 1.395 1.194
9934.0 1.194 1.05
7970.0 1.05 1.028
5976.0 1.028 1.048
4176.0 1.048 1.489
4507.0 1.489 1.787
6899.0 1.787 1.294
10635.0 1.294 1.037
11859.0 1.037 1.0
9519.0 1.0 1.0
5057.0 1.0 1.092
4267.0 1.092 1.42
5098.0 1.42 1.13
8054.0 1.13 1.0
9742.0 1.0 1.0
8136.0 1.0 1.0
6409.0 1.0 1.009
4430.0 1.009 1.445
4392.0 1.445 1.734
6273.0 1.734 1.299
10641.0 1.299 1.047
12081.0 1.047 1.0
10065.0 1.0 1.0
5351.0 1.0 1.089
4176.0 1.089 1.535
5762.0 1.535 1.181
11304.0 1.181 1.0
12540.0 1.0 1.0
9506.0 1.0 1.0
4288.0 1.0 1.491
4357.0 1.491 1.789
5496.0 1.789 1.396
9328.0 1.396 1.169
11002.0 1.169 1.0
9908.0 1.0 1.0
5782.0 1.0 1.067
4213.0 1.067 1.512
4652.0 1.512 1.814
7044.0 1.814 1.303
10666.0 1.303 1.056
11308.0 1.056 1.0
8924.0 1.0 1.0
4462.0 1.0 1.478
4312.0 1.478 1.774
5822.0 1.774 1.361
9906.0 1.361 1.114
11350.0 1.114 1.0
9618.0 1.0 1.0
5492.0 1.0 1.074
4237.0 1.074 1.517
4465.0 1.517 1.82
6371.0 1.82 1.356
9687.0 1.356 1.137
9829.0 1.137 1.022
7237.0 1.022 1.029
5102.0 1.029 1.071
4258.0 1.071 1.501
6005.0 1.501 1.141
10545.0 1.141 1.0
10519.0 1.0 1.0
6981.0 1.0 1.034
4666.0 1.034 1.513
4247.0 1.513 1.815
5385.0 1.815 1.424
9517.0 1.424 1.03
11347.0 1.03 1.0
10063.0 1.0 1.0
5769.0 1.0 1.073
4176.0 1.073 1.524
4716.0 1.524 1.829
7155.0 1.829 1.306
10855.0 1.306 1.062
11357.0 1.062 1.0
8885.0 1.0 1.0
4423.0 1.0 1.483
4647.0 1.483 1.779
6594.0 1.779 1.31
9614.0 1.31 1.121
9988.0 1.121 1.004
7856.0 1.004 1.0
5992.0 1.0 1.028
4232.0 1.028 1.454
4337.0 1.454 1.745
6339.0 1.745 1.302
9759.0 1.302 1.083
10897.0 1.083 1.0
8987.0 1.0 1.0
4777.0 1.0 1.461
4176.0 1.461 1.753
5050.0 1.753 1.399
9104.0 1.399 1.181
10468.0 1.181 1.022
9266.0 1.022 1.0
5414.0 1.0 1.056
4194.0 1.056 1.491
5018.0 1.491 1.191
7247.0 1.191 1.0
10707.0 1.0 1.0
9521.0 1.0 1.0
5647.0 1.0 1.065
4243.0 1.065 1.507
5568.0 1.507 1.171
7775.0 1.171 1.05
9731.0 1.05 1.0
8003.0 1.0 1.0
6276.0 1.0 1.008
4213.0 1.008 1.436
4425.0 1.436 1.723
6521.0 1.723 1.273
9651.0 1.273 1.076
9907.0 1.076 1.0
7315.0 1.0 1.003
5252.0 1.003 1.041
4409.0 1.041 1.464
5953.0 1.464 1.116
8611.0 1.116 1.0
8335.0 1.0 1.0
7196.0 1.0 1.0
5553.0 1.0 1.024
4176.0 1.024 1.448
4267.0 1.448 1.737
6832.0 1.737 1.262
9706.0 1.262 1.072
9762.0 1.072 1.0
7104.0 1.0 1.01
5041.0 1.01 1.065
4271.0 1.065 1.494
6623.0 1.494 1.098
9929.0 1.098 1.0
9495.0 1.0 1.0
6125.0 1.0 1.031
4222.0 1.031 1.466
4629.0 1.466 1.759
6931.0 1.759 1.271
9423.0 1.271 1.105
9491.0 1.105 1.001
7479.0 1.001 1.0
5507.0 1.0 1.031
4176.0 1.031 1.456
5402.0 1.456 1.141
8335.0 1.141 1.0
11001.0 1.0 1.0
8891.0 1.0 1.0
4513.0 1.0 1.451
4463.0 1.451 1.742
6371.0 1.742 1.298
10111.0 1.298 1.069
11037.0 1.069 1.0
8843.0 1.0 1.0
4381.0 1.0 1.449
4196.0 1.449 1.738
5761.0 1.738 1.338
9735.0 1.338 1.101
11217.0 1.101 1.0
9813.0 1.0 1.0
5771.0 1.0 1.046
4243.0 1.046 1.479
5135.0 1.479 1.175
7320.0 1.175 1.0
11258.0 1.0 1.0
9820.0 1.0 1.0
5946.0 1.0 1.06
4237.0 1.06 1.504
4211.0 1.504 1.805
5400.0 1.805 1.415
9062.0 1.415 1.196
10482.0 1.196 1.029
9372.0 1.029 1.0
5636.0 1.0 1.064
4233.0 1.064 1.502
5090.0 1.502 1.196
7614.0 1.196 1.074
10290.0 1.074 1.0
9674.0 1.0 1.0
5800.0 1.0 1.048
4176.0 1.048 1.478
4477.0 1.478 1.774
6826.0 1.774 1.289
10656.0 1.289 1.041
11748.0 1.041 1.0
9624.0 1.0 1.0
5162.0 1.0 1.065
4176.0 1.065 1.497
5561.0 1.497 1.164
8151.0 1.164 1.026
11279.0 1.026 1.0
10347.0 1.0 1.0
6053.0 1.0 1.065
4244.0 1.065 1.514
4539.0 1.514 1.817
6605.0 1.817 1.337
10329.0 1.337 1.091
11301.0 1.091 1.0
9343.0 1.0 1.0
4713.0 1.0 1.488
4330.0 1.488 1.785
6044.0 1.785 1.354
8762.0 1.354 1.173
9806.0 1.173 1.035
8336.0 1.035 1.0
4860.0 1.0 1.452
4611.0 1.452 1.742
6520.0 1.742 1.288
9758.0 1.288 1.091
9826.0 1.091 1.0
6938.0 1.0 1.018
4791.0 1.018 1.462
4382.0 1.462 1.754
5744.0 1.754 1.351
9470.0 1.351 1.127
10240.0 1.127 1.0
8272.0 1.0 1.0
6293.0 1.0 1.013
4200.0 1.013 1.467
4682.0 1.467 1.76
6903.0 1.76 1.274
9317.0 1.274 1.088
9497.0 1.088 1.0
7155.0 1.0 1.005
5260.0 1.005 1.035
4176.0 1.035 1.349
5720.0 1.349 1.04
8613.0 1.04 1.0
11101.0 1.0 1.0
8991.0 1.0 1.0
4529.0 1.0 1.48
4453.0 1.48 1.776
6221.0 1.776 1.334
9225.0 1.334 1.137
10085.0 1.137 1.0
8079.0 1.0 1.0
6268.0 1.0 1.013
4212.0 1.013 1.444
4237.0 1.444 1.733
5949.0 1.733 1.321
9559.0 1.321 1.107
9957.0 1.107 1.0
7039.0 1.0 1.01
4808.0 1.01 1.459
4243.0 1.459 1.751
5122.0 1.751 1.392
9250.0 1.392 1.173
10974.0 1.173 1.0
9926.0 1.0 1.0
6052.0 1.0 1.05
4176.0 1.05 1.488
4439.0 1.488 1.785
6573.0 1.785 1.316
9963.0 1.316 1.093
11321.0 1.093 1.0
9469.0 1.0 1.0
5091.0 1.0 1.087
4253.0 1.087 1.524
5532.0 1.524 1.187
8389.0 1.187 1.0
11539.0 1.0 1.0
10521.0 1.0 1.0
6311.0 1.0 1.059
4176.0 1.059 1.514
4324.0 1.514 1.817
5634.0 1.817 1.408
9946.0 1.408 1.163
10964.0 1.163 1.0
8784.0 1.0 1.0
4245.0 1.0 1.476
4414.0 1.476 1.772
6337.0 1.772 1.323
9653.0 1.323 1.109
11159.0 1.109 1.0
9451.0 1.0 1.0
5157.0 1.0 1.084
4268.0 1.084 1.41
6141.0 1.41 1.064
10543.0 1.064 1.0
11213.0 1.0 1.0
8263.0 1.0 1.0
6116.0 1.0 1.043
4258.0 1.043 1.478
4617.0 1.478 1.774
6799.0 1.774 1.292
10381.0 1.292 1.057
11329.0 1.057 1.0
9119.0 1.0 1.0
4573.0 1.0 1.462
4281.0 1.462 1.754
5053.0 1.754 1.399
8861.0 1.399 1.044
10227.0 1.044 1.0
8157.0 1.0 1.0
6010.0 1.0 1.022
4309.0 1.022 1.474
4873.0 1.474 1.768
7624.0 1.768 1.229
10922.0 1.229 1.0
11622.0 1.0 1.0
8840.0 1.0 1.0
4294.0 1.0 1.478
4473.0 1.478 1.774
6486.0 1.774 1.314
10066.0 1.314 1.084
11484.0 1.084 1.0
9928.0 1.0 1.0
5550.0 1.0 1.077
4272.0 1.077 1.522
5152.0 1.522 1.208
7498.0 1.208 1.089
9980.0 1.089 1.0
8584.0 1.0 1.0
4458.0 1.0 1.451
4278.0 1.451 1.741
6687.0 1.741 1.275
10255.0 1.275 1.046
11791.0 1.046 1.0
9831.0 1.0 1.0
5369.0 1.0 1.062
4210.0 1.062 1.495
5020.0 1.495 1.195
7686.0 1.195 1.0
10934.0 1.0 1.0
10084.0 1.0 1.0
6126.0 1.0 1.056
4379.0 1.056 1.502
4440.0 1.502 1.802
6375.0 1.802 1.343
10523.0 1.343 1.078
11967.0 1.078 1.0
10241.0 1.0 1.0
5695.0 1.0 1.078
4244.0 1.078 1.524
4576.0 1.524 1.829
7097.0 1.829 1.31
10291.0 1.31 1.086
10999.0 1.086 1.0
8541.0 1.0 1.0
4247.0 1.0 1.471
4201.0 1.471 1.766
5432.0 1.766 1.382
9136.0 1.382 1.164
9848.0 1.164 1.033
7768.0 1.033 1.02
5639.0 1.02 1.051
4357.0 1.051 1.486
5119.0 1.486 1.182
8002.0 1.182 1.042
11344.0 1.042 1.0
10924.0 1.0 1.0
7134.0 1.0 1.033
4651.0 1.033 1.514
4243.0 1.514 1.817
5217.0 1.817 1.438
9613.0 1.438 1.181
11893.0 1.181 1.0
11027.0 1.0 1.0
7153.0 1.0 1.035
4502.0 1.035 1.492
4251.0 1.492 1.791
5142.0 1.791 1.422
9398.0 1.422 1.174
11128.0 1.174 1.0
10182.0 1.0 1.0
6140.0 1.0 1.06
4247.0 1.06 1.503
4242.0 1.503 1.804
5617.0 1.804 1.398
9269.0 1.398 1.184
10543.0 1.184 1.022
9383.0 1.022 1.0
5697.0 1.0 1.06
4185.0 1.06 1.499
5088.0 1.499 1.194
7517.0 1.194 1.0
10501.0 1.0 1.0
9987.0 1.0 1.0
6365.0 1.0 1.028
4184.0 1.028 1.468
4748.0 1.468 1.761
7140.0 1.761 1.258
11490.0 1.258 1.0
12676.0 1.0 1.0
10230.0 1.0 1.0
4928.0 1.0 1.503
4324.0 1.503 1.804
5305.0 1.804 1.421
8877.0 1.421 1.063
9841.0 1.063 1.0
7387.0 1.0 1.0
5408.0 1.0 1.031
4176.0 1.031 1.451
4823.0 1.451 1.741
7401.0 1.741 1.226
10969.0 1.226 1.0
11633.0 1.0 1.0
8599.0 1.0 1.0
4290.0 1.0 1.444
4989.0 1.444 1.732
7453.0 1.732 1.39
9377.0 1.39 1.196
8651.0 1.196 1.125
5703.0 1.125 1.173
4284.0 1.173 1.661
4497.0 1.661 1.993
6719.0 1.993 1.457
10339.0 1.457 1.192
11263.0 1.192 1.015
9685.0 1.015 1.0
5227.0 1.0 1.085
4258.0 1.085 1.524
6127.0 1.524 1.15
9907.0 1.15 1.0
11095.0 1.0 1.0
8229.0 1.0 1.0
6082.0 1.0 1.039
4209.0 1.039 1.469
4672.0 1.469 1.762
6732.0 1.762 1.288
10670.0 1.288 1.037
11580.0 1.037 1.0
9152.0 1.0 1.0
4522.0 1.0 1.459
4178.0 1.459 1.751
5651.0 1.751 1.355
9947.0 1.355 1.115
11339.0 1.115 1.0
9463.0 1.0 1.0
5001.0 1.0 1.07
4245.0 1.07 1.499
5590.0 1.499 1.164
8185.0 1.164 1.0
10885.0 1.0 1.0
8691.0 1.0 1.0
4229.0 1.0 1.478
4656.0 1.478 1.773
7172.0 1.773 1.265
11170.0 1.265 1.005
12092.0 1.005 1.0
9050.0 1.0 1.0
4251.0 1.0 1.458
4176.0 1.458 1.749
6036.0 1.749 1.327
9902.0 1.327 1.088
10610.0 1.088 1.0
7760.0 1.0 1.002
5277.0 1.002 1.047
4251.0 1.047 1.472
5413.0 1.472 1.153
8326.0 1.153 1.0
10894.0 1.0 1.0
9876.0 1.0 1.0
5834.0 1.0 1.064
4311.0 1.064 1.508
4842.0 1.508 1.809
7135.0 1.809 1.293
10649.0 1.293 1.056
11609.0 1.056 1.0
9215.0 1.0 1.0
4753.0 1.0 1.484
4278.0 1.484 1.781
5209.0 1.781 1.41
9417.0 1.41 1.183
11297.0 1.183 1.0
10459.0 1.0 1.0
6669.0 1.0 1.043
4270.0 1.043 1.517
4357.0 1.517 1.821
5762.0 1.821 1.401
10344.0 1.401 1.119
11894.0 1.119 1.0
9818.0 1.0 1.0
4936.0 1.0 1.499
4176.0 1.499 1.798
4819.0 1.798 2.158
10125.0 2.158 1.284
13923.0 1.284 1.0
12081.0 1.0 1.0
6863.0 1.0 1.072
4176.0 1.072 1.541
4176.0 1.541 1.849
5163.0 1.849 1.467
7869.0 1.467 1.154
8951.0 1.154 1.046
7501.0 1.046 1.026
5977.0 1.026 1.049
4460.0 1.049 1.505
4577.0 1.505 1.806
6187.0 1.806 1.359
10691.0 1.359 1.091
12201.0 1.091 1.0
10325.0 1.0 1.0
5527.0 1.0 1.063
4343.0 1.063 1.497
5441.0 1.497 1.171
8115.0 1.171 1.0
13013.0 1.0 1.0
12331.0 1.0 1.0
7785.0 1.0 1.037
4882.0 1.037 1.513
4299.0 1.513 1.816
4702.0 1.816 2.179
7996.0 2.179 1.482
8881.0 1.482 1.329
7813.0 1.329 1.282
4925.0 1.282 1.873
4267.0 1.873 2.446
5001.0 2.446 1.957
8007.0 1.957 1.526
11049.0 1.526 1.251
12073.0 1.251 1.046
10323.0 1.046 1.0
6269.0 1.0 1.061
4176.0 1.061 1.507
4550.0 1.507 1.808
6587.0 1.808 1.332
11271.0 1.332 1.031
12023.0 1.031 1.0
9493.0 1.0 1.0
4527.0 1.0 1.499
4199.0 1.499 1.799
5017.0 1.799 1.438
8309.0 1.438 1.249
9159.0 1.249 1.127
7393.0 1.127 1.109
5860.0 1.109 1.137
4240.0 1.137 1.611
4723.0 1.611 1.934
7293.0 1.934 1.37
11409.0 1.37 1.078
12765.0 1.078 1.0
11115.0 1.0 1.0
6233.0 1.0 1.072
4277.0 1.072 1.527
4616.0 1.527 1.832
5804.0 1.832 1.407
9352.0 1.407 1.179
9944.0 1.179 1.047
7800.0 1.047 1.034
5783.0 1.034 1.059
4176.0 1.059 1.5
5309.0 1.5 1.182
7827.0 1.182 1.0
11421.0 1.0 1.0
10487.0 1.0 1.0
6361.0 1.0 1.04
4176.0 1.04 1.484
4356.0 1.484 1.781
5973.0 1.781 1.356
9761.0 1.356 1.122
10823.0 1.122 1.0
9043.0 1.0 1.0
4665.0 1.0 1.483
4288.0 1.483 1.78
6153.0 1.78 1.342
9345.0 1.342 1.134
10781.0 1.134 1.0
9317.0 1.0 1.0
5359.0 1.0 1.072
4221.0 1.072 1.397
5563.0 1.397 1.087
8926.0 1.087 1.0
12108.0 1.0 1.0
10754.0 1.0 1.0
6460.0 1.0 1.058
4261.0 1.058 1.513
4385.0 1.513 1.816
6026.0 1.816 1.378
9910.0 1.378 1.143
11510.0 1.143 1.0
10084.0 1.0 1.0
6042.0 1.0 1.062
4257.0 1.062 1.512
4501.0 1.512 1.815
6895.0 1.815 1.314
10437.0 1.314 1.072
10853.0 1.072 1.0
7615.0 1.0 1.014
5048.0 1.014 1.068
4266.0 1.068 1.389
5607.0 1.389 1.077
8933.0 1.077 1.0
12403.0 1.0 1.0
10965.0 1.0 1.0
6587.0 1.0 1.057
4228.0 1.057 1.499
4532.0 1.499 1.799
6205.0 1.799 1.352
9919.0 1.352 1.117
11287.0 1.117 1.0
9687.0 1.0 1.0
5393.0 1.0 1.058
4241.0 1.058 1.49
5228.0 1.49 1.178
7706.0 1.178 1.056
11428.0 1.056 1.0
9714.0 1.0 1.0
5000.0 1.0 1.093
4345.0 1.093 1.532
5521.0 1.532 1.193
9107.0 1.193 1.017
9481.0 1.017 1.0
6805.0 1.0 1.017
4826.0 1.017 1.478
4315.0 1.478 1.774
5236.0 1.774 1.402
9402.0 1.402 1.17
11464.0 1.17 1.0
10548.0 1.0 1.0
6758.0 1.0 1.04
4275.0 1.04 1.516
4285.0 1.516 1.819
5096.0 1.819 1.448
8744.0 1.448 1.233
9762.0 1.233 1.089
8068.0 1.089 1.058
4390.0 1.058 1.525
4356.0 1.525 1.83
5957.0 1.83 1.394
10081.0 1.394 1.133
11989.0 1.133 1.0
10855.0 1.0 1.0
6729.0 1.0 1.048
4248.0 1.048 1.503
4397.0 1.503 1.803
5663.0 1.803 1.395
9481.0 1.395 1.162
10975.0 1.162 1.0
9875.0 1.0 1.0
5833.0 1.0 1.063
4210.0 1.063 1.506
4810.0 1.506 1.807
7011.0 1.807 1.3
11015.0 1.3 1.039
12215.0 1.039 1.0
10149.0 1.0 1.0
5351.0 1.0 1.088
4363.0 1.088 1.531
5258.0 1.531 1.209
7720.0 1.209 1.082
11720.0 1.082 1.0
11062.0 1.0 1.0
7272.0 1.0 1.024
4789.0 1.024 1.503
4199.0 1.503 1.803
5033.0 1.803 1.44
9187.0 1.44 1.055
10895.0 1.055 1.0
9165.0 1.0 1.0
4955.0 1.0 1.483
4215.0 1.483 1.779
5322.0 1.779 1.401
9520.0 1.401 1.155
11402.0 1.155 1.0
10212.0 1.0 1.0
6170.0 1.0 1.056
4281.0 1.056 1.503
4404.0 1.503 1.804
6177.0 1.804 1.358
10335.0 1.358 1.099
11419.0 1.099 1.0
9489.0 1.0 1.0
4943.0 1.0 1.489
4260.0 1.489 1.787
5398.0 1.787 1.401
9718.0 1.401 1.146
11602.0 1.146 1.0
10714.0 1.0 1.0
6672.0 1.0 1.047
4323.0 1.047 1.492
4560.0 1.492 1.79
6542.0 1.79 1.322
10630.0 1.322 1.054
12212.0 1.054 1.0
10298.0 1.0 1.0
5668.0 1.0 1.08
4275.0 1.08 1.527
5040.0 1.527 1.219
7738.0 1.219 1.086
10172.0 1.086 1.0
8724.0 1.0 1.0
4430.0 1.0 1.457
4262.0 1.457 1.749
5522.0 1.749 1.363
10310.0 1.363 1.088
12190.0 1.088 1.0
11032.0 1.0 1.0
6822.0 1.0 1.05
4339.0 1.05 1.51
4352.0 1.51 1.813
5059.0 1.813 1.446
8255.0 1.446 1.259
9421.0 1.259 1.119
8009.0 1.119 1.085
4753.0 1.085 1.568
4227.0 1.568 1.881
5979.0 1.881 1.431
10439.0 1.431 1.137
12413.0 1.137 1.0
10831.0 1.0 1.0
6201.0 1.0 1.054
4176.0 1.054 1.507
4345.0 1.507 1.808
6384.0 1.808 1.347
9222.0 1.347 1.171
9192.0 1.171 1.077
7030.0 1.077 1.078
5318.0 1.078 1.107
4296.0 1.107 1.563
4946.0 1.563 1.876
7186.0 1.876 1.337
11368.0 1.337 1.044
12000.0 1.044 1.0
9000.0 1.0 1.0
4335.0 1.0 1.469
4426.0 1.469 1.763
6151.0 1.763 1.329
9419.0 1.329 1.121
9643.0 1.121 1.011
7589.0 1.011 1.002
5537.0 1.002 1.033
4388.0 1.033 1.348
5518.0 1.348 1.05
8239.0 1.05 1.0
11307.0 1.0 1.0
9617.0 1.0 1.0
5239.0 1.0 1.084
4393.0 1.084 1.411
5821.0 1.411 1.083
9159.0 1.083 1.0
12285.0 1.0 1.0
10259.0 1.0 1.0
5545.0 1.0 1.062
4176.0 1.062 1.513
5269.0 1.513 1.194
7751.0 1.194 1.069
10909.0 1.069 1.0
9473.0 1.0 1.0
5263.0 1.0 1.079
4219.0 1.079 1.516
5607.0 1.516 1.176
10589.0 1.176 1.0
11425.0 1.0 1.0
8307.0 1.0 1.0
5908.0 1.0 1.029
4336.0 1.029 1.459
5096.0 1.459 1.161
7706.0 1.161 1.0
10380.0 1.0 1.0
8606.0 1.0 1.0
4564.0 1.0 1.454
4329.0 1.454 1.745
6330.0 1.745 1.303
11010.0 1.303 1.026
12826.0 1.026 1.0
10886.0 1.0 1.0
6004.0 1.0 1.077
4311.0 1.077 1.531
4966.0 1.531 1.837
6671.0 1.837 1.347
9737.0 1.347 1.135
9623.0 1.135 1.031
6997.0 1.031 1.044
4935.0 1.044 1.506
4283.0 1.506 1.959
5227.0 1.959 1.55
9623.0 1.55 1.275
11825.0 1.275 1.027
11339.0 1.027 1.0
8073.0 1.0 1.001
5758.0 1.001 1.052
4282.0 1.052 1.488
4741.0 1.488 1.785
7127.0 1.785 1.276
10095.0 1.276 1.067
9625.0 1.067 1.0
6307.0 1.0 1.042
4176.0 1.042 1.507
4445.0 1.507 1.808
6316.0 1.808 1.352
9658.0 1.352 1.134
10262.0 1.134 1.0
8132.0 1.0 1.0
5985.0 1.0 1.024
4178.0 1.024 1.446
4700.0 1.446 1.735
7007.0 1.735 1.249
10459.0 1.249 1.037
10625.0 1.037 1.0
7695.0 1.0 1.005
5212.0 1.005 1.054
4176.0 1.054 1.373
5057.0 1.373 1.095
8143.0 1.095 1.0
11277.0 1.0 1.0
8579.0 1.0 1.0
4176.0 1.0 1.462
5032.0 1.462 1.167
7737.0 1.167 1.0
11579.0 1.0 1.0
10813.0 1.0 1.0
6855.0 1.0 1.032
4540.0 1.032 1.505
4263.0 1.505 1.806
5336.0 1.806 1.421
9254.0 1.421 1.203
10550.0 1.203 1.025
8184.0 1.025 1.005
6072.0 1.005 1.028
4241.0 1.028 1.468
4481.0 1.468 1.762
6120.0 1.762 1.331
9384.0 1.331 1.143
9706.0 1.143 1.028
7610.0 1.028 1.016
5527.0 1.016 1.05
4198.0 1.05 1.482
5010.0 1.482 1.185
7544.0 1.185 1.0
11266.0 1.0 1.0
10500.0 1.0 1.0
6542.0 1.0 1.047
4261.0 1.047 1.52
4198.0 1.52 1.824
5194.0 1.824 1.445
8870.0 1.445 1.08
10202.0 1.08 1.0
8836.0 1.0 1.0
4794.0 1.0 1.478
4255.0 1.478 1.773
5594.0 1.773 1.376
9086.0 1.376 1.166
9580.0 1.166 1.044
7778.0 1.044 1.025
6074.0 1.025 1.051
4366.0 1.051 1.485
4340.0 1.485 1.782
6042.0 1.782 1.351
10252.0 1.351 1.093
11690.0 1.093 1.0
10338.0 1.0 1.0
5960.0 1.0 1.067
4266.0 1.067 1.508
4601.0 1.508 1.809
6223.0 1.809 1.359
9571.0 1.359 1.145
10327.0 1.145 1.004
8591.0 1.004 1.0
4365.0 1.0 1.471
4320.0 1.471 1.765
5886.0 1.765 1.35
10512.0 1.35 1.074
12274.0 1.074 1.0
10740.0 1.0 1.0
6194.0 1.0 1.068
4270.0 1.068 1.547
5014.0 1.547 1.237
7619.0 1.237 1.0
10343.0 1.0 1.0
9661.0 1.0 1.0
5787.0 1.0 1.044
4277.0 1.044 1.479
4875.0 1.479 1.775
7732.0 1.775 1.226
11234.0 1.226 1.0
12154.0 1.0 1.0
9204.0 1.0 1.0
4238.0 1.0 1.459
4300.0 1.459 1.751
5736.0 1.751 1.35
10790.0 1.35 1.057
13138.0 1.057 1.0
11766.0 1.0 1.0
7136.0 1.0 1.036
4317.0 1.036 1.499
4312.0 1.499 1.799
5734.0 1.799 1.387
10036.0 1.387 1.12
12384.0 1.12 1.0
11166.0 1.0 1.0
6704.0 1.0 1.055
4200.0 1.055 1.513
4321.0 1.513 1.816
5964.0 1.816 1.383
9514.0 1.383 1.159
10822.0 1.159 1.0
9352.0 1.0 1.0
5226.0 1.0 1.079
4400.0 1.079 1.516
6061.0 1.516 1.149
10879.0 1.149 1.0
12469.0 1.0 1.0
9855.0 1.0 1.0
4973.0 1.0 1.497
4307.0 1.497 1.797
5385.0 1.797 1.41
9927.0 1.41 1.14
12307.0 1.14 1.0
11005.0 1.0 1.0
6459.0 1.0 1.063
4219.0 1.063 1.514
4490.0 1.514 1.817
5798.0 1.817 1.395
9098.0 1.395 1.186
10178.0 1.186 1.037
8872.0 1.037 1.0
5006.0 1.0 1.079
4330.0 1.079 1.403
5994.0 1.403 1.067
9129.0 1.067 1.0
11685.0 1.0 1.0
9407.0 1.0 1.0
4693.0 1.0 1.489
4391.0 1.489 1.787
5355.0 1.787 1.404
9089.0 1.404 1.182
10583.0 1.182 1.008
9305.0 1.008 1.0
5565.0 1.0 1.046
4246.0 1.046 1.476
5106.0 1.476 1.175
7783.0 1.175 1.047
9527.0 1.047 1.0
8423.0 1.0 1.0
6696.0 1.0 1.0
4885.0 1.0 1.433
4807.0 1.433 1.72
6306.0 1.72 1.286
10176.0 1.286 1.051
10398.0 1.051 1.0
6760.0 1.0 1.039
4176.0 1.039 1.493
4646.0 1.493 1.792
6549.0 1.792 1.322
10813.0 1.322 1.053
11897.0 1.053 1.0
9213.0 1.0 1.0
4415.0 1.0 1.483
4366.0 1.483 1.78
5811.0 1.78 1.366
9173.0 1.366 1.161
10499.0 1.161 1.004
8971.0 1.004 1.0
4825.0 1.0 1.48
4282.0 1.48 1.776
5026.0 1.776 1.419
9292.0 1.419 1.19
10324.0 1.19 1.02
8310.0 1.02 1.0
4176.0 1.0 1.45
4239.0 1.45 1.74
6226.0 1.74 1.307
9286.0 1.307 1.113
10218.0 1.113 1.0
8230.0 1.0 1.0
6251.0 1.0 1.015
4222.0 1.015 1.447
4317.0 1.447 1.736
6374.0 1.736 1.294
9748.0 1.294 1.088
9622.0 1.088 1.0
6364.0 1.0 1.042
4249.0 1.042 1.504
4510.0 1.504 1.805
5950.0 1.805 1.375
9862.0 1.375 1.143
11356.0 1.143 1.0
9768.0 1.0 1.0
5726.0 1.0 1.057
4202.0 1.057 1.495
5028.0 1.495 1.194
7357.0 1.194 1.0
10515.0 1.0 1.0
8825.0 1.0 1.0
4195.0 1.0 1.449
4432.0 1.449 1.738
5908.0 1.738 1.327
8704.0 1.327 1.151
9334.0 1.151 1.037
7596.0 1.037 1.019
5836.0 1.019 1.038
4242.0 1.038 1.48
4659.0 1.48 1.776
7183.0 1.776 1.266
11193.0 1.266 1.006
12041.0 1.006 1.0
9531.0 1.0 1.0
4649.0 1.0 1.489
4244.0 1.489 1.787
4827.0 1.787 2.145
8731.0 2.145 1.626
10690.0 1.626 1.383
8716.0 1.383 1.336
5656.0 1.336 1.413
4300.0 1.413 2.039
4254.0 2.039 2.446
7222.0 2.446 1.74
10639.0 1.74 1.427
10435.0 1.427 1.275
8591.0 1.275 1.237
5085.0 1.237 1.33
4246.0 1.33 1.873
4398.0 1.873 2.247
5599.0 2.247 1.744
9085.0 1.744 1.295
10821.0 1.295 1.095
10711.0 1.095 1.0
7883.0 1.0 1.003
5652.0 1.003 1.053
4300.0 1.053 1.489
4699.0 1.489 1.787
6839.0 1.787 1.298
9567.0 1.298 1.105
9993.0 1.105 1.0
7979.0 1.0 1.0
6000.0 1.0 1.022
4258.0 1.022 1.456
4443.0 1.456 1.747
6705.0 1.747 1.279
10895.0 1.279 1.017
12129.0 1.017 1.0
9793.0 1.0 1.0
5163.0 1.0 1.071
4176.0 1.071 1.394
5370.0 1.394 1.095
8216.0 1.095 1.0
11096.0 1.0 1.0
9910.0 1.0 1.0
5868.0 1.0 1.046
4189.0 1.046 1.484
4871.0 1.484 1.781
6906.0 1.781 1.289
10018.0 1.289 1.075
10182.0 1.075 1.0
7578.0 1.0 1.003
5431.0 1.003 1.04
4243.0 1.04 1.461
4662.0 1.461 1.753
6775.0 1.753 1.278
10073.0 1.278 1.059
9871.0 1.059 1.0
6513.0 1.0 1.039
4282.0 1.039 1.491
4186.0 1.491 1.789
5455.0 1.789 1.399
9621.0 1.399 1.166
11321.0 1.166 1.0
10267.0 1.0 1.0
6141.0 1.0 1.059
4230.0 1.059 1.507
4571.0 1.507 1.808
6692.0 1.808 1.324
10620.0 1.324 1.068
11720.0 1.068 1.0
9426.0 1.0 1.0
4712.0 1.0 1.488
4440.0 1.488 1.785
6070.0 1.785 1.352
9040.0 1.352 1.16
9982.0 1.16 1.012
8188.0 1.012 1.0
6396.0 1.0 1.007
4417.0 1.007 1.439
4407.0 1.439 1.727
6349.0 1.727 1.288
10343.0 1.288 1.045
10837.0 1.045 1.0
7433.0 1.0 1.014
5034.0 1.014 1.082
4219.0 1.082 1.407
5313.0 1.407 1.108
8129.0 1.108 1.0
10017.0 1.0 1.0
7151.0 1.0 1.007
5004.0 1.007 1.055
4212.0 1.055 1.372
6117.0 1.372 1.036
9282.0 1.036 1.0
11874.0 1.0 1.0
9764.0 1.0 1.0
5134.0 1.0 1.09
4176.0 1.09 1.531
5379.0 1.531 1.202
8431.0 1.202 1.044
11259.0 1.044 1.0
10109.0 1.0 1.0
5899.0 1.0 1.066
4196.0 1.066 1.512
4358.0 1.512 1.814
5742.0 1.814 1.397
9280.0 1.397 1.176
10462.0 1.176 1.017
9362.0 1.017 1.0
5430.0 1.0 1.048
4176.0 1.048 1.476
5512.0 1.476 1.151
8358.0 1.151 1.006
11990.0 1.006 1.0
10906.0 1.0 1.0
6780.0 1.0 1.048
4297.0 1.048 1.505
4434.0 1.505 1.805
5456.0 1.805 1.411
9538.0 1.411 1.167
11008.0 1.167 1.0
9042.0 1.0 1.0
4328.0 1.0 1.452
4493.0 1.452 1.743
6320.0 1.743 1.302
10150.0 1.302 1.078
11372.0 1.078 1.0
9564.0 1.0 1.0
5102.0 1.0 1.092
4250.0 1.092 1.531
5543.0 1.531 1.192
9797.0 1.192 1.0
11075.0 1.0 1.0
8461.0 1.0 1.0
4185.0 1.0 1.469
5020.0 1.469 1.174
7671.0 1.174 1.0
11091.0 1.0 1.0
10493.0 1.0 1.0
6451.0 1.0 1.053
4249.0 1.053 1.497
4404.0 1.497 1.796
5984.0 1.796 1.366
9598.0 1.366 1.139
10924.0 1.139 1.0
9364.0 1.0 1.0
5070.0 1.0 1.083
4223.0 1.083 1.518
5224.0 1.518 1.201
7809.0 1.201 1.071
11131.0 1.071 1.0
9045.0 1.0 1.0
4415.0 1.0 1.481
4262.0 1.481 1.777
5699.0 1.777 1.372
9297.0 1.372 1.147
10341.0 1.147 1.0
7881.0 1.0 1.0
6070.0 1.0 1.015
4237.0 1.015 1.442
4396.0 1.442 1.73
6265.0 1.73 1.297
10025.0 1.297 1.067
10771.0 1.067 1.0
8293.0 1.0 1.0
6230.0 1.0 1.017
4176.0 1.017 1.45
4232.0 1.45 1.74
5548.0 1.74 1.354
9364.0 1.354 1.129
10832.0 1.129 1.0
9562.0 1.0 1.0
5352.0 1.0 1.064
4176.0 1.064 1.493
4903.0 1.493 1.792
7730.0 1.792 1.238
11070.0 1.238 1.0
11786.0 1.0 1.0
8584.0 1.0 1.0
4262.0 1.0 1.447
4960.0 1.447 1.736
7690.0 1.736 1.377
10056.0 1.377 1.167
9546.0 1.167 1.069
6830.0 1.069 1.088
4643.0 1.088 1.562
4176.0 1.562 1.875
5657.0 1.875 1.45
9161.0 1.45 1.226
10449.0 1.226 1.06
9357.0 1.06 1.0
6013.0 1.0 1.035
4176.0 1.035 1.463
4763.0 1.463 1.755
6884.0 1.755 1.272
10112.0 1.272 1.057
10438.0 1.057 1.0
7892.0 1.0 1.0
5661.0 1.0 1.031
4348.0 1.031 1.456
5519.0 1.456 1.135
8118.0 1.135 1.004
10700.0 1.004 1.0
9068.0 1.0 1.0
5110.0 1.0 1.069
4430.0 1.069 1.499
5768.0 1.499 1.153
9616.0 1.153 1.0
10336.0 1.0 1.0
7554.0 1.0 1.004
5323.0 1.004 1.042
4279.0 1.042 1.466
4709.0 1.466 1.759
7264.0 1.759 1.248
9842.0 1.248 1.063
9494.0 1.063 1.0
6870.0 1.0 1.016
4975.0 1.016 1.459
4231.0 1.459 1.751
4993.0 1.751 2.101
8867.0 2.101 1.356
10496.0 1.356 1.148
9374.0 1.148 1.071
6420.0 1.071 1.098
4334.0 1.098 1.59
4977.0 1.59 1.908
6805.0 1.908 1.389
9125.0 1.389 1.203
9309.0 1.203 1.091
7029.0 1.091 1.094
5165.0 1.094 1.15
4211.0 1.15 1.497
5100.0 1.497 1.192
7355.0 1.192 1.0
8553.0 1.0 1.0
5519.0 1.0 1.043
4256.0 1.043 1.467
4348.0 1.467 1.761
6151.0 1.761 1.328
9493.0 1.328 1.118
10207.0 1.118 1.0
8199.0 1.0 1.0
6220.0 1.0 1.017
4183.0 1.017 1.451
4662.0 1.451 1.741
6401.0 1.741 1.295
10139.0 1.295 1.067
10789.0 1.067 1.0
8557.0 1.0 1.0
4263.0 1.0 1.477
4881.0 1.477 1.772
6972.0 1.772 1.278
9786.0 1.278 1.078
9920.0 1.078 1.0
7514.0 1.0 1.0
5535.0 1.0 1.045
4217.0 1.045 1.47
5075.0 1.47 1.171
7727.0 1.171 1.047
10607.0 1.047 1.0
9007.0 1.0 1.0
4881.0 1.0 1.46
4205.0 1.46 1.753
5659.0 1.753 1.356
8619.0 1.356 1.175
9515.0 1.175 1.053
7649.0 1.053 1.033
5926.0 1.033 1.063
4176.0 1.063 1.51
4327.0 1.51 1.812
6125.0 1.812 1.368
8983.0 1.368 1.189
9151.0 1.189 1.091
7127.0 1.091 1.09
5432.0 1.09 1.138
4325.0 1.138 1.604
5191.0 1.604 1.271
7234.0 1.271 1.033
9148.0 1.033 1.0
7408.0 1.0 1.0
5765.0 1.0 1.028
4176.0 1.028 1.455
5121.0 1.455 1.157
7379.0 1.157 1.048
8903.0 1.048 1.0
6901.0 1.0 1.003
5258.0 1.003 1.031
4184.0 1.031 1.343
5984.0 1.343 1.021
8596.0 1.021 1.0
8684.0 1.0 1.0
5986.0 1.0 1.022
4345.0 1.022 1.449
4956.0 1.449 1.739
6940.0 1.739 1.256
9406.0 1.256 1.083
9230.0 1.083 1.0
6736.0 1.0 1.009
4673.0 1.009 1.441
4220.0 1.441 1.729
5258.0 1.729 1.366
9180.0 1.366 1.151
9996.0 1.151 1.012
8248.0 1.012 1.0
6288.0 1.0 1.027
4309.0 1.027 1.485
4532.0 1.485 1.782
6402.0 1.782 1.325
9268.0 1.325 1.135
8952.0 1.135 1.057
6334.0 1.057 1.084
4471.0 1.084 1.546
4394.0 1.546 1.856
6156.0 1.856 1.399
9736.0 1.399 1.171
10762.0 1.171 1.0
9106.0 1.0 1.0
4896.0 1.0 1.467
4176.0 1.467 1.908
4550.0 1.908 2.289
8464.0 2.289 1.752
10249.0 1.752 1.513
8470.0 1.513 1.459
5706.0 1.459 1.533
4207.0 1.533 2.181
4338.0 2.181 2.836
5853.0 2.836 2.172
8801.0 2.172 1.869
10826.0 1.869 1.547
10538.0 1.547 1.389
8686.0 1.389 1.349
5592.0 1.349 1.405
4199.0 1.405 1.983
4351.0 1.983 2.38
6535.0 2.38 1.758
9347.0 1.758 1.488
10907.0 1.488 1.243
10303.0 1.243 1.123
7549.0 1.123 1.127
4247.0 1.127 1.631
4378.0 1.631 1.957
6254.0 1.957 1.467
9716.0 1.467 1.219
10718.0 1.219 1.05
9458.0 1.05 1.0
5632.0 1.0 1.048
4192.0 1.048 1.48
4472.0 1.48 1.776
6408.0 1.776 1.321
9830.0 1.321 1.1
10644.0 1.1 1.0
8562.0 1.0 1.0
4268.0 1.0 1.464
4524.0 1.464 1.757
6147.0 1.757 1.325
9805.0 1.325 1.1
10663.0 1.1 1.0
8905.0 1.0 1.0
4443.0 1.0 1.477
4561.0 1.477 1.772
6570.0 1.772 1.307
9470.0 1.307 1.113
9980.0 1.113 1.0
7984.0 1.0 1.0
6005.0 1.0 1.018
4216.0 1.018 1.446
4717.0 1.446 1.735
6771.0 1.735 1.265
10055.0 1.265 1.051
10813.0 1.051 1.0
8177.0 1.0 1.0
6114.0 1.0 1.02
4176.0 1.02 1.441
4398.0 1.441 1.73
6350.0 1.73 1.29
9688.0 1.29 1.079
9784.0 1.079 1.0
6814.0 1.0 1.022
4499.0 1.022 1.467
4275.0 1.467 1.76
5825.0 1.76 1.35
9751.0 1.35 1.111
11015.0 1.111 1.0
9587.0 1.0 1.0
5209.0 1.0 1.086
4264.0 1.086 1.528
5312.0 1.528 1.203
8184.0 1.203 1.056
11028.0 1.056 1.0
10478.0 1.0 1.0
6436.0 1.0 1.051
4243.0 1.051 1.502
4551.0 1.502 1.803
5564.0 1.803 1.401
9296.0 1.401 1.175
10344.0 1.175 1.022
8896.0 1.022 1.0
4884.0 1.0 1.479
4290.0 1.479 1.775
4878.0 1.775 2.129
9218.0 2.129 1.581
11009.0 1.581 1.314
9677.0 1.314 1.222
6397.0 1.222 1.261
4524.0 1.261 1.835
4237.0 1.835 2.202
4675.0 2.202 2.643
8765.0 2.643 1.998
10601.0 1.998 1.689
9845.0 1.689 1.553
7905.0 1.553 1.536
4837.0 1.536 2.237
4231.0 2.237 2.929
5194.0 2.929 2.321
7910.0 2.321 2.059
9926.0 2.059 1.762
9965.0 1.762 1.586
7595.0 1.586 1.578
5257.0 1.578 1.667
4176.0 1.667 2.354
4239.0 2.354 2.825
6387.0 2.825 2.103
9681.0 2.103 1.758
10986.0 1.758 1.501
9504.0 1.501 1.41
6898.0 1.41 1.431
4234.0 1.431 2.031
4176.0 2.031 2.437
4215.0 2.437 2.924
4250.0 2.924 3.509
4190.0 3.509 4.211
4826.0 4.211 5.053
5948.0 5.053 3.851
8252.0 3.851 3.409
8720.0 3.409 3.114
8052.0 3.114 2.961
6633.0 2.961 2.937
4962.0 2.937 4.215
4292.0 4.215 5.058
5336.0 5.058 3.978
8736.0 3.978 3.415
11477.0 3.415 2.799
12048.0 2.799 2.369
10056.0 2.369 2.226
7170.0 2.226 2.256
4620.0 2.256 3.281
4205.0 3.281 3.938
4649.0 3.938 4.725
6110.0 4.725 3.57
8286.0 3.57 3.156
8902.0 3.156 2.852
7942.0 2.852 2.744
6535.0 2.744 2.743
4690.0 2.743 3.906
4332.0 3.906 4.688
5238.0 4.688 3.705
7308.0 3.705 3.002
10708.0 3.002 2.457
11884.0 2.457 2.06
10312.0 2.06 1.903
7084.0 1.903 1.945
4338.0 1.945 2.798
4247.0 2.798 3.357
4579.0 3.357 4.029
5931.0 4.029 3.073
8127.0 3.073 2.741
8703.0 2.741 2.496
8280.0 2.496 2.359
6777.0 2.359 2.349
5497.0 2.349 2.389
4357.0 2.389 3.364
4587.0 3.364 4.037
6201.0 4.037 3.036
10005.0 3.036 2.494
12569.0 2.494 1.966
12293.0 1.966 1.689
9734.0 1.689 1.616
6706.0 1.616 1.668
4176.0 1.668 2.399
4176.0 2.399 2.879
5366.0 2.879 2.261
7982.0 2.261 1.774
9962.0 1.774 1.528
9617.0 1.528 1.397
7465.0 1.397 1.386
4527.0 1.386 2.01
4214.0 2.01 2.411
5202.0 2.411 1.91
8444.0 1.91 1.664
10518.0 1.664 1.412
10155.0 1.412 1.275
8351.0 1.275 1.242
4843.0 1.242 1.813
4243.0 1.813 2.382
4634.0 2.382 2.858
7370.0 2.858 2.016
10433.0 2.016 1.667
10463.0 1.667 1.486
7442.0 1.486 1.497
4176.0 1.497 2.175
4176.0 2.175 2.609
5237.0 2.609 2.063
7667.0 2.063 1.86
9137.0 1.86 1.65
8699.0 1.65 1.54
7279.0 1.54 1.516
5127.0 1.516 1.577
4370.0 1.577 2.211
4263.0 2.211 2.653
6869.0 2.653 1.924
10589.0 1.924 1.571
10688.0 1.571 1.395
8674.0 1.395 1.348
4960.0 1.348 1.988
4249.0 1.988 2.615
5303.0 2.615 2.06
8167.0 2.06 1.812
10215.0 1.812 1.532
10176.0 1.532 1.373
8388.0 1.373 1.333
5156.0 1.333 1.414
4289.0 1.414 2.003
4521.0 2.003 2.404
7007.0 2.404 1.73
9891.0 1.73 1.457
10362.0 1.457 1.287
8092.0 1.287 1.265
4266.0 1.265 1.851
4235.0 1.851 2.221
4710.0 2.221 2.665
7854.0 2.665 2.103
10272.0 2.103 1.757
9645.0 1.757 1.61
6393.0 1.61 1.671
4193.0 1.671 2.377
4280.0 2.377 2.852
6412.0 2.852 2.121
9793.0 2.121 1.759
10864.0 1.759 1.509
9391.0 1.509 1.421
6593.0 1.421 1.465
4176.0 1.465 2.078
4237.0 2.078 2.493
6691.0 2.493 1.826
9239.0 1.826 1.573
10151.0 1.573 1.374
8399.0 1.374 1.33
4921.0 1.33 1.937
4184.0 1.937 2.552
4527.0 2.552 3.062
6223.0 3.062 2.3
7189.0 2.3 2.141
6479.0 2.141 2.105
5139.0 2.105 2.168
4176.0 2.168 3.039
5498.0 3.039 2.37
7498.0 2.37 1.908
8737.0 1.908 1.717
7865.0 1.717 1.647
6341.0 1.647 1.655
4176.0 1.655 2.353
4347.0 2.353 2.824
6071.0 2.824 2.138
8186.0 2.138 1.91
8345.0 1.91 1.781
6975.0 1.781 1.761
5303.0 1.761 1.808
4279.0 1.808 2.54
4898.0 2.54 3.048
7152.0 3.048 2.491
8751.0 2.491 2.214
8490.0 2.214 2.064
6789.0 2.064 2.05
5239.0 2.05 2.1
4176.0 2.1 2.735
5874.0 2.735 2.092
8180.0 2.092 1.864
8753.0 1.864 1.701
7669.0 1.701 1.646
5801.0 1.646 1.683
4291.0 1.683 2.377
4199.0 2.377 2.852
6751.0 2.852 2.082
8704.0 2.082 1.841
8377.0 1.841 1.733
6929.0 1.733 1.719
4909.0 1.719 2.475
4292.0 2.475 3.245
4477.0 3.245 3.894
6075.0 3.894 2.948
8388.0 2.948 2.597
8613.0 2.597 2.382
7509.0 2.382 2.316
5103.0 2.316 2.406
4341.0 2.406 3.131
5721.0 3.131 2.414
8547.0 2.414 2.108
8970.0 2.108 1.919
7617.0 1.919 1.871
6375.0 1.871 1.876
4401.0 1.876 2.677
4248.0 2.677 3.488
5664.0 3.488 2.698
7890.0 2.698 2.418
8493.0 2.418 2.226
7086.0 2.226 2.205
5462.0 2.205 2.261
4234.0 2.261 3.186
5188.0 3.186 2.525
7194.0 2.525 2.055
8832.0 2.055 1.842
8094.0 1.842 1.752
6900.0 1.752 1.734
5150.0 1.734 1.785
4291.0 1.785 2.324
5020.0 2.324 1.857
7914.0 1.857 1.652
9232.0 1.652 1.464
8916.0 1.464 1.357
6782.0 1.357 1.368
4176.0 1.368 1.951
4544.0 1.951 2.341
7140.0 2.341 1.672
9164.0 1.672 1.461
9310.0 1.461 1.329
7912.0 1.329 1.289
4862.0 1.289 1.865
4316.0 1.865 2.443
4428.0 2.443 2.932
6418.0 2.932 2.179
8863.0 2.179 1.908
8911.0 1.908 1.757
7138.0 1.757 1.741
5420.0 1.741 1.786
4211.0 1.786 2.52
4575.0 2.52 3.024
6943.0 3.024 2.184
9568.0 2.184 1.866
9391.0 1.866 1.705
7489.0 1.705 1.681
5055.0 1.681 1.76
4265.0 1.76 2.289
5429.0 2.289 1.792
8129.0 1.792 1.587
9117.0 1.587 1.414
8553.0 1.414 1.33
6771.0 1.33 1.327
4176.0 1.327 1.891
4648.0 1.891 2.269
8060.0 2.269 1.767
8651.0 1.767 1.621
7235.0 1.621 1.594
4957.0 1.594 2.3
4194.0 2.3 3.008
4863.0 3.008 3.61
6723.0 3.61 2.639
8523.0 2.639 2.355
8664.0 2.355 2.168
7734.0 2.168 2.091
6494.0 2.091 2.081
4966.0 2.081 2.982
4322.0 2.982 3.579
5546.0 3.579 2.785
8042.0 2.785 2.47
9443.0 2.47 2.18
8759.0 2.18 2.041
7046.0 2.041 2.031
4986.0 2.031 2.932
4211.0 2.932 3.843
5253.0 3.843 3.035
7479.0 3.035 2.439
9126.0 2.439 2.14
8226.0 2.14 2.04
5712.0 2.04 2.109
4221.0 2.109 2.983
5149.0 2.983 2.368
7297.0 2.368 2.159
8860.0 2.159 1.922
7453.0 1.922 1.883
5551.0 1.883 1.929
4228.0 1.929 2.726
4405.0 2.726 3.271
6189.0 3.271 2.462
9111.0 2.462 2.101
9735.0 2.101 1.868
8511.0 1.868 1.784
6693.0 1.784 1.799
4529.0 1.799 2.57
4246.0 2.57 3.083
5232.0 3.083 2.438
7314.0 2.438 1.974
9102.0 1.974 1.75
8616.0 1.75 1.641
6942.0 1.641 1.63
4628.0 1.63 2.339
4388.0 2.339 2.806
5984.0 2.806 2.135
8364.0 2.135 1.886
8925.0 1.886 1.724
8281.0 1.724 1.635
6629.0 1.635 1.639
4443.0 1.639 2.336
4246.0 2.336 2.804
5920.0 2.804 2.14
8126.0 2.14 1.678
8882.0 1.678 1.525
7802.0 1.525 1.472
6130.0 1.472 1.487
4183.0 1.487 1.95
4898.0 1.95 2.34
8162.0 2.34 1.576
8756.0 1.576 1.43
7192.0 1.43 1.412
4280.0 1.412 2.026
4268.0 2.026 2.431
6344.0 2.431 1.814
8298.0 1.814 1.616
7974.0 1.616 1.526
6342.0 1.526 1.537
4234.0 1.537 2.185
4190.0 2.185 2.622
5685.0 2.622 2.026
8483.0 2.026 1.766
9917.0 1.766 1.543
8249.0 1.543 1.496
5869.0 1.496 1.536
4377.0 1.536 2.01
4925.0 2.01 2.412
7777.0 2.412 1.911
9031.0 1.911 1.705
8455.0 1.705 1.609
6945.0 1.609 1.598
4759.0 1.598 2.295
4244.0 2.295 3.003
5483.0 3.003 2.344
7417.0 2.344 1.895
9712.0 1.895 1.634
8767.0 1.634 1.54
6577.0 1.54 1.561
4238.0 1.561 2.23
4720.0 2.23 2.91
6386.0 2.91 2.166
9101.0 2.166 1.865
9332.0 1.865 1.692
7424.0 1.692 1.663
5080.0 1.663 1.739
4416.0 1.739 2.262
5270.0 2.262 1.785
8132.0 1.785 1.57
8748.0 1.57 1.428
7814.0 1.428 1.374
5892.0 1.374 1.4
4618.0 1.4 1.986
4450.0 1.986 2.383
6526.0 2.383 1.761
8760.0 1.761 1.542
9076.0 1.542 1.407
7694.0 1.407 1.37
5348.0 1.37 1.421
4176.0 1.421 2.008
4636.0 2.008 2.41
7394.0 2.41 1.697
9311.0 1.697 1.493
8595.0 1.493 1.402
6685.0 1.402 1.405
4176.0 1.405 1.995
4447.0 1.995 2.394
6563.0 2.394 1.765
8829.0 1.765 1.54
9087.0 1.54 1.405
7861.0 1.405 1.359
5751.0 1.359 1.399
4324.0 1.399 1.995
4352.0 1.995 2.594
6804.0 2.594 1.888
7956.0 1.888 1.741
7074.0 1.741 1.7
5854.0 1.7 1.713
4240.0 1.713 2.242
4714.0 2.242 2.69
7006.0 2.69 2.21
8338.0 2.21 2.0
6532.0 2.0 2.003
4636.0 2.003 2.877
4346.0 2.877 3.452
5698.0 3.452 2.665
8521.0 2.665 2.339
9094.0 2.339 2.105
7333.0 2.105 2.08
5189.0 2.08 2.175
4296.0 2.175 2.832
5152.0 2.832 2.248
7418.0 2.248 1.809
8724.0 1.809 1.625
8796.0 1.625 1.496
7806.0 1.496 1.443
5672.0 1.443 1.49
4608.0 1.49 2.113
4236.0 2.113 2.762
5637.0 2.762 2.139
7837.0 2.139 1.696
9349.0 1.696 1.482
9049.0 1.482 1.368
7563.0 1.368 1.337
4617.0 1.337 1.929
4282.0 1.929 2.511
4943.0 2.511 3.013
7203.0 3.013 2.145
9210.0 2.145 1.863
9072.0 1.863 1.709
7059.0 1.709 1.705
4903.0 1.705 2.473
4234.0 2.473 3.239
4951.0 3.239 3.887
6875.0 3.887 2.818
8263.0 2.818 2.546
7336.0 2.546 2.477
5026.0 2.477 2.586
4194.0 2.586 3.363
4718.0 3.363 4.035
6078.0 4.035 3.054
7779.0 3.054 2.774
7881.0 2.774 2.608
7230.0 2.608 2.532
5997.0 2.532 2.551
4785.0 2.551 3.634
4495.0 3.634 4.361
5559.0 4.361 3.391
7560.0 3.391 3.078
9272.0 3.078 2.716
8372.0 2.716 2.581
6770.0 2.581 2.578
4343.0 2.578 3.69
4223.0 3.69 4.428
4685.0 4.428 5.313
6773.0 5.313 3.874
9239.0 3.874 3.342
9175.0 3.342 3.064
7131.0 3.064 3.065
4740.0 3.065 4.444
4176.0 4.444 5.833
4608.0 5.833 6.999
6292.0 6.999 5.238
9052.0 5.238 4.501
9712.0 4.501 3.989
8530.0 3.989 3.805
6177.0 3.805 3.874
4389.0 3.874 5.513
4228.0 5.513 6.615
5008.0 6.615 5.29
7040.0 5.29 4.33
9392.0 4.33 3.751
9549.0 3.751 3.382
7865.0 3.382 3.295
5521.0 3.295 3.415
4351.0 3.415 4.82
4458.0 4.82 5.784
5670.0 5.784 4.473
8314.0 4.473 3.462
9962.0 3.462 2.999
9611.0 2.999 2.743
8087.0 2.743 2.661
5903.0 2.661 2.732
4427.0 2.732 3.89
4185.0 3.89 4.668
4729.0 4.668 5.601
6694.0 5.601 4.101
9990.0 4.101 3.409
11203.0 3.409 2.9
10578.0 2.9 2.611
8086.0 2.611 2.576
5269.0 2.576 2.742
4214.0 2.742 3.571
4619.0 3.571 4.286
6441.0 4.286 3.182
8889.0 3.182 2.772
9441.0 2.772 2.493
7921.0 2.493 2.424
5485.0 2.424 2.519
4210.0 2.519 3.543
4922.0 3.543 4.252
7766.0 4.252 2.931
9566.0 2.931 2.53
9966.0 2.53 2.25
8601.0 2.25 2.153
6159.0 2.153 2.201
4176.0 2.201 3.138
4467.0 3.138 3.766
5553.0 3.766 2.93
7560.0 2.93 2.663
7731.0 2.663 2.51
6615.0 2.51 2.485
5429.0 2.485 2.529
4219.0 2.529 3.565
4773.0 3.565 4.278
6486.0 4.278 3.168
7746.0 3.168 2.901
7560.0 2.901 2.765
6468.0 2.765 2.746
4863.0 2.746 3.919
4185.0 3.919 5.112
4462.0 5.112 6.134
5806.0 6.134 4.709
8329.0 4.709 4.16
9024.0 4.16 3.749
7946.0 3.749 3.607
6410.0 3.607 3.62
5012.0 3.62 3.733
4183.0 3.733 5.242
4567.0 5.242 6.29
5698.0 6.29 4.856
8307.0 4.856 4.276
8852.0 4.276 3.885
8385.0 3.885 3.658
6913.0 3.658 3.621
5362.0 3.621 3.705
4202.0 3.705 5.201
4255.0 5.201 6.242
5263.0 6.242 4.928
7327.0 4.928 3.989
8585.0 3.989 3.568
8332.0 3.568 3.347
7096.0 3.347 3.295
5656.0 3.295 3.358
4176.0 3.358 4.753
4255.0 4.753 5.704
5812.0 5.704 4.378
8120.0 4.378 3.429
8723.0 3.429 3.134
8027.0 3.134 2.995
6746.0 2.995 2.986
5006.0 2.986 3.097
4176.0 3.097 4.361
4590.0 4.361 5.233
6507.0 5.233 3.871
9105.0 3.871 3.354
9283.0 3.354 3.059
7947.0 3.059 2.963
6384.0 2.963 3.006
4386.0 3.006 4.292
4239.0 4.292 5.15
5391.0 5.15 4.04
8323.0 4.04 3.521
9703.0 3.521 3.058
9216.0 3.058 2.832
7408.0 2.832 2.798
5179.0 2.798 2.905
4205.0 2.905 4.101
4605.0 4.101 4.921
6069.0 4.921 3.726
8445.0 3.726 3.276
8869.0 3.276 2.991
8049.0 2.991 2.857
6717.0 2.857 2.843
4818.0 2.843 4.076
4269.0 4.076 4.892
5529.0 4.892 3.81
8197.0 3.81 3.35
9325.0 3.35 2.974
8729.0 2.974 2.778
6777.0 2.778 2.78
5049.0 2.78 2.869
4204.0 2.869 4.027
4948.0 4.027 4.832
7225.0 4.832 3.436
8901.0 3.436 3.0
8729.0 3.0 2.767
