4344.0 1.0 1.0
4344.0 1.0 1.4
4344.0 1.4 1.68
4344.0 1.68 2.016
4260.0 2.016 2.419
4176.0 2.419 2.903
4176.0 2.903 3.484
4675.0 3.484 4.538
4176.0 4.538 5.446
4386.0 5.446 6.535
4193.0 6.535 7.842
4541.0 7.842 9.41
4992.0 9.41 11.292
6078.0 11.292 9.68
7914.0 9.68 8.777
8686.0 8.777 7.988
8222.0 7.988 7.546
7158.0 7.546 7.384
5709.0 7.384 7.514
4693.0 7.514 10.629
4310.0 10.629 12.754
4864.0 12.754 15.305
6540.0 15.305 11.301
8748.0 11.301 9.905
9276.0 9.905 8.933
9144.0 8.933 8.24
7758.0 8.24 8.012
6194.0 8.012 8.102
4742.0 8.102 11.544
4176.0 11.544 15.009
4274.0 15.009 18.011
5490.0 18.011 14.056
8094.0 14.056 12.45
9844.0 12.45 10.735
10090.0 10.735 9.532
9028.0 9.532 8.974
7346.0 8.974 8.925
5446.0 8.925 9.253
4222.0 9.253 13.109
4176.0 13.109 15.731
4774.0 15.731 18.877
5821.0 18.877 14.482
8551.0 14.482 12.602
9970.0 12.602 10.98
10000.0 10.98 9.874
8642.0 9.874 9.44
6629.0 9.44 9.548
4853.0 9.548 13.686
4260.0 13.686 17.871
4391.0 17.871 21.446
5047.0 21.446 17.116
7246.0 17.116 15.599
9427.0 15.599 13.416
9685.0 13.416 12.03
9197.0 12.03 11.165
7769.0 11.165 10.911
5921.0 10.911 11.165
4601.0 11.165 15.952
4229.0 15.952 20.743
4368.0 20.743 24.891
5687.0 24.891 19.229
8072.0 19.229 15.075
9643.0 15.075 13.189
9895.0 13.189 11.828
8475.0 11.828 11.341
6879.0 11.341 11.316
5067.0 11.316 11.714
4256.0 11.714 16.528
4197.0 16.528 19.833
4722.0 19.833 23.8
6594.0 23.8 17.522
9612.0 17.522 14.778
11144.0 14.778 12.47
10728.0 12.47 11.108
8800.0 11.108 10.705
6568.0 10.705 10.86
4339.0 10.86 15.657
4176.0 15.657 18.788
4203.0 18.788 22.545
5007.0 22.545 18.03
6659.0 18.03 15.032
8963.0 15.032 13.118
9715.0 13.118 11.665
9071.0 11.665 10.85
7555.0 10.85 10.632
5907.0 10.632 10.904
4511.0 10.904 15.52
4247.0 15.52 20.185
4581.0 20.185 24.222
5779.0 24.222 18.623
8347.0 18.623 16.363
10072.0 16.363 14.035
10840.0 14.035 12.172
9333.0 12.172 11.487
7513.0 11.487 11.406
5308.0 11.406 11.915
4176.0 11.915 17.056
4383.0 17.056 20.467
4716.0 20.467 24.561
6492.0 24.561 18.183
9131.0 18.183 15.695
10435.0 15.695 13.482
9923.0 13.482 12.26
8139.0 12.26 11.939
6171.0 11.939 12.226
4512.0 12.226 17.463
4261.0 17.463 20.956
4588.0 20.956 25.147
5632.0 25.147 19.482
7833.0 19.482 17.471
9266.0 17.471 15.357
9434.0 15.357 13.928
8438.0 13.928 13.278
7010.0 13.278 13.177
5090.0 13.177 13.658
4304.0 13.658 19.183
4351.0 19.183 23.02
4823.0 23.02 27.624
6503.0 27.624 20.439
9621.0 20.439 17.257
11049.0 17.257 14.623
10890.0 14.623 12.974
8831.0 12.974 12.532
6689.0 12.532 12.728
4569.0 12.728 18.242
4307.0 18.242 21.891
4199.0 21.891 26.269
5088.0 26.269 20.922
6840.0 20.922 17.309
8725.0 17.309 15.353
8845.0 15.353 14.116
8063.0 14.116 13.497
6579.0 13.497 13.486
5416.0 13.486 13.788
4318.0 13.788 19.423
4396.0 19.423 23.308
4778.0 23.308 27.969
6682.0 27.969 20.493
9648.0 20.493 17.213
11016.0 17.213 14.644
10330.0 14.644 13.289
8698.0 13.289 12.797
6192.0 12.797 13.136
4380.0 13.136 19.062
4178.0 19.062 24.795
4181.0 24.795 29.755
5059.0 29.755 23.733
7189.0 23.733 19.296
9394.0 19.296 16.501
10112.0 16.501 14.561
9216.0 14.561 13.602
7664.0 13.602 13.392
5807.0 13.392 13.682
4244.0 13.682 19.469
4231.0 19.469 23.362
4659.0 23.362 28.035
5846.0 28.035 21.479
8058.0 21.479 19.091
9213.0 19.091 16.964
9255.0 16.964 15.467
8296.0 15.467 14.749
6616.0 14.749 14.86
5128.0 14.86 15.386
4484.0 15.386 21.576
4422.0 21.576 25.891
4938.0 25.891 31.069
6946.0 31.069 25.58
9980.0 25.58 21.443
11846.0 21.443 17.694
11339.0 17.694 15.591
8963.0 15.591 15.1
6402.0 15.1 15.642
4398.0 15.642 22.54
4184.0 22.54 29.322
4258.0 29.322 35.186
4979.0 35.186 42.223
6911.0 42.223 30.551
9319.0 30.551 26.157
10519.0 26.157 22.569
9805.0 22.569 20.718
8107.0 20.718 20.171
5931.0 20.171 20.84
4260.0 20.84 30.004
4229.0 30.004 39.07
4370.0 39.07 46.885
5462.0 46.885 36.641
7862.0 36.641 32.743
9556.0 32.743 28.559
9748.0 28.559 25.724
8622.0 25.724 24.427
6822.0 24.427 24.481
5466.0 24.481 25.045
4176.0 25.045 35.348
4259.0 35.348 42.417
4708.0 42.417 50.901
6064.0 50.901 38.554
9115.0 38.554 32.932
10837.0 32.932 27.736
11001.0 27.736 24.296
9077.0 24.296 23.256
6764.0 23.256 23.654
4907.0 23.654 34.198
4184.0 34.198 44.481
4383.0 44.481 53.377
5139.0 53.377 42.405
7317.0 42.405 34.293
8858.0 34.293 30.427
9332.0 30.427 27.482
8398.0 27.482 26.078
6774.0 26.078 25.941
5367.0 25.941 26.563
4294.0 26.563 37.523
4362.0 37.523 48.807
4734.0 48.807 58.569
6358.0 58.569 43.673
10042.0 43.673 35.626
11657.0 35.626 29.621
11147.0 29.621 26.22
9239.0 26.22 25.159
6453.0 25.159 26.245
4625.0 26.245 37.902
4180.0 37.902 45.483
4191.0 45.483 54.579
4892.0 54.579 65.495
6768.0 65.495 47.764
9812.0 47.764 39.826
10876.0 39.826 33.933
10352.0 33.933 30.546
8588.0 30.546 29.598
6224.0 29.598 30.417
4490.0 30.417 43.959
4228.0 43.959 52.751
4512.0 52.751 63.301
5500.0 63.301 49.375
7726.0 49.375 44.395
9184.0 44.395 39.364
9366.0 39.364 35.683
8602.0 35.683 33.654
7094.0 33.654 33.32
5527.0 33.32 34.042
4176.0 34.042 48.132
4192.0 48.132 57.758
4453.0 57.758 69.31
5723.0 69.31 53.443
8567.0 53.443 46.473
10209.0 46.473 39.407
10392.0 39.407 34.904
9146.0 34.904 32.914
6922.0 32.914 33.158
5046.0 33.158 34.749
4176.0 34.749 49.131
4185.0 49.131 58.957
4482.0 58.957 70.749
5702.0 70.749 54.612
8222.0 54.612 48.138
10238.0 48.138 40.805
10329.0 40.805 36.215
8967.0 36.215 34.345
6852.0 34.345 34.654
5116.0 34.654 35.92
4250.0 35.92 50.683
4241.0 50.683 60.82
4482.0 60.82 72.983
5892.0 72.983 55.783
8816.0 55.783 42.187
10743.0 42.187 35.462
10107.0 35.462 32.19
8357.0 32.19 31.31
6189.0 31.31 32.22
4353.0 32.22 46.742
4349.0 46.742 60.994
4560.0 60.994 73.192
5664.0 73.192 56.61
8146.0 56.61 50.116
9947.0 50.116 42.789
10115.0 42.789 38.058
9111.0 38.058 35.666
7305.0 35.666 35.418
5449.0 35.418 37.16
4205.0 37.16 52.658
4176.0 52.658 63.19
4559.0 63.19 75.828
5616.0 75.828 58.794
8691.0 58.794 50.683
10216.0 50.683 43.108
10340.0 43.108 38.12
9050.0 38.12 36.06
7045.0 36.06 36.138
5167.0 36.138 38.177
4176.0 38.177 53.927
4389.0 53.927 64.712
4821.0 64.712 77.654
6265.0 77.654 58.194
9385.0 58.194 42.904
10880.0 42.904 35.981
10320.0 35.981 32.391
8442.0 32.391 31.397
5994.0 31.397 32.548
4176.0 32.548 46.705
4255.0 46.705 56.046
4392.0 56.046 67.255
5268.0 67.255 53.083
7369.0 53.083 48.367
9052.0 48.367 42.824
9238.0 42.824 38.876
8631.0 38.876 36.465
7175.0 36.465 36.204
5663.0 36.204 36.914
4374.0 36.914 52.382
4344.0 52.382 62.858
4631.0 62.858 75.43
5821.0 75.43 57.867
9010.0 57.867 49.214
10879.0 49.214 41.016
11191.0 41.016 35.587
9912.0 35.587 33.046
7518.0 33.046 33.329
5160.0 33.329 35.182
4176.0 35.182 49.534
4176.0 49.534 59.441
4566.0 59.441 71.329
5508.0 71.329 55.614
8194.0 55.614 48.875
9465.0 48.875 43.135
9409.0 43.135 39.206
8422.0 39.206 37.329
6878.0 37.329 37.238
5164.0 37.238 38.635
4176.0 38.635 54.943
4176.0 54.943 71.474
4833.0 71.474 85.769
6715.0 85.769 62.731
10705.0 62.731 50.524
12921.0 50.524 40.081
12495.0 40.081 34.143
9975.0 34.143 32.503
6736.0 32.503 33.706
4447.0 33.706 49.429
4176.0 49.429 64.683
4252.0 64.683 77.62
4802.0 77.62 93.144
6830.0 93.144 67.697
10574.0 67.697 54.82
12678.0 54.82 42.622
12076.0 42.622 36.986
9238.0 36.986 36.099
6442.0 36.099 37.178
4339.0 37.178 54.097
4176.0 54.097 70.382
4176.0 70.382 84.458
5184.0 84.458 66.945
7376.0 66.945 54.011
9098.0 54.011 47.153
9134.0 47.153 43.156
7806.0 43.156 41.886
6363.0 41.886 42.371
4887.0 42.371 60.584
4252.0 60.584 78.924
4283.0 78.924 94.709
5692.0 94.709 73.146
8900.0 73.146 54.927
11018.0 54.927 45.051
11273.0 45.051 39.128
8938.0 39.128 37.944
6376.0 37.944 39.288
4558.0 39.288 57.177
4289.0 57.177 68.612
4323.0 68.612 82.335
5355.0 82.335 64.699
7425.0 64.699 52.183
8705.0 52.183 46.337
9006.0 46.337 42.202
7802.0 42.202 40.872
6186.0 40.872 41.288
4840.0 41.288 58.978
4188.0 58.978 77.085
4244.0 77.085 92.501
5957.0 92.501 70.46
9107.0 70.46 59.867
11704.0 59.867 48.443
12544.0 48.443 40.299
10510.0 40.299 37.394
7747.0 37.394 37.788
5416.0 37.788 39.896
4205.0 39.896 56.53
4342.0 56.53 67.836
4290.0 67.836 81.403
5662.0 81.403 62.967
7977.0 62.967 49.589
9429.0 49.589 43.253
8813.0 43.253 40.495
7319.0 40.495 39.936
5879.0 39.936 40.704
4675.0 40.704 57.836
4258.0 57.836 75.381
4536.0 75.381 90.457
5824.0 90.457 69.384
9373.0 69.384 50.881
12199.0 50.881 39.96
11759.0 39.96 34.728
9519.0 34.728 33.287
6519.0 33.287 34.798
4393.0 34.798 50.858
4176.0 50.858 66.225
4356.0 66.225 79.469
5119.0 79.469 63.197
7401.0 63.197 50.883
9025.0 50.883 44.282
9135.0 44.282 40.215
8141.0 40.215 38.497
6503.0 38.497 38.598
5057.0 38.598 39.937
4176.0 39.937 56.224
4216.0 56.224 67.469
4906.0 67.469 80.963
6962.0 80.963 58.416
10578.0 58.416 47.002
12354.0 47.002 38.021
11584.0 38.021 33.546
8722.0 33.546 33.079
6069.0 33.079 34.784
4233.0 34.784 49.799
4183.0 49.799 65.091
4282.0 65.091 78.109
5440.0 78.109 61.113
7912.0 61.113 54.346
9988.0 54.346 46.436
10413.0 46.436 40.772
9239.0 40.772 38.182
7316.0 38.182 37.909
5682.0 37.909 39.356
4206.0 39.356 55.855
4176.0 55.855 72.806
4415.0 72.806 87.367
5771.0 87.367 67.2
9155.0 67.2 56.976
11581.0 56.976 45.872
11985.0 45.872 38.861
10173.0 38.861 36.203
7618.0 36.203 36.34
5305.0 36.34 38.715
4216.0 38.715 55.313
4176.0 55.313 71.907
4528.0 71.907 86.289
6265.0 86.289 64.665
9368.0 64.665 54.256
11218.0 54.256 45.236
11075.0 45.236 39.761
9575.0 39.761 37.425
7131.0 37.425 38.227
5139.0 38.227 40.472
4208.0 40.472 57.116
4220.0 57.116 68.539
4512.0 68.539 82.247
5925.0 82.247 62.754
8895.0 62.754 47.282
10585.0 47.282 40.27
10069.0 40.27 36.444
8228.0 36.444 35.555
6128.0 35.555 36.281
4418.0 36.281 52.603
4234.0 52.603 63.123
4184.0 63.123 75.748
5220.0 75.748 59.932
7872.0 59.932 53.218
9888.0 53.218 45.383
10350.0 45.383 39.326
9342.0 39.326 36.694
7486.0 36.694 36.199
5692.0 36.199 37.084
4250.0 37.084 52.597
4191.0 52.597 68.382
4412.0 68.382 82.059
5864.0 82.059 62.811
9020.0 62.811 53.254
11248.0 53.254 44.161
11548.0 44.161 37.857
10145.0 37.857 35.045
7447.0 35.045 35.178
5352.0 35.178 37.39
4176.0 37.39 53.055
4304.0 53.055 63.666
4653.0 63.666 76.4
6117.0 76.4 57.706
9113.0 57.706 43.086
11255.0 43.086 34.95
10555.0 34.95 31.302
8519.0 31.302 30.549
6127.0 30.549 31.886
4176.0 31.886 46.211
4176.0 46.211 60.221
4448.0 60.221 72.265
5512.0 72.265 56.332
8008.0 56.332 49.922
10210.0 49.922 41.991
10653.0 41.991 36.61
9492.0 36.61 34.209
7812.0 34.209 33.764
5484.0 33.764 35.53
4176.0 35.53 51.152
4176.0 51.152 61.382
4461.0 61.382 73.658
5820.0 73.658 56.511
9132.0 56.511 48.066
10898.0 48.066 40.678
11213.0 40.678 35.359
9740.0 35.359 32.979
7542.0 32.979 32.939
5406.0 32.939 34.735
4205.0 34.735 48.91
4176.0 48.91 63.597
4748.0 63.597 76.316
6212.0 76.316 57.353
9434.0 57.353 48.197
11387.0 48.197 39.122
11177.0 39.122 34.181
9741.0 34.181 32.057
7001.0 32.057 33.007
5108.0 33.007 35.113
4241.0 35.113 49.574
4219.0 49.574 64.536
4758.0 64.536 77.443
5576.0 77.443 60.17
7468.0 60.17 54.713
7720.0 54.713 50.712
7762.0 50.712 47.951
7100.0 47.951 46.654
6100.0 46.654 46.743
5070.0 46.743 47.665
4239.0 47.665 61.998
4176.0 61.998 80.661
4764.0 80.661 96.794
6532.0 96.794 71.503
10336.0 71.503 58.109
12132.0 58.109 47.522
11796.0 47.522 41.241
9093.0 41.241 40.093
6465.0 40.093 41.741
4491.0 41.741 59.931
4176.0 59.931 78.53
4204.0 78.53 94.236
5173.0 94.236 74.736
7482.0 74.736 67.483
9571.0 67.483 57.679
10194.0 57.679 50.656
9382.0 50.656 46.854
7564.0 46.854 46.203
5872.0 46.203 47.613
4402.0 47.613 67.566
4305.0 67.566 81.08
4550.0 81.08 97.296
5518.0 97.296 75.821
8664.0 75.821 65.427
10563.0 65.427 54.915
10821.0 54.915 47.771
9534.0 47.771 44.732
7750.0 44.732 44.296
5818.0 44.296 46.177
4176.0 46.177 65.716
4176.0 65.716 85.713
4331.0 85.713 100.0
5717.0 100.0 77.132
8993.0 77.132 65.725
11286.0 65.725 53.439
11990.0 53.439 45.13
10230.0 45.13 41.926
7589.0 41.926 42.697
5411.0 42.697 45.182
4176.0 45.182 64.099
4176.0 64.099 83.462
4768.0 83.462 100.0
6556.0 100.0 73.776
10000.0 73.776 60.2
11812.0 60.2 48.567
11168.0 48.567 42.922
8995.0 42.922 41.624
6447.0 41.624 43.011
4603.0 43.011 62.722
4176.0 62.722 81.955
4219.0 81.955 98.346
5120.0 98.346 78.205
7579.0 78.205 62.41
10159.0 62.41 51.739
10483.0 51.739 44.908
9128.0 44.908 42.285
6972.0 42.285 42.882
5016.0 42.882 44.797
4176.0 44.797 63.269
4181.0 63.269 75.923
4305.0 75.923 91.107
5688.0 91.107 70.379
8636.0 70.379 53.589
10664.0 53.589 44.81
10152.0 44.81 40.382
8568.0 40.382 38.946
6383.0 38.946 39.519
4523.0 39.519 57.35
4187.0 57.35 74.877
4281.0 74.877 89.852
5709.0 89.852 69.333
8795.0 69.333 52.367
10882.0 52.367 43.282
10770.0 43.282 38.266
9006.0 38.266 36.621
6622.0 36.621 37.489
4572.0 37.489 54.26
4287.0 54.26 70.994
4176.0 70.994 85.192
5556.0 85.192 66.259
8313.0 66.259 58.115
10347.0 58.115 49.015
10743.0 49.015 42.658
9567.0 42.658 39.697
7509.0 39.697 39.702
5673.0 39.702 41.475
4317.0 41.475 59.359
4176.0 59.359 77.429
4406.0 77.429 92.915
6153.0 92.915 70.047
9015.0 70.047 52.6
10983.0 52.6 44.039
10107.0 44.039 40.174
8300.0 40.174 39.238
5780.0 39.238 40.574
4176.0 40.574 57.738
4220.0 57.738 69.285
4480.0 69.285 83.142
5594.0 83.142 64.538
8002.0 64.538 57.19
9434.0 57.19 49.835
9623.0 49.835 44.796
8726.0 44.796 42.175
6946.0 42.175 42.387
5406.0 42.387 43.478
4176.0 43.478 61.559
4272.0 61.559 80.092
4509.0 80.092 96.111
6378.0 96.111 71.591
10188.0 71.591 57.85
12522.0 57.85 45.973
12902.0 45.973 38.144
10493.0 38.144 35.767
7361.0 35.767 36.912
4933.0 36.912 53.667
4252.0 53.667 70.359
4439.0 70.359 84.431
4619.0 84.431 100.0
6471.0 100.0 74.116
10587.0 74.116 58.826
13153.0 58.826 45.747
12513.0 45.747 39.089
10065.0 39.089 37.209
6801.0 37.209 38.92
4611.0 38.92 56.204
4176.0 56.204 73.315
4260.0 73.315 87.977
4864.0 87.977 100.0
6688.0 100.0 73.248
10384.0 73.248 59.301
12435.0 59.301 47.783
11615.0 47.783 42.181
9491.0 42.181 40.474
6611.0 40.474 42.253
4743.0 42.253 60.811
4176.0 60.811 79.352
4219.0 79.352 95.222
4851.0 95.222 100.0
7231.0 100.0 71.076
11263.0 71.076 55.817
12871.0 55.817 44.851
11645.0 44.851 39.771
8641.0 39.771 39.356
5913.0 39.356 41.634
4224.0 41.634 59.17
4176.0 59.17 76.963
4426.0 76.963 92.356
5501.0 92.356 72.034
7930.0 72.034 63.957
9550.0 63.957 55.271
9910.0 55.271 49.149
8782.0 49.149 46.45
6946.0 46.45 46.508
5263.0 46.508 47.976
4176.0 47.976 67.955
4176.0 67.955 81.546
4442.0 81.546 97.855
5622.0 97.855 75.85
8514.0 75.85 65.954
10467.0 65.954 55.305
10975.0 55.305 47.973
9455.0 47.973 45.077
7259.0 45.077 45.091
5258.0 45.091 47.652
4176.0 47.652 67.167
4176.0 67.167 80.601
4374.0 80.601 96.721
5950.0 96.721 73.702
8599.0 73.702 64.241
10099.0 64.241 55.716
10633.0 55.716 48.793
9236.0 48.793 45.966
7370.0 45.966 45.526
5411.0 45.526 46.906
4176.0 46.906 66.464
4404.0 66.464 86.592
4327.0 86.592 100.0
5842.0 100.0 76.632
8950.0 76.632 65.685
10766.0 65.685 54.843
11058.0 54.843 47.739
9798.0 47.739 44.374
7586.0 44.374 44.303
5530.0 44.303 46.599
4387.0 46.599 66.048
4261.0 66.048 85.974
4468.0 85.974 100.0
5756.0 100.0 76.976
8696.0 76.976 66.43
10140.0 66.43 57.521
10312.0 57.521 51.183
8934.0 51.183 48.522
6831.0 48.522 49.001
5163.0 49.001 51.328
4176.0 51.328 72.539
4176.0 72.539 94.369
4676.0 94.369 100.0
6259.0 100.0 74.964
9283.0 74.964 63.811
10487.0 63.811 54.186
10259.0 54.186 48.482
8358.0 48.482 47.216
6384.0 47.216 48.381
4764.0 48.381 70.315
4176.0 70.315 91.865
4431.0 91.865 100.0
5516.0 100.0 77.936
7868.0 77.936 69.516
9644.0 69.516 59.505
9876.0 59.505 52.972
8685.0 52.972 50.249
7164.0 50.249 49.678
5400.0 49.678 51.839
4244.0 51.839 73.488
4218.0 73.488 88.186
4548.0 88.186 100.0
6120.0 100.0 75.52
8640.0 75.52 57.818
9726.0 57.818 50.37
8932.0 50.37 47.074
7054.0 47.074 47.29
5102.0 47.29 49.169
4218.0 49.169 69.132
4332.0 69.132 90.475
4392.0 90.475 100.0
5976.0 100.0 76.096
9084.0 76.096 64.997
10734.0 64.997 54.706
10734.0 54.706 47.948
9026.0 47.948 45.757
6594.0 45.757 46.96
4674.0 46.96 68.439
4219.0 68.439 89.525
4321.0 89.525 100.0
5457.0 100.0 78.172
7977.0 78.172 69.251
9729.0 69.251 59.654
9924.0 59.654 52.747
8817.0 52.747 49.805
7165.0 49.805 49.675
5442.0 49.675 51.81
4176.0 51.81 74.148
4225.0 74.148 88.978
4215.0 88.978 100.0
5949.0 100.0 76.204
8973.0 76.204 65.506
10705.0 65.506 54.725
10873.0 54.725 47.843
9179.0 47.843 45.47
6907.0 45.47 46.47
5001.0 46.47 48.824
4176.0 48.824 68.858
4176.0 68.858 82.63
4555.0 82.63 99.156
5929.0 99.156 75.64
9051.0 75.64 56.522
11205.0 56.522 45.917
10717.0 45.917 40.913
8236.0 40.913 40.455
6044.0 40.455 41.861
4340.0 41.861 59.739
4176.0 59.739 77.891
4176.0 77.891 93.469
5448.0 93.469 73.1
7938.0 73.1 57.527
9968.0 57.527 49.137
10142.0 49.137 43.628
8534.0 43.628 41.946
6569.0 41.946 42.705
5060.0 42.705 44.783
4240.0 44.783 62.826
4176.0 62.826 75.391
4690.0 75.391 90.469
6118.0 90.469 68.33
8968.0 68.33 58.705
10489.0 58.705 49.762
10491.0 49.762 44.168
9252.0 44.168 41.615
7033.0 41.615 42.097
5136.0 42.097 44.579
4176.0 44.579 62.548
4218.0 62.548 75.057
4308.0 75.057 90.069
5652.0 90.069 69.706
8379.0 69.706 53.768
10325.0 53.768 45.349
9707.0 45.349 41.43
7913.0 41.43 40.662
5876.0 40.662 41.629
4409.0 41.629 59.228
4262.0 59.228 77.693
4346.0 77.693 93.231
5462.0 93.231 72.862
8540.0 72.862 55.595
11087.0 55.595 45.648
11001.0 45.648 40.051
9477.0 40.051 37.803
7041.0 37.803 38.259
4945.0 38.259 56.111
4176.0 56.111 73.517
4440.0 73.517 88.221
5202.0 88.221 69.864
7537.0 69.864 55.929
9721.0 55.929 47.83
9734.0 47.83 42.384
8362.0 42.384 40.7
6441.0 40.7 41.561
4857.0 41.561 60.362
4176.0 60.362 78.82
4394.0 78.82 94.584
5444.0 94.584 73.987
8494.0 73.987 56.576
11284.0 56.576 45.631
10964.0 45.631 39.885
9440.0 39.885 37.735
6833.0 37.735 38.952
4960.0 38.952 57.008
4176.0 57.008 74.879
4331.0 74.879 89.855
5339.0 89.855 70.665
7961.0 70.665 55.469
10320.0 55.469 46.446
10148.0 46.446 41.48
8651.0 41.48 39.742
6558.0 39.742 40.651
4942.0 40.651 58.583
4176.0 58.583 76.898
4193.0 76.898 92.277
5258.0 92.277 72.869
7876.0 72.869 64.786
9769.0 64.786 55.565
10305.0 55.565 49.007
9629.0 49.007 45.174
7725.0 45.174 44.351
5751.0 44.351 45.749
4229.0 45.749 64.83
4302.0 64.83 84.378
4492.0 84.378 100.0
5704.0 100.0 77.184
9064.0 77.184 65.691
11164.0 65.691 53.523
11828.0 53.523 45.234
9892.0 45.234 42.407
7660.0 42.407 42.475
5359.0 42.475 44.207
4176.0 44.207 63.26
4206.0 63.26 82.385
4197.0 82.385 98.862
5658.0 98.862 76.488
8447.0 76.488 66.825
10645.0 66.825 55.649
11275.0 55.649 47.719
10282.0 47.719 43.556
7819.0 43.556 43.632
5702.0 43.632 45.917
4176.0 45.917 65.258
4176.0 65.258 85.014
4531.0 85.014 100.0
5941.0 100.0 76.236
9469.0 76.236 63.799
10903.0 63.799 53.442
11203.0 53.442 46.196
9393.0 46.196 43.899
7069.0 43.899 44.361
4921.0 44.361 64.126
4176.0 64.126 84.084
4462.0 84.084 100.0
5254.0 100.0 78.984
7522.0 78.984 63.318
9488.0 63.318 54.285
9320.0 54.285 48.963
8181.0 48.963 47.073
6393.0 47.073 47.717
4905.0 47.717 68.427
4347.0 68.427 89.299
4602.0 89.299 100.0
5708.0 100.0 77.168
8648.0 77.168 66.916
10596.0 66.916 55.545
10470.0 55.545 49.044
9306.0 49.044 45.891
7238.0 45.891 46.353
5170.0 46.353 48.18
4246.0 48.18 67.99
4221.0 67.99 88.478
4312.0 88.478 100.0
6074.0 100.0 75.704
8930.0 75.704 65.103
10607.0 65.103 54.62
10652.0 54.62 48.279
9280.0 48.279 45.623
6940.0 45.623 46.607
5202.0 46.607 48.27
4176.0 48.27 68.128
4176.0 68.128 88.739
4288.0 88.739 100.0
5966.0 100.0 76.136
8906.0 76.136 65.542
10748.0 65.542 55.412
11000.0 55.412 48.49
9648.0 48.49 45.296
7212.0 45.296 45.517
5334.0 45.517 48.084
4176.0 48.084 68.523
4176.0 68.523 89.242
4383.0 89.242 100.0
5929.0 100.0 76.284
8617.0 76.284 66.247
10007.0 66.247 56.873
10138.0 56.873 50.684
8998.0 50.684 47.852
7092.0 47.852 47.855
5168.0 47.855 50.591
4176.0 50.591 71.481
4262.0 71.481 85.778
4432.0 85.778 100.0
5972.0 100.0 76.112
8912.0 76.112 65.683
10896.0 65.683 55.314
11144.0 55.314 48.235
9640.0 48.235 45.269
7400.0 45.269 45.282
5336.0 45.282 46.991
4176.0 46.991 66.446
4176.0 66.446 79.735
4500.0 79.735 95.682
5613.0 95.682 74.199
8297.0 74.199 57.449
9763.0 57.449 49.801
9406.0 49.801 45.622
7586.0 45.622 45.054
5864.0 45.054 46.3
4500.0 46.3 65.858
4190.0 65.858 85.731
4372.0 85.731 100.0
5926.0 100.0 76.296
9370.0 76.296 64.28
11250.0 64.28 52.937
11576.0 52.937 45.167
10133.0 45.167 41.8
7324.0 41.8 42.424
5226.0 42.424 45.177
4251.0 45.177 63.894
4176.0 63.894 76.673
4609.0 76.673 92.007
5869.0 92.007 70.407
9110.0 70.407 59.801
10951.0 59.801 48.902
11209.0 48.902 42.314
9517.0 42.314 39.984
7021.0 39.984 40.912
4887.0 40.912 59.971
4196.0 59.971 78.559
4260.0 78.559 94.27
5104.0 94.27 75.024
7754.0 75.024 66.909
10246.0 66.909 55.599
11170.0 55.599 47.281
10412.0 47.281 42.818
8562.0 42.818 41.691
6278.0 41.691 43.236
4176.0 43.236 61.602
4176.0 61.602 80.318
4256.0 80.318 96.381
5831.0 96.381 73.901
8987.0 73.901 63.219
10817.0 63.219 52.859
11167.0 52.859 45.444
9622.0 45.444 42.666
7209.0 42.666 43.044
5259.0 43.044 45.535
4176.0 45.535 64.339
4176.0 64.339 77.207
4466.0 77.207 92.649
5793.0 92.649 71.18
8705.0 71.18 61.709
10557.0 61.709 52.499
10869.0 52.499 45.842
9733.0 45.842 42.554
7373.0 42.554 42.88
5393.0 42.88 45.259
4210.0 45.259 64.033
4176.0 64.033 83.379
4543.0 83.379 100.0
5962.0 100.0 76.152
9322.0 76.152 63.993
11648.0 63.993 51.194
11912.0 51.194 43.571
9863.0 43.571 41.152
7135.0 41.152 42.274
5000.0 42.274 45.18
4176.0 45.18 63.77
4176.0 63.77 76.524
4596.0 76.524 91.829
5856.0 91.829 70.319
8677.0 70.319 53.546
10081.0 53.546 45.755
9368.0 45.755 42.195
7544.0 42.195 41.83
5572.0 41.83 43.07
4320.0 43.07 61.098
4288.0 61.098 79.488
4345.0 79.488 95.386
5879.0 95.386 72.955
8971.0 72.955 54.713
11058.0 54.713 45.626
10638.0 45.626 40.681
8980.0 40.681 38.931
6592.0 38.931 39.779
4600.0 39.779 57.994
4176.0 57.994 75.734
4536.0 75.734 90.881
5781.0 90.881 69.866
8889.0 69.866 60.079
10725.0 60.079 50.949
11369.0 50.949 43.809
9812.0 43.809 40.918
7724.0 40.918 40.993
5608.0 40.993 43.09
4193.0 43.09 60.847
4176.0 60.847 79.193
4176.0 79.193 95.032
5816.0 95.032 72.924
9160.0 72.924 61.803
11384.0 61.803 50.719
12056.0 50.719 42.819
10354.0 42.819 39.573
7641.0 39.573 40.256
5349.0 40.256 42.908
4199.0 42.908 60.968
4176.0 60.968 79.342
4566.0 79.342 95.211
5950.0 95.211 72.55
9290.0 72.55 61.473
11906.0 61.473 48.752
12251.0 48.752 40.929
10384.0 40.929 38.045
7438.0 38.045 38.952
5182.0 38.952 41.697
4176.0 41.697 58.995
4176.0 58.995 76.962
4372.0 76.962 92.354
5867.0 92.354 70.681
9444.0 70.681 58.766
11936.0 58.766 46.371
12440.0 46.371 38.709
10382.0 38.709 36.225
7394.0 36.225 37.029
4978.0 37.029 54.866
4176.0 54.866 72.112
4218.0 72.112 86.534
5181.0 86.534 68.601
7419.0 68.601 55.227
9828.0 55.227 46.794
9776.0 46.794 41.931
8612.0 41.931 39.884
7025.0 39.884 39.905
5143.0 39.905 41.394
4176.0 41.394 58.437
4176.0 58.437 75.986
4356.0 75.986 91.184
5964.0 91.184 69.431
9476.0 69.431 58.16
11425.0 58.16 48.226
11646.0 48.226 41.476
9581.0 41.476 39.351
7061.0 39.351 39.858
4955.0 39.858 57.536
4176.0 57.536 75.767
4195.0 75.767 90.92
4933.0 90.92 100.0
7021.0 100.0 71.916
10717.0 71.916 57.775
11965.0 57.775 47.864
10745.0 47.864 43.384
8149.0 43.384 43.219
5603.0 43.219 45.775
4218.0 45.775 66.148
4231.0 66.148 86.16
4336.0 86.16 100.0
5638.0 100.0 77.448
8326.0 77.448 67.943
10097.0 67.943 57.649
10513.0 57.649 50.553
9515.0 50.553 46.943
7556.0 46.943 46.527
5571.0 46.527 48.714
4176.0 48.714 69.182
4240.0 69.182 83.019
4335.0 83.019 99.623
5704.0 99.623 76.893
8644.0 76.893 66.778
10760.0 66.778 55.624
11180.0 55.624 47.972
9851.0 47.972 44.53
7723.0 44.53 44.163
5434.0 44.163 46.706
4197.0 46.706 66.278
4253.0 66.278 79.534
4492.0 79.534 95.441
5562.0 95.441 74.207
8330.0 74.207 57.319
10048.0 57.319 48.969
9817.0 48.969 44.336
7905.0 44.336 43.557
6057.0 43.557 44.942
4501.0 44.942 64.166
4184.0 64.166 83.757
4176.0 83.757 100.0
5400.0 100.0 78.4
8340.0 78.4 68.416
10998.0 68.416 55.905
11856.0 55.905 46.776
11015.0 46.776 41.981
8171.0 41.981 41.713
5894.0 41.713 43.742
4286.0 43.742 62.085
4176.0 62.085 74.502
4380.0 74.502 89.402
5685.0 89.402 69.072
8183.0 69.072 61.006
9463.0 61.006 53.358
9769.0 53.358 47.689
8709.0 47.689 45.13
6999.0 45.13 45.102
5605.0 45.102 45.96
4279.0 45.96 65.158
4176.0 65.158 84.751
4467.0 84.751 100.0
6129.0 100.0 75.484
9741.0 75.484 62.657
11817.0 62.657 50.159
12155.0 50.159 42.336
9971.0 42.336 39.957
7046.0 39.957 41.169
4912.0 41.169 59.548
4176.0 59.548 78.154
4227.0 78.154 93.784
4947.0 93.784 100.0
7557.0 100.0 69.772
11589.0 69.772 54.194
12489.0 54.194 44.764
11274.0 44.764 40.293
8142.0 40.293 40.574
5619.0 40.574 43.193
4220.0 43.193 61.422
4214.0 61.422 79.916
4394.0 79.916 95.899
5612.0 95.899 74.372
8464.0 74.372 64.747
10153.0 64.747 55.094
10887.0 55.094 47.635
9867.0 47.635 44.059
7683.0 44.059 44.0
5648.0 44.0 46.199
4176.0 46.199 66.592
4176.0 66.592 86.916
4218.0 86.916 100.0
5746.0 100.0 77.016
8434.0 77.016 67.221
10852.0 67.221 55.459
11401.0 55.459 47.701
9845.0 47.701 44.317
7493.0 44.317 44.57
5521.0 44.57 46.908
4281.0 46.908 67.64
4239.0 67.64 88.013
4612.0 88.013 100.0
6173.0 100.0 75.308
9533.0 75.308 62.559
11073.0 62.559 52.864
11124.0 52.864 46.309
9486.0 46.309 43.731
6980.0 43.731 44.238
5047.0 44.238 47.011
4176.0 47.011 66.238
4176.0 66.238 79.486
4277.0 79.486 95.383
5475.0 95.383 74.494
8331.0 74.494 57.473
10133.0 57.473 48.885
9993.0 48.885 43.985
8161.0 43.985 42.831
6205.0 42.831 43.755
4689.0 43.755 62.605
4176.0 62.605 82.207
4176.0 82.207 98.649
5622.0 98.649 76.464
8747.0 76.464 57.833
11119.0 57.833 47.377
10797.0 47.377 41.822
9179.0 41.822 39.85
6775.0 39.85 40.956
4684.0 40.956 59.769
4176.0 59.769 78.091
4560.0 78.091 93.709
5544.0 93.709 72.928
8616.0 72.928 62.873
10911.0 62.873 51.68
11515.0 51.68 44.017
10106.0 44.017 40.696
8047.0 40.696 40.157
5602.0 40.157 42.395
4176.0 42.395 61.175
4229.0 61.175 79.725
4554.0 79.725 95.67
5982.0 95.67 72.778
9490.0 72.778 60.571
10898.0 60.571 51.07
11425.0 51.07 44.015
9451.0 44.015 41.781
7209.0 41.781 42.219
4977.0 42.219 61.948
4256.0 61.948 81.309
4632.0 81.309 97.571
5541.0 97.571 75.945
8603.0 75.945 65.683
9857.0 65.683 56.714
10037.0 56.714 50.529
8961.0 50.529 47.595
7335.0 47.595 47.432
5361.0 47.432 49.84
4176.0 49.84 70.307
4407.0 70.307 84.369
4335.0 84.369 100.0
5899.0 100.0 76.404
8923.0 76.404 65.645
10739.0 65.645 54.939
10907.0 54.939 47.695
9971.0 47.695 43.957
7526.0 43.957 43.993
5390.0 43.993 46.565
4176.0 46.565 65.882
4176.0 65.882 85.809
4412.0 85.809 100.0
5784.0 100.0 76.864
8388.0 76.864 67.379
10159.0 67.379 57.294
10577.0 57.294 50.335
8981.0 50.335 47.912
7103.0 47.912 48.396
5095.0 48.396 51.236
4276.0 51.236 72.398
4188.0 72.398 86.878
4773.0 86.878 100.0
6055.0 100.0 75.78
9247.0 75.78 63.731
10507.0 63.731 54.401
10615.0 54.401 47.956
8908.0 47.956 45.86
6736.0 45.86 46.475
4800.0 46.475 67.858
4176.0 67.858 88.921
4269.0 88.921 100.0
5286.0 100.0 78.856
7386.0 78.856 71.6
8968.0 71.6 62.416
9703.0 62.416 55.307
8887.0 55.307 51.408
7395.0 51.408 50.66
5731.0 50.66 51.758
4289.0 51.758 73.5
4176.0 73.5 95.654
4683.0 95.654 100.0
6063.0 100.0 75.748
9087.0 75.748 64.84
9981.0 64.84 55.902
9883.0 55.902 50.516
8065.0 50.516 49.496
6266.0 49.496 50.156
4848.0 50.156 71.881
4176.0 71.881 93.769
4348.0 93.769 100.0
5230.0 100.0 79.08
7414.0 79.08 71.648
8562.0 71.648 64.791
9480.0 64.791 57.303
8558.0 57.303 53.741
7109.0 53.741 53.255
5851.0 53.255 53.959
4193.0 53.959 76.455
4176.0 76.455 99.679
4180.0 99.679 100.0
6196.0 100.0 75.216
8800.0 75.216 65.388
10116.0 65.388 56.83
9753.0 56.83 51.608
8721.0 51.608 48.958
6723.0 48.958 49.771
4799.0 49.771 71.506
4176.0 71.506 93.477
4708.0 93.477 100.0
5986.0 100.0 76.056
8926.0 76.056 65.496
9847.0 65.496 56.432
9903.0 56.432 50.871
8404.0 50.871 49.033
6406.0 49.033 49.594
4910.0 49.594 71.966
4221.0 71.966 94.067
4245.0 94.067 100.0
5349.0 100.0 78.604
7701.0 78.604 70.536
9321.0 70.536 61.024
10168.0 61.024 53.489
9028.0 53.489 50.191
7398.0 50.191 49.675
5718.0 49.675 51.542
4390.0 51.542 73.079
4176.0 73.079 95.374
4541.0 95.374 100.0
6517.0 100.0 73.932
9709.0 73.932 61.659
10825.0 61.659 51.691
10449.0 51.691 46.217
8506.0 46.217 44.94
6252.0 44.94 46.738
4430.0 46.738 67.908
4176.0 67.908 88.903
4531.0 88.903 100.0
5851.0 100.0 76.596
8959.0 76.596 65.212
10775.0 65.212 54.266
10943.0 54.266 47.448
9598.0 47.448 44.473
7210.0 44.473 45.278
5215.0 45.278 48.025
4235.0 48.025 67.776
4176.0 67.776 88.152
4284.0 88.152 100.0
6046.0 100.0 75.816
8986.0 75.816 64.972
10831.0 64.972 54.548
11251.0 54.548 47.198
9599.0 47.198 44.4
7127.0 44.4 44.954
5367.0 44.954 47.414
4222.0 47.414 67.143
4221.0 67.143 80.572
4788.0 80.572 96.687
6116.0 96.687 73.033
9431.0 73.033 61.62
11142.0 61.62 51.845
10912.0 51.845 45.923
9304.0 45.923 43.581
7111.0 43.581 43.697
5094.0 43.697 46.406
4235.0 46.406 65.368
4255.0 65.368 78.442
4347.0 78.442 94.131
5336.0 94.131 74.039
7976.0 74.039 65.582
9992.0 65.582 55.614
10716.0 55.614 48.325
9571.0 48.325 44.87
7639.0 44.87 44.516
5643.0 44.516 46.618
4257.0 46.618 67.327
4176.0 67.327 80.792
4366.0 80.792 96.951
5794.0 96.951 74.481
8701.0 74.481 64.357
10584.0 64.357 54.21
10725.0 54.21 47.579
9283.0 47.579 44.728
7210.0 44.728 44.835
5254.0 44.835 46.475
4176.0 46.475 65.762
4176.0 65.762 85.566
4424.0 85.566 100.0
6048.0 100.0 75.808
9408.0 75.808 63.941
11313.0 63.941 53.407
11721.0 53.407 45.606
10119.0 45.606 42.415
7504.0 42.415 42.717
5402.0 42.717 45.316
4176.0 45.316 64.164
4176.0 64.164 83.517
4496.0 83.517 100.0
5747.0 100.0 77.012
8939.0 77.012 65.885
11064.0 65.885 53.866
11184.0 53.866 46.827
9864.0 46.827 43.626
7524.0 43.626 43.876
5457.0 43.876 46.274
4259.0 46.274 65.441
4176.0 65.441 85.188
4536.0 85.188 100.0
5946.0 100.0 76.216
9390.0 76.216 63.643
11102.0 63.643 53.449
11054.0 53.449 46.8
9318.0 46.8 44.499
7014.0 44.499 45.048
4956.0 45.048 66.054
4176.0 66.054 86.614
4284.0 86.614 100.0
5211.0 100.0 79.156
7563.0 79.156 71.32
9171.0 71.32 61.833
9963.0 61.833 54.418
9223.0 54.418 50.333
7399.0 50.333 50.02
5848.0 50.02 51.078
4588.0 51.078 73.647
4179.0 73.647 95.935
4788.0 95.935 100.0
6584.0 100.0 73.664
9440.0 73.664 61.946
10142.0 61.946 53.284
9350.0 53.284 49.381
7430.0 49.381 49.117
5534.0 49.117 51.427
4259.0 51.427 73.026
4187.0 73.026 95.131
4554.0 95.131 100.0
6362.0 100.0 74.552
9134.0 74.552 63.817
10229.0 63.817 55.389
9845.0 55.389 50.108
8197.0 50.108 48.749
6349.0 48.749 49.429
4736.0 49.429 70.693
4176.0 70.693 92.483
4315.0 92.483 100.0
5491.0 100.0 78.036
8095.0 78.036 69.077
9907.0 69.077 58.712
9815.0 58.712 52.322
8516.0 52.322 50.003
6871.0 50.003 50.267
5527.0 50.267 51.453
4519.0 51.453 73.034
4348.0 73.034 87.64
4850.0 87.64 100.0
6590.0 100.0 73.64
9782.0 73.64 60.965
11234.0 60.965 51.222
10502.0 51.222 45.985
8914.0 45.985 44.132
6499.0 44.132 45.653
4518.0 45.653 66.432
4176.0 66.432 86.777
4493.0 86.777 100.0
5730.0 100.0 77.08
8502.0 77.08 67.221
9828.0 67.221 57.889
10117.0 57.889 51.421
9039.0 51.421 48.331
7163.0 48.331 48.489
5231.0 48.489 50.217
4282.0 50.217 71.02
4176.0 71.02 92.351
4634.0 92.351 100.0
6125.0 100.0 75.5
9233.0 75.5 56.016
10409.0 56.016 48.323
9485.0 48.323 44.81
7643.0 44.81 44.601
5479.0 44.601 46.18
4176.0 46.18 65.575
4176.0 65.575 85.591
4196.0 85.591 100.0
5702.0 100.0 77.192
8558.0 77.192 66.919
10699.0 66.919 55.715
11077.0 55.715 48.09
10067.0 48.09 43.988
7729.0 43.988 43.995
5653.0 43.995 46.178
4176.0 46.178 65.388
4176.0 65.388 85.243
4398.0 85.243 100.0
5907.0 100.0 76.372
9183.0 76.372 64.829
10863.0 64.829 53.843
11451.0 53.843 45.885
9735.0 45.885 42.997
7375.0 42.997 43.275
5387.0 43.275 45.697
4176.0 45.697 64.851
4176.0 64.851 84.366
4454.0 84.366 100.0
6170.0 100.0 75.32
9530.0 75.32 63.114
11658.0 63.114 51.785
11714.0 51.785 44.588
9974.0 44.588 41.722
7097.0 41.722 42.479
5117.0 42.479 45.304
4273.0 45.304 64.01
4176.0 64.01 83.464
4337.0 83.464 100.0
5790.0 100.0 76.84
8730.0 76.84 58.299
10989.0 58.299 48.044
10569.0 48.044 42.899
8630.0 42.899 41.612
6110.0 41.612 43.606
4269.0 43.606 63.258
4241.0 63.258 82.546
4197.0 82.546 99.055
5289.0 99.055 78.099
7914.0 78.099 69.276
10254.0 69.276 57.958
11141.0 57.958 49.391
10140.0 49.391 45.101
8112.0 45.101 44.42
5848.0 44.42 45.708
4410.0 45.708 65.829
4176.0 65.829 86.044
4176.0 86.044 100.0
5758.0 100.0 76.968
8782.0 76.968 66.403
11125.0 66.403 55.149
11289.0 55.149 48.038
10131.0 48.038 44.071
7961.0 44.071 43.85
5819.0 43.85 45.848
4176.0 45.848 65.33
4176.0 65.33 85.023
4412.0 85.023 100.0
5921.0 100.0 76.316
9197.0 76.316 64.689
11213.0 64.689 53.288
11579.0 53.288 45.369
9883.0 45.369 42.452
7231.0 42.452 43.222
5281.0 43.222 45.782
4239.0 45.782 64.768
4232.0 64.768 77.722
4394.0 77.722 93.266
5510.0 93.266 72.71
8246.0 72.71 56.369
10058.0 56.369 48.223
10090.0 48.223 43.206
8088.0 43.206 42.32
6198.0 42.32 43.392
4702.0 43.392 62.097
4176.0 62.097 81.282
4240.0 81.282 97.538
5542.0 97.538 75.916
8436.0 75.916 65.98
11172.0 65.98 53.797
11584.0 53.797 45.852
10550.0 45.852 41.615
8110.0 41.615 41.347
5786.0 41.347 43.418
4238.0 43.418 61.881
4176.0 61.881 80.735
4548.0 80.735 96.882
5768.0 96.882 74.53
9263.0 74.53 62.818
10917.0 62.818 52.596
11521.0 52.596 44.793
10089.0 44.793 41.518
7665.0 41.518 41.74
5579.0 41.74 43.943
4176.0 43.943 62.441
4176.0 62.441 74.929
4215.0 74.929 89.915
5755.0 89.915 69.216
8389.0 69.216 53.434
10051.0 53.434 46.07
9683.0 46.07 41.926
8300.0 41.926 40.363
6494.0 40.363 40.799
4678.0 40.799 58.476
4259.0 58.476 76.839
4284.0 76.839 92.207
5804.0 92.207 70.8
9052.0 70.8 60.366
11229.0 60.366 49.452
11982.0 49.452 41.468
10580.0 41.468 37.93
7801.0 37.93 38.108
5437.0 38.108 40.176
4222.0 40.176 56.977
4176.0 56.977 74.28
4324.0 74.28 89.136
5713.0 89.136 68.767
8463.0 68.767 59.745
10507.0 59.745 50.106
11020.0 50.106 43.369
10180.0 43.369 39.592
7710.0 39.592 39.674
5457.0 39.674 42.019
4176.0 42.019 60.551
4176.0 60.551 78.869
4243.0 78.869 94.643
5591.0 94.643 73.477
8552.0 73.477 63.833
11228.0 63.833 51.57
12056.0 51.57 43.255
10578.0 43.255 39.638
7917.0 39.638 39.761
5619.0 39.761 42.002
4176.0 42.002 59.745
4176.0 59.745 77.935
4176.0 77.935 93.522
5760.0 93.522 71.975
8652.0 71.975 62.368
10578.0 62.368 52.678
10917.0 52.678 45.878
9621.0 45.878 42.829
7345.0 42.829 42.804
5487.0 42.804 44.029
4176.0 44.029 62.401
4247.0 62.401 74.881
4302.0 74.881 89.857
5478.0 89.857 70.168
8080.0 70.168 54.842
9916.0 54.842 46.822
9734.0 46.822 42.365
8318.0 42.365 40.859
6428.0 40.859 41.281
4624.0 41.281 59.199
4176.0 59.199 77.337
4251.0 77.337 92.804
5460.0 92.804 72.536
8484.0 72.536 62.926
10988.0 62.926 51.691
11676.0 51.691 43.606
10860.0 43.606 39.167
8259.0 39.167 39.009
5838.0 39.009 41.098
4242.0 41.098 59.579
4186.0 59.579 77.796
4485.0 77.796 93.355
5661.0 93.355 72.216
8643.0 72.216 62.251
11283.0 62.251 50.448
11955.0 50.448 42.529
10599.0 42.529 38.856
8055.0 38.856 38.668
5689.0 38.668 40.826
4270.0 40.826 58.005
4223.0 58.005 75.718
4499.0 75.718 90.862
5996.0 90.862 69.07
8828.0 69.07 59.383
10926.0 59.383 49.118
11080.0 49.118 42.657
9625.0 42.657 40.001
7231.0 40.001 40.44
5222.0 40.44 42.006
4176.0 42.006 59.381
4176.0 59.381 71.257
4364.0 71.257 85.509
5542.0 85.509 66.553
8272.0 66.553 58.458
10036.0 58.458 50.306
10372.0 50.306 44.332
9595.0 44.332 41.054
7717.0 41.054 40.364
5639.0 40.364 42.264
4176.0 42.264 59.828
4176.0 59.828 71.794
4176.0 71.794 86.152
5447.0 86.152 67.381
8275.0 67.381 59.075
10484.0 59.075 49.669
10654.0 49.669 43.301
10024.0 43.301 39.43
7948.0 39.43 39.056
5780.0 39.056 40.936
4400.0 40.936 58.424
4176.0 58.424 76.222
4520.0 76.222 91.467
6284.0 91.467 68.476
9848.0 68.476 56.735
12401.0 56.735 43.61
12737.0 43.61 36.186
10163.0 36.186 34.207
7135.0 34.207 35.385
4795.0 35.385 51.219
4176.0 51.219 68.568
4180.0 68.568 82.282
5122.0 82.282 65.424
7480.0 65.424 52.471
9490.0 52.471 45.177
9735.0 45.177 40.401
8529.0 40.401 38.52
6764.0 38.52 38.849
5267.0 38.849 40.037
4176.0 40.037 56.473
4176.0 56.473 67.768
4586.0 67.768 81.321
6298.0 81.321 60.835
9488.0 60.835 50.852
11306.0 50.852 42.202
11444.0 42.202 36.505
9336.0 36.505 34.872
6921.0 34.872 35.693
4943.0 35.693 52.312
4180.0 52.312 68.658
4176.0 68.658 82.389
5202.0 82.389 65.246
7560.0 65.246 52.172
9105.0 52.172 45.686
9252.0 45.686 41.641
7848.0 41.641 40.436
6186.0 40.436 41.046
4902.0 41.046 58.574
4278.0 58.574 76.832
4212.0 76.832 92.198
5589.0 92.198 71.586
9019.0 71.586 53.341
11357.0 53.341 43.731
11489.0 43.731 37.816
9317.0 37.816 36.143
6755.0 36.143 37.162
4870.0 37.162 54.347
4260.0 54.347 71.192
4268.0 71.192 85.43
5362.0 85.43 67.107
8120.0 67.107 59.02
10495.0 59.02 48.52
10917.0 48.52 41.854
10035.0 41.854 38.236
7965.0 38.236 37.957
5789.0 37.957 39.11
4206.0 39.11 55.635
4233.0 55.635 72.523
4412.0 72.523 87.027
5768.0 87.027 66.948
8768.0 66.948 57.638
11036.0 57.638 47.275
11532.0 47.275 40.457
10042.0 40.457 37.566
7662.0 37.566 37.941
5366.0 37.941 40.316
4176.0 40.316 57.246
4176.0 57.246 74.642
4638.0 74.642 89.57
6444.0 89.57 66.483
9786.0 66.483 54.808
11388.0 54.808 44.954
10912.0 44.954 39.923
9119.0 39.923 38.263
6723.0 38.263 39.412
4859.0 39.412 56.719
4187.0 56.719 74.08
4428.0 74.08 88.896
5274.0 88.896 70.143
8018.0 70.143 54.853
10478.0 54.853 45.178
10856.0 45.178 39.273
9206.0 39.273 37.286
7101.0 37.286 37.779
4993.0 37.779 54.566
4176.0 54.566 71.546
4342.0 71.546 93.012
5268.0 93.012 73.413
8358.0 73.413 56.408
11555.0 56.408 44.968
12113.0 44.968 37.815
10290.0 37.815 35.103
7537.0 35.103 35.742
5401.0 35.742 37.98
4176.0 37.98 54.863
4217.0 54.863 71.389
4305.0 71.389 85.667
5903.0 85.667 65.439
8913.0 65.439 49.244
10971.0 49.244 40.785
10524.0 40.785 36.592
8199.0 36.592 36.062
5799.0 36.062 37.249
4246.0 37.249 53.878
4233.0 53.878 70.19
4560.0 70.19 84.229
5796.0 84.229 64.701
8984.0 64.701 55.319
10720.0 55.319 46.52
10932.0 46.52 40.585
9803.0 40.585 37.587
7547.0 37.587 37.419
5391.0 37.419 39.484
4178.0 39.484 55.656
4181.0 55.656 72.458
4176.0 72.458 86.949
5660.0 86.949 67.264
8673.0 67.264 58.201
10843.0 58.201 47.979
11644.0 47.979 40.605
10184.0 40.605 37.503
7720.0 37.503 37.444
5473.0 37.444 39.592
4176.0 39.592 56.123
4176.0 56.123 73.271
4302.0 73.271 87.925
5560.0 87.925 68.37
8560.0 68.37 59.308
10702.0 59.308 49.402
11334.0 49.402 42.3
10209.0 42.3 38.759
8009.0 38.759 38.278
5608.0 38.278 40.368
4176.0 40.368 58.222
4176.0 58.222 69.867
4395.0 69.867 83.84
5835.0 83.84 64.272
9091.0 64.272 47.864
11597.0 47.864 38.477
11741.0 38.477 33.088
9239.0 33.088 31.938
6524.0 31.938 33.109
4544.0 33.109 48.012
4176.0 48.012 62.727
4176.0 62.727 75.272
4928.0 75.272 90.326
7308.0 90.326 63.922
11805.0 63.922 49.047
14121.0 49.047 37.61
12949.0 37.61 32.483
9281.0 32.483 32.281
5717.0 32.281 34.893
4178.0 34.893 49.829
4181.0 49.829 64.955
4176.0 64.955 77.947
5281.0 77.947 61.481
7549.0 61.481 55.409
8697.0 55.409 49.505
9205.0 49.505 44.689
8255.0 44.689 42.527
6743.0 42.527 42.489
5525.0 42.489 43.181
4349.0 43.181 61.102
4253.0 61.102 73.322
4763.0 73.322 87.987
6401.0 87.987 65.458
10049.0 65.458 53.483
12083.0 53.483 43.461
11586.0 43.461 38.152
9354.0 38.152 36.625
6571.0 36.625 37.595
4605.0 37.595 54.012
4178.0 54.012 71.39
4272.0 71.39 85.667
4946.0 85.667 100.0
7256.0 100.0 70.976
11120.0 70.976 55.641
13290.0 55.641 43.68
12535.0 43.68 37.579
9062.0 37.579 37.26
6094.0 37.26 39.392
4192.0 39.392 56.478
4176.0 56.478 73.906
4176.0 73.906 88.687
5088.0 88.687 70.638
7014.0 70.638 57.945
8561.0 57.945 51.344
9185.0 51.344 46.274
7985.0 46.274 44.645
6445.0 44.645 45.0
4870.0 45.0 64.501
4241.0 64.501 84.633
4692.0 84.633 100.0
6156.0 100.0 75.376
9684.0 75.376 62.299
11784.0 62.299 50.122
11832.0 50.122 42.808
9984.0 42.808 40.23
7245.0 40.23 41.181
4886.0 41.181 59.71
4178.0 59.71 78.105
4377.0 78.105 93.726
4905.0 93.726 100.0
7011.0 100.0 71.956
10875.0 71.956 57.26
12594.0 57.26 46.294
11208.0 46.294 41.678
8744.0 41.678 40.902
5904.0 40.902 43.373
4232.0 43.373 62.83
4176.0 62.83 75.397
4350.0 75.397 90.476
5274.0 90.476 71.389
7617.0 71.389 56.973
9187.0 56.973 50.041
8935.0 50.041 46.113
7675.0 46.113 44.841
6289.0 44.841 45.345
4769.0 45.345 64.727
4242.0 64.727 84.254
4256.0 84.254 100.0
5920.0 100.0 76.32
9448.0 76.32 63.481
11832.0 63.481 50.412
12763.0 50.412 41.332
10824.0 41.332 38.005
7788.0 38.005 38.647
5172.0 38.647 40.609
4331.0 40.609 57.423
4260.0 57.423 68.907
4591.0 68.907 82.689
5583.0 82.689 64.223
8205.0 64.223 49.941
9864.0 49.941 42.612
9553.0 42.612 38.798
7999.0 38.798 37.831
6186.0 37.831 38.818
4394.0 38.818 55.502
4176.0 55.502 72.822
4367.0 72.822 87.386
5587.0 87.386 67.857
8743.0 67.857 58.422
11111.0 58.422 47.896
11807.0 47.896 40.675
10339.0 40.675 37.452
7885.0 37.452 37.509
5581.0 37.509 39.003
4179.0 39.003 55.338
4212.0 55.338 71.981
4347.0 71.981 86.377
5949.0 86.377 65.822
9091.0 65.822 56.008
10627.0 56.008 47.393
10897.0 47.393 41.505
9101.0 41.505 39.562
6854.0 39.562 40.222
4949.0 40.222 58.863
4176.0 58.863 78.275
4361.0 78.275 93.93
5350.0 93.93 73.829
8069.0 73.829 65.111
10475.0 65.111 54.354
10901.0 54.354 47.045
9724.0 47.045 43.685
8027.0 43.685 42.818
6053.0 42.818 43.656
4176.0 43.656 63.158
4269.0 63.158 82.397
4398.0 82.397 98.876
5874.0 98.876 75.644
9500.0 75.644 63.191
11630.0 63.191 51.896
12442.0 51.896 43.289
10384.0 43.289 40.22
7582.0 40.22 40.504
5188.0 40.504 43.216
4220.0 43.216 61.214
4176.0 61.214 79.757
4350.0 79.757 95.708
5652.0 95.708 74.07
9004.0 74.07 63.043
11002.0 63.043 52.042
11388.0 52.042 44.673
10050.0 44.673 41.403
7656.0 41.403 41.449
5616.0 41.449 43.595
4247.0 43.595 61.987
4190.0 61.987 80.69
4454.0 80.69 96.828
6114.0 96.828 73.148
9345.0 73.148 53.935
11255.0 53.935 44.221
10451.0 44.221 39.919
8178.0 39.919 39.435
5913.0 39.435 40.593
4176.0 40.593 58.798
4176.0 58.798 76.721
4281.0 76.721 92.066
5871.0 92.066 70.445
9112.0 70.445 59.899
11961.0 59.899 47.209
12408.0 47.209 39.477
10616.0 39.477 36.456
7778.0 36.456 37.147
5300.0 37.147 39.8
4176.0 39.8 56.501
4176.0 56.501 73.53
4502.0 73.53 88.236
5906.0 88.236 67.391
8909.0 67.391 57.727
10997.0 57.727 47.751
11157.0 47.751 41.455
9805.0 41.455 38.616
7502.0 38.616 38.573
5332.0 38.573 40.878
4243.0 40.878 57.838
4176.0 57.838 75.35
4626.0 75.35 90.42
6138.0 90.42 68.22
9492.0 68.22 49.917
11490.0 49.917 41.043
10750.0 41.043 36.645
8705.0 36.645 35.643
6265.0 35.643 37.059
4191.0 37.059 53.837
4176.0 53.837 64.604
4260.0 64.604 77.525
5430.0 77.525 60.686
7818.0 60.686 54.32
9723.0 54.32 46.776
9534.0 46.776 42.301
8646.0 42.301 40.064
6862.0 40.064 40.373
5392.0 40.373 41.494
4176.0 41.494 58.488
4176.0 58.488 70.185
4435.0 70.185 84.222
5791.0 84.222 64.713
9063.0 64.713 55.122
11303.0 55.122 44.956
11489.0 44.956 38.595
10311.0 38.595 35.451
7491.0 35.451 36.205
5419.0 36.205 38.326
4176.0 38.326 54.439
4176.0 54.439 65.326
4464.0 65.326 78.391
5661.0 78.391 60.641
8222.0 60.641 47.162
9710.0 47.162 40.613
9525.0 40.613 36.978
8021.0 36.978 35.944
6113.0 35.944 36.839
4724.0 36.839 52.65
4199.0 52.65 68.711
4303.0 68.711 82.453
5707.0 82.453 63.631
8815.0 63.631 54.573
11479.0 54.573 43.891
12193.0 43.891 36.754
10657.0 36.754 33.69
7874.0 33.69 34.094
5502.0 34.094 35.891
4176.0 35.891 51.048
4176.0 51.048 66.537
4303.0 66.537 79.844
5437.0 79.844 62.48
8125.0 62.48 55.161
10222.0 55.161 46.735
10975.0 46.735 40.232
9907.0 40.232 37.045
8023.0 37.045 36.336
5863.0 36.336 37.952
4176.0 37.952 54.856
4290.0 54.856 71.518
4320.0 71.518 85.822
5666.0 85.822 66.371
8802.0 66.371 56.997
11420.0 56.997 45.976
12308.0 45.976 38.216
10700.0 38.216 34.973
8019.0 34.973 35.115
5537.0 35.115 37.274
4176.0 37.274 52.912
4217.0 52.912 63.494
4452.0 63.494 76.193
5726.0 76.193 58.742
8800.0 58.742 50.391
11358.0 50.391 40.727
12015.0 40.727 34.345
10386.0 34.345 31.757
7831.0 31.757 31.83
5395.0 31.83 33.817
4220.0 33.817 47.889
4176.0 47.889 62.382
4736.0 62.382 74.859
6260.0 74.859 56.114
9312.0 56.114 47.161
10782.0 47.161 39.818
10447.0 39.818 35.655
8583.0 35.655 34.548
6403.0 34.548 35.504
4687.0 35.504 51.668
4235.0 51.668 67.534
4508.0 67.534 81.041
5679.0 81.041 62.632
8527.0 62.632 54.504
10955.0 54.504 44.831
11291.0 44.831 38.647
10239.0 38.647 35.472
7721.0 35.472 35.628
5579.0 35.628 37.603
4183.0 37.603 53.302
4300.0 53.302 69.307
4629.0 69.307 83.169
6462.0 83.169 61.671
9994.0 61.671 50.634
11522.0 50.634 42.309
11158.0 42.309 37.366
9055.0 37.366 36.044
6425.0 36.044 37.366
4409.0 37.366 54.516
4280.0 54.516 71.255
4176.0 71.255 85.505
5568.0 85.505 66.462
8382.0 66.462 58.234
10920.0 58.234 47.73
11576.0 47.73 40.517
10544.0 40.517 36.871
8000.0 36.871 36.9
5865.0 36.9 38.775
4355.0 38.775 56.123
4218.0 56.123 73.261
4764.0 73.261 87.913
6402.0 87.913 65.4
9966.0 65.4 53.642
11916.0 53.642 43.157
11996.0 43.157 36.458
9818.0 36.458 34.61
7025.0 34.61 35.556
4989.0 35.556 52.255
4206.0 52.255 68.512
4183.0 68.512 82.214
5002.0 82.214 65.765
7546.0 65.765 52.492
9990.0 52.492 43.773
10326.0 43.773 38.566
9030.0 38.566 36.449
7056.0 36.449 36.708
5187.0 36.708 38.258
4176.0 38.258 53.96
4176.0 53.96 70.163
4488.0 70.163 84.196
6228.0 84.196 63.221
9588.0 63.221 52.987
11975.0 52.987 42.936
12239.0 42.936 36.448
10139.0 36.448 34.225
7451.0 34.225 34.518
5201.0 34.518 36.79
4177.0 36.79 51.715
4213.0 51.715 62.058
4343.0 62.058 74.47
5283.0 74.47 58.733
7868.0 58.733 46.288
9352.0 46.288 40.415
9548.0 40.415 36.537
7998.0 36.537 35.464
6465.0 35.464 35.859
4925.0 35.859 51.822
4363.0 51.822 67.608
4364.0 67.608 81.129
5864.0 81.129 62.1
9596.0 62.1 51.316
12120.0 51.316 40.878
12248.0 40.878 34.612
10304.0 34.612 32.452
7036.0 32.452 33.835
4796.0 33.835 49.754
4311.0 49.754 65.024
4176.0 65.024 78.029
5100.0 78.029 62.111
7476.0 62.111 49.811
9152.0 49.811 43.079
9685.0 43.079 38.405
8453.0 38.405 36.674
6968.0 36.674 36.62
5298.0 36.62 37.804
4176.0 37.804 53.447
4176.0 53.447 69.498
4523.0 69.498 83.398
6057.0 83.398 63.192
9489.0 63.192 46.194
12009.0 46.194 36.682
11757.0 36.682 31.763
9289.0 31.763 30.666
6385.0 30.666 32.136
4176.0 32.136 46.927
4250.0 46.927 61.336
4228.0 61.336 73.603
5189.0 73.603 58.326
7589.0 58.326 46.563
9617.0 46.563 39.903
10007.0 39.903 35.363
8951.0 35.363 33.284
7047.0 33.284 33.299
5423.0 33.299 34.28
4190.0 34.28 48.545
4241.0 48.545 58.254
4812.0 58.254 69.905
6434.0 69.905 51.914
9614.0 51.914 43.424
11066.0 43.424 35.898
10902.0 35.898 31.605
9097.0 31.605 30.341
6640.0 30.341 31.014
4924.0 31.014 45.376
4176.0 45.376 59.816
4239.0 59.816 77.882
5076.0 77.882 62.069
7980.0 62.069 48.511
11548.0 48.511 38.327
12154.0 38.327 32.067
10922.0 32.067 29.121
8108.0 29.121 29.256
5616.0 29.256 31.053
4246.0 31.053 44.118
4232.0 44.118 57.585
4717.0 57.585 69.102
6367.0 69.102 51.503
9309.0 51.503 43.331
10881.0 43.331 36.635
10323.0 36.635 33.015
8541.0 33.015 32.007
6507.0 32.007 32.764
4384.0 32.764 47.576
4176.0 47.576 62.358
4401.0 62.358 74.829
5406.0 74.829 58.648
8402.0 58.648 45.041
11330.0 45.041 36.289
11431.0 36.289 31.386
9827.0 31.386 29.427
6930.0 29.427 30.432
4963.0 30.432 44.705
4176.0 44.705 58.562
4219.0 58.562 70.275
5160.0 70.275 55.77
7476.0 55.77 44.759
9838.0 44.759 37.543
10626.0 37.543 32.241
9402.0 32.241 30.08
7362.0 30.08 30.074
5430.0 30.074 31.205
4176.0 31.205 44.407
4182.0 44.407 57.779
4812.0 57.779 69.335
6798.0 69.335 50.482
10485.0 50.482 40.541
12396.0 40.541 32.001
12264.0 32.001 27.074
9815.0 27.074 25.862
6719.0 25.862 26.978
4577.0 26.978 39.51
4232.0 39.51 51.759
4572.0 51.759 62.111
5305.0 62.111 48.931
7761.0 48.931 38.783
9761.0 38.783 33.116
9824.0 33.116 29.689
8615.0 29.689 28.256
6615.0 28.256 28.759
4969.0 28.759 41.301
4236.0 41.301 54.019
4318.0 54.019 64.823
5326.0 64.823 51.013
8228.0 51.013 44.625
11066.0 44.625 36.263
11927.0 36.263 30.272
11035.0 30.272 27.105
8527.0 27.105 26.821
5951.0 26.821 28.325
4269.0 28.325 40.474
4176.0 40.474 52.809
4500.0 52.809 63.371
5601.0 63.371 49.173
8282.0 49.173 38.096
10319.0 38.096 32.258
9928.0 32.258 29.186
8149.0 29.186 28.512
6068.0 28.512 29.342
4184.0 29.342 41.985
4176.0 41.985 54.851
4254.0 54.851 65.822
5318.0 65.822 51.82
7838.0 51.82 40.92
10015.0 40.92 34.621
10253.0 34.621 30.562
9001.0 30.562 28.942
7117.0 28.942 29.105
5218.0 29.105 30.365
4176.0 30.365 42.944
4240.0 42.944 51.533
4716.0 51.533 61.839
6541.0 61.839 45.66
9705.0 45.66 37.955
10820.0 37.955 32.061
10358.0 32.061 28.917
8406.0 28.917 28.167
6154.0 28.167 29.086
4411.0 29.086 42.203
4176.0 42.203 55.848
4232.0 55.848 67.017
5273.0 67.017 52.882
7877.0 52.882 41.653
10763.0 41.653 34.164
10859.0 34.164 29.827
9147.0 29.827 28.422
6612.0 28.422 29.355
4737.0 29.355 42.615
4176.0 42.615 56.925
4360.0 56.925 68.31
5296.0 68.31 53.839
8200.0 53.839 47.125
10936.0 47.125 38.496
11766.0 38.496 32.381
10692.0 32.381 29.329
8256.0 29.329 28.929
5868.0 28.929 30.404
4176.0 30.404 43.394
4254.0 43.394 56.488
4289.0 56.488 67.786
5428.0 67.786 53.068
8036.0 53.068 41.544
10427.0 41.544 34.705
10287.0 34.705 30.873
8406.0 30.873 29.983
6243.0 29.983 31.019
4484.0 31.019 44.386
4176.0 44.386 57.997
4238.0 57.997 69.596
5012.0 69.596 55.644
7322.0 55.644 44.918
9415.0 44.918 38.462
10159.0 38.462 33.427
8938.0 33.427 31.512
7258.0 31.512 31.339
5466.0 31.339 32.441
4287.0 32.441 45.77
4255.0 45.77 59.503
4465.0 59.503 71.404
6085.0 71.404 54.024
9357.0 54.024 45.436
11253.0 45.436 37.58
11560.0 37.58 32.153
9656.0 32.153 30.376
7270.0 30.376 30.798
5056.0 30.798 32.88
4176.0 32.88 46.479
4279.0 46.479 55.775
4653.0 55.775 66.93
5936.0 66.93 51.038
8708.0 51.038 44.207
10211.0 44.207 38.149
10061.0 38.149 34.227
8883.0 34.227 32.455
6837.0 32.455 32.565
4857.0 32.565 47.458
4176.0 47.458 61.758
4412.0 61.758 74.11
5216.0 74.11 58.648
7801.0 58.648 52.288
9625.0 52.288 44.832
9709.0 44.832 40.224
8669.0 40.224 38.098
6821.0 38.098 38.155
5346.0 38.155 39.19
4339.0 39.19 55.37
4176.0 55.37 66.444
4420.0 66.444 79.733
5939.0 79.733 60.792
9278.0 60.792 51.449
11402.0 51.449 42.613
11850.0 42.613 36.191
10050.0 36.191 33.767
7442.0 33.767 33.989
5234.0 33.989 35.41
4264.0 35.41 49.949
4176.0 49.949 64.933
4507.0 64.933 77.92
5669.0 77.92 60.251
8429.0 60.251 52.456
10137.0 52.456 44.459
10410.0 44.459 39.202
9116.0 39.202 36.995
7095.0 36.995 37.154
5175.0 37.154 39.203
4225.0 39.203 55.93
4215.0 55.93 72.722
4364.0 72.722 87.266
5920.0 87.266 66.602
9292.0 66.602 56.209
11896.0 56.209 44.655
12412.0 44.655 37.376
10270.0 37.376 34.955
7266.0 34.955 36.068
4919.0 36.068 53.147
4194.0 53.147 69.725
4186.0 69.725 83.67
5270.0 83.67 66.032
7866.0 66.032 58.65
9988.0 58.65 49.37
10576.0 49.37 42.564
9634.0 42.564 39.115
7996.0 39.115 38.371
5874.0 38.371 39.437
4386.0 39.437 56.977
4176.0 56.977 74.425
4420.0 74.425 89.311
5948.0 89.311 68.062
9256.0 68.062 57.678
11884.0 57.678 45.896
12260.0 45.896 38.589
10348.0 38.589 35.931
7528.0 35.931 36.626
5233.0 36.626 39.072
4176.0 39.072 55.467
4216.0 55.467 72.141
4580.0 72.141 86.569
6284.0 86.569 64.809
9891.0 64.809 53.325
12733.0 53.325 40.756
12871.0 40.756 33.833
10330.0 33.833 31.993
7432.0 31.993 32.866
4648.0 32.866 47.645
4190.0 47.645 62.382
4342.0 62.382 74.858
4759.0 74.858 89.83
6915.0 89.83 64.983
10375.0 64.983 52.838
12491.0 52.838 42.295
12026.0 42.295 36.695
9295.0 36.695 35.512
6501.0 35.512 37.067
4233.0 37.067 53.251
4201.0 53.251 71.079
4266.0 71.079 85.295
5360.0 85.295 67.007
7895.0 67.007 59.539
10121.0 59.539 50.168
10889.0 50.168 43.22
9713.0 43.22 40.083
7691.0 40.083 39.838
5717.0 39.838 41.574
4361.0 41.574 60.053
4240.0 60.053 78.264
4436.0 78.264 93.916
6242.0 93.916 70.467
9919.0 70.467 58.045
11935.0 58.045 47.154
12584.0 47.154 39.067
10123.0 39.067 36.853
7615.0 36.853 37.032
4953.0 37.032 54.676
4176.0 54.676 71.181
4330.0 71.181 85.417
4920.0 85.417 100.0
7062.0 100.0 71.752
11094.0 71.752 56.639
12579.0 56.639 45.955
11002.0 45.955 41.667
8575.0 41.667 41.126
6021.0 41.126 43.282
4356.0 43.282 61.739
4176.0 61.739 80.383
4506.0 80.383 96.46
5367.0 96.46 75.752
8037.0 75.752 66.934
9846.0 66.934 57.116
10644.0 57.116 49.612
9321.0 49.612 46.453
7447.0 46.453 46.173
5473.0 46.173 48.335
4367.0 48.335 69.692
4254.0 69.692 90.604
4770.0 90.604 100.0
6822.0 100.0 72.712
10014.0 72.712 60.456
11682.0 60.456 49.09
11123.0 49.09 43.552
8679.0 43.552 42.682
6210.0 42.682 44.046
4526.0 44.046 64.045
4176.0 64.045 83.538
4483.0 83.538 100.0
5482.0 100.0 78.072
8170.0 78.072 68.621
10294.0 68.621 57.958
10630.0 57.958 50.571
9560.0 50.571 46.903
7518.0 46.903 46.764
5670.0 46.764 48.779
4176.0 48.779 69.878
4176.0 69.878 91.179
4176.0 91.179 100.0
5908.0 100.0 76.368
8512.0 76.368 66.807
9844.0 66.807 57.738
9466.0 57.738 52.772
8124.0 52.772 51.149
6432.0 51.149 52.01
5037.0 52.01 53.736
4176.0 53.736 75.281
4176.0 75.281 90.337
4764.0 90.337 100.0
6480.0 100.0 74.08
9420.0 74.08 54.671
10962.0 54.671 45.176
9366.0 45.176 42.412
7137.0 42.412 42.97
4761.0 42.97 62.118
4176.0 62.118 80.99
4431.0 80.99 97.188
4999.0 97.188 100.0
7317.0 100.0 70.732
11013.0 70.732 56.586
12042.0 56.586 47.063
10305.0 47.063 43.556
7735.0 43.556 43.925
5366.0 43.925 46.715
4176.0 46.715 67.498
4236.0 67.498 87.9
4354.0 87.9 100.0
5818.0 100.0 76.728
8758.0 76.728 66.219
10206.0 66.219 56.445
10251.0 56.445 50.366
9126.0 50.366 47.287
7081.0 47.287 47.297
5001.0 47.297 50.161
4190.0 50.161 70.687
4299.0 70.687 91.905
4414.0 91.905 100.0
6003.0 100.0 75.988
9195.0 75.988 56.401
10818.0 56.401 47.102
10021.0 47.102 42.838
7725.0 42.838 42.462
5389.0 42.462 45.086
4203.0 45.086 64.788
4176.0 64.788 84.273
4290.0 84.273 100.0
5534.0 100.0 77.864
8138.0 77.864 68.816
9842.0 68.816 59.035
10124.0 59.035 52.263
9043.0 52.263 49.315
7426.0 49.315 49.057
5530.0 49.057 51.287
4256.0 51.287 72.402
4176.0 72.402 94.379
4404.0 94.379 100.0
6002.0 100.0 75.992
8942.0 75.992 57.172
10451.0 57.172 48.876
9275.0 48.876 45.503
7463.0 45.503 45.279
5422.0 45.279 47.554
4176.0 47.554 67.425
4234.0 67.425 80.909
4450.0 80.909 97.091
5858.0 97.091 74.341
8762.0 74.341 64.215
10700.0 64.215 53.639
10962.0 53.639 46.571
9968.0 46.571 42.872
7728.0 42.872 42.838
5560.0 42.838 44.332
4176.0 44.332 62.695
4176.0 62.695 81.593
4266.0 81.593 97.912
5820.0 97.912 75.118
8876.0 75.118 56.576
10836.0 56.576 47.114
10459.0 47.114 42.116
8382.0 42.116 41.069
6030.0 41.069 42.871
4248.0 42.871 62.19
4252.0 62.19 74.628
4446.0 74.628 89.553
5218.0 89.553 70.862
7598.0 70.862 63.771
9306.0 63.771 55.539
9594.0 55.539 49.411
8770.0 49.411 46.387
7070.0 46.387 46.25
5600.0 46.25 47.227
4242.0 47.227 66.925
4176.0 66.925 87.265
4470.0 87.265 100.0
6006.0 100.0 75.976
9618.0 75.976 62.822
11805.0 62.822 51.235
12143.0 51.235 43.533
10007.0 43.533 41.075
7227.0 41.075 42.136
5055.0 42.136 44.116
4254.0 44.116 62.179
4176.0 62.179 74.615
4482.0 74.615 89.538
5758.0 89.538 68.916
8498.0 68.916 52.904
10710.0 52.904 43.67
10482.0 43.67 38.872
8603.0 38.872 37.646
6139.0 37.646 38.981
4176.0 38.981 56.472
4204.0 56.472 73.838
4393.0 73.838 88.606
5743.0 88.606 68.251
8852.0 68.251 58.683
10664.0 58.683 48.952
10775.0 48.952 43.012
9263.0 43.012 40.663
7079.0 40.663 40.95
5126.0 40.95 43.065
4203.0 43.065 60.826
4176.0 60.826 72.991
4386.0 72.991 87.59
5697.0 87.59 67.63
8757.0 67.63 58.333
10621.0 58.333 49.534
11137.0 49.534 42.894
9661.0 42.894 40.178
7505.0 40.178 40.32
5657.0 40.32 41.432
4176.0 41.432 58.781
4176.0 58.781 70.537
4308.0 70.537 84.645
5533.0 84.645 65.911
8053.0 65.911 58.473
9817.0 58.473 50.315
10297.0 50.315 44.231
9099.0 44.231 41.489
7623.0 41.489 40.906
5705.0 40.906 41.983
4305.0 41.983 59.93
4176.0 59.93 78.153
4288.0 78.153 93.784
5764.0 93.784 72.161
8986.0 72.161 61.664
11485.0 61.664 49.827
12241.0 49.827 41.739
10824.0 41.739 38.09
7980.0 38.09 38.186
5515.0 38.186 40.562
4176.0 40.562 57.656
4267.0 57.656 75.948
4338.0 75.948 91.138
5694.0 91.138 70.38
8642.0 70.38 60.635
10466.0 60.635 51.576
11158.0 51.576 44.468
10075.0 44.468 40.943
8017.0 40.943 40.446
5779.0 40.446 42.386
4388.0 42.386 60.266
4176.0 60.266 72.319
4602.0 72.319 86.782
5590.0 86.782 67.378
8700.0 67.378 57.853
10198.0 57.853 49.999
10310.0 49.999 44.631
8882.0 44.631 42.449
6803.0 42.449 43.06
5130.0 43.06 45.285
4176.0 45.285 63.536
4176.0 63.536 76.243
4428.0 76.243 91.491
5798.0 91.491 70.273
8814.0 70.273 53.085
10686.0 53.085 44.25
9954.0 44.25 40.266
8368.0 40.266 39.102
6183.0 39.102 39.907
4220.0 39.907 56.972
4176.0 56.972 74.44
4442.0 74.44 89.328
5550.0 89.328 69.497
8562.0 69.497 60.116
10723.0 60.116 49.817
11367.0 49.817 42.658
10039.0 42.658 39.472
7753.0 39.472 39.604
5715.0 39.604 41.574
4278.0 41.574 58.837
4176.0 58.837 76.64
4551.0 76.64 91.968
6147.0 91.968 69.355
9535.0 69.355 57.81
11484.0 57.81 47.494
11374.0 47.494 41.327
9361.0 41.327 39.463
6865.0 39.463 40.242
4675.0 40.242 58.551
4218.0 58.551 76.696
4479.0 76.696 92.036
5093.0 92.036 73.286
7641.0 73.286 65.612
9176.0 65.612 57.142
9872.0 57.142 50.097
9116.0 50.097 46.571
7520.0 46.571 45.956
5714.0 45.956 47.01
4394.0 47.01 66.492
4176.0 66.492 86.682
4525.0 86.682 100.0
6014.0 100.0 75.944
9290.0 75.944 56.088
11222.0 56.088 46.023
10556.0 46.023 41.276
8426.0 41.276 40.433
5906.0 40.433 41.715
4264.0 41.715 60.35
4226.0 60.35 78.618
4258.0 78.618 94.341
5438.0 94.341 73.82
7984.0 73.82 57.95
10138.0 57.95 49.137
9816.0 49.137 44.333
8214.0 44.333 42.965
6154.0 42.965 44.305
4502.0 44.305 63.324
4238.0 63.324 82.705
4456.0 82.705 99.246
5596.0 99.246 77.031
8806.0 77.031 65.997
11149.0 65.997 53.775
11729.0 53.775 45.589
10286.0 45.589 42.027
7906.0 42.027 42.053
5578.0 42.053 44.472
4176.0 44.472 64.227
4296.0 64.227 83.648
4472.0 83.648 100.0
5936.0 100.0 76.256
9296.0 76.256 64.361
11202.0 64.361 52.799
11360.0 52.799 45.735
9660.0 45.735 43.07
7132.0 43.07 43.813
5004.0 43.813 46.809
4176.0 46.809 65.955
4248.0 65.955 79.146
4468.0 79.146 94.976
5790.0 94.976 72.979
8718.0 72.979 62.93
10142.0 62.93 54.154
10626.0 54.154 47.489
9438.0 47.489 44.342
7188.0 44.342 44.47
5344.0 44.47 46.767
4226.0 46.767 66.177
4176.0 66.177 86.053
4663.0 86.053 100.0
6091.0 100.0 75.636
9703.0 75.636 62.853
11695.0 62.853 51.814
11999.0 51.814 44.143
10017.0 44.143 41.504
7286.0 41.504 41.918
5186.0 41.918 44.69
4176.0 44.69 63.143
4197.0 63.143 75.771
4346.0 75.771 90.926
5618.0 90.926 70.493
8734.0 70.493 53.35
10848.0 53.35 43.697
10530.0 43.697 38.939
8651.0 38.939 37.704
6179.0 37.704 39.002
4443.0 39.002 56.638
4176.0 56.638 73.897
4450.0 73.897 88.676
5602.0 88.676 68.806
8565.0 68.806 59.591
10739.0 59.591 49.387
11558.0 49.387 41.889
10178.0 41.889 38.662
7739.0 38.662 38.885
5603.0 38.885 40.998
4279.0 40.998 58.138
4238.0 58.138 75.639
4383.0 75.639 90.767
5907.0 90.767 69.32
9027.0 69.32 59.033
10788.0 59.033 49.361
11260.0 49.361 42.726
9298.0 42.726 40.629
7066.0 40.629 41.078
4861.0 41.078 60.449
4176.0 60.449 80.862
4176.0 80.862 97.034
5540.0 97.034 75.531
8204.0 75.531 66.57
10910.0 66.57 54.538
11708.0 54.538 45.995
10602.0 45.995 41.729
8136.0 41.729 41.565
5650.0 41.565 43.368
4176.0 43.368 61.601
4176.0 61.601 80.413
4527.0 80.413 96.496
5619.0 96.496 74.808
8784.0 74.808 64.175
10436.0 64.175 54.133
10876.0 54.133 47.094
9616.0 47.094 43.878
7342.0 43.878 44.341
5398.0 44.341 46.739
4243.0 46.739 66.207
4344.0 66.207 86.28
4331.0 86.28 100.0
5846.0 100.0 76.616
9038.0 76.616 57.228
10912.0 57.228 47.226
10471.0 47.226 42.021
8453.0 42.021 41.091
6110.0 41.091 42.097
4412.0 42.097 61.105
4176.0 61.105 79.832
4248.0 79.832 95.799
5235.0 95.799 75.739
7767.0 75.739 59.96
9909.0 59.96 50.628
10385.0 50.628 44.511
8747.0 44.511 42.486
6668.0 42.486 43.399
5144.0 43.399 44.932
4252.0 44.932 63.45
4176.0 63.45 76.14
4654.0 76.14 91.368
5888.0 91.368 69.849
8988.0 69.849 59.63
10740.0 59.63 49.911
10551.0 49.911 44.405
9144.0 44.405 42.12
6722.0 42.12 42.803
5130.0 42.803 45.195
4176.0 45.195 63.696
4176.0 63.696 76.436
4380.0 76.436 91.723
5692.0 91.723 70.839
8724.0 70.839 61.103
10670.0 61.103 51.712
11078.0 51.712 44.772
9654.0 44.772 41.805
7438.0 41.805 42.098
5424.0 42.098 44.331
4255.0 44.331 63.057
4232.0 63.057 81.987
4533.0 81.987 98.384
6030.0 98.384 74.654
9403.0 74.654 62.871
11671.0 62.871 50.647
11807.0 50.647 43.31
9767.0 43.31 40.98
6794.0 40.98 42.773
4868.0 42.773 62.202
4178.0 62.202 81.545
4287.0 81.545 97.854
5253.0 97.854 77.293
7901.0 77.293 60.79
9772.0 60.79 52.199
9970.0 52.199 46.531
8472.0 46.531 44.74
6769.0 44.74 45.161
4769.0 45.161 64.929
4176.0 64.929 85.087
4509.0 85.087 100.0
5583.0 100.0 77.668
8607.0 77.668 67.271
10215.0 67.271 57.753
10381.0 57.753 51.352
9445.0 51.352 47.809
7325.0 47.809 48.065
5645.0 48.065 50.063
4207.0 50.063 70.763
4260.0 70.763 92.174
4477.0 92.174 100.0
6059.0 100.0 75.764
9083.0 75.764 64.843
10565.0 64.843 54.831
10489.0 54.831 48.776
8935.0 48.776 46.656
6827.0 46.656 47.108
4821.0 47.108 68.811
4266.0 68.811 90.871
4322.0 90.871 100.0
5374.0 100.0 78.504
7810.0 78.504 70.092
10163.0 70.092 58.683
10799.0 58.683 50.697
9591.0 50.697 47.106
7439.0 47.106 47.224
5633.0 47.224 48.671
4389.0 48.671 69.002
4181.0 69.002 82.802
4564.0 82.802 99.363
5602.0 99.363 77.098
8224.0 77.098 68.024
10356.0 68.024 56.542
10440.0 56.542 49.724
9269.0 49.724 46.637
7450.0 46.637 46.489
5476.0 46.489 47.93
4176.0 47.93 68.124
4176.0 68.124 88.679
4222.0 88.679 100.0
5827.0 100.0 76.692
8431.0 76.692 67.279
9957.0 67.279 57.995
9869.0 57.995 52.067
8600.0 52.067 49.768
6908.0 49.768 49.997
5103.0 49.997 51.798
4176.0 51.798 73.226
4191.0 73.226 87.871
4603.0 87.871 100.0
5959.0 100.0 76.164
8899.0 76.164 65.728
10489.0 65.728 55.954
10241.0 55.954 50.098
8963.0 50.098 47.486
6695.0 47.486 48.542
4673.0 48.542 70.596
4176.0 70.596 92.367
4457.0 92.367 100.0
5542.0 100.0 77.832
8146.0 77.832 68.656
9346.0 68.656 59.678
9322.0 59.678 54.416
8107.0 54.416 52.407
6612.0 52.407 52.602
4890.0 52.602 75.418
4176.0 75.418 98.171
4624.0 98.171 100.0
5692.0 100.0 77.232
8212.0 77.232 60.12
9252.0 60.12 52.776
8188.0 52.776 50.287
6504.0 50.287 51.017
5115.0 51.017 52.514
4187.0 52.514 73.884
4176.0 73.884 88.661
4566.0 88.661 100.0
5707.0 100.0 77.172
8479.0 77.172 67.373
9889.0 67.373 57.949
10221.0 57.949 51.389
8746.0 51.389 49.0
7030.0 49.0 48.937
5102.0 48.937 50.94
4176.0 50.94 71.989
4176.0 71.989 86.387
4617.0 86.387 100.0
6093.0 100.0 75.628
9117.0 75.628 64.673
10740.0 64.673 54.937
10618.0 54.937 48.808
9148.0 48.808 46.261
7119.0 46.261 46.73
4963.0 46.73 68.378
4176.0 68.378 89.424
4470.0 89.424 100.0
5586.0 100.0 77.656
8106.0 77.656 68.638
9978.0 68.638 58.553
10308.0 58.553 51.646
9096.0 51.646 48.566
7276.0 48.566 48.537
5381.0 48.537 50.16
4188.0 50.16 70.952
4176.0 70.952 92.311
4638.0 92.311 100.0
6381.0 100.0 74.476
9321.0 74.476 63.03
10526.0 63.03 53.621
10272.0 53.621 48.195
8394.0 48.195 46.831
6210.0 46.831 47.832
4530.0 47.832 69.442
4176.0 69.442 90.82
4176.0 90.82 100.0
5451.0 100.0 78.196
7803.0 78.196 69.888
9075.0 69.888 62.293
9447.0 62.293 56.293
8649.0 56.293 53.066
7173.0 53.066 52.333
5571.0 52.333 54.21
4233.0 54.21 76.723
4176.0 76.723 99.787
4344.0 99.787 100.0
6108.0 100.0 75.568
8628.0 75.568 65.647
9462.0 65.647 57.715
9062.0 57.715 53.378
7760.0 53.378 51.867
5908.0 51.867 53.115
4618.0 53.115 75.579
4176.0 75.579 98.684
4425.0 98.684 100.0
5968.0 100.0 76.128
8404.0 76.128 66.923
9342.0 66.923 58.458
8880.0 58.458 54.239
7428.0 54.239 53.224
5952.0 53.224 53.964
4736.0 53.964 76.955
4176.0 76.955 100.0
4527.0 100.0 100.0
5871.0 100.0 76.516
8307.0 76.516 67.717
9103.0 67.717 59.826
8831.0 59.826 55.451
7592.0 55.451 53.958
6124.0 53.958 55.018
4756.0 55.018 78.703
4176.0 78.703 100.0
4692.0 100.0 100.0
6288.0 100.0 74.848
8724.0 74.848 65.399
9312.0 65.399 57.734
8799.0 57.734 53.838
7117.0 53.838 53.491
5821.0 53.491 54.019
4187.0 54.019 76.628
4272.0 76.628 91.954
4518.0 91.954 100.0
5764.0 100.0 76.944
8452.0 76.944 67.348
9610.0 67.348 58.561
9393.0 58.561 53.368
8289.0 53.368 51.222
6551.0 51.222 51.896
5031.0 51.896 53.653
4350.0 53.653 75.49
4209.0 75.49 90.589
4623.0 90.589 100.0
6021.0 100.0 75.916
8877.0 75.916 64.947
10077.0 64.947 56.251
9681.0 56.251 51.101
8331.0 51.101 49.171
6300.0 49.171 49.913
4341.0 49.913 71.721
4176.0 71.721 86.065
4176.0 86.065 100.0
5349.0 100.0 78.604
7785.0 78.604 62.261
9634.0 62.261 53.809
9154.0 53.809 49.508
7846.0 49.508 48.225
6156.0 48.225 49.335
4560.0 49.335 70.513
4335.0 70.513 91.861
4435.0 91.861 100.0
5940.0 100.0 76.24
8880.0 76.24 65.223
10638.0 65.223 54.801
10599.0 54.801 48.301
9045.0 48.301 45.976
7053.0 45.976 46.406
5040.0 46.406 48.335
4246.0 48.335 68.227
4329.0 68.227 81.873
4521.0 81.873 98.248
5869.0 98.248 75.183
8571.0 75.183 57.579
10447.0 57.579 48.481
9427.0 48.481 44.77
7837.0 44.77 44.01
5737.0 44.01 45.157
4178.0 45.157 63.872
4176.0 63.872 83.33
4176.0 83.33 99.996
5989.0 99.996 76.041
9013.0 76.041 65.101
10915.0 65.101 54.142
11206.0 54.142 46.698
9802.0 46.698 43.542
7378.0 43.542 43.713
5272.0 43.713 45.888
4235.0 45.888 65.135
4176.0 65.135 84.767
4533.0 84.767 100.0
5691.0 100.0 77.236
8631.0 77.236 66.754
10411.0 66.754 56.391
10789.0 56.391 49.156
9404.0 49.156 46.129
7139.0 46.129 46.416
5195.0 46.416 49.123
4176.0 49.123 70.242
4176.0 70.242 91.796
4344.0 91.796 100.0
6060.0 100.0 75.76
8916.0 75.76 65.276
10761.0 65.276 55.155
10677.0 55.155 48.706
9291.0 48.706 45.88
6921.0 45.88 46.328
5053.0 46.328 49.065
4176.0 49.065 70.063
4230.0 70.063 84.075
4416.0 84.075 100.0
5796.0 100.0 76.816
8652.0 76.816 66.623
10516.0 66.623 56.145
10684.0 56.145 49.28
9208.0 49.28 46.559
7030.0 46.559 46.838
5179.0 46.838 49.502
4176.0 49.502 71.151
4176.0 71.151 92.585
4616.0 92.585 100.0
6275.0 100.0 74.9
9383.0 74.9 62.933
10727.0 62.933 53.191
10373.0 53.191 47.622
8933.0 47.622 45.423
6794.0 45.423 45.977
4737.0 45.977 67.02
4245.0 67.02 80.424
4344.0 80.424 96.509
5142.0 96.509 76.659
7818.0 76.659 68.217
9726.0 68.217 58.443
10134.0 58.443 51.257
9150.0 51.257 47.831
7442.0 47.831 47.235
5586.0 47.235 48.574
4176.0 48.574 68.948
4255.0 68.948 89.659
4400.0 89.659 100.0
5778.0 100.0 76.888
8634.0 76.888 66.764
10750.0 66.764 55.566
10834.0 55.566 48.603
9298.0 48.603 45.911
7096.0 45.911 46.632
5212.0 46.632 48.46
4176.0 48.46 68.533
4176.0 68.533 82.24
4350.0 82.24 98.688
5592.0 98.688 76.614
8550.0 76.614 58.527
10386.0 58.527 49.759
9870.0 49.759 45.157
8215.0 45.157 43.904
6119.0 43.904 45.474
4511.0 45.474 65.03
4176.0 65.03 84.829
4424.0 84.829 100.0
5681.0 100.0 77.276
8957.0 77.276 65.863
10830.0 65.863 54.891
11122.0 54.891 47.535
9781.0 47.535 44.25
7513.0 44.25 44.414
5289.0 44.414 47.054
4204.0 47.054 67.841
4176.0 67.841 88.277
4259.0 88.277 100.0
6200.0 100.0 75.2
9224.0 75.2 63.735
11184.0 63.735 52.419
11388.0 52.419 45.279
9617.0 45.279 42.709
7001.0 42.709 43.634
5117.0 43.634 46.472
4178.0 46.472 65.41
4176.0 65.41 78.492
4479.0 78.492 94.191
5781.0 94.191 72.41
8564.0 72.41 62.66
10060.0 62.66 53.304
10208.0 53.304 47.357
9010.0 47.357 44.692
7072.0 44.692 44.946
5014.0 44.946 47.639
4176.0 47.639 67.364
4242.0 67.364 80.837
4444.0 80.837 97.004
6104.0 97.004 73.319
9167.0 73.319 61.967
10803.0 61.967 51.714
11095.0 51.714 44.961
9088.0 44.961 43.033
6645.0 43.033 44.117
4769.0 44.117 64.353
4176.0 64.353 83.719
4315.0 83.719 100.0
5375.0 100.0 78.5
7895.0 78.5 61.854
10477.0 61.854 51.257
10621.0 51.257 44.93
8697.0 44.93 43.317
6329.0 43.317 44.805
4850.0 44.805 64.804
4176.0 64.804 84.973
4209.0 84.973 100.0
5412.0 100.0 78.352
8016.0 78.352 69.515
9735.0 69.515 59.928
10266.0 59.928 52.085
9398.0 52.085 48.118
7736.0 48.118 47.308
5741.0 47.308 48.788
4235.0 48.788 70.363
4176.0 70.363 91.963
4356.0 91.963 100.0
5868.0 100.0 76.528
8976.0 76.528 65.47
10708.0 65.47 55.253
10792.0 55.253 48.584
9576.0 48.584 45.413
7364.0 45.413 45.84
