4428.0 1.0 1.0
4428.0 1.0 1.4
4428.0 1.4 1.68
4428.0 1.68 2.016
4344.0 2.016 2.419
4260.0 2.419 2.903
4260.0 2.903 3.484
4759.0 3.484 4.18
4260.0 4.18 5.016
4404.0 5.016 6.02
4176.0 6.02 7.224
4456.0 7.224 8.668
4524.0 8.668 10.402
5702.0 10.402 8.03
7354.0 8.03 7.381
8726.0 7.381 6.631
8646.0 6.631 6.167
7631.0 6.167 5.964
6053.0 5.964 6.031
4937.0 6.031 8.607
4402.0 8.607 11.208
4567.0 11.208 13.449
6016.0 13.449 10.213
8472.0 10.213 8.985
9371.0 8.985 8.052
9295.0 8.052 7.37
8002.0 7.37 7.111
6280.0 7.111 7.182
4696.0 7.182 10.286
4218.0 10.286 13.392
4530.0 13.392 16.071
5454.0 16.071 12.565
8163.0 12.565 11.094
9759.0 11.094 9.636
10114.0 9.636 8.59
9010.0 8.59 8.089
7160.0 8.089 8.04
5480.0 8.04 8.248
4349.0 8.248 11.692
4189.0 11.692 14.03
4813.0 14.03 16.836
6297.0 16.836 12.596
8940.0 12.596 10.922
10312.0 10.922 9.453
9738.0 9.453 8.66
8399.0 8.66 8.325
6512.0 8.325 8.378
4538.0 8.378 12.059
4249.0 12.059 14.471
4431.0 14.471 17.366
5731.0 17.366 13.385
7963.0 13.385 11.949
9588.0 11.949 10.41
10022.0 10.41 9.278
8803.0 9.278 8.777
7347.0 8.777 8.62
5615.0 8.62 8.807
4244.0 8.807 12.495
4328.0 12.495 14.994
4791.0 14.994 17.993
6528.0 17.993 13.294
8950.0 13.294 11.528
9841.0 11.528 10.152
9337.0 10.152 9.362
7837.0 9.362 9.119
6103.0 9.119 9.254
4493.0 9.254 13.202
4176.0 13.202 17.22
4558.0 17.22 20.664
5538.0 20.664 16.086
8562.0 16.086 13.933
10641.0 13.933 11.754
11157.0 11.754 10.176
9749.0 10.176 9.467
7265.0 9.467 9.515
5033.0 9.515 9.927
4176.0 9.927 13.951
4246.0 13.951 16.742
4748.0 16.742 20.09
5924.0 20.09 15.33
8528.0 15.33 13.447
9624.0 13.447 11.93
9320.0 11.93 10.939
7808.0 10.939 10.664
6204.0 10.664 10.796
4656.0 10.796 15.465
4321.0 15.465 20.225
4578.0 20.225 24.27
5535.0 24.27 18.897
7863.0 18.897 16.872
10233.0 16.872 14.208
10737.0 14.208 12.356
9783.0 12.356 11.407
7854.0 11.407 11.267
5846.0 11.267 11.627
4176.0 11.627 16.685
4408.0 16.685 21.847
4393.0 21.847 26.216
5725.0 26.216 20.213
8329.0 20.213 17.747
10321.0 17.747 15.048
10265.0 15.048 13.444
8846.0 13.444 12.792
6566.0 12.792 12.958
4922.0 12.958 18.598
4209.0 18.598 22.318
4427.0 22.318 26.781
5351.0 26.781 21.049
7388.0 21.049 17.007
9261.0 17.007 14.823
9581.0 14.823 13.298
8644.0 13.298 12.585
7146.0 12.585 12.473
5729.0 12.473 12.647
4208.0 12.647 18.077
4288.0 18.077 21.692
4808.0 21.692 26.031
6219.0 26.031 19.555
9315.0 19.555 16.676
11235.0 16.676 13.633
11021.0 13.633 12.027
9119.0 12.027 11.469
6629.0 11.469 11.762
4729.0 11.762 16.849
4250.0 16.849 20.218
4347.0 20.218 24.262
5052.0 24.262 19.359
7140.0 19.359 15.776
8884.0 15.776 13.859
8945.0 13.859 12.69
8126.0 12.69 12.09
6621.0 12.09 12.073
5269.0 12.073 12.352
4176.0 12.352 17.349
4382.0 17.349 20.819
5290.0 20.819 16.414
7768.0 16.414 14.647
10464.0 14.647 12.107
10944.0 12.107 10.534
10040.0 10.534 9.668
7594.0 9.668 9.713
5281.0 9.713 10.342
4176.0 10.342 14.632
4378.0 14.632 17.559
4640.0 17.559 21.071
6298.0 21.071 15.763
8886.0 15.763 13.53
9955.0 13.53 11.807
9715.0 11.807 10.721
8189.0 10.721 10.373
6168.0 10.373 10.542
4528.0 10.542 15.11
4284.0 15.11 18.132
4431.0 18.132 21.759
5577.0 21.759 16.905
7653.0 16.905 15.27
9497.0 15.27 13.334
9287.0 13.334 12.183
8360.0 12.183 11.605
6659.0 11.605 11.637
5101.0 11.637 12.0
4337.0 12.0 16.968
4379.0 16.968 20.362
5114.0 20.362 16.197
6788.0 16.197 13.437
10078.0 13.437 11.209
11666.0 11.209 9.319
11126.0 9.319 8.295
8672.0 8.295 8.118
6230.0 8.118 8.355
4190.0 8.355 11.916
4176.0 11.916 14.3
4176.0 14.3 17.16
5340.0 17.16 13.494
7320.0 13.494 10.939
9888.0 10.939 9.176
10268.0 9.176 8.087
9308.0 8.087 7.527
7640.0 7.527 7.417
5666.0 7.417 7.666
4318.0 7.666 10.879
4333.0 10.879 14.296
4567.0 14.296 17.155
5979.0 17.155 13.052
8487.0 13.052 10.054
9593.0 10.054 8.852
9341.0 8.852 8.122
8117.0 8.122 7.838
6517.0 7.838 7.875
4690.0 7.875 11.283
4176.0 11.283 13.539
4376.0 13.539 16.247
5637.0 16.247 12.584
8496.0 12.584 10.957
10609.0 10.957 9.174
10987.0 9.174 7.983
9691.0 7.983 7.439
7343.0 7.439 7.462
4858.0 7.462 10.802
4295.0 10.802 12.962
4523.0 12.962 15.555
5510.0 15.555 12.127
7937.0 12.127 10.835
9161.0 10.835 9.605
9137.0 9.605 8.827
7868.0 8.827 8.558
6227.0 8.558 8.648
4778.0 8.648 12.371
4234.0 12.371 16.19
4516.0 16.19 19.428
6043.0 19.428 14.732
8955.0 14.732 11.082
11379.0 11.082 9.054
11709.0 9.054 7.774
9828.0 7.774 7.316
6948.0 7.316 7.469
4498.0 7.469 10.71
4176.0 10.71 12.852
4517.0 12.852 15.423
5294.0 15.423 12.157
7384.0 12.157 9.818
10082.0 9.818 8.199
11102.0 8.199 6.977
9936.0 6.977 6.435
7530.0 6.435 6.444
5454.0 6.444 6.803
4191.0 6.803 9.628
4347.0 9.628 11.553
5002.0 11.553 9.242
6857.0 9.242 7.631
8953.0 7.631 6.626
9322.0 6.626 5.966
8782.0 5.966 5.579
7109.0 5.579 5.56
5419.0 5.56 5.7
4226.0 5.7 8.056
4259.0 8.056 9.667
5001.0 9.667 7.733
6903.0 7.733 6.371
9591.0 6.371 5.459
10415.0 5.459 4.758
9582.0 4.758 4.4
7500.0 4.4 4.39
5536.0 4.39 4.53
4267.0 4.53 6.426
4187.0 6.426 7.711
4853.0 7.711 9.253
6854.0 9.253 6.716
9302.0 6.716 5.726
10418.0 5.726 4.942
9370.0 4.942 4.602
7432.0 4.602 4.558
5145.0 4.558 4.727
4227.0 4.727 6.715
4358.0 6.715 8.058
5122.0 8.058 6.407
7022.0 6.407 5.256
10034.0 5.256 4.358
10461.0 4.358 3.825
8913.0 3.825 3.641
6105.0 3.641 3.745
4176.0 3.745 5.344
4375.0 5.344 7.031
4682.0 7.031 8.438
6094.0 8.438 6.381
8831.0 6.381 5.546
10238.0 5.546 4.778
9657.0 4.778 4.365
8205.0 4.365 4.228
6258.0 4.228 4.277
4176.0 4.277 6.139
4335.0 6.139 7.367
5178.0 7.367 5.841
7344.0 5.841 5.304
9924.0 5.304 4.481
10456.0 4.481 3.92
9058.0 3.92 3.702
6599.0 3.702 3.75
4709.0 3.75 5.459
4323.0 5.459 7.12
4360.0 7.12 8.544
5412.0 8.544 6.694
8388.0 6.694 5.836
10810.0 5.836 4.846
10574.0 4.846 4.314
8705.0 4.314 4.169
5887.0 4.169 4.337
4185.0 4.337 6.276
4249.0 6.276 7.531
5081.0 7.531 6.0
7036.0 6.0 4.916
8926.0 4.916 4.292
9286.0 4.292 3.893
8518.0 3.893 3.673
7066.0 3.673 3.637
5010.0 3.637 3.782
4335.0 3.782 5.31
4419.0 5.31 6.372
5778.0 6.372 4.899
8981.0 4.899 4.197
11069.0 4.197 3.492
11093.0 3.492 3.063
8994.0 3.063 2.953
6198.0 2.953 3.038
4275.0 3.038 4.351
4255.0 4.351 5.221
5152.0 5.221 4.145
7920.0 4.145 3.253
9344.0 3.253 2.842
9624.0 2.842 2.567
8068.0 2.567 2.49
6094.0 2.49 2.535
4350.0 2.535 3.659
4225.0 3.659 4.391
5069.0 4.391 3.5
7781.0 3.5 2.763
11905.0 2.763 2.172
12949.0 2.172 1.777
10585.0 1.777 1.662
6484.0 1.662 1.739
4176.0 1.739 2.478
4302.0 2.478 2.974
5600.0 2.974 2.308
8488.0 2.308 2.0
11953.0 2.0 1.578
12301.0 1.578 1.336
9178.0 1.336 1.305
5102.0 1.305 1.412
4298.0 1.412 1.993
4425.0 1.993 2.392
7373.0 2.392 1.686
9209.0 1.686 1.483
8683.0 1.483 1.387
6529.0 1.387 1.408
4278.0 1.408 2.0
4508.0 2.0 2.4
8074.0 2.4 1.867
11041.0 1.867 1.546
10402.0 1.546 1.398
8210.0 1.398 1.382
4780.0 1.382 2.042
4231.0 2.042 2.45
5176.0 2.45 1.943
7774.0 1.943 1.737
9076.0 1.737 1.537
8424.0 1.537 1.454
6842.0 1.454 1.451
4216.0 1.451 2.069
4229.0 2.069 2.483
7296.0 2.483 1.758
11454.0 1.758 1.392
12411.0 1.392 1.162
8904.0 1.162 1.143
4868.0 1.143 1.673
4269.0 1.673 2.176
4394.0 2.176 2.611
6962.0 2.611 1.884
9521.0 1.884 1.63
8249.0 1.63 1.561
6365.0 1.561 1.587
4176.0 1.587 2.25
4432.0 2.25 2.7
6920.0 2.7 1.953
11144.0 1.953 1.553
12110.0 1.553 1.299
9233.0 1.299 1.263
5215.0 1.263 1.343
4263.0 1.343 1.885
4559.0 1.885 2.261
7523.0 2.261 1.581
9170.0 1.581 1.405
8480.0 1.405 1.325
6448.0 1.325 1.34
4176.0 1.34 1.762
4746.0 1.762 2.114
6587.0 2.114 1.557
10607.0 1.557 1.263
12357.0 1.263 1.033
11245.0 1.033 1.0
7063.0 1.0 1.031
4412.0 1.031 1.489
4428.0 1.489 1.787
5560.0 1.787 1.39
9210.0 1.39 1.18
10324.0 1.18 1.026
8942.0 1.026 1.0
5158.0 1.0 1.074
4232.0 1.074 1.397
5636.0 1.397 1.082
8747.0 1.082 1.0
12121.0 1.0 1.0
10515.0 1.0 1.0
5969.0 1.0 1.063
4189.0 1.063 1.501
4679.0 1.501 1.801
6612.0 1.801 1.325
10422.0 1.325 1.096
11362.0 1.096 1.0
9296.0 1.0 1.0
4834.0 1.0 1.464
4280.0 1.464 1.757
4826.0 1.757 2.109
8820.0 2.109 1.591
10662.0 1.591 1.329
8598.0 1.329 1.286
5458.0 1.286 1.344
4216.0 1.344 1.901
4350.0 1.901 2.281
5366.0 2.281 1.791
8628.0 1.791 1.549
9948.0 1.549 1.333
10042.0 1.333 1.194
7872.0 1.194 1.177
4390.0 1.177 1.699
4176.0 1.699 2.039
5000.0 2.039 1.631
8978.0 1.631 1.384
11220.0 1.384 1.154
11528.0 1.154 1.0
8812.0 1.0 1.0
4230.0 1.0 1.476
4327.0 1.476 1.771
5574.0 1.771 1.376
9976.0 1.376 1.117
11052.0 1.117 1.0
8526.0 1.0 1.0
4297.0 1.0 1.472
4580.0 1.472 1.766
6232.0 1.766 1.326
9852.0 1.326 1.1
10632.0 1.1 1.0
8462.0 1.0 1.0
4252.0 1.0 1.449
4218.0 1.449 1.739
5865.0 1.739 1.331
9757.0 1.331 1.102
11175.0 1.102 1.0
9533.0 1.0 1.0
5407.0 1.0 1.057
4212.0 1.057 1.491
4972.0 1.491 1.789
7285.0 1.789 1.268
10693.0 1.268 1.034
11225.0 1.034 1.0
8403.0 1.0 1.0
6088.0 1.0 1.032
4287.0 1.032 1.498
4288.0 1.498 1.797
5116.0 1.797 1.429
7392.0 1.429 1.295
7586.0 1.295 1.224
6130.0 1.224 1.228
5023.0 1.228 1.259
4259.0 1.259 1.764
4312.0 1.764 2.117
5319.0 2.117 1.666
9603.0 1.666 1.369
11729.0 1.369 1.098
11825.0 1.098 1.0
8787.0 1.0 1.0
4176.0 1.0 1.476
4898.0 1.476 1.772
7072.0 1.772 1.27
9716.0 1.27 1.082
9690.0 1.082 1.0
7510.0 1.0 1.0
5447.0 1.0 1.046
4187.0 1.046 1.476
4927.0 1.476 1.771
7521.0 1.771 1.238
10583.0 1.238 1.02
10549.0 1.02 1.0
7767.0 1.0 1.002
5704.0 1.002 1.032
4254.0 1.032 1.456
4510.0 1.456 1.748
7026.0 1.748 1.256
11050.0 1.256 1.008
11800.0 1.008 1.0
9060.0 1.0 1.0
4430.0 1.0 1.458
4370.0 1.458 1.749
5966.0 1.749 1.332
10418.0 1.332 1.07
11758.0 1.07 1.0
9742.0 1.0 1.0
5028.0 1.0 1.093
4417.0 1.093 1.421
5777.0 1.421 1.093
8570.0 1.093 1.0
10498.0 1.0 1.0
7716.0 1.0 1.0
5569.0 1.0 1.029
4253.0 1.029 1.464
4762.0 1.464 1.757
7140.0 1.757 1.255
10124.0 1.255 1.045
10104.0 1.045 1.0
6704.0 1.0 1.029
4557.0 1.029 1.473
4215.0 1.473 1.767
5954.0 1.767 1.346
10002.0 1.346 1.099
10892.0 1.099 1.0
8368.0 1.0 1.0
6221.0 1.0 1.022
4335.0 1.022 1.479
4899.0 1.479 1.774
7166.0 1.774 1.266
10078.0 1.266 1.054
10506.0 1.054 1.0
8092.0 1.0 1.0
5945.0 1.0 1.031
4296.0 1.031 1.461
4506.0 1.461 1.753
6789.0 1.753 1.277
10343.0 1.277 1.055
10219.0 1.055 1.0
6559.0 1.0 1.031
4244.0 1.031 1.494
4230.0 1.494 1.793
5439.0 1.793 1.403
8533.0 1.403 1.22
9679.0 1.22 1.084
8519.0 1.084 1.033
5201.0 1.033 1.082
4215.0 1.082 1.519
5567.0 1.519 1.181
10909.0 1.181 1.0
12897.0 1.0 1.0
10871.0 1.0 1.0
5821.0 1.0 1.086
4193.0 1.086 1.42
4560.0 1.42 1.704
6929.0 1.704 1.232
11885.0 1.232 1.0
13041.0 1.0 1.0
10595.0 1.0 1.0
5293.0 1.0 1.074
4629.0 1.074 1.51
5605.0 1.51 1.172
10549.0 1.172 1.0
12007.0 1.0 1.0
9897.0 1.0 1.0
5183.0 1.0 1.07
4342.0 1.07 1.503
5771.0 1.503 1.156
11327.0 1.156 1.0
12501.0 1.0 1.0
9467.0 1.0 1.0
4333.0 1.0 1.491
4273.0 1.491 1.789
5160.0 1.789 1.42
8656.0 1.42 1.217
9696.0 1.217 1.077
8502.0 1.077 1.03
5156.0 1.03 1.095
4237.0 1.095 1.537
5230.0 1.537 1.215
7462.0 1.215 1.099
11032.0 1.099 1.0
9858.0 1.0 1.0
5900.0 1.0 1.05
4257.0 1.05 1.482
4374.0 1.482 1.778
6317.0 1.778 1.329
9415.0 1.329 1.138
10477.0 1.138 1.0
8901.0 1.0 1.0
4859.0 1.0 1.469
4351.0 1.469 1.762
5067.0 1.762 1.405
9509.0 1.405 1.169
11177.0 1.169 1.0
9995.0 1.0 1.0
6205.0 1.0 1.051
4331.0 1.051 1.492
4377.0 1.492 1.79
5771.0 1.79 1.377
9271.0 1.377 1.162
10359.0 1.162 1.01
8499.0 1.01 1.0
4631.0 1.0 1.471
4261.0 1.471 1.766
5240.0 1.766 1.396
9532.0 1.396 1.16
10614.0 1.16 1.001
9064.0 1.001 1.0
4956.0 1.0 1.482
4240.0 1.482 1.934
5428.0 1.934 1.514
8620.0 1.514 1.305
9724.0 1.305 1.139
8786.0 1.139 1.078
5966.0 1.078 1.107
4176.0 1.107 1.574
4434.0 1.574 1.888
6290.0 1.888 1.413
9272.0 1.413 1.217
9244.0 1.217 1.113
6366.0 1.113 1.145
4404.0 1.145 1.64
4263.0 1.64 1.967
4823.0 1.967 2.361
8753.0 2.361 1.534
10787.0 1.534 1.299
10611.0 1.299 1.156
8025.0 1.156 1.143
4200.0 1.143 1.649
4378.0 1.649 1.979
6060.0 1.979 1.499
8948.0 1.499 1.303
10028.0 1.303 1.143
8822.0 1.143 1.082
5638.0 1.082 1.124
4238.0 1.124 1.59
4580.0 1.59 1.908
6492.0 1.908 1.413
9820.0 1.413 1.179
10882.0 1.179 1.0
9230.0 1.0 1.0
5020.0 1.0 1.058
4176.0 1.058 1.375
5836.0 1.375 1.054
8514.0 1.054 1.0
11136.0 1.0 1.0
8270.0 1.0 1.0
5871.0 1.0 1.03
4328.0 1.03 1.459
4706.0 1.459 1.751
7233.0 1.751 1.244
10017.0 1.244 1.048
9627.0 1.048 1.0
6447.0 1.0 1.029
4300.0 1.029 1.47
4412.0 1.47 1.764
5471.0 1.764 1.378
9419.0 1.378 1.16
10601.0 1.16 1.0
9477.0 1.0 1.0
5441.0 1.0 1.07
4333.0 1.07 1.506
4909.0 1.506 1.807
6776.0 1.807 1.317
9860.0 1.317 1.108
9636.0 1.108 1.01
6400.0 1.01 1.047
4501.0 1.047 1.515
4294.0 1.515 1.818
5605.0 1.818 1.41
9751.0 1.41 1.156
11295.0 1.156 1.0
9619.0 1.0 1.0
5073.0 1.0 1.089
4541.0 1.089 1.526
6274.0 1.526 1.143
9736.0 1.143 1.0
8900.0 1.0 1.0
5362.0 1.0 1.049
4205.0 1.049 1.476
5562.0 1.476 1.148
8660.0 1.148 1.0
11328.0 1.0 1.0
9218.0 1.0 1.0
4672.0 1.0 1.485
4436.0 1.485 1.782
6306.0 1.782 1.332
9592.0 1.332 1.12
10098.0 1.12 1.0
7612.0 1.0 1.0
5465.0 1.0 1.033
4321.0 1.033 1.455
5995.0 1.455 1.106
9839.0 1.106 1.0
10105.0 1.0 1.0
7071.0 1.0 1.019
5008.0 1.019 1.079
4374.0 1.079 1.403
5786.0 1.403 1.078
9089.0 1.078 1.0
11397.0 1.0 1.0
9875.0 1.0 1.0
5413.0 1.0 1.081
4251.0 1.081 1.523
4711.0 1.523 1.827
6892.0 1.827 1.324
10414.0 1.324 1.085
11258.0 1.085 1.0
9212.0 1.0 1.0
4918.0 1.0 1.459
4432.0 1.459 1.751
5361.0 1.751 1.375
9823.0 1.375 1.119
11397.0 1.119 1.0
9821.0 1.0 1.0
5527.0 1.0 1.075
4275.0 1.075 1.533
5707.0 1.533 1.183
9215.0 1.183 1.007
8789.0 1.007 1.0
5537.0 1.0 1.054
4176.0 1.054 1.488
5297.0 1.488 1.172
8019.0 1.172 1.035
10325.0 1.035 1.0
9125.0 1.0 1.0
5083.0 1.0 1.062
4224.0 1.062 1.489
5173.0 1.489 1.181
7814.0 1.181 1.051
10472.0 1.051 1.0
9428.0 1.0 1.0
5470.0 1.0 1.052
4221.0 1.052 1.48
4435.0 1.48 1.776
6625.0 1.776 1.306
10051.0 1.306 1.079
10887.0 1.079 1.0
8671.0 1.0 1.0
4377.0 1.0 1.475
4274.0 1.475 1.77
5519.0 1.77 1.379
9245.0 1.379 1.156
10267.0 1.156 1.007
8757.0 1.007 1.0
4825.0 1.0 1.477
4228.0 1.477 1.773
4809.0 1.773 2.127
8885.0 2.127 1.604
10916.0 1.604 1.357
9989.0 1.357 1.245
7535.0 1.245 1.25
4247.0 1.25 1.785
4198.0 1.785 2.142
5347.0 2.142 1.684
8381.0 1.684 1.473
9691.0 1.473 1.295
8635.0 1.295 1.229
5917.0 1.229 1.279
4251.0 1.279 1.813
4360.0 1.813 2.176
5414.0 2.176 1.705
9326.0 1.705 1.433
11176.0 1.433 1.202
11564.0 1.202 1.035
8936.0 1.035 1.009
4464.0 1.009 1.472
4393.0 1.472 1.766
5289.0 1.766 1.392
9667.0 1.392 1.143
11227.0 1.143 1.0
10059.0 1.0 1.0
5597.0 1.0 1.079
4239.0 1.079 1.409
5312.0 1.409 1.109
8220.0 1.109 1.0
11220.0 1.0 1.0
9614.0 1.0 1.0
5572.0 1.0 1.059
4241.0 1.059 1.383
5234.0 1.383 1.093
8364.0 1.093 1.0
11220.0 1.0 1.0
9614.0 1.0 1.0
5320.0 1.0 1.08
4210.0 1.08 1.52
5104.0 1.52 1.21
7778.0 1.21 1.077
10612.0 1.077 1.0
9796.0 1.0 1.0
6174.0 1.0 1.035
4236.0 1.035 1.494
4546.0 1.494 1.792
6282.0 1.792 1.342
10464.0 1.342 1.081
11986.0 1.081 1.0
10044.0 1.0 1.0
5414.0 1.0 1.084
4268.0 1.084 1.527
4800.0 1.527 1.832
6743.0 1.832 1.338
9619.0 1.338 1.132
9509.0 1.132 1.033
6345.0 1.033 1.074
4212.0 1.074 1.529
4209.0 1.529 1.835
5825.0 1.835 1.407
9639.0 1.407 1.16
11075.0 1.16 1.0
9197.0 1.0 1.0
4651.0 1.0 1.484
4589.0 1.484 1.781
6121.0 1.781 1.345
9905.0 1.345 1.109
11369.0 1.109 1.0
9825.0 1.0 1.0
5615.0 1.0 1.072
4332.0 1.072 1.515
4983.0 1.515 1.818
7471.0 1.818 1.275
11115.0 1.275 1.023
12057.0 1.023 1.0
9577.0 1.0 1.0
5031.0 1.0 1.09
4365.0 1.09 1.418
5941.0 1.418 1.081
9138.0 1.081 1.0
12238.0 1.0 1.0
10716.0 1.0 1.0
5918.0 1.0 1.077
4201.0 1.077 1.528
4467.0 1.528 1.834
6584.0 1.834 1.351
11148.0 1.351 1.061
12672.0 1.061 1.0
10774.0 1.0 1.0
6060.0 1.0 1.073
4233.0 1.073 1.524
5421.0 1.524 1.194
7859.0 1.194 1.066
10003.0 1.066 1.0
8093.0 1.0 1.0
6030.0 1.0 1.021
4300.0 1.021 1.449
4357.0 1.449 1.739
6340.0 1.739 1.298
10652.0 1.298 1.044
11580.0 1.044 1.0
9504.0 1.0 1.0
4790.0 1.0 1.491
4209.0 1.491 1.79
5685.0 1.79 1.383
10189.0 1.383 1.11
11913.0 1.11 1.0
9967.0 1.0 1.0
5253.0 1.0 1.068
4313.0 1.068 1.502
5196.0 1.502 1.19
7721.0 1.19 1.063
10407.0 1.063 1.0
9555.0 1.0 1.0
5765.0 1.0 1.061
4203.0 1.061 1.503
4759.0 1.503 1.803
7286.0 1.803 1.278
10266.0 1.278 1.062
11072.0 1.062 1.0
8768.0 1.0 1.0
4306.0 1.0 1.475
4306.0 1.475 1.77
5550.0 1.77 1.377
9360.0 1.377 1.149
10026.0 1.149 1.022
7670.0 1.022 1.016
5533.0 1.016 1.06
4261.0 1.06 1.383
5225.0 1.383 1.094
8274.0 1.094 1.0
11900.0 1.0 1.0
10630.0 1.0 1.0
6420.0 1.0 1.043
4179.0 1.043 1.484
4419.0 1.484 1.781
6036.0 1.781 1.351
8984.0 1.351 1.16
9836.0 1.16 1.034
8124.0 1.034 1.0
6167.0 1.0 1.016
4356.0 1.016 1.454
4458.0 1.454 1.745
6460.0 1.745 1.294
10888.0 1.294 1.028
12110.0 1.028 1.0
9960.0 1.0 1.0
4994.0 1.0 1.5
4256.0 1.5 1.8
5009.0 1.8 1.44
9989.0 1.44 1.162
12533.0 1.162 1.0
11267.0 1.0 1.0
6805.0 1.0 1.054
4176.0 1.054 1.542
4321.0 1.542 1.851
5564.0 1.851 1.439
9204.0 1.439 1.208
10820.0 1.208 1.028
10028.0 1.028 1.0
6102.0 1.0 1.055
4310.0 1.055 1.516
4299.0 1.516 1.819
6286.0 1.819 1.361
9766.0 1.361 1.149
11132.0 1.149 1.0
9700.0 1.0 1.0
5322.0 1.0 1.059
4176.0 1.059 1.492
5092.0 1.492 1.188
7998.0 1.188 1.0
11248.0 1.0 1.0
9978.0 1.0 1.0
5852.0 1.0 1.066
4246.0 1.066 1.502
4341.0 1.502 1.802
5772.0 1.802 1.386
9332.0 1.386 1.165
10078.0 1.165 1.029
7924.0 1.029 1.013
5761.0 1.013 1.042
4180.0 1.042 1.477
5226.0 1.477 1.168
8325.0 1.168 1.017
11163.0 1.017 1.0
9159.0 1.0 1.0
4613.0 1.0 1.482
4590.0 1.482 1.779
6032.0 1.779 1.35
10058.0 1.35 1.102
11568.0 1.102 1.0
9934.0 1.0 1.0
5724.0 1.0 1.069
4214.0 1.069 1.511
5145.0 1.511 1.2
7620.0 1.2 1.078
11436.0 1.078 1.0
10466.0 1.0 1.0
6592.0 1.0 1.035
4285.0 1.035 1.505
4790.0 1.505 1.807
6823.0 1.807 1.314
9651.0 1.314 1.114
9893.0 1.114 1.0
7747.0 1.0 1.0
5936.0 1.0 1.03
4176.0 1.03 1.462
4460.0 1.462 1.754
6493.0 1.754 1.298
9881.0 1.298 1.082
10813.0 1.082 1.0
8887.0 1.0 1.0
4593.0 1.0 1.479
4188.0 1.479 1.774
5272.0 1.774 1.4
9192.0 1.4 1.17
10482.0 1.17 1.01
9146.0 1.01 1.0
5194.0 1.0 1.076
4256.0 1.076 1.513
5289.0 1.513 1.193
7436.0 1.193 1.081
10834.0 1.081 1.0
9564.0 1.0 1.0
5858.0 1.0 1.04
4370.0 1.04 1.473
5420.0 1.473 1.154
7582.0 1.154 1.042
9740.0 1.042 1.0
7890.0 1.0 1.0
6163.0 1.0 1.013
4268.0 1.013 1.443
4351.0 1.443 1.731
6308.0 1.731 1.294
9486.0 1.294 1.094
9958.0 1.094 1.0
7278.0 1.0 1.007
5215.0 1.007 1.046
4314.0 1.046 1.47
5477.0 1.47 1.148
7626.0 1.148 1.035
9120.0 1.035 1.0
7322.0 1.0 1.0
5595.0 1.0 1.023
4302.0 1.023 1.446
4894.0 1.446 1.736
7537.0 1.736 1.388
10067.0 1.388 1.178
9655.0 1.178 1.081
7491.0 1.081 1.074
5722.0 1.074 1.11
4228.0 1.11 1.571
5097.0 1.571 1.25
7363.0 1.25 1.008
10063.0 1.008 1.0
8763.0 1.0 1.0
4805.0 1.0 1.452
4280.0 1.452 1.888
5937.0 1.888 1.44
9003.0 1.44 1.24
10207.0 1.24 1.068
8599.0 1.068 1.024
5217.0 1.024 1.074
4176.0 1.074 1.398
5718.0 1.398 1.079
8834.0 1.079 1.0
10810.0 1.0 1.0
8448.0 1.0 1.0
4176.0 1.0 1.442
4692.0 1.442 1.73
7149.0 1.73 1.235
10487.0 1.235 1.015
10923.0 1.015 1.0
7807.0 1.0 1.005
5576.0 1.005 1.039
4176.0 1.039 1.467
4276.0 1.467 1.761
6667.0 1.761 1.291
10427.0 1.291 1.055
11035.0 1.055 1.0
8793.0 1.0 1.0
4415.0 1.0 1.476
4378.0 1.476 1.772
5544.0 1.772 1.379
9784.0 1.379 1.128
11138.0 1.128 1.0
9774.0 1.0 1.0
5732.0 1.0 1.067
4238.0 1.067 1.502
4390.0 1.502 1.803
5991.0 1.803 1.371
9723.0 1.371 1.141
10585.0 1.141 1.0
9047.0 1.0 1.0
5005.0 1.0 1.07
4253.0 1.07 1.502
6268.0 1.502 1.125
10224.0 1.125 1.0
10498.0 1.0 1.0
7464.0 1.0 1.012
5401.0 1.012 1.046
4209.0 1.046 1.473
5258.0 1.473 1.163
7839.0 1.163 1.035
11541.0 1.035 1.0
10507.0 1.0 1.0
6801.0 1.0 1.032
4318.0 1.032 1.505
4176.0 1.505 1.806
5198.0 1.806 1.43
9450.0 1.43 1.179
11246.0 1.179 1.0
10354.0 1.0 1.0
6228.0 1.0 1.058
4176.0 1.058 1.511
4328.0 1.511 1.813
5876.0 1.813 1.387
9912.0 1.387 1.136
11336.0 1.136 1.0
9740.0 1.0 1.0
5362.0 1.0 1.081
4261.0 1.081 1.524
5819.0 1.524 1.169
9095.0 1.169 1.007
9343.0 1.007 1.0
6921.0 1.0 1.01
4942.0 1.01 1.454
4188.0 1.454 1.895
5268.0 1.895 1.495
9370.0 1.495 1.255
10084.0 1.255 1.086
8464.0 1.086 1.045
4674.0 1.045 1.519
4396.0 1.519 1.823
5556.0 1.823 1.418
9478.0 1.418 1.175
10416.0 1.175 1.025
8474.0 1.025 1.0
4682.0 1.0 1.448
4270.0 1.448 1.884
5913.0 1.884 1.439
8791.0 1.439 1.244
9983.0 1.244 1.083
8497.0 1.083 1.035
4991.0 1.035 1.504
4272.0 1.504 1.956
4956.0 1.956 2.347
9172.0 2.347 1.738
11146.0 1.738 1.405
10339.0 1.405 1.27
7637.0 1.27 1.276
4247.0 1.276 1.871
4403.0 1.871 2.245
5432.0 2.245 1.757
8828.0 1.757 1.509
9714.0 1.509 1.335
9688.0 1.335 1.209
7784.0 1.209 1.194
4316.0 1.194 1.723
4356.0 1.723 2.067
4829.0 2.067 2.481
8669.0 2.481 1.879
10382.0 1.879 1.585
8906.0 1.585 1.508
6566.0 1.508 1.546
4250.0 1.546 2.204
4357.0 2.204 2.644
6695.0 2.644 1.936
10133.0 1.936 1.602
11156.0 1.602 1.381
8858.0 1.381 1.336
5946.0 1.336 1.405
4283.0 1.405 2.029
4249.0 2.029 2.641
6383.0 2.641 1.966
9561.0 1.966 1.653
11376.0 1.653 1.351
10071.0 1.351 1.247
7143.0 1.247 1.263
4176.0 1.263 1.807
4491.0 1.807 2.169
5781.0 2.169 1.667
9667.0 1.667 1.37
11631.0 1.37 1.133
11561.0 1.133 1.0
8403.0 1.0 1.0
6172.0 1.0 1.04
4297.0 1.04 1.48
4376.0 1.48 1.775
6058.0 1.775 1.345
10150.0 1.345 1.095
10778.0 1.095 1.0
7946.0 1.0 1.0
5631.0 1.0 1.033
4202.0 1.033 1.458
4851.0 1.458 1.749
7541.0 1.749 1.222
10399.0 1.222 1.018
10767.0 1.018 1.0
7951.0 1.0 1.0
5888.0 1.0 1.025
4235.0 1.025 1.456
4830.0 1.456 1.747
7763.0 1.747 1.204
10859.0 1.204 1.0
11531.0 1.0 1.0
8581.0 1.0 1.0
4228.0 1.0 1.444
4338.0 1.444 1.733
6552.0 1.733 1.279
10326.0 1.279 1.038
11310.0 1.038 1.0
9228.0 1.0 1.0
4682.0 1.0 1.483
4306.0 1.483 1.78
4912.0 1.78 2.136
8694.0 2.136 1.618
10104.0 1.618 1.387
9238.0 1.387 1.296
6552.0 1.296 1.333
4198.0 1.333 1.894
5105.0 1.894 1.507
9205.0 1.507 1.271
11185.0 1.271 1.065
11077.0 1.065 1.0
7891.0 1.0 1.001
5492.0 1.001 1.041
4176.0 1.041 1.358
5205.0 1.358 1.076
8226.0 1.076 1.0
11418.0 1.0 1.0
9812.0 1.0 1.0
5686.0 1.0 1.075
4240.0 1.075 1.519
4269.0 1.519 1.823
6269.0 1.823 1.366
9601.0 1.366 1.142
9749.0 1.142 1.035
7297.0 1.035 1.043
5185.0 1.043 1.09
4271.0 1.09 1.419
5666.0 1.419 1.098
9038.0 1.098 1.0
11704.0 1.0 1.0
10518.0 1.0 1.0
6140.0 1.0 1.066
4183.0 1.066 1.514
4397.0 1.514 1.816
6040.0 1.816 1.378
9844.0 1.378 1.145
11272.0 1.145 1.0
9784.0 1.0 1.0
5406.0 1.0 1.059
4238.0 1.059 1.508
5168.0 1.508 1.196
7714.0 1.196 1.0
11650.0 1.0 1.0
10968.0 1.0 1.0
6926.0 1.0 1.044
4443.0 1.044 1.495
4223.0 1.495 1.793
5363.0 1.793 1.409
9299.0 1.409 1.175
10831.0 1.175 1.002
9727.0 1.002 1.0
5639.0 1.0 1.071
4176.0 1.071 1.518
4428.0 1.518 1.822
6341.0 1.822 1.36
9501.0 1.36 1.147
9679.0 1.147 1.036
7135.0 1.036 1.043
4942.0 1.043 1.512
4248.0 1.512 1.967
4962.0 1.967 2.361
8890.0 2.361 1.768
11260.0 1.768 1.469
11125.0 1.469 1.291
9199.0 1.291 1.239
5605.0 1.239 1.301
4176.0 1.301 1.861
4350.0 1.861 2.233
5355.0 2.233 1.755
9467.0 1.755 1.272
11433.0 1.272 1.048
11677.0 1.048 1.0
8743.0 1.0 1.0
4240.0 1.0 1.444
4418.0 1.444 1.733
6549.0 1.733 1.279
10241.0 1.279 1.054
11145.0 1.054 1.0
8805.0 1.0 1.0
4259.0 1.0 1.479
4332.0 1.479 1.775
5483.0 1.775 1.385
9151.0 1.385 1.167
10649.0 1.167 1.0
9447.0 1.0 1.0
5657.0 1.0 1.045
4229.0 1.045 1.478
4933.0 1.478 1.774
7451.0 1.774 1.245
10359.0 1.245 1.038
10819.0 1.038 1.0
8313.0 1.0 1.0
6334.0 1.0 1.031
4237.0 1.031 1.461
4650.0 1.461 1.753
7017.0 1.753 1.261
11327.0 1.261 1.0
12549.0 1.0 1.0
10103.0 1.0 1.0
4885.0 1.0 1.501
4281.0 1.501 1.801
5169.0 1.801 1.429
8725.0 1.429 1.222
9753.0 1.222 1.079
8019.0 1.079 1.05
4545.0 1.05 1.517
4410.0 1.517 1.821
5731.0 1.821 1.403
9977.0 1.403 1.149
11631.0 1.149 1.0
10457.0 1.0 1.0
6331.0 1.0 1.056
4253.0 1.056 1.53
4895.0 1.53 1.836
7187.0 1.836 1.308
9495.0 1.308 1.13
8427.0 1.13 1.075
5649.0 1.075 1.123
4236.0 1.123 1.588
5036.0 1.588 1.268
7527.0 1.268 1.013
11505.0 1.013 1.0
10289.0 1.0 1.0
5995.0 1.0 1.065
4368.0 1.065 1.512
5067.0 1.512 1.205
7711.0 1.205 1.076
10579.0 1.076 1.0
9999.0 1.0 1.0
6377.0 1.0 1.029
4303.0 1.029 1.468
4298.0 1.468 1.762
6189.0 1.762 1.326
10209.0 1.326 1.078
11577.0 1.078 1.0
9767.0 1.0 1.0
5389.0 1.0 1.081
4183.0 1.081 1.522
5499.0 1.522 1.187
8264.0 1.187 1.042
11586.0 1.042 1.0
9988.0 1.0 1.0
5610.0 1.0 1.075
4176.0 1.075 1.52
4979.0 1.52 1.823
7568.0 1.823 1.271
10652.0 1.271 1.045
10636.0 1.045 1.0
7316.0 1.0 1.017
4917.0 1.017 1.469
4308.0 1.469 1.762
5528.0 1.762 1.373
10390.0 1.373 1.089
12194.0 1.089 1.0
10284.0 1.0 1.0
5654.0 1.0 1.058
4194.0 1.058 1.494
4829.0 1.494 1.793
7492.0 1.793 1.256
10418.0 1.256 1.047
10320.0 1.047 1.0
6692.0 1.0 1.04
4222.0 1.04 1.513
4400.0 1.513 1.816
5874.0 1.816 1.389
9674.0 1.389 1.151
11204.0 1.151 1.0
9876.0 1.0 1.0
5834.0 1.0 1.064
4311.0 1.064 1.507
4672.0 1.507 1.808
7131.0 1.808 1.293
10557.0 1.293 1.057
11431.0 1.057 1.0
9229.0 1.0 1.0
4767.0 1.0 1.484
4292.0 1.484 1.781
5223.0 1.781 1.409
9261.0 1.409 1.031
11131.0 1.031 1.0
10201.0 1.0 1.0
6159.0 1.0 1.058
4221.0 1.058 1.506
4555.0 1.506 1.807
6675.0 1.807 1.325
11019.0 1.325 1.049
11707.0 1.049 1.0
8873.0 1.0 1.0
4176.0 1.0 1.479
4638.0 1.479 1.775
6570.0 1.775 1.308
12086.0 1.308 1.0
14124.0 1.0 1.0
11678.0 1.0 1.0
6208.0 1.0 1.085
4247.0 1.085 1.547
4372.0 1.547 1.856
5966.0 1.856 1.413
8624.0 1.413 1.245
9016.0 1.245 1.135
7462.0 1.135 1.115
4338.0 1.115 1.598
4340.0 1.598 1.918
6027.0 1.918 1.456
10323.0 1.456 1.172
11903.0 1.172 1.0
10757.0 1.0 1.0
6463.0 1.0 1.043
4195.0 1.043 1.514
4293.0 1.514 1.817
6273.0 1.817 1.361
11169.0 1.361 1.073
13035.0 1.073 1.0
11403.0 1.0 1.0
6521.0 1.0 1.073
4252.0 1.073 1.559
4253.0 1.559 1.87
5554.0 1.87 1.455
8366.0 1.455 1.122
9018.0 1.122 1.019
6638.0 1.019 1.033
4984.0 1.033 1.481
4459.0 1.481 1.777
6652.0 1.777 1.304
10754.0 1.304 1.042
12082.0 1.042 1.0
10056.0 1.0 1.0
5342.0 1.0 1.064
4323.0 1.064 1.495
5912.0 1.495 1.142
11246.0 1.142 1.0
12074.0 1.0 1.0
8956.0 1.0 1.0
4176.0 1.0 1.452
4235.0 1.452 1.742
5892.0 1.742 1.331
8962.0 1.331 1.148
8704.0 1.148 1.068
6332.0 1.068 1.092
4469.0 1.092 1.552
4251.0 1.552 1.862
6116.0 1.862 1.407
10568.0 1.407 1.126
12418.0 1.126 1.0
11362.0 1.0 1.0
6900.0 1.0 1.051
4176.0 1.051 1.512
4208.0 1.512 1.814
5082.0 1.814 1.445
8620.0 1.445 1.237
9950.0 1.237 1.079
8054.0 1.079 1.055
4406.0 1.055 1.524
4345.0 1.524 1.829
6194.0 1.829 1.376
10060.0 1.376 1.141
11722.0 1.141 1.0
10272.0 1.0 1.0
6062.0 1.0 1.063
4247.0 1.063 1.51
4481.0 1.51 1.812
6615.0 1.812 1.333
10061.0 1.333 1.105
10823.0 1.105 1.0
8801.0 1.0 1.0
4339.0 1.0 1.475
4634.0 1.475 1.77
6972.0 1.77 1.277
10028.0 1.277 1.069
10736.0 1.069 1.0
8618.0 1.0 1.0
4492.0 1.0 1.472
4260.0 1.472 1.766
5995.0 1.766 1.342
10203.0 1.342 1.093
12065.0 1.093 1.0
10887.0 1.0 1.0
6425.0 1.0 1.059
4226.0 1.059 1.5
4446.0 1.5 1.8
6123.0 1.8 1.359
10011.0 1.359 1.116
11611.0 1.116 1.0
10081.0 1.0 1.0
5871.0 1.0 1.066
4270.0 1.066 1.51
4945.0 1.51 1.812
7247.0 1.812 1.287
10777.0 1.287 1.045
10753.0 1.045 1.0
7021.0 1.0 1.034
4538.0 1.034 1.49
4266.0 1.49 1.788
5234.0 1.788 1.414
9982.0 1.414 1.0
12314.0 1.0 1.0
11212.0 1.0 1.0
6834.0 1.0 1.05
4267.0 1.05 1.509
4393.0 1.509 1.811
5769.0 1.811 1.393
9713.0 1.393 1.151
11363.0 1.151 1.0
10205.0 1.0 1.0
5995.0 1.0 1.064
4176.0 1.064 1.504
4620.0 1.504 1.805
6648.0 1.805 1.325
10476.0 1.325 1.074
11332.0 1.074 1.0
8628.0 1.0 1.0
4176.0 1.0 1.473
4942.0 1.473 1.767
7186.0 1.767 1.259
9638.0 1.259 1.079
9410.0 1.079 1.0
6854.0 1.0 1.015
4875.0 1.015 1.458
4426.0 1.458 1.749
5435.0 1.749 1.369
9721.0 1.369 1.119
11829.0 1.119 1.0
10587.0 1.0 1.0
6629.0 1.0 1.047
4176.0 1.047 1.523
4541.0 1.523 1.827
5461.0 1.827 1.428
9067.0 1.428 1.207
9835.0 1.207 1.071
7767.0 1.071 1.057
6015.0 1.057 1.074
4258.0 1.074 1.523
4409.0 1.523 1.827
6926.0 1.827 1.321
10532.0 1.321 1.065
11940.0 1.065 1.0
10102.0 1.0 1.0
5472.0 1.0 1.061
4176.0 1.061 1.5
4668.0 1.5 1.8
6932.0 1.8 1.301
9978.0 1.301 1.083
10598.0 1.083 1.0
8602.0 1.0 1.0
4224.0 1.0 1.453
4176.0 1.453 1.743
5921.0 1.743 1.33
10257.0 1.33 1.091
12007.0 1.091 1.0
10629.0 1.0 1.0
6251.0 1.0 1.064
4256.0 1.064 1.517
4385.0 1.517 1.821
6041.0 1.821 1.381
10369.0 1.381 1.127
11993.0 1.127 1.0
10691.0 1.0 1.0
6313.0 1.0 1.06
4343.0 1.06 1.511
4691.0 1.511 1.813
6576.0 1.813 1.336
10110.0 1.336 1.103
10736.0 1.103 1.0
8528.0 1.0 1.0
4250.0 1.0 1.441
4670.0 1.441 1.729
6956.0 1.729 1.248
10542.0 1.248 1.012
11118.0 1.012 1.0
8528.0 1.0 1.0
4295.0 1.0 1.449
4333.0 1.449 1.739
6398.0 1.739 1.294
10456.0 1.294 1.047
11424.0 1.047 1.0
8978.0 1.0 1.0
4264.0 1.0 1.454
4176.0 1.454 1.745
6094.0 1.745 1.32
10104.0 1.32 1.075
11580.0 1.075 1.0
9802.0 1.0 1.0
5424.0 1.0 1.079
4219.0 1.079 1.519
5483.0 1.519 1.186
8489.0 1.186 1.031
12217.0 1.031 1.0
11125.0 1.0 1.0
6999.0 1.0 1.043
4432.0 1.043 1.502
4419.0 1.502 1.803
6189.0 1.803 1.357
9671.0 1.357 1.134
10321.0 1.134 1.0
8023.0 1.0 1.0
5960.0 1.0 1.023
4216.0 1.023 1.451
4755.0 1.451 1.741
7333.0 1.741 1.23
11153.0 1.23 1.0
12291.0 1.0 1.0
9677.0 1.0 1.0
4879.0 1.0 1.493
4176.0 1.493 1.792
4463.0 1.792 2.151
5966.0 2.151 1.637
8778.0 1.637 1.41
9464.0 1.41 1.257
8148.0 1.257 1.211
5462.0 1.211 1.258
4286.0 1.258 1.777
4997.0 1.777 2.133
10191.0 2.133 1.49
12588.0 1.49 1.176
10872.0 1.176 1.076
7090.0 1.076 1.107
4533.0 1.107 1.595
4377.0 1.595 1.914
5033.0 1.914 1.529
8469.0 1.529 1.164
9597.0 1.164 1.029
8103.0 1.029 1.0
6449.0 1.0 1.004
4470.0 1.004 1.435
4176.0 1.435 1.721
5680.0 1.721 1.33
10566.0 1.33 1.054
12062.0 1.054 1.0
9642.0 1.0 1.0
4676.0 1.0 1.493
4306.0 1.493 1.791
5373.0 1.791 1.406
8961.0 1.406 1.19
10135.0 1.19 1.04
8199.0 1.04 1.012
4463.0 1.012 1.461
4388.0 1.461 1.753
5830.0 1.753 1.344
9802.0 1.344 1.122
11348.0 1.122 1.0
9732.0 1.0 1.0
5522.0 1.0 1.073
4340.0 1.073 1.513
5354.0 1.513 1.189
8423.0 1.189 1.031
12105.0 1.031 1.0
10835.0 1.0 1.0
6457.0 1.0 1.042
4227.0 1.042 1.509
4432.0 1.509 1.811
6226.0 1.811 1.36
10000.0 1.36 1.118
10848.0 1.118 1.0
8588.0 1.0 1.0
4210.0 1.0 1.451
4570.0 1.451 1.741
6643.0 1.741 1.278
10881.0 1.278 1.009
11523.0 1.009 1.0
8311.0 1.0 1.0
5996.0 1.0 1.044
4218.0 1.044 1.508
4879.0 1.508 1.809
7173.0 1.809 1.29
10183.0 1.29 1.075
10025.0 1.075 1.0
7325.0 1.0 1.012
5178.0 1.012 1.052
4176.0 1.052 1.37
5749.0 1.37 1.055
9326.0 1.055 1.0
12628.0 1.0 1.0
10938.0 1.0 1.0
6140.0 1.0 1.075
4176.0 1.075 1.548
4667.0 1.548 1.857
6264.0 1.857 1.392
9430.0 1.392 1.178
9806.0 1.178 1.056
7478.0 1.056 1.053
5441.0 1.053 1.087
4365.0 1.087 1.533
5401.0 1.533 1.202
8458.0 1.202 1.043
11870.0 1.043 1.0
11208.0 1.0 1.0
7250.0 1.0 1.033
4767.0 1.033 1.516
4313.0 1.516 1.819
5208.0 1.819 1.44
9024.0 1.44 1.228
10228.0 1.228 1.051
8392.0 1.051 1.02
4452.0 1.02 1.477
4272.0 1.477 1.772
5860.0 1.772 1.357
9346.0 1.357 1.142
10332.0 1.142 1.005
8224.0 1.005 1.0
6206.0 1.0 1.019
4186.0 1.019 1.459
4457.0 1.459 1.751
6647.0 1.751 1.285
10437.0 1.285 1.037
10647.0 1.037 1.0
8051.0 1.0 1.0
5652.0 1.0 1.036
4254.0 1.036 1.467
4898.0 1.467 1.76
7454.0 1.76 1.235
11042.0 1.235 1.002
10468.0 1.002 1.0
6634.0 1.0 1.031
4235.0 1.031 1.478
4394.0 1.478 1.774
6324.0 1.774 1.325
10242.0 1.325 1.078
11774.0 1.078 1.0
9798.0 1.0 1.0
5420.0 1.0 1.064
4250.0 1.064 1.494
4637.0 1.494 1.793
6880.0 1.793 1.3
10312.0 1.3 1.073
9830.0 1.073 1.0
6596.0 1.0 1.026
4285.0 1.026 1.466
4273.0 1.466 1.759
5904.0 1.759 1.344
9238.0 1.344 1.134
9938.0 1.134 1.003
7806.0 1.003 1.0
5852.0 1.0 1.022
4387.0 1.022 1.456
4722.0 1.456 1.747
7151.0 1.747 1.247
10835.0 1.247 1.009
11399.0 1.009 1.0
8591.0 1.0 1.0
4247.0 1.0 1.451
4393.0 1.451 1.741
5374.0 1.741 1.367
9110.0 1.367 1.153
10272.0 1.153 1.004
8810.0 1.004 1.0
4660.0 1.0 1.476
4373.0 1.476 1.772
5876.0 1.772 1.355
9108.0 1.355 1.153
9662.0 1.153 1.024
7604.0 1.024 1.012
5739.0 1.012 1.037
4176.0 1.037 1.462
4544.0 1.462 1.755
6664.0 1.755 1.287
10646.0 1.287 1.043
11800.0 1.043 1.0
9714.0 1.0 1.0
5000.0 1.0 1.084
4255.0 1.084 1.523
5109.0 1.523 1.212
7710.0 1.212 1.0
10230.0 1.0 1.0
9128.0 1.0 1.0
5002.0 1.0 1.062
4176.0 1.062 1.489
5320.0 1.489 1.172
8466.0 1.172 1.0
12108.0 1.0 1.0
