4512.0 1.0 1.0
4512.0 1.0 1.4
4512.0 1.4 1.68
4512.0 1.68 2.016
4428.0 2.016 2.419
4344.0 2.419 2.903
4344.0 2.903 3.484
4843.0 3.484 4.18
4344.0 4.18 5.016
4488.0 5.016 6.02
4260.0 6.02 7.224
4689.0 7.224 8.668
4892.0 8.668 10.402
6776.0 10.402 7.583
8288.0 7.583 6.817
8532.0 6.817 6.305
8007.0 6.305 6.011
7113.0 6.011 5.871
5487.0 5.871 6.005
4439.0 6.005 8.498
4582.0 8.498 10.198
5408.0 10.198 7.992
7676.0 7.992 7.191
9384.0 7.191 6.328
9316.0 6.328 5.786
8378.0 5.786 5.51
6764.0 5.51 5.502
5147.0 5.502 5.693
4254.0 5.693 7.996
4442.0 7.996 9.595
5462.0 9.595 7.499
8038.0 7.499 6.661
9866.0 6.661 5.777
10138.0 5.777 5.149
9060.0 5.149 4.841
7116.0 4.841 4.822
5027.0 4.822 5.056
4352.0 5.056 7.1
4467.0 7.1 8.52
5003.0 8.52 6.815
7121.0 6.815 5.555
9515.0 5.555 4.771
10215.0 4.771 4.203
9423.0 4.203 3.896
7269.0 3.896 3.907
5401.0 3.907 4.024
4176.0 4.024 5.677
4298.0 5.677 6.813
4874.0 6.813 8.175
6634.0 8.175 6.006
8979.0 6.006 5.24
9973.0 5.24 4.604
9441.0 4.604 4.244
7419.0 4.244 4.218
5843.0 4.218 4.299
4289.0 4.299 6.095
4257.0 6.095 7.951
5084.0 7.951 6.334
6998.0 6.334 5.2
9332.0 5.2 4.487
9668.0 4.487 4.022
8708.0 4.022 3.805
7028.0 3.805 3.77
4784.0 3.77 5.411
4288.0 5.411 6.494
4579.0 6.494 7.792
6183.0 7.792 5.865
9087.0 5.865 5.013
10851.0 5.013 4.214
10732.0 4.214 3.74
8452.0 3.74 3.652
6308.0 3.652 3.726
4409.0 3.726 5.36
4176.0 5.36 6.432
4407.0 6.432 7.719
5203.0 7.719 6.112
7293.0 6.112 4.953
9417.0 4.953 4.298
9267.0 4.298 3.928
8514.0 3.928 3.719
7054.0 3.719 3.698
5026.0 3.698 3.844
4318.0 3.844 4.998
4610.0 4.998 5.998
6008.0 5.998 4.556
8796.0 4.556 3.958
10362.0 3.958 3.407
10696.0 3.407 3.003
8969.0 3.003 2.87
5865.0 2.87 2.997
4347.0 2.997 4.278
4259.0 4.278 5.601
4724.0 5.601 6.722
6924.0 6.722 4.86
9552.0 4.86 4.11
10296.0 4.11 3.607
9222.0 3.607 3.376
7166.0 3.376 3.391
5288.0 3.391 3.563
4242.0 3.563 4.642
4510.0 4.642 5.57
5773.0 5.57 4.284
8109.0 4.284 3.803
9505.0 3.803 3.35
9236.0 3.35 3.088
7716.0 3.088 3.012
5727.0 3.012 3.106
4202.0 3.106 4.385
4456.0 4.385 5.262
5902.0 5.262 4.02
8470.0 4.02 3.529
11069.0 3.529 2.927
10948.0 2.927 2.584
9148.0 2.584 2.472
6736.0 2.472 2.524
4856.0 2.524 3.62
4347.0 3.62 4.74
4331.0 4.74 5.688
5957.0 5.688 4.332
8276.0 4.332 3.862
8947.0 3.862 3.499
8176.0 3.499 3.327
6332.0 3.327 3.36
4931.0 3.36 4.834
4176.0 4.834 6.318
4456.0 6.318 7.582
5828.0 7.582 5.814
8804.0 5.814 5.002
10652.0 5.002 4.241
10764.0 4.241 3.738
8640.0 3.738 3.618
6236.0 3.618 3.705
4358.0 3.705 5.337
4176.0 5.337 6.404
4176.0 6.404 7.685
5570.0 7.685 5.973
8300.0 5.973 5.245
9728.0 5.245 4.567
9798.0 4.567 4.131
8112.0 4.131 4.016
6484.0 4.016 4.025
4237.0 4.025 5.754
4319.0 5.754 6.904
4871.0 6.904 8.285
6531.0 8.285 6.121
8806.0 6.121 5.355
9478.0 5.355 4.799
8687.0 4.799 4.523
7279.0 4.523 4.478
5439.0 4.478 4.609
4317.0 4.609 6.512
4232.0 6.512 7.815
4724.0 7.815 9.378
6548.0 9.378 6.922
9764.0 6.922 5.821
11636.0 5.821 4.805
11261.0 4.805 4.241
8615.0 4.241 4.16
5800.0 4.16 4.371
4176.0 4.371 6.206
4176.0 6.206 7.448
4819.0 7.448 8.937
6793.0 8.937 6.509
9313.0 6.509 5.627
10277.0 5.627 4.912
9682.0 4.912 4.522
7768.0 4.522 4.452
5484.0 4.452 4.682
4176.0 4.682 6.697
4327.0 6.697 8.037
5013.0 8.037 6.425
7402.0 6.425 5.166
9178.0 5.166 4.557
9700.0 4.557 4.064
8662.0 4.064 3.852
6756.0 3.852 3.869
4704.0 3.869 5.546
4176.0 5.546 7.253
4493.0 7.253 8.704
5969.0 8.704 6.626
9427.0 6.626 5.56
10743.0 5.56 4.768
10687.0 4.768 4.231
8370.0 4.231 4.132
5866.0 4.132 4.329
4285.0 4.329 6.202
4402.0 6.202 7.442
5590.0 7.442 5.778
7895.0 5.778 5.16
9119.0 5.16 4.611
9041.0 4.611 4.247
8029.0 4.247 4.077
5728.0 4.077 4.181
4468.0 4.181 5.996
4356.0 5.996 7.195
5024.0 7.195 5.749
8058.0 5.749 5.056
11088.0 5.056 4.126
11578.0 4.126 3.518
10216.0 3.518 3.259
7199.0 3.259 3.341
4883.0 3.341 4.82
4184.0 4.82 6.287
4346.0 6.287 7.545
5442.0 7.545 5.902
7911.0 5.902 4.651
10665.0 4.651 3.826
10941.0 3.826 3.329
9566.0 3.329 3.122
7398.0 3.122 3.106
5163.0 3.106 3.244
4176.0 3.244 4.58
4336.0 4.58 5.496
5608.0 5.496 4.263
8112.0 4.263 3.332
9127.0 3.332 2.984
8983.0 2.984 2.758
7487.0 2.758 2.713
5690.0 2.713 2.772
4250.0 2.772 3.94
4176.0 3.94 4.727
4676.0 4.727 5.673
6707.0 5.673 4.151
9510.0 4.151 3.507
10255.0 3.507 3.071
9723.0 3.071 2.815
7375.0 2.815 2.809
5008.0 2.809 2.929
4344.0 2.929 4.104
4459.0 4.104 4.925
5677.0 4.925 3.806
8561.0 3.806 3.318
10101.0 3.318 2.876
10165.0 2.876 2.564
8329.0 2.564 2.49
6091.0 2.49 2.557
4203.0 2.557 3.648
4176.0 3.648 4.378
4502.0 4.378 5.253
6695.0 5.253 3.846
9995.0 3.846 3.166
10523.0 3.166 2.759
9175.0 2.759 2.608
7216.0 2.608 2.616
4471.0 2.616 3.765
4246.0 3.765 4.518
4788.0 4.518 5.422
6825.0 5.422 3.942
9367.0 3.942 3.382
10244.0 3.382 2.973
9183.0 2.973 2.785
6891.0 2.785 2.805
4512.0 2.805 4.02
4294.0 4.02 5.232
4816.0 5.232 6.278
6442.0 6.278 4.66
9041.0 4.66 4.022
10229.0 4.022 3.493
10145.0 3.493 3.133
7967.0 3.133 3.096
6095.0 3.096 3.15
4245.0 3.15 4.485
4521.0 4.485 5.382
5088.0 5.382 4.287
7884.0 4.287 3.367
10802.0 3.367 2.773
10442.0 2.773 2.488
8338.0 2.488 2.424
5629.0 2.424 2.533
4243.0 2.533 3.603
4625.0 3.603 4.324
5397.0 4.324 3.39
8106.0 3.39 2.988
9230.0 2.988 2.653
8842.0 2.653 2.46
7690.0 2.46 2.392
5539.0 2.392 2.457
4176.0 2.457 3.468
4293.0 3.468 4.162
5637.0 4.162 3.223
8703.0 3.223 2.787
11075.0 2.787 2.323
11135.0 2.323 2.03
8515.0 2.03 1.984
5188.0 1.984 2.12
4181.0 2.12 3.001
5183.0 3.001 2.379
7451.0 2.379 1.912
9314.0 1.912 1.688
8912.0 1.688 1.57
7640.0 1.57 1.533
5112.0 1.533 1.595
4246.0 1.595 2.268
4287.0 2.268 2.722
6499.0 2.722 2.014
10966.0 2.014 1.59
12832.0 1.59 1.258
11008.0 1.258 1.154
7408.0 1.154 1.194
4233.0 1.194 1.58
4883.0 1.58 1.896
6762.0 1.896 1.383
11042.0 1.383 1.092
12522.0 1.092 1.0
10828.0 1.0 1.0
6030.0 1.0 1.066
4176.0 1.066 1.509
4798.0 1.509 1.811
6760.0 1.811 1.321
9274.0 1.321 1.138
8498.0 1.138 1.076
5668.0 1.076 1.113
4176.0 1.113 1.573
4785.0 1.573 1.888
6975.0 1.888 1.361
10709.0 1.361 1.11
11231.0 1.11 1.0
8281.0 1.0 1.0
5882.0 1.0 1.037
4176.0 1.037 1.497
4409.0 1.497 1.797
6495.0 1.797 1.33
8767.0 1.33 1.182
8243.0 1.182 1.116
5705.0 1.116 1.152
4192.0 1.152 1.634
4349.0 1.634 1.961
6404.0 1.961 1.459
10388.0 1.459 1.191
12078.0 1.191 1.0
11254.0 1.0 1.0
7128.0 1.0 1.029
4477.0 1.029 1.503
4235.0 1.503 1.804
5049.0 1.804 1.439
8283.0 1.439 1.107
9313.0 1.107 1.0
6989.0 1.0 1.005
5178.0 1.005 1.037
4433.0 1.037 1.35
6029.0 1.35 1.024
9934.0 1.024 1.0
12086.0 1.0 1.0
9388.0 1.0 1.0
4302.0 1.0 1.457
4348.0 1.457 1.749
6028.0 1.749 1.327
8800.0 1.327 1.151
8840.0 1.151 1.065
6510.0 1.065 1.077
4713.0 1.077 1.557
4222.0 1.557 1.869
5015.0 1.869 1.494
9415.0 1.494 1.232
12135.0 1.232 1.0
11607.0 1.0 1.0
7481.0 1.0 1.027
4830.0 1.027 1.486
4396.0 1.486 1.783
5094.0 1.783 1.42
8890.0 1.42 1.215
10176.0 1.215 1.061
9208.0 1.061 1.0
5722.0 1.0 1.041
4317.0 1.041 1.474
4780.0 1.474 1.769
7113.0 1.769 1.266
10919.0 1.266 1.019
11849.0 1.019 1.0
9293.0 1.0 1.0
4495.0 1.0 1.486
4351.0 1.486 1.783
5302.0 1.783 1.405
9518.0 1.405 1.174
11100.0 1.174 1.0
10146.0 1.0 1.0
6188.0 1.0 1.056
4176.0 1.056 1.504
4288.0 1.504 1.805
5559.0 1.805 1.403
9385.0 1.403 1.173
10283.0 1.173 1.026
8395.0 1.026 1.0
4278.0 1.0 1.443
4388.0 1.443 1.732
6262.0 1.732 1.298
9358.0 1.298 1.1
10034.0 1.1 1.0
8030.0 1.0 1.0
6135.0 1.0 1.015
4176.0 1.015 1.445
4394.0 1.445 1.734
6697.0 1.734 1.27
10481.0 1.27 1.031
11455.0 1.031 1.0
9089.0 1.0 1.0
4543.0 1.0 1.462
4268.0 1.462 1.754
5041.0 1.754 1.4
9437.0 1.4 1.153
10979.0 1.153 1.0
9011.0 1.0 1.0
4381.0 1.0 1.48
4393.0 1.48 1.776
5321.0 1.776 1.398
9331.0 1.398 1.181
10769.0 1.181 1.012
9649.0 1.012 1.0
5467.0 1.0 1.056
4293.0 1.056 1.484
5245.0 1.484 1.173
8038.0 1.173 1.037
11106.0 1.037 1.0
10272.0 1.0 1.0
6566.0 1.0 1.042
4306.0 1.042 1.491
4584.0 1.491 1.789
6057.0 1.789 1.355
10221.0 1.355 1.097
11447.0 1.097 1.0
9819.0 1.0 1.0
5441.0 1.0 1.082
4297.0 1.082 1.411
4776.0 1.411 1.693
6098.0 1.693 1.451
7880.0 1.451 1.32
7492.0 1.32 1.262
6034.0 1.262 1.276
5052.0 1.276 1.302
4267.0 1.302 1.694
4568.0 1.694 2.033
6553.0 2.033 1.5
10673.0 1.5 1.201
12177.0 1.201 1.0
10877.0 1.0 1.0
6415.0 1.0 1.06
4208.0 1.06 1.514
4482.0 1.514 1.817
6211.0 1.817 1.366
9177.0 1.366 1.17
9909.0 1.17 1.037
8317.0 1.037 1.001
4625.0 1.001 1.467
4375.0 1.467 1.761
5758.0 1.761 1.355
9520.0 1.355 1.124
10998.0 1.124 1.0
9568.0 1.0 1.0
5610.0 1.0 1.067
4196.0 1.067 1.508
5254.0 1.508 1.191
7884.0 1.191 1.057
11338.0 1.057 1.0
10648.0 1.0 1.0
6690.0 1.0 1.041
4375.0 1.041 1.519
4397.0 1.519 1.822
5722.0 1.822 1.405
10060.0 1.405 1.153
11730.0 1.153 1.0
10094.0 1.0 1.0
5632.0 1.0 1.08
4234.0 1.08 1.53
4605.0 1.53 1.835
7230.0 1.835 1.305
10290.0 1.305 1.081
10024.0 1.081 1.0
7158.0 1.0 1.014
4927.0 1.014 1.465
4198.0 1.465 1.906
4660.0 1.906 2.287
8562.0 2.287 1.742
10416.0 1.742 1.49
9141.0 1.49 1.405
6705.0 1.405 1.44
4243.0 1.44 1.896
4580.0 1.896 2.275
8690.0 2.275 1.719
10823.0 1.719 1.448
9854.0 1.448 1.333
7010.0 1.333 1.367
4176.0 1.367 1.957
4721.0 1.957 2.349
8103.0 2.349 1.829
10251.0 1.829 1.563
10176.0 1.563 1.405
8688.0 1.405 1.352
5734.0 1.352 1.424
4238.0 1.424 2.013
4552.0 2.013 2.416
6746.0 2.416 1.764
10002.0 1.764 1.458
10422.0 1.458 1.288
8328.0 1.288 1.258
4784.0 1.258 1.823
4184.0 1.823 2.375
4446.0 2.375 2.85
6490.0 2.85 2.11
9022.0 2.11 1.849
9697.0 1.849 1.658
8089.0 1.658 1.605
5713.0 1.605 1.649
4231.0 1.649 2.156
4402.0 2.156 2.587
8242.0 2.587 1.734
12055.0 1.734 1.35
12982.0 1.35 1.115
9421.0 1.115 1.094
4513.0 1.094 1.606
4245.0 1.606 2.091
4738.0 2.091 2.509
8754.0 2.509 1.893
12345.0 1.893 1.444
12900.0 1.444 1.193
9465.0 1.193 1.162
5135.0 1.162 1.272
4470.0 1.272 1.786
4568.0 1.786 2.143
6389.0 2.143 1.595
10517.0 1.595 1.292
12441.0 1.292 1.041
11631.0 1.041 1.0
7839.0 1.0 1.018
5272.0 1.018 1.085
4327.0 1.085 1.526
5364.0 1.526 1.199
8230.0 1.199 1.0
12618.0 1.0 1.0
11600.0 1.0 1.0
6886.0 1.0 1.057
4226.0 1.057 1.522
4464.0 1.522 1.826
5548.0 1.826 1.421
8896.0 1.421 1.213
9940.0 1.213 1.066
8526.0 1.066 1.022
4946.0 1.022 1.503
4241.0 1.503 1.803
4697.0 1.803 2.164
8935.0 2.164 1.39
10999.0 1.39 1.146
10441.0 1.146 1.032
7203.0 1.032 1.043
5066.0 1.043 1.097
4282.0 1.097 1.537
5328.0 1.537 1.21
7730.0 1.21 1.082
10314.0 1.082 1.0
9574.0 1.0 1.0
6036.0 1.0 1.051
4176.0 1.051 1.493
4379.0 1.493 1.792
6535.0 1.792 1.324
9961.0 1.324 1.099
11141.0 1.099 1.0
9295.0 1.0 1.0
5169.0 1.0 1.055
4334.0 1.055 1.374
5559.0 1.374 1.068
8314.0 1.068 1.0
10308.0 1.0 1.0
8282.0 1.0 1.0
6471.0 1.0 1.013
4240.0 1.013 1.47
4317.0 1.47 1.764
6130.0 1.764 1.331
9656.0 1.331 1.105
10406.0 1.105 1.0
8306.0 1.0 1.0
6327.0 1.0 1.014
4176.0 1.014 1.448
4585.0 1.448 1.738
6649.0 1.738 1.276
9361.0 1.276 1.088
9391.0 1.088 1.0
7221.0 1.0 1.0
5242.0 1.0 1.034
4176.0 1.034 1.463
5417.0 1.463 1.146
8043.0 1.146 1.0
9513.0 1.0 1.0
6479.0 1.0 1.02
4332.0 1.02 1.458
4384.0 1.458 1.75
5730.0 1.75 1.349
9850.0 1.349 1.11
11014.0 1.11 1.0
9064.0 1.0 1.0
4182.0 1.0 1.48
4604.0 1.48 1.776
6458.0 1.776 1.318
9212.0 1.318 1.135
9828.0 1.135 1.008
7708.0 1.008 1.0
5797.0 1.0 1.022
4176.0 1.022 1.448
4686.0 1.448 1.737
6915.0 1.737 1.257
10211.0 1.257 1.045
10795.0 1.045 1.0
7983.0 1.0 1.0
5836.0 1.0 1.029
4247.0 1.029 1.45
4581.0 1.45 1.74
6651.0 1.74 1.277
10465.0 1.277 1.041
10759.0 1.041 1.0
7293.0 1.0 1.023
4810.0 1.023 1.482
4302.0 1.482 1.946
4743.0 1.946 2.336
8411.0 2.336 1.791
10076.0 1.791 1.537
9029.0 1.537 1.446
6605.0 1.446 1.477
4258.0 1.477 2.103
4412.0 2.103 2.523
6374.0 2.523 1.88
9424.0 1.88 1.58
10813.0 1.58 1.352
9223.0 1.352 1.282
5799.0 1.282 1.339
4176.0 1.339 1.939
4218.0 1.939 2.327
4441.0 2.327 2.793
7263.0 2.793 1.981
9867.0 1.981 1.676
9594.0 1.676 1.539
7744.0 1.539 1.513
4660.0 1.513 2.183
4259.0 2.183 2.856
4741.0 2.856 3.427
7647.0 3.427 2.724
10895.0 2.724 2.217
10839.0 2.217 1.965
9240.0 1.965 1.871
5586.0 1.871 1.98
4303.0 1.98 2.786
5601.0 2.786 2.162
8441.0 2.162 1.887
9740.0 1.887 1.66
8405.0 1.66 1.593
5873.0 1.593 1.645
4186.0 1.645 2.152
4559.0 2.152 2.583
7967.0 2.583 2.019
11261.0 2.019 1.644
11057.0 1.644 1.441
7820.0 1.441 1.451
4580.0 1.451 2.098
4280.0 2.098 2.732
5974.0 2.732 2.079
8862.0 2.079 1.779
10197.0 1.779 1.557
8721.0 1.557 1.486
6355.0 1.486 1.511
4392.0 1.511 2.142
5040.0 2.142 1.711
8158.0 1.711 1.501
10042.0 1.501 1.267
9958.0 1.267 1.145
8050.0 1.145 1.121
4378.0 1.121 1.642
4416.0 1.642 1.971
5404.0 1.971 1.545
9850.0 1.545 1.256
11428.0 1.256 1.054
10908.0 1.054 1.0
7734.0 1.0 1.01
5167.0 1.01 1.058
4176.0 1.058 1.487
5054.0 1.487 1.186
7689.0 1.186 1.0
10919.0 1.0 1.0
10321.0 1.0 1.0
6363.0 1.0 1.052
4339.0 1.052 1.5
4479.0 1.5 1.801
6661.0 1.801 1.321
10213.0 1.321 1.087
11365.0 1.087 1.0
9257.0 1.0 1.0
4795.0 1.0 1.486
4601.0 1.486 1.784
6310.0 1.784 1.333
9186.0 1.333 1.141
9284.0 1.141 1.044
6828.0 1.044 1.058
4951.0 1.058 1.522
4623.0 1.522 1.982
5709.0 1.982 1.53
9367.0 1.53 1.298
10755.0 1.298 1.096
9495.0 1.096 1.023
6343.0 1.023 1.05
4216.0 1.05 1.523
4366.0 1.523 1.828
5777.0 1.828 1.405
9553.0 1.405 1.175
10971.0 1.175 1.0
9441.0 1.0 1.0
5483.0 1.0 1.07
4325.0 1.07 1.509
4749.0 1.509 1.811
7215.0 1.811 1.288
10485.0 1.288 1.059
10979.0 1.059 1.0
8545.0 1.0 1.0
4251.0 1.0 1.472
4400.0 1.472 1.767
5887.0 1.767 1.351
9429.0 1.351 1.133
10447.0 1.133 1.0
8641.0 1.0 1.0
4515.0 1.0 1.476
4338.0 1.476 1.772
5252.0 1.772 1.399
9408.0 1.399 1.17
11196.0 1.17 1.0
10022.0 1.0 1.0
6064.0 1.0 1.059
4267.0 1.059 1.505
4531.0 1.505 1.807
5808.0 1.807 1.387
9056.0 1.387 1.181
9306.0 1.181 1.07
7092.0 1.07 1.073
5249.0 1.073 1.124
4176.0 1.124 1.465
5567.0 1.465 1.138
8787.0 1.138 1.0
11669.0 1.0 1.0
10483.0 1.0 1.0
6189.0 1.0 1.061
4201.0 1.061 1.511
4551.0 1.511 1.813
6435.0 1.813 1.346
10303.0 1.346 1.092
11277.0 1.092 1.0
9243.0 1.0 1.0
4529.0 1.0 1.463
4347.0 1.463 1.755
6216.0 1.755 1.319
9778.0 1.319 1.097
11246.0 1.097 1.0
9368.0 1.0 1.0
5242.0 1.0 1.077
4354.0 1.077 1.512
5710.0 1.512 1.167
9824.0 1.167 1.0
11218.0 1.0 1.0
8268.0 1.0 1.0
6037.0 1.0 1.037
4176.0 1.037 1.471
4409.0 1.471 1.766
6060.0 1.766 1.338
9764.0 1.338 1.12
10658.0 1.12 1.0
9092.0 1.0 1.0
4882.0 1.0 1.485
4176.0 1.485 1.782
5143.0 1.782 1.416
9607.0 1.416 1.17
12035.0 1.17 1.0
10955.0 1.0 1.0
6913.0 1.0 1.032
4430.0 1.032 1.509
4306.0 1.509 1.811
5092.0 1.811 1.442
8782.0 1.442 1.238
9918.0 1.238 1.085
7942.0 1.085 1.063
4176.0 1.063 1.526
4296.0 1.526 1.831
6152.0 1.831 1.381
9694.0 1.381 1.151
10980.0 1.151 1.0
8982.0 1.0 1.0
4268.0 1.0 1.48
4710.0 1.48 1.776
6646.0 1.776 1.304
10070.0 1.304 1.08
11224.0 1.08 1.0
9446.0 1.0 1.0
5068.0 1.0 1.066
4241.0 1.066 1.387
5574.0 1.387 1.078
9060.0 1.078 1.0
11780.0 1.0 1.0
10342.0 1.0 1.0
6048.0 1.0 1.069
4176.0 1.069 1.509
4623.0 1.509 1.811
6753.0 1.811 1.322
10947.0 1.322 1.047
12191.0 1.047 1.0
10337.0 1.0 1.0
5455.0 1.0 1.083
4176.0 1.083 1.522
5052.0 1.522 1.214
7734.0 1.214 1.0
12302.0 1.0 1.0
11452.0 1.0 1.0
7326.0 1.0 1.025
4675.0 1.025 1.484
4220.0 1.484 1.78
5750.0 1.78 1.371
9196.0 1.371 1.16
9808.0 1.16 1.034
7596.0 1.034 1.026
5556.0 1.026 1.058
4256.0 1.058 1.488
4465.0 1.488 1.786
6769.0 1.786 1.302
10833.0 1.302 1.039
11719.0 1.039 1.0
9317.0 1.0 1.0
4603.0 1.0 1.488
4358.0 1.488 1.786
5906.0 1.786 1.364
10390.0 1.364 1.095
11948.0 1.095 1.0
9710.0 1.0 1.0
5164.0 1.0 1.088
4341.0 1.088 1.526
5419.0 1.526 1.195
8033.0 1.195 1.058
10617.0 1.058 1.0
9513.0 1.0 1.0
5639.0 1.0 1.045
4260.0 1.045 1.476
5187.0 1.476 1.169
7863.0 1.169 1.0
10721.0 1.0 1.0
10039.0 1.0 1.0
6165.0 1.0 1.056
4176.0 1.056 1.496
4553.0 1.496 1.795
6130.0 1.795 1.355
9654.0 1.355 1.137
9868.0 1.137 1.02
7186.0 1.02 1.033
5035.0 1.033 1.079
4176.0 1.079 1.515
5934.0 1.515 1.156
10410.0 1.156 1.0
11752.0 1.0 1.0
9222.0 1.0 1.0
4676.0 1.0 1.463
4474.0 1.463 1.756
5168.0 1.756 1.393
8734.0 1.393 1.188
9708.0 1.188 1.05
8342.0 1.05 1.01
4940.0 1.01 1.467
4235.0 1.467 1.76
5196.0 1.76 1.394
9962.0 1.394 1.121
12294.0 1.121 1.0
11078.0 1.0 1.0
6952.0 1.0 1.042
4301.0 1.042 1.525
4406.0 1.525 1.83
6173.0 1.83 1.378
10967.0 1.378 1.08
12481.0 1.08 1.0
10451.0 1.0 1.0
5485.0 1.0 1.067
4183.0 1.067 1.509
4773.0 1.509 1.811
7239.0 1.811 1.286
10173.0 1.286 1.066
10731.0 1.066 1.0
8493.0 1.0 1.0
4187.0 1.0 1.473
4268.0 1.473 1.768
6093.0 1.768 1.337
9723.0 1.337 1.116
11281.0 1.116 1.0
9499.0 1.0 1.0
5121.0 1.0 1.085
4275.0 1.085 1.521
5584.0 1.521 1.181
10100.0 1.181 1.0
11338.0 1.0 1.0
8724.0 1.0 1.0
4262.0 1.0 1.476
4294.0 1.476 1.772
5292.0 1.772 1.397
9028.0 1.397 1.179
10036.0 1.179 1.035
8054.0 1.035 1.014
6107.0 1.014 1.032
4224.0 1.032 1.489
4575.0 1.489 1.787
7133.0 1.787 1.277
10781.0 1.277 1.022
10821.0 1.022 1.0
7387.0 1.0 1.021
5156.0 1.021 1.082
4199.0 1.082 1.521
5812.0 1.521 1.167
10496.0 1.167 1.0
11310.0 1.0 1.0
8696.0 1.0 1.0
4194.0 1.0 1.473
4330.0 1.473 1.768
6156.0 1.768 1.332
9956.0 1.332 1.098
11304.0 1.098 1.0
9522.0 1.0 1.0
4976.0 1.0 1.488
4276.0 1.488 1.786
5655.0 1.786 1.382
8963.0 1.382 1.177
10261.0 1.177 1.024
8933.0 1.024 1.0
5285.0 1.0 1.067
4451.0 1.067 1.499
5856.0 1.499 1.148
9702.0 1.148 1.0
10940.0 1.0 1.0
8242.0 1.0 1.0
6095.0 1.0 1.021
4176.0 1.021 1.453
4298.0 1.453 1.744
5876.0 1.744 1.334
9290.0 1.334 1.126
10148.0 1.126 1.0
8244.0 1.0 1.0
6265.0 1.0 1.022
4237.0 1.022 1.483
4176.0 1.483 1.779
5534.0 1.779 1.385
9226.0 1.385 1.161
10554.0 1.161 1.0
9272.0 1.0 1.0
5146.0 1.0 1.058
4189.0 1.058 1.487
6359.0 1.487 1.109
9449.0 1.109 1.0
9167.0 1.0 1.0
6133.0 1.0 1.026
4176.0 1.026 1.456
4685.0 1.456 1.747
6696.0 1.747 1.279
9712.0 1.279 1.079
10030.0 1.079 1.0
7396.0 1.0 1.004
5333.0 1.004 1.037
4491.0 1.037 1.458
6008.0 1.458 1.108
8620.0 1.108 1.0
8408.0 1.0 1.0
7353.0 1.0 1.0
5710.0 1.0 1.019
4249.0 1.019 1.44
4466.0 1.44 1.728
7169.0 1.728 1.233
9909.0 1.233 1.042
9811.0 1.042 1.0
6947.0 1.0 1.017
4884.0 1.017 1.48
4211.0 1.48 1.776
5812.0 1.776 1.363
9070.0 1.363 1.176
9950.0 1.176 1.035
8012.0 1.035 1.012
6067.0 1.012 1.034
4245.0 1.034 1.473
4616.0 1.473 1.768
6694.0 1.768 1.294
9316.0 1.294 1.103
9536.0 1.103 1.0
7656.0 1.0 1.0
5677.0 1.0 1.023
4239.0 1.023 1.451
5259.0 1.451 1.146
7838.0 1.146 1.0
10734.0 1.0 1.0
9044.0 1.0 1.0
4750.0 1.0 1.481
4532.0 1.481 1.777
6051.0 1.777 1.347
9899.0 1.347 1.123
11131.0 1.123 1.0
9441.0 1.0 1.0
5063.0 1.0 1.064
4219.0 1.064 1.495
5595.0 1.495 1.16
8344.0 1.16 1.018
11338.0 1.018 1.0
10036.0 1.0 1.0
5994.0 1.0 1.061
4181.0 1.061 1.507
4882.0 1.507 1.809
6753.0 1.809 1.32
10515.0 1.32 1.074
11325.0 1.074 1.0
9197.0 1.0 1.0
4651.0 1.0 1.484
4272.0 1.484 1.781
5029.0 1.781 1.423
8897.0 1.423 1.059
10629.0 1.059 1.0
9543.0 1.0 1.0
5669.0 1.0 1.045
4176.0 1.045 1.366
4982.0 1.366 1.639
7868.0 1.639 1.29
10578.0 1.29 1.069
10416.0 1.069 1.0
7554.0 1.0 1.0
5491.0 1.0 1.052
4176.0 1.052 1.486
4873.0 1.486 1.783
7420.0 1.783 1.254
10964.0 1.254 1.012
11602.0 1.012 1.0
8942.0 1.0 1.0
4396.0 1.0 1.481
4325.0 1.481 1.777
5342.0 1.777 1.398
9698.0 1.398 1.147
11470.0 1.147 1.0
10184.0 1.0 1.0
6058.0 1.0 1.045
4249.0 1.045 1.478
4476.0 1.478 1.774
6406.0 1.774 1.319
10406.0 1.319 1.074
11460.0 1.074 1.0
9166.0 1.0 1.0
4704.0 1.0 1.483
4489.0 1.483 1.78
6353.0 1.78 1.327
8957.0 1.327 1.152
9755.0 1.152 1.023
8109.0 1.023 1.0
6572.0 1.0 1.0
4677.0 1.0 1.423
4935.0 1.423 1.707
7145.0 1.707 1.219
9933.0 1.219 1.016
9601.0 1.016 1.0
5909.0 1.0 1.043
4198.0 1.043 1.476
4731.0 1.476 1.771
7070.0 1.771 1.27
9962.0 1.27 1.079
9846.0 1.079 1.0
7292.0 1.0 1.007
5145.0 1.007 1.049
4286.0 1.049 1.476
6314.0 1.476 1.103
9564.0 1.103 1.0
9364.0 1.0 1.0
6414.0 1.0 1.019
4603.0 1.019 1.455
4683.0 1.455 1.746
6436.0 1.746 1.296
10198.0 1.296 1.063
11108.0 1.063 1.0
8912.0 1.0 1.0
4366.0 1.0 1.479
4626.0 1.479 1.774
6557.0 1.774 1.309
9467.0 1.309 1.113
10083.0 1.113 1.0
8007.0 1.0 1.0
6196.0 1.0 1.025
4210.0 1.025 1.46
4516.0 1.46 1.752
6541.0 1.752 1.293
9915.0 1.293 1.076
9871.0 1.076 1.0
6521.0 1.0 1.036
4290.0 1.036 1.483
4210.0 1.483 1.78
5748.0 1.78 1.371
9698.0 1.371 1.13
11234.0 1.13 1.0
9806.0 1.0 1.0
5680.0 1.0 1.059
4204.0 1.059 1.384
5063.0 1.384 1.104
7698.0 1.104 1.0
11548.0 1.0 1.0
10110.0 1.0 1.0
5900.0 1.0 1.069
4186.0 1.069 1.511
4533.0 1.511 1.813
6585.0 1.813 1.335
10537.0 1.335 1.077
11827.0 1.077 1.0
10001.0 1.0 1.0
5455.0 1.0 1.086
4176.0 1.086 1.535
4838.0 1.535 1.842
7064.0 1.842 1.322
10578.0 1.322 1.077
10732.0 1.077 1.0
7472.0 1.0 1.006
5073.0 1.006 1.056
4203.0 1.056 1.482
5783.0 1.482 1.139
9921.0 1.139 1.0
10795.0 1.0 1.0
8181.0 1.0 1.0
6118.0 1.0 1.02
4217.0 1.02 1.452
4598.0 1.452 1.742
7095.0 1.742 1.248
10417.0 1.248 1.04
11323.0 1.04 1.0
8861.0 1.0 1.0
4567.0 1.0 1.482
4198.0 1.482 1.928
5301.0 1.928 1.519
9559.0 1.519 1.262
11459.0 1.262 1.035
10587.0 1.035 1.0
7033.0 1.0 1.023
4550.0 1.023 1.475
4283.0 1.475 1.769
4770.0 1.769 2.123
6296.0 2.123 1.589
9428.0 1.589 1.34
10216.0 1.34 1.175
8356.0 1.175 1.139
5068.0 1.139 1.199
4302.0 1.199 1.683
5256.0 1.683 1.329
10086.0 1.329 1.087
11740.0 1.087 1.0
10134.0 1.0 1.0
5924.0 1.0 1.071
4201.0 1.071 1.515
4686.0 1.515 1.818
7090.0 1.818 1.302
10648.0 1.302 1.058
11452.0 1.058 1.0
9432.0 1.0 1.0
4886.0 1.0 1.471
4180.0 1.471 1.765
4993.0 1.765 2.118
8611.0 2.118 1.616
10255.0 1.616 1.372
9043.0 1.372 1.291
6561.0 1.291 1.308
4276.0 1.308 1.854
5366.0 1.854 1.456
9694.0 1.456 1.193
11700.0 1.193 1.0
10982.0 1.0 1.0
7360.0 1.0 1.02
4793.0 1.02 1.498
4261.0 1.498 1.798
4658.0 1.798 2.157
6511.0 2.157 1.595
9767.0 1.595 1.328
11105.0 1.328 1.126
10063.0 1.126 1.033
6987.0 1.033 1.056
4855.0 1.056 1.521
4219.0 1.521 1.98
4888.0 1.98 2.376
8788.0 2.376 1.793
11227.0 1.793 1.478
11371.0 1.478 1.285
9599.0 1.285 1.22
5861.0 1.22 1.3
4228.0 1.3 1.84
4263.0 1.84 2.208
5120.0 2.208 1.756
8724.0 1.756 1.51
10692.0 1.51 1.268
10672.0 1.268 1.121
8606.0 1.121 1.089
4796.0 1.089 1.61
4176.0 1.61 1.932
4480.0 1.932 2.318
8000.0 2.318 1.809
9923.0 1.809 1.567
8768.0 1.567 1.483
6552.0 1.483 1.512
4176.0 1.512 2.154
4368.0 2.154 2.585
7614.0 2.585 1.798
11001.0 1.798 1.456
11772.0 1.456 1.232
8979.0 1.232 1.204
5089.0 1.204 1.302
4254.0 1.302 1.832
4729.0 1.832 2.198
9115.0 2.198 1.633
11785.0 1.633 1.301
11137.0 1.301 1.156
8481.0 1.156 1.143
4193.0 1.143 1.662
4377.0 1.662 1.994
5258.0 1.994 1.575
9050.0 1.575 1.339
10754.0 1.339 1.137
10656.0 1.137 1.007
7720.0 1.007 1.006
5383.0 1.006 1.067
4250.0 1.067 1.505
4707.0 1.505 1.806
6905.0 1.806 1.307
9813.0 1.307 1.101
10327.0 1.101 1.0
8335.0 1.0 1.0
6356.0 1.0 1.013
4293.0 1.013 1.448
4254.0 1.448 1.738
6013.0 1.738 1.32
9311.0 1.32 1.113
10791.0 1.113 1.0
9141.0 1.0 1.0
5183.0 1.0 1.078
4212.0 1.078 1.404
5962.0 1.404 1.069
9353.0 1.069 1.0
12953.0 1.0 1.0
11011.0 1.0 1.0
6213.0 1.0 1.058
4176.0 1.058 1.506
4811.0 1.506 1.807
6928.0 1.807 1.306
9674.0 1.306 1.109
9170.0 1.109 1.025
6534.0 1.025 1.05
4511.0 1.05 1.502
4373.0 1.502 1.803
5554.0 1.803 1.402
9790.0 1.402 1.146
11602.0 1.146 1.0
10306.0 1.0 1.0
6348.0 1.0 1.053
4186.0 1.053 1.503
4719.0 1.503 1.803
6993.0 1.803 1.299
9383.0 1.299 1.12
8303.0 1.12 1.066
5741.0 1.066 1.106
4260.0 1.106 1.564
5195.0 1.564 1.239
7857.0 1.239 1.1
11523.0 1.1 1.0
10277.0 1.0 1.0
6067.0 1.0 1.049
4204.0 1.049 1.521
4854.0 1.521 1.826
7281.0 1.826 1.294
10459.0 1.294 1.067
10673.0 1.067 1.0
8441.0 1.0 1.0
6462.0 1.0 1.022
4190.0 1.022 1.481
4242.0 1.481 1.777
5931.0 1.777 1.356
9951.0 1.356 1.109
11517.0 1.109 1.0
10061.0 1.0 1.0
5683.0 1.0 1.073
4240.0 1.073 1.516
4982.0 1.516 1.819
7557.0 1.819 1.269
10953.0 1.269 1.036
11247.0 1.036 1.0
8375.0 1.0 1.0
5976.0 1.0 1.036
4224.0 1.036 1.464
4625.0 1.464 1.757
7003.0 1.757 1.265
10323.0 1.265 1.034
10319.0 1.034 1.0
7333.0 1.0 1.014
4934.0 1.014 1.467
4217.0 1.467 1.908
5347.0 1.908 1.5
10015.0 1.5 1.219
12021.0 1.219 1.0
11011.0 1.0 1.0
6717.0 1.0 1.055
4182.0 1.055 1.505
4298.0 1.505 1.805
5629.0 1.805 1.399
9711.0 1.399 1.148
10823.0 1.148 1.0
8363.0 1.0 1.0
6216.0 1.0 1.024
4176.0 1.024 1.488
4812.0 1.488 1.785
6946.0 1.785 1.289
10250.0 1.289 1.066
11090.0 1.066 1.0
8844.0 1.0 1.0
4466.0 1.0 1.478
4282.0 1.478 1.774
5446.0 1.774 1.388
9614.0 1.388 1.154
11298.0 1.154 1.0
10260.0 1.0 1.0
6218.0 1.0 1.057
4176.0 1.057 1.498
4290.0 1.498 1.797
6042.0 1.797 1.363
9914.0 1.363 1.119
11378.0 1.119 1.0
9884.0 1.0 1.0
5590.0 1.0 1.076
4191.0 1.076 1.406
4875.0 1.406 1.687
7686.0 1.687 1.339
11362.0 1.339 1.068
11514.0 1.068 1.0
8298.0 1.0 1.0
5647.0 1.0 1.058
4176.0 1.058 1.492
4780.0 1.492 1.791
7351.0 1.791 1.264
12449.0 1.264 1.0
13951.0 1.0 1.0
11169.0 1.0 1.0
5447.0 1.0 1.106
4217.0 1.106 1.56
4686.0 1.56 1.872
6494.0 1.872 1.385
8556.0 1.385 1.222
8626.0 1.222 1.134
6986.0 1.134 1.126
5582.0 1.126 1.154
4196.0 1.154 1.628
4888.0 1.628 1.954
6924.0 1.954 1.413
10794.0 1.413 1.133
11940.0 1.133 1.0
10128.0 1.0 1.0
5582.0 1.0 1.079
4314.0 1.079 1.522
4775.0 1.522 1.827
7458.0 1.827 1.282
11902.0 1.282 1.0
13084.0 1.0 1.0
10386.0 1.0 1.0
5252.0 1.0 1.098
4366.0 1.098 1.543
5180.0 1.543 1.224
7183.0 1.224 1.0
9001.0 1.0 1.0
6891.0 1.0 1.006
4828.0 1.006 1.445
4329.0 1.445 1.734
6211.0 1.734 1.303
10747.0 1.303 1.044
11977.0 1.044 1.0
9993.0 1.0 1.0
5195.0 1.0 1.094
4176.0 1.094 1.539
5564.0 1.539 1.197
11052.0 1.197 1.0
12054.0 1.0 1.0
9272.0 1.0 1.0
4222.0 1.0 1.486
4299.0 1.486 1.783
5249.0 1.783 1.408
8541.0 1.408 1.222
8979.0 1.222 1.112
6997.0 1.112 1.113
5284.0 1.113 1.146
4186.0 1.146 1.613
5403.0 1.613 1.265
10387.0 1.265 1.007
12485.0 1.007 1.0
10995.0 1.0 1.0
6197.0 1.0 1.073
4241.0 1.073 1.517
4589.0 1.517 1.821
5909.0 1.821 1.39
9397.0 1.39 1.17
9929.0 1.17 1.041
7581.0 1.041 1.036
5513.0 1.036 1.071
4219.0 1.071 1.397
5480.0 1.397 1.091
8422.0 1.091 1.0
11668.0 1.0 1.0
10398.0 1.0 1.0
6020.0 1.0 1.066
4289.0 1.066 1.515
4802.0 1.515 1.818
7121.0 1.818 1.3
10343.0 1.3 1.076
11039.0 1.076 1.0
8529.0 1.0 1.0
4176.0 1.0 1.442
5118.0 1.442 1.147
7829.0 1.147 1.02
10487.0 1.02 1.0
9805.0 1.0 1.0
6099.0 1.0 1.035
4354.0 1.035 1.47
4841.0 1.47 1.764
7410.0 1.764 1.241
11188.0 1.241 1.0
12190.0 1.0 1.0
9660.0 1.0 1.0
4946.0 1.0 1.471
4305.0 1.471 1.913
4780.0 1.913 2.296
9136.0 2.296 1.703
11032.0 1.703 1.431
10684.0 1.431 1.279
8618.0 1.279 1.247
5066.0 1.247 1.315
4261.0 1.315 1.851
4709.0 1.851 2.221
9187.0 2.221 1.636
11131.0 1.636 1.375
9250.0 1.375 1.31
6030.0 1.31 1.356
4235.0 1.356 1.938
4188.0 1.938 2.326
4702.0 2.326 2.791
8276.0 2.791 2.15
11462.0 2.15 1.71
12443.0 1.71 1.415
10556.0 1.415 1.311
7270.0 1.311 1.338
4252.0 1.338 1.925
4392.0 1.925 2.311
7798.0 2.311 1.59
10690.0 1.59 1.323
10879.0 1.323 1.166
8355.0 1.166 1.151
4371.0 1.151 1.698
4229.0 1.698 2.038
4801.0 2.038 2.446
8691.0 2.446 1.849
11097.0 1.849 1.527
10413.0 1.527 1.389
8171.0 1.389 1.376
4491.0 1.376 1.991
4295.0 1.991 2.593
5640.0 2.593 2.008
8448.0 2.008 1.752
9687.0 1.752 1.547
8493.0 1.547 1.474
5973.0 1.474 1.511
4188.0 1.511 2.138
4351.0 2.138 2.566
7707.0 2.566 1.775
10935.0 1.775 1.452
11778.0 1.452 1.229
8523.0 1.229 1.222
4521.0 1.222 1.802
4176.0 1.802 2.355
4577.0 2.355 2.826
6895.0 2.826 2.047
9688.0 2.047 1.732
9739.0 1.732 1.565
7879.0 1.565 1.532
5397.0 1.532 1.592
4229.0 1.592 2.281
4293.0 2.281 2.737
6377.0 2.737 2.039
10307.0 2.039 1.653
11990.0 1.653 1.363
10691.0 1.363 1.246
7619.0 1.246 1.265
4259.0 1.265 1.804
4329.0 1.804 2.164
5610.0 2.164 1.679
8808.0 1.679 1.265
10672.0 1.265 1.074
10340.0 1.074 1.0
7546.0 1.0 1.001
5231.0 1.001 1.056
4290.0 1.056 1.483
5418.0 1.483 1.162
8712.0 1.162 1.0
12064.0 1.0 1.0
10962.0 1.0 1.0
6668.0 1.0 1.051
4210.0 1.051 1.506
4204.0 1.506 1.807
5650.0 1.807 1.399
10076.0 1.399 1.131
12024.0 1.131 1.0
10862.0 1.0 1.0
6652.0 1.0 1.052
4250.0 1.052 1.508
4462.0 1.508 1.81
6002.0 1.81 1.376
9856.0 1.376 1.133
11014.0 1.133 1.0
9126.0 1.0 1.0
4748.0 1.0 1.483
4512.0 1.483 1.779
5787.0 1.779 1.368
9985.0 1.368 1.129
11407.0 1.129 1.0
10139.0 1.0 1.0
5929.0 1.0 1.056
4255.0 1.056 1.383
5168.0 1.383 1.097
8046.0 1.097 1.0
11792.0 1.0 1.0
10018.0 1.0 1.0
5724.0 1.0 1.051
4272.0 1.051 1.487
5581.0 1.487 1.155
8300.0 1.155 1.01
11396.0 1.01 1.0
10540.0 1.0 1.0
6414.0 1.0 1.056
4215.0 1.056 1.508
4791.0 1.508 1.81
7171.0 1.81 1.291
11025.0 1.291 1.03
12301.0 1.03 1.0
10015.0 1.0 1.0
5133.0 1.0 1.097
4258.0 1.097 1.542
5804.0 1.542 1.184
9886.0 1.184 1.0
9984.0 1.0 1.0
6782.0 1.0 1.029
4551.0 1.029 1.497
4285.0 1.497 1.797
5279.0 1.797 1.417
10157.0 1.417 1.132
12181.0 1.132 1.0
11195.0 1.0 1.0
7321.0 1.0 1.031
4754.0 1.031 1.491
4282.0 1.491 1.789
4663.0 1.789 2.146
6241.0 2.146 1.611
9039.0 1.611 1.379
9553.0 1.379 1.231
8049.0 1.231 1.193
5243.0 1.193 1.256
4244.0 1.256 1.636
5754.0 1.636 1.259
10546.0 1.259 1.002
12416.0 1.002 1.0
10250.0 1.0 1.0
5116.0 1.0 1.077
4231.0 1.077 1.512
5618.0 1.512 1.172
9058.0 1.172 1.0
9174.0 1.0 1.0
6140.0 1.0 1.024
4257.0 1.024 1.456
4544.0 1.456 1.748
6136.0 1.748 1.319
10834.0 1.319 1.046
12050.0 1.046 1.0
9338.0 1.0 1.0
4311.0 1.0 1.457
4176.0 1.457 1.749
5771.0 1.749 1.345
9297.0 1.345 1.142
9841.0 1.142 1.02
7903.0 1.02 1.002
5921.0 1.002 1.025
4226.0 1.025 1.454
4825.0 1.454 1.745
7163.0 1.745 1.245
10585.0 1.245 1.017
11293.0 1.017 1.0
8365.0 1.0 1.0
6218.0 1.0 1.037
4235.0 1.037 1.477
4603.0 1.477 1.772
7031.0 1.772 1.274
11273.0 1.274 1.011
12121.0 1.011 1.0
9347.0 1.0 1.0
4381.0 1.0 1.461
4248.0 1.461 1.754
5607.0 1.754 1.36
9749.0 1.36 1.126
10769.0 1.126 1.0
8703.0 1.0 1.0
4325.0 1.0 1.459
4265.0 1.459 1.751
5951.0 1.751 1.334
10329.0 1.334 1.073
11523.0 1.073 1.0
9131.0 1.0 1.0
4417.0 1.0 1.483
4253.0 1.483 1.78
6202.0 1.78 1.338
9562.0 1.338 1.125
10296.0 1.125 1.0
8296.0 1.0 1.0
6317.0 1.0 1.013
4293.0 1.013 1.444
4798.0 1.444 1.733
7266.0 1.733 1.23
11464.0 1.23 1.0
12508.0 1.0 1.0
9642.0 1.0 1.0
4592.0 1.0 1.493
4255.0 1.493 1.792
4982.0 1.792 2.15
8826.0 2.15 1.391
9810.0 1.391 1.227
8670.0 1.227 1.167
5570.0 1.167 1.212
4176.0 1.212 1.582
4760.0 1.582 1.899
7149.0 1.899 1.356
10767.0 1.356 1.095
11829.0 1.095 1.0
10091.0 1.0 1.0
5629.0 1.0 1.07
4231.0 1.07 1.505
4487.0 1.505 1.806
6854.0 1.806 1.311
10014.0 1.311 1.085
9808.0 1.085 1.0
6420.0 1.0 1.039
4393.0 1.039 1.502
4197.0 1.502 1.802
5712.0 1.802 1.39
9274.0 1.39 1.167
10310.0 1.167 1.006
8510.0 1.006 1.0
4406.0 1.0 1.47
4397.0 1.47 1.765
6296.0 1.765 1.32
10162.0 1.32 1.08
10972.0 1.08 1.0
8516.0 1.0 1.0
4244.0 1.0 1.47
4480.0 1.47 1.764
6544.0 1.764 1.302
10404.0 1.302 1.058
10784.0 1.058 1.0
7660.0 1.0 1.005
5177.0 1.005 1.054
4232.0 1.054 1.372
5846.0 1.372 1.051
8927.0 1.051 1.0
11665.0 1.0 1.0
9807.0 1.0 1.0
5429.0 1.0 1.079
4259.0 1.079 1.535
4673.0 1.535 1.843
6899.0 1.843 1.334
10245.0 1.334 1.107
10013.0 1.107 1.0
6847.0 1.0 1.029
4535.0 1.029 1.487
4274.0 1.487 1.785
5423.0 1.785 1.398
9061.0 1.398 1.195
10161.0 1.195 1.05
8203.0 1.05 1.021
4537.0 1.021 1.481
4284.0 1.481 1.777
5551.0 1.777 1.382
9987.0 1.382 1.129
11709.0 1.129 1.0
10431.0 1.0 1.0
6305.0 1.0 1.048
4176.0 1.048 1.488
4471.0 1.488 1.786
5852.0 1.786 1.368
9330.0 1.368 1.16
10252.0 1.16 1.016
8706.0 1.016 1.0
4674.0 1.0 1.474
4723.0 1.474 1.769
6637.0 1.769 1.299
9351.0 1.299 1.113
9537.0 1.113 1.006
7207.0 1.006 1.009
5030.0 1.009 1.052
4243.0 1.052 1.476
4938.0 1.476 1.771
7782.0 1.771 1.22
10926.0 1.22 1.0
11688.0 1.0 1.0
8822.0 1.0 1.0
4338.0 1.0 1.454
4447.0 1.454 1.745
5609.0 1.745 1.353
9281.0 1.353 1.15
10319.0 1.15 1.004
8811.0 1.004 1.0
4671.0 1.0 1.476
4258.0 1.476 1.771
5287.0 1.771 1.397
10029.0 1.397 1.121
12463.0 1.121 1.0
11245.0 1.0 1.0
7035.0 1.0 1.045
4384.0 1.045 1.531
4585.0 1.531 1.837
6459.0 1.837 1.362
9527.0 1.362 1.151
10651.0 1.151 1.0
8913.0 1.0 1.0
4871.0 1.0 1.479
4320.0 1.479 1.775
5582.0 1.775 1.379
10262.0 1.379 1.103
12290.0 1.103 1.0
11080.0 1.0 1.0
6786.0 1.0 1.051
4219.0 1.051 1.51
4351.0 1.51 1.811
5727.0 1.811 1.396
10681.0 1.396 1.1
13199.0 1.1 1.0
12125.0 1.0 1.0
7663.0 1.0 1.036
4844.0 1.036 1.507
4426.0 1.507 1.808
5119.0 1.808 1.438
9635.0 1.438 1.029
12501.0 1.029 1.0
11203.0 1.0 1.0
6741.0 1.0 1.056
4176.0 1.056 1.513
4199.0 1.513 1.815
5755.0 1.815 1.397
9301.0 1.397 1.175
10735.0 1.175 1.005
9373.0 1.005 1.0
5325.0 1.0 1.074
4247.0 1.074 1.509
5619.0 1.509 1.17
10723.0 1.17 1.0
12245.0 1.0 1.0
9967.0 1.0 1.0
5169.0 1.0 1.07
4237.0 1.07 1.509
6016.0 1.509 1.146
11286.0 1.146 1.0
12000.0 1.0 1.0
8966.0 1.0 1.0
4285.0 1.0 1.479
4437.0 1.479 1.775
5866.0 1.775 1.358
9452.0 1.358 1.136
10624.0 1.136 1.0
9020.0 1.0 1.0
4894.0 1.0 1.48
4638.0 1.48 1.775
5901.0 1.775 1.356
10329.0 1.356 1.089
11565.0 1.089 1.0
9663.0 1.0 1.0
5201.0 1.0 1.086
4479.0 1.086 1.525
5855.0 1.525 1.168
9561.0 1.168 1.0
10215.0 1.0 1.0
7853.0 1.0 1.0
5874.0 1.0 1.022
4194.0 1.022 1.442
4809.0 1.442 1.731
7100.0 1.731 1.239
9686.0 1.239 1.058
9576.0 1.058 1.0
6454.0 1.0 1.018
4559.0 1.018 1.454
4461.0 1.454 1.745
5875.0 1.745 1.335
9969.0 1.335 1.095
10583.0 1.095 1.0
7333.0 1.0 1.017
4682.0 1.017 1.472
4373.0 1.472 1.767
5692.0 1.767 1.365
10326.0 1.365 1.09
12058.0 1.09 1.0
9748.0 1.0 1.0
5034.0 1.0 1.096
4313.0 1.096 1.54
5338.0 1.54 1.211
8253.0 1.211 1.061
10349.0 1.061 1.0
9035.0 1.0 1.0
5077.0 1.0 1.058
4282.0 1.058 1.376
5520.0 1.376 1.072
8202.0 1.072 1.0
10508.0 1.0 1.0
7474.0 1.0 1.013
5075.0 1.013 1.057
4176.0 1.057 1.484
5398.0 1.484 1.163
8020.0 1.163 1.0
10296.0 1.0 1.0
8774.0 1.0 1.0
4900.0 1.0 1.457
4235.0 1.457 1.749
5494.0 1.749 1.364
9188.0 1.364 1.162
9908.0 1.162 1.034
7380.0 1.034 1.03
5341.0 1.03 1.086
4315.0 1.086 1.529
4987.0 1.529 1.835
7190.0 1.835 1.307
10246.0 1.307 1.087
11012.0 1.087 1.0
8736.0 1.0 1.0
4274.0 1.0 1.448
4178.0 1.448 1.738
5569.0 1.738 1.351
9623.0 1.351 1.119
10471.0 1.119 1.0
8137.0 1.0 1.0
5990.0 1.0 1.033
4374.0 1.033 1.466
4938.0 1.466 1.759
7157.0 1.759 1.256
9231.0 1.256 1.102
9217.0 1.102 1.01
6739.0 1.01 1.018
4924.0 1.018 1.467
4237.0 1.467 1.76
5367.0 1.76 1.383
10135.0 1.383 1.112
12279.0 1.112 1.0
11029.0 1.0 1.0
6903.0 1.0 1.043
4293.0 1.043 1.5
4321.0 1.5 1.8
5327.0 1.8 1.417
9299.0 1.417 1.18
10899.0 1.18 1.002
8757.0 1.002 1.0
4188.0 1.0 1.449
4347.0 1.449 1.739
6329.0 1.739 1.299
10053.0 1.299 1.072
10903.0 1.072 1.0
8577.0 1.0 1.0
4185.0 1.0 1.472
4384.0 1.472 1.767
5618.0 1.767 1.37
9662.0 1.37 1.141
11102.0 1.141 1.0
9734.0 1.0 1.0
5608.0 1.0 1.072
4234.0 1.072 1.515
4518.0 1.515 1.818
6420.0 1.818 1.351
9394.0 1.351 1.151
10166.0 1.151 1.013
8336.0 1.013 1.0
6467.0 1.0 1.015
4404.0 1.015 1.471
4264.0 1.471 1.765
5998.0 1.765 1.342
10372.0 1.342 1.092
12314.0 1.092 1.0
10872.0 1.0 1.0
6494.0 1.0 1.047
4176.0 1.047 1.487
4249.0 1.487 1.784
6043.0 1.784 1.353
9761.0 1.353 1.13
11215.0 1.13 1.0
9781.0 1.0 1.0
5823.0 1.0 1.045
4184.0 1.045 1.481
5069.0 1.481 1.18
7344.0 1.18 1.0
10504.0 1.0 1.0
8982.0 1.0 1.0
5024.0 1.0 1.057
4230.0 1.057 1.481
5456.0 1.481 1.158
7902.0 1.158 1.031
10450.0 1.031 1.0
8428.0 1.0 1.0
6281.0 1.0 1.017
4412.0 1.017 1.47
4750.0 1.47 1.764
6900.0 1.764 1.277
10596.0 1.277 1.039
11314.0 1.039 1.0
8912.0 1.0 1.0
4366.0 1.0 1.458
4306.0 1.458 1.749
5819.0 1.749 1.342
10189.0 1.342 1.084
11713.0 1.084 1.0
9901.0 1.0 1.0
5187.0 1.0 1.09
4312.0 1.09 1.53
6153.0 1.53 1.154
9225.0 1.154 1.0
9701.0 1.0 1.0
6835.0 1.0 1.021
4772.0 1.021 1.468
4283.0 1.468 1.761
5164.0 1.761 1.398
9852.0 1.398 1.136
11204.0 1.136 1.0
8766.0 1.0 1.0
4242.0 1.0 1.467
4290.0 1.467 1.761
5757.0 1.761 1.355
9351.0 1.355 1.135
9907.0 1.135 1.008
7199.0 1.008 1.019
5034.0 1.019 1.062
4340.0 1.062 1.381
6300.0 1.381 1.033
10952.0 1.033 1.0
11400.0 1.0 1.0
8198.0 1.0 1.0
5799.0 1.0 1.052
4202.0 1.052 1.49
4834.0 1.49 1.787
7227.0 1.787 1.271
10711.0 1.271 1.034
11275.0 1.034 1.0
8621.0 1.0 1.0
4176.0 1.0 1.476
4244.0 1.476 1.772
5410.0 1.772 1.388
9062.0 1.388 1.172
10500.0 1.172 1.01
9352.0 1.01 1.0
5398.0 1.0 1.053
4216.0 1.053 1.485
5347.0 1.485 1.168
8144.0 1.168 1.0
11988.0 1.0 1.0
10970.0 1.0 1.0
6844.0 1.0 1.046
4361.0 1.046 1.507
4320.0 1.507 1.808
5349.0 1.808 1.421
9529.0 1.421 1.184
10913.0 1.184 1.009
9165.0 1.009 1.0
4593.0 1.0 1.462
4422.0 1.462 1.755
5701.0 1.755 1.354
10017.0 1.354 1.102
11571.0 1.102 1.0
10107.0 1.0 1.0
5729.0 1.0 1.073
4229.0 1.073 1.403
4943.0 1.403 1.683
7741.0 1.683 1.331
10809.0 1.331 1.092
11223.0 1.092 1.0
8769.0 1.0 1.0
4409.0 1.0 1.475
5412.0 1.475 1.156
8000.0 1.156 1.026
11356.0 1.026 1.0
10594.0 1.0 1.0
6552.0 1.0 1.049
4350.0 1.049 1.501
4475.0 1.501 1.801
6156.0 1.801 1.358
9714.0 1.358 1.131
11048.0 1.131 1.0
9472.0 1.0 1.0
5262.0 1.0 1.079
4415.0 1.079 1.405
5552.0 1.405 1.093
8444.0 1.093 1.0
10964.0 1.0 1.0
8266.0 1.0 1.0
5867.0 1.0 1.033
4205.0 1.033 1.456
4588.0 1.456 1.747
6851.0 1.747 1.269
9951.0 1.269 1.076
9653.0 1.076 1.0
6635.0 1.0 1.019
4404.0 1.019 1.46
4315.0 1.46 1.752
5164.0 1.752 1.39
9296.0 1.39 1.166
10916.0 1.166 1.0
9358.0 1.0 1.0
5400.0 1.0 1.054
4223.0 1.054 1.482
4526.0 1.482 1.779
6555.0 1.779 1.312
10077.0 1.312 1.085
10895.0 1.085 1.0
9011.0 1.0 1.0
4717.0 1.0 1.479
4397.0 1.479 1.775
5406.0 1.775 1.391
10084.0 1.391 1.119
11966.0 1.119 1.0
10558.0 1.0 1.0
6096.0 1.0 1.067
4236.0 1.067 1.517
5067.0 1.517 1.21
7480.0 1.21 1.0
9812.0 1.0 1.0
8122.0 1.0 1.0
6143.0 1.0 1.03
4176.0 1.03 1.472
5105.0 1.472 1.171
7682.0 1.171 1.048
10312.0 1.048 1.0
9388.0 1.0 1.0
5598.0 1.0 1.064
4229.0 1.064 1.513
4903.0 1.513 1.816
7218.0 1.816 1.292
10348.0 1.292 1.068
10542.0 1.068 1.0
7834.0 1.0 1.0
5603.0 1.0 1.033
4290.0 1.033 1.459
5392.0 1.459 1.145
8087.0 1.145 1.012
10629.0 1.012 1.0
9137.0 1.0 1.0
5095.0 1.0 1.078
4415.0 1.078 1.511
5653.0 1.511 1.169
9423.0 1.169 1.0
10347.0 1.0 1.0
7733.0 1.0 1.0
5502.0 1.0 1.036
4176.0 1.036 1.474
4557.0 1.474 1.769
6976.0 1.769 1.276
9608.0 1.276 1.087
9550.0 1.087 1.0
7106.0 1.0 1.003
5043.0 1.003 1.056
4176.0 1.056 1.487
5348.0 1.487 1.169
7815.0 1.169 1.0
10413.0 1.0 1.0
8723.0 1.0 1.0
4513.0 1.0 1.476
4412.0 1.476 1.771
6332.0 1.771 1.322
9056.0 1.322 1.142
9298.0 1.142 1.042
6940.0 1.042 1.04
5049.0 1.04 1.086
4447.0 1.086 1.412
6329.0 1.412 1.055
9153.0 1.055 1.0
6913.0 1.0 1.004
5186.0 1.004 1.048
4272.0 1.048 1.474
4923.0 1.474 1.769
7090.0 1.769 1.268
9890.0 1.268 1.08
9918.0 1.08 1.0
7470.0 1.0 1.0
5239.0 1.0 1.041
4176.0 1.041 1.356
5469.0 1.356 1.06
8228.0 1.06 1.0
10846.0 1.0 1.0
9240.0 1.0 1.0
4778.0 1.0 1.464
4388.0 1.464 1.757
6093.0 1.757 1.328
9327.0 1.328 1.136
10301.0 1.136 1.0
8287.0 1.0 1.0
6308.0 1.0 1.013
4245.0 1.013 1.446
4421.0 1.446 1.735
6307.0 1.735 1.297
9759.0 1.297 1.081
10345.0 1.081 1.0
7985.0 1.0 1.0
6006.0 1.0 1.021
4177.0 1.021 1.451
4966.0 1.451 1.742
7462.0 1.742 1.222
9354.0 1.222 1.075
8882.0 1.075 1.001
6184.0 1.001 1.02
4210.0 1.02 1.454
4238.0 1.454 1.745
6240.0 1.745 1.309
8988.0 1.309 1.131
9188.0 1.131 1.031
6938.0 1.031 1.037
5041.0 1.037 1.075
4346.0 1.075 1.398
6314.0 1.398 1.045
9094.0 1.045 1.0
8210.0 1.0 1.0
6651.0 1.0 1.005
4756.0 1.005 1.44
4304.0 1.44 1.728
6083.0 1.728 1.308
8909.0 1.308 1.127
8843.0 1.127 1.041
6453.0 1.041 1.061
4724.0 1.061 1.512
4528.0 1.512 1.966
6166.0 1.966 1.481
8746.0 1.481 1.28
8934.0 1.28 1.164
7154.0 1.164 1.155
5774.0 1.155 1.175
4257.0 1.175 1.679
4516.0 1.679 2.014
5952.0 2.014 1.535
8906.0 1.535 1.317
9742.0 1.317 1.158
8426.0 1.158 1.107
5256.0 1.107 1.154
4176.0 1.154 1.623
4618.0 1.623 1.948
6302.0 1.948 1.457
9304.0 1.457 1.235
9972.0 1.235 1.096
8308.0 1.096 1.061
4238.0 1.061 1.535
4194.0 1.535 1.842
5694.0 1.842 1.422
8952.0 1.422 1.222
9252.0 1.222 1.105
7104.0 1.105 1.106
5426.0 1.106 1.134
4363.0 1.134 1.479
5531.0 1.479 1.151
8050.0 1.151 1.021
10766.0 1.021 1.0
9166.0 1.0 1.0
5040.0 1.0 1.061
4210.0 1.061 1.486
5343.0 1.486 1.168
7637.0 1.168 1.0
10057.0 1.0 1.0
7779.0 1.0 1.0
5464.0 1.0 1.037
4323.0 1.037 1.353
5376.0 1.353 1.062
8541.0 1.062 1.0
11029.0 1.0 1.0
9675.0 1.0 1.0
5297.0 1.0 1.059
4176.0 1.059 1.495
5065.0 1.495 1.192
7311.0 1.192 1.0
10613.0 1.0 1.0
9511.0 1.0 1.0
5469.0 1.0 1.061
4176.0 1.061 1.496
4984.0 1.496 1.795
7570.0 1.795 1.252
10256.0 1.252 1.055
10704.0 1.055 1.0
7876.0 1.0 1.0
5561.0 1.0 1.055
4201.0 1.055 1.483
4367.0 1.483 1.78
6233.0 1.78 1.336
9763.0 1.336 1.118
10729.0 1.118 1.0
8643.0 1.0 1.0
4433.0 1.0 1.461
4269.0 1.461 1.753
6046.0 1.753 1.329
9680.0 1.329 1.095
10742.0 1.095 1.0
8928.0 1.0 1.0
4634.0 1.0 1.466
4332.0 1.466 1.759
6130.0 1.759 1.328
9210.0 1.328 1.125
10010.0 1.125 1.0
7932.0 1.0 1.0
6121.0 1.0 1.016
4176.0 1.016 1.44
4395.0 1.44 1.727
6255.0 1.727 1.295
9831.0 1.295 1.09
10731.0 1.09 1.0
8585.0 1.0 1.0
4207.0 1.0 1.473
4389.0 1.473 1.768
5543.0 1.768 1.376
9427.0 1.376 1.157
10083.0 1.157 1.024
7751.0 1.024 1.016
5549.0 1.016 1.052
4176.0 1.052 1.486
5220.0 1.486 1.176
7937.0 1.176 1.0
11127.0 1.0 1.0
9857.0 1.0 1.0
5815.0 1.0 1.064
4178.0 1.064 1.506
4664.0 1.506 1.807
7033.0 1.807 1.298
10451.0 1.298 1.063
11299.0 1.063 1.0
8845.0 1.0 1.0
4299.0 1.0 1.459
4238.0 1.459 1.751
5084.0 1.751 1.395
8790.0 1.395 1.195
10116.0 1.195 1.042
8916.0 1.042 1.0
5222.0 1.0 1.07
4304.0 1.07 1.504
5214.0 1.504 1.19
7662.0 1.19 1.0
10690.0 1.0 1.0
9672.0 1.0 1.0
5546.0 1.0 1.071
4436.0 1.071 1.51
5870.0 1.51 1.156
9972.0 1.156 1.0
10054.0 1.0 1.0
6264.0 1.0 1.046
4315.0 1.046 1.507
4243.0 1.507 1.808
6449.0 1.808 1.342
9033.0 1.342 1.153
10133.0 1.153 1.019
8417.0 1.019 1.0
4599.0 1.0 1.471
4378.0 1.471 1.765
5858.0 1.765 1.351
9640.0 1.351 1.137
10996.0 1.137 1.0
9582.0 1.0 1.0
4176.0 1.0 1.492
4233.0 1.492 1.791
4189.0 1.791 2.149
4176.0 2.149 2.579
4283.0 2.579 3.095
4233.0 3.095 3.714
4645.0 3.714 4.456
6559.0 4.456 3.287
8639.0 3.287 2.907
8527.0 2.907 2.708
7537.0 2.708 2.625
5992.0 2.625 2.667
4596.0 2.667 3.803
4436.0 3.803 4.564
5454.0 4.564 3.568
8637.0 3.568 3.075
11349.0 3.075 2.505
11978.0 2.505 2.13
9662.0 2.13 2.03
6332.0 2.03 2.109
4219.0 2.109 2.998
4263.0 2.998 3.597
5431.0 3.597 2.816
7879.0 2.816 2.518
9043.0 2.518 2.244
8473.0 2.244 2.109
6586.0 2.109 2.125
4960.0 2.125 3.044
4240.0 3.044 3.653
4738.0 3.653 4.383
7378.0 4.383 3.538
10674.0 3.538 2.901
11759.0 2.901 2.433
10303.0 2.433 2.249
7699.0 2.249 2.254
4240.0 2.254 3.277
4176.0 3.277 3.933
5406.0 3.933 3.083
7533.0 3.083 2.474
8805.0 2.474 2.227
8223.0 2.227 2.106
6840.0 2.106 2.09
5286.0 2.09 2.149
4266.0 2.149 3.015
5548.0 3.015 2.346
8514.0 2.346 1.795
11994.0 1.795 1.413
12573.0 1.413 1.18
8922.0 1.18 1.174
4262.0 1.174 1.712
4189.0 1.712 2.054
4366.0 2.054 2.465
7230.0 2.465 2.001
9972.0 2.001 1.71
9909.0 1.71 1.546
7524.0 1.546 1.537
4910.0 1.537 2.23
4237.0 2.23 2.907
4579.0 2.907 3.488
6747.0 3.488 2.547
9480.0 2.547 2.162
10617.0 2.162 1.865
10236.0 1.865 1.682
7566.0 1.682 1.684
4998.0 1.684 2.437
4177.0 2.437 3.19
4551.0 3.19 3.828
6395.0 3.828 2.849
9605.0 2.849 2.388
10849.0 2.388 2.043
8713.0 2.043 1.984
5632.0 1.984 2.064
4255.0 2.064 2.696
5038.0 2.696 2.153
7424.0 2.153 1.73
8818.0 1.73 1.548
9132.0 1.548 1.412
8046.0 1.412 1.358
5828.0 1.358 1.402
4396.0 1.402 2.007
4319.0 2.007 2.61
6147.0 2.61 1.968
9167.0 1.968 1.666
10658.0 1.666 1.438
8804.0 1.438 1.388
5458.0 1.388 1.468
4176.0 1.468 2.072
4443.0 2.072 2.486
6873.0 2.486 1.803
10119.0 1.803 1.519
10257.0 1.519 1.356
8375.0 1.356 1.315
5235.0 1.315 1.391
4199.0 1.391 1.955
4498.0 1.955 2.345
7110.0 2.345 1.678
10072.0 1.678 1.407
10429.0 1.407 1.247
7745.0 1.247 1.24
4176.0 1.24 1.777
4338.0 1.777 2.132
5379.0 2.132 1.673
8627.0 1.673 1.45
10123.0 1.45 1.254
9139.0 1.254 1.178
5999.0 1.178 1.217
4298.0 1.217 1.744
4228.0 1.744 2.093
5433.0 2.093 1.638
8953.0 1.638 1.398
10737.0 1.398 1.18
10493.0 1.18 1.054
7599.0 1.054 1.064
5465.0 1.064 1.12
4229.0 1.12 1.592
4617.0 1.592 1.91
6113.0 1.91 1.443
9447.0 1.443 1.211
9665.0 1.211 1.094
6639.0 1.094 1.121
4379.0 1.121 1.61
4388.0 1.61 1.932
5693.0 1.932 1.492
7113.0 1.492 1.381
6121.0 1.381 1.379
4304.0 1.379 1.959
4779.0 1.959 2.351
7411.0 2.351 1.654
8728.0 1.654 1.489
7836.0 1.489 1.431
5562.0 1.431 1.47
4364.0 1.47 2.097
4260.0 2.097 2.516
5946.0 2.516 1.918
7968.0 1.918 1.725
8230.0 1.725 1.605
7510.0 1.605 1.553
5806.0 1.553 1.59
4216.0 1.59 2.239
4567.0 2.239 2.687
6851.0 2.687 1.951
8762.0 1.951 1.729
8204.0 1.729 1.638
6412.0 1.638 1.645
4246.0 1.645 2.342
4443.0 2.342 2.81
5713.0 2.81 2.168
8103.0 2.168 1.918
8595.0 1.918 1.767
7683.0 1.767 1.709
6015.0 1.709 1.73
4345.0 1.73 2.452
4338.0 2.452 3.206
5932.0 3.206 2.445
8191.0 2.445 2.176
8581.0 2.176 2.0
7519.0 2.0 1.941
6213.0 1.941 1.944
4328.0 1.944 2.551
4475.0 2.551 3.062
5833.0 3.062 2.347
8476.0 2.347 2.063
8347.0 2.063 1.928
6226.0 1.928 1.964
4376.0 1.964 2.804
5054.0 2.804 2.237
7094.0 2.237 1.827
8782.0 1.827 1.615
8860.0 1.615 1.481
7722.0 1.481 1.43
5390.0 1.43 1.486
4440.0 1.486 2.107
4282.0 2.107 2.743
6682.0 2.743 2.01
8698.0 2.01 1.764
7345.0 1.764 1.733
5493.0 1.733 1.783
4217.0 1.783 2.51
4855.0 2.51 3.012
7365.0 3.012 2.432
8445.0 2.432 2.202
8523.0 2.202 2.049
6930.0 2.049 2.035
5490.0 2.035 2.086
4183.0 2.086 2.943
4947.0 2.943 3.531
7019.0 3.531 2.54
9083.0 2.54 2.217
9101.0 2.217 2.006
7751.0 2.006 1.952
5715.0 1.952 2.027
4213.0 2.027 2.869
5196.0 2.869 2.272
7204.0 2.272 1.849
9262.0 1.849 1.614
8914.0 1.614 1.5
7102.0 1.5 1.489
4660.0 1.489 2.159
4324.0 2.159 2.591
5254.0 2.591 2.046
7804.0 2.046 1.617
9124.0 1.617 1.43
8758.0 1.43 1.334
7110.0 1.334 1.324
4272.0 1.324 1.9
4283.0 1.9 2.479
4596.0 2.479 2.974
6768.0 2.974 2.169
9504.0 2.169 1.85
9498.0 1.85 1.685
7557.0 1.685 1.662
5005.0 1.662 1.746
4176.0 1.746 2.446
4260.0 2.446 3.182
6090.0 3.182 2.407
8541.0 2.407 2.118
9099.0 2.118 1.921
7971.0 1.921 1.853
6485.0 1.853 1.851
4255.0 1.851 2.648
4462.0 2.648 3.443
5726.0 3.443 2.655
8279.0 2.655 2.339
8561.0 2.339 2.155
6884.0 2.155 2.148
5428.0 2.148 2.222
4288.0 2.222 3.121
5364.0 3.121 2.451
7428.0 2.451 2.226
8598.0 2.226 2.019
8217.0 2.019 1.907
7075.0 1.907 1.874
5521.0 1.874 1.919
4265.0 1.919 2.698
4454.0 2.698 3.238
6424.0 3.238 2.406
8929.0 2.406 2.093
9232.0 2.093 1.898
7795.0 1.898 1.844
6033.0 1.844 1.883
4217.0 1.883 2.693
4547.0 2.693 3.505
5499.0 3.505 2.734
8265.0 2.734 2.412
8910.0 2.412 2.169
7728.0 2.169 2.102
5736.0 2.102 2.17
4176.0 2.17 3.073
4803.0 3.073 3.688
6781.0 3.688 2.687
8479.0 2.687 2.39
8542.0 2.39 2.208
6760.0 2.208 2.21
5156.0 2.21 2.288
4183.0 2.288 3.228
5275.0 3.228 2.547
8512.0 2.547 2.208
9985.0 2.208 1.929
9343.0 1.929 1.784
6538.0 1.784 1.814
4208.0 1.814 2.599
4302.0 2.599 3.119
5362.0 3.119 2.45
7842.0 2.45 2.185
9258.0 2.185 1.944
8580.0 1.944 1.829
7030.0 1.829 1.817
5100.0 1.817 1.886
4527.0 1.886 2.454
7247.0 2.454 1.743
8933.0 1.743 1.539
8647.0 1.539 1.435
7079.0 1.435 1.421
4713.0 1.421 2.056
4229.0 2.056 2.684
6007.0 2.684 2.039
8365.0 2.039 1.792
8788.0 1.792 1.645
7846.0 1.645 1.585
6144.0 1.585 1.602
4247.0 1.602 2.283
4462.0 2.283 2.739
7226.0 2.739 1.948
8981.0 1.948 1.715
7478.0 1.715 1.678
5354.0 1.678 1.734
