4596.0 1.0 1.0
4596.0 1.0 1.4
4596.0 1.4 1.68
4596.0 1.68 2.016
4512.0 2.016 2.419
4428.0 2.419 2.903
4428.0 2.903 3.484
4927.0 3.484 4.18
4176.0 4.18 5.016
4176.0 5.016 6.02
4176.0 6.02 7.224
4675.0 7.224 8.668
4787.0 8.668 10.402
6133.0 10.402 7.85
8205.0 7.85 7.017
8585.0 7.017 6.441
8117.0 6.441 6.107
7172.0 6.107 5.952
5342.0 5.952 6.131
4454.0 6.131 8.673
4545.0 8.673 10.408
5303.0 10.408 8.2
7606.0 8.2 7.374
9194.0 7.374 6.515
9389.0 6.515 5.93
8177.0 5.93 5.694
6689.0 5.694 5.687
5238.0 5.687 5.863
4364.0 5.863 7.636
4514.0 7.636 9.163
6124.0 9.163 6.918
8665.0 6.918 6.039
10321.0 6.039 5.191
9973.0 5.191 4.71
8160.0 4.71 4.581
6503.0 4.581 4.615
4423.0 4.615 6.599
4292.0 6.599 7.919
4614.0 7.919 9.503
6172.0 9.503 7.157
8860.0 7.157 6.221
10256.0 6.221 5.365
9564.0 5.365 4.934
8122.0 4.934 4.779
6282.0 4.779 4.846
4422.0 4.846 6.917
4324.0 6.917 8.301
4730.0 8.301 9.961
6029.0 9.961 7.559
8737.0 7.559 6.588
9965.0 6.588 5.759
9789.0 5.759 5.217
8431.0 5.217 5.014
6445.0 5.014 5.054
4749.0 5.054 7.215
4256.0 7.215 9.434
4518.0 9.434 11.321
5445.0 11.321 8.855
8213.0 8.855 7.817
9791.0 7.817 6.811
9659.0 6.811 6.165
8643.0 6.165 5.849
6697.0 5.849 5.888
4853.0 5.888 8.462
4192.0 8.462 11.049
4569.0 11.049 13.259
5697.0 13.259 10.238
8364.0 10.238 7.908
10545.0 7.908 6.684
10869.0 6.684 5.843
9825.0 5.843 5.407
7354.0 5.407 5.438
5004.0 5.438 5.731
4176.0 5.731 8.058
4255.0 8.058 9.669
4945.0 9.669 11.603
6511.0 11.603 8.581
8695.0 8.581 7.522
9583.0 7.522 6.683
9136.0 6.683 6.194
7592.0 6.194 6.076
5714.0 6.076 6.215
4476.0 6.215 8.787
4302.0 8.787 10.544
4981.0 10.544 12.653
7186.0 12.653 10.283
9677.0 10.283 8.779
10661.0 8.779 7.606
10289.0 7.606 6.872
8261.0 6.872 6.709
6042.0 6.709 6.899
4535.0 6.899 9.816
4265.0 9.816 11.779
4252.0 11.779 14.135
5326.0 14.135 11.124
8017.0 11.124 8.705
9748.0 8.705 7.555
10334.0 7.555 6.672
8814.0 6.672 6.345
7008.0 6.345 6.328
4902.0 6.328 9.127
4225.0 9.127 11.872
4358.0 11.872 14.247
5597.0 14.247 11.057
7825.0 11.057 9.944
9165.0 9.944 8.85
9402.0 8.85 8.042
8262.0 8.042 7.691
7002.0 7.691 7.633
5364.0 7.633 7.873
4176.0 7.873 11.07
4257.0 11.07 13.284
4887.0 13.284 15.941
6611.0 15.941 11.726
9730.0 11.726 9.825
10990.0 9.825 8.401
10827.0 8.401 7.454
8760.0 7.454 7.207
6500.0 7.207 7.321
4340.0 7.321 10.483
4231.0 10.483 12.58
4219.0 12.58 15.096
5318.0 15.096 11.885
7288.0 11.885 9.646
8970.0 9.646 8.567
8837.0 8.567 7.922
7691.0 7.922 7.686
6387.0 7.686 7.738
4917.0 7.738 11.043
4204.0 11.043 14.364
4504.0 14.364 17.237
5680.0 17.237 13.321
8200.0 13.321 10.374
10542.0 10.374 8.666
11048.0 8.666 7.514
9608.0 7.514 7.028
7136.0 7.028 7.105
5384.0 7.105 7.386
4422.0 7.386 10.465
4276.0 10.465 12.558
4732.0 12.558 15.069
6748.0 15.069 11.002
9296.0 11.002 9.437
10161.0 9.437 8.311
9249.0 8.311 7.752
7489.0 7.752 7.683
5662.0 7.683 7.87
4301.0 7.87 11.244
4396.0 11.244 13.493
5014.0 13.493 10.787
7108.0 10.787 8.8
9022.0 8.8 7.65
9176.0 7.65 6.979
8564.0 6.979 6.588
6864.0 6.588 6.57
5304.0 6.57 6.761
4225.0 6.761 9.53
4302.0 9.53 11.436
4660.0 11.436 13.724
6802.0 13.724 9.99
9922.0 9.99 8.356
11626.0 8.356 6.951
11434.0 6.951 6.073
8776.0 6.073 5.931
6179.0 5.931 6.093
4176.0 6.093 8.691
4273.0 8.691 10.43
4668.0 10.43 12.516
5772.0 12.516 9.626
8601.0 9.626 8.378
10079.0 8.378 7.213
10163.0 7.213 6.421
8780.0 6.421 6.119
6631.0 6.119 6.232
4771.0 6.232 8.961
4176.0 8.961 11.669
4240.0 11.669 14.003
5139.0 14.003 11.124
7524.0 11.124 10.018
9090.0 10.018 8.749
9561.0 8.749 7.831
9151.0 7.831 7.258
7345.0 7.258 7.224
5672.0 7.224 7.396
4176.0 7.396 10.581
4289.0 10.581 12.697
4822.0 12.697 15.237
6726.0 15.237 11.137
9772.0 11.137 9.36
11006.0 9.36 7.952
10452.0 7.952 7.153
8904.0 7.153 6.819
6176.0 6.819 7.032
4354.0 7.032 10.058
4281.0 10.058 12.069
4785.0 12.069 14.483
6276.0 14.483 10.847
8515.0 10.847 9.502
9197.0 9.502 8.559
8826.0 8.559 7.97
7419.0 7.97 7.8
5795.0 7.8 7.966
4589.0 7.966 11.315
4397.0 11.315 14.716
4709.0 14.716 17.659
6431.0 17.659 13.116
10155.0 13.116 10.778
11779.0 10.778 8.954
11263.0 8.954 7.913
9019.0 7.913 7.623
6220.0 7.623 7.881
4176.0 7.881 11.291
4233.0 11.291 13.549
4523.0 13.549 16.258
5503.0 16.258 12.68
8026.0 12.68 11.265
10708.0 11.265 9.263
10897.0 9.263 8.131
9613.0 8.131 7.607
7045.0 7.607 7.767
4903.0 7.767 11.218
4235.0 11.218 14.706
4265.0 14.706 17.647
5133.0 17.647 14.024
7267.0 14.024 11.369
8933.0 11.369 10.095
9354.0 10.095 9.11
8478.0 9.11 8.633
7104.0 8.633 8.518
5244.0 8.518 8.794
4253.0 8.794 12.37
4298.0 12.37 16.114
5068.0 16.114 12.847
7136.0 12.847 10.474
9569.0 10.474 8.887
10397.0 8.887 7.775
9859.0 7.775 7.09
7819.0 7.09 7.009
5866.0 7.009 7.213
4176.0 7.213 10.271
4183.0 10.271 12.326
4566.0 12.326 14.791
5735.0 14.791 11.398
8526.0 11.398 8.734
10050.0 8.734 7.559
10249.0 7.559 6.739
8571.0 6.739 6.481
6436.0 6.481 6.603
4877.0 6.603 9.597
4176.0 9.597 12.63
4318.0 12.63 15.157
4850.0 15.157 18.188
6725.0 18.188 13.295
9509.0 13.295 11.351
10652.0 11.351 9.534
9572.0 9.534 8.882
7470.0 8.882 8.819
5574.0 8.819 9.047
4240.0 9.047 12.877
4234.0 12.877 15.452
5028.0 15.452 12.344
6876.0 12.344 10.187
9516.0 10.187 8.757
10404.0 8.757 7.659
9460.0 7.659 7.112
7774.0 7.112 6.95
5681.0 6.95 7.164
4226.0 7.164 10.127
4222.0 10.127 12.152
4615.0 12.152 14.582
5966.0 14.582 11.102
8585.0 11.102 9.686
10301.0 9.686 8.303
10085.0 8.303 7.467
8651.0 7.467 7.151
6575.0 7.151 7.247
4781.0 7.247 10.377
4267.0 10.377 12.453
4280.0 12.453 14.943
5414.0 14.943 11.707
8248.0 11.707 10.271
10348.0 10.271 8.678
10750.0 8.678 7.583
8902.0 7.583 7.288
6710.0 7.288 7.468
4712.0 7.468 10.886
4196.0 10.886 14.251
4349.0 14.251 17.102
5325.0 17.102 13.459
7378.0 13.459 12.234
9010.0 12.234 10.809
9262.0 10.809 9.768
8542.0 9.768 9.214
7126.0 9.214 9.092
5594.0 9.092 9.313
4312.0 9.313 13.158
4294.0 13.158 15.79
4602.0 15.79 18.948
6339.0 18.948 14.144
9492.0 14.144 11.902
11028.0 11.902 9.831
11108.0 9.831 8.619
9265.0 8.619 8.216
6605.0 8.216 8.446
4617.0 8.446 12.223
4244.0 12.223 15.969
4289.0 15.969 19.162
5156.0 19.162 15.21
7100.0 15.21 12.435
8957.0 12.435 10.816
9363.0 10.816 9.763
8979.0 9.763 9.07
7444.0 9.07 8.96
5708.0 8.96 9.15
4322.0 9.15 12.979
4268.0 12.979 15.575
4804.0 15.575 18.69
6646.0 18.69 13.722
10717.0 13.722 10.853
12919.0 10.853 8.655
12377.0 8.655 7.472
9769.0 7.472 7.158
6487.0 7.158 7.473
4176.0 7.473 10.697
4248.0 10.697 13.963
4254.0 13.963 16.755
5512.0 16.755 13.061
8116.0 13.061 10.194
11646.0 10.194 8.016
12582.0 8.016 6.628
10866.0 6.628 6.079
7716.0 6.079 6.217
5094.0 6.217 6.622
4236.0 6.622 9.495
4214.0 9.495 11.394
4919.0 11.394 13.673
7208.0 13.673 9.731
8960.0 9.731 8.49
9072.0 8.49 7.736
7774.0 7.736 7.512
6010.0 7.512 7.693
4474.0 7.693 10.955
4259.0 10.955 14.25
4886.0 14.25 17.099
7454.0 17.099 12.001
10638.0 12.001 9.718
11402.0 9.718 8.308
9568.0 8.308 7.836
6884.0 7.836 8.09
4546.0 8.09 11.834
4207.0 11.834 15.471
4373.0 15.471 18.565
5339.0 18.565 14.6
7691.0 14.6 13.09
9175.0 13.09 11.511
8740.0 11.511 10.696
7336.0 10.696 10.525
5746.0 10.525 10.803
4286.0 10.803 15.332
4402.0 15.332 19.978
4830.0 19.978 23.974
7158.0 23.974 17.11
10518.0 17.11 13.943
12188.0 13.943 11.399
11579.0 11.399 9.999
9047.0 9.999 9.78
6399.0 9.78 10.193
4367.0 10.193 14.556
4246.0 14.556 18.98
4184.0 18.98 22.776
5128.0 22.776 18.105
7424.0 18.105 14.562
9040.0 14.562 12.764
9084.0 12.764 11.614
7894.0 11.614 11.244
6281.0 11.244 11.416
4730.0 11.416 16.306
4314.0 16.306 21.211
4478.0 21.211 25.453
5918.0 25.453 19.428
9452.0 19.428 16.219
12168.0 16.219 12.969
11700.0 12.969 11.252
9306.0 11.252 10.828
6360.0 10.828 11.194
4176.0 11.194 15.995
4176.0 15.995 20.845
4425.0 20.845 25.014
5514.0 25.014 19.497
7765.0 19.497 17.468
9127.0 17.468 15.529
8938.0 15.529 14.301
7754.0 14.301 13.865
6214.0 13.865 14.095
4723.0 14.095 20.069
4204.0 20.069 26.2
4510.0 26.2 31.44
5728.0 31.44 24.237
8820.0 24.237 18.286
11616.0 18.286 14.82
12146.0 14.82 12.536
10106.0 12.536 11.798
7150.0 11.798 12.154
4946.0 12.154 17.874
4176.0 17.874 23.429
4356.0 23.429 28.115
5136.0 28.115 22.339
7632.0 22.339 17.784
9774.0 17.784 15.176
10551.0 15.176 13.201
9311.0 13.201 12.351
7622.0 12.351 12.228
5726.0 12.228 12.477
4210.0 12.477 17.708
4230.0 17.708 21.25
4589.0 21.25 25.5
6377.0 25.5 18.995
9837.0 18.995 15.74
11637.0 15.74 12.977
11689.0 12.977 11.22
9463.0 11.22 10.737
6827.0 10.737 11.026
4709.0 11.026 16.158
4240.0 16.158 21.134
4296.0 21.134 25.361
5031.0 25.361 20.257
7767.0 20.257 18.028
10344.0 18.028 14.989
11508.0 14.989 12.66
10185.0 12.66 11.659
7997.0 11.659 11.57
5609.0 11.57 11.974
4206.0 11.974 16.986
4288.0 16.986 22.141
4350.0 22.141 26.569
5490.0 26.569 20.735
8016.0 20.735 18.405
10208.0 18.405 15.491
10235.0 15.491 13.784
8784.0 13.784 13.197
6660.0 13.197 13.529
4828.0 13.529 19.705
4254.0 19.705 25.74
4282.0 25.74 30.888
5066.0 30.888 24.629
7607.0 24.629 19.614
9630.0 19.614 16.782
10324.0 16.782 14.484
9253.0 14.484 13.535
7821.0 13.535 13.285
5673.0 13.285 13.679
4305.0 13.679 19.428
4327.0 19.428 23.314
4225.0 23.314 27.976
5761.0 27.976 21.53
8897.0 21.53 18.457
11221.0 18.457 15.058
11472.0 15.058 12.917
10023.0 12.917 11.997
7371.0 11.997 12.26
5255.0 12.26 12.725
4176.0 12.725 17.893
4198.0 17.893 21.471
4738.0 21.471 25.765
6265.0 25.765 19.309
9469.0 19.309 16.109
11195.0 16.109 13.436
10167.0 13.436 12.332
7975.0 12.332 12.241
5551.0 12.241 12.722
4278.0 12.722 18.351
4176.0 18.351 22.021
4768.0 22.021 26.426
6509.0 26.426 19.545
9386.0 19.545 16.474
10634.0 16.474 14.181
10298.0 14.181 12.766
8492.0 12.766 12.384
6451.0 12.384 12.527
4755.0 12.527 17.905
4536.0 17.905 23.394
4410.0 23.394 28.072
5765.0 28.072 21.599
9089.0 21.599 18.352
10877.0 18.352 15.412
11177.0 15.412 13.375
9749.0 13.375 12.492
7381.0 12.492 12.487
5405.0 12.487 13.16
4176.0 13.16 18.671
4202.0 18.671 22.405
4806.0 22.405 26.886
6373.0 26.886 20.032
9607.0 20.032 16.884
11516.0 16.884 14.032
11276.0 14.032 12.339
9078.0 12.339 11.863
6390.0 11.863 12.25
4854.0 12.25 17.565
4233.0 17.565 21.078
4200.0 21.078 25.293
