4680.0 1.0 1.0
4680.0 1.0 1.4
4680.0 1.4 1.68
4680.0 1.68 2.016
4596.0 2.016 2.419
4512.0 2.419 2.903
4512.0 2.903 3.484
5011.0 3.484 2.785
4260.0 2.785 3.621
4256.0 3.621 4.346
4247.0 4.346 5.215
5032.0 5.215 4.165
5776.0 4.165 3.621
7588.0 3.621 3.299
8672.0 3.299 2.997
8260.0 2.997 2.829
7195.0 2.829 2.771
5797.0 2.771 2.803
4573.0 2.803 3.983
4482.0 3.983 4.78
5847.0 4.78 3.662
8439.0 3.662 3.219
9543.0 3.219 2.861
9127.0 2.861 2.646
7311.0 2.646 2.619
5295.0 2.619 2.695
4176.0 2.695 3.8
4477.0 3.8 4.56
6712.0 4.56 3.335
9216.0 3.335 2.881
10176.0 2.881 2.53
9456.0 2.53 2.348
7842.0 2.348 2.301
5448.0 2.301 2.382
4176.0 2.382 3.358
4753.0 3.358 4.03
6191.0 4.03 3.032
8807.0 3.032 2.627
10179.0 2.627 2.293
9495.0 2.293 2.115
7260.0 2.115 2.105
5486.0 2.105 2.178
4176.0 2.178 3.072
4999.0 3.072 3.687
6893.0 3.687 2.67
9321.0 2.67 2.319
9912.0 2.319 2.066
9066.0 2.066 1.935
6798.0 1.935 1.947
4452.0 1.947 2.795
4230.0 2.795 3.354
5239.0 3.354 2.651
8269.0 2.651 2.327
9715.0 2.327 2.041
9496.0 2.041 1.869
7498.0 1.869 1.847
5432.0 1.847 1.915
4176.0 1.915 2.694
4331.0 2.694 3.233
6125.0 3.233 2.441
9629.0 2.441 2.056
11093.0 2.056 1.741
10526.0 1.741 1.57
7565.0 1.57 1.577
4365.0 1.577 2.273
4418.0 2.273 2.955
4617.0 2.955 3.546
6461.0 3.546 2.63
8891.0 2.63 2.298
9587.0 2.298 2.058
8810.0 2.058 1.932
6827.0 1.932 1.934
4721.0 1.934 2.766
4631.0 2.766 3.319
5747.0 3.319 2.556
9032.0 2.556 2.189
10457.0 2.189 1.882
10388.0 1.882 1.68
8180.0 1.68 1.645
5938.0 1.645 1.682
4324.0 1.682 2.203
4682.0 2.203 2.643
7428.0 2.643 1.858
9939.0 1.858 1.592
9825.0 1.592 1.447
8369.0 1.447 1.394
5343.0 1.394 1.46
4346.0 1.46 2.069
4433.0 2.069 2.482
6431.0 2.482 1.844
8865.0 1.844 1.602
9279.0 1.602 1.445
8983.0 1.445 1.342
7203.0 1.342 1.334
4187.0 1.334 1.908
4468.0 1.908 2.29
6534.0 2.29 1.691
9824.0 1.691 1.418
11174.0 1.418 1.203
10516.0 1.203 1.084
7816.0 1.084 1.079
4341.0 1.079 1.548
4899.0 1.548 1.857
6245.0 1.857 1.393
8825.0 1.393 1.211
8629.0 1.211 1.126
6603.0 1.126 1.133
5152.0 1.133 1.174
4203.0 1.174 1.528
5001.0 1.528 1.223
7117.0 1.223 1.0
10853.0 1.0 1.0
10003.0 1.0 1.0
6297.0 1.0 1.034
4340.0 1.034 1.466
4802.0 1.466 1.759
6181.0 1.759 1.324
9431.0 1.324 1.134
9863.0 1.134 1.016
7821.0 1.016 1.0
5810.0 1.0 1.028
4263.0 1.028 1.454
4708.0 1.454 1.745
6794.0 1.745 1.271
9374.0 1.271 1.098
9348.0 1.098 1.003
6894.0 1.003 1.009
5022.0 1.009 1.043
4176.0 1.043 1.357
5524.0 1.357 1.057
8369.0 1.057 1.0
11619.0 1.0 1.0
10265.0 1.0 1.0
5887.0 1.0 1.053
4176.0 1.053 1.506
4761.0 1.506 1.807
6122.0 1.807 1.364
9706.0 1.364 1.142
10342.0 1.142 1.003
8318.0 1.003 1.0
6196.0 1.0 1.026
4364.0 1.026 1.466
4350.0 1.466 1.759
5896.0 1.759 1.344
9060.0 1.344 1.143
9764.0 1.143 1.024
7754.0 1.024 1.007
6056.0 1.007 1.024
4250.0 1.024 1.449
4439.0 1.449 1.739
6252.0 1.739 1.304
10226.0 1.304 1.07
10792.0 1.07 1.0
8610.0 1.0 1.0
4400.0 1.0 1.448
4626.0 1.448 1.737
6268.0 1.737 1.302
8976.0 1.302 1.141
9018.0 1.141 1.05
6816.0 1.05 1.056
5074.0 1.056 1.094
4282.0 1.094 1.423
5966.0 1.423 1.083
10722.0 1.083 1.0
11586.0 1.0 1.0
8468.0 1.0 1.0
4247.0 1.0 1.445
4578.0 1.445 1.734
6545.0 1.734 1.28
10243.0 1.28 1.063
10907.0 1.063 1.0
8373.0 1.0 1.0
6226.0 1.0 1.021
4217.0 1.021 1.459
4697.0 1.459 1.751
6383.0 1.751 1.304
8913.0 1.304 1.147
9309.0 1.147 1.041
7181.0 1.041 1.033
5538.0 1.033 1.07
4371.0 1.07 1.512
4973.0 1.512 1.814
7282.0 1.814 1.286
9814.0 1.286 1.085
10284.0 1.085 1.0
7822.0 1.0 1.0
5927.0 1.0 1.019
4426.0 1.019 1.438
4626.0 1.438 1.725
6731.0 1.725 1.261
9707.0 1.261 1.079
10083.0 1.079 1.0
7441.0 1.0 1.001
5462.0 1.001 1.032
4176.0 1.032 1.346
4684.0 1.346 1.616
7314.0 1.616 1.306
10382.0 1.306 1.089
10130.0 1.089 1.0
6716.0 1.0 1.034
4485.0 1.034 1.491
4469.0 1.491 1.789
5439.0 1.789 1.4
9015.0 1.4 1.196
10217.0 1.196 1.046
8939.0 1.046 1.0
5139.0 1.0 1.057
4176.0 1.057 1.496
5360.0 1.496 1.175
7526.0 1.175 1.063
10206.0 1.063 1.0
9264.0 1.0 1.0
5222.0 1.0 1.059
4321.0 1.059 1.38
5309.0 1.38 1.087
8090.0 1.087 1.0
11022.0 1.0 1.0
8828.0 1.0 1.0
4206.0 1.0 1.453
4355.0 1.453 1.744
5935.0 1.744 1.33
8679.0 1.33 1.173
8995.0 1.173 1.077
7609.0 1.077 1.051
6150.0 1.051 1.063
4176.0 1.063 1.521
4460.0 1.521 1.826
5964.0 1.826 1.39
9814.0 1.39 1.164
11186.0 1.164 1.0
10106.0 1.0 1.0
5644.0 1.0 1.075
4176.0 1.075 1.521
4811.0 1.521 1.826
6651.0 1.826 1.34
9157.0 1.34 1.159
9569.0 1.159 1.046
7513.0 1.046 1.03
5654.0 1.03 1.06
4212.0 1.06 1.492
4841.0 1.492 1.791
7245.0 1.791 1.272
11671.0 1.272 1.0
12837.0 1.0 1.0
10391.0 1.0 1.0
5089.0 1.0 1.08
4241.0 1.08 1.536
5155.0 1.536 1.219
7550.0 1.219 1.0
12506.0 1.0 1.0
11656.0 1.0 1.0
7278.0 1.0 1.034
4459.0 1.034 1.522
4346.0 1.522 1.827
5123.0 1.827 1.452
8391.0 1.452 1.266
8855.0 1.266 1.153
7269.0 1.153 1.137
5655.0 1.137 1.173
4228.0 1.173 1.666
4578.0 1.666 2.0
6565.0 2.0 1.475
10381.0 1.475 1.189
11439.0 1.189 1.007
9155.0 1.007 1.0
4477.0 1.0 1.46
4263.0 1.46 1.752
5448.0 1.752 1.37
8488.0 1.37 1.192
8924.0 1.192 1.093
6676.0 1.093 1.105
4993.0 1.105 1.587
4256.0 1.587 1.904
5234.0 1.904 1.505
9716.0 1.505 1.239
12268.0 1.239 1.0
11488.0 1.0 1.0
7866.0 1.0 1.024
5299.0 1.024 1.095
4176.0 1.095 1.541
4492.0 1.541 1.849
6402.0 1.849 1.376
9110.0 1.376 1.202
8756.0 1.202 1.124
6210.0 1.124 1.145
4576.0 1.145 1.637
4353.0 1.637 1.964
5577.0 1.964 1.526
10081.0 1.526 1.24
12283.0 1.24 1.0
11095.0 1.0 1.0
6633.0 1.0 1.059
4176.0 1.059 1.547
4380.0 1.547 1.856
5891.0 1.856 1.419
8717.0 1.419 1.241
9157.0 1.241 1.123
7133.0 1.123 1.12
5491.0 1.12 1.162
4193.0 1.162 1.633
4584.0 1.633 1.96
6552.0 1.96 1.446
10700.0 1.446 1.162
12206.0 1.162 1.0
10936.0 1.0 1.0
6054.0 1.0 1.075
4338.0 1.075 1.527
4595.0 1.527 1.832
6791.0 1.832 1.335
9667.0 1.335 1.131
10111.0 1.131 1.004
8273.0 1.004 1.0
6241.0 1.0 1.027
4190.0 1.027 1.464
4514.0 1.464 1.757
6305.0 1.757 1.314
10551.0 1.314 1.054
11973.0 1.054 1.0
10139.0 1.0 1.0
5509.0 1.0 1.082
4177.0 1.082 1.526
5032.0 1.526 1.219
7643.0 1.219 1.0
11251.0 1.0 1.0
10233.0 1.0 1.0
6191.0 1.0 1.045
4176.0 1.045 1.482
4204.0 1.482 1.778
5559.0 1.778 1.383
9331.0 1.383 1.156
10301.0 1.156 1.012
8285.0 1.012 1.0
6234.0 1.0 1.016
4229.0 1.016 1.447
4500.0 1.447 1.737
6475.0 1.737 1.287
9515.0 1.287 1.084
9995.0 1.084 1.0
7845.0 1.0 1.0
5782.0 1.0 1.027
4266.0 1.027 1.458
4559.0 1.458 1.75
7082.0 1.75 1.254
10446.0 1.254 1.028
11422.0 1.028 1.0
9020.0 1.0 1.0
4474.0 1.0 1.458
4283.0 1.458 1.75
5379.0 1.75 1.373
9669.0 1.373 1.124
10809.0 1.124 1.0
8799.0 1.0 1.0
4180.0 1.0 1.476
4349.0 1.476 1.771
6019.0 1.771 1.345
9587.0 1.345 1.122
10633.0 1.122 1.0
8925.0 1.0 1.0
4799.0 1.0 1.477
4288.0 1.477 1.773
5684.0 1.773 1.37
9596.0 1.37 1.134
11206.0 1.134 1.0
10338.0 1.0 1.0
6380.0 1.0 1.052
4176.0 1.052 1.491
4808.0 1.491 1.789
6451.0 1.789 1.328
10449.0 1.328 1.074
11583.0 1.074 1.0
9625.0 1.0 1.0
5079.0 1.0 1.092
4236.0 1.092 1.534
5156.0 1.534 1.218
6370.0 1.218 1.153
7917.0 1.153 1.042
7295.0 1.042 1.006
6157.0 1.006 1.01
4987.0 1.01 1.438
4221.0 1.438 1.871
4462.0 1.871 2.245
6079.0 2.245 1.699
10231.0 1.699 1.375
12118.0 1.375 1.135
10832.0 1.135 1.031
7114.0 1.031 1.061
4551.0 1.061 1.532
4252.0 1.532 1.839
5388.0 1.839 1.442
8716.0 1.442 1.236
10192.0 1.236 1.077
8868.0 1.077 1.021
5692.0 1.021 1.059
4225.0 1.059 1.498
4771.0 1.498 1.798
7196.0 1.798 1.28
10230.0 1.28 1.055
10810.0 1.055 1.0
8314.0 1.0 1.0
6335.0 1.0 1.031
4176.0 1.031 1.499
4273.0 1.499 1.799
5946.0 1.799 1.371
9996.0 1.371 1.134
11702.0 1.134 1.0
10500.0 1.0 1.0
6206.0 1.0 1.063
4194.0 1.063 1.506
4755.0 1.506 1.807
6958.0 1.807 1.304
10966.0 1.304 1.038
11788.0 1.038 1.0
9124.0 1.0 1.0
4242.0 1.0 1.484
4319.0 1.484 1.78
6185.0 1.78 1.34
9463.0 1.34 1.13
10379.0 1.13 1.0
8033.0 1.0 1.0
5718.0 1.0 1.031
4281.0 1.031 1.458
4508.0 1.458 1.75
6611.0 1.75 1.287
10061.0 1.287 1.066
10207.0 1.066 1.0
7129.0 1.0 1.019
4898.0 1.019 1.47
4374.0 1.47 1.765
5454.0 1.765 1.38
9572.0 1.38 1.136
10850.0 1.136 1.0
8916.0 1.0 1.0
4454.0 1.0 1.478
4424.0 1.478 1.773
6268.0 1.773 1.329
9426.0 1.329 1.124
10486.0 1.124 1.0
8808.0 1.0 1.0
4766.0 1.0 1.459
4378.0 1.459 1.751
5562.0 1.751 1.362
9776.0 1.362 1.118
10726.0 1.118 1.0
8296.0 1.0 1.0
5981.0 1.0 1.027
4176.0 1.027 1.458
4932.0 1.458 1.75
6783.0 1.75 1.275
9475.0 1.275 1.092
9413.0 1.092 1.0
7133.0 1.0 1.0
5154.0 1.0 1.036
4237.0 1.036 1.46
5662.0 1.46 1.129
9115.0 1.129 1.0
12969.0 1.0 1.0
11699.0 1.0 1.0
7237.0 1.0 1.032
4586.0 1.032 1.514
4314.0 1.514 1.817
5119.0 1.817 1.445
9933.0 1.445 1.162
13193.0 1.162 1.0
12341.0 1.0 1.0
8047.0 1.0 1.031
5396.0 1.031 1.102
4310.0 1.102 1.551
4727.0 1.551 1.861
7009.0 1.861 1.339
11121.0 1.339 1.063
12199.0 1.063 1.0
9995.0 1.0 1.0
5365.0 1.0 1.086
4272.0 1.086 1.528
5059.0 1.528 1.219
7763.0 1.219 1.0
12383.0 1.0 1.0
11617.0 1.0 1.0
6987.0 1.0 1.051
4327.0 1.051 1.513
4436.0 1.513 1.816
5405.0 1.816 1.423
8783.0 1.423 1.216
10015.0 1.216 1.064
8473.0 1.064 1.021
5029.0 1.021 1.075
4230.0 1.075 1.397
5387.0 1.397 1.096
8330.0 1.096 1.0
10726.0 1.0 1.0
9120.0 1.0 1.0
4826.0 1.0 1.463
4208.0 1.463 1.756
4735.0 1.756 2.107
6980.0 2.107 1.519
9294.0 1.519 1.301
10518.0 1.301 1.125
9546.0 1.125 1.043
6284.0 1.043 1.087
4233.0 1.087 1.561
4318.0 1.561 1.873
5795.0 1.873 1.439
9461.0 1.439 1.195
11161.0 1.195 1.007
10039.0 1.007 1.0
6205.0 1.0 1.052
4331.0 1.052 1.498
4470.0 1.498 1.798
5888.0 1.798 1.375
9344.0 1.375 1.159
10410.0 1.159 1.008
8678.0 1.008 1.0
4678.0 1.0 1.472
4392.0 1.472 1.766
5456.0 1.766 1.381
9582.0 1.381 1.137
10618.0 1.137 1.0
8950.0 1.0 1.0
4824.0 1.0 1.48
4276.0 1.48 1.776
5709.0 1.776 1.371
8881.0 1.371 1.177
10079.0 1.177 1.02
8321.0 1.02 1.0
4697.0 1.0 1.449
4474.0 1.449 1.738
5950.0 1.738 1.325
9082.0 1.325 1.13
9346.0 1.13 1.028
6158.0 1.028 1.067
4176.0 1.067 1.517
4406.0 1.517 1.821
5979.0 1.821 1.385
9805.0 1.385 1.144
10799.0 1.144 1.0
8969.0 1.0 1.0
4507.0 1.0 1.456
4257.0 1.456 1.747
6266.0 1.747 1.309
8942.0 1.309 1.133
9810.0 1.133 1.013
7666.0 1.013 1.001
5881.0 1.001 1.021
4176.0 1.021 1.444
4525.0 1.444 1.732
6737.0 1.732 1.265
9753.0 1.265 1.066
10681.0 1.066 1.0
8183.0 1.0 1.0
5952.0 1.0 1.04
4176.0 1.04 1.482
4530.0 1.482 1.779
6054.0 1.779 1.348
10246.0 1.348 1.104
10900.0 1.104 1.0
8202.0 1.0 1.0
5803.0 1.0 1.032
4176.0 1.032 1.454
4657.0 1.454 1.745
7081.0 1.745 1.251
10001.0 1.251 1.063
9515.0 1.063 1.0
6479.0 1.0 1.021
4332.0 1.021 1.479
4217.0 1.479 1.775
5311.0 1.775 1.398
9235.0 1.398 1.173
10591.0 1.173 1.009
9291.0 1.009 1.0
5567.0 1.0 1.063
4237.0 1.063 1.502
4563.0 1.502 1.802
6246.0 1.802 1.352
9554.0 1.352 1.135
9740.0 1.135 1.021
6778.0 1.021 1.046
4638.0 1.046 1.511
4329.0 1.511 1.813
5212.0 1.813 1.435
9336.0 1.435 1.046
11342.0 1.046 1.0
9552.0 1.0 1.0
5090.0 1.0 1.079
4474.0 1.079 1.403
6133.0 1.403 1.059
9799.0 1.059 1.0
8795.0 1.0 1.0
5005.0 1.0 1.058
4352.0 1.058 1.375
6697.0 1.375 1.007
11379.0 1.007 1.0
10305.0 1.0 1.0
6347.0 1.0 1.045
4308.0 1.045 1.488
4832.0 1.488 1.786
7052.0 1.786 1.282
10276.0 1.282 1.048
9866.0 1.048 1.0
6604.0 1.0 1.037
4541.0 1.037 1.497
4311.0 1.497 1.797
6313.0 1.797 1.343
9341.0 1.343 1.138
10285.0 1.138 1.0
8455.0 1.0 1.0
4413.0 1.0 1.456
4461.0 1.456 1.748
5969.0 1.748 1.33
9995.0 1.33 1.089
11491.0 1.089 1.0
9841.0 1.0 1.0
5463.0 1.0 1.079
4211.0 1.079 1.522
4495.0 1.522 1.826
6504.0 1.826 1.351
10020.0 1.351 1.119
11208.0 1.119 1.0
9460.0 1.0 1.0
5166.0 1.0 1.084
4176.0 1.084 1.411
5621.0 1.411 1.093
8788.0 1.093 1.0
11396.0 1.0 1.0
9370.0 1.0 1.0
4824.0 1.0 1.464
4294.0 1.464 1.757
5582.0 1.757 1.365
8820.0 1.365 1.173
9462.0 1.173 1.053
6986.0 1.053 1.063
5176.0 1.063 1.113
4544.0 1.113 1.563
5858.0 1.563 1.197
9580.0 1.197 1.001
10330.0 1.001 1.0
7562.0 1.0 1.004
5583.0 1.004 1.036
4270.0 1.036 1.466
4418.0 1.466 1.759
6803.0 1.759 1.28
10217.0 1.28 1.056
10629.0 1.056 1.0
7989.0 1.0 1.0
6010.0 1.0 1.022
4176.0 1.022 1.454
4230.0 1.454 1.744
6063.0 1.744 1.321
9901.0 1.321 1.095
10807.0 1.095 1.0
9065.0 1.0 1.0
4687.0 1.0 1.463
4215.0 1.463 1.756
5111.0 1.756 1.397
9181.0 1.397 1.181
10275.0 1.181 1.009
9245.0 1.009 1.0
5353.0 1.0 1.054
4190.0 1.054 1.374
5139.0 1.374 1.091
7641.0 1.091 1.0
10232.0 1.0 1.0
10642.0 1.0 1.0
7944.0 1.0 1.0
5629.0 1.0 1.053
4322.0 1.053 1.486
4975.0 1.486 1.783
6851.0 1.783 1.295
9559.0 1.295 1.104
9111.0 1.104 1.022
6067.0 1.022 1.052
4176.0 1.052 1.505
4467.0 1.505 1.806
6918.0 1.806 1.306
10332.0 1.306 1.063
11510.0 1.063 1.0
9394.0 1.0 1.0
4764.0 1.0 1.466
4228.0 1.466 1.76
4906.0 1.76 2.111
9164.0 2.111 1.567
11192.0 1.567 1.318
10055.0 1.318 1.215
6985.0 1.215 1.244
4282.0 1.244 1.642
5471.0 1.642 1.283
9713.0 1.283 1.057
11155.0 1.057 1.0
9457.0 1.0 1.0
5247.0 1.0 1.078
4359.0 1.078 1.515
5893.0 1.515 1.158
10281.0 1.158 1.0
11229.0 1.0 1.0
8279.0 1.0 1.0
6048.0 1.0 1.024
4176.0 1.024 1.446
4478.0 1.446 1.736
6282.0 1.736 1.299
9820.0 1.299 1.079
10678.0 1.079 1.0
8466.0 1.0 1.0
4176.0 1.0 1.476
4325.0 1.476 1.771
5488.0 1.771 1.382
10058.0 1.382 1.134
11778.0 1.134 1.0
10488.0 1.0 1.0
6194.0 1.0 1.062
4176.0 1.062 1.513
4411.0 1.513 1.815
5715.0 1.815 1.4
9429.0 1.4 1.171
9881.0 1.171 1.045
7217.0 1.045 1.057
5100.0 1.057 1.104
4194.0 1.104 1.551
5299.0 1.551 1.222
7915.0 1.222 1.083
10889.0 1.083 1.0
9489.0 1.0 1.0
5027.0 1.0 1.071
4302.0 1.071 1.519
6149.0 1.519 1.145
10397.0 1.145 1.0
11267.0 1.0 1.0
8317.0 1.0 1.0
6086.0 1.0 1.045
4176.0 1.045 1.519
4260.0 1.519 1.822
5993.0 1.822 1.385
9995.0 1.385 1.127
11829.0 1.127 1.0
10787.0 1.0 1.0
6577.0 1.0 1.053
4176.0 1.053 1.495
4528.0 1.495 1.794
6270.0 1.794 1.344
10462.0 1.344 1.082
12342.0 1.082 1.0
10678.0 1.0 1.0
5964.0 1.0 1.075
4247.0 1.075 1.527
4415.0 1.527 1.833
6528.0 1.833 1.354
11086.0 1.354 1.069
12554.0 1.069 1.0
10778.0 1.0 1.0
5980.0 1.0 1.077
4237.0 1.077 1.531
5287.0 1.531 1.207
7749.0 1.207 1.08
10049.0 1.08 1.0
8177.0 1.0 1.0
6198.0 1.0 1.016
4176.0 1.016 1.448
4234.0 1.448 1.738
5961.0 1.738 1.324
10185.0 1.324 1.072
11617.0 1.072 1.0
9637.0 1.0 1.0
5007.0 1.0 1.096
4176.0 1.096 1.425
6044.0 1.425 1.081
11074.0 1.081 1.0
11316.0 1.0 1.0
7862.0 1.0 1.006
5379.0 1.006 1.071
4219.0 1.071 1.508
5054.0 1.508 1.203
7517.0 1.203 1.0
10277.0 1.0 1.0
9427.0 1.0 1.0
5553.0 1.0 1.068
4258.0 1.068 1.509
4936.0 1.509 1.811
7486.0 1.811 1.268
10336.0 1.268 1.058
11044.0 1.058 1.0
8686.0 1.0 1.0
4224.0 1.0 1.475
4308.0 1.475 1.769
5635.0 1.769 1.371
9527.0 1.371 1.14
10053.0 1.14 1.012
7497.0 1.012 1.013
5363.0 1.013 1.052
4284.0 1.052 1.372
5564.0 1.372 1.067
8479.0 1.067 1.0
11959.0 1.0 1.0
10269.0 1.0 1.0
5975.0 1.0 1.057
4245.0 1.057 1.51
4667.0 1.51 1.812
6465.0 1.812 1.343
9069.0 1.343 1.158
9681.0 1.158 1.04
7781.0 1.04 1.023
5959.0 1.023 1.045
4198.0 1.045 1.479
4501.0 1.479 1.774
6768.0 1.774 1.294
10938.0 1.294 1.028
12162.0 1.028 1.0
9930.0 1.0 1.0
4964.0 1.0 1.499
4226.0 1.499 1.799
5394.0 1.799 1.411
10282.0 1.411 1.123
12670.0 1.123 1.0
11318.0 1.0 1.0
6604.0 1.0 1.062
4178.0 1.062 1.51
4347.0 1.51 1.813
5978.0 1.813 1.379
9426.0 1.379 1.159
10868.0 1.159 1.0
9646.0 1.0 1.0
5520.0 1.0 1.072
4441.0 1.072 1.513
5272.0 1.513 1.194
7837.0 1.194 1.064
11075.0 1.064 1.0
10227.0 1.0 1.0
6353.0 1.0 1.047
4184.0 1.047 1.519
4348.0 1.519 1.823
6096.0 1.823 1.379
9934.0 1.379 1.133
11288.0 1.133 1.0
9648.0 1.0 1.0
5522.0 1.0 1.072
4194.0 1.072 1.511
4644.0 1.511 1.814
6615.0 1.814 1.334
9815.0 1.334 1.117
9915.0 1.117 1.002
7049.0 1.002 1.019
4921.0 1.019 1.468
4249.0 1.468 1.762
5606.0 1.762 1.367
9878.0 1.367 1.115
11208.0 1.115 1.0
9238.0 1.0 1.0
4524.0 1.0 1.484
4669.0 1.484 1.781
6537.0 1.781 1.315
10323.0 1.315 1.073
11759.0 1.073 1.0
9869.0 1.0 1.0
5323.0 1.0 1.084
4260.0 1.084 1.524
5692.0 1.524 1.177
10060.0 1.177 1.0
11412.0 1.0 1.0
8798.0 1.0 1.0
4176.0 1.0 1.475
4896.0 1.475 1.77
7065.0 1.77 1.27
9785.0 1.27 1.078
9921.0 1.078 1.0
7437.0 1.0 1.0
5458.0 1.0 1.032
4176.0 1.032 1.454
4751.0 1.454 1.745
7257.0 1.745 1.238
10427.0 1.238 1.022
10727.0 1.022 1.0
7973.0 1.0 1.0
5826.0 1.0 1.029
4176.0 1.029 1.453
4176.0 1.453 1.744
6091.0 1.744 1.319
9591.0 1.319 1.112
10391.0 1.112 1.0
8221.0 1.0 1.0
6158.0 1.0 1.019
4250.0 1.019 1.451
4384.0 1.451 1.742
6039.0 1.742 1.321
9779.0 1.321 1.093
10681.0 1.093 1.0
8751.0 1.0 1.0
4289.0 1.0 1.476
4666.0 1.476 1.771
6671.0 1.771 1.299
8809.0 1.299 1.152
9239.0 1.152 1.044
7503.0 1.044 1.026
5708.0 1.026 1.047
4211.0 1.047 1.479
5227.0 1.479 1.17
7580.0 1.17 1.0
10358.0 1.0 1.0
8332.0 1.0 1.0
6437.0 1.0 1.024
4374.0 1.024 1.486
4459.0 1.486 1.783
6334.0 1.783 1.331
8450.0 1.331 1.184
8946.0 1.184 1.077
7364.0 1.077 1.065
5737.0 1.065 1.085
4202.0 1.085 1.535
4677.0 1.535 1.842
6903.0 1.842 1.334
9661.0 1.334 1.128
9677.0 1.128 1.019
7465.0 1.019 1.017
5727.0 1.017 1.038
4216.0 1.038 1.468
5475.0 1.468 1.146
8035.0 1.146 1.016
10011.0 1.016 1.0
8081.0 1.0 1.0
6102.0 1.0 1.017
4199.0 1.017 1.442
4745.0 1.442 1.731
7035.0 1.731 1.244
9537.0 1.244 1.06
9559.0 1.06 1.0
7143.0 1.0 1.005
5248.0 1.005 1.052
4388.0 1.052 1.478
6190.0 1.478 1.112
10216.0 1.112 1.0
10398.0 1.0 1.0
7028.0 1.0 1.027
4797.0 1.027 1.479
4380.0 1.479 1.775
5558.0 1.775 1.381
9650.0 1.381 1.135
11020.0 1.135 1.0
9666.0 1.0 1.0
5372.0 1.0 1.08
4252.0 1.08 1.408
5011.0 1.408 1.125
7914.0 1.125 1.0
11130.0 1.0 1.0
10028.0 1.0 1.0
6070.0 1.0 1.059
4247.0 1.059 1.506
4776.0 1.506 1.808
6645.0 1.808 1.327
10487.0 1.327 1.077
11281.0 1.077 1.0
9199.0 1.0 1.0
4821.0 1.0 1.484
4190.0 1.484 1.781
4948.0 1.781 2.137
8566.0 2.137 1.405
10654.0 1.405 1.187
10138.0 1.187 1.075
7494.0 1.075 1.077
5603.0 1.077 1.105
4298.0 1.105 1.561
4950.0 1.561 1.873
7351.0 1.873 1.323
10345.0 1.323 1.088
10591.0 1.088 1.0
8413.0 1.0 1.0
6266.0 1.0 1.018
4277.0 1.018 1.461
4452.0 1.461 1.753
6229.0 1.753 1.316
10283.0 1.316 1.068
11725.0 1.068 1.0
10189.0 1.0 1.0
5559.0 1.0 1.08
4253.0 1.08 1.524
4889.0 1.524 1.829
7074.0 1.829 1.311
10604.0 1.311 1.07
11496.0 1.07 1.0
9140.0 1.0 1.0
4594.0 1.0 1.484
4187.0 1.484 1.78
5321.0 1.78 1.401
9607.0 1.401 1.15
11243.0 1.15 1.0
9993.0 1.0 1.0
5783.0 1.0 1.052
4211.0 1.052 1.376
5099.0 1.376 1.095
7780.0 1.095 1.0
9996.0 1.0 1.0
8222.0 1.0 1.0
6495.0 1.0 1.018
4600.0 1.018 1.473
4749.0 1.473 1.767
6741.0 1.767 1.291
9697.0 1.291 1.09
9627.0 1.09 1.0
6729.0 1.0 1.025
4666.0 1.025 1.489
4486.0 1.489 1.787
5952.0 1.787 1.361
9516.0 1.361 1.138
10292.0 1.138 1.0
8302.0 1.0 1.0
6323.0 1.0 1.013
4230.0 1.013 1.444
4710.0 1.444 1.733
6926.0 1.733 1.253
9528.0 1.253 1.074
9318.0 1.074 1.0
6946.0 1.0 1.001
5051.0 1.001 1.039
4221.0 1.039 1.459
5922.0 1.459 1.113
10550.0 1.113 1.0
10910.0 1.0 1.0
7792.0 1.0 1.001
5561.0 1.001 1.052
4211.0 1.052 1.483
5689.0 1.483 1.146
8227.0 1.146 1.006
10031.0 1.006 1.0
8281.0 1.0 1.0
6470.0 1.0 1.014
4407.0 1.014 1.472
4200.0 1.472 1.766
5518.0 1.766 1.377
9394.0 1.377 1.161
10224.0 1.161 1.018
7682.0 1.018 1.019
5519.0 1.019 1.052
4274.0 1.052 1.485
4918.0 1.485 1.782
7629.0 1.782 1.238
10495.0 1.238 1.025
10877.0 1.025 1.0
8177.0 1.0 1.0
6030.0 1.0 1.04
4176.0 1.04 1.477
4423.0 1.477 1.773
6685.0 1.773 1.299
10259.0 1.299 1.057
11279.0 1.057 1.0
9161.0 1.0 1.0
4615.0 1.0 1.486
4252.0 1.486 1.784
5046.0 1.784 1.424
9518.0 1.424 1.184
11678.0 1.184 1.0
10676.0 1.0 1.0
6886.0 1.0 1.031
4403.0 1.031 1.505
4176.0 1.505 1.807
5033.0 1.807 1.443
9205.0 1.443 1.212
10935.0 1.212 1.02
9343.0 1.02 1.0
4883.0 1.0 1.468
4276.0 1.468 1.91
4933.0 1.91 2.292
8855.0 2.292 1.716
10733.0 1.716 1.46
10247.0 1.46 1.32
8171.0 1.32 1.29
4783.0 1.29 1.899
4197.0 1.899 2.478
4545.0 2.478 2.974
7975.0 2.974 2.025
10375.0 2.025 1.675
11302.0 1.675 1.429
9358.0 1.429 1.361
6694.0 1.361 1.402
4218.0 1.402 1.997
4480.0 1.997 2.396
8030.0 2.396 1.626
11147.0 1.626 1.314
10853.0 1.314 1.168
8495.0 1.168 1.151
4533.0 1.151 1.7
4176.0 1.7 2.213
4584.0 2.213 2.656
7534.0 2.656 2.125
10087.0 2.125 1.789
9751.0 1.789 1.627
7090.0 1.627 1.65
4352.0 1.65 2.402
4371.0 2.402 3.124
5421.0 3.124 2.446
9321.0 2.446 2.036
11058.0 2.036 1.701
11214.0 1.701 1.48
8580.0 1.48 1.459
5480.0 1.459 1.554
4236.0 1.554 2.241
4193.0 2.241 2.689
6598.0 2.689 1.979
10195.0 1.979 1.629
11590.0 1.629 1.38
9895.0 1.38 1.29
6723.0 1.29 1.336
4176.0 1.336 1.901
4457.0 1.901 2.281
8337.0 2.281 1.756
9996.0 1.756 1.524
8757.0 1.524 1.451
6403.0 1.451 1.482
4223.0 1.482 1.948
4718.0 1.948 2.338
8898.0 2.338 1.745
11331.0 1.745 1.443
11340.0 1.443 1.254
9374.0 1.254 1.199
5812.0 1.199 1.278
4251.0 1.278 1.805
4515.0 1.805 2.165
5294.0 2.165 1.707
9000.0 1.707 1.451
10862.0 1.451 1.219
10978.0 1.219 1.073
8626.0 1.073 1.045
4386.0 1.045 1.521
4177.0 1.521 1.825
5338.0 1.825 1.436
9690.0 1.436 1.171
11866.0 1.171 1.0
11134.0 1.0 1.0
7092.0 1.0 1.039
4609.0 1.039 1.5
4263.0 1.5 1.8
5259.0 1.8 1.421
9313.0 1.421 1.038
10781.0 1.038 1.0
9617.0 1.0 1.0
5407.0 1.0 1.075
4259.0 1.075 1.515
4897.0 1.515 1.818
7133.0 1.818 1.299
9685.0 1.299 1.104
9449.0 1.104 1.011
6585.0 1.011 1.038
4447.0 1.038 1.488
4218.0 1.488 1.785
6015.0 1.785 1.356
9991.0 1.356 1.104
11555.0 1.104 1.0
10449.0 1.0 1.0
6155.0 1.0 1.065
4201.0 1.065 1.509
4683.0 1.509 1.811
6729.0 1.811 1.323
10839.0 1.323 1.053
12269.0 1.053 1.0
10167.0 1.0 1.0
5537.0 1.0 1.061
4179.0 1.061 1.492
5102.0 1.492 1.188
7925.0 1.188 1.0
11003.0 1.0 1.0
9985.0 1.0 1.0
5775.0 1.0 1.068
4243.0 1.068 1.511
4295.0 1.511 1.813
5929.0 1.813 1.383
9465.0 1.383 1.161
10523.0 1.161 1.014
9071.0 1.014 1.0
5257.0 1.0 1.072
4329.0 1.072 1.505
5406.0 1.505 1.179
8192.0 1.179 1.0
10748.0 1.0 1.0
9646.0 1.0 1.0
5772.0 1.0 1.045
4245.0 1.045 1.491
4958.0 1.491 1.789
7693.0 1.789 1.239
11607.0 1.239 1.0
12499.0 1.0 1.0
9717.0 1.0 1.0
4415.0 1.0 1.469
4195.0 1.469 1.762
5835.0 1.762 1.351
9101.0 1.351 1.152
9447.0 1.152 1.041
7211.0 1.041 1.043
5399.0 1.043 1.073
4276.0 1.073 1.512
4818.0 1.512 1.814
7378.0 1.814 1.279
10580.0 1.279 1.047
11310.0 1.047 1.0
8776.0 1.0 1.0
4259.0 1.0 1.458
4326.0 1.458 1.75
6429.0 1.75 1.3
8955.0 1.3 1.144
8473.0 1.144 1.077
5879.0 1.077 1.115
4215.0 1.115 1.584
4806.0 1.584 1.9
7116.0 1.9 1.359
10910.0 1.359 1.08
11502.0 1.08 1.0
8876.0 1.0 1.0
4228.0 1.0 1.454
4531.0 1.454 1.745
6871.0 1.745 1.266
9959.0 1.266 1.053
10723.0 1.053 1.0
8447.0 1.0 1.0
4176.0 1.0 1.452
4318.0 1.452 1.742
5974.0 1.742 1.326
10134.0 1.326 1.079
11502.0 1.079 1.0
9866.0 1.0 1.0
5404.0 1.0 1.081
4176.0 1.081 1.521
5346.0 1.521 1.196
8110.0 1.196 1.054
11456.0 1.054 1.0
10046.0 1.0 1.0
5752.0 1.0 1.054
4176.0 1.054 1.494
4710.0 1.494 1.793
7204.0 1.793 1.276
10548.0 1.276 1.05
10414.0 1.05 1.0
7348.0 1.0 1.012
5033.0 1.012 1.058
4217.0 1.058 1.376
6564.0 1.376 1.014
11586.0 1.014 1.0
11396.0 1.0 1.0
7690.0 1.0 1.009
5123.0 1.009 1.08
4291.0 1.08 1.406
5464.0 1.406 1.099
8443.0 1.099 1.0
10787.0 1.0 1.0
8005.0 1.0 1.0
5606.0 1.0 1.038
4214.0 1.038 1.47
5064.0 1.47 1.172
7802.0 1.172 1.0
10864.0 1.0 1.0
9930.0 1.0 1.0
5888.0 1.0 1.062
4281.0 1.062 1.506
4463.0 1.506 1.807
6328.0 1.807 1.349
9912.0 1.349 1.119
11336.0 1.119 1.0
9848.0 1.0 1.0
5554.0 1.0 1.074
4236.0 1.074 1.515
4930.0 1.515 1.819
7504.0 1.819 1.273
10394.0 1.273 1.056
11148.0 1.056 1.0
8846.0 1.0 1.0
4384.0 1.0 1.458
4209.0 1.458 1.749
5890.0 1.749 1.337
10428.0 1.337 1.069
11738.0 1.069 1.0
9288.0 1.0 1.0
4322.0 1.0 1.458
4213.0 1.458 1.75
5896.0 1.75 1.337
11360.0 1.337 1.014
14096.0 1.014 1.0
12304.0 1.0 1.0
7086.0 1.0 1.061
4399.0 1.061 1.529
4318.0 1.529 1.835
5348.0 1.835 1.443
8322.0 1.443 1.26
8958.0 1.26 1.143
7562.0 1.143 1.116
4796.0 1.116 1.619
4387.0 1.619 1.943
5386.0 1.943 1.524
9544.0 1.524 1.256
12154.0 1.256 1.008
11556.0 1.008 1.0
7734.0 1.0 1.023
5167.0 1.023 1.099
4258.0 1.099 1.546
5618.0 1.546 1.199
11070.0 1.199 1.0
13186.0 1.0 1.0
10908.0 1.0 1.0
5858.0 1.0 1.084
4273.0 1.084 1.566
4674.0 1.566 1.879
6588.0 1.879 1.384
9022.0 1.384 1.204
8408.0 1.204 1.134
6390.0 1.134 1.148
4818.0 1.148 1.638
4604.0 1.638 1.966
6420.0 1.966 1.461
10344.0 1.461 1.189
11970.0 1.189 1.0
10862.0 1.0 1.0
6568.0 1.0 1.056
4276.0 1.056 1.534
4559.0 1.534 1.841
6360.0 1.841 1.372
10958.0 1.372 1.092
12340.0 1.092 1.0
10386.0 1.0 1.0
5504.0 1.0 1.09
4181.0 1.09 1.541
4803.0 1.541 1.849
6964.0 1.849 1.334
9166.0 1.334 1.157
8594.0 1.157 1.086
5924.0 1.086 1.114
4176.0 1.114 1.583
4555.0 1.583 1.899
6862.0 1.899 1.378
11240.0 1.378 1.071
12672.0 1.071 1.0
11014.0 1.0 1.0
6216.0 1.0 1.071
4176.0 1.071 1.526
4507.0 1.526 1.831
5606.0 1.831 1.42
9230.0 1.42 1.196
9934.0 1.196 1.059
7820.0 1.059 1.043
5895.0 1.043 1.066
4209.0 1.066 1.521
5124.0 1.521 1.209
7382.0 1.209 1.0
11216.0 1.0 1.0
10786.0 1.0 1.0
6660.0 1.0 1.045
4261.0 1.045 1.496
4217.0 1.496 1.795
5427.0 1.795 1.405
9539.0 1.405 1.166
10873.0 1.166 1.0
9491.0 1.0 1.0
5449.0 1.0 1.072
4354.0 1.072 1.512
6265.0 1.512 1.133
10127.0 1.133 1.0
10841.0 1.0 1.0
8143.0 1.0 1.0
5996.0 1.0 1.04
4335.0 1.04 1.477
5031.0 1.477 1.18
7629.0 1.18 1.0
11623.0 1.0 1.0
11193.0 1.0 1.0
7487.0 1.0 1.016
5004.0 1.016 1.089
4330.0 1.089 1.416
5309.0 1.416 1.115
8330.0 1.115 1.0
11492.0 1.0 1.0
10054.0 1.0 1.0
5844.0 1.0 1.068
4193.0 1.068 1.515
4594.0 1.515 1.818
7082.0 1.818 1.303
10556.0 1.303 1.065
10776.0 1.065 1.0
7430.0 1.0 1.019
4863.0 1.019 1.478
4232.0 1.478 1.922
4969.0 1.922 2.307
9201.0 2.307 1.709
11907.0 1.709 1.379
11775.0 1.379 1.19
9347.0 1.19 1.153
5149.0 1.153 1.254
4230.0 1.254 1.632
4633.0 1.632 1.958
6597.0 1.958 1.442
9899.0 1.442 1.2
11285.0 1.2 1.014
10053.0 1.014 1.0
5901.0 1.0 1.067
4250.0 1.067 1.529
4627.0 1.529 1.835
6748.0 1.835 1.34
10646.0 1.34 1.083
11310.0 1.083 1.0
8642.0 1.0 1.0
4176.0 1.0 1.474
4872.0 1.474 1.769
7038.0 1.769 1.271
9500.0 1.271 1.09
9480.0 1.09 1.0
6826.0 1.0 1.008
4847.0 1.008 1.451
4176.0 1.451 1.741
5075.0 1.741 1.388
9485.0 1.388 1.143
11593.0 1.143 1.0
10591.0 1.0 1.0
6717.0 1.0 1.044
4234.0 1.044 1.496
4438.0 1.496 1.795
5342.0 1.795 1.411
9034.0 1.411 1.191
9916.0 1.191 1.051
7822.0 1.051 1.034
5999.0 1.034 1.051
4315.0 1.051 1.492
4549.0 1.492 1.791
7205.0 1.791 1.275
10791.0 1.275 1.022
12071.0 1.022 1.0
9647.0 1.0 1.0
4933.0 1.0 1.473
4176.0 1.473 1.768
4593.0 1.768 2.121
6366.0 2.121 1.581
9490.0 1.581 1.329
10732.0 1.329 1.14
9950.0 1.14 1.044
7064.0 1.044 1.066
5023.0 1.066 1.12
4176.0 1.12 1.571
5514.0 1.571 1.225
10386.0 1.225 1.0
12132.0 1.0 1.0
10022.0 1.0 1.0
5308.0 1.0 1.089
4236.0 1.089 1.534
4969.0 1.534 1.841
7274.0 1.841 1.305
11032.0 1.305 1.042
12030.0 1.042 1.0
9514.0 1.0 1.0
4716.0 1.0 1.495
4268.0 1.495 1.794
5073.0 1.794 1.43
9263.0 1.43 1.205
10887.0 1.205 1.027
9551.0 1.027 1.0
5693.0 1.0 1.05
4222.0 1.05 1.489
5393.0 1.489 1.168
8036.0 1.168 1.0
11040.0 1.0 1.0
10358.0 1.0 1.0
6232.0 1.0 1.057
4347.0 1.057 1.506
4893.0 1.506 1.807
6927.0 1.807 1.306
10849.0 1.306 1.05
11523.0 1.05 1.0
9045.0 1.0 1.0
4331.0 1.0 1.48
4495.0 1.48 1.776
6430.0 1.776 1.319
10272.0 1.319 1.077
11658.0 1.077 1.0
9830.0 1.0 1.0
5536.0 1.0 1.075
4331.0 1.075 1.515
5736.0 1.515 1.168
10546.0 1.168 1.0
12372.0 1.0 1.0
9842.0 1.0 1.0
4876.0 1.0 1.469
4253.0 1.469 1.762
5396.0 1.762 1.382
9418.0 1.382 1.166
10382.0 1.166 1.002
8406.0 1.002 1.0
6358.0 1.0 1.03
4176.0 1.03 1.493
4458.0 1.493 1.791
6108.0 1.791 1.354
10538.0 1.354 1.083
12338.0 1.083 1.0
10928.0 1.0 1.0
6466.0 1.0 1.061
4176.0 1.061 1.52
4335.0 1.52 1.824
5247.0 1.824 1.442
8755.0 1.442 1.232
9635.0 1.232 1.095
7939.0 1.095 1.069
4521.0 1.069 1.561
4721.0 1.561 1.873
7204.0 1.873 1.333
11204.0 1.333 1.058
12728.0 1.058 1.0
10282.0 1.0 1.0
5148.0 1.0 1.099
4263.0 1.099 1.542
5724.0 1.542 1.189
8964.0 1.189 1.028
9118.0 1.028 1.0
6294.0 1.0 1.02
4315.0 1.02 1.457
4497.0 1.457 1.748
5922.0 1.748 1.334
10704.0 1.334 1.069
12066.0 1.069 1.0
9620.0 1.0 1.0
4654.0 1.0 1.469
4284.0 1.469 1.763
5177.0 1.763 1.398
9035.0 1.398 1.18
10137.0 1.18 1.032
8335.0 1.032 1.0
4395.0 1.0 1.466
4391.0 1.466 1.759
6104.0 1.759 1.329
10106.0 1.329 1.089
11342.0 1.089 1.0
9768.0 1.0 1.0
5306.0 1.0 1.082
4376.0 1.082 1.52
5958.0 1.52 1.158
10636.0 1.158 1.0
12172.0 1.0 1.0
9222.0 1.0 1.0
4256.0 1.0 1.485
4375.0 1.485 1.781
5993.0 1.781 1.354
9949.0 1.354 1.112
10747.0 1.112 1.0
8659.0 1.0 1.0
4197.0 1.0 1.474
4473.0 1.474 1.769
6554.0 1.769 1.305
10526.0 1.305 1.053
11524.0 1.053 1.0
8832.0 1.0 1.0
4176.0 1.0 1.448
4542.0 1.448 1.737
6855.0 1.737 1.261
10235.0 1.261 1.032
10025.0 1.032 1.0
7259.0 1.0 1.004
5112.0 1.004 1.045
4176.0 1.045 1.467
6069.0 1.467 1.111
11265.0 1.111 1.0
12517.0 1.0 1.0
9735.0 1.0 1.0
4517.0 1.0 1.47
4432.0 1.47 1.764
5490.0 1.764 1.377
9186.0 1.377 1.161
10018.0 1.161 1.026
7726.0 1.026 1.016
5794.0 1.016 1.04
4295.0 1.04 1.474
4944.0 1.474 1.768
7780.0 1.768 1.218
11332.0 1.218 1.0
12078.0 1.0 1.0
9296.0 1.0 1.0
4414.0 1.0 1.465
4448.0 1.465 1.758
5738.0 1.758 1.354
9568.0 1.354 1.127
10450.0 1.127 1.0
7726.0 1.0 1.0
5327.0 1.0 1.041
4202.0 1.041 1.357
5475.0 1.357 1.06
8238.0 1.06 1.0
10356.0 1.0 1.0
8162.0 1.0 1.0
6099.0 1.0 1.018
4234.0 1.018 1.447
4936.0 1.447 1.737
7248.0 1.737 1.233
10794.0 1.233 1.001
10788.0 1.001 1.0
7354.0 1.0 1.009
5039.0 1.009 1.057
4235.0 1.057 1.483
5781.0 1.483 1.14
10177.0 1.14 1.0
10473.0 1.0 1.0
6767.0 1.0 1.039
4452.0 1.039 1.493
4252.0 1.493 1.792
5903.0 1.792 1.369
9999.0 1.369 1.116
11601.0 1.116 1.0
10405.0 1.0 1.0
6195.0 1.0 1.06
4176.0 1.06 1.512
4295.0 1.512 1.814
6100.0 1.814 1.372
9640.0 1.372 1.144
10344.0 1.144 1.004
7674.0 1.004 1.004
5311.0 1.004 1.044
4262.0 1.044 1.47
5434.0 1.47 1.15
7750.0 1.15 1.033
10112.0 1.033 1.0
8032.0 1.0 1.0
6305.0 1.0 1.008
4176.0 1.008 1.437
4394.0 1.437 1.725
6413.0 1.725 1.282
10311.0 1.282 1.048
11585.0 1.048 1.0
9415.0 1.0 1.0
4785.0 1.0 1.467
4279.0 1.467 1.76
4918.0 1.76 2.112
8844.0 2.112 1.365
10287.0 1.365 1.18
9671.0 1.18 1.081
6867.0 1.081 1.093
4681.0 1.093 1.58
4355.0 1.58 1.896
5476.0 1.896 1.48
8828.0 1.48 1.282
9680.0 1.282 1.14
8266.0 1.14 1.097
5210.0 1.097 1.149
4176.0 1.149 1.614
4709.0 1.614 1.937
6952.0 1.937 1.399
10496.0 1.399 1.148
11772.0 1.148 1.0
10406.0 1.0 1.0
6028.0 1.0 1.066
4334.0 1.066 1.514
4661.0 1.514 1.817
6306.0 1.817 1.359
9440.0 1.359 1.15
10276.0 1.15 1.01
8522.0 1.01 1.0
4386.0 1.0 1.47
4341.0 1.47 1.764
5734.0 1.764 1.359
10352.0 1.359 1.086
12286.0 1.086 1.0
10842.0 1.0 1.0
6212.0 1.0 1.069
4176.0 1.069 1.524
4954.0 1.524 1.829
7391.0 1.829 1.288
10165.0 1.288 1.08
10573.0 1.08 1.0
8279.0 1.0 1.0
6216.0 1.0 1.017
4210.0 1.017 1.449
4750.0 1.449 1.739
7069.0 1.739 1.247
11129.0 1.247 1.0
12199.0 1.0 1.0
9501.0 1.0 1.0
4619.0 1.0 1.494
4257.0 1.494 1.793
4909.0 1.793 2.152
10021.0 2.152 1.532
12946.0 1.532 1.2
11947.0 1.2 1.06
8369.0 1.06 1.066
4237.0 1.066 1.543
4593.0 1.543 1.852
6511.0 1.852 1.369
10827.0 1.369 1.087
12349.0 1.087 1.0
10673.0 1.0 1.0
5875.0 1.0 1.082
4279.0 1.082 1.531
4952.0 1.531 1.838
7080.0 1.838 1.317
10150.0 1.317 1.111
10512.0 1.111 1.0
8330.0 1.0 1.0
6351.0 1.0 1.018
4208.0 1.018 1.446
4535.0 1.446 1.736
7010.0 1.736 1.249
11052.0 1.249 1.0
12308.0 1.0 1.0
10030.0 1.0 1.0
5148.0 1.0 1.094
4300.0 1.094 1.535
6085.0 1.535 1.161
11207.0 1.161 1.0
12033.0 1.0 1.0
8915.0 1.0 1.0
4234.0 1.0 1.454
4302.0 1.454 1.744
5547.0 1.744 1.357
9303.0 1.357 1.142
10549.0 1.142 1.0
8937.0 1.0 1.0
4895.0 1.0 1.478
4555.0 1.478 1.774
5727.0 1.774 1.367
10313.0 1.367 1.093
11565.0 1.093 1.0
9717.0 1.0 1.0
5255.0 1.0 1.063
4449.0 1.063 1.492
5657.0 1.492 1.154
8563.0 1.154 1.004
10643.0 1.004 1.0
9107.0 1.0 1.0
5149.0 1.0 1.077
4321.0 1.077 1.512
5934.0 1.512 1.153
9040.0 1.153 1.0
9256.0 1.0 1.0
6474.0 1.0 1.029
4663.0 1.029 1.471
4402.0 1.471 1.765
5800.0 1.765 1.356
9670.0 1.356 1.121
10314.0 1.121 1.0
7426.0 1.0 1.01
4859.0 1.01 1.463
4326.0 1.463 1.756
5189.0 1.756 1.392
9849.0 1.392 1.125
11903.0 1.125 1.0
9991.0 1.0 1.0
5361.0 1.0 1.063
4256.0 1.063 1.497
5092.0 1.497 1.192
7344.0 1.192 1.0
10136.0 1.0 1.0
9034.0 1.0 1.0
4992.0 1.0 1.481
4365.0 1.481 1.934
4606.0 1.934 2.32
8468.0 2.32 1.785
10736.0 1.785 1.512
9140.0 1.512 1.434
6200.0 1.434 1.499
4219.0 1.499 1.967
4427.0 1.967 2.36
7933.0 2.36 1.853
10132.0 1.853 1.586
9649.0 1.586 1.451
8065.0 1.451 1.416
5323.0 1.416 1.5
4176.0 1.5 2.112
4278.0 2.112 2.535
6864.0 2.535 1.839
9888.0 1.839 1.539
9210.0 1.539 1.439
7052.0 1.439 1.444
4198.0 1.444 2.057
4245.0 2.057 2.468
6363.0 2.468 1.84
9347.0 1.84 1.552
11282.0 1.552 1.303
9650.0 1.303 1.225
6174.0 1.225 1.273
4319.0 1.273 1.845
4210.0 1.845 2.214
4734.0 2.214 2.657
8024.0 2.657 2.076
10835.0 2.076 1.7
10385.0 1.7 1.533
7157.0 1.533 1.569
4186.0 1.569 2.245
4389.0 2.245 2.919
5683.0 2.919 2.256
8129.0 2.256 1.998
9326.0 1.998 1.781
8741.0 1.781 1.669
7317.0 1.669 1.646
5093.0 1.646 1.712
4185.0 1.712 2.412
4314.0 2.412 2.895
6468.0 2.895 2.146
10482.0 2.146 1.749
12114.0 1.749 1.437
10896.0 1.437 1.305
8126.0 1.305 1.311
4375.0 1.311 1.901
4176.0 1.901 2.281
4550.0 2.281 2.737
6888.0 2.737 1.983
10230.0 1.983 1.633
10473.0 1.633 1.444
7218.0 1.444 1.466
4176.0 1.466 2.139
4236.0 2.139 2.567
6780.0 2.567 1.871
10179.0 1.871 1.551
10914.0 1.551 1.353
8019.0 1.353 1.348
4769.0 1.348 1.983
4176.0 1.983 2.59
4302.0 2.59 3.108
5926.0 3.108 2.371
9364.0 2.371 1.983
10939.0 1.983 1.673
10255.0 1.673 1.518
7375.0 1.518 1.531
4397.0 1.531 2.24
4176.0 2.24 2.688
5149.0 2.688 2.134
7683.0 2.134 1.695
9595.0 1.695 1.46
10295.0 1.46 1.277
9139.0 1.277 1.199
6573.0 1.199 1.213
4737.0 1.213 1.75
4280.0 1.75 2.1
4578.0 2.1 2.52
8462.0 2.52 1.927
11597.0 1.927 1.562
12137.0 1.562 1.315
9437.0 1.315 1.271
5659.0 1.271 1.367
4176.0 1.367 1.943
4251.0 1.943 2.332
5028.0 2.332 1.863
8282.0 1.863 1.626
10384.0 1.626 1.38
10996.0 1.38 1.196
9926.0 1.196 1.106
6216.0 1.106 1.162
4288.0 1.162 1.678
4222.0 1.678 2.014
5074.0 2.014 1.605
8696.0 1.605 1.378
10350.0 1.378 1.185
9770.0 1.185 1.083
7194.0 1.083 1.096
5106.0 1.096 1.159
4269.0 1.159 1.627
4549.0 1.627 1.953
6331.0 1.953 1.458
9861.0 1.458 1.207
10625.0 1.207 1.05
8221.0 1.05 1.031
4413.0 1.031 1.482
4605.0 1.482 1.779
6550.0 1.779 1.313
10156.0 1.313 1.076
11312.0 1.076 1.0
9216.0 1.0 1.0
4838.0 1.0 1.478
4272.0 1.478 1.774
5195.0 1.774 1.405
9781.0 1.405 1.155
11617.0 1.155 1.0
10263.0 1.0 1.0
6137.0 1.0 1.059
4176.0 1.059 1.534
4776.0 1.534 1.841
6997.0 1.841 1.325
9327.0 1.325 1.145
9517.0 1.145 1.042
7527.0 1.042 1.035
5802.0 1.035 1.055
4176.0 1.055 1.5
4729.0 1.5 1.801
7163.0 1.801 1.285
10633.0 1.285 1.043
10585.0 1.043 1.0
7147.0 1.0 1.026
4664.0 1.026 1.482
4177.0 1.482 1.778
5047.0 1.778 1.419
8987.0 1.419 1.208
10105.0 1.208 1.041
8217.0 1.041 1.01
4255.0 1.01 1.454
4746.0 1.454 1.744
6999.0 1.744 1.256
10837.0 1.256 1.01
11665.0 1.01 1.0
9055.0 1.0 1.0
4341.0 1.0 1.455
4267.0 1.455 1.746
5690.0 1.746 1.349
9960.0 1.349 1.097
11548.0 1.097 1.0
9760.0 1.0 1.0
5298.0 1.0 1.064
4207.0 1.064 1.499
4838.0 1.499 1.799
6847.0 1.799 1.306
10055.0 1.306 1.087
10643.0 1.087 1.0
8289.0 1.0 1.0
6226.0 1.0 1.016
4275.0 1.016 1.443
4292.0 1.443 1.731
6417.0 1.731 1.287
10687.0 1.287 1.033
12089.0 1.033 1.0
10103.0 1.0 1.0
5389.0 1.0 1.086
4328.0 1.086 1.528
5007.0 1.528 1.222
7292.0 1.222 1.0
10940.0 1.0 1.0
9082.0 1.0 1.0
4536.0 1.0 1.481
4365.0 1.481 1.777
5464.0 1.777 1.389
9816.0 1.389 1.134
11426.0 1.134 1.0
10224.0 1.0 1.0
5846.0 1.0 1.07
4194.0 1.07 1.545
4450.0 1.545 1.854
6712.0 1.854 1.356
10286.0 1.356 1.129
11104.0 1.129 1.0
9070.0 1.0 1.0
4692.0 1.0 1.458
4369.0 1.458 1.75
6472.0 1.75 1.297
10258.0 1.297 1.073
11762.0 1.073 1.0
9878.0 1.0 1.0
5416.0 1.0 1.08
4355.0 1.08 1.52
5328.0 1.52 1.196
7918.0 1.196 1.062
10676.0 1.062 1.0
9716.0 1.0 1.0
5674.0 1.0 1.054
4215.0 1.054 1.485
4519.0 1.485 1.782
6810.0 1.782 1.296
10516.0 1.296 1.055
10588.0 1.055 1.0
7424.0 1.0 1.007
4941.0 1.007 1.458
4218.0 1.458 1.896
4682.0 1.896 2.275
8708.0 2.275 1.724
10169.0 1.724 1.474
8825.0 1.474 1.404
6017.0 1.404 1.465
4249.0 1.465 2.071
4490.0 2.071 2.485
7674.0 2.485 1.971
10581.0 1.971 1.645
10662.0 1.645 1.454
7686.0 1.454 1.464
4888.0 1.464 2.113
4202.0 2.113 2.756
4613.0 2.756 3.307
6967.0 3.307 2.386
9805.0 2.386 1.996
10942.0 1.996 1.705
10087.0 1.705 1.557
6817.0 1.557 1.596
4176.0 1.596 2.32
4260.0 2.32 2.784
5798.0 2.784 2.138
9138.0 2.138 1.804
11904.0 1.804 1.46
11214.0 1.46 1.299
8630.0 1.299 1.274
4952.0 1.274 1.892
4251.0 1.892 2.469
4489.0 2.469 2.963
7055.0 2.963 2.127
9761.0 2.127 1.794
9608.0 1.794 1.631
7328.0 1.631 1.624
4698.0 1.624 2.341
4218.0 2.341 2.81
5459.0 2.81 2.196
8351.0 2.196 1.92
10253.0 1.92 1.651
9743.0 1.651 1.509
8159.0 1.509 1.474
5701.0 1.474 1.544
4224.0 1.544 2.194
4225.0 2.194 2.633
5858.0 2.633 2.016
8934.0 2.016 1.729
10560.0 1.729 1.456
9342.0 1.456 1.367
7060.0 1.367 1.388
4188.0 1.388 1.983
4697.0 1.983 2.38
8191.0 2.38 1.851
10228.0 1.851 1.571
10144.0 1.571 1.413
8292.0 1.413 1.381
5156.0 1.381 1.45
4176.0 1.45 2.047
4591.0 2.047 2.661
6921.0 2.661 1.924
9828.0 1.924 1.624
10182.0 1.624 1.444
9104.0 1.444 1.356
6646.0 1.356 1.378
4247.0 1.378 1.954
4299.0 1.954 2.345
6024.0 2.345 1.78
8646.0 1.78 1.36
9820.0 1.36 1.194
9580.0 1.194 1.091
6774.0 1.091 1.103
4910.0 1.103 1.585
4188.0 1.585 2.063
4617.0 2.063 2.475
8187.0 2.475 1.927
10299.0 1.927 1.619
10083.0 1.619 1.465
8131.0 1.465 1.437
5169.0 1.437 1.507
4176.0 1.507 2.15
4804.0 2.15 2.579
7444.0 2.579 2.071
9379.0 2.071 1.824
8821.0 1.824 1.704
7455.0 1.704 1.673
5269.0 1.673 1.731
4707.0 1.731 2.429
5456.0 2.429 1.899
8244.0 1.899 1.674
9090.0 1.674 1.501
7902.0 1.501 1.451
5468.0 1.451 1.503
4176.0 1.503 2.133
4176.0 2.133 2.777
5511.0 2.777 2.164
8079.0 2.164 1.912
10146.0 1.912 1.644
9660.0 1.644 1.507
7698.0 1.507 1.492
4884.0 1.492 2.182
4176.0 2.182 2.868
4741.0 2.868 3.442
7167.0 3.442 2.455
9801.0 2.455 2.06
10734.0 2.06 1.78
9858.0 1.78 1.641
7128.0 1.641 1.648
4243.0 1.648 2.355
4382.0 2.355 2.826
6534.0 2.826 2.088
9330.0 2.088 1.781
10128.0 1.781 1.552
8499.0 1.552 1.494
6095.0 1.494 1.528
4176.0 1.528 2.163
4744.0 2.163 2.596
7856.0 2.596 2.042
10442.0 2.042 1.704
10379.0 1.704 1.515
7691.0 1.515 1.516
4601.0 1.516 2.181
4274.0 2.181 2.848
5618.0 2.848 2.208
8086.0 2.208 1.965
9376.0 1.965 1.747
8659.0 1.747 1.644
7055.0 1.644 1.637
4927.0 1.637 2.353
4324.0 2.353 3.075
4592.0 3.075 3.69
6744.0 3.69 2.695
9033.0 2.695 2.319
9459.0 2.319 2.083
8277.0 2.083 1.997
5853.0 1.997 2.074
4208.0 2.074 2.941
4680.0 2.941 3.529
6916.0 3.529 2.553
8809.0 2.553 2.232
9214.0 2.232 2.025
7771.0 2.025 1.969
6147.0 1.969 2.011
4285.0 2.011 2.888
4761.0 2.888 3.466
6975.0 3.466 2.499
8568.0 2.499 2.233
8928.0 2.233 2.041
7743.0 2.041 1.975
6101.0 1.975 1.998
4353.0 1.998 2.864
5009.0 2.864 2.29
7259.0 2.29 1.855
9123.0 1.855 1.603
8814.0 1.603 1.491
7010.0 1.491 1.484
4496.0 1.484 2.123
4325.0 2.123 2.547
5773.0 2.547 1.959
8381.0 1.959 1.724
9501.0 1.724 1.531
9277.0 1.531 1.402
7569.0 1.402 1.379
5179.0 1.379 1.45
4311.0 1.45 2.033
4179.0 2.033 2.439
6619.0 2.439 1.793
9269.0 1.793 1.521
10013.0 1.521 1.34
9321.0 1.34 1.243
6539.0 1.243 1.272
4952.0 1.272 1.829
4216.0 1.829 2.194
4579.0 2.194 2.633
7549.0 2.633 1.838
9601.0 1.838 1.599
8413.0 1.599 1.526
6419.0 1.526 1.555
4177.0 1.555 2.213
4273.0 2.213 2.655
7055.0 2.655 1.906
10280.0 1.906 1.587
10676.0 1.587 1.4
7808.0 1.4 1.393
4724.0 1.393 2.046
4176.0 2.046 2.456
4766.0 2.456 2.947
7966.0 2.947 2.008
9949.0 2.008 1.731
9340.0 1.731 1.61
7644.0 1.61 1.581
4880.0 1.581 2.324
4176.0 2.324 3.036
4992.0 3.036 3.643
7072.0 3.643 2.613
10400.0 2.613 2.148
11244.0 2.148 1.839
9948.0 1.839 1.703
6672.0 1.703 1.768
4227.0 1.768 2.524
4238.0 2.524 3.029
5170.0 3.029 2.402
7488.0 2.402 2.169
10380.0 2.169 1.784
10623.0 1.784 1.575
8430.0 1.575 1.531
5686.0 1.531 1.612
4189.0 1.612 2.269
4832.0 2.269 2.723
8140.0 2.723 1.836
10594.0 1.836 1.53
10486.0 1.53 1.368
8854.0 1.368 1.311
5746.0 1.311 1.381
4264.0 1.381 1.962
4417.0 1.962 2.354
5971.0 2.354 1.792
9211.0 1.792 1.51
10537.0 1.51 1.294
10265.0 1.294 1.165
7873.0 1.165 1.16
4209.0 1.16 1.7
4286.0 1.7 2.04
5280.0 2.04 1.609
9262.0 1.609 1.353
10774.0 1.353 1.158
10132.0 1.158 1.052
7130.0 1.052 1.072
5064.0 1.072 1.137
4235.0 1.137 1.595
5460.0 1.595 1.247
9234.0 1.247 1.067
9964.0 1.067 1.0
7906.0 1.0 1.0
6011.0 1.0 1.029
4247.0 1.029 1.469
4726.0 1.469 1.763
7123.0 1.763 1.26
10055.0 1.26 1.055
10931.0 1.055 1.0
8183.0 1.0 1.0
6036.0 1.0 1.022
4250.0 1.022 1.453
4506.0 1.453 1.744
6504.0 1.744 1.29
9750.0 1.29 1.082
9842.0 1.082 1.0
6824.0 1.0 1.023
4593.0 1.023 1.47
4461.0 1.47 1.764
5938.0 1.764 1.345
9800.0 1.345 1.11
11098.0 1.11 1.0
9658.0 1.0 1.0
5280.0 1.0 1.061
4251.0 1.061 1.49
5450.0 1.49 1.165
8348.0 1.165 1.018
11320.0 1.018 1.0
10182.0 1.0 1.0
5888.0 1.0 1.071
4257.0 1.071 1.51
4492.0 1.51 1.812
6039.0 1.812 1.375
9485.0 1.375 1.168
10297.0 1.168 1.025
8687.0 1.025 1.0
4463.0 1.0 1.458
4289.0 1.458 1.749
5549.0 1.749 1.361
9497.0 1.361 1.123
10857.0 1.123 1.0
9427.0 1.0 1.0
5049.0 1.0 1.072
4275.0 1.072 1.395
6394.0 1.395 1.038
10576.0 1.038 1.0
9756.0 1.0 1.0
5546.0 1.0 1.057
4285.0 1.057 1.38
5626.0 1.38 1.07
8242.0 1.07 1.0
10340.0 1.0 1.0
8482.0 1.0 1.0
4440.0 1.0 1.47
4387.0 1.47 1.764
6285.0 1.764 1.321
9729.0 1.321 1.106
11049.0 1.106 1.0
9131.0 1.0 1.0
4176.0 1.0 1.486
4223.0 1.486 1.783
4206.0 1.783 2.14
4287.0 2.14 2.568
4176.0 2.568 3.081
4254.0 3.081 3.698
5156.0 3.698 2.935
7124.0 2.935 2.692
8570.0 2.692 2.422
8147.0 2.422 2.29
6842.0 2.29 2.275
5512.0 2.275 2.326
4176.0 2.326 3.28
5398.0 3.28 2.572
9181.0 2.572 2.177
11593.0 2.177 1.776
11884.0 1.776 1.513
9541.0 1.513 1.448
6437.0 1.448 1.508
4188.0 1.508 1.982
4601.0 1.982 2.378
6491.0 2.378 1.761
8627.0 1.761 1.556
9027.0 1.556 1.417
7745.0 1.417 1.376
5395.0 1.376 1.428
4176.0 1.428 2.026
4263.0 2.026 2.432
6091.0 2.432 1.839
9811.0 1.839 1.528
11740.0 1.528 1.269
10195.0 1.269 1.174
6715.0 1.174 1.208
4475.0 1.208 1.737
4269.0 1.737 2.084
4837.0 2.084 2.501
7737.0 2.501 1.988
8610.0 1.988 1.818
7962.0 1.818 1.737
6228.0 1.737 1.763
4316.0 1.763 2.501
4477.0 2.501 3.259
5451.0 3.259 2.549
9519.0 2.549 2.121
12345.0 2.121 1.669
12545.0 1.669 1.415
9032.0 1.415 1.401
4902.0 1.401 2.055
4176.0 2.055 2.717
4562.0 2.717 3.26
6576.0 3.26 2.403
9219.0 2.403 2.063
9927.0 2.063 1.823
9153.0 1.823 1.703
7613.0 1.703 1.677
5085.0 1.677 1.768
4219.0 1.768 2.478
5070.0 2.478 1.975
7744.0 1.975 1.562
10112.0 1.562 1.316
10724.0 1.316 1.146
9482.0 1.146 1.072
5908.0 1.072 1.123
4176.0 1.123 1.598
4525.0 1.598 1.917
6210.0 1.917 1.441
9914.0 1.441 1.186
10790.0 1.186 1.026
8720.0 1.026 1.0
4176.0 1.0 1.444
4449.0 1.444 1.733
6160.0 1.733 1.306
8676.0 1.306 1.152
8928.0 1.152 1.058
7202.0 1.058 1.043
5432.0 1.043 1.072
4328.0 1.072 1.507
5225.0 1.507 1.192
7515.0 1.192 1.0
11063.0 1.0 1.0
8785.0 1.0 1.0
4272.0 1.0 1.46
4684.0 1.46 1.752
6374.0 1.752 1.305
9666.0 1.305 1.093
10246.0 1.093 1.0
8056.0 1.0 1.0
6161.0 1.0 1.017
4194.0 1.017 1.439
4525.0 1.439 1.726
6633.0 1.726 1.268
10287.0 1.268 1.039
10323.0 1.039 1.0
6501.0 1.0 1.036
4176.0 1.036 1.497
4415.0 1.497 1.797
5662.0 1.797 1.39
9448.0 1.39 1.171
9978.0 1.171 1.043
7568.0 1.043 1.035
5348.0 1.035 1.077
4176.0 1.077 1.404
5211.0 1.404 1.111
8097.0 1.111 1.0
10951.0 1.0 1.0
9261.0 1.0 1.0
4967.0 1.0 1.465
4176.0 1.465 1.758
4630.0 1.758 2.11
6042.0 2.11 1.6
9292.0 1.6 1.369
10158.0 1.369 1.2
7646.0 1.2 1.196
4250.0 1.196 1.721
4799.0 1.721 2.065
6023.0 2.065 1.568
7083.0 1.568 1.464
5967.0 1.464 1.469
4256.0 1.469 2.076
4603.0 2.076 2.491
7047.0 2.491 1.789
8550.0 1.789 1.604
8008.0 1.604 1.522
6464.0 1.522 1.522
4176.0 1.522 2.174
4447.0 2.174 2.609
6503.0 2.609 1.93
8381.0 1.93 1.739
7943.0 1.739 1.651
7047.0 1.651 1.62
5131.0 1.62 1.676
4188.0 1.676 2.361
4284.0 2.361 3.077
6284.0 3.077 2.303
8297.0 2.303 2.056
8384.0 2.056 1.902
6896.0 1.902 1.886
5154.0 1.886 1.969
4299.0 1.969 2.764
6135.0 2.764 2.086
8475.0 2.086 1.845
8256.0 1.845 1.736
6996.0 1.736 1.708
5158.0 1.708 1.764
4331.0 1.764 2.296
5254.0 2.296 1.813
8060.0 1.813 1.598
8656.0 1.598 1.456
8082.0 1.456 1.385
5974.0 1.385 1.42
5081.0 1.42 1.449
4234.0 1.449 2.042
4865.0 2.042 2.451
7765.0 2.451 1.948
8767.0 1.948 1.769
6676.0 1.769 1.782
4604.0 1.782 2.547
4208.0 2.547 3.057
5223.0 3.057 2.418
7341.0 2.418 2.205
8958.0 2.205 1.956
8301.0 1.956 1.851
6887.0 1.851 1.842
5321.0 1.842 1.887
4278.0 1.887 2.459
4926.0 2.459 2.951
7550.0 2.951 2.06
8876.0 2.06 1.815
7412.0 1.815 1.775
5326.0 1.775 1.838
4286.0 1.838 2.583
5151.0 2.583 2.051
7431.0 2.051 1.65
8685.0 1.65 1.465
8523.0 1.465 1.367
6817.0 1.367 1.364
4709.0 1.364 1.955
4251.0 1.955 2.549
4592.0 2.549 3.059
6786.0 3.059 2.229
9087.0 2.229 1.949
8973.0 1.949 1.802
6978.0 1.802 1.795
4740.0 1.795 2.586
4409.0 2.586 3.103
6193.0 3.103 2.334
9031.0 2.334 2.016
9265.0 2.016 1.835
7780.0 1.835 1.788
5880.0 1.788 1.826
4176.0 1.826 2.589
4303.0 2.589 3.107
6177.0 3.107 2.339
8436.0 2.339 2.068
8943.0 2.068 1.883
7863.0 1.883 1.815
6199.0 1.815 1.843
4451.0 1.843 2.64
4330.0 2.64 3.168
5042.0 3.168 2.529
7186.0 2.529 2.056
9769.0 2.056 1.749
9289.0 1.749 1.618
7609.0 1.618 1.586
5147.0 1.586 1.671
4213.0 1.671 2.353
4195.0 2.353 3.067
5921.0 3.067 2.341
8663.0 2.341 2.045
9095.0 2.045 1.857
7793.0 1.857 1.801
6005.0 1.801 1.833
4220.0 1.833 2.617
4181.0 2.617 3.14
6377.0 3.14 2.339
8639.0 2.339 2.058
8306.0 2.058 1.932
5906.0 1.932 1.984
4269.0 1.984 2.807
5144.0 2.807 2.229
7272.0 2.229 2.03
8682.0 2.03 1.823
8379.0 1.823 1.707
7429.0 1.707 1.659
5513.0 1.659 1.701
4324.0 1.701 2.221
4562.0 2.221 2.665
7538.0 2.665 2.134
9284.0 2.134 1.882
8918.0 1.882 1.749
7332.0 1.749 1.727
5150.0 1.727 1.801
4505.0 1.801 2.344
5107.0 2.344 1.865
7729.0 1.865 1.664
9341.0 1.664 1.464
8261.0 1.464 1.401
5963.0 1.401 1.428
4217.0 1.428 2.025
4373.0 2.025 2.43
7033.0 2.43 1.746
8782.0 1.746 1.568
7926.0 1.568 1.505
5886.0 1.505 1.537
4247.0 1.537 2.168
4727.0 2.168 2.601
7937.0 2.601 1.775
10040.0 1.775 1.525
9122.0 1.525 1.425
6700.0 1.425 1.448
4232.0 1.448 2.062
4261.0 2.062 2.475
6821.0 2.475 1.799
8815.0 1.799 1.583
8919.0 1.583 1.45
7907.0 1.45 1.399
5829.0 1.399 1.431
4493.0 1.431 2.043
4457.0 2.043 2.451
6771.0 2.451 1.787
8615.0 1.787 1.585
9075.0 1.585 1.44
7989.0 1.44 1.384
5665.0 1.384 1.424
4435.0 1.424 2.026
4382.0 2.026 2.431
6626.0 2.431 1.787
8580.0 1.787 1.581
8868.0 1.581 1.448
7926.0 1.448 1.389
5580.0 1.389 1.431
4286.0 1.431 2.033
4228.0 2.033 2.439
6500.0 2.439 1.805
8562.0 1.805 1.591
8526.0 1.591 1.478
6808.0 1.478 1.479
4176.0 1.479 2.113
4371.0 2.113 2.536
6625.0 2.536 1.864
8447.0 1.864 1.662
8119.0 1.662 1.567
6355.0 1.567 1.587
4227.0 1.587 2.262
4334.0 2.262 2.943
5505.0 2.943 2.295
7829.0 2.295 1.817
10058.0 1.817 1.556
9050.0 1.556 1.461
6844.0 1.461 1.467
4176.0 1.467 2.107
4366.0 2.107 2.528
6594.0 2.528 1.861
8312.0 1.861 1.653
9148.0 1.653 1.48
8588.0 1.48 1.389
6918.0 1.389 1.379
4248.0 1.379 1.97
4270.0 1.97 2.363
5273.0 2.363 1.865
7953.0 1.865 1.463
9563.0 1.463 1.273
8937.0 1.273 1.187
6501.0 1.187 1.205
4926.0 1.205 1.732
4294.0 1.732 2.078
4877.0 2.078 2.494
8005.0 2.494 1.964
9520.0 1.964 1.731
8542.0 1.731 1.642
6676.0 1.642 1.656
4538.0 1.656 2.359
4397.0 2.359 3.067
5383.0 3.067 2.407
7435.0 2.407 1.941
8584.0 1.941 1.755
8280.0 1.755 1.655
6800.0 1.655 1.65
4658.0 1.65 2.37
4176.0 2.37 3.102
5498.0 3.102 2.42
8333.0 2.42 2.114
9032.0 2.114 1.913
7544.0 1.913 1.873
5938.0 1.873 1.913
4237.0 1.913 2.716
4576.0 2.716 3.537
5748.0 3.537 2.724
8412.0 2.724 2.391
9189.0 2.391 2.129
8337.0 2.129 2.027
6012.0 2.027 2.089
4289.0 2.089 2.956
4572.0 2.956 3.547
6248.0 3.547 2.66
8597.0 2.66 2.317
9152.0 2.317 2.098
8042.0 2.098 2.017
6878.0 2.017 1.995
5054.0 1.995 2.085
4332.0 2.085 2.931
6392.0 2.931 2.181
7994.0 2.181 1.969
7130.0 1.969 1.92
6026.0 1.92 1.926
4450.0 1.926 2.734
5374.0 2.734 2.146
7174.0 2.146 1.753
8206.0 1.753 1.6
7136.0 1.6 1.568
4810.0 1.568 2.261
4274.0 2.261 2.965
5052.0 2.965 2.365
6998.0 2.365 1.941
8928.0 1.941 1.701
8052.0 1.701 1.627
5850.0 1.627 1.669
4291.0 1.669 2.353
4574.0 2.353 2.824
6972.0 2.824 2.036
8835.0 2.036 1.812
8571.0 1.812 1.694
7479.0 1.694 1.653
5739.0 1.653 1.683
4176.0 1.683 2.389
4523.0 2.389 2.866
6943.0 2.866 2.07
9022.0 2.07 1.821
8962.0 1.821 1.685
7750.0 1.685 1.641
5452.0 1.641 1.696
4417.0 1.696 2.213
5150.0 2.213 1.757
8016.0 1.757 1.372
9322.0 1.372 1.222
8686.0 1.222 1.148
6282.0 1.148 1.17
4638.0 1.17 1.668
4380.0 1.668 2.179
5616.0 2.179 1.69
8112.0 1.69 1.497
7774.0 1.497 1.424
5310.0 1.424 1.48
4199.0 1.48 2.089
4364.0 2.089 2.507
5854.0 2.507 1.92
7684.0 1.92 1.744
7874.0 1.744 1.639
7174.0 1.639 1.59
5684.0 1.59 1.61
4246.0 1.61 2.104
5216.0 2.104 1.665
8024.0 1.665 1.472
9052.0 1.472 1.315
8072.0 1.315 1.261
5306.0 1.261 1.326
4176.0 1.326 1.863
4552.0 1.863 2.424
6992.0 2.424 1.746
9560.0 1.746 1.504
8788.0 1.504 1.411
6288.0 1.411 1.442
4274.0 1.442 1.893
4999.0 1.893 2.272
8425.0 2.272 1.745
9787.0 1.745 1.532
7948.0 1.532 1.494
5152.0 1.494 1.575
4285.0 1.575 2.211
4462.0 2.211 2.653
6480.0 2.653 1.965
9528.0 1.965 1.673
9234.0 1.673 1.546
7366.0 1.546 1.535
4500.0 1.535 2.227
4176.0 2.227 2.906
5250.0 2.906 2.296
7586.0 2.296 1.835
10073.0 1.835 1.571
9533.0 1.571 1.446
7765.0 1.446 1.42
5149.0 1.42 1.48
4308.0 1.48 2.09
4570.0 2.09 2.508
7240.0 2.508 1.782
10492.0 1.782 1.476
11305.0 1.476 1.262
9437.0 1.262 1.196
5627.0 1.196 1.265
4176.0 1.265 1.802
4460.0 1.802 2.162
6240.0 2.162 1.622
8842.0 1.622 1.404
9434.0 1.404 1.261
7984.0 1.261 1.221
4754.0 1.221 1.77
4299.0 1.77 2.124
5082.0 2.124 1.692
8550.0 1.692 1.284
9990.0 1.284 1.111
9348.0 1.111 1.03
6410.0 1.03 1.053
4176.0 1.053 1.514
4438.0 1.514 1.817
5410.0 1.817 1.423
7702.0 1.423 1.291
7090.0 1.291 1.254
5004.0 1.254 1.297
4282.0 1.297 1.822
4993.0 1.822 2.186
7649.0 2.186 1.755
7819.0 1.755 1.643
6759.0 1.643 1.62
5211.0 1.62 1.662
4281.0 1.662 2.347
4304.0 2.347 2.816
5842.0 2.816 2.158
7992.0 2.158 1.929
9018.0 1.929 1.751
7308.0 1.751 1.729
5136.0 1.729 1.793
4176.0 1.793 2.513
4757.0 2.513 3.016
7107.0 3.016 2.158
8784.0 2.158 1.905
8469.0 1.905 1.788
7159.0 1.788 1.757
4935.0 1.757 2.532
4259.0 2.532 3.038
5655.0 3.038 2.351
8487.0 2.351 2.052
8628.0 2.052 1.899
7452.0 1.899 1.851
5610.0 1.851 1.89
4176.0 1.89 2.66
4338.0 2.66 3.192
6470.0 3.192 2.366
8444.0 2.366 2.103
8651.0 2.103 1.948
7019.0 1.948 1.927
5237.0 1.927 1.99
4227.0 1.99 2.592
4602.0 2.592 3.11
6988.0 3.11 2.241
9088.0 2.241 1.957
9034.0 1.957 1.802
7258.0 1.802 1.784
5106.0 1.784 1.859
4469.0 1.859 2.418
5469.0 2.418 1.889
8395.0 1.889 1.649
9869.0 1.649 1.434
9199.0 1.434 1.328
7327.0 1.328 1.317
4265.0 1.317 1.887
4343.0 1.887 2.264
5158.0 2.264 1.797
7860.0 1.797 1.414
8790.0 1.414 1.285
8018.0 1.285 1.229
6046.0 1.229 1.251
4550.0 1.251 1.777
4449.0 1.777 2.133
5745.0 2.133 1.643
8745.0 1.643 1.43
9213.0 1.43 1.293
7815.0 1.293 1.253
5249.0 1.253 1.298
4218.0 1.298 1.842
4619.0 1.842 2.21
7963.0 2.21 1.735
8932.0 1.735 1.574
8098.0 1.574 1.506
6014.0 1.506 1.535
4176.0 1.535 2.179
4328.0 2.179 2.615
6152.0 2.615 1.972
7000.0 1.972 1.858
6328.0 1.858 1.83
5552.0 1.83 1.842
4468.0 1.842 2.602
4285.0 2.602 3.122
6107.0 3.122 2.359
7565.0 2.359 2.162
6485.0 2.162 2.144
5137.0 2.144 2.204
4275.0 2.204 2.869
6103.0 2.869 2.168
9280.0 2.168 1.854
9520.0 1.854 1.674
7447.0 1.674 1.66
5165.0 1.66 1.729
4343.0 1.729 2.251
4919.0 2.251 2.701
6487.0 2.701 2.276
6178.0 2.276 2.241
4804.0 2.241 3.188
4197.0 3.188 3.825
5113.0 3.825 3.043
7141.0 3.043 2.787
8053.0 2.787 2.567
7360.0 2.567 2.475
5719.0 2.475 2.51
4521.0 2.51 3.552
4765.0 3.552 4.262
6871.0 4.262 3.091
8435.0 3.091 2.76
7751.0 2.76 2.647
6215.0 2.647 2.665
5123.0 2.665 2.734
4206.0 2.734 3.557
5250.0 3.557 2.81
7617.0 2.81 2.242
8007.0 2.242 2.098
6447.0 2.098 2.098
4947.0 2.098 2.998
4406.0 2.998 3.912
5576.0 3.912 3.039
7583.0 3.039 2.75
7730.0 2.75 2.575
6830.0 2.575 2.529
5306.0 2.529 2.576
4176.0 2.576 3.623
5191.0 3.623 2.871
7354.0 2.871 2.618
7936.0 2.618 2.435
6994.0 2.435 2.382
5239.0 2.382 2.453
4429.0 2.453 3.445
5607.0 3.445 2.672
7659.0 2.672 2.416
7584.0 2.416 2.3
5916.0 2.3 2.334
4450.0 2.334 3.316
4449.0 3.316 3.979
5569.0 3.979 3.092
7348.0 3.092 2.821
7807.0 2.821 2.614
6973.0 2.614 2.558
5008.0 2.558 2.658
4181.0 2.658 3.455
4721.0 3.455 4.146
5713.0 4.146 3.199
6574.0 3.199 3.033
6046.0 3.033 3.002
4999.0 3.002 4.259
4327.0 4.259 5.539
5434.0 5.539 4.335
6390.0 4.335 4.117
6074.0 4.117 4.047
5213.0 4.047 4.116
4273.0 4.116 5.804
5251.0 5.804 4.585
6991.0 4.585 4.232
8191.0 4.232 3.843
7283.0 3.843 3.736
5715.0 3.736 3.821
4392.0 3.821 5.435
4255.0 5.435 7.078
4885.0 7.078 8.494
6732.0 8.494 6.207
8342.0 6.207 5.566
7887.0 5.566 5.297
6513.0 5.297 5.287
