4764.0 1.0 1.0
4764.0 1.0 1.4
4764.0 1.4 1.68
4764.0 1.68 2.016
4680.0 2.016 2.419
4596.0 2.419 2.903
4596.0 2.903 3.484
5095.0 3.484 2.774
4344.0 2.774 3.886
4314.0 3.886 4.663
4287.0 4.663 5.596
4463.0 5.596 6.715
5312.0 6.715 5.288
6918.0 5.288 4.921
8509.0 4.921 4.409
8581.0 4.409 4.091
7905.0 4.091 3.912
6701.0 3.912 3.87
5037.0 3.87 3.971
4229.0 3.971 5.163
4789.0 5.163 6.196
6097.0 6.196 4.685
8606.0 4.685 4.105
9335.0 4.105 3.682
9125.0 3.682 3.392
7677.0 3.392 3.312
5781.0 3.312 3.369
4380.0 3.369 4.765
4176.0 4.765 5.718
5242.0 5.718 4.519
7734.0 4.519 4.045
9729.0 4.045 3.516
10125.0 3.516 3.132
8783.0 3.132 2.98
6483.0 2.98 3.037
4449.0 3.037 4.332
4176.0 4.332 5.198
4930.0 5.198 6.238
6830.0 6.238 4.534
9458.0 4.534 3.904
10040.0 3.904 3.48
9305.0 3.48 3.243
7325.0 3.243 3.226
5474.0 3.226 3.313
4250.0 3.313 4.67
4539.0 4.67 5.604
5751.0 5.604 4.315
8291.0 4.315 3.811
9762.0 3.811 3.319
9770.0 3.319 3.009
8410.0 3.009 2.886
6961.0 2.886 2.864
4732.0 2.864 4.121
4176.0 4.121 4.945
4832.0 4.945 5.934
6680.0 5.934 4.349
8973.0 4.349 3.797
9847.0 3.797 3.356
9143.0 3.356 3.121
7475.0 3.121 3.076
5570.0 3.076 3.159
4176.0 3.159 4.124
4442.0 4.124 4.949
6194.0 4.949 3.723
9450.0 3.723 3.144
11041.0 3.144 2.669
10290.0 2.669 2.428
7542.0 2.428 2.422
4581.0 2.422 3.512
4276.0 3.512 4.214
4745.0 4.214 5.057
5873.0 5.057 3.869
8685.0 3.869 3.368
9613.0 3.368 2.976
9329.0 2.976 2.731
7889.0 2.731 2.651
5666.0 2.651 2.725
4500.0 2.725 3.869
4176.0 3.869 4.643
5018.0 4.643 3.711
7037.0 3.711 3.038
10197.0 3.038 2.532
10921.0 2.532 2.197
9593.0 2.197 2.056
6878.0 2.056 2.089
4540.0 2.089 3.01
4359.0 3.01 3.612
5215.0 3.612 2.859
8113.0 2.859 2.509
10084.0 2.509 2.154
10402.0 2.154 1.901
8719.0 1.901 1.821
6633.0 1.821 1.836
4176.0 1.836 2.636
4339.0 2.636 3.437
4837.0 3.437 4.124
6809.0 4.124 3.001
9033.0 3.001 2.602
9281.0 2.602 2.371
8612.0 2.371 2.235
6575.0 2.235 2.253
4897.0 2.253 3.238
4282.0 3.238 4.234
4842.0 4.234 5.081
7089.0 5.081 3.64
10119.0 3.64 3.062
11035.0 3.062 2.636
9929.0 2.636 2.433
6689.0 2.433 2.489
4787.0 2.489 3.612
4350.0 3.612 4.335
4576.0 4.335 5.202
6292.0 5.202 3.892
8112.0 3.892 3.481
8924.0 3.481 3.135
8372.0 3.135 2.958
6580.0 2.958 2.961
5068.0 2.961 3.048
4176.0 3.048 3.964
4456.0 3.964 4.757
6382.0 4.757 3.543
9530.0 3.543 3.002
10914.0 3.002 2.548
10662.0 2.548 2.266
8490.0 2.266 2.21
5202.0 2.21 2.316
4322.0 2.316 3.016
4712.0 3.016 3.619
6922.0 3.619 2.617
9412.0 2.617 2.251
10060.0 2.251 1.976
9301.0 1.976 1.838
6808.0 1.838 1.853
4590.0 1.853 2.654
4571.0 2.654 3.184
6185.0 3.184 2.396
8894.0 2.396 2.078
9407.0 2.078 1.872
8552.0 1.872 1.767
7086.0 1.767 1.748
4746.0 1.748 2.517
4295.0 2.517 3.289
4632.0 3.289 3.947
5880.0 3.947 3.019
9120.0 3.019 2.578
11452.0 2.578 2.135
11364.0 2.135 1.87
9069.0 1.87 1.805
5262.0 1.805 1.923
4226.0 1.923 2.704
4585.0 2.704 3.245
5981.0 3.245 2.468
9092.0 2.468 2.126
10502.0 2.126 1.837
9584.0 1.837 1.698
6707.0 1.698 1.728
4212.0 1.728 2.49
4417.0 2.49 3.245
4873.0 3.245 3.894
7227.0 3.894 2.768
9387.0 2.768 2.387
9699.0 2.387 2.142
8409.0 2.142 2.052
5736.0 2.052 2.146
4208.0 2.146 3.04
4739.0 3.04 3.648
6407.0 3.648 2.713
9542.0 2.713 2.286
10950.0 2.286 1.931
10194.0 1.931 1.764
7401.0 1.764 1.787
4881.0 1.787 2.613
4602.0 2.613 3.135
6116.0 3.135 2.368
8702.0 2.368 2.054
9173.0 2.054 1.861
8093.0 1.861 1.786
6325.0 1.786 1.815
4341.0 1.815 2.572
4292.0 2.572 3.087
5536.0 3.087 2.403
9340.0 2.403 2.008
11647.0 2.008 1.655
11119.0 1.655 1.47
8068.0 1.47 1.464
4554.0 1.464 2.127
4285.0 2.127 2.552
4899.0 2.552 3.063
7603.0 3.063 2.444
10249.0 2.444 2.032
10966.0 2.032 1.754
9499.0 1.754 1.647
7343.0 1.647 1.662
4561.0 1.662 2.391
4176.0 2.391 2.87
4836.0 2.87 3.444
7266.0 3.444 2.792
8895.0 2.792 2.463
9312.0 2.463 2.211
8598.0 2.211 2.083
6798.0 2.083 2.092
5238.0 2.092 2.175
4258.0 2.175 2.832
5664.0 2.832 2.191
8352.0 2.191 1.913
10224.0 1.913 1.649
9741.0 1.649 1.509
8061.0 1.509 1.47
5099.0 1.47 1.569
4217.0 1.569 2.199
4195.0 2.199 2.639
5921.0 2.639 2.014
8675.0 2.014 1.75
10373.0 1.75 1.507
9080.0 1.507 1.424
6602.0 1.424 1.452
4238.0 1.452 2.064
4344.0 2.064 2.477
6490.0 2.477 1.834
9582.0 1.834 1.532
10380.0 1.532 1.349
8842.0 1.349 1.291
5812.0 1.291 1.336
4176.0 1.336 1.892
4545.0 1.892 2.27
7121.0 2.27 1.852
9591.0 1.852 1.586
10188.0 1.586 1.408
9028.0 1.408 1.327
6436.0 1.327 1.351
4241.0 1.351 1.912
4620.0 1.912 2.295
8218.0 2.295 1.772
10195.0 1.772 1.525
9673.0 1.525 1.399
7581.0 1.399 1.391
4665.0 1.391 2.025
4289.0 2.025 2.637
5327.0 2.637 2.075
8327.0 2.075 1.815
10982.0 1.815 1.521
9872.0 1.521 1.395
7330.0 1.395 1.408
4176.0 1.408 2.017
4296.0 2.017 2.42
6418.0 2.42 1.799
8426.0 1.799 1.598
9114.0 1.598 1.444
8708.0 1.444 1.349
6918.0 1.349 1.343
4388.0 1.343 1.931
4239.0 1.931 2.317
4820.0 2.317 2.78
8028.0 2.78 1.888
10758.0 1.888 1.564
11193.0 1.564 1.362
8601.0 1.362 1.336
5103.0 1.336 1.419
4329.0 1.419 1.846
4603.0 1.846 2.216
7297.0 2.216 1.794
9333.0 1.794 1.554
9491.0 1.554 1.403
8781.0 1.403 1.318
6319.0 1.318 1.339
4780.0 1.339 1.911
4323.0 1.911 2.293
4370.0 2.293 2.752
7168.0 2.752 1.963
11401.0 1.963 1.531
12856.0 1.531 1.243
10669.0 1.243 1.158
6653.0 1.158 1.211
4316.0 1.211 1.737
4208.0 1.737 2.084
4615.0 2.084 2.501
7935.0 2.501 1.968
11916.0 1.968 1.547
12477.0 1.547 1.296
9450.0 1.296 1.258
5488.0 1.258 1.331
4304.0 1.331 1.883
4287.0 1.883 2.259
5596.0 2.259 1.754
8114.0 1.754 1.37
9148.0 1.37 1.224
7990.0 1.224 1.177
5106.0 1.177 1.226
4285.0 1.226 1.596
5347.0 1.596 1.254
10215.0 1.254 1.014
11277.0 1.014 1.0
8397.0 1.0 1.0
5914.0 1.0 1.031
4184.0 1.031 1.461
4730.0 1.461 1.753
7012.0 1.753 1.261
9220.0 1.261 1.108
8342.0 1.108 1.052
5440.0 1.052 1.091
4317.0 1.091 1.54
5813.0 1.54 1.182
10801.0 1.182 1.0
12297.0 1.0 1.0
10019.0 1.0 1.0
5137.0 1.0 1.074
4231.0 1.074 1.509
5070.0 1.509 1.203
7202.0 1.203 1.0
9122.0 1.0 1.0
6928.0 1.0 1.006
5117.0 1.006 1.04
4459.0 1.04 1.459
6419.0 1.459 1.085
11391.0 1.085 1.0
11775.0 1.0 1.0
7901.0 1.0 1.018
5250.0 1.018 1.068
4259.0 1.068 1.391
5143.0 1.391 1.105
7640.0 1.105 1.0
9236.0 1.0 1.0
8134.0 1.0 1.0
6491.0 1.0 1.01
4848.0 1.01 1.447
4340.0 1.447 1.737
5811.0 1.737 1.333
10531.0 1.333 1.062
12389.0 1.062 1.0
10505.0 1.0 1.0
5707.0 1.0 1.084
4176.0 1.084 1.542
4984.0 1.542 1.85
7485.0 1.85 1.296
9945.0 1.296 1.097
10181.0 1.097 1.0
7723.0 1.0 1.0
5912.0 1.0 1.033
4255.0 1.033 1.463
4903.0 1.463 1.755
7360.0 1.755 1.239
10924.0 1.239 1.001
11900.0 1.001 1.0
9126.0 1.0 1.0
4244.0 1.0 1.46
4436.0 1.46 1.752
5959.0 1.752 1.335
9925.0 1.335 1.095
11461.0 1.095 1.0
9645.0 1.0 1.0
5435.0 1.0 1.077
4189.0 1.077 1.518
4694.0 1.518 1.821
6857.0 1.821 1.322
10183.0 1.322 1.095
10171.0 1.095 1.0
7341.0 1.0 1.01
5110.0 1.01 1.055
4216.0 1.055 1.481
5364.0 1.481 1.163
7976.0 1.163 1.031
10504.0 1.031 1.0
8642.0 1.0 1.0
4684.0 1.0 1.473
4291.0 1.473 1.768
5446.0 1.768 1.383
9918.0 1.383 1.12
11560.0 1.12 1.0
10502.0 1.0 1.0
6544.0 1.0 1.048
4253.0 1.048 1.5
4595.0 1.5 1.8
5936.0 1.8 1.373
10158.0 1.373 1.112
11038.0 1.112 1.0
8700.0 1.0 1.0
4219.0 1.0 1.472
4754.0 1.472 1.767
6409.0 1.767 1.314
9951.0 1.314 1.091
10701.0 1.091 1.0
8485.0 1.0 1.0
4275.0 1.0 1.47
4493.0 1.47 1.763
6305.0 1.763 1.319
9913.0 1.319 1.092
11213.0 1.092 1.0
9511.0 1.0 1.0
5385.0 1.0 1.054
4238.0 1.054 1.483
5172.0 1.483 1.176
7877.0 1.176 1.044
11409.0 1.044 1.0
10173.0 1.0 1.0
6047.0 1.0 1.06
4176.0 1.06 1.507
4385.0 1.507 1.809
5165.0 1.809 1.435
7333.0 1.435 1.305
7571.0 1.305 1.233
6219.0 1.233 1.232
5162.0 1.232 1.253
4338.0 1.253 1.757
4359.0 1.757 2.109
5516.0 2.109 1.643
9768.0 1.643 1.344
11836.0 1.344 1.1
11946.0 1.1 1.0
8686.0 1.0 1.0
4244.0 1.0 1.445
5049.0 1.445 1.153
7437.0 1.153 1.042
10011.0 1.042 1.0
8997.0 1.0 1.0
5207.0 1.0 1.072
4196.0 1.072 1.506
5474.0 1.506 1.177
8350.0 1.177 1.025
10706.0 1.025 1.0
9770.0 1.0 1.0
5812.0 1.0 1.063
4357.0 1.063 1.505
4918.0 1.505 1.806
7370.0 1.806 1.274
10868.0 1.274 1.032
11632.0 1.032 1.0
9034.0 1.0 1.0
4488.0 1.0 1.457
4176.0 1.457 1.749
5604.0 1.749 1.357
10224.0 1.357 1.088
11634.0 1.088 1.0
9718.0 1.0 1.0
5172.0 1.0 1.09
4176.0 1.09 1.532
5228.0 1.532 1.211
7945.0 1.211 1.072
10379.0 1.072 1.0
8813.0 1.0 1.0
4435.0 1.0 1.477
4223.0 1.477 1.773
5529.0 1.773 1.381
9187.0 1.381 1.161
10643.0 1.161 1.0
8435.0 1.0 1.0
6456.0 1.0 1.027
4274.0 1.027 1.468
4455.0 1.468 1.761
6764.0 1.761 1.285
10276.0 1.285 1.064
10818.0 1.064 1.0
7874.0 1.0 1.002
5475.0 1.002 1.042
4199.0 1.042 1.36
5752.0 1.36 1.047
8863.0 1.047 1.0
10533.0 1.0 1.0
8843.0 1.0 1.0
4801.0 1.0 1.476
4665.0 1.476 1.771
5915.0 1.771 1.352
9901.0 1.352 1.11
10763.0 1.11 1.0
8225.0 1.0 1.0
5742.0 1.0 1.037
4176.0 1.037 1.356
5028.0 1.356 1.083
7365.0 1.083 1.0
9142.0 1.0 1.0
9216.0 1.0 1.0
6182.0 1.0 1.032
4287.0 1.032 1.464
4306.0 1.464 1.757
6517.0 1.757 1.299
11183.0 1.299 1.005
12877.0 1.005 1.0
10931.0 1.0 1.0
6049.0 1.0 1.079
4177.0 1.079 1.542
4490.0 1.542 1.851
6152.0 1.851 1.395
11134.0 1.395 1.079
13052.0 1.079 1.0
11502.0 1.0 1.0
6872.0 1.0 1.041
4178.0 1.041 1.493
4242.0 1.493 1.791
5807.0 1.791 1.375
10319.0 1.375 1.107
12397.0 1.107 1.0
11085.0 1.0 1.0
6707.0 1.0 1.052
4272.0 1.052 1.508
4308.0 1.508 1.81
6352.0 1.81 1.35
11046.0 1.35 1.059
12896.0 1.059 1.0
10806.0 1.0 1.0
5924.0 1.0 1.058
4240.0 1.058 1.499
4764.0 1.499 1.799
6689.0 1.799 1.318
9561.0 1.318 1.119
9591.0 1.119 1.016
7263.0 1.016 1.019
5418.0 1.019 1.053
4256.0 1.053 1.481
4848.0 1.481 1.777
7208.0 1.777 1.265
10302.0 1.265 1.051
10972.0 1.051 1.0
8086.0 1.0 1.0
5771.0 1.0 1.049
4239.0 1.049 1.486
4573.0 1.486 1.783
6447.0 1.783 1.323
9823.0 1.323 1.104
10577.0 1.104 1.0
8633.0 1.0 1.0
4507.0 1.0 1.466
4335.0 1.466 1.759
5543.0 1.759 1.369
9629.0 1.369 1.134
11063.0 1.134 1.0
9851.0 1.0 1.0
5809.0 1.0 1.064
4313.0 1.064 1.506
4752.0 1.506 1.807
6704.0 1.807 1.323
9790.0 1.323 1.114
10206.0 1.114 1.0
8308.0 1.0 1.0
6161.0 1.0 1.019
4307.0 1.019 1.449
4469.0 1.449 1.739
6452.0 1.739 1.29
9926.0 1.29 1.073
10356.0 1.073 1.0
7964.0 1.0 1.0
5649.0 1.0 1.033
4249.0 1.033 1.458
5152.0 1.458 1.158
7591.0 1.158 1.04
9547.0 1.04 1.0
8335.0 1.0 1.0
6440.0 1.0 1.02
4545.0 1.02 1.459
4235.0 1.459 1.75
5416.0 1.75 1.371
8868.0 1.371 1.168
9062.0 1.168 1.069
6358.0 1.069 1.099
4333.0 1.099 1.569
4393.0 1.569 1.883
5142.0 1.883 1.496
9106.0 1.496 1.267
10746.0 1.267 1.058
9926.0 1.058 1.0
6132.0 1.0 1.043
4304.0 1.043 1.5
4837.0 1.5 1.8
6766.0 1.8 1.313
9562.0 1.313 1.109
9630.0 1.109 1.001
7506.0 1.001 1.0
5538.0 1.0 1.042
4253.0 1.042 1.36
5425.0 1.36 1.065
8117.0 1.065 1.0
10815.0 1.0 1.0
9293.0 1.0 1.0
4999.0 1.0 1.485
4176.0 1.485 1.931
4921.0 1.931 2.317
8773.0 2.317 1.755
11110.0 1.755 1.447
9775.0 1.447 1.349
6923.0 1.349 1.389
4241.0 1.389 1.983
4387.0 1.983 2.38
7713.0 2.38 1.888
10170.0 1.888 1.606
9600.0 1.606 1.474
7314.0 1.474 1.483
4340.0 1.483 2.134
4362.0 2.134 2.779
5014.0 2.779 2.221
7754.0 2.221 1.755
10376.0 1.755 1.489
10217.0 1.489 1.331
8277.0 1.331 1.301
5157.0 1.301 1.362
4227.0 1.362 1.917
4215.0 1.917 2.3
5294.0 2.3 1.813
8784.0 1.813 1.544
10048.0 1.544 1.347
9438.0 1.347 1.244
6556.0 1.244 1.279
4636.0 1.279 1.838
4176.0 1.838 2.412
4319.0 2.412 2.895
6809.0 2.895 2.106
10655.0 2.106 1.704
11309.0 1.704 1.459
8954.0 1.459 1.413
5694.0 1.413 1.477
4176.0 1.477 2.115
4598.0 2.115 2.751
6522.0 2.751 2.033
9489.0 2.033 1.727
9795.0 1.727 1.55
7047.0 1.55 1.571
4216.0 1.571 2.24
4444.0 2.24 2.913
6226.0 2.913 2.188
10045.0 2.188 1.796
11398.0 1.796 1.515
9553.0 1.515 1.427
6715.0 1.427 1.475
4339.0 1.475 2.099
4672.0 2.099 2.518
7962.0 2.518 1.977
10248.0 1.977 1.679
9438.0 1.679 1.553
7438.0 1.553 1.553
4710.0 1.553 2.236
4229.0 2.236 2.684
5344.0 2.684 2.11
7954.0 2.11 1.873
10112.0 1.873 1.596
9941.0 1.596 1.442
8431.0 1.442 1.391
5957.0 1.391 1.429
4334.0 1.429 2.058
4398.0 2.058 2.675
6268.0 2.675 2.005
9530.0 2.005 1.671
11672.0 1.671 1.356
10535.0 1.356 1.231
7739.0 1.231 1.248
4248.0 1.248 1.798
4293.0 1.798 2.157
4828.0 2.157 2.589
8588.0 2.589 1.975
10643.0 1.975 1.668
11168.0 1.668 1.446
8495.0 1.446 1.421
5379.0 1.421 1.519
4195.0 1.519 2.151
4354.0 2.151 2.581
6914.0 2.581 1.867
10535.0 1.867 1.504
11159.0 1.504 1.303
9673.0 1.303 1.223
6453.0 1.223 1.268
4671.0 1.268 1.847
4244.0 1.847 2.405
4963.0 2.405 2.886
8187.0 2.886 2.24
9573.0 2.24 1.956
8760.0 1.956 1.834
6642.0 1.834 1.861
4318.0 1.861 2.655
4324.0 2.655 3.458
5352.0 3.458 2.718
8946.0 2.718 2.318
10458.0 2.318 1.988
10527.0 1.988 1.753
8445.0 1.753 1.705
5945.0 1.705 1.776
4225.0 1.776 2.516
4176.0 2.516 3.019
6015.0 3.019 2.293
9381.0 2.293 1.915
10929.0 1.915 1.625
9708.0 1.625 1.512
7628.0 1.512 1.494
4942.0 1.494 2.198
4226.0 2.198 2.868
4354.0 2.868 3.442
6696.0 3.442 2.52
9582.0 2.52 2.118
11034.0 2.118 1.764
10158.0 1.764 1.605
7551.0 1.605 1.619
4499.0 1.619 2.374
4232.0 2.374 3.106
4713.0 3.106 3.727
6751.0 3.727 2.721
9361.0 2.721 2.309
10549.0 2.309 2.0
9403.0 2.0 1.867
6895.0 1.867 1.883
4485.0 1.883 2.74
4183.0 2.74 3.582
4539.0 3.582 4.298
5955.0 4.298 3.274
9351.0 3.274 2.408
10791.0 2.408 2.012
10371.0 2.012 1.816
7854.0 1.816 1.819
5520.0 1.819 1.887
4212.0 1.887 2.662
4296.0 2.662 3.195
5930.0 3.195 2.437
8750.0 2.437 2.1
9692.0 2.1 1.851
8039.0 1.851 1.797
5971.0 1.797 1.849
4176.0 1.849 2.626
4342.0 2.626 3.151
6226.0 3.151 2.367
9778.0 2.367 1.945
11587.0 1.945 1.615
10654.0 1.615 1.456
7561.0 1.456 1.484
4187.0 1.484 2.177
4187.0 2.177 2.839
5506.0 2.839 2.214
8124.0 2.214 1.949
11211.0 1.949 1.606
10890.0 1.606 1.423
7623.0 1.423 1.441
4399.0 1.441 2.07
4280.0 2.07 2.485
6704.0 2.485 1.818
9396.0 1.818 1.56
11166.0 1.56 1.326
9537.0 1.326 1.248
6201.0 1.248 1.297
4390.0 1.297 1.885
4428.0 1.885 2.455
5031.0 2.455 1.961
7893.0 1.961 1.737
10869.0 1.737 1.42
10977.0 1.42 1.241
8995.0 1.241 1.19
5545.0 1.19 1.269
4266.0 1.269 1.796
4400.0 1.796 2.155
5661.0 2.155 1.667
8995.0 1.667 1.425
10537.0 1.425 1.219
10525.0 1.219 1.085
8175.0 1.085 1.07
4207.0 1.07 1.546
4566.0 1.546 1.855
5991.0 1.855 1.411
10327.0 1.411 1.136
11793.0 1.136 1.0
10523.0 1.0 1.0
6145.0 1.0 1.064
4295.0 1.064 1.515
4377.0 1.515 1.818
5773.0 1.818 1.398
9499.0 1.398 1.167
9847.0 1.167 1.045
7217.0 1.045 1.052
5099.0 1.052 1.096
4243.0 1.096 1.537
5541.0 1.537 1.196
9835.0 1.196 1.0
10829.0 1.0 1.0
7711.0 1.0 1.003
5480.0 1.003 1.038
4277.0 1.038 1.463
5621.0 1.463 1.134
8750.0 1.134 1.0
11152.0 1.0 1.0
9798.0 1.0 1.0
5756.0 1.0 1.065
4305.0 1.065 1.506
4825.0 1.506 1.807
7280.0 1.807 1.281
11036.0 1.281 1.03
11960.0 1.03 1.0
9504.0 1.0 1.0
4958.0 1.0 1.49
4292.0 1.49 1.788
4840.0 1.788 2.146
9674.0 2.146 1.316
11978.0 1.316 1.073
11652.0 1.073 1.0
8340.0 1.0 1.006
5773.0 1.006 1.065
4207.0 1.065 1.393
4702.0 1.393 1.672
7208.0 1.672 1.19
11300.0 1.19 1.0
12474.0 1.0 1.0
9440.0 1.0 1.0
4306.0 1.0 1.49
4651.0 1.49 1.788
6458.0 1.788 1.326
9694.0 1.326 1.116
9638.0 1.116 1.012
7010.0 1.012 1.025
4960.0 1.025 1.476
4289.0 1.476 1.921
4614.0 1.921 2.305
9006.0 2.305 1.717
11367.0 1.717 1.425
10968.0 1.425 1.267
8772.0 1.267 1.236
4762.0 1.236 1.802
4176.0 1.802 2.353
4800.0 2.353 2.823
7364.0 2.823 1.992
11072.0 1.992 1.576
11537.0 1.576 1.351
8642.0 1.351 1.332
5126.0 1.332 1.408
4229.0 1.408 1.985
4295.0 1.985 2.382
7461.0 2.382 1.671
10350.0 1.671 1.41
10056.0 1.41 1.272
8158.0 1.272 1.246
4876.0 1.246 1.834
4182.0 1.834 2.201
4446.0 2.201 2.642
7692.0 2.642 1.829
10449.0 1.829 1.525
10956.0 1.525 1.326
9538.0 1.326 1.246
6458.0 1.246 1.293
4465.0 1.293 1.88
4176.0 1.88 2.256
4492.0 2.256 2.707
6832.0 2.707 1.967
9820.0 1.967 1.657
9538.0 1.657 1.516
7740.0 1.516 1.491
4994.0 1.491 2.161
4274.0 2.161 2.821
4804.0 2.821 3.385
7972.0 3.385 2.647
11264.0 2.647 2.135
11856.0 2.135 1.812
10236.0 1.812 1.683
6921.0 1.683 1.744
4249.0 1.744 2.499
4317.0 2.499 2.999
5369.0 2.999 2.355
8137.0 2.355 2.07
9724.0 2.07 1.809
9328.0 1.809 1.665
8138.0 1.665 1.607
5802.0 1.607 1.65
4242.0 1.65 2.324
4467.0 2.324 2.789
7447.0 2.789 1.958
11128.0 1.958 1.546
12130.0 1.546 1.291
9679.0 1.291 1.234
6005.0 1.234 1.314
4178.0 1.314 1.87
4389.0 1.87 2.245
5669.0 2.245 1.736
9567.0 1.736 1.433
12013.0 1.433 1.128
11374.0 1.128 1.005
7236.0 1.005 1.042
4541.0 1.042 1.531
4278.0 1.531 1.838
4978.0 1.838 2.205
8722.0 2.205 1.67
10672.0 1.67 1.397
9943.0 1.397 1.282
7509.0 1.282 1.284
4176.0 1.284 1.839
4291.0 1.839 2.207
5367.0 2.207 1.733
8883.0 1.733 1.478
10725.0 1.478 1.248
11223.0 1.248 1.075
9023.0 1.075 1.037
4653.0 1.037 1.54
4217.0 1.54 2.003
5030.0 2.003 1.6
9282.0 1.6 1.34
11242.0 1.34 1.124
10986.0 1.124 1.0
7882.0 1.0 1.008
5651.0 1.008 1.061
4176.0 1.061 1.492
4334.0 1.492 1.791
6065.0 1.791 1.356
9483.0 1.356 1.138
9795.0 1.138 1.02
7297.0 1.02 1.027
5063.0 1.027 1.078
4205.0 1.078 1.402
5834.0 1.402 1.075
8965.0 1.075 1.0
11225.0 1.0 1.0
8443.0 1.0 1.0
6128.0 1.0 1.031
4176.0 1.031 1.476
4884.0 1.476 1.771
7225.0 1.771 1.259
10707.0 1.259 1.025
11319.0 1.025 1.0
8617.0 1.0 1.0
4199.0 1.0 1.468
4251.0 1.468 1.761
6055.0 1.761 1.335
9903.0 1.335 1.095
11103.0 1.095 1.0
9285.0 1.0 1.0
4907.0 1.0 1.486
4207.0 1.486 1.783
5579.0 1.783 1.385
9041.0 1.385 1.179
10201.0 1.179 1.027
8885.0 1.027 1.0
5199.0 1.0 1.07
4365.0 1.07 1.393
5711.0 1.393 1.075
8804.0 1.075 1.0
11146.0 1.0 1.0
9456.0 1.0 1.0
5246.0 1.0 1.06
4256.0 1.06 1.488
5428.0 1.488 1.165
7815.0 1.165 1.043
10533.0 1.043 1.0
9029.0 1.0 1.0
5071.0 1.0 1.075
4192.0 1.075 1.399
5411.0 1.399 1.096
7856.0 1.096 1.0
10754.0 1.0 1.0
8812.0 1.0 1.0
4518.0 1.0 1.455
4223.0 1.455 1.747
5811.0 1.747 1.341
8487.0 1.341 1.176
9325.0 1.176 1.061
7731.0 1.061 1.041
6234.0 1.041 1.062
4356.0 1.062 1.514
4472.0 1.514 1.817
6368.0 1.817 1.354
9332.0 1.354 1.152
9790.0 1.152 1.03
7636.0 1.03 1.021
5732.0 1.021 1.045
4176.0 1.045 1.479
4841.0 1.479 1.775
6859.0 1.775 1.288
8851.0 1.288 1.137
8505.0 1.137 1.068
6497.0 1.068 1.079
4884.0 1.079 1.557
4307.0 1.557 1.868
5362.0 1.868 1.468
8836.0 1.468 1.265
9924.0 1.265 1.098
8752.0 1.098 1.043
5796.0 1.043 1.087
4236.0 1.087 1.54
5196.0 1.54 1.22
7439.0 1.22 1.105
10223.0 1.105 1.0
8703.0 1.0 1.0
5081.0 1.0 1.055
4265.0 1.055 1.373
6546.0 1.373 1.013
9778.0 1.013 1.0
9232.0 1.0 1.0
6114.0 1.0 1.027
4240.0 1.027 1.463
4967.0 1.463 1.756
7425.0 1.756 1.234
10653.0 1.234 1.01
10319.0 1.01 1.0
7035.0 1.0 1.028
4720.0 1.028 1.484
4205.0 1.484 1.781
5168.0 1.781 1.413
9458.0 1.413 1.174
11108.0 1.174 1.0
9732.0 1.0 1.0
5606.0 1.0 1.051
4250.0 1.051 1.484
4445.0 1.484 1.781
6733.0 1.781 1.301
10351.0 1.301 1.07
10975.0 1.07 1.0
8705.0 1.0 1.0
4327.0 1.0 1.478
4206.0 1.478 1.773
5293.0 1.773 1.398
9541.0 1.398 1.15
11061.0 1.15 1.0
9811.0 1.0 1.0
5769.0 1.0 1.066
4194.0 1.066 1.51
4247.0 1.51 1.812
5541.0 1.812 1.41
9069.0 1.41 1.194
10531.0 1.194 1.027
9319.0 1.027 1.0
5553.0 1.0 1.065
4318.0 1.065 1.503
5184.0 1.503 1.191
7796.0 1.191 1.061
10414.0 1.061 1.0
9616.0 1.0 1.0
5742.0 1.0 1.046
4210.0 1.046 1.481
4657.0 1.481 1.777
7184.0 1.777 1.266
10864.0 1.266 1.02
11716.0 1.02 1.0
9180.0 1.0 1.0
4634.0 1.0 1.488
4176.0 1.488 1.786
5018.0 1.786 1.427
9332.0 1.427 1.191
11354.0 1.191 1.0
10354.0 1.0 1.0
6564.0 1.0 1.044
4204.0 1.044 1.495
4304.0 1.495 1.794
5711.0 1.794 1.384
9819.0 1.384 1.136
11223.0 1.136 1.0
9787.0 1.0 1.0
5493.0 1.0 1.078
4224.0 1.078 1.522
5418.0 1.522 1.192
7931.0 1.192 1.058
9717.0 1.058 1.0
8369.0 1.0 1.0
6810.0 1.0 1.0
4831.0 1.0 1.436
4414.0 1.436 1.723
6008.0 1.723 1.309
9392.0 1.309 1.103
9760.0 1.103 1.0
7128.0 1.0 1.009
4981.0 1.009 1.455
4333.0 1.455 1.746
5247.0 1.746 1.38
9431.0 1.38 1.145
10205.0 1.145 1.0
8635.0 1.0 1.0
4593.0 1.0 1.453
4349.0 1.453 1.743
6346.0 1.743 1.301
9004.0 1.301 1.123
9624.0 1.123 1.015
7516.0 1.015 1.011
5748.0 1.011 1.038
4234.0 1.038 1.467
4931.0 1.467 1.76
7321.0 1.76 1.245
10493.0 1.245 1.012
10697.0 1.012 1.0
7857.0 1.0 1.003
5626.0 1.003 1.056
4176.0 1.056 1.485
5053.0 1.485 1.185
7766.0 1.185 1.055
10058.0 1.055 1.0
8908.0 1.0 1.0
5034.0 1.0 1.076
4202.0 1.076 1.51
5679.0 1.51 1.167
9691.0 1.167 1.0
9741.0 1.0 1.0
5951.0 1.0 1.058
4188.0 1.058 1.502
4317.0 1.502 1.802
6421.0 1.802 1.339
9899.0 1.339 1.113
11145.0 1.113 1.0
9321.0 1.0 1.0
5027.0 1.0 1.088
4276.0 1.088 1.415
5711.0 1.415 1.091
8811.0 1.091 1.0
11307.0 1.0 1.0
9785.0 1.0 1.0
5239.0 1.0 1.085
4176.0 1.085 1.526
4831.0 1.526 1.831
7611.0 1.831 1.274
10733.0 1.274 1.046
11665.0 1.046 1.0
9121.0 1.0 1.0
4323.0 1.0 1.482
4346.0 1.482 1.779
5200.0 1.779 1.409
9480.0 1.409 1.16
11014.0 1.16 1.0
9046.0 1.0 1.0
4416.0 1.0 1.481
4249.0 1.481 1.777
5693.0 1.777 1.373
9459.0 1.373 1.144
11179.0 1.144 1.0
9853.0 1.0 1.0
5979.0 1.0 1.059
4326.0 1.059 1.504
5354.0 1.504 1.182
8137.0 1.182 1.0
10977.0 1.0 1.0
10463.0 1.0 1.0
6673.0 1.0 1.031
4358.0 1.031 1.499
4329.0 1.499 1.799
6170.0 1.799 1.355
10050.0 1.355 1.108
11524.0 1.108 1.0
10058.0 1.0 1.0
5680.0 1.0 1.074
4176.0 1.074 1.518
4664.0 1.518 1.821
6491.0 1.821 1.348
9899.0 1.348 1.123
9971.0 1.123 1.009
7191.0 1.009 1.021
5034.0 1.021 1.066
4338.0 1.066 1.387
6180.0 1.387 1.044
10796.0 1.044 1.0
11244.0 1.0 1.0
8294.0 1.0 1.0
5895.0 1.0 1.048
4256.0 1.048 1.487
4821.0 1.487 1.784
7288.0 1.784 1.264
10756.0 1.264 1.028
11504.0 1.028 1.0
8936.0 1.0 1.0
4474.0 1.0 1.482
4192.0 1.482 1.778
5296.0 1.778 1.402
8984.0 1.402 1.185
10118.0 1.185 1.038
8214.0 1.038 1.01
4221.0 1.01 1.481
4531.0 1.481 1.777
7057.0 1.777 1.275
10735.0 1.275 1.022
11765.0 1.022 1.0
9517.0 1.0 1.0
4971.0 1.0 1.473
4274.0 1.473 1.768
4575.0 1.768 2.121
6432.0 2.121 1.575
9890.0 1.575 1.314
11178.0 1.314 1.113
10076.0 1.113 1.02
6992.0 1.02 1.035
4675.0 1.035 1.49
4227.0 1.49 1.788
5013.0 1.788 1.429
9507.0 1.429 1.029
11799.0 1.029 1.0
10835.0 1.0 1.0
6625.0 1.0 1.051
4255.0 1.051 1.506
4230.0 1.506 1.808
5834.0 1.808 1.386
9508.0 1.386 1.157
11008.0 1.157 1.0
9682.0 1.0 1.0
5472.0 1.0 1.074
4324.0 1.074 1.513
5037.0 1.513 1.208
7183.0 1.208 1.0
9917.0 1.0 1.0
8059.0 1.0 1.0
6248.0 1.0 1.011
4235.0 1.011 1.44
4577.0 1.44 1.728
7363.0 1.728 1.219
10691.0 1.219 1.0
11701.0 1.0 1.0
9087.0 1.0 1.0
4541.0 1.0 1.462
4368.0 1.462 1.755
5647.0 1.755 1.358
10131.0 1.358 1.115
11805.0 1.115 1.0
10685.0 1.0 1.0
6391.0 1.0 1.059
4259.0 1.059 1.513
4348.0 1.513 1.816
6074.0 1.816 1.375
9958.0 1.375 1.129
11192.0 1.129 1.0
9578.0 1.0 1.0
5368.0 1.0 1.059
4232.0 1.059 1.491
5254.0 1.491 1.178
7484.0 1.178 1.064
10188.0 1.064 1.0
9598.0 1.0 1.0
6060.0 1.0 1.051
4216.0 1.051 1.494
4624.0 1.494 1.792
6781.0 1.792 1.306
9871.0 1.306 1.096
10881.0 1.096 1.0
8907.0 1.0 1.0
4865.0 1.0 1.479
4322.0 1.479 1.775
5666.0 1.775 1.372
10762.0 1.372 1.088
12732.0 1.088 1.0
11406.0 1.0 1.0
6860.0 1.0 1.054
4226.0 1.054 1.516
4503.0 1.516 1.82
6240.0 1.82 1.365
9388.0 1.365 1.157
9614.0 1.157 1.046
7362.0 1.046 1.042
5585.0 1.042 1.066
4368.0 1.066 1.393
5194.0 1.393 1.103
8032.0 1.103 1.0
11450.0 1.0 1.0
10348.0 1.0 1.0
6222.0 1.0 1.058
4236.0 1.058 1.389
5224.0 1.389 1.099
7625.0 1.099 1.0
9175.0 1.0 1.0
7905.0 1.0 1.0
6178.0 1.0 1.02
4283.0 1.02 1.453
4383.0 1.453 1.743
7053.0 1.743 1.252
10971.0 1.252 1.005
11501.0 1.005 1.0
8127.0 1.0 1.001
5812.0 1.001 1.053
4198.0 1.053 1.378
5227.0 1.378 1.09
8335.0 1.09 1.0
10973.0 1.0 1.0
9451.0 1.0 1.0
5325.0 1.0 1.057
4292.0 1.057 1.378
5397.0 1.378 1.081
8339.0 1.081 1.0
11519.0 1.0 1.0
9997.0 1.0 1.0
5535.0 1.0 1.079
4176.0 1.079 1.409
4879.0 1.409 1.691
7788.0 1.691 1.164
11068.0 1.164 1.0
11002.0 1.0 1.0
7464.0 1.0 1.011
5065.0 1.011 1.079
4236.0 1.079 1.403
5478.0 1.403 1.096
8362.0 1.096 1.0
11004.0 1.0 1.0
8390.0 1.0 1.0
6243.0 1.0 1.037
4185.0 1.037 1.474
4743.0 1.474 1.769
7582.0 1.769 1.233
11474.0 1.233 1.0
11880.0 1.0 1.0
8594.0 1.0 1.0
4176.0 1.0 1.44
4319.0 1.44 1.728
6601.0 1.728 1.272
10179.0 1.272 1.046
10249.0 1.046 1.0
6863.0 1.0 1.03
4548.0 1.03 1.481
4331.0 1.481 1.777
5598.0 1.777 1.379
9530.0 1.379 1.14
11138.0 1.14 1.0
9922.0 1.0 1.0
5796.0 1.0 1.067
4357.0 1.067 1.505
4487.0 1.505 1.805
6685.0 1.805 1.323
10263.0 1.323 1.087
11351.0 1.087 1.0
9493.0 1.0 1.0
5115.0 1.0 1.084
4248.0 1.084 1.52
5404.0 1.52 1.192
7996.0 1.192 1.0
11124.0 1.0 1.0
10274.0 1.0 1.0
6148.0 1.0 1.059
4176.0 1.059 1.507
4461.0 1.507 1.808
6584.0 1.808 1.332
10682.0 1.332 1.066
11608.0 1.066 1.0
9028.0 1.0 1.0
4222.0 1.0 1.455
4373.0 1.455 1.746
6295.0 1.746 1.306
11907.0 1.306 1.0
14009.0 1.0 1.0
11647.0 1.0 1.0
6345.0 1.0 1.081
4233.0 1.081 1.545
4309.0 1.545 1.854
5814.0 1.854 1.423
8462.0 1.423 1.254
9020.0 1.254 1.142
7478.0 1.142 1.12
4448.0 1.12 1.603
4400.0 1.603 1.924
5768.0 1.924 1.48
10176.0 1.48 1.206
12034.0 1.206 1.0
11042.0 1.0 1.0
6748.0 1.0 1.042
4256.0 1.042 1.516
4239.0 1.516 1.819
5889.0 1.819 1.39
10543.0 1.39 1.099
13175.0 1.099 1.0
11993.0 1.0 1.0
7279.0 1.0 1.052
4628.0 1.052 1.542
4198.0 1.542 1.85
4919.0 1.85 2.22
8303.0 2.22 1.725
9236.0 1.725 1.534
7928.0 1.534 1.482
5906.0 1.482 1.514
4251.0 1.514 1.982
5811.0 1.982 1.521
9969.0 1.521 1.237
11881.0 1.237 1.022
11247.0 1.022 1.0
7397.0 1.0 1.018
4662.0 1.018 1.473
4250.0 1.473 1.767
5318.0 1.767 1.391
10122.0 1.391 1.132
12510.0 1.132 1.0
10944.0 1.0 1.0
6314.0 1.0 1.064
4259.0 1.064 1.518
4502.0 1.518 1.821
6160.0 1.821 1.372
8894.0 1.372 1.187
8848.0 1.187 1.094
6454.0 1.094 1.114
4867.0 1.114 1.607
4303.0 1.607 1.928
5767.0 1.928 1.484
10363.0 1.484 1.199
12667.0 1.199 1.0
12017.0 1.0 1.0
7975.0 1.0 1.021
5240.0 1.021 1.073
4288.0 1.073 1.508
4976.0 1.508 1.81
6852.0 1.81 1.314
9530.0 1.314 1.122
9272.0 1.122 1.032
6392.0 1.032 1.062
4335.0 1.062 1.516
4330.0 1.516 1.82
5983.0 1.82 1.384
10139.0 1.384 1.13
11625.0 1.13 1.0
10363.0 1.0 1.0
6153.0 1.0 1.06
4422.0 1.06 1.508
4639.0 1.508 1.81
6767.0 1.81 1.32
10201.0 1.32 1.092
10927.0 1.092 1.0
8721.0 1.0 1.0
4343.0 1.0 1.475
4806.0 1.475 1.77
7310.0 1.77 1.252
10280.0 1.252 1.044
10734.0 1.044 1.0
8414.0 1.0 1.0
6351.0 1.0 1.014
4259.0 1.014 1.448
4343.0 1.448 1.737
6740.0 1.737 1.269
10538.0 1.269 1.018
11922.0 1.018 1.0
9866.0 1.0 1.0
5236.0 1.0 1.093
4176.0 1.093 1.541
4847.0 1.541 1.849
7346.0 1.849 1.306
10390.0 1.306 1.079
11314.0 1.079 1.0
9174.0 1.0 1.0
4880.0 1.0 1.478
4220.0 1.478 1.774
5238.0 1.774 1.402
9740.0 1.402 1.142
11296.0 1.142 1.0
8936.0 1.0 1.0
4253.0 1.0 1.45
4341.0 1.45 1.74
6242.0 1.74 1.305
10726.0 1.305 1.049
12398.0 1.049 1.0
10572.0 1.0 1.0
5858.0 1.0 1.081
4339.0 1.081 1.547
4572.0 1.547 1.857
6673.0 1.857 1.361
10343.0 1.361 1.115
11371.0 1.115 1.0
9571.0 1.0 1.0
5277.0 1.0 1.06
4176.0 1.06 1.38
5379.0 1.38 1.083
8416.0 1.083 1.0
11386.0 1.0 1.0
8940.0 1.0 1.0
4273.0 1.0 1.478
4414.0 1.478 1.773
6090.0 1.773 1.341
8996.0 1.341 1.155
9422.0 1.155 1.051
7480.0 1.051 1.044
5662.0 1.044 1.068
4325.0 1.068 1.512
4428.0 1.512 1.815
6403.0 1.815 1.35
10283.0 1.35 1.1
11713.0 1.1 1.0
10043.0 1.0 1.0
5665.0 1.0 1.076
4271.0 1.076 1.522
4806.0 1.522 1.826
6732.0 1.826 1.335
9662.0 1.335 1.134
9688.0 1.134 1.028
6804.0 1.028 1.049
4715.0 1.049 1.508
4363.0 1.508 1.809
5648.0 1.809 1.401
10002.0 1.401 1.132
11966.0 1.132 1.0
10908.0 1.0 1.0
6866.0 1.0 1.044
4299.0 1.044 1.501
4335.0 1.501 1.801
5260.0 1.801 1.422
9238.0 1.422 1.188
10632.0 1.188 1.018
9930.0 1.018 1.0
6178.0 1.0 1.036
4224.0 1.036 1.476
4359.0 1.476 1.771
6448.0 1.771 1.314
10518.0 1.314 1.06
12112.0 1.06 1.0
10278.0 1.0 1.0
5732.0 1.0 1.077
4176.0 1.077 1.523
4716.0 1.523 1.828
6731.0 1.828 1.336
11013.0 1.336 1.06
12141.0 1.06 1.0
9977.0 1.0 1.0
5263.0 1.0 1.068
4249.0 1.068 1.501
5290.0 1.501 1.184
8147.0 1.184 1.04
10757.0 1.04 1.0
9217.0 1.0 1.0
5007.0 1.0 1.084
4435.0 1.084 1.409
5963.0 1.409 1.073
8954.0 1.073 1.0
11432.0 1.0 1.0
9322.0 1.0 1.0
5028.0 1.0 1.069
4238.0 1.069 1.507
5879.0 1.507 1.153
10547.0 1.153 1.0
11599.0 1.0 1.0
8481.0 1.0 1.0
4230.0 1.0 1.47
4855.0 1.47 1.764
7425.0 1.764 1.24
10869.0 1.24 1.008
11527.0 1.008 1.0
8877.0 1.0 1.0
4381.0 1.0 1.455
4578.0 1.455 1.746
6751.0 1.746 1.274
10933.0 1.274 1.018
12207.0 1.018 1.0
10065.0 1.0 1.0
5267.0 1.0 1.09
4224.0 1.09 1.531
5806.0 1.531 1.175
10056.0 1.175 1.0
10042.0 1.0 1.0
6756.0 1.0 1.03
4525.0 1.03 1.498
4435.0 1.498 1.797
5599.0 1.797 1.395
10227.0 1.395 1.115
12227.0 1.115 1.0
11109.0 1.0 1.0
7067.0 1.0 1.04
4584.0 1.04 1.526
4355.0 1.526 1.831
4784.0 1.831 2.198
8244.0 2.198 1.702
9396.0 1.702 1.52
8962.0 1.52 1.412
6668.0 1.412 1.439
4334.0 1.439 2.056
4581.0 2.056 2.467
8543.0 2.467 1.877
11879.0 1.877 1.473
12155.0 1.473 1.258
8393.0 1.258 1.265
4369.0 1.265 1.841
4330.0 1.841 2.209
4602.0 2.209 2.651
7706.0 2.651 2.11
9653.0 2.11 1.826
9065.0 1.826 1.688
7457.0 1.688 1.665
5429.0 1.665 1.722
4252.0 1.722 2.246
4631.0 2.246 2.695
8281.0 2.695 2.081
11815.0 2.081 1.631
11989.0 1.631 1.391
8884.0 1.391 1.369
5220.0 1.369 1.482
4278.0 1.482 2.094
4373.0 2.094 2.512
6971.0 2.512 1.812
9821.0 1.812 1.538
9359.0 1.538 1.419
7617.0 1.419 1.403
4533.0 1.403 2.025
4279.0 2.025 2.644
5667.0 2.644 2.044
8853.0 2.044 1.753
11073.0 1.753 1.476
10398.0 1.476 1.34
8192.0 1.34 1.325
4822.0 1.325 1.92
4370.0 1.92 2.505
4406.0 2.505 3.006
7490.0 3.006 2.105
10736.0 2.105 1.695
12140.0 1.695 1.401
10208.0 1.401 1.314
6972.0 1.314 1.356
4250.0 1.356 1.79
4685.0 1.79 2.148
6182.0 2.148 1.617
9574.0 1.617 1.347
10886.0 1.347 1.148
9850.0 1.148 1.057
6476.0 1.057 1.104
4281.0 1.104 1.602
4260.0 1.602 1.923
5792.0 1.923 1.477
10276.0 1.477 1.202
11774.0 1.202 1.0
10240.0 1.0 1.0
5778.0 1.0 1.052
4374.0 1.052 1.489
5230.0 1.489 1.177
7871.0 1.177 1.0
10403.0 1.0 1.0
8713.0 1.0 1.0
4755.0 1.0 1.474
4604.0 1.474 1.769
6434.0 1.769 1.314
10996.0 1.314 1.034
12836.0 1.034 1.0
10862.0 1.0 1.0
6064.0 1.0 1.076
4313.0 1.076 1.529
4845.0 1.529 1.835
6546.0 1.835 1.355
9606.0 1.355 1.146
9652.0 1.146 1.037
7252.0 1.037 1.04
5073.0 1.04 1.083
4308.0 1.083 1.409
6169.0 1.409 1.061
11145.0 1.061 1.0
12025.0 1.0 1.0
9075.0 1.0 1.0
4192.0 1.0 1.459
4563.0 1.459 1.751
5997.0 1.751 1.331
9871.0 1.331 1.106
10113.0 1.106 1.0
7019.0 1.0 1.016
4872.0 1.016 1.477
4290.0 1.477 1.773
5283.0 1.773 1.398
9193.0 1.398 1.173
10383.0 1.173 1.017
8743.0 1.017 1.0
4811.0 1.0 1.461
4298.0 1.461 1.907
5405.0 1.907 1.495
9567.0 1.495 1.236
11035.0 1.236 1.053
9719.0 1.053 1.0
5849.0 1.0 1.047
4267.0 1.047 1.495
4509.0 1.495 1.794
7092.0 1.794 1.285
10444.0 1.285 1.052
10572.0 1.052 1.0
7282.0 1.0 1.023
4799.0 1.023 1.483
4176.0 1.483 1.931
5246.0 1.931 1.525
9682.0 1.525 1.252
11626.0 1.252 1.013
11066.0 1.013 1.0
7658.0 1.0 1.011
5175.0 1.011 1.079
4176.0 1.079 1.516
5103.0 1.516 1.207
7428.0 1.207 1.0
10396.0 1.0 1.0
8118.0 1.0 1.0
5887.0 1.0 1.027
4210.0 1.027 1.457
4578.0 1.457 1.749
6594.0 1.749 1.288
9786.0 1.288 1.086
9600.0 1.086 1.0
7062.0 1.0 1.009
4999.0 1.009 1.455
4226.0 1.455 1.745
5229.0 1.745 1.38
9495.0 1.38 1.15
11619.0 1.15 1.0
10541.0 1.0 1.0
6583.0 1.0 1.047
4386.0 1.047 1.499
4323.0 1.499 1.798
5238.0 1.798 1.422
8864.0 1.422 1.208
10168.0 1.208 1.052
8866.0 1.052 1.0
5318.0 1.0 1.058
4235.0 1.058 1.378
5781.0 1.378 1.06
8389.0 1.06 1.0
9665.0 1.0 1.0
7303.0 1.0 1.0
5240.0 1.0 1.032
4464.0 1.032 1.449
5419.0 1.449 1.135
8324.0 1.135 1.0
11578.0 1.0 1.0
10560.0 1.0 1.0
6350.0 1.0 1.059
4176.0 1.059 1.538
4594.0 1.538 1.845
5569.0 1.845 1.434
9183.0 1.434 1.208
10425.0 1.208 1.046
9119.0 1.046 1.0
5477.0 1.0 1.064
4316.0 1.064 1.5
4885.0 1.5 1.8
7736.0 1.8 1.243
11452.0 1.243 1.0
12306.0 1.0 1.0
9524.0 1.0 1.0
4390.0 1.0 1.491
4651.0 1.491 1.789
6629.0 1.789 1.315
9619.0 1.315 1.112
10545.0 1.112 1.0
8629.0 1.0 1.0
4587.0 1.0 1.476
4456.0 1.476 1.771
6041.0 1.771 1.343
10699.0 1.343 1.077
12317.0 1.077 1.0
10657.0 1.0 1.0
6111.0 1.0 1.072
4213.0 1.072 1.516
4595.0 1.516 1.819
6414.0 1.819 1.352
11238.0 1.352 1.064
13108.0 1.064 1.0
11432.0 1.0 1.0
6550.0 1.0 1.067
4176.0 1.067 1.528
4472.0 1.528 1.834
6169.0 1.834 1.381
10481.0 1.381 1.108
12447.0 1.108 1.0
11063.0 1.0 1.0
6433.0 1.0 1.046
4176.0 1.046 1.496
4488.0 1.496 1.795
6569.0 1.795 1.323
9841.0 1.323 1.11
10683.0 1.11 1.0
8729.0 1.0 1.0
4519.0 1.0 1.455
4449.0 1.455 1.746
6540.0 1.746 1.289
10642.0 1.289 1.029
12240.0 1.029 1.0
10598.0 1.0 1.0
5884.0 1.0 1.08
4196.0 1.08 1.414
4958.0 1.414 1.697
7804.0 1.697 1.337
11454.0 1.337 1.056
12004.0 1.056 1.0
8944.0 1.0 1.0
4263.0 1.0 1.479
4415.0 1.479 1.775
5760.0 1.775 1.366
9178.0 1.366 1.159
10502.0 1.159 1.005
8860.0 1.005 1.0
4812.0 1.0 1.476
4472.0 1.476 1.771
5384.0 1.771 1.39
10124.0 1.39 1.113
11490.0 1.113 1.0
9752.0 1.0 1.0
5290.0 1.0 1.084
4232.0 1.084 1.412
5092.0 1.412 1.125
8099.0 1.125 1.0
10549.0 1.0 1.0
9195.0 1.0 1.0
5237.0 1.0 1.056
4325.0 1.056 1.483
5783.0 1.483 1.14
9175.0 1.14 1.0
9305.0 1.0 1.0
6523.0 1.0 1.025
4712.0 1.025 1.485
4582.0 1.485 1.782
6033.0 1.782 1.352
9909.0 1.352 1.11
10433.0 1.11 1.0
7475.0 1.0 1.01
4740.0 1.01 1.464
4459.0 1.464 1.757
5493.0 1.757 1.371
10073.0 1.371 1.106
12029.0 1.106 1.0
9939.0 1.0 1.0
5225.0 1.0 1.088
4336.0 1.088 1.527
5225.0 1.527 1.208
7842.0 1.208 1.076
10406.0 1.076 1.0
8978.0 1.0 1.0
5188.0 1.0 1.055
4239.0 1.055 1.488
5107.0 1.488 1.184
7745.0 1.184 1.0
10693.0 1.0 1.0
8163.0 1.0 1.0
5848.0 1.0 1.029
4176.0 1.029 1.458
4915.0 1.458 1.749
7016.0 1.749 1.258
9958.0 1.258 1.056
10138.0 1.056 1.0
7574.0 1.0 1.0
5427.0 1.0 1.035
4178.0 1.035 1.35
5252.0 1.35 1.066
7898.0 1.066 1.0
9972.0 1.0 1.0
8786.0 1.0 1.0
4576.0 1.0 1.455
4279.0 1.455 1.746
5363.0 1.746 1.372
9381.0 1.372 1.155
10841.0 1.155 1.0
9991.0 1.0 1.0
5949.0 1.0 1.061
4326.0 1.061 1.505
4444.0 1.505 1.806
6811.0 1.806 1.314
10393.0 1.314 1.078
10639.0 1.078 1.0
7393.0 1.0 1.016
4994.0 1.016 1.471
4356.0 1.471 1.914
5082.0 1.914 1.525
8266.0 1.525 1.337
9366.0 1.337 1.189
8912.0 1.189 1.109
6044.0 1.109 1.14
4309.0 1.14 1.623
4337.0 1.623 1.948
5601.0 1.948 1.511
9947.0 1.511 1.237
12209.0 1.237 1.0
11483.0 1.0 1.0
7693.0 1.0 1.016
5042.0 1.016 1.086
4190.0 1.086 1.412
5010.0 1.412 1.129
7512.0 1.129 1.0
10778.0 1.0 1.0
8668.0 1.0 1.0
4300.0 1.0 1.443
4978.0 1.443 1.732
7357.0 1.732 1.222
10455.0 1.222 1.02
10661.0 1.02 1.0
7709.0 1.0 1.006
5562.0 1.006 1.056
4176.0 1.056 1.485
4854.0 1.485 1.783
7063.0 1.783 1.279
10521.0 1.279 1.044
11087.0 1.044 1.0
8677.0 1.0 1.0
4383.0 1.0 1.461
4204.0 1.461 1.753
5476.0 1.753 1.369
9024.0 1.369 1.158
10288.0 1.158 1.007
8802.0 1.007 1.0
5052.0 1.0 1.057
4286.0 1.057 1.375
5871.0 1.375 1.052
9134.0 1.052 1.0
12224.0 1.0 1.0
10702.0 1.0 1.0
5988.0 1.0 1.076
4176.0 1.076 1.551
4384.0 1.551 1.862
6247.0 1.862 1.396
9941.0 1.396 1.152
11115.0 1.152 1.0
9895.0 1.0 1.0
5853.0 1.0 1.047
4176.0 1.047 1.484
4945.0 1.484 1.78
7063.0 1.78 1.277
10089.0 1.277 1.068
10219.0 1.068 1.0
7421.0 1.0 1.007
5274.0 1.007 1.046
4176.0 1.046 1.472
4763.0 1.472 1.767
7090.0 1.767 1.266
10128.0 1.266 1.055
9886.0 1.055 1.0
6558.0 1.0 1.028
4176.0 1.028 1.492
4275.0 1.492 1.791
5670.0 1.791 1.384
9760.0 1.384 1.136
11334.0 1.136 1.0
9908.0 1.0 1.0
5782.0 1.0 1.058
4243.0 1.058 1.502
4878.0 1.502 1.802
7400.0 1.802 1.269
10960.0 1.269 1.024
11586.0 1.024 1.0
8700.0 1.0 1.0
4229.0 1.0 1.473
4722.0 1.473 1.767
6882.0 1.767 1.281
9418.0 1.281 1.101
9752.0 1.101 1.0
7428.0 1.0 1.0
5365.0 1.0 1.034
4176.0 1.034 1.456
5612.0 1.456 1.129
8547.0 1.129 1.0
11143.0 1.0 1.0
8613.0 1.0 1.0
4176.0 1.0 1.44
4641.0 1.44 1.728
6672.0 1.728 1.267
9918.0 1.267 1.063
9520.0 1.063 1.0
6228.0 1.0 1.043
4335.0 1.043 1.506
4583.0 1.506 1.808
6787.0 1.808 1.317
10545.0 1.317 1.068
11829.0 1.068 1.0
9785.0 1.0 1.0
5239.0 1.0 1.086
4281.0 1.086 1.524
5453.0 1.524 1.192
8479.0 1.192 1.036
11439.0 1.036 1.0
10081.0 1.0 1.0
5787.0 1.0 1.07
4216.0 1.07 1.507
4448.0 1.507 1.808
5983.0 1.808 1.376
9493.0 1.376 1.151
10567.0 1.151 1.0
9161.0 1.0 1.0
5035.0 1.0 1.084
4201.0 1.084 1.409
5717.0 1.409 1.087
8963.0 1.087 1.0
11985.0 1.0 1.0
10379.0 1.0 1.0
5917.0 1.0 1.072
4176.0 1.072 1.513
4258.0 1.513 1.815
5813.0 1.815 1.393
9861.0 1.393 1.151
10753.0 1.151 1.0
8511.0 1.0 1.0
4226.0 1.0 1.444
4802.0 1.444 1.733
7268.0 1.733 1.229
10622.0 1.229 1.009
11238.0 1.009 1.0
8436.0 1.0 1.0
6121.0 1.0 1.032
4176.0 1.032 1.496
4351.0 1.496 1.795
6180.0 1.795 1.351
9872.0 1.351 1.111
10892.0 1.111 1.0
9128.0 1.0 1.0
4666.0 1.0 1.484
4259.0 1.484 1.781
6210.0 1.781 1.338
9910.0 1.338 1.105
11650.0 1.105 1.0
10136.0 1.0 1.0
5842.0 1.0 1.068
4263.0 1.068 1.513
4916.0 1.513 1.815
7312.0 1.815 1.284
10438.0 1.284 1.064
10808.0 1.064 1.0
8366.0 1.0 1.0
6219.0 1.0 1.019
4311.0 1.019 1.443
4369.0 1.443 1.732
6327.0 1.732 1.293
10011.0 1.293 1.06
10557.0 1.06 1.0
7557.0 1.0 1.009
5158.0 1.009 1.052
4235.0 1.052 1.477
5276.0 1.477 1.165
8124.0 1.165 1.026
10088.0 1.026 1.0
7978.0 1.0 1.0
5999.0 1.0 1.031
4189.0 1.031 1.461
4285.0 1.461 1.753
5978.0 1.753 1.334
9612.0 1.334 1.108
10804.0 1.108 1.0
8748.0 1.0 1.0
4454.0 1.0 1.464
4198.0 1.464 1.757
5157.0 1.757 1.395
9151.0 1.395 1.175
10813.0 1.175 1.0
10127.0 1.0 1.0
6337.0 1.0 1.049
4253.0 1.049 1.496
4517.0 1.496 1.795
6431.0 1.795 1.333
10629.0 1.333 1.068
11903.0 1.068 1.0
9773.0 1.0 1.0
4807.0 1.0 1.497
4301.0 1.497 1.796
5376.0 1.796 1.41
9072.0 1.41 1.207
10108.0 1.207 1.046
8206.0 1.046 1.015
4226.0 1.015 1.47
5049.0 1.47 1.173
7365.0 1.173 1.0
10263.0 1.0 1.0
9413.0 1.0 1.0
5707.0 1.0 1.047
4338.0 1.047 1.48
5058.0 1.48 1.181
7499.0 1.181 1.0
10409.0 1.0 1.0
9307.0 1.0 1.0
5265.0 1.0 1.065
4264.0 1.065 1.497
6312.0 1.497 1.119
9894.0 1.119 1.0
10082.0 1.0 1.0
7216.0 1.0 1.014
5153.0 1.014 1.063
4250.0 1.063 1.384
5209.0 1.384 1.096
8009.0 1.096 1.0
10479.0 1.0 1.0
8873.0 1.0 1.0
4915.0 1.0 1.457
4176.0 1.457 1.896
4979.0 1.896 2.276
8587.0 2.276 1.74
9715.0 1.74 1.538
8761.0 1.538 1.457
6765.0 1.457 1.459
4176.0 1.459 2.08
4600.0 2.08 2.496
6644.0 2.496 1.833
9368.0 1.833 1.552
10493.0 1.552 1.349
9099.0 1.349 1.276
6491.0 1.276 1.303
4577.0 1.303 1.892
4298.0 1.892 2.271
5253.0 2.271 1.794
7977.0 1.794 1.405
9311.0 1.405 1.239
8713.0 1.239 1.157
6587.0 1.157 1.174
4912.0 1.174 1.682
4568.0 1.682 2.189
5173.0 2.189 1.736
8377.0 1.736 1.516
8895.0 1.516 1.376
7581.0 1.376 1.344
4713.0 1.344 1.934
4331.0 1.934 2.518
4224.0 2.518 3.022
5832.0 3.022 2.317
9123.0 2.317 1.994
10113.0 1.994 1.744
9246.0 1.744 1.626
7286.0 1.626 1.627
4794.0 1.627 2.375
4176.0 2.375 3.106
4824.0 3.106 3.727
6694.0 3.727 2.729
9640.0 2.729 2.286
10868.0 2.286 1.959
9779.0 1.959 1.808
7259.0 1.808 1.834
4889.0 1.834 2.648
4658.0 2.648 3.177
6762.0 3.177 2.318
9201.0 2.318 1.991
10113.0 1.991 1.749
9060.0 1.749 1.648
7046.0 1.648 1.647
4436.0 1.647 2.359
4328.0 2.359 3.093
4944.0 3.093 3.711
7378.0 3.711 2.616
10286.0 2.616 2.194
10474.0 2.194 1.945
8584.0 1.945 1.886
6284.0 1.886 1.939
4302.0 1.939 2.764
4237.0 2.764 3.317
5230.0 3.317 2.623
8344.0 2.623 2.299
9268.0 2.299 2.04
8662.0 2.04 1.911
7162.0 1.911 1.886
5212.0 1.886 1.948
4210.0 1.948 2.536
4509.0 2.536 3.043
7423.0 3.043 2.446
9343.0 2.446 2.142
9148.0 2.142 1.971
7648.0 1.971 1.927
5880.0 1.927 1.986
4209.0 1.986 2.814
4342.0 2.814 3.377
6068.0 3.377 2.557
8561.0 2.557 2.228
9236.0 2.228 1.979
8192.0 1.979 1.89
6628.0 1.89 1.903
4746.0 1.903 2.713
4492.0 2.713 3.255
6664.0 3.255 2.388
8539.0 2.388 2.111
8845.0 2.111 1.917
7678.0 1.917 1.861
5922.0 1.861 1.89
4220.0 1.89 2.673
4595.0 2.673 3.208
6507.0 3.208 2.373
8772.0 2.373 2.078
8928.0 2.078 1.911
7656.0 1.911 1.862
5788.0 1.862 1.921
4176.0 1.921 2.724
4306.0 2.724 3.268
6084.0 3.268 2.473
8832.0 2.473 2.128
9504.0 2.128 1.893
8682.0 1.893 1.784
6980.0 1.784 1.787
4900.0 1.787 2.564
4286.0 2.564 3.077
5522.0 3.077 2.398
8879.0 2.398 2.063
9902.0 2.063 1.818
9209.0 1.818 1.692
7393.0 1.692 1.684
4885.0 1.684 2.423
4176.0 2.423 3.179
5296.0 3.179 2.506
7038.0 2.506 2.31
9609.0 2.31 1.995
8970.0 1.995 1.861
6771.0 1.861 1.88
4579.0 1.88 2.69
4320.0 2.69 3.228
6524.0 3.228 2.386
9761.0 2.386 2.012
10814.0 2.012 1.731
9725.0 1.731 1.604
7609.0 1.604 1.603
4971.0 1.603 2.353
4204.0 2.353 3.06
4449.0 3.06 3.672
5817.0 3.672 2.818
8913.0 2.818 2.4
10251.0 2.4 2.056
9438.0 2.056 1.899
6606.0 1.899 1.953
4262.0 1.953 2.786
4220.0 2.786 3.344
4920.0 3.344 4.012
6588.0 4.012 2.955
9928.0 2.955 2.484
11096.0 2.484 2.089
10012.0 2.089 1.924
7456.0 1.924 1.924
5060.0 1.924 2.053
4258.0 2.053 2.671
5588.0 2.671 2.074
8922.0 2.074 1.771
10983.0 1.771 1.493
9774.0 1.493 1.381
7532.0 1.381 1.375
4221.0 1.375 1.978
4244.0 1.978 2.373
4425.0 2.373 2.848
7723.0 2.848 2.254
10165.0 2.254 1.894
10684.0 1.894 1.649
9319.0 1.649 1.555
6633.0 1.555 1.587
4176.0 1.587 2.26
4282.0 2.26 2.712
5542.0 2.712 2.111
8552.0 2.111 1.829
10658.0 1.829 1.557
9908.0 1.557 1.425
7710.0 1.425 1.415
4758.0 1.415 2.044
4297.0 2.044 2.662
5527.0 2.662 2.073
8505.0 2.073 1.808
10815.0 1.808 1.528
10074.0 1.528 1.395
7672.0 1.395 1.396
4630.0 1.396 2.049
4373.0 2.049 2.665
6039.0 2.665 2.021
8687.0 2.021 1.762
10010.0 1.762 1.536
8900.0 1.536 1.451
6554.0 1.451 1.476
4199.0 1.476 2.105
4228.0 2.105 2.526
6954.0 2.526 1.823
10278.0 1.823 1.513
10659.0 1.513 1.327
9067.0 1.327 1.264
5991.0 1.264 1.306
4176.0 1.306 1.888
4323.0 1.888 2.265
4804.0 2.265 2.718
8014.0 2.718 2.127
10369.0 2.127 1.781
9709.0 1.781 1.637
6739.0 1.637 1.679
4227.0 1.679 2.439
4296.0 2.439 3.175
5684.0 3.175 2.453
9461.0 2.453 2.067
11057.0 2.067 1.749
10640.0 1.749 1.565
7826.0 1.565 1.569
4928.0 1.569 2.276
4255.0 2.276 2.978
4421.0 2.978 3.574
6813.0 3.574 2.6
9972.0 2.6 2.149
11508.0 2.149 1.805
10554.0 1.805 1.63
7014.0 1.63 1.675
4348.0 1.675 2.407
4176.0 2.407 3.143
4902.0 3.143 3.772
6668.0 3.772 2.766
9359.0 2.766 2.345
10415.0 2.345 2.04
9356.0 2.04 1.901
6848.0 1.901 1.92
4598.0 1.92 2.794
4407.0 2.794 3.352
5837.0 3.352 2.57
9284.0 2.57 1.894
10847.0 1.894 1.604
10319.0 1.604 1.449
8015.0 1.449 1.434
5093.0 1.434 1.539
4220.0 1.539 2.168
4494.0 2.168 2.601
7452.0 2.601 1.826
10731.0 1.826 1.499
9870.0 1.499 1.377
7758.0 1.377 1.369
4176.0 1.369 1.973
4219.0 1.973 2.572
5089.0 2.572 2.048
8097.0 2.048 1.805
9929.0 1.805 1.546
9917.0 1.546 1.396
8485.0 1.396 1.343
5705.0 1.343 1.39
4201.0 1.39 1.966
4250.0 1.966 2.359
4826.0 2.359 2.831
8250.0 2.831 2.189
10641.0 2.189 1.815
10737.0 1.815 1.592
8874.0 1.592 1.53
5656.0 1.53 1.602
4176.0 1.602 2.093
4230.0 2.093 2.512
4295.0 2.512 3.014
4368.0 3.014 3.617
4230.0 3.617 4.341
4422.0 4.341 5.209
5808.0 5.209 3.999
7808.0 3.999 3.604
8600.0 3.604 3.284
7960.0 3.284 3.128
6576.0 3.128 3.115
5025.0 3.115 3.212
4181.0 3.212 4.177
4885.0 4.177 5.012
7891.0 5.012 3.43
10974.0 3.43 2.787
11931.0 2.787 2.336
10647.0 2.336 2.132
8283.0 2.132 2.105
4626.0 2.105 3.083
4302.0 3.083 3.7
4709.0 3.7 4.44
6848.0 4.44 3.224
8984.0 3.224 2.833
8836.0 2.833 2.624
7789.0 2.624 2.538
5860.0 2.538 2.591
4662.0 2.591 3.672
4362.0 3.672 4.406
4718.0 4.406 5.287
6695.0 5.287 3.871
10302.0 3.871 3.191
11824.0 3.191 2.624
10853.0 2.624 2.366
7973.0 2.366 2.362
4658.0 2.362 3.455
4288.0 3.455 4.503
4664.0 4.503 5.404
6515.0 5.404 3.996
8444.0 3.996 3.559
8808.0 3.559 3.237
7968.0 3.237 3.096
6268.0 3.096 3.122
4300.0 3.122 4.464
4178.0 4.464 5.356
5054.0 5.356 4.273
7734.0 4.273 3.381
11086.0 3.381 2.702
12540.0 2.702 2.207
10770.0 2.207 2.035
7689.0 2.035 2.068
4845.0 2.068 3.031
4183.0 3.031 3.637
4343.0 3.637 4.365
5663.0 4.365 3.376
8426.0 3.376 2.941
10010.0 2.941 2.559
9862.0 2.559 2.317
8698.0 2.317 2.205
6160.0 2.205 2.261
4206.0 2.261 3.217
4438.0 3.217 3.86
5402.0 3.86 3.026
8330.0 3.026 2.645
10373.0 2.645 2.239
10701.0 2.239 1.969
8958.0 1.969 1.88
5919.0 1.88 1.949
4238.0 1.949 2.749
4355.0 2.749 3.298
5853.0 3.298 2.526
9510.0 2.526 2.115
11070.0 2.115 1.79
9756.0 1.79 1.667
6264.0 1.667 1.743
4302.0 1.743 2.485
4361.0 2.485 2.982
5711.0 2.982 2.301
8384.0 2.301 2.036
9212.0 2.036 1.832
8102.0 1.832 1.761
6358.0 1.761 1.788
4492.0 1.788 2.543
4200.0 2.543 3.313
4869.0 3.313 3.976
7079.0 3.976 2.85
10343.0 2.85 2.343
10583.0 2.343 2.059
8843.0 2.059 1.979
5606.0 1.979 2.081
4220.0 2.081 2.718
5318.0 2.718 2.14
8006.0 2.14 1.898
10106.0 1.898 1.632
9605.0 1.632 1.502
7991.0 1.502 1.47
4975.0 1.47 2.13
4197.0 2.13 2.772
4737.0 2.772 3.326
6959.0 3.326 2.4
10094.0 2.4 2.009
10793.0 2.009 1.738
8594.0 1.738 1.689
6098.0 1.689 1.733
4177.0 1.733 2.48
4480.0 2.48 2.976
6236.0 2.976 2.234
9482.0 2.234 1.876
9896.0 1.876 1.678
7808.0 1.678 1.657
5130.0 1.657 1.737
4228.0 1.737 2.261
5101.0 2.261 1.799
8633.0 1.799 1.551
10669.0 1.551 1.313
10865.0 1.313 1.149
8837.0 1.149 1.107
5047.0 1.107 1.195
4218.0 1.195 1.678
4809.0 1.678 2.013
6243.0 2.013 1.511
9529.0 1.511 1.273
9769.0 1.273 1.142
6993.0 1.142 1.156
4804.0 1.156 1.689
4285.0 1.689 2.202
5081.0 2.202 1.755
6819.0 1.755 1.453
6935.0 1.453 1.393
5053.0 1.393 1.437
4281.0 1.437 2.014
4838.0 2.014 2.416
7536.0 2.416 1.942
8640.0 1.942 1.763
7836.0 1.763 1.689
6314.0 1.689 1.703
4176.0 1.703 2.409
4220.0 2.409 2.891
5608.0 2.891 2.243
7746.0 2.243 2.022
8460.0 2.022 1.86
7017.0 1.86 1.828
5577.0 1.828 1.858
4283.0 1.858 2.616
4478.0 2.616 3.139
6420.0 3.139 2.333
8427.0 2.333 2.076
8487.0 2.076 1.926
6867.0 1.926 1.915
5237.0 1.915 1.969
4266.0 1.969 2.766
4764.0 2.766 3.319
6720.0 3.319 2.427
8493.0 2.427 2.157
8298.0 2.157 2.026
6882.0 2.026 2.005
5180.0 2.005 2.071
4389.0 2.071 2.911
5893.0 2.911 2.225
8362.0 2.225 1.966
8650.0 1.966 1.813
7018.0 1.813 1.794
4926.0 1.794 2.596
4384.0 2.596 3.378
5690.0 3.378 2.609
8267.0 2.609 2.291
8633.0 2.291 2.11
6815.0 2.11 2.114
5027.0 2.114 2.205
4493.0 2.205 3.09
5989.0 3.09 2.35
8542.0 2.35 2.052
8761.0 2.052 1.889
7756.0 1.889 1.82
5870.0 1.82 1.858
4220.0 1.858 2.624
4373.0 2.624 3.148
6417.0 3.148 2.34
8364.0 2.34 2.086
8118.0 2.086 1.966
5799.0 1.966 2.026
4229.0 2.026 2.869
5323.0 2.869 2.258
7581.0 2.258 2.035
8538.0 2.035 1.857
7932.0 1.857 1.772
6480.0 1.772 1.771
4842.0 1.771 2.538
4525.0 2.538 3.046
6607.0 3.046 2.241
9124.0 2.241 1.935
8989.0 1.935 1.785
7063.0 1.785 1.779
4905.0 1.779 2.563
4318.0 2.563 3.075
5874.0 3.075 2.353
8976.0 2.353 2.022
9294.0 2.022 1.835
7680.0 1.835 1.795
5868.0 1.795 1.835
4176.0 1.835 2.602
4268.0 2.602 3.122
5756.0 3.122 2.404
8393.0 2.404 2.119
9023.0 2.119 1.92
7898.0 1.92 1.85
6324.0 1.85 1.858
4414.0 1.858 2.65
4178.0 2.65 3.462
4646.0 3.462 4.154
6318.0 4.154 3.104
9190.0 3.104 2.668
9814.0 2.668 2.377
8158.0 2.377 2.304
5647.0 2.304 2.392
4176.0 2.392 3.419
4461.0 3.419 4.102
5735.0 4.102 3.161
8378.0 3.161 2.775
9282.0 2.775 2.492
8194.0 2.492 2.386
6676.0 2.386 2.388
5054.0 2.388 2.457
4429.0 2.457 3.456
6037.0 3.456 2.621
8533.0 2.621 2.3
8779.0 2.3 2.114
7003.0 2.114 2.102
5059.0 2.102 2.179
4225.0 2.179 3.061
5601.0 3.061 2.376
8244.0 2.376 2.104
8748.0 2.104 1.924
7707.0 1.924 1.862
6149.0 1.862 1.878
4469.0 1.878 2.663
4176.0 2.663 3.476
5303.0 3.476 2.739
8009.0 2.739 2.418
9341.0 2.418 2.132
8774.0 2.132 1.998
6968.0 1.998 1.991
5148.0 1.991 2.087
4373.0 2.087 2.927
6107.0 2.927 2.212
8789.0 2.212 1.936
8588.0 1.936 1.798
6918.0 1.798 1.796
4828.0 1.796 2.579
4519.0 2.579 3.095
6537.0 3.095 2.286
8430.0 2.286 2.048
8097.0 2.048 1.941
6821.0 1.941 1.928
4753.0 1.928 2.769
4334.0 2.769 3.323
5708.0 3.323 2.564
8750.0 2.564 2.206
9872.0 2.206 1.941
9137.0 1.941 1.811
6413.0 1.811 1.85
4176.0 1.85 2.644
4239.0 2.644 3.173
5493.0 3.173 2.476
8427.0 2.476 2.171
9195.0 2.171 1.959
8025.0 1.959 1.885
6543.0 1.885 1.894
4637.0 1.894 2.719
4608.0 2.719 3.262
6794.0 3.262 2.376
9023.0 2.376 2.07
8774.0 2.07 1.918
7364.0 1.918 1.879
5530.0 1.879 1.94
4176.0 1.94 2.747
4279.0 2.747 3.296
6529.0 3.296 2.435
8500.0 2.435 2.171
8845.0 2.171 1.986
7420.0 1.986 1.944
5802.0 1.944 1.976
4195.0 1.976 2.784
4307.0 2.784 3.341
5967.0 3.341 2.543
8463.0 2.543 2.247
8664.0 2.247 2.073
6882.0 2.073 2.066
4948.0 2.066 2.986
4336.0 2.986 3.583
5566.0 3.583 2.785
7984.0 2.785 2.48
8461.0 2.48 2.286
6979.0 2.286 2.264
5385.0 2.264 2.325
4176.0 2.325 3.28
4305.0 3.28 3.936
5959.0 3.936 2.998
8593.0 2.998 2.616
9921.0 2.616 2.3
8765.0 2.3 2.175
6566.0 2.175 2.21
4512.0 2.21 3.175
4404.0 3.175 4.145
5300.0 4.145 3.267
7673.0 3.267 2.94
8903.0 2.94 2.621
8835.0 2.621 2.426
7821.0 2.426 2.339
5859.0 2.339 2.392
4347.0 2.392 3.39
4523.0 3.39 4.068
5671.0 4.068 3.145
8263.0 3.145 2.764
9615.0 2.764 2.451
8647.0 2.451 2.322
6541.0 2.322 2.351
4979.0 2.351 3.364
4424.0 3.364 4.036
5114.0 4.036 3.211
7403.0 3.211 2.908
9254.0 2.908 2.523
9142.0 2.523 2.316
7666.0 2.316 2.261
5293.0 2.261 2.356
4250.0 2.356 3.306
4851.0 3.306 3.967
6797.0 3.967 2.888
