[99096, 100.0, 1.0]
[1754413, 1.0, 1.0]
[346877, 1.0, 1.1]
[62663, 1.1, 1.2]
[8756, 1.2, 1.3]
[4176, 1.3, 1.4]
[4176, 1.4, 1.5]
[4176, 1.5, 2.0]
[4176, 2.0, 2.5]
[4176, 2.5, 3.0]
[4176, 3.0, 3.5]
[4282, 3.5, 4.0]
[4255, 4.0, 4.5]
[4176, 4.5, 5.0]
[4176, 5.0, 5.5]
[4335, 5.5, 6.0]
[4770, 6.0, 6.5]
[5862, 6.5, 7.0]
[8019, 7.0, 7.5]
[11337, 7.5, 8.0]
[17515, 8.0, 8.5]
[28476, 8.5, 9.0]
[48819, 9.0, 9.5]
[88733, 9.5, 1.0]
[127261, 1.0, 1.0]
[19829, 1.0, 1.1]
[4176, 1.1, 1.2]
[4176, 1.2, 1.3]
[4176, 1.3, 1.4]
[4176, 1.4, 1.5]
[4176, 1.5, 2.0]
[4176, 2.0, 2.5]
[4176, 2.5, 3.0]
[4176, 3.0, 3.5]
[4466, 3.5, 4.0]
[4176, 4.0, 4.5]
[4313, 4.5, 5.0]
[4437, 5.0, 5.5]
[4332, 5.5, 6.0]
[4683, 6.0, 6.5]
[5355, 6.5, 7.0]
[7596, 7.0, 7.5]
[10746, 7.5, 8.0]
[16118, 8.0, 8.5]
[25782, 8.5, 9.0]
[43308, 9.0, 9.5]
[77678, 9.5, 1.0]
[95542, 1.0, 1.0]
[15934, 1.0, 1.1]
[4176, 1.1, 1.2]
[4176, 1.2, 1.3]
[4214, 1.3, 1.4]
[4176, 1.4, 1.5]
[4176, 1.5, 2.0]
[4176, 2.0, 2.5]
[4176, 2.5, 3.0]
[4243, 3.0, 3.5]
[4176, 3.5, 4.0]
[4301, 4.0, 4.5]
[4503, 4.5, 5.0]
[4474, 5.0, 5.5]
[4692, 5.5, 6.0]
[4936, 6.0, 6.5]
[6196, 6.5, 7.0]
[8101, 7.0, 7.5]
[11335, 7.5, 8.0]
[17429, 8.0, 8.5]
[27886, 8.5, 9.0]
[48061, 9.0, 9.5]
[86813, 9.5, 1.0]
[84027, 1.0, 1.0]
[16441, 1.0, 1.1]
[4229, 1.1, 1.2]
[4229, 1.2, 1.3]
[4229, 1.3, 1.4]
[4229, 1.4, 1.5]
[4229, 1.5, 2.0]
[4229, 2.0, 2.5]
[4176, 2.5, 3.0]
[4191, 3.0, 3.5]
[4333, 3.5, 4.0]
[4228, 4.0, 4.5]
[4184, 4.5, 5.0]
[4231, 5.0, 5.5]
[5212, 5.5, 6.0]
[5960, 6.0, 6.5]
[7997, 6.5, 7.0]
[11504, 7.0, 7.5]
[17504, 7.5, 8.0]
[28468, 8.0, 8.5]
[48031, 8.5, 9.0]
[86734, 9.0, 1.0]
[93832, 1.0, 1.0]
[13216, 1.0, 1.1]
[4211, 1.1, 1.2]
[4211, 1.2, 1.3]
[4253, 1.3, 1.4]
[4295, 1.4, 1.5]
[4211, 1.5, 2.0]
[4422, 2.0, 2.5]
[4211, 2.5, 3.0]
[4295, 3.0, 3.5]
[4211, 3.5, 4.0]
[4496, 4.0, 4.5]
[4578, 4.5, 5.0]
[4743, 5.0, 5.5]
[5556, 5.5, 6.0]
[7228, 6.0, 6.5]
[10378, 6.5, 7.0]
[14686, 7.0, 7.5]
[23620, 7.5, 8.0]
[39286, 8.0, 8.5]
[69420, 8.5, 1.0]
[113142, 1.0, 1.0]
[36128, 1.0, 1.1]
[4226, 1.1, 1.2]
[4226, 1.2, 1.3]
[4226, 1.3, 1.4]
[4309, 1.4, 1.5]
[4226, 1.5, 2.0]
[4310, 2.0, 2.5]
[4211, 2.5, 3.0]
[4211, 3.0, 3.5]
[4211, 3.5, 4.0]
[4584, 4.0, 4.5]
[4295, 4.5, 5.0]
[4434, 5.0, 5.5]
[4491, 5.5, 6.0]
[5346, 6.0, 6.5]
[6606, 6.5, 7.0]
[9312, 7.0, 7.5]
[13440, 7.5, 8.0]
[20508, 8.0, 8.5]
[33932, 8.5, 9.0]
[59153, 9.0, 1.0]
[105045, 1.0, 1.0]
[53362, 1.0, 1.1]
[5993, 1.1, 1.2]
[4211, 1.2, 1.3]
[4211, 1.3, 1.4]
[4211, 1.4, 1.5]
[4211, 1.5, 2.0]
[4295, 2.0, 2.5]
[4176, 2.5, 3.0]
[4260, 3.0, 3.5]
[4194, 3.5, 4.0]
[4322, 4.0, 4.5]
[4176, 4.5, 5.0]
[4176, 5.0, 5.5]
[4382, 5.5, 6.0]
[4733, 6.0, 6.5]
[5405, 6.5, 7.0]
[7394, 7.0, 7.5]
[10460, 7.5, 8.0]
[15664, 8.0, 8.5]
[24871, 8.5, 9.0]
[42061, 9.0, 9.5]
[74695, 9.5, 1.0]
[109002, 1.0, 1.0]
[30187, 1.0, 1.1]
[4176, 1.1, 1.2]
[4176, 1.2, 1.3]
[4176, 1.3, 1.4]
[4176, 1.4, 1.5]
[4240, 1.5, 2.0]
[4176, 2.0, 2.5]
[4176, 2.5, 3.0]
[4247, 3.0, 3.5]
[4217, 3.5, 4.0]
[4251, 4.0, 4.5]
[4176, 4.5, 5.0]
[4301, 5.0, 5.5]
[4421, 5.5, 6.0]
[5108, 6.0, 6.5]
[6284, 6.5, 7.0]
[8021, 7.0, 7.5]
[11339, 7.5, 8.0]
[17601, 8.0, 8.5]
[28310, 8.5, 9.0]
[48401, 9.0, 9.5]
[87321, 9.5, 1.0]
[106158, 1.0, 1.0]
[18859, 1.0, 1.1]
[4176, 1.1, 1.2]
[4176, 1.2, 1.3]
[4176, 1.3, 1.4]
[4176, 1.4, 1.5]
[4285, 1.5, 2.0]
[4221, 2.0, 2.5]
[4176, 2.5, 3.0]
[4176, 3.0, 3.5]
[4328, 3.5, 4.0]
[4345, 4.0, 4.5]
[4348, 4.5, 5.0]
[4359, 5.0, 5.5]
[5256, 5.5, 6.0]
[6340, 6.0, 6.5]
[8713, 6.5, 7.0]
[12388, 7.0, 7.5]
[19282, 7.5, 8.0]
[31774, 8.0, 8.5]
[55433, 8.5, 1.0]
[100121, 1.0, 1.0]
[69065, 1.0, 1.1]
[8162, 1.1, 1.2]
[4176, 1.2, 1.3]
[4205, 1.3, 1.4]
[4223, 1.4, 1.5]
[4199, 1.5, 2.0]
[4245, 2.0, 2.5]
[4238, 2.5, 3.0]
[4203, 3.0, 3.5]
[4176, 3.5, 4.0]
[4409, 4.0, 4.5]
[4350, 4.5, 5.0]
[4363, 5.0, 5.5]
[5092, 5.5, 6.0]
[6008, 6.0, 6.5]
[8297, 6.5, 7.0]
[12056, 7.0, 7.5]
[18140, 7.5, 8.0]
[29826, 8.0, 8.5]
[51395, 8.5, 1.618]
[93167, 1.618, 1.0]
[73949, 1.0, 1.1]
[13130, 1.1, 1.2]
[4213, 1.2, 1.3]
[4213, 1.3, 1.4]
[4213, 1.4, 1.5]
[4213, 1.5, 2.0]
[4239, 2.0, 2.5]
[4265, 2.5, 3.0]
[4344, 3.0, 3.5]
[4181, 3.5, 4.0]
[4265, 4.0, 4.5]
[4265, 4.5, 5.0]
[4440, 5.0, 5.5]
[4615, 5.5, 6.0]
[5279, 6.0, 6.5]
[6539, 6.5, 7.0]
[9161, 7.0, 7.5]
[13205, 7.5, 8.0]
[20189, 8.0, 8.5]
[33613, 8.5, 9.0]
[58231, 9.0, 1.0]
[104473, 1.0, 1.0]
[70094, 1.0, 1.1]
[9191, 1.1, 1.2]
[4176, 1.2, 1.3]
[4176, 1.3, 1.4]
[4176, 1.4, 1.5]
[4176, 1.5, 2.0]
[4176, 2.0, 2.5]
[4200, 2.5, 3.0]
[4176, 3.0, 3.5]
[4199, 3.5, 4.0]
[4210, 4.0, 4.5]
[4297, 4.5, 5.0]
[4319, 5.0, 5.5]
[4327, 5.5, 6.0]
[4594, 6.0, 6.5]
[5518, 6.5, 7.0]
[7507, 7.0, 7.5]
[10657, 7.5, 8.0]
[16113, 8.0, 8.5]
[25861, 8.5, 9.0]
[44242, 9.0, 9.5]
[79774, 9.5, 1.0]
[109048, 1.0, 1.0]
[26033, 1.0, 1.1]
[4176, 1.1, 1.2]
[4176, 1.2, 1.3]
[4176, 1.3, 1.4]
[4209, 1.4, 1.5]
[4176, 1.5, 2.0]
[4176, 2.0, 2.5]
[4176, 2.5, 3.0]
[4176, 3.0, 3.5]
[4269, 3.5, 4.0]
[4218, 4.0, 4.5]
[4193, 4.5, 5.0]
[4308, 5.0, 5.5]
[4766, 5.5, 6.0]
[5262, 6.0, 6.5]
[6690, 6.5, 7.0]
[9396, 7.0, 7.5]
[13524, 7.5, 8.0]
[21482, 8.0, 8.5]
[35699, 8.5, 9.0]
[61943, 9.0, 1.0]
[105945, 1.0, 1.0]
[48214, 1.0, 1.1]
[7612, 1.1, 1.2]
[4176, 1.2, 1.3]
[4176, 1.3, 1.4]
[4176, 1.4, 1.5]
[4210, 1.5, 2.0]
[4176, 2.0, 2.5]
[4335, 2.5, 3.0]
[4176, 3.0, 3.5]
[4176, 3.5, 4.0]
[4228, 4.0, 4.5]
[4252, 4.5, 5.0]
[4176, 5.0, 5.5]
[4379, 5.5, 6.0]
[4402, 6.0, 6.5]
[4990, 6.5, 7.0]
[5926, 7.0, 7.5]
[7372, 7.5, 8.0]
[10578, 8.0, 8.5]
[16193, 8.5, 9.0]
[25856, 9.0, 9.5]
[43776, 9.5, 10.0]
[78370, 10.0, 1.0]
[105718, 1.0, 1.0]
[24131, 1.0, 1.1]
[4176, 1.1, 1.2]
[4176, 1.2, 1.3]
[4176, 1.3, 1.4]
[4176, 1.4, 1.5]
[4176, 1.5, 2.0]
[4176, 2.0, 2.5]
[4176, 2.5, 3.0]
[4249, 3.0, 3.5]
[4202, 3.5, 4.0]
[4261, 4.0, 4.5]
[4176, 4.5, 5.0]
[4303, 5.0, 5.5]
[4421, 5.5, 6.0]
[4688, 6.0, 6.5]
[5696, 6.5, 7.0]
[7601, 7.0, 7.5]
[10499, 7.5, 8.0]
[15955, 8.0, 8.5]
[25703, 8.5, 9.0]
[43397, 9.0, 9.5]
[77767, 9.5, 1.0]
[99747, 1.0, 1.0]
[23667, 1.0, 1.1]
[4176, 1.1, 1.2]
[4204, 1.2, 1.3]
[4176, 1.3, 1.4]
[4176, 1.4, 1.5]
[4176, 1.5, 2.0]
[4176, 2.0, 2.5]
[4176, 2.5, 3.0]
[4217, 3.0, 3.5]
[4176, 3.5, 4.0]
[4176, 4.0, 4.5]
[4512, 4.5, 5.0]
[4352, 5.0, 5.5]
[4413, 5.5, 6.0]
[4428, 6.0, 6.5]
[5268, 6.5, 7.0]
[6837, 7.0, 7.5]
[9429, 7.5, 8.0]
[13743, 8.0, 8.5]
[21989, 8.5, 9.0]
[36866, 9.0, 9.5]
[65034, 9.5, 1.0]
[106600, 1.0, 1.0]
[99096, 100.0, 1.0]
[1754413, 1.0, 1.0]
[346877, 1.0, 1.1]
[62663, 1.1, 1.2]
[8756, 1.2, 1.3]
[4176, 1.3, 1.4]
[4176, 1.4, 1.5]
[4176, 1.5, 2.0]
[4176, 2.0, 2.5]
[4176, 2.5, 3.0]
[4176, 3.0, 3.5]
[4282, 3.5, 4.0]
[4255, 4.0, 4.5]
[4176, 4.5, 5.0]
[4176, 5.0, 5.5]
[4335, 5.5, 6.0]
[4770, 6.0, 6.5]
[5862, 6.5, 7.0]
[8019, 7.0, 7.5]
[11337, 7.5, 8.0]
[17515, 8.0, 8.5]
[28476, 8.5, 9.0]
[48819, 9.0, 9.5]
[88733, 9.5, 1.0]
[127261, 1.0, 1.0]
[19829, 1.0, 1.1]
[4176, 1.1, 1.2]
[4176, 1.2, 1.3]
[4176, 1.3, 1.4]
[4176, 1.4, 1.5]
[4176, 1.5, 2.0]
[4176, 2.0, 2.5]
[4176, 2.5, 3.0]
[4176, 3.0, 3.5]
[4466, 3.5, 4.0]
[4176, 4.0, 4.5]
[4313, 4.5, 5.0]
[4437, 5.0, 5.5]
[4332, 5.5, 6.0]
[4683, 6.0, 6.5]
[5355, 6.5, 7.0]
[7596, 7.0, 7.5]
[10746, 7.5, 8.0]
[16118, 8.0, 8.5]
[25782, 8.5, 9.0]
[43308, 9.0, 9.5]
[77678, 9.5, 1.0]
[95542, 1.0, 1.0]
[15934, 1.0, 1.1]
[4176, 1.1, 1.2]
[4176, 1.2, 1.3]
[4214, 1.3, 1.4]
[4176, 1.4, 1.5]
[4176, 1.5, 2.0]
[4176, 2.0, 2.5]
[4176, 2.5, 3.0]
[4243, 3.0, 3.5]
[4176, 3.5, 4.0]
[4301, 4.0, 4.5]
[4503, 4.5, 5.0]
[4474, 5.0, 5.5]
[4692, 5.5, 6.0]
[4936, 6.0, 6.5]
[6196, 6.5, 7.0]
[8101, 7.0, 7.5]
[11335, 7.5, 8.0]
[17429, 8.0, 8.5]
[27886, 8.5, 9.0]
[48061, 9.0, 9.5]
[86813, 9.5, 1.0]
[84027, 1.0, 1.0]
[16441, 1.0, 1.1]
[4229, 1.1, 1.2]
[4229, 1.2, 1.3]
[4229, 1.3, 1.4]
[4229, 1.4, 1.5]
[4229, 1.5, 2.0]
[4229, 2.0, 2.5]
[4176, 2.5, 3.0]
[4191, 3.0, 3.5]
[4333, 3.5, 4.0]
[4228, 4.0, 4.5]
[4184, 4.5, 5.0]
[4231, 5.0, 5.5]
[5212, 5.5, 6.0]
[5960, 6.0, 6.5]
[7997, 6.5, 7.0]
[11504, 7.0, 7.5]
[17504, 7.5, 8.0]
[28468, 8.0, 8.5]
[48031, 8.5, 9.0]
[86734, 9.0, 1.0]
[93832, 1.0, 1.0]
[13216, 1.0, 1.1]
[4211, 1.1, 1.2]
[4211, 1.2, 1.3]
[4253, 1.3, 1.4]
[4295, 1.4, 1.5]
[4211, 1.5, 2.0]
[4422, 2.0, 2.5]
[4211, 2.5, 3.0]
[4295, 3.0, 3.5]
[4211, 3.5, 4.0]
[4496, 4.0, 4.5]
[4578, 4.5, 5.0]
[4743, 5.0, 5.5]
[5556, 5.5, 6.0]
[7228, 6.0, 6.5]
[10378, 6.5, 7.0]
[14686, 7.0, 7.5]
[23620, 7.5, 8.0]
[39286, 8.0, 8.5]
[69420, 8.5, 1.0]
[113142, 1.0, 1.0]
[36128, 1.0, 1.1]
[4226, 1.1, 1.2]
[4226, 1.2, 1.3]
[4226, 1.3, 1.4]
[4309, 1.4, 1.5]
[4226, 1.5, 2.0]
[4310, 2.0, 2.5]
[4211, 2.5, 3.0]
[4211, 3.0, 3.5]
[4211, 3.5, 4.0]
[4584, 4.0, 4.5]
[4295, 4.5, 5.0]
[4434, 5.0, 5.5]
[4491, 5.5, 6.0]
[5346, 6.0, 6.5]
[6606, 6.5, 7.0]
[9312, 7.0, 7.5]
[13440, 7.5, 8.0]
[20508, 8.0, 8.5]
[33932, 8.5, 9.0]
[59153, 9.0, 1.0]
[105045, 1.0, 1.0]
[53362, 1.0, 1.1]
[5993, 1.1, 1.2]
[4211, 1.2, 1.3]
[4211, 1.3, 1.4]
[4211, 1.4, 1.5]
[4211, 1.5, 2.0]
[4295, 2.0, 2.5]
[4176, 2.5, 3.0]
[4260, 3.0, 3.5]
[4194, 3.5, 4.0]
[4322, 4.0, 4.5]
[4176, 4.5, 5.0]
[4176, 5.0, 5.5]
[4382, 5.5, 6.0]
[4733, 6.0, 6.5]
[5405, 6.5, 7.0]
[7394, 7.0, 7.5]
[10460, 7.5, 8.0]
[15664, 8.0, 8.5]
[24871, 8.5, 9.0]
[42061, 9.0, 9.5]
[74695, 9.5, 1.0]
[109002, 1.0, 1.0]
[30187, 1.0, 1.1]
[4176, 1.1, 1.2]
[4176, 1.2, 1.3]
[4176, 1.3, 1.4]
[4176, 1.4, 1.5]
[4240, 1.5, 2.0]
[4176, 2.0, 2.5]
[4176, 2.5, 3.0]
[4247, 3.0, 3.5]
[4217, 3.5, 4.0]
[4251, 4.0, 4.5]
[4176, 4.5, 5.0]
[4301, 5.0, 5.5]
[4421, 5.5, 6.0]
[5108, 6.0, 6.5]
[6284, 6.5, 7.0]
[8021, 7.0, 7.5]
[11339, 7.5, 8.0]
[17601, 8.0, 8.5]
[28310, 8.5, 9.0]
[48401, 9.0, 9.5]
[87321, 9.5, 1.0]
[106158, 1.0, 1.0]
[18859, 1.0, 1.1]
[4176, 1.1, 1.2]
[4176, 1.2, 1.3]
[4176, 1.3, 1.4]
[4176, 1.4, 1.5]
[4285, 1.5, 2.0]
[4221, 2.0, 2.5]
[4176, 2.5, 3.0]
[4176, 3.0, 3.5]
[4328, 3.5, 4.0]
[4345, 4.0, 4.5]
[4348, 4.5, 5.0]
[4359, 5.0, 5.5]
[5256, 5.5, 6.0]
[6340, 6.0, 6.5]
[8713, 6.5, 7.0]
[12388, 7.0, 7.5]
[19282, 7.5, 8.0]
[31774, 8.0, 8.5]
[55433, 8.5, 1.0]
[100121, 1.0, 1.0]
[69065, 1.0, 1.1]
[8162, 1.1, 1.2]
[4176, 1.2, 1.3]
[4205, 1.3, 1.4]
[4223, 1.4, 1.5]
[4199, 1.5, 2.0]
[4245, 2.0, 2.5]
[4238, 2.5, 3.0]
[4203, 3.0, 3.5]
[4176, 3.5, 4.0]
[4409, 4.0, 4.5]
[4350, 4.5, 5.0]
[4363, 5.0, 5.5]
[5092, 5.5, 6.0]
[6008, 6.0, 6.5]
[8297, 6.5, 7.0]
[12056, 7.0, 7.5]
[18140, 7.5, 8.0]
[29826, 8.0, 8.5]
[51395, 8.5, 1.618]
[93167, 1.618, 1.0]
[73949, 1.0, 1.1]
[13130, 1.1, 1.2]
[4213, 1.2, 1.3]
[4213, 1.3, 1.4]
[4213, 1.4, 1.5]
[4213, 1.5, 2.0]
[4239, 2.0, 2.5]
[4265, 2.5, 3.0]
[4344, 3.0, 3.5]
[4181, 3.5, 4.0]
[4265, 4.0, 4.5]
[4265, 4.5, 5.0]
[4440, 5.0, 5.5]
[4615, 5.5, 6.0]
[5279, 6.0, 6.5]
[6539, 6.5, 7.0]
[9161, 7.0, 7.5]
[13205, 7.5, 8.0]
[20189, 8.0, 8.5]
[33613, 8.5, 9.0]
[58231, 9.0, 1.0]
[104473, 1.0, 1.0]
[70094, 1.0, 1.1]
[9191, 1.1, 1.2]
[4176, 1.2, 1.3]
[4176, 1.3, 1.4]
[4176, 1.4, 1.5]
[4176, 1.5, 2.0]
[4176, 2.0, 2.5]
[4200, 2.5, 3.0]
[4176, 3.0, 3.5]
[4199, 3.5, 4.0]
[4210, 4.0, 4.5]
[4297, 4.5, 5.0]
[4319, 5.0, 5.5]
[4327, 5.5, 6.0]
[4594, 6.0, 6.5]
[5518, 6.5, 7.0]
[7507, 7.0, 7.5]
[10657, 7.5, 8.0]
[16113, 8.0, 8.5]
[25861, 8.5, 9.0]
[44242, 9.0, 9.5]
[79774, 9.5, 1.0]
[109048, 1.0, 1.0]
[26033, 1.0, 1.1]
[4176, 1.1, 1.2]
[4176, 1.2, 1.3]
[4176, 1.3, 1.4]
[4209, 1.4, 1.5]
[4176, 1.5, 2.0]
[4176, 2.0, 2.5]
[4176, 2.5, 3.0]
[4176, 3.0, 3.5]
[4269, 3.5, 4.0]
[4218, 4.0, 4.5]
[4193, 4.5, 5.0]
[4308, 5.0, 5.5]
[4766, 5.5, 6.0]
[5262, 6.0, 6.5]
[6690, 6.5, 7.0]
[9396, 7.0, 7.5]
[13524, 7.5, 8.0]
[21482, 8.0, 8.5]
[35699, 8.5, 9.0]
[61943, 9.0, 1.0]
[105945, 1.0, 1.0]
[48214, 1.0, 1.1]
[7612, 1.1, 1.2]
[4176, 1.2, 1.3]
[4176, 1.3, 1.4]
[4176, 1.4, 1.5]
[4210, 1.5, 2.0]
[4176, 2.0, 2.5]
[4335, 2.5, 3.0]
[4176, 3.0, 3.5]
[4176, 3.5, 4.0]
[4228, 4.0, 4.5]
[4252, 4.5, 5.0]
[4176, 5.0, 5.5]
[4379, 5.5, 6.0]
[4402, 6.0, 6.5]
[4990, 6.5, 7.0]
[5926, 7.0, 7.5]
[7372, 7.5, 8.0]
[10578, 8.0, 8.5]
[16193, 8.5, 9.0]
[25856, 9.0, 9.5]
[43776, 9.5, 10.0]
[78370, 10.0, 1.0]
[105718, 1.0, 1.0]
[24131, 1.0, 1.1]
[4176, 1.1, 1.2]
[4176, 1.2, 1.3]
[4176, 1.3, 1.4]
[4176, 1.4, 1.5]
[4176, 1.5, 2.0]
[4176, 2.0, 2.5]
[4176, 2.5, 3.0]
[4249, 3.0, 3.5]
[4202, 3.5, 4.0]
[4261, 4.0, 4.5]
[4176, 4.5, 5.0]
[4303, 5.0, 5.5]
[4421, 5.5, 6.0]
[4688, 6.0, 6.5]
[5696, 6.5, 7.0]
[7601, 7.0, 7.5]
[10499, 7.5, 8.0]
[15955, 8.0, 8.5]
[25703, 8.5, 9.0]
[43397, 9.0, 9.5]
[77767, 9.5, 1.0]
[99747, 1.0, 1.0]
[23667, 1.0, 1.1]
[4176, 1.1, 1.2]
[4204, 1.2, 1.3]
[4176, 1.3, 1.4]
[4176, 1.4, 1.5]
[4176, 1.5, 2.0]
[4176, 2.0, 2.5]
[4176, 2.5, 3.0]
[4217, 3.0, 3.5]
[4176, 3.5, 4.0]
[4176, 4.0, 4.5]
[4512, 4.5, 5.0]
[4352, 5.0, 5.5]
[4413, 5.5, 6.0]
[4428, 6.0, 6.5]
[5268, 6.5, 7.0]
[6837, 7.0, 7.5]
[9429, 7.5, 8.0]
[13743, 8.0, 8.5]
[21989, 8.5, 9.0]
[36866, 9.0, 9.5]
[65034, 9.5, 1.0]
[106600, 1.0, 1.0]
