[100776, 100.0, 1.0]
[1754413, 1.0, 1.0]
[346877, 1.0, 1.1]
[62663, 1.1, 1.2]
[8756, 1.2, 1.3]
[4176, 1.3, 1.4]
[4176, 1.4, 1.5]
[4176, 1.5, 2.0]
[4176, 2.0, 2.5]
[4176, 2.5, 3.0]
[4260, 3.0, 3.5]
[4366, 3.5, 4.0]
[4255, 4.0, 4.5]
[4176, 4.5, 5.0]
[4176, 5.0, 5.5]
[4335, 5.5, 6.0]
[4770, 6.0, 6.5]
[5862, 6.5, 7.0]
[8103, 7.0, 7.5]
[11421, 7.5, 8.0]
[17599, 8.0, 8.5]
[28560, 8.5, 9.0]
[48819, 9.0, 9.5]
[88817, 9.5, 1.0]
[127261, 1.0, 1.0]
[19829, 1.0, 1.1]
[4176, 1.1, 1.2]
[4176, 1.2, 1.3]
[4176, 1.3, 1.4]
[4176, 1.4, 1.5]
[4176, 1.5, 2.0]
[4176, 2.0, 2.5]
[4176, 2.5, 3.0]
[4176, 3.0, 3.5]
[4466, 3.5, 4.0]
[4176, 4.0, 4.5]
[4313, 4.5, 5.0]
[4437, 5.0, 5.5]
[4500, 5.5, 6.0]
[4767, 6.0, 6.5]
[5523, 6.5, 7.0]
[7596, 7.0, 7.5]
[10746, 7.5, 8.0]
[16202, 8.0, 8.5]
[25866, 8.5, 9.0]
[44163, 9.0, 9.5]
[79191, 9.5, 1.0]
[93765, 1.0, 1.0]
[12981, 1.0, 1.1]
[4176, 1.1, 1.2]
[4176, 1.2, 1.3]
[4176, 1.3, 1.4]
[4289, 1.4, 1.5]
[4449, 1.5, 2.0]
[4176, 2.0, 2.5]
[4176, 2.5, 3.0]
[4417, 3.0, 3.5]
[4189, 3.5, 4.0]
[4210, 4.0, 4.5]
[4294, 4.5, 5.0]
[4540, 5.0, 5.5]
[4606, 5.5, 6.0]
[5186, 6.0, 6.5]
[6614, 6.5, 7.0]
[8900, 7.0, 7.5]
[13196, 7.5, 8.0]
[20264, 8.0, 8.5]
[33604, 8.5, 9.0]
[58054, 9.0, 1.0]
[104814, 1.0, 1.0]
[47671, 1.0, 1.1]
[7069, 1.1, 1.2]
[4219, 1.2, 1.3]
[4176, 1.3, 1.4]
[4176, 1.4, 1.5]
[4176, 1.5, 2.0]
[4176, 2.0, 2.5]
[4176, 2.5, 3.0]
[4176, 3.0, 3.5]
[4176, 3.5, 4.0]
[4210, 4.0, 4.5]
[4258, 4.5, 5.0]
[4200, 5.0, 5.5]
[4234, 5.5, 6.0]
[4215, 6.0, 6.5]
[4614, 6.5, 7.0]
[5382, 7.0, 7.5]
[6324, 7.5, 8.0]
[8808, 8.0, 8.5]
[12753, 8.5, 9.0]
[19500, 9.0, 9.5]
[31806, 9.5, 10.0]
[54486, 10.0, 1.484]
[97570, 1.484, 1.0]
[70360, 1.0, 1.1]
[9457, 1.1, 1.2]
[4176, 1.2, 1.3]
[4176, 1.3, 1.4]
[4176, 1.4, 1.5]
[4176, 1.5, 2.0]
[4176, 2.0, 2.5]
[4176, 2.5, 3.0]
[4191, 3.0, 3.5]
[4255, 3.5, 4.0]
[4176, 4.0, 4.5]
[4176, 4.5, 5.0]
[4322, 5.0, 5.5]
[4494, 5.5, 6.0]
[4593, 6.0, 6.5]
[5349, 6.5, 7.0]
[7002, 7.0, 7.5]
[9426, 7.5, 8.0]
[14160, 8.0, 8.5]
[22154, 8.5, 9.0]
[36695, 9.0, 9.5]
[64695, 9.5, 1.0]
[110678, 1.0, 1.0]
[44500, 1.0, 1.1]
[4176, 1.1, 1.2]
[4176, 1.2, 1.3]
[4199, 1.3, 1.4]
[4176, 1.4, 1.5]
[4176, 1.5, 2.0]
[4176, 2.0, 2.5]
[4176, 2.5, 3.0]
[4373, 3.0, 3.5]
[4176, 3.5, 4.0]
[4176, 4.0, 4.5]
[4451, 4.5, 5.0]
[4229, 5.0, 5.5]
[4527, 5.5, 6.0]
[4465, 6.0, 6.5]
[4969, 6.5, 7.0]
[5821, 7.0, 7.5]
[7435, 7.5, 8.0]
[10389, 8.0, 8.5]
[15211, 8.5, 9.0]
[24103, 9.0, 9.5]
[40371, 9.5, 10.0]
[71381, 10.0, 1.0]
[110941, 1.0, 1.0]
[24771, 1.0, 1.1]
[4470, 1.1, 1.2]
[4176, 1.2, 1.3]
[4176, 1.3, 1.4]
[4176, 1.4, 1.5]
[4176, 1.5, 2.0]
[4176, 2.0, 2.5]
[4176, 2.5, 3.0]
[4244, 3.0, 3.5]
[4176, 3.5, 4.0]
[4327, 4.0, 4.5]
[4176, 4.5, 5.0]
[4287, 5.0, 5.5]
[4478, 5.5, 6.0]
[4325, 6.0, 6.5]
[5249, 6.5, 7.0]
[6818, 7.0, 7.5]
[9326, 7.5, 8.0]
[13556, 8.0, 8.5]
[20757, 8.5, 9.0]
[33924, 9.0, 9.5]
[59446, 9.5, 1.0]
[106227, 1.0, 1.0]
[58240, 1.0, 1.1]
[10871, 1.1, 1.2]
[4176, 1.2, 1.3]
[4176, 1.3, 1.4]
[4176, 1.4, 1.5]
[4176, 1.5, 2.0]
[4176, 2.0, 2.5]
[4245, 2.5, 3.0]
[4176, 3.0, 3.5]
[4378, 3.5, 4.0]
[4188, 4.0, 4.5]
[4296, 4.5, 5.0]
[4302, 5.0, 5.5]
[4274, 5.5, 6.0]
[4688, 6.0, 6.5]
[5276, 6.5, 7.0]
[6761, 7.0, 7.5]
[9185, 7.5, 8.0]
[13583, 8.0, 8.5]
[20868, 8.5, 9.0]
[34806, 9.0, 9.5]
[61070, 9.5, 1.0]
[106913, 1.0, 1.0]
[66066, 1.0, 1.1]
[11930, 1.1, 1.2]
[4176, 1.2, 1.3]
[4176, 1.3, 1.4]
[4176, 1.4, 1.5]
[4176, 1.5, 2.0]
[4176, 2.0, 2.5]
[4176, 2.5, 3.0]
[4176, 3.0, 3.5]
[4220, 3.5, 4.0]
[4225, 4.0, 4.5]
[4249, 4.5, 5.0]
[4176, 5.0, 5.5]
[4397, 5.5, 6.0]
[4580, 6.0, 6.5]
[5336, 6.5, 7.0]
[6737, 7.0, 7.5]
[9245, 7.5, 8.0]
[13643, 8.0, 8.5]
[21264, 8.5, 9.0]
[35370, 9.0, 9.5]
[61634, 9.5, 1.0]
[106420, 1.0, 1.0]
[50621, 1.0, 1.1]
[10019, 1.1, 1.2]
[4256, 1.2, 1.3]
[4176, 1.3, 1.4]
[4176, 1.4, 1.5]
[4176, 1.5, 2.0]
[4176, 2.0, 2.5]
[4176, 2.5, 3.0]
[4232, 3.0, 3.5]
[4230, 3.5, 4.0]
[4423, 4.0, 4.5]
[4240, 4.5, 5.0]
[4278, 5.0, 5.5]
[4368, 5.5, 6.0]
[4551, 6.0, 6.5]
[5643, 6.5, 7.0]
[7212, 7.0, 7.5]
[9972, 7.5, 8.0]
[14622, 8.0, 8.5]
[22868, 8.5, 9.0]
[38264, 9.0, 9.5]
[67258, 9.5, 1.0]
[101586, 1.0, 1.0]
[32179, 1.0, 1.1]
[5111, 1.1, 1.2]
[4176, 1.2, 1.3]
[4176, 1.3, 1.4]
[4176, 1.4, 1.5]
[4176, 1.5, 2.0]
[4176, 2.0, 2.5]
[4176, 2.5, 3.0]
[4176, 3.0, 3.5]
[4176, 3.5, 4.0]
[4237, 4.0, 4.5]
[4423, 4.5, 5.0]
[4430, 5.0, 5.5]
[4634, 5.5, 6.0]
[4962, 6.0, 6.5]
[6138, 6.5, 7.0]
[8043, 7.0, 7.5]
[11193, 7.5, 8.0]
[16649, 8.0, 8.5]
[26565, 8.5, 9.0]
[44946, 9.0, 9.5]
[80058, 9.5, 1.0]
[113735, 1.0, 1.0]
[24037, 1.0, 1.1]
[4176, 1.1, 1.2]
[4176, 1.2, 1.3]
[4176, 1.3, 1.4]
[4176, 1.4, 1.5]
[4176, 1.5, 2.0]
[4199, 2.0, 2.5]
[4199, 2.5, 3.0]
[4199, 3.0, 3.5]
[4248, 3.5, 4.0]
[4199, 4.0, 4.5]
[4252, 4.5, 5.0]
[4361, 5.0, 5.5]
[4283, 5.5, 6.0]
[4634, 6.0, 6.5]
[5642, 6.5, 7.0]
[7295, 7.0, 7.5]
[10361, 7.5, 8.0]
[15649, 8.0, 8.5]
[24604, 8.5, 9.0]
[41443, 9.0, 9.5]
[73993, 9.5, 1.0]
[112633, 1.0, 1.0]
[29151, 1.0, 1.1]
[4176, 1.1, 1.2]
[4176, 1.2, 1.3]
[4176, 1.3, 1.4]
[4176, 1.4, 1.5]
[4176, 1.5, 2.0]
[4176, 2.0, 2.5]
[4176, 2.5, 3.0]
[4176, 3.0, 3.5]
[4210, 3.5, 4.0]
[4220, 4.0, 4.5]
[4374, 4.5, 5.0]
[4229, 5.0, 5.5]
[4404, 5.5, 6.0]
[4623, 6.0, 6.5]
[5631, 6.5, 7.0]
[7284, 7.0, 7.5]
[10014, 7.5, 8.0]
[14664, 8.0, 8.5]
[22910, 8.5, 9.0]
[38642, 9.0, 9.5]
[68462, 9.5, 1.0]
[107396, 1.0, 1.0]
[36645, 1.0, 1.1]
[4176, 1.1, 1.2]
[4176, 1.2, 1.3]
[4182, 1.3, 1.4]
[4182, 1.4, 1.5]
[4176, 1.5, 2.0]
[4176, 2.0, 2.5]
[4266, 2.5, 3.0]
[4239, 3.0, 3.5]
[4223, 3.5, 4.0]
[4176, 4.0, 4.5]
[4182, 4.5, 5.0]
[4248, 5.0, 5.5]
[4300, 5.5, 6.0]
[4651, 6.0, 6.5]
[5575, 6.5, 7.0]
[7564, 7.0, 7.5]
[10546, 7.5, 8.0]
[15750, 8.0, 8.5]
[24957, 8.5, 9.0]
[42315, 9.0, 9.5]
[75607, 9.5, 1.0]
[106505, 1.0, 1.0]
[28698, 1.0, 1.1]
[4214, 1.1, 1.2]
[4274, 1.2, 1.3]
[4306, 1.3, 1.4]
[4214, 1.4, 1.5]
[4214, 1.5, 2.0]
[4214, 2.0, 2.5]
[4240, 2.5, 3.0]
[4229, 3.0, 3.5]
[4320, 3.5, 4.0]
[4423, 4.0, 4.5]
[4478, 4.5, 5.0]
[4397, 5.0, 5.5]
[4405, 5.5, 6.0]
[5176, 6.0, 6.5]
[6604, 6.5, 7.0]
[9142, 7.0, 7.5]
[13018, 7.5, 8.0]
[20338, 8.0, 8.5]
[33762, 8.5, 9.0]
[58296, 9.0, 1.0]
[100254, 1.0, 1.0]
[58278, 1.0, 1.1]
[10909, 1.1, 1.2]
[4176, 1.2, 1.3]
[4176, 1.3, 1.4]
[4176, 1.4, 1.5]
[4176, 1.5, 2.0]
[4176, 2.0, 2.5]
[4216, 2.5, 3.0]
[4187, 3.0, 3.5]
[4176, 3.5, 4.0]
[4176, 4.0, 4.5]
[4281, 4.5, 5.0]
[4254, 5.0, 5.5]
[4263, 5.5, 6.0]
[4460, 6.0, 6.5]
[4880, 6.5, 7.0]
[5900, 7.0, 7.5]
[7682, 7.5, 8.0]
[10804, 8.0, 8.5]
[16419, 8.5, 9.0]
[26418, 9.0, 9.5]
[44912, 9.5, 10.0]
[80801, 10.0, 1.0]
[100776, 100.0, 1.0]
[1754413, 1.0, 1.0]
[346877, 1.0, 1.1]
[62663, 1.1, 1.2]
[8756, 1.2, 1.3]
[4176, 1.3, 1.4]
[4176, 1.4, 1.5]
[4176, 1.5, 2.0]
[4176, 2.0, 2.5]
[4176, 2.5, 3.0]
[4260, 3.0, 3.5]
[4366, 3.5, 4.0]
[4255, 4.0, 4.5]
[4176, 4.5, 5.0]
[4176, 5.0, 5.5]
[4335, 5.5, 6.0]
[4770, 6.0, 6.5]
[5862, 6.5, 7.0]
[8103, 7.0, 7.5]
[11421, 7.5, 8.0]
[17599, 8.0, 8.5]
[28560, 8.5, 9.0]
[48819, 9.0, 9.5]
[88817, 9.5, 1.0]
[127261, 1.0, 1.0]
[19829, 1.0, 1.1]
[4176, 1.1, 1.2]
[4176, 1.2, 1.3]
[4176, 1.3, 1.4]
[4176, 1.4, 1.5]
[4176, 1.5, 2.0]
[4176, 2.0, 2.5]
[4176, 2.5, 3.0]
[4176, 3.0, 3.5]
[4466, 3.5, 4.0]
[4176, 4.0, 4.5]
[4313, 4.5, 5.0]
[4437, 5.0, 5.5]
[4500, 5.5, 6.0]
[4767, 6.0, 6.5]
[5523, 6.5, 7.0]
[7596, 7.0, 7.5]
[10746, 7.5, 8.0]
[16202, 8.0, 8.5]
[25866, 8.5, 9.0]
[44163, 9.0, 9.5]
[79191, 9.5, 1.0]
[93765, 1.0, 1.0]
[12981, 1.0, 1.1]
[4176, 1.1, 1.2]
[4176, 1.2, 1.3]
[4176, 1.3, 1.4]
[4289, 1.4, 1.5]
[4449, 1.5, 2.0]
[4176, 2.0, 2.5]
[4176, 2.5, 3.0]
[4417, 3.0, 3.5]
[4189, 3.5, 4.0]
[4210, 4.0, 4.5]
[4294, 4.5, 5.0]
[4540, 5.0, 5.5]
[4606, 5.5, 6.0]
[5186, 6.0, 6.5]
[6614, 6.5, 7.0]
[8900, 7.0, 7.5]
[13196, 7.5, 8.0]
[20264, 8.0, 8.5]
[33604, 8.5, 9.0]
[58054, 9.0, 1.0]
[104814, 1.0, 1.0]
[47671, 1.0, 1.1]
[7069, 1.1, 1.2]
[4219, 1.2, 1.3]
[4176, 1.3, 1.4]
[4176, 1.4, 1.5]
[4176, 1.5, 2.0]
[4176, 2.0, 2.5]
[4176, 2.5, 3.0]
[4176, 3.0, 3.5]
[4176, 3.5, 4.0]
[4210, 4.0, 4.5]
[4258, 4.5, 5.0]
[4200, 5.0, 5.5]
[4234, 5.5, 6.0]
[4215, 6.0, 6.5]
[4614, 6.5, 7.0]
[5382, 7.0, 7.5]
[6324, 7.5, 8.0]
[8808, 8.0, 8.5]
[12753, 8.5, 9.0]
[19500, 9.0, 9.5]
[31806, 9.5, 10.0]
[54486, 10.0, 1.484]
[97570, 1.484, 1.0]
[70360, 1.0, 1.1]
[9457, 1.1, 1.2]
[4176, 1.2, 1.3]
[4176, 1.3, 1.4]
[4176, 1.4, 1.5]
[4176, 1.5, 2.0]
[4176, 2.0, 2.5]
[4176, 2.5, 3.0]
[4191, 3.0, 3.5]
[4255, 3.5, 4.0]
[4176, 4.0, 4.5]
[4176, 4.5, 5.0]
[4322, 5.0, 5.5]
[4494, 5.5, 6.0]
[4593, 6.0, 6.5]
[5349, 6.5, 7.0]
[7002, 7.0, 7.5]
[9426, 7.5, 8.0]
[14160, 8.0, 8.5]
[22154, 8.5, 9.0]
[36695, 9.0, 9.5]
[64695, 9.5, 1.0]
[110678, 1.0, 1.0]
[44500, 1.0, 1.1]
[4176, 1.1, 1.2]
[4176, 1.2, 1.3]
[4199, 1.3, 1.4]
[4176, 1.4, 1.5]
[4176, 1.5, 2.0]
[4176, 2.0, 2.5]
[4176, 2.5, 3.0]
[4373, 3.0, 3.5]
[4176, 3.5, 4.0]
[4176, 4.0, 4.5]
[4451, 4.5, 5.0]
[4229, 5.0, 5.5]
[4527, 5.5, 6.0]
[4465, 6.0, 6.5]
[4969, 6.5, 7.0]
[5821, 7.0, 7.5]
[7435, 7.5, 8.0]
[10389, 8.0, 8.5]
[15211, 8.5, 9.0]
[24103, 9.0, 9.5]
[40371, 9.5, 10.0]
[71381, 10.0, 1.0]
[110941, 1.0, 1.0]
[24771, 1.0, 1.1]
[4470, 1.1, 1.2]
[4176, 1.2, 1.3]
[4176, 1.3, 1.4]
[4176, 1.4, 1.5]
[4176, 1.5, 2.0]
[4176, 2.0, 2.5]
[4176, 2.5, 3.0]
[4244, 3.0, 3.5]
[4176, 3.5, 4.0]
[4327, 4.0, 4.5]
[4176, 4.5, 5.0]
[4287, 5.0, 5.5]
[4478, 5.5, 6.0]
[4325, 6.0, 6.5]
[5249, 6.5, 7.0]
[6818, 7.0, 7.5]
[9326, 7.5, 8.0]
[13556, 8.0, 8.5]
[20757, 8.5, 9.0]
[33924, 9.0, 9.5]
[59446, 9.5, 1.0]
[106227, 1.0, 1.0]
[58240, 1.0, 1.1]
[10871, 1.1, 1.2]
[4176, 1.2, 1.3]
[4176, 1.3, 1.4]
[4176, 1.4, 1.5]
[4176, 1.5, 2.0]
[4176, 2.0, 2.5]
[4245, 2.5, 3.0]
[4176, 3.0, 3.5]
[4378, 3.5, 4.0]
[4188, 4.0, 4.5]
[4296, 4.5, 5.0]
[4302, 5.0, 5.5]
[4274, 5.5, 6.0]
[4688, 6.0, 6.5]
[5276, 6.5, 7.0]
[6761, 7.0, 7.5]
[9185, 7.5, 8.0]
[13583, 8.0, 8.5]
[20868, 8.5, 9.0]
[34806, 9.0, 9.5]
[61070, 9.5, 1.0]
[106913, 1.0, 1.0]
[66066, 1.0, 1.1]
[11930, 1.1, 1.2]
[4176, 1.2, 1.3]
[4176, 1.3, 1.4]
[4176, 1.4, 1.5]
[4176, 1.5, 2.0]
[4176, 2.0, 2.5]
[4176, 2.5, 3.0]
[4176, 3.0, 3.5]
[4220, 3.5, 4.0]
[4225, 4.0, 4.5]
[4249, 4.5, 5.0]
[4176, 5.0, 5.5]
[4397, 5.5, 6.0]
[4580, 6.0, 6.5]
[5336, 6.5, 7.0]
[6737, 7.0, 7.5]
[9245, 7.5, 8.0]
[13643, 8.0, 8.5]
[21264, 8.5, 9.0]
[35370, 9.0, 9.5]
[61634, 9.5, 1.0]
[106420, 1.0, 1.0]
[50621, 1.0, 1.1]
[10019, 1.1, 1.2]
[4256, 1.2, 1.3]
[4176, 1.3, 1.4]
[4176, 1.4, 1.5]
[4176, 1.5, 2.0]
[4176, 2.0, 2.5]
[4176, 2.5, 3.0]
[4232, 3.0, 3.5]
[4230, 3.5, 4.0]
[4423, 4.0, 4.5]
[4240, 4.5, 5.0]
[4278, 5.0, 5.5]
[4368, 5.5, 6.0]
[4551, 6.0, 6.5]
[5643, 6.5, 7.0]
[7212, 7.0, 7.5]
[9972, 7.5, 8.0]
[14622, 8.0, 8.5]
[22868, 8.5, 9.0]
[38264, 9.0, 9.5]
[67258, 9.5, 1.0]
[101586, 1.0, 1.0]
[32179, 1.0, 1.1]
[5111, 1.1, 1.2]
[4176, 1.2, 1.3]
[4176, 1.3, 1.4]
[4176, 1.4, 1.5]
[4176, 1.5, 2.0]
[4176, 2.0, 2.5]
[4176, 2.5, 3.0]
[4176, 3.0, 3.5]
[4176, 3.5, 4.0]
[4237, 4.0, 4.5]
[4423, 4.5, 5.0]
[4430, 5.0, 5.5]
[4634, 5.5, 6.0]
[4962, 6.0, 6.5]
[6138, 6.5, 7.0]
[8043, 7.0, 7.5]
[11193, 7.5, 8.0]
[16649, 8.0, 8.5]
[26565, 8.5, 9.0]
[44946, 9.0, 9.5]
[80058, 9.5, 1.0]
[113735, 1.0, 1.0]
[24037, 1.0, 1.1]
[4176, 1.1, 1.2]
[4176, 1.2, 1.3]
[4176, 1.3, 1.4]
[4176, 1.4, 1.5]
[4176, 1.5, 2.0]
[4199, 2.0, 2.5]
[4199, 2.5, 3.0]
[4199, 3.0, 3.5]
[4248, 3.5, 4.0]
[4199, 4.0, 4.5]
[4252, 4.5, 5.0]
[4361, 5.0, 5.5]
[4283, 5.5, 6.0]
[4634, 6.0, 6.5]
[5642, 6.5, 7.0]
[7295, 7.0, 7.5]
[10361, 7.5, 8.0]
[15649, 8.0, 8.5]
[24604, 8.5, 9.0]
[41443, 9.0, 9.5]
[73993, 9.5, 1.0]
[112633, 1.0, 1.0]
[29151, 1.0, 1.1]
[4176, 1.1, 1.2]
[4176, 1.2, 1.3]
[4176, 1.3, 1.4]
[4176, 1.4, 1.5]
[4176, 1.5, 2.0]
[4176, 2.0, 2.5]
[4176, 2.5, 3.0]
[4176, 3.0, 3.5]
[4210, 3.5, 4.0]
[4220, 4.0, 4.5]
[4374, 4.5, 5.0]
[4229, 5.0, 5.5]
[4404, 5.5, 6.0]
[4623, 6.0, 6.5]
[5631, 6.5, 7.0]
[7284, 7.0, 7.5]
[10014, 7.5, 8.0]
[14664, 8.0, 8.5]
[22910, 8.5, 9.0]
[38642, 9.0, 9.5]
[68462, 9.5, 1.0]
[107396, 1.0, 1.0]
[36645, 1.0, 1.1]
[4176, 1.1, 1.2]
[4176, 1.2, 1.3]
[4182, 1.3, 1.4]
[4182, 1.4, 1.5]
[4176, 1.5, 2.0]
[4176, 2.0, 2.5]
[4266, 2.5, 3.0]
[4239, 3.0, 3.5]
[4223, 3.5, 4.0]
[4176, 4.0, 4.5]
[4182, 4.5, 5.0]
[4248, 5.0, 5.5]
[4300, 5.5, 6.0]
[4651, 6.0, 6.5]
[5575, 6.5, 7.0]
[7564, 7.0, 7.5]
[10546, 7.5, 8.0]
[15750, 8.0, 8.5]
[24957, 8.5, 9.0]
[42315, 9.0, 9.5]
[75607, 9.5, 1.0]
[106505, 1.0, 1.0]
[28698, 1.0, 1.1]
[4214, 1.1, 1.2]
[4274, 1.2, 1.3]
[4306, 1.3, 1.4]
[4214, 1.4, 1.5]
[4214, 1.5, 2.0]
[4214, 2.0, 2.5]
[4240, 2.5, 3.0]
[4229, 3.0, 3.5]
[4320, 3.5, 4.0]
[4423, 4.0, 4.5]
[4478, 4.5, 5.0]
[4397, 5.0, 5.5]
[4405, 5.5, 6.0]
[5176, 6.0, 6.5]
[6604, 6.5, 7.0]
[9142, 7.0, 7.5]
[13018, 7.5, 8.0]
[20338, 8.0, 8.5]
[33762, 8.5, 9.0]
[58296, 9.0, 1.0]
[100254, 1.0, 1.0]
[58278, 1.0, 1.1]
[10909, 1.1, 1.2]
[4176, 1.2, 1.3]
[4176, 1.3, 1.4]
[4176, 1.4, 1.5]
[4176, 1.5, 2.0]
[4176, 2.0, 2.5]
[4216, 2.5, 3.0]
[4187, 3.0, 3.5]
[4176, 3.5, 4.0]
[4176, 4.0, 4.5]
[4281, 4.5, 5.0]
[4254, 5.0, 5.5]
[4263, 5.5, 6.0]
[4460, 6.0, 6.5]
[4880, 6.5, 7.0]
[5900, 7.0, 7.5]
[7682, 7.5, 8.0]
[10804, 8.0, 8.5]
[16419, 8.5, 9.0]
[26418, 9.0, 9.5]
[44912, 9.5, 10.0]
[80801, 10.0, 1.0]
