[102456, 100.0, 1.0]
[1754413, 1.0, 1.0]
[346877, 1.0, 1.1]
[62663, 1.1, 1.2]
[8756, 1.2, 1.3]
[4176, 1.3, 1.4]
[4176, 1.4, 1.5]
[4176, 1.5, 2.0]
[4176, 2.0, 2.5]
[4176, 2.5, 3.0]
[4260, 3.0, 3.5]
[4366, 3.5, 4.0]
[4255, 4.0, 4.5]
[4176, 4.5, 5.0]
[4344, 5.0, 5.5]
[4335, 5.5, 6.0]
[4770, 6.0, 6.5]
[5946, 6.5, 7.0]
[8103, 7.0, 7.5]
[11421, 7.5, 8.0]
[17683, 8.0, 8.5]
[28560, 8.5, 9.0]
[48819, 9.0, 9.5]
[88817, 9.5, 1.0]
[127261, 1.0, 1.0]
[19829, 1.0, 1.1]
[4176, 1.1, 1.2]
[4176, 1.2, 1.3]
[4176, 1.3, 1.4]
[4176, 1.4, 1.5]
[4176, 1.5, 2.0]
[4176, 2.0, 2.5]
[4344, 2.5, 3.0]
[4176, 3.0, 3.5]
[4550, 3.5, 4.0]
[4176, 4.0, 4.5]
[4313, 4.5, 5.0]
[4521, 5.0, 5.5]
[4500, 5.5, 6.0]
[4851, 6.0, 6.5]
[5691, 6.5, 7.0]
[7596, 7.0, 7.5]
[10746, 7.5, 8.0]
[16202, 8.0, 8.5]
[25866, 8.5, 9.0]
[44247, 9.0, 9.5]
[79359, 9.5, 1.0]
[93765, 1.0, 1.0]
[12981, 1.0, 1.1]
[4176, 1.1, 1.2]
[4176, 1.2, 1.3]
[4176, 1.3, 1.4]
[4289, 1.4, 1.5]
[4533, 1.5, 2.0]
[4176, 2.0, 2.5]
[4176, 2.5, 3.0]
[4417, 3.0, 3.5]
[4189, 3.5, 4.0]
[4210, 4.0, 4.5]
[4462, 4.5, 5.0]
[4624, 5.0, 5.5]
[4606, 5.5, 6.0]
[5186, 6.0, 6.5]
[6614, 6.5, 7.0]
[8984, 7.0, 7.5]
[13364, 7.5, 8.0]
[20264, 8.0, 8.5]
[33604, 8.5, 9.0]
[58306, 9.0, 1.0]
[105388, 1.0, 1.0]
[46733, 1.0, 1.1]
[6131, 1.1, 1.2]
[4176, 1.2, 1.3]
[4176, 1.3, 1.4]
[4176, 1.4, 1.5]
[4176, 1.5, 2.0]
[4235, 2.0, 2.5]
[4238, 2.5, 3.0]
[4363, 3.0, 3.5]
[4379, 3.5, 4.0]
[4176, 4.0, 4.5]
[4322, 4.5, 5.0]
[4392, 5.0, 5.5]
[4667, 5.5, 6.0]
[4995, 6.0, 6.5]
[5835, 6.5, 7.0]
[7740, 7.0, 7.5]
[10806, 7.5, 8.0]
[16010, 8.0, 8.5]
[25926, 8.5, 9.0]
[44055, 9.0, 9.5]
[78341, 9.5, 1.0]
[103464, 1.0, 1.0]
[20953, 1.0, 1.1]
[4245, 1.1, 1.2]
[4176, 1.2, 1.3]
[4176, 1.3, 1.4]
[4176, 1.4, 1.5]
[4176, 1.5, 2.0]
[4176, 2.0, 2.5]
[4176, 2.5, 3.0]
[4176, 3.0, 3.5]
[4194, 3.5, 4.0]
[4179, 4.0, 4.5]
[4176, 4.5, 5.0]
[4538, 5.0, 5.5]
[4628, 5.5, 6.0]
[5208, 6.0, 6.5]
[6552, 6.5, 7.0]
[9090, 7.0, 7.5]
[13218, 7.5, 8.0]
[20454, 8.0, 8.5]
[33458, 8.5, 9.0]
[58244, 9.0, 1.0]
[104402, 1.0, 1.0]
[62799, 1.0, 1.1]
[8663, 1.1, 1.2]
[4176, 1.2, 1.3]
[4176, 1.3, 1.4]
[4176, 1.4, 1.5]
[4176, 1.5, 2.0]
[4176, 2.0, 2.5]
[4176, 2.5, 3.0]
[4193, 3.0, 3.5]
[4254, 3.5, 4.0]
[4253, 4.0, 4.5]
[4176, 4.5, 5.0]
[4350, 5.0, 5.5]
[4549, 5.5, 6.0]
[4564, 6.0, 6.5]
[5488, 6.5, 7.0]
[7309, 7.0, 7.5]
[10375, 7.5, 8.0]
[15411, 8.0, 8.5]
[24618, 8.5, 9.0]
[41205, 9.0, 9.5]
[72509, 9.5, 1.0]
[110155, 1.0, 1.0]
[22557, 1.0, 1.1]
[4229, 1.1, 1.2]
[4229, 1.2, 1.3]
[4229, 1.3, 1.4]
[4229, 1.4, 1.5]
[4229, 1.5, 2.0]
[4299, 2.0, 2.5]
[4313, 2.5, 3.0]
[4241, 3.0, 3.5]
[4235, 3.5, 4.0]
[4409, 4.0, 4.5]
[4300, 4.5, 5.0]
[4368, 5.0, 5.5]
[4761, 5.5, 6.0]
[5761, 6.0, 6.5]
[7630, 6.5, 7.0]
[10588, 7.0, 7.5]
[15694, 7.5, 8.0]
[24626, 8.0, 8.5]
[41810, 8.5, 9.0]
[74543, 9.0, 1.0]
[109207, 1.0, 1.0]
[30728, 1.0, 1.1]
[4229, 1.1, 1.2]
[4229, 1.2, 1.3]
[4229, 1.3, 1.4]
[4229, 1.4, 1.5]
[4229, 1.5, 2.0]
[4229, 2.0, 2.5]
[4209, 2.5, 3.0]
[4405, 3.0, 3.5]
[4227, 3.5, 4.0]
[4245, 4.0, 4.5]
[4264, 4.5, 5.0]
[4378, 5.0, 5.5]
[4939, 5.5, 6.0]
[5939, 6.0, 6.5]
[7976, 6.5, 7.0]
[11819, 7.0, 7.5]
[17567, 7.5, 8.0]
[28447, 8.0, 8.5]
[48262, 8.5, 9.0]
[86797, 9.0, 1.0]
[106411, 1.0, 1.0]
[19448, 1.0, 1.1]
[4176, 1.1, 1.2]
[4176, 1.2, 1.3]
[4176, 1.3, 1.4]
[4176, 1.4, 1.5]
[4176, 1.5, 2.0]
[4176, 2.0, 2.5]
[4176, 2.5, 3.0]
[4176, 3.0, 3.5]
[4176, 3.5, 4.0]
[4176, 4.0, 4.5]
[4176, 4.5, 5.0]
[4203, 5.0, 5.5]
[4764, 5.5, 6.0]
[5680, 6.0, 6.5]
[7381, 6.5, 7.0]
[10591, 7.0, 7.5]
[15529, 7.5, 8.0]
[24545, 8.0, 8.5]
[41645, 8.5, 9.0]
[73943, 9.0, 1.0]
[108453, 1.0, 1.0]
[28966, 1.0, 1.1]
[4176, 1.1, 1.2]
[4176, 1.2, 1.3]
[4192, 1.3, 1.4]
[4210, 1.4, 1.5]
[4186, 1.5, 2.0]
[4232, 2.0, 2.5]
[4225, 2.5, 3.0]
[4274, 3.0, 3.5]
[4176, 3.5, 4.0]
[4396, 4.0, 4.5]
[4337, 4.5, 5.0]
[4518, 5.0, 5.5]
[5079, 5.5, 6.0]
[6247, 6.0, 6.5]
[8368, 6.5, 7.0]
[12043, 7.0, 7.5]
[18295, 7.5, 8.0]
[29897, 8.0, 8.5]
[51466, 8.5, 1.62]
[93238, 1.62, 1.0]
[73828, 1.0, 1.1]
[13009, 1.1, 1.2]
[4176, 1.2, 1.3]
[4176, 1.3, 1.4]
[4176, 1.4, 1.5]
[4176, 1.5, 2.0]
[4202, 2.0, 2.5]
[4228, 2.5, 3.0]
[4316, 3.0, 3.5]
[4203, 3.5, 4.0]
[4311, 4.0, 4.5]
[4313, 4.5, 5.0]
[4200, 5.0, 5.5]
[4349, 5.5, 6.0]
[4532, 6.0, 6.5]
[5120, 6.5, 7.0]
[6308, 7.0, 7.5]
[8648, 7.5, 8.0]
[12324, 8.0, 8.5]
[18900, 8.5, 9.0]
[31044, 9.0, 9.5]
[53668, 9.5, 1.436]
[97383, 1.436, 1.0]
[86345, 1.0, 1.1]
[11908, 1.1, 1.2]
[4176, 1.2, 1.3]
[4176, 1.3, 1.4]
[4176, 1.4, 1.5]
[4176, 1.5, 2.0]
[4176, 2.0, 2.5]
[4219, 2.5, 3.0]
[4180, 3.0, 3.5]
[4229, 3.5, 4.0]
[4176, 4.0, 4.5]
[4176, 4.5, 5.0]
[4352, 5.0, 5.5]
[4312, 5.5, 6.0]
[4371, 6.0, 6.5]
[5043, 6.5, 7.0]
[6063, 7.0, 7.5]
[8235, 7.5, 8.0]
[11995, 8.0, 8.5]
[18487, 8.5, 9.0]
[29776, 9.0, 9.5]
[51504, 9.5, 1.77]
[93098, 1.77, 1.0]
[88862, 1.0, 1.0]
[14425, 1.0, 1.1]
[4176, 1.1, 1.2]
[4176, 1.2, 1.3]
[4176, 1.3, 1.4]
[4176, 1.4, 1.5]
[4176, 1.5, 2.0]
[4176, 2.0, 2.5]
[4176, 2.5, 3.0]
[4176, 3.0, 3.5]
[4252, 3.5, 4.0]
[4397, 4.0, 4.5]
[4176, 4.5, 5.0]
[4207, 5.0, 5.5]
[4665, 5.5, 6.0]
[5245, 6.0, 6.5]
[6589, 6.5, 7.0]
[9379, 7.0, 7.5]
[13423, 7.5, 8.0]
[20659, 8.0, 8.5]
[33747, 8.5, 9.0]
[58617, 9.0, 1.0]
[103431, 1.0, 1.0]
[54688, 1.0, 1.1]
[7319, 1.1, 1.2]
[4176, 1.2, 1.3]
[4201, 1.3, 1.4]
[4176, 1.4, 1.5]
[4236, 1.5, 2.0]
[4230, 2.0, 2.5]
[4176, 2.5, 3.0]
[4176, 3.0, 3.5]
[4202, 3.5, 4.0]
[4176, 4.0, 4.5]
[4176, 4.5, 5.0]
[4265, 5.0, 5.5]
[4276, 5.5, 6.0]
[4433, 6.0, 6.5]
[5273, 6.5, 7.0]
[6842, 7.0, 7.5]
[9182, 7.5, 8.0]
[13916, 8.0, 8.5]
[21910, 8.5, 9.0]
[36787, 9.0, 9.5]
[64787, 9.5, 1.0]
[107242, 1.0, 1.0]
[48671, 1.0, 1.1]
[8069, 1.1, 1.2]
[4176, 1.2, 1.3]
[4176, 1.3, 1.4]
[4176, 1.4, 1.5]
[4176, 1.5, 2.0]
[4176, 2.0, 2.5]
[4176, 2.5, 3.0]
[4176, 3.0, 3.5]
[4256, 3.5, 4.0]
[4275, 4.0, 4.5]
[4414, 4.5, 5.0]
[4244, 5.0, 5.5]
[4425, 5.5, 6.0]
[4860, 6.0, 6.5]
[6288, 6.5, 7.0]
[8361, 7.0, 7.5]
[11847, 7.5, 8.0]
[17941, 8.0, 8.5]
[29527, 8.5, 9.0]
[50725, 9.0, 1.834]
[92291, 1.834, 1.0]
[76121, 1.0, 1.1]
[8535, 1.1, 1.2]
[4184, 1.2, 1.3]
[4176, 1.3, 1.4]
[4219, 1.4, 1.5]
[4176, 1.5, 2.0]
[4176, 2.0, 2.5]
[4176, 2.5, 3.0]
[4211, 3.0, 3.5]
[4367, 3.5, 4.0]
[4223, 4.0, 4.5]
[4308, 4.5, 5.0]
[4176, 5.0, 5.5]
[4328, 5.5, 6.0]
[4763, 6.0, 6.5]
[5939, 6.5, 7.0]
[7844, 7.0, 7.5]
[11246, 7.5, 8.0]
[17038, 8.0, 8.5]
[27327, 8.5, 9.0]
[46731, 9.0, 9.5]
[83999, 9.5, 1.0]
[96060, 1.0, 1.0]
[9732, 1.0, 1.1]
[4215, 1.1, 1.2]
[4176, 1.2, 1.3]
[4176, 1.3, 1.4]
[4176, 1.4, 1.5]
[4176, 1.5, 2.0]
[4176, 2.0, 2.5]
[4206, 2.5, 3.0]
[4206, 3.0, 3.5]
[4269, 3.5, 4.0]
[4176, 4.0, 4.5]
[4176, 4.5, 5.0]
[4205, 5.0, 5.5]
[4264, 5.5, 6.0]
[4249, 6.0, 6.5]
[4228, 6.5, 7.0]
[4239, 7.0, 7.5]
[4289, 7.5, 8.0]
[4373, 8.0, 8.5]
[4674, 8.5, 9.0]
[4917, 9.0, 9.5]
[5757, 9.5, 10.0]
[6842, 10.0, 10.5]
[6806, 10.5, 11.0]
[6794, 11.0, 11.5]
[7199, 11.5, 12.0]
[6915, 12.0, 12.5]
[5933, 12.5, 13.0]
[102456, 100.0, 1.0]
[1754413, 1.0, 1.0]
[346877, 1.0, 1.1]
[62663, 1.1, 1.2]
[8756, 1.2, 1.3]
[4176, 1.3, 1.4]
[4176, 1.4, 1.5]
[4176, 1.5, 2.0]
[4176, 2.0, 2.5]
[4176, 2.5, 3.0]
[4260, 3.0, 3.5]
[4366, 3.5, 4.0]
[4255, 4.0, 4.5]
[4176, 4.5, 5.0]
[4344, 5.0, 5.5]
[4335, 5.5, 6.0]
[4770, 6.0, 6.5]
[5946, 6.5, 7.0]
[8103, 7.0, 7.5]
[11421, 7.5, 8.0]
[17683, 8.0, 8.5]
[28560, 8.5, 9.0]
[48819, 9.0, 9.5]
[88817, 9.5, 1.0]
[127261, 1.0, 1.0]
[19829, 1.0, 1.1]
[4176, 1.1, 1.2]
[4176, 1.2, 1.3]
[4176, 1.3, 1.4]
[4176, 1.4, 1.5]
[4176, 1.5, 2.0]
[4176, 2.0, 2.5]
[4344, 2.5, 3.0]
[4176, 3.0, 3.5]
[4550, 3.5, 4.0]
[4176, 4.0, 4.5]
[4313, 4.5, 5.0]
[4521, 5.0, 5.5]
[4500, 5.5, 6.0]
[4851, 6.0, 6.5]
[5691, 6.5, 7.0]
[7596, 7.0, 7.5]
[10746, 7.5, 8.0]
[16202, 8.0, 8.5]
[25866, 8.5, 9.0]
[44247, 9.0, 9.5]
[79359, 9.5, 1.0]
[93765, 1.0, 1.0]
[12981, 1.0, 1.1]
[4176, 1.1, 1.2]
[4176, 1.2, 1.3]
[4176, 1.3, 1.4]
[4289, 1.4, 1.5]
[4533, 1.5, 2.0]
[4176, 2.0, 2.5]
[4176, 2.5, 3.0]
[4417, 3.0, 3.5]
[4189, 3.5, 4.0]
[4210, 4.0, 4.5]
[4462, 4.5, 5.0]
[4624, 5.0, 5.5]
[4606, 5.5, 6.0]
[5186, 6.0, 6.5]
[6614, 6.5, 7.0]
[8984, 7.0, 7.5]
[13364, 7.5, 8.0]
[20264, 8.0, 8.5]
[33604, 8.5, 9.0]
[58306, 9.0, 1.0]
[105388, 1.0, 1.0]
[46733, 1.0, 1.1]
[6131, 1.1, 1.2]
[4176, 1.2, 1.3]
[4176, 1.3, 1.4]
[4176, 1.4, 1.5]
[4176, 1.5, 2.0]
[4235, 2.0, 2.5]
[4238, 2.5, 3.0]
[4363, 3.0, 3.5]
[4379, 3.5, 4.0]
[4176, 4.0, 4.5]
[4322, 4.5, 5.0]
[4392, 5.0, 5.5]
[4667, 5.5, 6.0]
[4995, 6.0, 6.5]
[5835, 6.5, 7.0]
[7740, 7.0, 7.5]
[10806, 7.5, 8.0]
[16010, 8.0, 8.5]
[25926, 8.5, 9.0]
[44055, 9.0, 9.5]
[78341, 9.5, 1.0]
[103464, 1.0, 1.0]
[20953, 1.0, 1.1]
[4245, 1.1, 1.2]
[4176, 1.2, 1.3]
[4176, 1.3, 1.4]
[4176, 1.4, 1.5]
[4176, 1.5, 2.0]
[4176, 2.0, 2.5]
[4176, 2.5, 3.0]
[4176, 3.0, 3.5]
[4194, 3.5, 4.0]
[4179, 4.0, 4.5]
[4176, 4.5, 5.0]
[4538, 5.0, 5.5]
[4628, 5.5, 6.0]
[5208, 6.0, 6.5]
[6552, 6.5, 7.0]
[9090, 7.0, 7.5]
[13218, 7.5, 8.0]
[20454, 8.0, 8.5]
[33458, 8.5, 9.0]
[58244, 9.0, 1.0]
[104402, 1.0, 1.0]
[62799, 1.0, 1.1]
[8663, 1.1, 1.2]
[4176, 1.2, 1.3]
[4176, 1.3, 1.4]
[4176, 1.4, 1.5]
[4176, 1.5, 2.0]
[4176, 2.0, 2.5]
[4176, 2.5, 3.0]
[4193, 3.0, 3.5]
[4254, 3.5, 4.0]
[4253, 4.0, 4.5]
[4176, 4.5, 5.0]
[4350, 5.0, 5.5]
[4549, 5.5, 6.0]
[4564, 6.0, 6.5]
[5488, 6.5, 7.0]
[7309, 7.0, 7.5]
[10375, 7.5, 8.0]
[15411, 8.0, 8.5]
[24618, 8.5, 9.0]
[41205, 9.0, 9.5]
[72509, 9.5, 1.0]
[110155, 1.0, 1.0]
[22557, 1.0, 1.1]
[4229, 1.1, 1.2]
[4229, 1.2, 1.3]
[4229, 1.3, 1.4]
[4229, 1.4, 1.5]
[4229, 1.5, 2.0]
[4299, 2.0, 2.5]
[4313, 2.5, 3.0]
[4241, 3.0, 3.5]
[4235, 3.5, 4.0]
[4409, 4.0, 4.5]
[4300, 4.5, 5.0]
[4368, 5.0, 5.5]
[4761, 5.5, 6.0]
[5761, 6.0, 6.5]
[7630, 6.5, 7.0]
[10588, 7.0, 7.5]
[15694, 7.5, 8.0]
[24626, 8.0, 8.5]
[41810, 8.5, 9.0]
[74543, 9.0, 1.0]
[109207, 1.0, 1.0]
[30728, 1.0, 1.1]
[4229, 1.1, 1.2]
[4229, 1.2, 1.3]
[4229, 1.3, 1.4]
[4229, 1.4, 1.5]
[4229, 1.5, 2.0]
[4229, 2.0, 2.5]
[4209, 2.5, 3.0]
[4405, 3.0, 3.5]
[4227, 3.5, 4.0]
[4245, 4.0, 4.5]
[4264, 4.5, 5.0]
[4378, 5.0, 5.5]
[4939, 5.5, 6.0]
[5939, 6.0, 6.5]
[7976, 6.5, 7.0]
[11819, 7.0, 7.5]
[17567, 7.5, 8.0]
[28447, 8.0, 8.5]
[48262, 8.5, 9.0]
[86797, 9.0, 1.0]
[106411, 1.0, 1.0]
[19448, 1.0, 1.1]
[4176, 1.1, 1.2]
[4176, 1.2, 1.3]
[4176, 1.3, 1.4]
[4176, 1.4, 1.5]
[4176, 1.5, 2.0]
[4176, 2.0, 2.5]
[4176, 2.5, 3.0]
[4176, 3.0, 3.5]
[4176, 3.5, 4.0]
[4176, 4.0, 4.5]
[4176, 4.5, 5.0]
[4203, 5.0, 5.5]
[4764, 5.5, 6.0]
[5680, 6.0, 6.5]
[7381, 6.5, 7.0]
[10591, 7.0, 7.5]
[15529, 7.5, 8.0]
[24545, 8.0, 8.5]
[41645, 8.5, 9.0]
[73943, 9.0, 1.0]
[108453, 1.0, 1.0]
[28966, 1.0, 1.1]
[4176, 1.1, 1.2]
[4176, 1.2, 1.3]
[4192, 1.3, 1.4]
[4210, 1.4, 1.5]
[4186, 1.5, 2.0]
[4232, 2.0, 2.5]
[4225, 2.5, 3.0]
[4274, 3.0, 3.5]
[4176, 3.5, 4.0]
[4396, 4.0, 4.5]
[4337, 4.5, 5.0]
[4518, 5.0, 5.5]
[5079, 5.5, 6.0]
[6247, 6.0, 6.5]
[8368, 6.5, 7.0]
[12043, 7.0, 7.5]
[18295, 7.5, 8.0]
[29897, 8.0, 8.5]
[51466, 8.5, 1.62]
[93238, 1.62, 1.0]
[73828, 1.0, 1.1]
[13009, 1.1, 1.2]
[4176, 1.2, 1.3]
[4176, 1.3, 1.4]
[4176, 1.4, 1.5]
[4176, 1.5, 2.0]
[4202, 2.0, 2.5]
[4228, 2.5, 3.0]
[4316, 3.0, 3.5]
[4203, 3.5, 4.0]
[4311, 4.0, 4.5]
[4313, 4.5, 5.0]
[4200, 5.0, 5.5]
[4349, 5.5, 6.0]
[4532, 6.0, 6.5]
[5120, 6.5, 7.0]
[6308, 7.0, 7.5]
[8648, 7.5, 8.0]
[12324, 8.0, 8.5]
[18900, 8.5, 9.0]
[31044, 9.0, 9.5]
[53668, 9.5, 1.436]
[97383, 1.436, 1.0]
[86345, 1.0, 1.1]
[11908, 1.1, 1.2]
[4176, 1.2, 1.3]
[4176, 1.3, 1.4]
[4176, 1.4, 1.5]
[4176, 1.5, 2.0]
[4176, 2.0, 2.5]
[4219, 2.5, 3.0]
[4180, 3.0, 3.5]
[4229, 3.5, 4.0]
[4176, 4.0, 4.5]
[4176, 4.5, 5.0]
[4352, 5.0, 5.5]
[4312, 5.5, 6.0]
[4371, 6.0, 6.5]
[5043, 6.5, 7.0]
[6063, 7.0, 7.5]
[8235, 7.5, 8.0]
[11995, 8.0, 8.5]
[18487, 8.5, 9.0]
[29776, 9.0, 9.5]
[51504, 9.5, 1.77]
[93098, 1.77, 1.0]
[88862, 1.0, 1.0]
[14425, 1.0, 1.1]
[4176, 1.1, 1.2]
[4176, 1.2, 1.3]
[4176, 1.3, 1.4]
[4176, 1.4, 1.5]
[4176, 1.5, 2.0]
[4176, 2.0, 2.5]
[4176, 2.5, 3.0]
[4176, 3.0, 3.5]
[4252, 3.5, 4.0]
[4397, 4.0, 4.5]
[4176, 4.5, 5.0]
[4207, 5.0, 5.5]
[4665, 5.5, 6.0]
[5245, 6.0, 6.5]
[6589, 6.5, 7.0]
[9379, 7.0, 7.5]
[13423, 7.5, 8.0]
[20659, 8.0, 8.5]
[33747, 8.5, 9.0]
[58617, 9.0, 1.0]
[103431, 1.0, 1.0]
[54688, 1.0, 1.1]
[7319, 1.1, 1.2]
[4176, 1.2, 1.3]
[4201, 1.3, 1.4]
[4176, 1.4, 1.5]
[4236, 1.5, 2.0]
[4230, 2.0, 2.5]
[4176, 2.5, 3.0]
[4176, 3.0, 3.5]
[4202, 3.5, 4.0]
[4176, 4.0, 4.5]
[4176, 4.5, 5.0]
[4265, 5.0, 5.5]
[4276, 5.5, 6.0]
[4433, 6.0, 6.5]
[5273, 6.5, 7.0]
[6842, 7.0, 7.5]
[9182, 7.5, 8.0]
[13916, 8.0, 8.5]
[21910, 8.5, 9.0]
[36787, 9.0, 9.5]
[64787, 9.5, 1.0]
[107242, 1.0, 1.0]
[48671, 1.0, 1.1]
[8069, 1.1, 1.2]
[4176, 1.2, 1.3]
[4176, 1.3, 1.4]
[4176, 1.4, 1.5]
[4176, 1.5, 2.0]
[4176, 2.0, 2.5]
[4176, 2.5, 3.0]
[4176, 3.0, 3.5]
[4256, 3.5, 4.0]
[4275, 4.0, 4.5]
[4414, 4.5, 5.0]
[4244, 5.0, 5.5]
[4425, 5.5, 6.0]
[4860, 6.0, 6.5]
[6288, 6.5, 7.0]
[8361, 7.0, 7.5]
[11847, 7.5, 8.0]
[17941, 8.0, 8.5]
[29527, 8.5, 9.0]
[50725, 9.0, 1.834]
[92291, 1.834, 1.0]
[76121, 1.0, 1.1]
[8535, 1.1, 1.2]
[4184, 1.2, 1.3]
[4176, 1.3, 1.4]
[4219, 1.4, 1.5]
[4176, 1.5, 2.0]
[4176, 2.0, 2.5]
[4176, 2.5, 3.0]
[4211, 3.0, 3.5]
[4367, 3.5, 4.0]
[4223, 4.0, 4.5]
[4308, 4.5, 5.0]
[4176, 5.0, 5.5]
[4328, 5.5, 6.0]
[4763, 6.0, 6.5]
[5939, 6.5, 7.0]
[7844, 7.0, 7.5]
[11246, 7.5, 8.0]
[17038, 8.0, 8.5]
[27327, 8.5, 9.0]
[46731, 9.0, 9.5]
[83999, 9.5, 1.0]
[96060, 1.0, 1.0]
[9732, 1.0, 1.1]
[4215, 1.1, 1.2]
[4176, 1.2, 1.3]
[4176, 1.3, 1.4]
[4176, 1.4, 1.5]
[4176, 1.5, 2.0]
[4176, 2.0, 2.5]
[4206, 2.5, 3.0]
[4206, 3.0, 3.5]
[4269, 3.5, 4.0]
[4176, 4.0, 4.5]
[4176, 4.5, 5.0]
[4205, 5.0, 5.5]
[4264, 5.5, 6.0]
[4249, 6.0, 6.5]
[4228, 6.5, 7.0]
[4239, 7.0, 7.5]
[4289, 7.5, 8.0]
[4373, 8.0, 8.5]
[4674, 8.5, 9.0]
[4917, 9.0, 9.5]
[5757, 9.5, 10.0]
[6842, 10.0, 10.5]
[6806, 10.5, 11.0]
[6794, 11.0, 11.5]
[7199, 11.5, 12.0]
[6915, 12.0, 12.5]
[5933, 12.5, 13.0]
