[104136, 100.0, 1.0]
[1754413, 1.0, 1.0]
[346877, 1.0, 1.1]
[62747, 1.1, 1.2]
[8756, 1.2, 1.3]
[4176, 1.3, 1.4]
[4176, 1.4, 1.5]
[4176, 1.5, 2.0]
[4176, 2.0, 2.5]
[4176, 2.5, 3.0]
[4260, 3.0, 3.5]
[4366, 3.5, 4.0]
[4255, 4.0, 4.5]
[4176, 4.5, 5.0]
[4344, 5.0, 5.5]
[4335, 5.5, 6.0]
[4770, 6.0, 6.5]
[6030, 6.5, 7.0]
[8103, 7.0, 7.5]
[11421, 7.5, 8.0]
[17767, 8.0, 8.5]
[28644, 8.5, 9.0]
[48819, 9.0, 9.5]
[88901, 9.5, 1.0]
[126960, 1.0, 1.0]
[19276, 1.0, 1.1]
[4176, 1.1, 1.2]
[4176, 1.2, 1.3]
[4176, 1.3, 1.4]
[4176, 1.4, 1.5]
[4176, 1.5, 2.0]
[4215, 2.0, 2.5]
[4215, 2.5, 3.0]
[4315, 3.0, 3.5]
[4215, 3.5, 4.0]
[4581, 4.0, 4.5]
[4236, 4.5, 5.0]
[4215, 5.0, 5.5]
[4776, 5.5, 6.0]
[5860, 6.0, 6.5]
[7225, 6.5, 7.0]
[10351, 7.0, 7.5]
[15289, 7.5, 8.0]
[24221, 8.0, 8.5]
[40360, 8.5, 9.0]
[71467, 9.0, 1.0]
[100461, 1.0, 1.0]
[26649, 1.0, 1.1]
[4176, 1.1, 1.2]
[4176, 1.2, 1.3]
[4176, 1.3, 1.4]
[4176, 1.4, 1.5]
[4499, 1.5, 2.0]
[4176, 2.0, 2.5]
[4215, 2.5, 3.0]
[4467, 3.0, 3.5]
[4176, 3.5, 4.0]
[4176, 4.0, 4.5]
[4176, 4.5, 5.0]
[4422, 5.0, 5.5]
[4572, 5.5, 6.0]
[5007, 6.0, 6.5]
[6267, 6.5, 7.0]
[7920, 7.0, 7.5]
[11406, 7.5, 8.0]
[17416, 8.0, 8.5]
[27957, 8.5, 9.0]
[47964, 9.0, 9.5]
[86800, 9.5, 1.0]
[84014, 1.0, 1.0]
[16428, 1.0, 1.1]
[4176, 1.1, 1.2]
[4176, 1.2, 1.3]
[4176, 1.3, 1.4]
[4176, 1.4, 1.5]
[4176, 1.5, 2.0]
[4176, 2.0, 2.5]
[4176, 2.5, 3.0]
[4257, 3.0, 3.5]
[4273, 3.5, 4.0]
[4176, 4.0, 4.5]
[4176, 4.5, 5.0]
[4202, 5.0, 5.5]
[4477, 5.5, 6.0]
[4660, 6.0, 6.5]
[5584, 6.5, 7.0]
[6985, 7.0, 7.5]
[9577, 7.5, 8.0]
[14227, 8.0, 8.5]
[21969, 8.5, 9.0]
[36846, 9.0, 9.5]
[65182, 9.5, 1.0]
[104900, 1.0, 1.0]
[45069, 1.0, 1.1]
[4551, 1.1, 1.2]
[4176, 1.2, 1.3]
[4176, 1.3, 1.4]
[4176, 1.4, 1.5]
[4306, 1.5, 2.0]
[4176, 2.0, 2.5]
[4257, 2.5, 3.0]
[4250, 3.0, 3.5]
[4242, 3.5, 4.0]
[4275, 4.0, 4.5]
[4341, 4.5, 5.0]
[4341, 5.0, 5.5]
[4568, 5.5, 6.0]
[4751, 6.0, 6.5]
[5759, 6.5, 7.0]
[7412, 7.0, 7.5]
[10394, 7.5, 8.0]
[15682, 8.0, 8.5]
[24637, 8.5, 9.0]
[41056, 9.0, 9.5]
[72612, 9.5, 1.0]
[112862, 1.0, 1.0]
[30472, 1.0, 1.1]
[4259, 1.1, 1.2]
[4332, 1.2, 1.3]
[4259, 1.3, 1.4]
[4259, 1.4, 1.5]
[4341, 1.5, 2.0]
[4318, 2.0, 2.5]
[4259, 2.5, 3.0]
[4341, 3.0, 3.5]
[4259, 3.5, 4.0]
[4371, 4.0, 4.5]
[4387, 4.5, 5.0]
[4621, 5.0, 5.5]
[4762, 5.5, 6.0]
[5762, 6.0, 6.5]
[7127, 6.5, 7.0]
[10085, 7.0, 7.5]
[14855, 7.5, 8.0]
[23619, 8.0, 8.5]
[39506, 8.5, 9.0]
[69926, 9.0, 1.0]
[110456, 1.0, 1.0]
[27646, 1.0, 1.1]
[4259, 1.1, 1.2]
[4259, 1.2, 1.3]
[4370, 1.3, 1.4]
[4259, 1.4, 1.5]
[4259, 1.5, 2.0]
[4327, 2.0, 2.5]
[4259, 2.5, 3.0]
[4259, 3.0, 3.5]
[4322, 3.5, 4.0]
[4595, 4.0, 4.5]
[4560, 4.5, 5.0]
[4454, 5.0, 5.5]
[5015, 5.5, 6.0]
[6183, 6.0, 6.5]
[8388, 6.5, 7.0]
[12147, 7.0, 7.5]
[19125, 7.5, 8.0]
[30727, 8.0, 8.5]
[53173, 8.5, 1.356]
[96739, 1.356, 1.0]
[77715, 1.0, 1.1]
[10045, 1.1, 1.2]
[4256, 1.2, 1.3]
[4256, 1.3, 1.4]
[4256, 1.4, 1.5]
[4256, 1.5, 2.0]
[4256, 2.0, 2.5]
[4207, 2.5, 3.0]
[4287, 3.0, 3.5]
[4176, 3.5, 4.0]
[4295, 4.0, 4.5]
[4314, 4.5, 5.0]
[4176, 5.0, 5.5]
[4821, 5.5, 6.0]
[5821, 6.0, 6.5]
[8026, 6.5, 7.0]
[11785, 7.0, 7.5]
[17449, 7.5, 8.0]
[28497, 8.0, 8.5]
[49021, 8.5, 9.0]
[88411, 9.0, 1.0]
[104385, 1.0, 1.0]
[16750, 1.0, 1.1]
[4176, 1.1, 1.2]
[4176, 1.2, 1.3]
[4176, 1.3, 1.4]
[4176, 1.4, 1.5]
[4200, 1.5, 2.0]
[4236, 2.0, 2.5]
[4244, 2.5, 3.0]
[4256, 3.0, 3.5]
[4176, 3.5, 4.0]
[4176, 4.0, 4.5]
[4178, 4.5, 5.0]
[4469, 5.0, 5.5]
[4358, 5.5, 6.0]
[5129, 6.0, 6.5]
[6641, 6.5, 7.0]
[9179, 7.0, 7.5]
[13223, 7.5, 8.0]
[20459, 8.0, 8.5]
[33799, 8.5, 9.0]
[59356, 9.0, 1.0]
[104576, 1.0, 1.0]
[54741, 1.0, 1.1]
[7372, 1.1, 1.2]
[4212, 1.2, 1.3]
[4176, 1.3, 1.4]
[4176, 1.4, 1.5]
[4254, 1.5, 2.0]
[4176, 2.0, 2.5]
[4176, 2.5, 3.0]
[4223, 3.0, 3.5]
[4289, 3.5, 4.0]
[4246, 4.0, 4.5]
[4226, 4.5, 5.0]
[4248, 5.0, 5.5]
[4176, 5.5, 6.0]
[4459, 6.0, 6.5]
[4795, 6.5, 7.0]
[5731, 7.0, 7.5]
[7513, 7.5, 8.0]
[10383, 8.0, 8.5]
[15373, 8.5, 9.0]
[24265, 9.0, 9.5]
[40617, 9.5, 10.0]
[71963, 10.0, 1.0]
[101271, 1.0, 1.0]
[30483, 1.0, 1.1]
[4231, 1.1, 1.2]
[4231, 1.2, 1.3]
[4231, 1.3, 1.4]
[4310, 1.4, 1.5]
[4231, 1.5, 2.0]
[4268, 2.0, 2.5]
[4203, 2.5, 3.0]
[4176, 3.0, 3.5]
[4182, 3.5, 4.0]
[4501, 4.0, 4.5]
[4176, 4.5, 5.0]
[4622, 5.0, 5.5]
[4931, 5.5, 6.0]
[6183, 6.0, 6.5]
[8472, 6.5, 7.0]
[11979, 7.0, 7.5]
[17979, 7.5, 8.0]
[28943, 8.0, 8.5]
[49719, 8.5, 9.0]
[90384, 9.0, 1.0]
[100702, 1.0, 1.0]
[19666, 1.0, 1.1]
[4189, 1.1, 1.2]
[4176, 1.2, 1.3]
[4176, 1.3, 1.4]
[4176, 1.4, 1.5]
[4176, 1.5, 2.0]
[4176, 2.0, 2.5]
[4176, 2.5, 3.0]
[4247, 3.0, 3.5]
[4176, 3.5, 4.0]
[4356, 4.0, 4.5]
[4295, 4.5, 5.0]
[4464, 5.0, 5.5]
[4941, 5.5, 6.0]
[6025, 6.0, 6.5]
[8566, 6.5, 7.0]
[12493, 7.0, 7.5]
[19303, 7.5, 8.0]
[31795, 8.0, 8.5]
[55538, 8.5, 1.0]
[99554, 1.0, 1.0]
[76562, 1.0, 1.1]
[8892, 1.1, 1.2]
[4176, 1.2, 1.3]
[4213, 1.3, 1.4]
[4176, 1.4, 1.5]
[4176, 1.5, 2.0]
[4176, 2.0, 2.5]
[4176, 2.5, 3.0]
[4176, 3.0, 3.5]
[4176, 3.5, 4.0]
[4295, 4.0, 4.5]
[4176, 4.5, 5.0]
[4188, 5.0, 5.5]
[4231, 5.5, 6.0]
[4666, 6.0, 6.5]
[5674, 6.5, 7.0]
[7495, 7.0, 7.5]
[10645, 7.5, 8.0]
[15849, 8.0, 8.5]
[25513, 8.5, 9.0]
[42955, 9.0, 9.5]
[76247, 9.5, 1.0]
[103869, 1.0, 1.0]
[22786, 1.0, 1.1]
[4176, 1.1, 1.2]
[4176, 1.2, 1.3]
[4176, 1.3, 1.4]
[4176, 1.4, 1.5]
[4187, 1.5, 2.0]
[4176, 2.0, 2.5]
[4176, 2.5, 3.0]
[4216, 3.0, 3.5]
[4176, 3.5, 4.0]
[4282, 4.0, 4.5]
[4428, 4.5, 5.0]
[4269, 5.0, 5.5]
[4552, 5.5, 6.0]
[4903, 6.0, 6.5]
[6163, 6.5, 7.0]
[8488, 7.0, 7.5]
[12280, 7.5, 8.0]
[18458, 8.0, 8.5]
[29876, 8.5, 9.0]
[51761, 9.0, 1.624]
[94321, 1.624, 1.0]
[80911, 1.0, 1.1]
[13241, 1.1, 1.2]
[4176, 1.2, 1.3]
[4176, 1.3, 1.4]
[4176, 1.4, 1.5]
[4176, 1.5, 2.0]
[4176, 2.0, 2.5]
[4176, 2.5, 3.0]
[4270, 3.0, 3.5]
[4176, 3.5, 4.0]
[4176, 4.0, 4.5]
[4459, 4.5, 5.0]
[4176, 5.0, 5.5]
[4507, 5.5, 6.0]
[4297, 6.0, 6.5]
[4583, 6.5, 7.0]
[5603, 7.0, 7.5]
[7217, 7.5, 8.0]
[10087, 8.0, 8.5]
[14741, 8.5, 9.0]
[23198, 9.0, 9.5]
[38640, 9.5, 10.0]
[68236, 10.0, 1.0]
[103612, 1.0, 1.0]
[34373, 1.0, 1.1]
[4176, 1.1, 1.2]
[4176, 1.2, 1.3]
[4176, 1.3, 1.4]
[4236, 1.4, 1.5]
[4259, 1.5, 2.0]
[4176, 2.0, 2.5]
[4299, 2.5, 3.0]
[4258, 3.0, 3.5]
[4176, 3.5, 4.0]
[4176, 4.0, 4.5]
[4337, 4.5, 5.0]
[4289, 5.0, 5.5]
[4525, 5.5, 6.0]
[4960, 6.0, 6.5]
[6052, 6.5, 7.0]
[8125, 7.0, 7.5]
[11611, 7.5, 8.0]
[17537, 8.0, 8.5]
[28498, 8.5, 9.0]
[48841, 9.0, 9.5]
[88419, 9.5, 1.0]
[104136, 100.0, 1.0]
[1754413, 1.0, 1.0]
[346877, 1.0, 1.1]
[62747, 1.1, 1.2]
[8756, 1.2, 1.3]
[4176, 1.3, 1.4]
[4176, 1.4, 1.5]
[4176, 1.5, 2.0]
[4176, 2.0, 2.5]
[4176, 2.5, 3.0]
[4260, 3.0, 3.5]
[4366, 3.5, 4.0]
[4255, 4.0, 4.5]
[4176, 4.5, 5.0]
[4344, 5.0, 5.5]
[4335, 5.5, 6.0]
[4770, 6.0, 6.5]
[6030, 6.5, 7.0]
[8103, 7.0, 7.5]
[11421, 7.5, 8.0]
[17767, 8.0, 8.5]
[28644, 8.5, 9.0]
[48819, 9.0, 9.5]
[88901, 9.5, 1.0]
[126960, 1.0, 1.0]
[19276, 1.0, 1.1]
[4176, 1.1, 1.2]
[4176, 1.2, 1.3]
[4176, 1.3, 1.4]
[4176, 1.4, 1.5]
[4176, 1.5, 2.0]
[4215, 2.0, 2.5]
[4215, 2.5, 3.0]
[4315, 3.0, 3.5]
[4215, 3.5, 4.0]
[4581, 4.0, 4.5]
[4236, 4.5, 5.0]
[4215, 5.0, 5.5]
[4776, 5.5, 6.0]
[5860, 6.0, 6.5]
[7225, 6.5, 7.0]
[10351, 7.0, 7.5]
[15289, 7.5, 8.0]
[24221, 8.0, 8.5]
[40360, 8.5, 9.0]
[71467, 9.0, 1.0]
[100461, 1.0, 1.0]
[26649, 1.0, 1.1]
[4176, 1.1, 1.2]
[4176, 1.2, 1.3]
[4176, 1.3, 1.4]
[4176, 1.4, 1.5]
[4499, 1.5, 2.0]
[4176, 2.0, 2.5]
[4215, 2.5, 3.0]
[4467, 3.0, 3.5]
[4176, 3.5, 4.0]
[4176, 4.0, 4.5]
[4176, 4.5, 5.0]
[4422, 5.0, 5.5]
[4572, 5.5, 6.0]
[5007, 6.0, 6.5]
[6267, 6.5, 7.0]
[7920, 7.0, 7.5]
[11406, 7.5, 8.0]
[17416, 8.0, 8.5]
[27957, 8.5, 9.0]
[47964, 9.0, 9.5]
[86800, 9.5, 1.0]
[84014, 1.0, 1.0]
[16428, 1.0, 1.1]
[4176, 1.1, 1.2]
[4176, 1.2, 1.3]
[4176, 1.3, 1.4]
[4176, 1.4, 1.5]
[4176, 1.5, 2.0]
[4176, 2.0, 2.5]
[4176, 2.5, 3.0]
[4257, 3.0, 3.5]
[4273, 3.5, 4.0]
[4176, 4.0, 4.5]
[4176, 4.5, 5.0]
[4202, 5.0, 5.5]
[4477, 5.5, 6.0]
[4660, 6.0, 6.5]
[5584, 6.5, 7.0]
[6985, 7.0, 7.5]
[9577, 7.5, 8.0]
[14227, 8.0, 8.5]
[21969, 8.5, 9.0]
[36846, 9.0, 9.5]
[65182, 9.5, 1.0]
[104900, 1.0, 1.0]
[45069, 1.0, 1.1]
[4551, 1.1, 1.2]
[4176, 1.2, 1.3]
[4176, 1.3, 1.4]
[4176, 1.4, 1.5]
[4306, 1.5, 2.0]
[4176, 2.0, 2.5]
[4257, 2.5, 3.0]
[4250, 3.0, 3.5]
[4242, 3.5, 4.0]
[4275, 4.0, 4.5]
[4341, 4.5, 5.0]
[4341, 5.0, 5.5]
[4568, 5.5, 6.0]
[4751, 6.0, 6.5]
[5759, 6.5, 7.0]
[7412, 7.0, 7.5]
[10394, 7.5, 8.0]
[15682, 8.0, 8.5]
[24637, 8.5, 9.0]
[41056, 9.0, 9.5]
[72612, 9.5, 1.0]
[112862, 1.0, 1.0]
[30472, 1.0, 1.1]
[4259, 1.1, 1.2]
[4332, 1.2, 1.3]
[4259, 1.3, 1.4]
[4259, 1.4, 1.5]
[4341, 1.5, 2.0]
[4318, 2.0, 2.5]
[4259, 2.5, 3.0]
[4341, 3.0, 3.5]
[4259, 3.5, 4.0]
[4371, 4.0, 4.5]
[4387, 4.5, 5.0]
[4621, 5.0, 5.5]
[4762, 5.5, 6.0]
[5762, 6.0, 6.5]
[7127, 6.5, 7.0]
[10085, 7.0, 7.5]
[14855, 7.5, 8.0]
[23619, 8.0, 8.5]
[39506, 8.5, 9.0]
[69926, 9.0, 1.0]
[110456, 1.0, 1.0]
[27646, 1.0, 1.1]
[4259, 1.1, 1.2]
[4259, 1.2, 1.3]
[4370, 1.3, 1.4]
[4259, 1.4, 1.5]
[4259, 1.5, 2.0]
[4327, 2.0, 2.5]
[4259, 2.5, 3.0]
[4259, 3.0, 3.5]
[4322, 3.5, 4.0]
[4595, 4.0, 4.5]
[4560, 4.5, 5.0]
[4454, 5.0, 5.5]
[5015, 5.5, 6.0]
[6183, 6.0, 6.5]
[8388, 6.5, 7.0]
[12147, 7.0, 7.5]
[19125, 7.5, 8.0]
[30727, 8.0, 8.5]
[53173, 8.5, 1.356]
[96739, 1.356, 1.0]
[77715, 1.0, 1.1]
[10045, 1.1, 1.2]
[4256, 1.2, 1.3]
[4256, 1.3, 1.4]
[4256, 1.4, 1.5]
[4256, 1.5, 2.0]
[4256, 2.0, 2.5]
[4207, 2.5, 3.0]
[4287, 3.0, 3.5]
[4176, 3.5, 4.0]
[4295, 4.0, 4.5]
[4314, 4.5, 5.0]
[4176, 5.0, 5.5]
[4821, 5.5, 6.0]
[5821, 6.0, 6.5]
[8026, 6.5, 7.0]
[11785, 7.0, 7.5]
[17449, 7.5, 8.0]
[28497, 8.0, 8.5]
[49021, 8.5, 9.0]
[88411, 9.0, 1.0]
[104385, 1.0, 1.0]
[16750, 1.0, 1.1]
[4176, 1.1, 1.2]
[4176, 1.2, 1.3]
[4176, 1.3, 1.4]
[4176, 1.4, 1.5]
[4200, 1.5, 2.0]
[4236, 2.0, 2.5]
[4244, 2.5, 3.0]
[4256, 3.0, 3.5]
[4176, 3.5, 4.0]
[4176, 4.0, 4.5]
[4178, 4.5, 5.0]
[4469, 5.0, 5.5]
[4358, 5.5, 6.0]
[5129, 6.0, 6.5]
[6641, 6.5, 7.0]
[9179, 7.0, 7.5]
[13223, 7.5, 8.0]
[20459, 8.0, 8.5]
[33799, 8.5, 9.0]
[59356, 9.0, 1.0]
[104576, 1.0, 1.0]
[54741, 1.0, 1.1]
[7372, 1.1, 1.2]
[4212, 1.2, 1.3]
[4176, 1.3, 1.4]
[4176, 1.4, 1.5]
[4254, 1.5, 2.0]
[4176, 2.0, 2.5]
[4176, 2.5, 3.0]
[4223, 3.0, 3.5]
[4289, 3.5, 4.0]
[4246, 4.0, 4.5]
[4226, 4.5, 5.0]
[4248, 5.0, 5.5]
[4176, 5.5, 6.0]
[4459, 6.0, 6.5]
[4795, 6.5, 7.0]
[5731, 7.0, 7.5]
[7513, 7.5, 8.0]
[10383, 8.0, 8.5]
[15373, 8.5, 9.0]
[24265, 9.0, 9.5]
[40617, 9.5, 10.0]
[71963, 10.0, 1.0]
[101271, 1.0, 1.0]
[30483, 1.0, 1.1]
[4231, 1.1, 1.2]
[4231, 1.2, 1.3]
[4231, 1.3, 1.4]
[4310, 1.4, 1.5]
[4231, 1.5, 2.0]
[4268, 2.0, 2.5]
[4203, 2.5, 3.0]
[4176, 3.0, 3.5]
[4182, 3.5, 4.0]
[4501, 4.0, 4.5]
[4176, 4.5, 5.0]
[4622, 5.0, 5.5]
[4931, 5.5, 6.0]
[6183, 6.0, 6.5]
[8472, 6.5, 7.0]
[11979, 7.0, 7.5]
[17979, 7.5, 8.0]
[28943, 8.0, 8.5]
[49719, 8.5, 9.0]
[90384, 9.0, 1.0]
[100702, 1.0, 1.0]
[19666, 1.0, 1.1]
[4189, 1.1, 1.2]
[4176, 1.2, 1.3]
[4176, 1.3, 1.4]
[4176, 1.4, 1.5]
[4176, 1.5, 2.0]
[4176, 2.0, 2.5]
[4176, 2.5, 3.0]
[4247, 3.0, 3.5]
[4176, 3.5, 4.0]
[4356, 4.0, 4.5]
[4295, 4.5, 5.0]
[4464, 5.0, 5.5]
[4941, 5.5, 6.0]
[6025, 6.0, 6.5]
[8566, 6.5, 7.0]
[12493, 7.0, 7.5]
[19303, 7.5, 8.0]
[31795, 8.0, 8.5]
[55538, 8.5, 1.0]
[99554, 1.0, 1.0]
[76562, 1.0, 1.1]
[8892, 1.1, 1.2]
[4176, 1.2, 1.3]
[4213, 1.3, 1.4]
[4176, 1.4, 1.5]
[4176, 1.5, 2.0]
[4176, 2.0, 2.5]
[4176, 2.5, 3.0]
[4176, 3.0, 3.5]
[4176, 3.5, 4.0]
[4295, 4.0, 4.5]
[4176, 4.5, 5.0]
[4188, 5.0, 5.5]
[4231, 5.5, 6.0]
[4666, 6.0, 6.5]
[5674, 6.5, 7.0]
[7495, 7.0, 7.5]
[10645, 7.5, 8.0]
[15849, 8.0, 8.5]
[25513, 8.5, 9.0]
[42955, 9.0, 9.5]
[76247, 9.5, 1.0]
[103869, 1.0, 1.0]
[22786, 1.0, 1.1]
[4176, 1.1, 1.2]
[4176, 1.2, 1.3]
[4176, 1.3, 1.4]
[4176, 1.4, 1.5]
[4187, 1.5, 2.0]
[4176, 2.0, 2.5]
[4176, 2.5, 3.0]
[4216, 3.0, 3.5]
[4176, 3.5, 4.0]
[4282, 4.0, 4.5]
[4428, 4.5, 5.0]
[4269, 5.0, 5.5]
[4552, 5.5, 6.0]
[4903, 6.0, 6.5]
[6163, 6.5, 7.0]
[8488, 7.0, 7.5]
[12280, 7.5, 8.0]
[18458, 8.0, 8.5]
[29876, 8.5, 9.0]
[51761, 9.0, 1.624]
[94321, 1.624, 1.0]
[80911, 1.0, 1.1]
[13241, 1.1, 1.2]
[4176, 1.2, 1.3]
[4176, 1.3, 1.4]
[4176, 1.4, 1.5]
[4176, 1.5, 2.0]
[4176, 2.0, 2.5]
[4176, 2.5, 3.0]
[4270, 3.0, 3.5]
[4176, 3.5, 4.0]
[4176, 4.0, 4.5]
[4459, 4.5, 5.0]
[4176, 5.0, 5.5]
[4507, 5.5, 6.0]
[4297, 6.0, 6.5]
[4583, 6.5, 7.0]
[5603, 7.0, 7.5]
[7217, 7.5, 8.0]
[10087, 8.0, 8.5]
[14741, 8.5, 9.0]
[23198, 9.0, 9.5]
[38640, 9.5, 10.0]
[68236, 10.0, 1.0]
[103612, 1.0, 1.0]
[34373, 1.0, 1.1]
[4176, 1.1, 1.2]
[4176, 1.2, 1.3]
[4176, 1.3, 1.4]
[4236, 1.4, 1.5]
[4259, 1.5, 2.0]
[4176, 2.0, 2.5]
[4299, 2.5, 3.0]
[4258, 3.0, 3.5]
[4176, 3.5, 4.0]
[4176, 4.0, 4.5]
[4337, 4.5, 5.0]
[4289, 5.0, 5.5]
[4525, 5.5, 6.0]
[4960, 6.0, 6.5]
[6052, 6.5, 7.0]
[8125, 7.0, 7.5]
[11611, 7.5, 8.0]
[17537, 8.0, 8.5]
[28498, 8.5, 9.0]
[48841, 9.0, 9.5]
[88419, 9.5, 1.0]
