[105816, 100.0, 1.0]
[1754413, 1.0, 1.0]
[346877, 1.0, 1.1]
[62747, 1.1, 1.2]
[8756, 1.2, 1.3]
[4176, 1.3, 1.4]
[4176, 1.4, 1.5]
[4176, 1.5, 2.0]
[4176, 2.0, 2.5]
[4176, 2.5, 3.0]
[4260, 3.0, 3.5]
[4366, 3.5, 4.0]
[4255, 4.0, 4.5]
[4176, 4.5, 5.0]
[4344, 5.0, 5.5]
[4335, 5.5, 6.0]
[4854, 6.0, 6.5]
[6198, 6.5, 7.0]
[8103, 7.0, 7.5]
[11505, 7.5, 8.0]
[17767, 8.0, 8.5]
[28644, 8.5, 9.0]
[48987, 9.0, 9.5]
[88985, 9.5, 1.0]
[126960, 1.0, 1.0]
[19276, 1.0, 1.1]
[4176, 1.1, 1.2]
[4176, 1.2, 1.3]
[4176, 1.3, 1.4]
[4176, 1.4, 1.5]
[4176, 1.5, 2.0]
[4299, 2.0, 2.5]
[4176, 2.5, 3.0]
[4228, 3.0, 3.5]
[4176, 3.5, 4.0]
[4382, 4.0, 4.5]
[4357, 4.5, 5.0]
[4360, 5.0, 5.5]
[4921, 5.5, 6.0]
[6593, 6.0, 6.5]
[8798, 6.5, 7.0]
[12641, 7.0, 7.5]
[19703, 7.5, 8.0]
[32195, 8.0, 8.5]
[56022, 8.5, 1.0]
[101397, 1.0, 1.0]
[47950, 1.0, 1.1]
[7348, 1.1, 1.2]
[4176, 1.2, 1.3]
[4176, 1.3, 1.4]
[4176, 1.4, 1.5]
[4176, 1.5, 2.0]
[4176, 2.0, 2.5]
[4176, 2.5, 3.0]
[4176, 3.0, 3.5]
[4218, 3.5, 4.0]
[4466, 4.0, 4.5]
[4176, 4.5, 5.0]
[4176, 5.0, 5.5]
[4489, 5.5, 6.0]
[4615, 6.0, 6.5]
[4699, 6.5, 7.0]
[5551, 7.0, 7.5]
[6997, 7.5, 8.0]
[9531, 8.0, 8.5]
[14521, 8.5, 9.0]
[22558, 9.0, 9.5]
[37832, 9.5, 10.0]
[66469, 10.0, 1.0]
[105717, 1.0, 1.0]
[32194, 1.0, 1.1]
[5126, 1.1, 1.2]
[4176, 1.2, 1.3]
[4176, 1.3, 1.4]
[4176, 1.4, 1.5]
[4176, 1.5, 2.0]
[4176, 2.0, 2.5]
[4227, 2.5, 3.0]
[4176, 3.0, 3.5]
[4262, 3.5, 4.0]
[4176, 4.0, 4.5]
[4445, 4.5, 5.0]
[4176, 5.0, 5.5]
[4466, 5.5, 6.0]
[4792, 6.0, 6.5]
[5044, 6.5, 7.0]
[5980, 7.0, 7.5]
[7762, 7.5, 8.0]
[10800, 8.0, 8.5]
[16163, 8.5, 9.0]
[25994, 9.0, 9.5]
[43662, 9.5, 10.0]
[78340, 10.0, 1.0]
[103756, 1.0, 1.0]
[21581, 1.0, 1.1]
[4176, 1.1, 1.2]
[4176, 1.2, 1.3]
[4176, 1.3, 1.4]
[4176, 1.4, 1.5]
[4251, 1.5, 2.0]
[4176, 2.0, 2.5]
[4176, 2.5, 3.0]
[4250, 3.0, 3.5]
[4176, 3.5, 4.0]
[4232, 4.0, 4.5]
[4572, 4.5, 5.0]
[4180, 5.0, 5.5]
[4657, 5.5, 6.0]
[5237, 6.0, 6.5]
[6917, 6.5, 7.0]
[9791, 7.0, 7.5]
[14645, 7.5, 8.0]
[23073, 8.0, 8.5]
[38419, 8.5, 9.0]
[67564, 9.0, 1.0]
[112910, 1.0, 1.0]
[38836, 1.0, 1.1]
[5001, 1.1, 1.2]
[4176, 1.2, 1.3]
[4176, 1.3, 1.4]
[4176, 1.4, 1.5]
[4176, 1.5, 2.0]
[4176, 2.0, 2.5]
[4258, 2.5, 3.0]
[4226, 3.0, 3.5]
[4220, 3.5, 4.0]
[4176, 4.0, 4.5]
[4200, 4.5, 5.0]
[4338, 5.0, 5.5]
[4655, 5.5, 6.0]
[4453, 6.0, 6.5]
[5293, 6.5, 7.0]
[6190, 7.0, 7.5]
[8446, 7.5, 8.0]
[12038, 8.0, 8.5]
[18278, 8.5, 9.0]
[29987, 9.0, 9.5]
[51127, 9.5, 1.949]
[92385, 1.949, 1.0]
[80387, 1.0, 1.1]
[12717, 1.1, 1.2]
[4176, 1.2, 1.3]
[4176, 1.3, 1.4]
[4176, 1.4, 1.5]
[4176, 1.5, 2.0]
[4176, 2.0, 2.5]
[4176, 2.5, 3.0]
[4176, 3.0, 3.5]
[4176, 3.5, 4.0]
[4176, 4.0, 4.5]
[4195, 4.5, 5.0]
[4333, 5.0, 5.5]
[4176, 5.5, 6.0]
[4232, 6.0, 6.5]
[4568, 6.5, 7.0]
[5336, 7.0, 7.5]
[6782, 7.5, 8.0]
[9232, 8.0, 8.5]
[13513, 8.5, 9.0]
[20947, 9.0, 9.5]
[34653, 9.5, 10.0]
[59958, 10.0, 1.0]
[107214, 1.0, 1.0]
[56875, 1.0, 1.1]
[9506, 1.1, 1.2]
[4176, 1.2, 1.3]
[4176, 1.3, 1.4]
[4176, 1.4, 1.5]
[4176, 1.5, 2.0]
[4176, 2.0, 2.5]
[4176, 2.5, 3.0]
[4215, 3.0, 3.5]
[4176, 3.5, 4.0]
[4219, 4.0, 4.5]
[4268, 4.5, 5.0]
[4310, 5.0, 5.5]
[4371, 5.5, 6.0]
[4919, 6.0, 6.5]
[5675, 6.5, 7.0]
[7328, 7.0, 7.5]
[10394, 7.5, 8.0]
[15682, 8.0, 8.5]
[24805, 8.5, 9.0]
[41392, 9.0, 9.5]
[73858, 9.5, 1.0]
[112918, 1.0, 1.0]
[35820, 1.0, 1.1]
[4176, 1.1, 1.2]
[4176, 1.2, 1.3]
[4176, 1.3, 1.4]
[4176, 1.4, 1.5]
[4245, 1.5, 2.0]
[4176, 2.0, 2.5]
[4181, 2.5, 3.0]
[4307, 3.0, 3.5]
[4181, 3.5, 4.0]
[4176, 4.0, 4.5]
[4306, 4.5, 5.0]
[4255, 5.0, 5.5]
[4326, 5.5, 6.0]
[4929, 6.0, 6.5]
[5937, 6.5, 7.0]
[7590, 7.0, 7.5]
[10824, 7.5, 8.0]
[16448, 8.0, 8.5]
[26364, 8.5, 9.0]
[44829, 9.0, 9.5]
[80025, 9.5, 1.0]
[102026, 1.0, 1.0]
[17667, 1.0, 1.1]
[4176, 1.1, 1.2]
[4176, 1.2, 1.3]
[4176, 1.3, 1.4]
[4176, 1.4, 1.5]
[4239, 1.5, 2.0]
[4176, 2.0, 2.5]
[4235, 2.5, 3.0]
[4221, 3.0, 3.5]
[4176, 3.5, 4.0]
[4284, 4.0, 4.5]
[4176, 4.5, 5.0]
[4545, 5.0, 5.5]
[5190, 5.5, 6.0]
[6610, 6.0, 6.5]
[8899, 6.5, 7.0]
[12742, 7.0, 7.5]
[19720, 7.5, 8.0]
[32380, 8.0, 8.5]
[56039, 8.5, 1.0]
[98222, 1.0, 1.0]
[59270, 1.0, 1.1]
[5134, 1.1, 1.2]
[4176, 1.2, 1.3]
[4176, 1.3, 1.4]
[4176, 1.4, 1.5]
[4176, 1.5, 2.0]
[4176, 2.0, 2.5]
[4176, 2.5, 3.0]
[4176, 3.0, 3.5]
[4176, 3.5, 4.0]
[4176, 4.0, 4.5]
[4380, 4.5, 5.0]
[4176, 5.0, 5.5]
[4500, 5.5, 6.0]
[4515, 6.0, 6.5]
[5355, 6.5, 7.0]
[6840, 7.0, 7.5]
[9096, 7.5, 8.0]
[13578, 8.0, 8.5]
[20779, 8.5, 9.0]
[34114, 9.0, 9.5]
[59468, 9.5, 1.0]
[105577, 1.0, 1.0]
[68174, 1.0, 1.1]
[7271, 1.1, 1.2]
[4176, 1.2, 1.3]
[4176, 1.3, 1.4]
[4176, 1.4, 1.5]
[4185, 1.5, 2.0]
[4244, 2.0, 2.5]
[4176, 2.5, 3.0]
[4176, 3.0, 3.5]
[4176, 3.5, 4.0]
[4182, 4.0, 4.5]
[4176, 4.5, 5.0]
[4345, 5.0, 5.5]
[4176, 5.5, 6.0]
[4534, 6.0, 6.5]
[5290, 6.5, 7.0]
[6943, 7.0, 7.5]
[9619, 7.5, 8.0]
[14101, 8.0, 8.5]
[22347, 8.5, 9.0]
[37308, 9.0, 9.5]
[65392, 9.5, 1.0]
[111914, 1.0, 1.0]
[44560, 1.0, 1.1]
[4176, 1.1, 1.2]
[4176, 1.2, 1.3]
[4176, 1.3, 1.4]
[4176, 1.4, 1.5]
[4176, 1.5, 2.0]
[4176, 2.0, 2.5]
[4176, 2.5, 3.0]
[4176, 3.0, 3.5]
[4176, 3.5, 4.0]
[4176, 4.0, 4.5]
[4250, 4.5, 5.0]
[4270, 5.0, 5.5]
[4234, 5.5, 6.0]
[4566, 6.0, 6.5]
[5070, 6.5, 7.0]
[6258, 7.0, 7.5]
[8094, 7.5, 8.0]
[11770, 8.0, 8.5]
[18430, 8.5, 9.0]
[29551, 9.0, 9.5]
[50775, 9.5, 1.944]
[92285, 1.944, 1.0]
[80169, 1.0, 1.1]
[12583, 1.1, 1.2]
[4176, 1.2, 1.3]
[4176, 1.3, 1.4]
[4176, 1.4, 1.5]
[4219, 1.5, 2.0]
[4176, 2.0, 2.5]
[4176, 2.5, 3.0]
[4285, 3.0, 3.5]
[4176, 3.5, 4.0]
[4263, 4.0, 4.5]
[4176, 4.5, 5.0]
[4176, 5.0, 5.5]
[4309, 5.5, 6.0]
[4466, 6.0, 6.5]
[5306, 6.5, 7.0]
[6791, 7.0, 7.5]
[8963, 7.5, 8.0]
[12723, 8.0, 8.5]
[20008, 8.5, 9.0]
[33175, 9.0, 9.5]
[57619, 9.5, 1.0]
[102650, 1.0, 1.0]
[61635, 1.0, 1.1]
[7499, 1.1, 1.2]
[4176, 1.2, 1.3]
[4176, 1.3, 1.4]
[4176, 1.4, 1.5]
[4176, 1.5, 2.0]
[4176, 2.0, 2.5]
[4176, 2.5, 3.0]
[4176, 3.0, 3.5]
[4253, 3.5, 4.0]
[4176, 4.0, 4.5]
[4212, 4.5, 5.0]
[4385, 5.0, 5.5]
[4176, 5.5, 6.0]
[4385, 6.0, 6.5]
[4588, 6.5, 7.0]
[5440, 7.0, 7.5]
[6802, 7.5, 8.0]
[9504, 8.0, 8.5]
[14662, 8.5, 9.0]
[22783, 9.0, 9.5]
[38141, 9.5, 10.0]
[67198, 10.0, 1.0]
[103754, 1.0, 1.0]
[36027, 1.0, 1.1]
[4176, 1.1, 1.2]
[4176, 1.2, 1.3]
[4176, 1.3, 1.4]
[4211, 1.4, 1.5]
[4176, 1.5, 2.0]
[4176, 2.0, 2.5]
[4176, 2.5, 3.0]
[4176, 3.0, 3.5]
[4275, 3.5, 4.0]
[4299, 4.0, 4.5]
[4300, 4.5, 5.0]
[4252, 5.0, 5.5]
[4320, 5.5, 6.0]
[4839, 6.0, 6.5]
[5931, 6.5, 7.0]
[7836, 7.0, 7.5]
[11490, 7.5, 8.0]
[17668, 8.0, 8.5]
[28377, 8.5, 9.0]
[48468, 9.0, 9.5]
[87472, 9.5, 1.0]
[90181, 1.0, 1.0]
[10368, 1.0, 1.1]
[4176, 1.1, 1.2]
[4176, 1.2, 1.3]
[4176, 1.3, 1.4]
[4176, 1.4, 1.5]
[4176, 1.5, 2.0]
[4176, 2.0, 2.5]
[4176, 2.5, 3.0]
[4176, 3.0, 3.5]
[4233, 3.5, 4.0]
[4176, 4.0, 4.5]
[4203, 4.5, 5.0]
[4219, 5.0, 5.5]
[4176, 5.5, 6.0]
[4206, 6.0, 6.5]
[4308, 6.5, 7.0]
[4176, 7.0, 7.5]
[4298, 7.5, 8.0]
[4484, 8.0, 8.5]
[4281, 8.5, 9.0]
[4776, 9.0, 9.5]
[5364, 9.5, 10.0]
[105816, 100.0, 1.0]
[1754413, 1.0, 1.0]
[346877, 1.0, 1.1]
[62747, 1.1, 1.2]
[8756, 1.2, 1.3]
[4176, 1.3, 1.4]
[4176, 1.4, 1.5]
[4176, 1.5, 2.0]
[4176, 2.0, 2.5]
[4176, 2.5, 3.0]
[4260, 3.0, 3.5]
[4366, 3.5, 4.0]
[4255, 4.0, 4.5]
[4176, 4.5, 5.0]
[4344, 5.0, 5.5]
[4335, 5.5, 6.0]
[4854, 6.0, 6.5]
[6198, 6.5, 7.0]
[8103, 7.0, 7.5]
[11505, 7.5, 8.0]
[17767, 8.0, 8.5]
[28644, 8.5, 9.0]
[48987, 9.0, 9.5]
[88985, 9.5, 1.0]
[126960, 1.0, 1.0]
[19276, 1.0, 1.1]
[4176, 1.1, 1.2]
[4176, 1.2, 1.3]
[4176, 1.3, 1.4]
[4176, 1.4, 1.5]
[4176, 1.5, 2.0]
[4299, 2.0, 2.5]
[4176, 2.5, 3.0]
[4228, 3.0, 3.5]
[4176, 3.5, 4.0]
[4382, 4.0, 4.5]
[4357, 4.5, 5.0]
[4360, 5.0, 5.5]
[4921, 5.5, 6.0]
[6593, 6.0, 6.5]
[8798, 6.5, 7.0]
[12641, 7.0, 7.5]
[19703, 7.5, 8.0]
[32195, 8.0, 8.5]
[56022, 8.5, 1.0]
[101397, 1.0, 1.0]
[47950, 1.0, 1.1]
[7348, 1.1, 1.2]
[4176, 1.2, 1.3]
[4176, 1.3, 1.4]
[4176, 1.4, 1.5]
[4176, 1.5, 2.0]
[4176, 2.0, 2.5]
[4176, 2.5, 3.0]
[4176, 3.0, 3.5]
[4218, 3.5, 4.0]
[4466, 4.0, 4.5]
[4176, 4.5, 5.0]
[4176, 5.0, 5.5]
[4489, 5.5, 6.0]
[4615, 6.0, 6.5]
[4699, 6.5, 7.0]
[5551, 7.0, 7.5]
[6997, 7.5, 8.0]
[9531, 8.0, 8.5]
[14521, 8.5, 9.0]
[22558, 9.0, 9.5]
[37832, 9.5, 10.0]
[66469, 10.0, 1.0]
[105717, 1.0, 1.0]
[32194, 1.0, 1.1]
[5126, 1.1, 1.2]
[4176, 1.2, 1.3]
[4176, 1.3, 1.4]
[4176, 1.4, 1.5]
[4176, 1.5, 2.0]
[4176, 2.0, 2.5]
[4227, 2.5, 3.0]
[4176, 3.0, 3.5]
[4262, 3.5, 4.0]
[4176, 4.0, 4.5]
[4445, 4.5, 5.0]
[4176, 5.0, 5.5]
[4466, 5.5, 6.0]
[4792, 6.0, 6.5]
[5044, 6.5, 7.0]
[5980, 7.0, 7.5]
[7762, 7.5, 8.0]
[10800, 8.0, 8.5]
[16163, 8.5, 9.0]
[25994, 9.0, 9.5]
[43662, 9.5, 10.0]
[78340, 10.0, 1.0]
[103756, 1.0, 1.0]
[21581, 1.0, 1.1]
[4176, 1.1, 1.2]
[4176, 1.2, 1.3]
[4176, 1.3, 1.4]
[4176, 1.4, 1.5]
[4251, 1.5, 2.0]
[4176, 2.0, 2.5]
[4176, 2.5, 3.0]
[4250, 3.0, 3.5]
[4176, 3.5, 4.0]
[4232, 4.0, 4.5]
[4572, 4.5, 5.0]
[4180, 5.0, 5.5]
[4657, 5.5, 6.0]
[5237, 6.0, 6.5]
[6917, 6.5, 7.0]
[9791, 7.0, 7.5]
[14645, 7.5, 8.0]
[23073, 8.0, 8.5]
[38419, 8.5, 9.0]
[67564, 9.0, 1.0]
[112910, 1.0, 1.0]
[38836, 1.0, 1.1]
[5001, 1.1, 1.2]
[4176, 1.2, 1.3]
[4176, 1.3, 1.4]
[4176, 1.4, 1.5]
[4176, 1.5, 2.0]
[4176, 2.0, 2.5]
[4258, 2.5, 3.0]
[4226, 3.0, 3.5]
[4220, 3.5, 4.0]
[4176, 4.0, 4.5]
[4200, 4.5, 5.0]
[4338, 5.0, 5.5]
[4655, 5.5, 6.0]
[4453, 6.0, 6.5]
[5293, 6.5, 7.0]
[6190, 7.0, 7.5]
[8446, 7.5, 8.0]
[12038, 8.0, 8.5]
[18278, 8.5, 9.0]
[29987, 9.0, 9.5]
[51127, 9.5, 1.949]
[92385, 1.949, 1.0]
[80387, 1.0, 1.1]
[12717, 1.1, 1.2]
[4176, 1.2, 1.3]
[4176, 1.3, 1.4]
[4176, 1.4, 1.5]
[4176, 1.5, 2.0]
[4176, 2.0, 2.5]
[4176, 2.5, 3.0]
[4176, 3.0, 3.5]
[4176, 3.5, 4.0]
[4176, 4.0, 4.5]
[4195, 4.5, 5.0]
[4333, 5.0, 5.5]
[4176, 5.5, 6.0]
[4232, 6.0, 6.5]
[4568, 6.5, 7.0]
[5336, 7.0, 7.5]
[6782, 7.5, 8.0]
[9232, 8.0, 8.5]
[13513, 8.5, 9.0]
[20947, 9.0, 9.5]
[34653, 9.5, 10.0]
[59958, 10.0, 1.0]
[107214, 1.0, 1.0]
[56875, 1.0, 1.1]
[9506, 1.1, 1.2]
[4176, 1.2, 1.3]
[4176, 1.3, 1.4]
[4176, 1.4, 1.5]
[4176, 1.5, 2.0]
[4176, 2.0, 2.5]
[4176, 2.5, 3.0]
[4215, 3.0, 3.5]
[4176, 3.5, 4.0]
[4219, 4.0, 4.5]
[4268, 4.5, 5.0]
[4310, 5.0, 5.5]
[4371, 5.5, 6.0]
[4919, 6.0, 6.5]
[5675, 6.5, 7.0]
[7328, 7.0, 7.5]
[10394, 7.5, 8.0]
[15682, 8.0, 8.5]
[24805, 8.5, 9.0]
[41392, 9.0, 9.5]
[73858, 9.5, 1.0]
[112918, 1.0, 1.0]
[35820, 1.0, 1.1]
[4176, 1.1, 1.2]
[4176, 1.2, 1.3]
[4176, 1.3, 1.4]
[4176, 1.4, 1.5]
[4245, 1.5, 2.0]
[4176, 2.0, 2.5]
[4181, 2.5, 3.0]
[4307, 3.0, 3.5]
[4181, 3.5, 4.0]
[4176, 4.0, 4.5]
[4306, 4.5, 5.0]
[4255, 5.0, 5.5]
[4326, 5.5, 6.0]
[4929, 6.0, 6.5]
[5937, 6.5, 7.0]
[7590, 7.0, 7.5]
[10824, 7.5, 8.0]
[16448, 8.0, 8.5]
[26364, 8.5, 9.0]
[44829, 9.0, 9.5]
[80025, 9.5, 1.0]
[102026, 1.0, 1.0]
[17667, 1.0, 1.1]
[4176, 1.1, 1.2]
[4176, 1.2, 1.3]
[4176, 1.3, 1.4]
[4176, 1.4, 1.5]
[4239, 1.5, 2.0]
[4176, 2.0, 2.5]
[4235, 2.5, 3.0]
[4221, 3.0, 3.5]
[4176, 3.5, 4.0]
[4284, 4.0, 4.5]
[4176, 4.5, 5.0]
[4545, 5.0, 5.5]
[5190, 5.5, 6.0]
[6610, 6.0, 6.5]
[8899, 6.5, 7.0]
[12742, 7.0, 7.5]
[19720, 7.5, 8.0]
[32380, 8.0, 8.5]
[56039, 8.5, 1.0]
[98222, 1.0, 1.0]
[59270, 1.0, 1.1]
[5134, 1.1, 1.2]
[4176, 1.2, 1.3]
[4176, 1.3, 1.4]
[4176, 1.4, 1.5]
[4176, 1.5, 2.0]
[4176, 2.0, 2.5]
[4176, 2.5, 3.0]
[4176, 3.0, 3.5]
[4176, 3.5, 4.0]
[4176, 4.0, 4.5]
[4380, 4.5, 5.0]
[4176, 5.0, 5.5]
[4500, 5.5, 6.0]
[4515, 6.0, 6.5]
[5355, 6.5, 7.0]
[6840, 7.0, 7.5]
[9096, 7.5, 8.0]
[13578, 8.0, 8.5]
[20779, 8.5, 9.0]
[34114, 9.0, 9.5]
[59468, 9.5, 1.0]
[105577, 1.0, 1.0]
[68174, 1.0, 1.1]
[7271, 1.1, 1.2]
[4176, 1.2, 1.3]
[4176, 1.3, 1.4]
[4176, 1.4, 1.5]
[4185, 1.5, 2.0]
[4244, 2.0, 2.5]
[4176, 2.5, 3.0]
[4176, 3.0, 3.5]
[4176, 3.5, 4.0]
[4182, 4.0, 4.5]
[4176, 4.5, 5.0]
[4345, 5.0, 5.5]
[4176, 5.5, 6.0]
[4534, 6.0, 6.5]
[5290, 6.5, 7.0]
[6943, 7.0, 7.5]
[9619, 7.5, 8.0]
[14101, 8.0, 8.5]
[22347, 8.5, 9.0]
[37308, 9.0, 9.5]
[65392, 9.5, 1.0]
[111914, 1.0, 1.0]
[44560, 1.0, 1.1]
[4176, 1.1, 1.2]
[4176, 1.2, 1.3]
[4176, 1.3, 1.4]
[4176, 1.4, 1.5]
[4176, 1.5, 2.0]
[4176, 2.0, 2.5]
[4176, 2.5, 3.0]
[4176, 3.0, 3.5]
[4176, 3.5, 4.0]
[4176, 4.0, 4.5]
[4250, 4.5, 5.0]
[4270, 5.0, 5.5]
[4234, 5.5, 6.0]
[4566, 6.0, 6.5]
[5070, 6.5, 7.0]
[6258, 7.0, 7.5]
[8094, 7.5, 8.0]
[11770, 8.0, 8.5]
[18430, 8.5, 9.0]
[29551, 9.0, 9.5]
[50775, 9.5, 1.944]
[92285, 1.944, 1.0]
[80169, 1.0, 1.1]
[12583, 1.1, 1.2]
[4176, 1.2, 1.3]
[4176, 1.3, 1.4]
[4176, 1.4, 1.5]
[4219, 1.5, 2.0]
[4176, 2.0, 2.5]
[4176, 2.5, 3.0]
[4285, 3.0, 3.5]
[4176, 3.5, 4.0]
[4263, 4.0, 4.5]
[4176, 4.5, 5.0]
[4176, 5.0, 5.5]
[4309, 5.5, 6.0]
[4466, 6.0, 6.5]
[5306, 6.5, 7.0]
[6791, 7.0, 7.5]
[8963, 7.5, 8.0]
[12723, 8.0, 8.5]
[20008, 8.5, 9.0]
[33175, 9.0, 9.5]
[57619, 9.5, 1.0]
[102650, 1.0, 1.0]
[61635, 1.0, 1.1]
[7499, 1.1, 1.2]
[4176, 1.2, 1.3]
[4176, 1.3, 1.4]
[4176, 1.4, 1.5]
[4176, 1.5, 2.0]
[4176, 2.0, 2.5]
[4176, 2.5, 3.0]
[4176, 3.0, 3.5]
[4253, 3.5, 4.0]
[4176, 4.0, 4.5]
[4212, 4.5, 5.0]
[4385, 5.0, 5.5]
[4176, 5.5, 6.0]
[4385, 6.0, 6.5]
[4588, 6.5, 7.0]
[5440, 7.0, 7.5]
[6802, 7.5, 8.0]
[9504, 8.0, 8.5]
[14662, 8.5, 9.0]
[22783, 9.0, 9.5]
[38141, 9.5, 10.0]
[67198, 10.0, 1.0]
[103754, 1.0, 1.0]
[36027, 1.0, 1.1]
[4176, 1.1, 1.2]
[4176, 1.2, 1.3]
[4176, 1.3, 1.4]
[4211, 1.4, 1.5]
[4176, 1.5, 2.0]
[4176, 2.0, 2.5]
[4176, 2.5, 3.0]
[4176, 3.0, 3.5]
[4275, 3.5, 4.0]
[4299, 4.0, 4.5]
[4300, 4.5, 5.0]
[4252, 5.0, 5.5]
[4320, 5.5, 6.0]
[4839, 6.0, 6.5]
[5931, 6.5, 7.0]
[7836, 7.0, 7.5]
[11490, 7.5, 8.0]
[17668, 8.0, 8.5]
[28377, 8.5, 9.0]
[48468, 9.0, 9.5]
[87472, 9.5, 1.0]
[90181, 1.0, 1.0]
[10368, 1.0, 1.1]
[4176, 1.1, 1.2]
[4176, 1.2, 1.3]
[4176, 1.3, 1.4]
[4176, 1.4, 1.5]
[4176, 1.5, 2.0]
[4176, 2.0, 2.5]
[4176, 2.5, 3.0]
[4176, 3.0, 3.5]
[4233, 3.5, 4.0]
[4176, 4.0, 4.5]
[4203, 4.5, 5.0]
[4219, 5.0, 5.5]
[4176, 5.5, 6.0]
[4206, 6.0, 6.5]
[4308, 6.5, 7.0]
[4176, 7.0, 7.5]
[4298, 7.5, 8.0]
[4484, 8.0, 8.5]
[4281, 8.5, 9.0]
[4776, 9.0, 9.5]
[5364, 9.5, 10.0]
