[107496, 100.0, 1.0]
[1754413, 1.0, 1.0]
[346877, 1.0, 1.1]
[62747, 1.1, 1.2]
[8756, 1.2, 1.3]
[4176, 1.3, 1.4]
[4176, 1.4, 1.5]
[4176, 1.5, 2.0]
[4176, 2.0, 2.5]
[4176, 2.5, 3.0]
[4260, 3.0, 3.5]
[4366, 3.5, 4.0]
[4255, 4.0, 4.5]
[4176, 4.5, 5.0]
[4344, 5.0, 5.5]
[4335, 5.5, 6.0]
[4854, 6.0, 6.5]
[6198, 6.5, 7.0]
[8187, 7.0, 7.5]
[11589, 7.5, 8.0]
[17935, 8.0, 8.5]
[28728, 8.5, 9.0]
[48987, 9.0, 9.5]
[88985, 9.5, 1.0]
[126960, 1.0, 1.0]
[19360, 1.0, 1.1]
[4260, 1.1, 1.2]
[4260, 1.2, 1.3]
[4260, 1.3, 1.4]
[4260, 1.4, 1.5]
[4260, 1.5, 2.0]
[4383, 2.0, 2.5]
[4260, 2.5, 3.0]
[4312, 3.0, 3.5]
[4428, 3.5, 4.0]
[4550, 4.0, 4.5]
[4441, 4.5, 5.0]
[4444, 5.0, 5.5]
[5257, 5.5, 6.0]
[6677, 6.0, 6.5]
[8882, 6.5, 7.0]
[12893, 7.0, 7.5]
[19871, 7.5, 8.0]
[32531, 8.0, 8.5]
[56106, 8.5, 1.0]
[101733, 1.0, 1.0]
[48034, 1.0, 1.1]
[7432, 1.1, 1.2]
[4260, 1.2, 1.3]
[4260, 1.3, 1.4]
[4344, 1.4, 1.5]
[4260, 1.5, 2.0]
[4344, 2.0, 2.5]
[4369, 2.5, 3.0]
[4286, 3.0, 3.5]
[4313, 3.5, 4.0]
[4504, 4.0, 4.5]
[4370, 4.5, 5.0]
[4241, 5.0, 5.5]
[4241, 5.5, 6.0]
[4592, 6.0, 6.5]
[5264, 6.5, 7.0]
[6917, 7.0, 7.5]
[9341, 7.5, 8.0]
[13655, 8.0, 8.5]
[21024, 8.5, 9.0]
[34710, 9.0, 9.5]
[61058, 9.5, 1.0]
[106901, 1.0, 1.0]
[42030, 1.0, 1.1]
[8195, 1.1, 1.2]
[4176, 1.2, 1.3]
[4176, 1.3, 1.4]
[4176, 1.4, 1.5]
[4176, 1.5, 2.0]
[4176, 2.0, 2.5]
[4176, 2.5, 3.0]
[4176, 3.0, 3.5]
[4176, 3.5, 4.0]
[4309, 4.0, 4.5]
[4185, 4.5, 5.0]
[4425, 5.0, 5.5]
[4860, 5.5, 6.0]
[5440, 6.0, 6.5]
[6364, 6.5, 7.0]
[8689, 7.0, 7.5]
[12649, 7.5, 8.0]
[19801, 8.0, 8.5]
[32348, 8.5, 9.0]
[55775, 9.0, 1.089]
[99203, 1.089, 1.0]
[69135, 1.0, 1.1]
[8232, 1.1, 1.2]
[4176, 1.2, 1.3]
[4176, 1.3, 1.4]
[4176, 1.4, 1.5]
[4176, 1.5, 2.0]
[4176, 2.0, 2.5]
[4235, 2.5, 3.0]
[4281, 3.0, 3.5]
[4176, 3.5, 4.0]
[4184, 4.0, 4.5]
[4176, 4.5, 5.0]
[4554, 5.0, 5.5]
[4361, 5.5, 6.0]
[4796, 6.0, 6.5]
[5636, 6.5, 7.0]
[7457, 7.0, 7.5]
[10775, 7.5, 8.0]
[15727, 8.0, 8.5]
[25018, 8.5, 9.0]
[42292, 9.0, 9.5]
[75668, 9.5, 1.0]
[110346, 1.0, 1.0]
[24428, 1.0, 1.1]
[4176, 1.1, 1.2]
[4176, 1.2, 1.3]
[4176, 1.3, 1.4]
[4176, 1.4, 1.5]
[4176, 1.5, 2.0]
[4176, 2.0, 2.5]
[4176, 2.5, 3.0]
[4266, 3.0, 3.5]
[4245, 3.5, 4.0]
[4235, 4.0, 4.5]
[4224, 4.5, 5.0]
[4458, 5.0, 5.5]
[4584, 5.5, 6.0]
[4599, 6.0, 6.5]
[5439, 6.5, 7.0]
[6504, 7.0, 7.5]
[9012, 7.5, 8.0]
[13410, 8.0, 8.5]
[20359, 8.5, 9.0]
[33610, 9.0, 9.5]
[58222, 9.5, 1.0]
[103960, 1.0, 1.0]
[55385, 1.0, 1.1]
[8016, 1.1, 1.2]
[4176, 1.2, 1.3]
[4176, 1.3, 1.4]
[4176, 1.4, 1.5]
[4176, 1.5, 2.0]
[4176, 2.0, 2.5]
[4176, 2.5, 3.0]
[4176, 3.0, 3.5]
[4176, 3.5, 4.0]
[4176, 4.0, 4.5]
[4339, 4.5, 5.0]
[4176, 5.0, 5.5]
[4388, 5.5, 6.0]
[4571, 6.0, 6.5]
[5159, 6.5, 7.0]
[6347, 7.0, 7.5]
[8855, 7.5, 8.0]
[12783, 8.0, 8.5]
[19900, 8.5, 9.0]
[33067, 9.0, 9.5]
[57511, 9.5, 1.0]
[103718, 1.0, 1.0]
[61695, 1.0, 1.1]
[7559, 1.1, 1.2]
[4225, 1.2, 1.3]
[4225, 1.3, 1.4]
[4225, 1.4, 1.5]
[4266, 1.5, 2.0]
[4309, 2.0, 2.5]
[4247, 2.5, 3.0]
[4230, 3.0, 3.5]
[4176, 3.5, 4.0]
[4308, 4.0, 4.5]
[4216, 4.5, 5.0]
[4216, 5.0, 5.5]
[4554, 5.5, 6.0]
[4905, 6.0, 6.5]
[5913, 6.5, 7.0]
[7650, 7.0, 7.5]
[10800, 7.5, 8.0]
[16172, 8.0, 8.5]
[26172, 8.5, 9.0]
[44385, 9.0, 9.5]
[79245, 9.5, 1.0]
[112299, 1.0, 1.0]
[25877, 1.0, 1.1]
[4176, 1.1, 1.2]
[4176, 1.2, 1.3]
[4224, 1.3, 1.4]
[4176, 1.4, 1.5]
[4176, 1.5, 2.0]
[4176, 2.0, 2.5]
[4176, 2.5, 3.0]
[4176, 3.0, 3.5]
[4226, 3.5, 4.0]
[4176, 4.0, 4.5]
[4380, 4.5, 5.0]
[4285, 5.0, 5.5]
[4678, 5.5, 6.0]
[5594, 6.0, 6.5]
[7190, 6.5, 7.0]
[10064, 7.0, 7.5]
[15254, 7.5, 8.0]
[23934, 8.0, 8.5]
[40325, 8.5, 9.0]
[71432, 9.0, 1.0]
[109414, 1.0, 1.0]
[32615, 1.0, 1.1]
[5715, 1.1, 1.2]
[4176, 1.2, 1.3]
[4176, 1.3, 1.4]
[4176, 1.4, 1.5]
[4176, 1.5, 2.0]
[4176, 2.0, 2.5]
[4176, 2.5, 3.0]
[4176, 3.0, 3.5]
[4216, 3.5, 4.0]
[4214, 4.0, 4.5]
[4260, 4.5, 5.0]
[4198, 5.0, 5.5]
[4176, 5.5, 6.0]
[4325, 6.0, 6.5]
[4661, 6.5, 7.0]
[5681, 7.0, 7.5]
[7463, 7.5, 8.0]
[10081, 8.0, 8.5]
[15323, 8.5, 9.0]
[24299, 9.0, 9.5]
[40399, 9.5, 10.0]
[71913, 10.0, 1.0]
[101053, 1.0, 1.0]
[30517, 1.0, 1.1]
[4176, 1.1, 1.2]
[4176, 1.2, 1.3]
[4176, 1.3, 1.4]
[4176, 1.4, 1.5]
[4176, 1.5, 2.0]
[4218, 2.0, 2.5]
[4386, 2.5, 3.0]
[4297, 3.0, 3.5]
[4176, 3.5, 4.0]
[4218, 4.0, 4.5]
[4368, 4.5, 5.0]
[4375, 5.0, 5.5]
[4663, 5.5, 6.0]
[4907, 6.0, 6.5]
[5915, 6.5, 7.0]
[8072, 7.0, 7.5]
[11054, 7.5, 8.0]
[16594, 8.0, 8.5]
[26510, 8.5, 9.0]
[44807, 9.0, 9.5]
[79667, 9.5, 1.0]
[114233, 1.0, 1.0]
[24955, 1.0, 1.1]
[4654, 1.1, 1.2]
[4176, 1.2, 1.3]
[4176, 1.3, 1.4]
[4176, 1.4, 1.5]
[4176, 1.5, 2.0]
[4176, 2.0, 2.5]
[4209, 2.5, 3.0]
[4176, 3.0, 3.5]
[4176, 3.5, 4.0]
[4181, 4.0, 4.5]
[4342, 4.5, 5.0]
[4218, 5.0, 5.5]
[4261, 5.5, 6.0]
[4544, 6.0, 6.5]
[5384, 6.5, 7.0]
[7037, 7.0, 7.5]
[9461, 7.5, 8.0]
[14027, 8.0, 8.5]
[22273, 8.5, 9.0]
[37066, 9.0, 9.5]
[65234, 9.5, 1.0]
[111672, 1.0, 1.0]
[45074, 1.0, 1.1]
[4472, 1.1, 1.2]
[4176, 1.2, 1.3]
[4176, 1.3, 1.4]
[4176, 1.4, 1.5]
[4176, 1.5, 2.0]
[4176, 2.0, 2.5]
[4176, 2.5, 3.0]
[4185, 3.0, 3.5]
[4176, 3.5, 4.0]
[4183, 4.0, 4.5]
[4176, 4.5, 5.0]
[4419, 5.0, 5.5]
[4267, 5.5, 6.0]
[4492, 6.0, 6.5]
[4828, 6.5, 7.0]
[5764, 7.0, 7.5]
[7630, 7.5, 8.0]
[10584, 8.0, 8.5]
[16115, 8.5, 9.0]
[25862, 9.0, 9.5]
[43530, 9.5, 10.0]
[77753, 10.0, 1.0]
[102497, 1.0, 1.0]
[20322, 1.0, 1.1]
[4176, 1.1, 1.2]
[4176, 1.2, 1.3]
[4176, 1.3, 1.4]
[4176, 1.4, 1.5]
[4176, 1.5, 2.0]
[4176, 2.0, 2.5]
[4176, 2.5, 3.0]
[4255, 3.0, 3.5]
[4331, 3.5, 4.0]
[4205, 4.0, 4.5]
[4176, 4.5, 5.0]
[4336, 5.0, 5.5]
[4535, 5.5, 6.0]
[5138, 6.0, 6.5]
[6482, 6.5, 7.0]
[8639, 7.0, 7.5]
[12767, 7.5, 8.0]
[19583, 8.0, 8.5]
[32130, 8.5, 9.0]
[55893, 9.0, 1.0]
[100665, 1.0, 1.0]
[71541, 1.0, 1.1]
[10638, 1.1, 1.2]
[4176, 1.2, 1.3]
[4176, 1.3, 1.4]
[4176, 1.4, 1.5]
[4176, 1.5, 2.0]
[4176, 2.0, 2.5]
[4214, 2.5, 3.0]
[4290, 3.0, 3.5]
[4176, 3.5, 4.0]
[4176, 4.0, 4.5]
[4302, 4.5, 5.0]
[4387, 5.0, 5.5]
[4193, 5.5, 6.0]
[4584, 6.0, 6.5]
[5004, 6.5, 7.0]
[6108, 7.0, 7.5]
[8616, 7.5, 8.0]
[12292, 8.0, 8.5]
[18616, 8.5, 9.0]
[30325, 9.0, 9.5]
[52459, 9.5, 1.618]
[94963, 1.618, 1.0]
[70963, 1.0, 1.1]
[10060, 1.1, 1.2]
[4176, 1.2, 1.3]
[4176, 1.3, 1.4]
[4176, 1.4, 1.5]
[4176, 1.5, 2.0]
[4176, 2.0, 2.5]
[4176, 2.5, 3.0]
[4176, 3.0, 3.5]
[4176, 3.5, 4.0]
[4176, 4.0, 4.5]
[4225, 4.5, 5.0]
[4291, 5.0, 5.5]
[4352, 5.5, 6.0]
[4535, 6.0, 6.5]
[5123, 6.5, 7.0]
[6227, 7.0, 7.5]
[8651, 7.5, 8.0]
[12663, 8.0, 8.5]
[19528, 8.5, 9.0]
[32008, 9.0, 9.5]
[56046, 9.5, 1.0]
[99950, 1.0, 1.0]
[63602, 1.0, 1.1]
[5434, 1.1, 1.2]
[4176, 1.2, 1.3]
[4216, 1.3, 1.4]
[4176, 1.4, 1.5]
[4176, 1.5, 2.0]
[4176, 2.0, 2.5]
[4176, 2.5, 3.0]
[4176, 3.0, 3.5]
[4176, 3.5, 4.0]
[4176, 4.0, 4.5]
[4238, 4.5, 5.0]
[4249, 5.0, 5.5]
[4230, 5.5, 6.0]
[4176, 6.0, 6.5]
[4286, 6.5, 7.0]
[4228, 7.0, 7.5]
[4277, 7.5, 8.0]
[4191, 8.0, 8.5]
[4442, 8.5, 9.0]
[4267, 9.0, 9.5]
[4333, 9.5, 10.0]
[4288, 10.0, 10.5]
[4936, 10.5, 11.0]
[5692, 11.0, 11.5]
[6780, 11.5, 12.0]
[6832, 12.0, 12.5]
[6774, 12.5, 13.0]
[7161, 13.0, 13.5]
[107496, 100.0, 1.0]
[1754413, 1.0, 1.0]
[346877, 1.0, 1.1]
[62747, 1.1, 1.2]
[8756, 1.2, 1.3]
[4176, 1.3, 1.4]
[4176, 1.4, 1.5]
[4176, 1.5, 2.0]
[4176, 2.0, 2.5]
[4176, 2.5, 3.0]
[4260, 3.0, 3.5]
[4366, 3.5, 4.0]
[4255, 4.0, 4.5]
[4176, 4.5, 5.0]
[4344, 5.0, 5.5]
[4335, 5.5, 6.0]
[4854, 6.0, 6.5]
[6198, 6.5, 7.0]
[8187, 7.0, 7.5]
[11589, 7.5, 8.0]
[17935, 8.0, 8.5]
[28728, 8.5, 9.0]
[48987, 9.0, 9.5]
[88985, 9.5, 1.0]
[126960, 1.0, 1.0]
[19360, 1.0, 1.1]
[4260, 1.1, 1.2]
[4260, 1.2, 1.3]
[4260, 1.3, 1.4]
[4260, 1.4, 1.5]
[4260, 1.5, 2.0]
[4383, 2.0, 2.5]
[4260, 2.5, 3.0]
[4312, 3.0, 3.5]
[4428, 3.5, 4.0]
[4550, 4.0, 4.5]
[4441, 4.5, 5.0]
[4444, 5.0, 5.5]
[5257, 5.5, 6.0]
[6677, 6.0, 6.5]
[8882, 6.5, 7.0]
[12893, 7.0, 7.5]
[19871, 7.5, 8.0]
[32531, 8.0, 8.5]
[56106, 8.5, 1.0]
[101733, 1.0, 1.0]
[48034, 1.0, 1.1]
[7432, 1.1, 1.2]
[4260, 1.2, 1.3]
[4260, 1.3, 1.4]
[4344, 1.4, 1.5]
[4260, 1.5, 2.0]
[4344, 2.0, 2.5]
[4369, 2.5, 3.0]
[4286, 3.0, 3.5]
[4313, 3.5, 4.0]
[4504, 4.0, 4.5]
[4370, 4.5, 5.0]
[4241, 5.0, 5.5]
[4241, 5.5, 6.0]
[4592, 6.0, 6.5]
[5264, 6.5, 7.0]
[6917, 7.0, 7.5]
[9341, 7.5, 8.0]
[13655, 8.0, 8.5]
[21024, 8.5, 9.0]
[34710, 9.0, 9.5]
[61058, 9.5, 1.0]
[106901, 1.0, 1.0]
[42030, 1.0, 1.1]
[8195, 1.1, 1.2]
[4176, 1.2, 1.3]
[4176, 1.3, 1.4]
[4176, 1.4, 1.5]
[4176, 1.5, 2.0]
[4176, 2.0, 2.5]
[4176, 2.5, 3.0]
[4176, 3.0, 3.5]
[4176, 3.5, 4.0]
[4309, 4.0, 4.5]
[4185, 4.5, 5.0]
[4425, 5.0, 5.5]
[4860, 5.5, 6.0]
[5440, 6.0, 6.5]
[6364, 6.5, 7.0]
[8689, 7.0, 7.5]
[12649, 7.5, 8.0]
[19801, 8.0, 8.5]
[32348, 8.5, 9.0]
[55775, 9.0, 1.089]
[99203, 1.089, 1.0]
[69135, 1.0, 1.1]
[8232, 1.1, 1.2]
[4176, 1.2, 1.3]
[4176, 1.3, 1.4]
[4176, 1.4, 1.5]
[4176, 1.5, 2.0]
[4176, 2.0, 2.5]
[4235, 2.5, 3.0]
[4281, 3.0, 3.5]
[4176, 3.5, 4.0]
[4184, 4.0, 4.5]
[4176, 4.5, 5.0]
[4554, 5.0, 5.5]
[4361, 5.5, 6.0]
[4796, 6.0, 6.5]
[5636, 6.5, 7.0]
[7457, 7.0, 7.5]
[10775, 7.5, 8.0]
[15727, 8.0, 8.5]
[25018, 8.5, 9.0]
[42292, 9.0, 9.5]
[75668, 9.5, 1.0]
[110346, 1.0, 1.0]
[24428, 1.0, 1.1]
[4176, 1.1, 1.2]
[4176, 1.2, 1.3]
[4176, 1.3, 1.4]
[4176, 1.4, 1.5]
[4176, 1.5, 2.0]
[4176, 2.0, 2.5]
[4176, 2.5, 3.0]
[4266, 3.0, 3.5]
[4245, 3.5, 4.0]
[4235, 4.0, 4.5]
[4224, 4.5, 5.0]
[4458, 5.0, 5.5]
[4584, 5.5, 6.0]
[4599, 6.0, 6.5]
[5439, 6.5, 7.0]
[6504, 7.0, 7.5]
[9012, 7.5, 8.0]
[13410, 8.0, 8.5]
[20359, 8.5, 9.0]
[33610, 9.0, 9.5]
[58222, 9.5, 1.0]
[103960, 1.0, 1.0]
[55385, 1.0, 1.1]
[8016, 1.1, 1.2]
[4176, 1.2, 1.3]
[4176, 1.3, 1.4]
[4176, 1.4, 1.5]
[4176, 1.5, 2.0]
[4176, 2.0, 2.5]
[4176, 2.5, 3.0]
[4176, 3.0, 3.5]
[4176, 3.5, 4.0]
[4176, 4.0, 4.5]
[4339, 4.5, 5.0]
[4176, 5.0, 5.5]
[4388, 5.5, 6.0]
[4571, 6.0, 6.5]
[5159, 6.5, 7.0]
[6347, 7.0, 7.5]
[8855, 7.5, 8.0]
[12783, 8.0, 8.5]
[19900, 8.5, 9.0]
[33067, 9.0, 9.5]
[57511, 9.5, 1.0]
[103718, 1.0, 1.0]
[61695, 1.0, 1.1]
[7559, 1.1, 1.2]
[4225, 1.2, 1.3]
[4225, 1.3, 1.4]
[4225, 1.4, 1.5]
[4266, 1.5, 2.0]
[4309, 2.0, 2.5]
[4247, 2.5, 3.0]
[4230, 3.0, 3.5]
[4176, 3.5, 4.0]
[4308, 4.0, 4.5]
[4216, 4.5, 5.0]
[4216, 5.0, 5.5]
[4554, 5.5, 6.0]
[4905, 6.0, 6.5]
[5913, 6.5, 7.0]
[7650, 7.0, 7.5]
[10800, 7.5, 8.0]
[16172, 8.0, 8.5]
[26172, 8.5, 9.0]
[44385, 9.0, 9.5]
[79245, 9.5, 1.0]
[112299, 1.0, 1.0]
[25877, 1.0, 1.1]
[4176, 1.1, 1.2]
[4176, 1.2, 1.3]
[4224, 1.3, 1.4]
[4176, 1.4, 1.5]
[4176, 1.5, 2.0]
[4176, 2.0, 2.5]
[4176, 2.5, 3.0]
[4176, 3.0, 3.5]
[4226, 3.5, 4.0]
[4176, 4.0, 4.5]
[4380, 4.5, 5.0]
[4285, 5.0, 5.5]
[4678, 5.5, 6.0]
[5594, 6.0, 6.5]
[7190, 6.5, 7.0]
[10064, 7.0, 7.5]
[15254, 7.5, 8.0]
[23934, 8.0, 8.5]
[40325, 8.5, 9.0]
[71432, 9.0, 1.0]
[109414, 1.0, 1.0]
[32615, 1.0, 1.1]
[5715, 1.1, 1.2]
[4176, 1.2, 1.3]
[4176, 1.3, 1.4]
[4176, 1.4, 1.5]
[4176, 1.5, 2.0]
[4176, 2.0, 2.5]
[4176, 2.5, 3.0]
[4176, 3.0, 3.5]
[4216, 3.5, 4.0]
[4214, 4.0, 4.5]
[4260, 4.5, 5.0]
[4198, 5.0, 5.5]
[4176, 5.5, 6.0]
[4325, 6.0, 6.5]
[4661, 6.5, 7.0]
[5681, 7.0, 7.5]
[7463, 7.5, 8.0]
[10081, 8.0, 8.5]
[15323, 8.5, 9.0]
[24299, 9.0, 9.5]
[40399, 9.5, 10.0]
[71913, 10.0, 1.0]
[101053, 1.0, 1.0]
[30517, 1.0, 1.1]
[4176, 1.1, 1.2]
[4176, 1.2, 1.3]
[4176, 1.3, 1.4]
[4176, 1.4, 1.5]
[4176, 1.5, 2.0]
[4218, 2.0, 2.5]
[4386, 2.5, 3.0]
[4297, 3.0, 3.5]
[4176, 3.5, 4.0]
[4218, 4.0, 4.5]
[4368, 4.5, 5.0]
[4375, 5.0, 5.5]
[4663, 5.5, 6.0]
[4907, 6.0, 6.5]
[5915, 6.5, 7.0]
[8072, 7.0, 7.5]
[11054, 7.5, 8.0]
[16594, 8.0, 8.5]
[26510, 8.5, 9.0]
[44807, 9.0, 9.5]
[79667, 9.5, 1.0]
[114233, 1.0, 1.0]
[24955, 1.0, 1.1]
[4654, 1.1, 1.2]
[4176, 1.2, 1.3]
[4176, 1.3, 1.4]
[4176, 1.4, 1.5]
[4176, 1.5, 2.0]
[4176, 2.0, 2.5]
[4209, 2.5, 3.0]
[4176, 3.0, 3.5]
[4176, 3.5, 4.0]
[4181, 4.0, 4.5]
[4342, 4.5, 5.0]
[4218, 5.0, 5.5]
[4261, 5.5, 6.0]
[4544, 6.0, 6.5]
[5384, 6.5, 7.0]
[7037, 7.0, 7.5]
[9461, 7.5, 8.0]
[14027, 8.0, 8.5]
[22273, 8.5, 9.0]
[37066, 9.0, 9.5]
[65234, 9.5, 1.0]
[111672, 1.0, 1.0]
[45074, 1.0, 1.1]
[4472, 1.1, 1.2]
[4176, 1.2, 1.3]
[4176, 1.3, 1.4]
[4176, 1.4, 1.5]
[4176, 1.5, 2.0]
[4176, 2.0, 2.5]
[4176, 2.5, 3.0]
[4185, 3.0, 3.5]
[4176, 3.5, 4.0]
[4183, 4.0, 4.5]
[4176, 4.5, 5.0]
[4419, 5.0, 5.5]
[4267, 5.5, 6.0]
[4492, 6.0, 6.5]
[4828, 6.5, 7.0]
[5764, 7.0, 7.5]
[7630, 7.5, 8.0]
[10584, 8.0, 8.5]
[16115, 8.5, 9.0]
[25862, 9.0, 9.5]
[43530, 9.5, 10.0]
[77753, 10.0, 1.0]
[102497, 1.0, 1.0]
[20322, 1.0, 1.1]
[4176, 1.1, 1.2]
[4176, 1.2, 1.3]
[4176, 1.3, 1.4]
[4176, 1.4, 1.5]
[4176, 1.5, 2.0]
[4176, 2.0, 2.5]
[4176, 2.5, 3.0]
[4255, 3.0, 3.5]
[4331, 3.5, 4.0]
[4205, 4.0, 4.5]
[4176, 4.5, 5.0]
[4336, 5.0, 5.5]
[4535, 5.5, 6.0]
[5138, 6.0, 6.5]
[6482, 6.5, 7.0]
[8639, 7.0, 7.5]
[12767, 7.5, 8.0]
[19583, 8.0, 8.5]
[32130, 8.5, 9.0]
[55893, 9.0, 1.0]
[100665, 1.0, 1.0]
[71541, 1.0, 1.1]
[10638, 1.1, 1.2]
[4176, 1.2, 1.3]
[4176, 1.3, 1.4]
[4176, 1.4, 1.5]
[4176, 1.5, 2.0]
[4176, 2.0, 2.5]
[4214, 2.5, 3.0]
[4290, 3.0, 3.5]
[4176, 3.5, 4.0]
[4176, 4.0, 4.5]
[4302, 4.5, 5.0]
[4387, 5.0, 5.5]
[4193, 5.5, 6.0]
[4584, 6.0, 6.5]
[5004, 6.5, 7.0]
[6108, 7.0, 7.5]
[8616, 7.5, 8.0]
[12292, 8.0, 8.5]
[18616, 8.5, 9.0]
[30325, 9.0, 9.5]
[52459, 9.5, 1.618]
[94963, 1.618, 1.0]
[70963, 1.0, 1.1]
[10060, 1.1, 1.2]
[4176, 1.2, 1.3]
[4176, 1.3, 1.4]
[4176, 1.4, 1.5]
[4176, 1.5, 2.0]
[4176, 2.0, 2.5]
[4176, 2.5, 3.0]
[4176, 3.0, 3.5]
[4176, 3.5, 4.0]
[4176, 4.0, 4.5]
[4225, 4.5, 5.0]
[4291, 5.0, 5.5]
[4352, 5.5, 6.0]
[4535, 6.0, 6.5]
[5123, 6.5, 7.0]
[6227, 7.0, 7.5]
[8651, 7.5, 8.0]
[12663, 8.0, 8.5]
[19528, 8.5, 9.0]
[32008, 9.0, 9.5]
[56046, 9.5, 1.0]
[99950, 1.0, 1.0]
[63602, 1.0, 1.1]
[5434, 1.1, 1.2]
[4176, 1.2, 1.3]
[4216, 1.3, 1.4]
[4176, 1.4, 1.5]
[4176, 1.5, 2.0]
[4176, 2.0, 2.5]
[4176, 2.5, 3.0]
[4176, 3.0, 3.5]
[4176, 3.5, 4.0]
[4176, 4.0, 4.5]
[4238, 4.5, 5.0]
[4249, 5.0, 5.5]
[4230, 5.5, 6.0]
[4176, 6.0, 6.5]
[4286, 6.5, 7.0]
[4228, 7.0, 7.5]
[4277, 7.5, 8.0]
[4191, 8.0, 8.5]
[4442, 8.5, 9.0]
[4267, 9.0, 9.5]
[4333, 9.5, 10.0]
[4288, 10.0, 10.5]
[4936, 10.5, 11.0]
[5692, 11.0, 11.5]
[6780, 11.5, 12.0]
[6832, 12.0, 12.5]
[6774, 12.5, 13.0]
[7161, 13.0, 13.5]
