[109176, 100.0, 1.0]
[1754413, 1.0, 1.0]
[346877, 1.0, 1.1]
[62747, 1.1, 1.2]
[8756, 1.2, 1.3]
[4176, 1.3, 1.4]
[4176, 1.4, 1.5]
[4176, 1.5, 2.0]
[4176, 2.0, 2.5]
[4176, 2.5, 3.0]
[4344, 3.0, 3.5]
[4366, 3.5, 4.0]
[4255, 4.0, 4.5]
[4176, 4.5, 5.0]
[4344, 5.0, 5.5]
[4335, 5.5, 6.0]
[4938, 6.0, 6.5]
[6282, 6.5, 7.0]
[8271, 7.0, 7.5]
[11673, 7.5, 8.0]
[17935, 8.0, 8.5]
[28728, 8.5, 9.0]
[49071, 9.0, 9.5]
[89069, 9.5, 1.0]
[126960, 1.0, 1.0]
[19360, 1.0, 1.1]
[4260, 1.1, 1.2]
[4260, 1.2, 1.3]
[4260, 1.3, 1.4]
[4344, 1.4, 1.5]
[4260, 1.5, 2.0]
[4383, 2.0, 2.5]
[4344, 2.5, 3.0]
[4396, 3.0, 3.5]
[4512, 3.5, 4.0]
[4550, 4.0, 4.5]
[4441, 4.5, 5.0]
[4444, 5.0, 5.5]
[5341, 5.5, 6.0]
[6677, 6.0, 6.5]
[9218, 6.5, 7.0]
[13358, 7.0, 7.5]
[21146, 7.5, 8.0]
[34780, 8.0, 8.5]
[60361, 8.5, 1.0]
[103444, 1.0, 1.0]
[40253, 1.0, 1.1]
[6418, 1.1, 1.2]
[4176, 1.2, 1.3]
[4176, 1.3, 1.4]
[4176, 1.4, 1.5]
[4176, 1.5, 2.0]
[4176, 2.0, 2.5]
[4176, 2.5, 3.0]
[4176, 3.0, 3.5]
[4238, 3.5, 4.0]
[4236, 4.0, 4.5]
[4238, 4.5, 5.0]
[4234, 5.0, 5.5]
[4433, 5.5, 6.0]
[4525, 6.0, 6.5]
[4945, 6.5, 7.0]
[5881, 7.0, 7.5]
[7495, 7.5, 8.0]
[10365, 8.0, 8.5]
[15103, 8.5, 9.0]
[24079, 9.0, 9.5]
[40263, 9.5, 10.0]
[71273, 10.0, 1.0]
[102433, 1.0, 1.0]
[23198, 1.0, 1.1]
[4176, 1.1, 1.2]
[4176, 1.2, 1.3]
[4176, 1.3, 1.4]
[4176, 1.4, 1.5]
[4176, 1.5, 2.0]
[4176, 2.0, 2.5]
[4176, 2.5, 3.0]
[4176, 3.0, 3.5]
[4276, 3.5, 4.0]
[4176, 4.0, 4.5]
[4176, 4.5, 5.0]
[4205, 5.0, 5.5]
[4312, 5.5, 6.0]
[4495, 6.0, 6.5]
[5335, 6.5, 7.0]
[6988, 7.0, 7.5]
[9412, 7.5, 8.0]
[14230, 8.0, 8.5]
[21972, 8.5, 9.0]
[36765, 9.0, 9.5]
[65017, 9.5, 1.0]
[104903, 1.0, 1.0]
[45072, 1.0, 1.1]
[4554, 1.1, 1.2]
[4176, 1.2, 1.3]
[4176, 1.3, 1.4]
[4176, 1.4, 1.5]
[4225, 1.5, 2.0]
[4176, 2.0, 2.5]
[4176, 2.5, 3.0]
[4253, 3.0, 3.5]
[4245, 3.5, 4.0]
[4278, 4.0, 4.5]
[4176, 4.5, 5.0]
[4176, 5.0, 5.5]
[4487, 5.5, 6.0]
[4670, 6.0, 6.5]
[5426, 6.5, 7.0]
[7331, 7.0, 7.5]
[10313, 7.5, 8.0]
[15349, 8.0, 8.5]
[24472, 8.5, 9.0]
[40891, 9.0, 9.5]
[72363, 9.5, 1.0]
[112697, 1.0, 1.0]
[30391, 1.0, 1.1]
[4176, 1.1, 1.2]
[4251, 1.2, 1.3]
[4176, 1.3, 1.4]
[4176, 1.4, 1.5]
[4176, 1.5, 2.0]
[4237, 2.0, 2.5]
[4176, 2.5, 3.0]
[4176, 3.0, 3.5]
[4176, 3.5, 4.0]
[4290, 4.0, 4.5]
[4222, 4.5, 5.0]
[4540, 5.0, 5.5]
[4513, 5.5, 6.0]
[5284, 6.0, 6.5]
[6208, 6.5, 7.0]
[8281, 7.0, 7.5]
[11431, 7.5, 8.0]
[17609, 8.0, 8.5]
[28570, 8.5, 9.0]
[48325, 9.0, 9.5]
[86993, 9.5, 1.0]
[91599, 1.0, 1.0]
[17414, 1.0, 1.1]
[4176, 1.1, 1.2]
[4176, 1.2, 1.3]
[4240, 1.3, 1.4]
[4214, 1.4, 1.5]
[4176, 1.5, 2.0]
[4261, 2.0, 2.5]
[4176, 2.5, 3.0]
[4218, 3.0, 3.5]
[4176, 3.5, 4.0]
[4482, 4.0, 4.5]
[4436, 4.5, 5.0]
[4853, 5.0, 5.5]
[5834, 5.5, 6.0]
[7506, 6.0, 6.5]
[10824, 6.5, 7.0]
[16017, 7.0, 7.5]
[26181, 7.5, 8.0]
[44349, 8.0, 8.5]
[79960, 8.5, 1.0]
[103939, 1.0, 1.0]
[21008, 1.0, 1.1]
[4176, 1.1, 1.2]
[4233, 1.2, 1.3]
[4176, 1.3, 1.4]
[4176, 1.4, 1.5]
[4176, 1.5, 2.0]
[4245, 2.0, 2.5]
[4286, 2.5, 3.0]
[4205, 3.0, 3.5]
[4368, 3.5, 4.0]
[4250, 4.0, 4.5]
[4255, 4.5, 5.0]
[4953, 5.0, 5.5]
[5346, 5.5, 6.0]
[6934, 6.0, 6.5]
[9307, 6.5, 7.0]
[13867, 7.0, 7.5]
[21823, 7.5, 8.0]
[36431, 8.0, 8.5]
[63850, 8.5, 1.0]
[109429, 1.0, 1.0]
[60434, 1.0, 1.1]
[6298, 1.1, 1.2]
[4187, 1.2, 1.3]
[4187, 1.3, 1.4]
[4187, 1.4, 1.5]
[4187, 1.5, 2.0]
[4271, 2.0, 2.5]
[4211, 2.5, 3.0]
[4176, 3.0, 3.5]
[4247, 3.5, 4.0]
[4210, 4.0, 4.5]
[4212, 4.5, 5.0]
[4367, 5.0, 5.5]
[4332, 5.5, 6.0]
[4683, 6.0, 6.5]
[5439, 6.5, 7.0]
[7008, 7.0, 7.5]
[9684, 7.5, 8.0]
[14250, 8.0, 8.5]
[22496, 8.5, 9.0]
[37541, 9.0, 9.5]
[66451, 9.5, 1.0]
[108808, 1.0, 1.0]
[42257, 1.0, 1.1]
[4176, 1.1, 1.2]
[4176, 1.2, 1.3]
[4176, 1.3, 1.4]
[4176, 1.4, 1.5]
[4176, 1.5, 2.0]
[4176, 2.0, 2.5]
[4176, 2.5, 3.0]
[4176, 3.0, 3.5]
[4308, 3.5, 4.0]
[4338, 4.0, 4.5]
[4176, 4.5, 5.0]
[4382, 5.0, 5.5]
[4439, 5.5, 6.0]
[4874, 6.0, 6.5]
[6302, 6.5, 7.0]
[8207, 7.0, 7.5]
[11609, 7.5, 8.0]
[17703, 8.0, 8.5]
[28496, 8.5, 9.0]
[48587, 9.0, 9.5]
[87591, 9.5, 1.0]
[83412, 1.0, 1.0]
[16414, 1.0, 1.1]
[4176, 1.1, 1.2]
[4176, 1.2, 1.3]
[4176, 1.3, 1.4]
[4176, 1.4, 1.5]
[4176, 1.5, 2.0]
[4176, 2.0, 2.5]
[4176, 2.5, 3.0]
[4176, 3.0, 3.5]
[4176, 3.5, 4.0]
[4240, 4.0, 4.5]
[4189, 4.5, 5.0]
[4614, 5.0, 5.5]
[4587, 5.5, 6.0]
[5106, 6.0, 6.5]
[6450, 6.5, 7.0]
[8439, 7.0, 7.5]
[11673, 7.5, 8.0]
[17851, 8.0, 8.5]
[28560, 8.5, 9.0]
[48987, 9.0, 9.5]
[88649, 9.5, 1.0]
[103657, 1.0, 1.0]
[16190, 1.0, 1.1]
[4176, 1.1, 1.2]
[4176, 1.2, 1.3]
[4176, 1.3, 1.4]
[4176, 1.4, 1.5]
[4176, 1.5, 2.0]
[4176, 2.0, 2.5]
[4176, 2.5, 3.0]
[4176, 3.0, 3.5]
[4251, 3.5, 4.0]
[4176, 4.0, 4.5]
[4265, 4.5, 5.0]
[4318, 5.0, 5.5]
[4295, 5.5, 6.0]
[4646, 6.0, 6.5]
[5990, 6.5, 7.0]
[7727, 7.0, 7.5]
[10961, 7.5, 8.0]
[16333, 8.0, 8.5]
[26333, 8.5, 9.0]
[44630, 9.0, 9.5]
[79742, 9.5, 1.0]
[108764, 1.0, 1.0]
[25833, 1.0, 1.1]
[4176, 1.1, 1.2]
[4176, 1.2, 1.3]
[4221, 1.3, 1.4]
[4176, 1.4, 1.5]
[4244, 1.5, 2.0]
[4237, 2.0, 2.5]
[4275, 2.5, 3.0]
[4208, 3.0, 3.5]
[4201, 3.5, 4.0]
[4443, 4.0, 4.5]
[4442, 4.5, 5.0]
[4727, 5.0, 5.5]
[5624, 5.5, 6.0]
[6960, 6.0, 6.5]
[9417, 6.5, 7.0]
[14145, 7.0, 7.5]
[22017, 7.5, 8.0]
[36373, 8.0, 8.5]
[64044, 8.5, 1.0]
[107019, 1.0, 1.0]
[44752, 1.0, 1.1]
[4256, 1.1, 1.2]
[4256, 1.2, 1.3]
[4256, 1.3, 1.4]
[4256, 1.4, 1.5]
[4256, 1.5, 2.0]
[4256, 2.0, 2.5]
[4176, 2.5, 3.0]
[4176, 3.0, 3.5]
[4288, 3.5, 4.0]
[4255, 4.0, 4.5]
[4280, 4.5, 5.0]
[4457, 5.0, 5.5]
[4598, 5.5, 6.0]
[5537, 6.0, 6.5]
[6545, 6.5, 7.0]
[9335, 7.0, 7.5]
[13715, 7.5, 8.0]
[21673, 8.0, 8.5]
[35974, 8.5, 9.0]
[62989, 9.0, 1.0]
[106977, 1.0, 1.0]
[51178, 1.0, 1.1]
[4176, 1.1, 1.2]
[4176, 1.2, 1.3]
[4176, 1.3, 1.4]
[4176, 1.4, 1.5]
[4176, 1.5, 2.0]
[4176, 2.0, 2.5]
[4176, 2.5, 3.0]
[4176, 3.0, 3.5]
[4265, 3.5, 4.0]
[4576, 4.0, 4.5]
[4244, 4.5, 5.0]
[4282, 5.0, 5.5]
[4400, 5.5, 6.0]
[4751, 6.0, 6.5]
[5843, 6.5, 7.0]
[7664, 7.0, 7.5]
[10730, 7.5, 8.0]
[16186, 8.0, 8.5]
[25934, 8.5, 9.0]
[44315, 9.0, 9.5]
[79595, 9.5, 1.0]
[98705, 1.0, 1.0]
[20777, 1.0, 1.1]
[4176, 1.1, 1.2]
[4176, 1.2, 1.3]
[4176, 1.3, 1.4]
[4176, 1.4, 1.5]
[4197, 1.5, 2.0]
[4176, 2.0, 2.5]
[4237, 2.5, 3.0]
[4196, 3.0, 3.5]
[4366, 3.5, 4.0]
[4198, 4.0, 4.5]
[4359, 4.5, 5.0]
[4311, 5.0, 5.5]
[4547, 5.5, 6.0]
[4898, 6.0, 6.5]
[6326, 6.5, 7.0]
[8147, 7.0, 7.5]
[11633, 7.5, 8.0]
[17559, 8.0, 8.5]
[28520, 8.5, 9.0]
[48863, 9.0, 9.5]
[88525, 9.5, 1.0]
[109176, 100.0, 1.0]
[1754413, 1.0, 1.0]
[346877, 1.0, 1.1]
[62747, 1.1, 1.2]
[8756, 1.2, 1.3]
[4176, 1.3, 1.4]
[4176, 1.4, 1.5]
[4176, 1.5, 2.0]
[4176, 2.0, 2.5]
[4176, 2.5, 3.0]
[4344, 3.0, 3.5]
[4366, 3.5, 4.0]
[4255, 4.0, 4.5]
[4176, 4.5, 5.0]
[4344, 5.0, 5.5]
[4335, 5.5, 6.0]
[4938, 6.0, 6.5]
[6282, 6.5, 7.0]
[8271, 7.0, 7.5]
[11673, 7.5, 8.0]
[17935, 8.0, 8.5]
[28728, 8.5, 9.0]
[49071, 9.0, 9.5]
[89069, 9.5, 1.0]
[126960, 1.0, 1.0]
[19360, 1.0, 1.1]
[4260, 1.1, 1.2]
[4260, 1.2, 1.3]
[4260, 1.3, 1.4]
[4344, 1.4, 1.5]
[4260, 1.5, 2.0]
[4383, 2.0, 2.5]
[4344, 2.5, 3.0]
[4396, 3.0, 3.5]
[4512, 3.5, 4.0]
[4550, 4.0, 4.5]
[4441, 4.5, 5.0]
[4444, 5.0, 5.5]
[5341, 5.5, 6.0]
[6677, 6.0, 6.5]
[9218, 6.5, 7.0]
[13358, 7.0, 7.5]
[21146, 7.5, 8.0]
[34780, 8.0, 8.5]
[60361, 8.5, 1.0]
[103444, 1.0, 1.0]
[40253, 1.0, 1.1]
[6418, 1.1, 1.2]
[4176, 1.2, 1.3]
[4176, 1.3, 1.4]
[4176, 1.4, 1.5]
[4176, 1.5, 2.0]
[4176, 2.0, 2.5]
[4176, 2.5, 3.0]
[4176, 3.0, 3.5]
[4238, 3.5, 4.0]
[4236, 4.0, 4.5]
[4238, 4.5, 5.0]
[4234, 5.0, 5.5]
[4433, 5.5, 6.0]
[4525, 6.0, 6.5]
[4945, 6.5, 7.0]
[5881, 7.0, 7.5]
[7495, 7.5, 8.0]
[10365, 8.0, 8.5]
[15103, 8.5, 9.0]
[24079, 9.0, 9.5]
[40263, 9.5, 10.0]
[71273, 10.0, 1.0]
[102433, 1.0, 1.0]
[23198, 1.0, 1.1]
[4176, 1.1, 1.2]
[4176, 1.2, 1.3]
[4176, 1.3, 1.4]
[4176, 1.4, 1.5]
[4176, 1.5, 2.0]
[4176, 2.0, 2.5]
[4176, 2.5, 3.0]
[4176, 3.0, 3.5]
[4276, 3.5, 4.0]
[4176, 4.0, 4.5]
[4176, 4.5, 5.0]
[4205, 5.0, 5.5]
[4312, 5.5, 6.0]
[4495, 6.0, 6.5]
[5335, 6.5, 7.0]
[6988, 7.0, 7.5]
[9412, 7.5, 8.0]
[14230, 8.0, 8.5]
[21972, 8.5, 9.0]
[36765, 9.0, 9.5]
[65017, 9.5, 1.0]
[104903, 1.0, 1.0]
[45072, 1.0, 1.1]
[4554, 1.1, 1.2]
[4176, 1.2, 1.3]
[4176, 1.3, 1.4]
[4176, 1.4, 1.5]
[4225, 1.5, 2.0]
[4176, 2.0, 2.5]
[4176, 2.5, 3.0]
[4253, 3.0, 3.5]
[4245, 3.5, 4.0]
[4278, 4.0, 4.5]
[4176, 4.5, 5.0]
[4176, 5.0, 5.5]
[4487, 5.5, 6.0]
[4670, 6.0, 6.5]
[5426, 6.5, 7.0]
[7331, 7.0, 7.5]
[10313, 7.5, 8.0]
[15349, 8.0, 8.5]
[24472, 8.5, 9.0]
[40891, 9.0, 9.5]
[72363, 9.5, 1.0]
[112697, 1.0, 1.0]
[30391, 1.0, 1.1]
[4176, 1.1, 1.2]
[4251, 1.2, 1.3]
[4176, 1.3, 1.4]
[4176, 1.4, 1.5]
[4176, 1.5, 2.0]
[4237, 2.0, 2.5]
[4176, 2.5, 3.0]
[4176, 3.0, 3.5]
[4176, 3.5, 4.0]
[4290, 4.0, 4.5]
[4222, 4.5, 5.0]
[4540, 5.0, 5.5]
[4513, 5.5, 6.0]
[5284, 6.0, 6.5]
[6208, 6.5, 7.0]
[8281, 7.0, 7.5]
[11431, 7.5, 8.0]
[17609, 8.0, 8.5]
[28570, 8.5, 9.0]
[48325, 9.0, 9.5]
[86993, 9.5, 1.0]
[91599, 1.0, 1.0]
[17414, 1.0, 1.1]
[4176, 1.1, 1.2]
[4176, 1.2, 1.3]
[4240, 1.3, 1.4]
[4214, 1.4, 1.5]
[4176, 1.5, 2.0]
[4261, 2.0, 2.5]
[4176, 2.5, 3.0]
[4218, 3.0, 3.5]
[4176, 3.5, 4.0]
[4482, 4.0, 4.5]
[4436, 4.5, 5.0]
[4853, 5.0, 5.5]
[5834, 5.5, 6.0]
[7506, 6.0, 6.5]
[10824, 6.5, 7.0]
[16017, 7.0, 7.5]
[26181, 7.5, 8.0]
[44349, 8.0, 8.5]
[79960, 8.5, 1.0]
[103939, 1.0, 1.0]
[21008, 1.0, 1.1]
[4176, 1.1, 1.2]
[4233, 1.2, 1.3]
[4176, 1.3, 1.4]
[4176, 1.4, 1.5]
[4176, 1.5, 2.0]
[4245, 2.0, 2.5]
[4286, 2.5, 3.0]
[4205, 3.0, 3.5]
[4368, 3.5, 4.0]
[4250, 4.0, 4.5]
[4255, 4.5, 5.0]
[4953, 5.0, 5.5]
[5346, 5.5, 6.0]
[6934, 6.0, 6.5]
[9307, 6.5, 7.0]
[13867, 7.0, 7.5]
[21823, 7.5, 8.0]
[36431, 8.0, 8.5]
[63850, 8.5, 1.0]
[109429, 1.0, 1.0]
[60434, 1.0, 1.1]
[6298, 1.1, 1.2]
[4187, 1.2, 1.3]
[4187, 1.3, 1.4]
[4187, 1.4, 1.5]
[4187, 1.5, 2.0]
[4271, 2.0, 2.5]
[4211, 2.5, 3.0]
[4176, 3.0, 3.5]
[4247, 3.5, 4.0]
[4210, 4.0, 4.5]
[4212, 4.5, 5.0]
[4367, 5.0, 5.5]
[4332, 5.5, 6.0]
[4683, 6.0, 6.5]
[5439, 6.5, 7.0]
[7008, 7.0, 7.5]
[9684, 7.5, 8.0]
[14250, 8.0, 8.5]
[22496, 8.5, 9.0]
[37541, 9.0, 9.5]
[66451, 9.5, 1.0]
[108808, 1.0, 1.0]
[42257, 1.0, 1.1]
[4176, 1.1, 1.2]
[4176, 1.2, 1.3]
[4176, 1.3, 1.4]
[4176, 1.4, 1.5]
[4176, 1.5, 2.0]
[4176, 2.0, 2.5]
[4176, 2.5, 3.0]
[4176, 3.0, 3.5]
[4308, 3.5, 4.0]
[4338, 4.0, 4.5]
[4176, 4.5, 5.0]
[4382, 5.0, 5.5]
[4439, 5.5, 6.0]
[4874, 6.0, 6.5]
[6302, 6.5, 7.0]
[8207, 7.0, 7.5]
[11609, 7.5, 8.0]
[17703, 8.0, 8.5]
[28496, 8.5, 9.0]
[48587, 9.0, 9.5]
[87591, 9.5, 1.0]
[83412, 1.0, 1.0]
[16414, 1.0, 1.1]
[4176, 1.1, 1.2]
[4176, 1.2, 1.3]
[4176, 1.3, 1.4]
[4176, 1.4, 1.5]
[4176, 1.5, 2.0]
[4176, 2.0, 2.5]
[4176, 2.5, 3.0]
[4176, 3.0, 3.5]
[4176, 3.5, 4.0]
[4240, 4.0, 4.5]
[4189, 4.5, 5.0]
[4614, 5.0, 5.5]
[4587, 5.5, 6.0]
[5106, 6.0, 6.5]
[6450, 6.5, 7.0]
[8439, 7.0, 7.5]
[11673, 7.5, 8.0]
[17851, 8.0, 8.5]
[28560, 8.5, 9.0]
[48987, 9.0, 9.5]
[88649, 9.5, 1.0]
[103657, 1.0, 1.0]
[16190, 1.0, 1.1]
[4176, 1.1, 1.2]
[4176, 1.2, 1.3]
[4176, 1.3, 1.4]
[4176, 1.4, 1.5]
[4176, 1.5, 2.0]
[4176, 2.0, 2.5]
[4176, 2.5, 3.0]
[4176, 3.0, 3.5]
[4251, 3.5, 4.0]
[4176, 4.0, 4.5]
[4265, 4.5, 5.0]
[4318, 5.0, 5.5]
[4295, 5.5, 6.0]
[4646, 6.0, 6.5]
[5990, 6.5, 7.0]
[7727, 7.0, 7.5]
[10961, 7.5, 8.0]
[16333, 8.0, 8.5]
[26333, 8.5, 9.0]
[44630, 9.0, 9.5]
[79742, 9.5, 1.0]
[108764, 1.0, 1.0]
[25833, 1.0, 1.1]
[4176, 1.1, 1.2]
[4176, 1.2, 1.3]
[4221, 1.3, 1.4]
[4176, 1.4, 1.5]
[4244, 1.5, 2.0]
[4237, 2.0, 2.5]
[4275, 2.5, 3.0]
[4208, 3.0, 3.5]
[4201, 3.5, 4.0]
[4443, 4.0, 4.5]
[4442, 4.5, 5.0]
[4727, 5.0, 5.5]
[5624, 5.5, 6.0]
[6960, 6.0, 6.5]
[9417, 6.5, 7.0]
[14145, 7.0, 7.5]
[22017, 7.5, 8.0]
[36373, 8.0, 8.5]
[64044, 8.5, 1.0]
[107019, 1.0, 1.0]
[44752, 1.0, 1.1]
[4256, 1.1, 1.2]
[4256, 1.2, 1.3]
[4256, 1.3, 1.4]
[4256, 1.4, 1.5]
[4256, 1.5, 2.0]
[4256, 2.0, 2.5]
[4176, 2.5, 3.0]
[4176, 3.0, 3.5]
[4288, 3.5, 4.0]
[4255, 4.0, 4.5]
[4280, 4.5, 5.0]
[4457, 5.0, 5.5]
[4598, 5.5, 6.0]
[5537, 6.0, 6.5]
[6545, 6.5, 7.0]
[9335, 7.0, 7.5]
[13715, 7.5, 8.0]
[21673, 8.0, 8.5]
[35974, 8.5, 9.0]
[62989, 9.0, 1.0]
[106977, 1.0, 1.0]
[51178, 1.0, 1.1]
[4176, 1.1, 1.2]
[4176, 1.2, 1.3]
[4176, 1.3, 1.4]
[4176, 1.4, 1.5]
[4176, 1.5, 2.0]
[4176, 2.0, 2.5]
[4176, 2.5, 3.0]
[4176, 3.0, 3.5]
[4265, 3.5, 4.0]
[4576, 4.0, 4.5]
[4244, 4.5, 5.0]
[4282, 5.0, 5.5]
[4400, 5.5, 6.0]
[4751, 6.0, 6.5]
[5843, 6.5, 7.0]
[7664, 7.0, 7.5]
[10730, 7.5, 8.0]
[16186, 8.0, 8.5]
[25934, 8.5, 9.0]
[44315, 9.0, 9.5]
[79595, 9.5, 1.0]
[98705, 1.0, 1.0]
[20777, 1.0, 1.1]
[4176, 1.1, 1.2]
[4176, 1.2, 1.3]
[4176, 1.3, 1.4]
[4176, 1.4, 1.5]
[4197, 1.5, 2.0]
[4176, 2.0, 2.5]
[4237, 2.5, 3.0]
[4196, 3.0, 3.5]
[4366, 3.5, 4.0]
[4198, 4.0, 4.5]
[4359, 4.5, 5.0]
[4311, 5.0, 5.5]
[4547, 5.5, 6.0]
[4898, 6.0, 6.5]
[6326, 6.5, 7.0]
[8147, 7.0, 7.5]
[11633, 7.5, 8.0]
[17559, 8.0, 8.5]
[28520, 8.5, 9.0]
[48863, 9.0, 9.5]
[88525, 9.5, 1.0]
