[110856, 100.0, 1.0]
[1754413, 1.0, 1.0]
[346877, 1.0, 1.1]
[62747, 1.1, 1.2]
[8756, 1.2, 1.3]
[4176, 1.3, 1.4]
[4176, 1.4, 1.5]
[4176, 1.5, 2.0]
[4176, 2.0, 2.5]
[4260, 2.5, 3.0]
[4344, 3.0, 3.5]
[4366, 3.5, 4.0]
[4255, 4.0, 4.5]
[4176, 4.5, 5.0]
[4344, 5.0, 5.5]
[4419, 5.5, 6.0]
[5022, 6.0, 6.5]
[6366, 6.5, 7.0]
[8271, 7.0, 7.5]
[11673, 7.5, 8.0]
[17935, 8.0, 8.5]
[28812, 8.5, 9.0]
[49926, 9.0, 9.5]
[90750, 9.5, 1.0]
[123923, 1.0, 1.0]
[22502, 1.0, 1.1]
[4176, 1.1, 1.2]
[4176, 1.2, 1.3]
[4176, 1.3, 1.4]
[4176, 1.4, 1.5]
[4176, 1.5, 2.0]
[4176, 2.0, 2.5]
[4176, 2.5, 3.0]
[4226, 3.0, 3.5]
[4212, 3.5, 4.0]
[4176, 4.0, 4.5]
[4593, 4.5, 5.0]
[4246, 5.0, 5.5]
[4227, 5.5, 6.0]
[4332, 6.0, 6.5]
[5088, 6.5, 7.0]
[6192, 7.0, 7.5]
[8532, 7.5, 8.0]
[12040, 8.0, 8.5]
[18784, 8.5, 9.0]
[29821, 9.0, 9.5]
[51381, 9.5, 1.835]
[92975, 1.835, 1.0]
[67544, 1.0, 1.1]
[13492, 1.1, 1.2]
[4237, 1.2, 1.3]
[4237, 1.3, 1.4]
[4321, 1.4, 1.5]
[4237, 1.5, 2.0]
[4321, 2.0, 2.5]
[4346, 2.5, 3.0]
[4263, 3.0, 3.5]
[4542, 3.5, 4.0]
[4481, 4.0, 4.5]
[4431, 4.5, 5.0]
[4470, 5.0, 5.5]
[4386, 5.5, 6.0]
[4737, 6.0, 6.5]
[5493, 6.5, 7.0]
[6978, 7.0, 7.5]
[9402, 7.5, 8.0]
[13884, 8.0, 8.5]
[21878, 8.5, 9.0]
[36419, 9.0, 9.5]
[63509, 9.5, 1.0]
[106937, 1.0, 1.0]
[37194, 1.0, 1.1]
[4176, 1.1, 1.2]
[4176, 1.2, 1.3]
[4176, 1.3, 1.4]
[4176, 1.4, 1.5]
[4176, 1.5, 2.0]
[4185, 2.0, 2.5]
[4176, 2.5, 3.0]
[4176, 3.0, 3.5]
[4176, 3.5, 4.0]
[4350, 4.0, 4.5]
[4236, 4.5, 5.0]
[4311, 5.0, 5.5]
[4343, 5.5, 6.0]
[4778, 6.0, 6.5]
[5954, 6.5, 7.0]
[7439, 7.0, 7.5]
[10841, 7.5, 8.0]
[15877, 8.0, 8.5]
[25793, 8.5, 9.0]
[43319, 9.0, 9.5]
[77185, 9.5, 1.0]
[104758, 1.0, 1.0]
[23339, 1.0, 1.1]
[4227, 1.1, 1.2]
[4227, 1.2, 1.3]
[4227, 1.3, 1.4]
[4227, 1.4, 1.5]
[4227, 1.5, 2.0]
[4227, 2.0, 2.5]
[4180, 2.5, 3.0]
[4220, 3.0, 3.5]
[4180, 3.5, 4.0]
[4226, 4.0, 4.5]
[4404, 4.5, 5.0]
[4487, 5.0, 5.5]
[4880, 5.5, 6.0]
[6132, 6.0, 6.5]
[8085, 6.5, 7.0]
[11508, 7.0, 7.5]
[17592, 7.5, 8.0]
[28556, 8.0, 8.5]
[48828, 8.5, 9.0]
[88638, 9.0, 1.0]
[96632, 1.0, 1.0]
[15680, 1.0, 1.1]
[4176, 1.1, 1.2]
[4176, 1.2, 1.3]
[4176, 1.3, 1.4]
[4246, 1.4, 1.5]
[4247, 1.5, 2.0]
[4247, 2.0, 2.5]
[4316, 2.5, 3.0]
[4232, 3.0, 3.5]
[4254, 3.5, 4.0]
[4605, 4.0, 4.5]
[4316, 4.5, 5.0]
[4455, 5.0, 5.5]
[4680, 5.5, 6.0]
[5848, 6.0, 6.5]
[7549, 6.5, 7.0]
[10423, 7.0, 7.5]
[15529, 7.5, 8.0]
[24461, 8.0, 8.5]
[41309, 8.5, 9.0]
[73103, 9.0, 1.0]
[109643, 1.0, 1.0]
[28392, 1.0, 1.1]
[4176, 1.1, 1.2]
[4176, 1.2, 1.3]
[4176, 1.3, 1.4]
[4176, 1.4, 1.5]
[4249, 1.5, 2.0]
[4176, 2.0, 2.5]
[4176, 2.5, 3.0]
[4309, 3.0, 3.5]
[4176, 3.5, 4.0]
[4176, 4.0, 4.5]
[4249, 4.5, 5.0]
[4491, 5.0, 5.5]
[4283, 5.5, 6.0]
[4634, 6.0, 6.5]
[5558, 6.5, 7.0]
[7043, 7.0, 7.5]
[9635, 7.5, 8.0]
[14117, 8.0, 8.5]
[22363, 8.5, 9.0]
[37240, 9.0, 9.5]
[65240, 9.5, 1.0]
[110082, 1.0, 1.0]
[40628, 1.0, 1.1]
[6793, 1.1, 1.2]
[4176, 1.2, 1.3]
[4176, 1.3, 1.4]
[4176, 1.4, 1.5]
[4176, 1.5, 2.0]
[4195, 2.0, 2.5]
[4176, 2.5, 3.0]
[4176, 3.0, 3.5]
[4196, 3.5, 4.0]
[4241, 4.0, 4.5]
[4176, 4.5, 5.0]
[4191, 5.0, 5.5]
[4336, 5.5, 6.0]
[4330, 6.0, 6.5]
[5170, 6.5, 7.0]
[6190, 7.0, 7.5]
[8530, 7.5, 8.0]
[12458, 8.0, 8.5]
[18698, 8.5, 9.0]
[30407, 9.0, 9.5]
[52205, 9.5, 1.73]
[94254, 1.73, 1.0]
[92206, 1.0, 1.0]
[17769, 1.0, 1.1]
[4176, 1.1, 1.2]
[4176, 1.2, 1.3]
[4176, 1.3, 1.4]
[4194, 1.4, 1.5]
[4198, 1.5, 2.0]
[4176, 2.0, 2.5]
[4176, 2.5, 3.0]
[4286, 3.0, 3.5]
[4240, 3.5, 4.0]
[4176, 4.0, 4.5]
[4361, 4.5, 5.0]
[4540, 5.0, 5.5]
[4681, 5.5, 6.0]
[6269, 6.0, 6.5]
[8222, 6.5, 7.0]
[12065, 7.0, 7.5]
[19043, 7.5, 8.0]
[30981, 8.0, 8.5]
[53427, 8.5, 1.344]
[97413, 1.344, 1.0]
[73261, 1.0, 1.1]
[12358, 1.1, 1.2]
[4176, 1.2, 1.3]
[4176, 1.3, 1.4]
[4176, 1.4, 1.5]
[4176, 1.5, 2.0]
[4192, 2.0, 2.5]
[4176, 2.5, 3.0]
[4197, 3.0, 3.5]
[4176, 3.5, 4.0]
[4176, 4.0, 4.5]
[4176, 4.5, 5.0]
[4487, 5.0, 5.5]
[4249, 5.5, 6.0]
[4381, 6.0, 6.5]
[4885, 6.5, 7.0]
[5569, 7.0, 7.5]
[7015, 7.5, 8.0]
[9885, 8.0, 8.5]
[14707, 8.5, 9.0]
[23080, 9.0, 9.5]
[38690, 9.5, 10.0]
[68118, 10.0, 1.0]
[101646, 1.0, 1.0]
[30643, 1.0, 1.1]
[4176, 1.1, 1.2]
[4176, 1.2, 1.3]
[4176, 1.3, 1.4]
[4176, 1.4, 1.5]
[4176, 1.5, 2.0]
[4176, 2.0, 2.5]
[4176, 2.5, 3.0]
[4255, 3.0, 3.5]
[4176, 3.5, 4.0]
[4176, 4.0, 4.5]
[4242, 4.5, 5.0]
[4333, 5.0, 5.5]
[4705, 5.5, 6.0]
[4949, 6.0, 6.5]
[5873, 6.5, 7.0]
[7862, 7.0, 7.5]
[11096, 7.5, 8.0]
[16384, 8.0, 8.5]
[26216, 8.5, 9.0]
[44513, 9.0, 9.5]
[79541, 9.5, 1.0]
[114275, 1.0, 1.0]
[25081, 1.0, 1.1]
[4780, 1.1, 1.2]
[4176, 1.2, 1.3]
[4176, 1.3, 1.4]
[4176, 1.4, 1.5]
[4176, 1.5, 2.0]
[4176, 2.0, 2.5]
[4176, 2.5, 3.0]
[4177, 3.0, 3.5]
[4179, 3.5, 4.0]
[4191, 4.0, 4.5]
[4300, 4.5, 5.0]
[4176, 5.0, 5.5]
[4303, 5.5, 6.0]
[4502, 6.0, 6.5]
[5258, 6.5, 7.0]
[7079, 7.0, 7.5]
[9335, 7.5, 8.0]
[13817, 8.0, 8.5]
[21979, 8.5, 9.0]
[36604, 9.0, 9.5]
[64856, 9.5, 1.0]
[111259, 1.0, 1.0]
[46005, 1.0, 1.1]
[5403, 1.1, 1.2]
[4176, 1.2, 1.3]
[4176, 1.3, 1.4]
[4176, 1.4, 1.5]
[4176, 1.5, 2.0]
[4176, 2.0, 2.5]
[4197, 2.5, 3.0]
[4231, 3.0, 3.5]
[4176, 3.5, 4.0]
[4176, 4.0, 4.5]
[4242, 4.5, 5.0]
[4258, 5.0, 5.5]
[4330, 5.5, 6.0]
[4463, 6.0, 6.5]
[4919, 6.5, 7.0]
[5603, 7.0, 7.5]
[7217, 7.5, 8.0]
[10171, 8.0, 8.5]
[14993, 8.5, 9.0]
[23801, 9.0, 9.5]
[40069, 9.5, 10.0]
[71163, 10.0, 1.0]
[106775, 1.0, 1.0]
[31656, 1.0, 1.1]
[4588, 1.1, 1.2]
[4176, 1.2, 1.3]
[4176, 1.3, 1.4]
[4176, 1.4, 1.5]
[4221, 1.5, 2.0]
[4176, 2.0, 2.5]
[4176, 2.5, 3.0]
[4176, 3.0, 3.5]
[4176, 3.5, 4.0]
[4207, 4.0, 4.5]
[4207, 4.5, 5.0]
[4207, 5.0, 5.5]
[4424, 5.5, 6.0]
[4581, 6.0, 6.5]
[5337, 6.5, 7.0]
[6822, 7.0, 7.5]
[9078, 7.5, 8.0]
[13392, 8.0, 8.5]
[20593, 8.5, 9.0]
[34012, 9.0, 9.5]
[59450, 9.5, 1.0]
[104383, 1.0, 1.0]
[58328, 1.0, 1.1]
[10959, 1.1, 1.2]
[4191, 1.2, 1.3]
[4176, 1.3, 1.4]
[4176, 1.4, 1.5]
[4176, 1.5, 2.0]
[4176, 2.0, 2.5]
[4245, 2.5, 3.0]
[4176, 3.0, 3.5]
[4176, 3.5, 4.0]
[4259, 4.0, 4.5]
[4358, 4.5, 5.0]
[4341, 5.0, 5.5]
[4341, 5.5, 6.0]
[4726, 6.0, 6.5]
[5566, 6.5, 7.0]
[7135, 7.0, 7.5]
[9391, 7.5, 8.0]
[14209, 8.0, 8.5]
[22371, 8.5, 9.0]
[37332, 9.0, 9.5]
[65668, 9.5, 1.0]
[103622, 1.0, 1.0]
[39087, 1.0, 1.1]
[5252, 1.1, 1.2]
[4176, 1.2, 1.3]
[4176, 1.3, 1.4]
[4176, 1.4, 1.5]
[4176, 1.5, 2.0]
[4176, 2.0, 2.5]
[4176, 2.5, 3.0]
[4176, 3.0, 3.5]
[4195, 3.5, 4.0]
[4176, 4.0, 4.5]
[4260, 4.5, 5.0]
[4176, 5.0, 5.5]
[4185, 5.5, 6.0]
[4466, 6.0, 6.5]
[4718, 6.5, 7.0]
[5906, 7.0, 7.5]
[7772, 7.5, 8.0]
[10474, 8.0, 8.5]
[15716, 8.5, 9.0]
[24776, 9.0, 9.5]
[41870, 9.5, 10.0]
[75050, 10.0, 1.0]
[105018, 1.0, 1.0]
[19903, 1.0, 1.1]
[4231, 1.1, 1.2]
[4231, 1.2, 1.3]
[4231, 1.3, 1.4]
[110856, 100.0, 1.0]
[1754413, 1.0, 1.0]
[346877, 1.0, 1.1]
[62747, 1.1, 1.2]
[8756, 1.2, 1.3]
[4176, 1.3, 1.4]
[4176, 1.4, 1.5]
[4176, 1.5, 2.0]
[4176, 2.0, 2.5]
[4260, 2.5, 3.0]
[4344, 3.0, 3.5]
[4366, 3.5, 4.0]
[4255, 4.0, 4.5]
[4176, 4.5, 5.0]
[4344, 5.0, 5.5]
[4419, 5.5, 6.0]
[5022, 6.0, 6.5]
[6366, 6.5, 7.0]
[8271, 7.0, 7.5]
[11673, 7.5, 8.0]
[17935, 8.0, 8.5]
[28812, 8.5, 9.0]
[49926, 9.0, 9.5]
[90750, 9.5, 1.0]
[123923, 1.0, 1.0]
[22502, 1.0, 1.1]
[4176, 1.1, 1.2]
[4176, 1.2, 1.3]
[4176, 1.3, 1.4]
[4176, 1.4, 1.5]
[4176, 1.5, 2.0]
[4176, 2.0, 2.5]
[4176, 2.5, 3.0]
[4226, 3.0, 3.5]
[4212, 3.5, 4.0]
[4176, 4.0, 4.5]
[4593, 4.5, 5.0]
[4246, 5.0, 5.5]
[4227, 5.5, 6.0]
[4332, 6.0, 6.5]
[5088, 6.5, 7.0]
[6192, 7.0, 7.5]
[8532, 7.5, 8.0]
[12040, 8.0, 8.5]
[18784, 8.5, 9.0]
[29821, 9.0, 9.5]
[51381, 9.5, 1.835]
[92975, 1.835, 1.0]
[67544, 1.0, 1.1]
[13492, 1.1, 1.2]
[4237, 1.2, 1.3]
[4237, 1.3, 1.4]
[4321, 1.4, 1.5]
[4237, 1.5, 2.0]
[4321, 2.0, 2.5]
[4346, 2.5, 3.0]
[4263, 3.0, 3.5]
[4542, 3.5, 4.0]
[4481, 4.0, 4.5]
[4431, 4.5, 5.0]
[4470, 5.0, 5.5]
[4386, 5.5, 6.0]
[4737, 6.0, 6.5]
[5493, 6.5, 7.0]
[6978, 7.0, 7.5]
[9402, 7.5, 8.0]
[13884, 8.0, 8.5]
[21878, 8.5, 9.0]
[36419, 9.0, 9.5]
[63509, 9.5, 1.0]
[106937, 1.0, 1.0]
[37194, 1.0, 1.1]
[4176, 1.1, 1.2]
[4176, 1.2, 1.3]
[4176, 1.3, 1.4]
[4176, 1.4, 1.5]
[4176, 1.5, 2.0]
[4185, 2.0, 2.5]
[4176, 2.5, 3.0]
[4176, 3.0, 3.5]
[4176, 3.5, 4.0]
[4350, 4.0, 4.5]
[4236, 4.5, 5.0]
[4311, 5.0, 5.5]
[4343, 5.5, 6.0]
[4778, 6.0, 6.5]
[5954, 6.5, 7.0]
[7439, 7.0, 7.5]
[10841, 7.5, 8.0]
[15877, 8.0, 8.5]
[25793, 8.5, 9.0]
[43319, 9.0, 9.5]
[77185, 9.5, 1.0]
[104758, 1.0, 1.0]
[23339, 1.0, 1.1]
[4227, 1.1, 1.2]
[4227, 1.2, 1.3]
[4227, 1.3, 1.4]
[4227, 1.4, 1.5]
[4227, 1.5, 2.0]
[4227, 2.0, 2.5]
[4180, 2.5, 3.0]
[4220, 3.0, 3.5]
[4180, 3.5, 4.0]
[4226, 4.0, 4.5]
[4404, 4.5, 5.0]
[4487, 5.0, 5.5]
[4880, 5.5, 6.0]
[6132, 6.0, 6.5]
[8085, 6.5, 7.0]
[11508, 7.0, 7.5]
[17592, 7.5, 8.0]
[28556, 8.0, 8.5]
[48828, 8.5, 9.0]
[88638, 9.0, 1.0]
[96632, 1.0, 1.0]
[15680, 1.0, 1.1]
[4176, 1.1, 1.2]
[4176, 1.2, 1.3]
[4176, 1.3, 1.4]
[4246, 1.4, 1.5]
[4247, 1.5, 2.0]
[4247, 2.0, 2.5]
[4316, 2.5, 3.0]
[4232, 3.0, 3.5]
[4254, 3.5, 4.0]
[4605, 4.0, 4.5]
[4316, 4.5, 5.0]
[4455, 5.0, 5.5]
[4680, 5.5, 6.0]
[5848, 6.0, 6.5]
[7549, 6.5, 7.0]
[10423, 7.0, 7.5]
[15529, 7.5, 8.0]
[24461, 8.0, 8.5]
[41309, 8.5, 9.0]
[73103, 9.0, 1.0]
[109643, 1.0, 1.0]
[28392, 1.0, 1.1]
[4176, 1.1, 1.2]
[4176, 1.2, 1.3]
[4176, 1.3, 1.4]
[4176, 1.4, 1.5]
[4249, 1.5, 2.0]
[4176, 2.0, 2.5]
[4176, 2.5, 3.0]
[4309, 3.0, 3.5]
[4176, 3.5, 4.0]
[4176, 4.0, 4.5]
[4249, 4.5, 5.0]
[4491, 5.0, 5.5]
[4283, 5.5, 6.0]
[4634, 6.0, 6.5]
[5558, 6.5, 7.0]
[7043, 7.0, 7.5]
[9635, 7.5, 8.0]
[14117, 8.0, 8.5]
[22363, 8.5, 9.0]
[37240, 9.0, 9.5]
[65240, 9.5, 1.0]
[110082, 1.0, 1.0]
[40628, 1.0, 1.1]
[6793, 1.1, 1.2]
[4176, 1.2, 1.3]
[4176, 1.3, 1.4]
[4176, 1.4, 1.5]
[4176, 1.5, 2.0]
[4195, 2.0, 2.5]
[4176, 2.5, 3.0]
[4176, 3.0, 3.5]
[4196, 3.5, 4.0]
[4241, 4.0, 4.5]
[4176, 4.5, 5.0]
[4191, 5.0, 5.5]
[4336, 5.5, 6.0]
[4330, 6.0, 6.5]
[5170, 6.5, 7.0]
[6190, 7.0, 7.5]
[8530, 7.5, 8.0]
[12458, 8.0, 8.5]
[18698, 8.5, 9.0]
[30407, 9.0, 9.5]
[52205, 9.5, 1.73]
[94254, 1.73, 1.0]
[92206, 1.0, 1.0]
[17769, 1.0, 1.1]
[4176, 1.1, 1.2]
[4176, 1.2, 1.3]
[4176, 1.3, 1.4]
[4194, 1.4, 1.5]
[4198, 1.5, 2.0]
[4176, 2.0, 2.5]
[4176, 2.5, 3.0]
[4286, 3.0, 3.5]
[4240, 3.5, 4.0]
[4176, 4.0, 4.5]
[4361, 4.5, 5.0]
[4540, 5.0, 5.5]
[4681, 5.5, 6.0]
[6269, 6.0, 6.5]
[8222, 6.5, 7.0]
[12065, 7.0, 7.5]
[19043, 7.5, 8.0]
[30981, 8.0, 8.5]
[53427, 8.5, 1.344]
[97413, 1.344, 1.0]
[73261, 1.0, 1.1]
[12358, 1.1, 1.2]
[4176, 1.2, 1.3]
[4176, 1.3, 1.4]
[4176, 1.4, 1.5]
[4176, 1.5, 2.0]
[4192, 2.0, 2.5]
[4176, 2.5, 3.0]
[4197, 3.0, 3.5]
[4176, 3.5, 4.0]
[4176, 4.0, 4.5]
[4176, 4.5, 5.0]
[4487, 5.0, 5.5]
[4249, 5.5, 6.0]
[4381, 6.0, 6.5]
[4885, 6.5, 7.0]
[5569, 7.0, 7.5]
[7015, 7.5, 8.0]
[9885, 8.0, 8.5]
[14707, 8.5, 9.0]
[23080, 9.0, 9.5]
[38690, 9.5, 10.0]
[68118, 10.0, 1.0]
[101646, 1.0, 1.0]
[30643, 1.0, 1.1]
[4176, 1.1, 1.2]
[4176, 1.2, 1.3]
[4176, 1.3, 1.4]
[4176, 1.4, 1.5]
[4176, 1.5, 2.0]
[4176, 2.0, 2.5]
[4176, 2.5, 3.0]
[4255, 3.0, 3.5]
[4176, 3.5, 4.0]
[4176, 4.0, 4.5]
[4242, 4.5, 5.0]
[4333, 5.0, 5.5]
[4705, 5.5, 6.0]
[4949, 6.0, 6.5]
[5873, 6.5, 7.0]
[7862, 7.0, 7.5]
[11096, 7.5, 8.0]
[16384, 8.0, 8.5]
[26216, 8.5, 9.0]
[44513, 9.0, 9.5]
[79541, 9.5, 1.0]
[114275, 1.0, 1.0]
[25081, 1.0, 1.1]
[4780, 1.1, 1.2]
[4176, 1.2, 1.3]
[4176, 1.3, 1.4]
[4176, 1.4, 1.5]
[4176, 1.5, 2.0]
[4176, 2.0, 2.5]
[4176, 2.5, 3.0]
[4177, 3.0, 3.5]
[4179, 3.5, 4.0]
[4191, 4.0, 4.5]
[4300, 4.5, 5.0]
[4176, 5.0, 5.5]
[4303, 5.5, 6.0]
[4502, 6.0, 6.5]
[5258, 6.5, 7.0]
[7079, 7.0, 7.5]
[9335, 7.5, 8.0]
[13817, 8.0, 8.5]
[21979, 8.5, 9.0]
[36604, 9.0, 9.5]
[64856, 9.5, 1.0]
[111259, 1.0, 1.0]
[46005, 1.0, 1.1]
[5403, 1.1, 1.2]
[4176, 1.2, 1.3]
[4176, 1.3, 1.4]
[4176, 1.4, 1.5]
[4176, 1.5, 2.0]
[4176, 2.0, 2.5]
[4197, 2.5, 3.0]
[4231, 3.0, 3.5]
[4176, 3.5, 4.0]
[4176, 4.0, 4.5]
[4242, 4.5, 5.0]
[4258, 5.0, 5.5]
[4330, 5.5, 6.0]
[4463, 6.0, 6.5]
[4919, 6.5, 7.0]
[5603, 7.0, 7.5]
[7217, 7.5, 8.0]
[10171, 8.0, 8.5]
[14993, 8.5, 9.0]
[23801, 9.0, 9.5]
[40069, 9.5, 10.0]
[71163, 10.0, 1.0]
[106775, 1.0, 1.0]
[31656, 1.0, 1.1]
[4588, 1.1, 1.2]
[4176, 1.2, 1.3]
[4176, 1.3, 1.4]
[4176, 1.4, 1.5]
[4221, 1.5, 2.0]
[4176, 2.0, 2.5]
[4176, 2.5, 3.0]
[4176, 3.0, 3.5]
[4176, 3.5, 4.0]
[4207, 4.0, 4.5]
[4207, 4.5, 5.0]
[4207, 5.0, 5.5]
[4424, 5.5, 6.0]
[4581, 6.0, 6.5]
[5337, 6.5, 7.0]
[6822, 7.0, 7.5]
[9078, 7.5, 8.0]
[13392, 8.0, 8.5]
[20593, 8.5, 9.0]
[34012, 9.0, 9.5]
[59450, 9.5, 1.0]
[104383, 1.0, 1.0]
[58328, 1.0, 1.1]
[10959, 1.1, 1.2]
[4191, 1.2, 1.3]
[4176, 1.3, 1.4]
[4176, 1.4, 1.5]
[4176, 1.5, 2.0]
[4176, 2.0, 2.5]
[4245, 2.5, 3.0]
[4176, 3.0, 3.5]
[4176, 3.5, 4.0]
[4259, 4.0, 4.5]
[4358, 4.5, 5.0]
[4341, 5.0, 5.5]
[4341, 5.5, 6.0]
[4726, 6.0, 6.5]
[5566, 6.5, 7.0]
[7135, 7.0, 7.5]
[9391, 7.5, 8.0]
[14209, 8.0, 8.5]
[22371, 8.5, 9.0]
[37332, 9.0, 9.5]
[65668, 9.5, 1.0]
[103622, 1.0, 1.0]
[39087, 1.0, 1.1]
[5252, 1.1, 1.2]
[4176, 1.2, 1.3]
[4176, 1.3, 1.4]
[4176, 1.4, 1.5]
[4176, 1.5, 2.0]
[4176, 2.0, 2.5]
[4176, 2.5, 3.0]
[4176, 3.0, 3.5]
[4195, 3.5, 4.0]
[4176, 4.0, 4.5]
[4260, 4.5, 5.0]
[4176, 5.0, 5.5]
[4185, 5.5, 6.0]
[4466, 6.0, 6.5]
[4718, 6.5, 7.0]
[5906, 7.0, 7.5]
[7772, 7.5, 8.0]
[10474, 8.0, 8.5]
[15716, 8.5, 9.0]
[24776, 9.0, 9.5]
[41870, 9.5, 10.0]
[75050, 10.0, 1.0]
[105018, 1.0, 1.0]
[19903, 1.0, 1.1]
[4231, 1.1, 1.2]
[4231, 1.2, 1.3]
[4231, 1.3, 1.4]
