[112536, 100.0, 1.0]
[1754413, 1.0, 1.0]
[346877, 1.0, 1.1]
[62747, 1.1, 1.2]
[8756, 1.2, 1.3]
[4176, 1.3, 1.4]
[4176, 1.4, 1.5]
[4176, 1.5, 2.0]
[4176, 2.0, 2.5]
[4260, 2.5, 3.0]
[4344, 3.0, 3.5]
[4366, 3.5, 4.0]
[4255, 4.0, 4.5]
[4176, 4.5, 5.0]
[4344, 5.0, 5.5]
[4419, 5.5, 6.0]
[5106, 6.0, 6.5]
[6366, 6.5, 7.0]
[8271, 7.0, 7.5]
[11757, 7.5, 8.0]
[17935, 8.0, 8.5]
[28812, 8.5, 9.0]
[50010, 9.0, 1.862]
[90834, 1.862, 1.0]
[121053, 1.0, 1.0]
[19548, 1.0, 1.1]
[4176, 1.1, 1.2]
[4176, 1.2, 1.3]
[4176, 1.3, 1.4]
[4176, 1.4, 1.5]
[4176, 1.5, 2.0]
[4176, 2.0, 2.5]
[4176, 2.5, 3.0]
[4176, 3.0, 3.5]
[4353, 3.5, 4.0]
[4176, 4.0, 4.5]
[4284, 4.5, 5.0]
[4324, 5.0, 5.5]
[4471, 5.5, 6.0]
[4990, 6.0, 6.5]
[5998, 6.5, 7.0]
[7735, 7.0, 7.5]
[10801, 7.5, 8.0]
[16257, 8.0, 8.5]
[26089, 8.5, 9.0]
[44386, 9.0, 9.5]
[79582, 9.5, 1.0]
[93568, 1.0, 1.0]
[12784, 1.0, 1.1]
[4176, 1.1, 1.2]
[4176, 1.2, 1.3]
[4304, 1.3, 1.4]
[4252, 1.4, 1.5]
[4420, 1.5, 2.0]
[4241, 2.0, 2.5]
[4176, 2.5, 3.0]
[4510, 3.0, 3.5]
[4280, 3.5, 4.0]
[4432, 4.0, 4.5]
[4321, 4.5, 5.0]
[4654, 5.0, 5.5]
[5383, 5.5, 6.0]
[6971, 6.0, 6.5]
[9092, 6.5, 7.0]
[13103, 7.0, 7.5]
[19913, 7.5, 8.0]
[32741, 8.0, 8.5]
[57025, 8.5, 1.0]
[103759, 1.0, 1.0]
[49052, 1.0, 1.1]
[8450, 1.1, 1.2]
[4176, 1.2, 1.3]
[4176, 1.3, 1.4]
[4176, 1.4, 1.5]
[4176, 1.5, 2.0]
[4176, 2.0, 2.5]
[4176, 2.5, 3.0]
[4176, 3.0, 3.5]
[4176, 3.5, 4.0]
[4228, 4.0, 4.5]
[4181, 4.5, 5.0]
[4176, 5.0, 5.5]
[4275, 5.5, 6.0]
[5130, 6.0, 6.5]
[6222, 6.5, 7.0]
[8127, 7.0, 7.5]
[11445, 7.5, 8.0]
[17455, 8.0, 8.5]
[28080, 8.5, 9.0]
[48003, 9.0, 9.5]
[86839, 9.5, 1.0]
[93797, 1.0, 1.0]
[13181, 1.0, 1.1]
[4176, 1.1, 1.2]
[4176, 1.2, 1.3]
[4218, 1.3, 1.4]
[4176, 1.4, 1.5]
[4176, 1.5, 2.0]
[4387, 2.0, 2.5]
[4176, 2.5, 3.0]
[4176, 3.0, 3.5]
[4176, 3.5, 4.0]
[4461, 4.0, 4.5]
[4543, 4.5, 5.0]
[4708, 5.0, 5.5]
[5353, 5.5, 6.0]
[7193, 6.0, 6.5]
[10259, 6.5, 7.0]
[14651, 7.0, 7.5]
[23585, 7.5, 8.0]
[39083, 8.0, 8.5]
[69385, 8.5, 1.0]
[113023, 1.0, 1.0]
[36093, 1.0, 1.1]
[4191, 1.1, 1.2]
[4191, 1.2, 1.3]
[4191, 1.3, 1.4]
[4274, 1.4, 1.5]
[4191, 1.5, 2.0]
[4275, 2.0, 2.5]
[4176, 2.5, 3.0]
[4176, 3.0, 3.5]
[4176, 3.5, 4.0]
[4549, 4.0, 4.5]
[4176, 4.5, 5.0]
[4399, 5.0, 5.5]
[4456, 5.5, 6.0]
[5227, 6.0, 6.5]
[6571, 6.5, 7.0]
[9193, 7.0, 7.5]
[13405, 7.5, 8.0]
[20389, 8.0, 8.5]
[33813, 8.5, 9.0]
[59118, 9.0, 1.0]
[104842, 1.0, 1.0]
[53243, 1.0, 1.1]
[5958, 1.1, 1.2]
[4176, 1.2, 1.3]
[4176, 1.3, 1.4]
[4176, 1.4, 1.5]
[4176, 1.5, 2.0]
[4176, 2.0, 2.5]
[4176, 2.5, 3.0]
[4309, 3.0, 3.5]
[4237, 3.5, 4.0]
[4176, 4.0, 4.5]
[4288, 4.5, 5.0]
[4176, 5.0, 5.5]
[4226, 5.5, 6.0]
[4312, 6.0, 6.5]
[4564, 6.5, 7.0]
[5416, 7.0, 7.5]
[6862, 7.5, 8.0]
[9816, 8.0, 8.5]
[14302, 8.5, 9.0]
[22507, 9.0, 9.5]
[37123, 9.5, 10.0]
[65053, 10.0, 1.0]
[110185, 1.0, 1.0]
[40731, 1.0, 1.1]
[6896, 1.1, 1.2]
[4198, 1.2, 1.3]
[4176, 1.3, 1.4]
[4176, 1.4, 1.5]
[4176, 1.5, 2.0]
[4176, 2.0, 2.5]
[4250, 2.5, 3.0]
[4176, 3.0, 3.5]
[4176, 3.5, 4.0]
[4176, 4.0, 4.5]
[4312, 4.5, 5.0]
[4256, 5.0, 5.5]
[4176, 5.5, 6.0]
[4331, 6.0, 6.5]
[4948, 6.5, 7.0]
[5716, 7.0, 7.5]
[7414, 7.5, 8.0]
[10284, 8.0, 8.5]
[15022, 8.5, 9.0]
[24082, 9.0, 9.5]
[40266, 9.5, 10.0]
[71528, 10.0, 1.0]
[112600, 1.0, 1.0]
[40122, 1.0, 1.1]
[6287, 1.1, 1.2]
[4176, 1.2, 1.3]
[4176, 1.3, 1.4]
[4176, 1.4, 1.5]
[4176, 1.5, 2.0]
[4176, 2.0, 2.5]
[4176, 2.5, 3.0]
[4176, 3.0, 3.5]
[4239, 3.5, 4.0]
[4176, 4.0, 4.5]
[4200, 4.5, 5.0]
[4237, 5.0, 5.5]
[4268, 5.5, 6.0]
[4527, 6.0, 6.5]
[4611, 6.5, 7.0]
[5631, 7.0, 7.5]
[7413, 7.5, 8.0]
[10115, 8.0, 8.5]
[15105, 8.5, 9.0]
[24081, 9.0, 9.5]
[40517, 9.5, 10.0]
[71863, 10.0, 1.0]
[109319, 1.0, 1.0]
[32184, 1.0, 1.1]
[5200, 1.1, 1.2]
[4176, 1.2, 1.3]
[4176, 1.3, 1.4]
[4176, 1.4, 1.5]
[4176, 1.5, 2.0]
[4176, 2.0, 2.5]
[4235, 2.5, 3.0]
[4176, 3.0, 3.5]
[4176, 3.5, 4.0]
[4176, 4.0, 4.5]
[4333, 4.5, 5.0]
[4365, 5.0, 5.5]
[4283, 5.5, 6.0]
[4482, 6.0, 6.5]
[4986, 6.5, 7.0]
[5922, 7.0, 7.5]
[7536, 7.5, 8.0]
[10658, 8.0, 8.5]
[16021, 8.5, 9.0]
[25936, 9.0, 9.5]
[44108, 9.5, 10.0]
[78534, 10.0, 1.0]
[95798, 1.0, 1.0]
[18626, 1.0, 1.1]
[4176, 1.1, 1.2]
[4184, 1.2, 1.3]
[4206, 1.3, 1.4]
[4176, 1.4, 1.5]
[4244, 1.5, 2.0]
[4176, 2.0, 2.5]
[4335, 2.5, 3.0]
[4243, 3.0, 3.5]
[4176, 3.5, 4.0]
[4419, 4.0, 4.5]
[4682, 4.5, 5.0]
[4595, 5.0, 5.5]
[5324, 5.5, 6.0]
[6744, 6.0, 6.5]
[9033, 6.5, 7.0]
[13044, 7.0, 7.5]
[20190, 7.5, 8.0]
[32514, 8.0, 8.5]
[56257, 8.5, 1.0]
[101380, 1.0, 1.0]
[73889, 1.0, 1.1]
[12986, 1.1, 1.2]
[4176, 1.2, 1.3]
[4176, 1.3, 1.4]
[4176, 1.4, 1.5]
[4176, 1.5, 2.0]
[4176, 2.0, 2.5]
[4176, 2.5, 3.0]
[4176, 3.0, 3.5]
[4240, 3.5, 4.0]
[4176, 4.0, 4.5]
[4236, 4.5, 5.0]
[4253, 5.0, 5.5]
[4223, 5.5, 6.0]
[4441, 6.0, 6.5]
[5029, 6.5, 7.0]
[5797, 7.0, 7.5]
[7159, 7.5, 8.0]
[10533, 8.0, 8.5]
[15271, 8.5, 9.0]
[24415, 9.0, 9.5]
[41509, 9.5, 10.0]
[73730, 10.0, 1.0]
[112774, 1.0, 1.0]
[29796, 1.0, 1.1]
[4179, 1.1, 1.2]
[4179, 1.2, 1.3]
[4216, 1.3, 1.4]
[4179, 1.4, 1.5]
[4179, 1.5, 2.0]
[4179, 2.0, 2.5]
[4179, 2.5, 3.0]
[4179, 3.0, 3.5]
[4263, 3.5, 4.0]
[4298, 4.0, 4.5]
[4263, 4.5, 5.0]
[4191, 5.0, 5.5]
[4318, 5.5, 6.0]
[4753, 6.0, 6.5]
[5845, 6.5, 7.0]
[7750, 7.0, 7.5]
[10732, 7.5, 8.0]
[16188, 8.0, 8.5]
[25516, 8.5, 9.0]
[43042, 9.0, 9.5]
[76670, 9.5, 1.0]
[103571, 1.0, 1.0]
[22068, 1.0, 1.1]
[4176, 1.1, 1.2]
[4176, 1.2, 1.3]
[4176, 1.3, 1.4]
[4176, 1.4, 1.5]
[4176, 1.5, 2.0]
[4176, 2.0, 2.5]
[4176, 2.5, 3.0]
[4176, 3.0, 3.5]
[4428, 3.5, 4.0]
[4176, 4.0, 4.5]
[4216, 4.5, 5.0]
[4368, 5.0, 5.5]
[4433, 5.5, 6.0]
[4700, 6.0, 6.5]
[5960, 6.5, 7.0]
[8033, 7.0, 7.5]
[11183, 7.5, 8.0]
[16387, 8.0, 8.5]
[26387, 8.5, 9.0]
[44600, 9.0, 9.5]
[79880, 9.5, 1.0]
[105206, 1.0, 1.0]
[21687, 1.0, 1.1]
[4230, 1.1, 1.2]
[4183, 1.2, 1.3]
[4176, 1.3, 1.4]
[4176, 1.4, 1.5]
[4176, 1.5, 2.0]
[4176, 2.0, 2.5]
[4222, 2.5, 3.0]
[4176, 3.0, 3.5]
[4248, 3.5, 4.0]
[4347, 4.0, 4.5]
[4486, 4.5, 5.0]
[4321, 5.0, 5.5]
[4665, 5.5, 6.0]
[5497, 6.0, 6.5]
[6925, 6.5, 7.0]
[9547, 7.0, 7.5]
[14179, 7.5, 8.0]
[22137, 8.0, 8.5]
[36438, 8.5, 9.0]
[64041, 9.0, 1.0]
[103647, 1.0, 1.0]
[41464, 1.0, 1.1]
[7713, 1.1, 1.2]
[4176, 1.2, 1.3]
[4176, 1.3, 1.4]
[4215, 1.4, 1.5]
[4176, 1.5, 2.0]
[4235, 2.0, 2.5]
[4176, 2.5, 3.0]
[4280, 3.0, 3.5]
[4176, 3.5, 4.0]
[4408, 4.0, 4.5]
[4255, 4.5, 5.0]
[4434, 5.0, 5.5]
[5079, 5.5, 6.0]
[6247, 6.0, 6.5]
[8704, 6.5, 7.0]
[12463, 7.0, 7.5]
[19357, 7.5, 8.0]
[31933, 8.0, 8.5]
[55508, 8.5, 1.0]
[99104, 1.0, 1.0]
[64772, 1.0, 1.1]
[6604, 1.1, 1.2]
[4176, 1.2, 1.3]
[4176, 1.3, 1.4]
[4176, 1.4, 1.5]
[4176, 1.5, 2.0]
[4251, 2.0, 2.5]
[4176, 2.5, 3.0]
[4176, 3.0, 3.5]
[4176, 3.5, 4.0]
[4176, 4.0, 4.5]
[4176, 4.5, 5.0]
[4176, 5.0, 5.5]
[4176, 5.5, 6.0]
[4228, 6.0, 6.5]
[4252, 6.5, 7.0]
[4283, 7.0, 7.5]
[4176, 7.5, 8.0]
[4370, 8.0, 8.5]
[4221, 8.5, 9.0]
[4348, 9.0, 9.5]
[4394, 9.5, 10.0]
[4989, 10.0, 10.5]
[5637, 10.5, 11.0]
[6681, 11.0, 11.5]
[112536, 100.0, 1.0]
[1754413, 1.0, 1.0]
[346877, 1.0, 1.1]
[62747, 1.1, 1.2]
[8756, 1.2, 1.3]
[4176, 1.3, 1.4]
[4176, 1.4, 1.5]
[4176, 1.5, 2.0]
[4176, 2.0, 2.5]
[4260, 2.5, 3.0]
[4344, 3.0, 3.5]
[4366, 3.5, 4.0]
[4255, 4.0, 4.5]
[4176, 4.5, 5.0]
[4344, 5.0, 5.5]
[4419, 5.5, 6.0]
[5106, 6.0, 6.5]
[6366, 6.5, 7.0]
[8271, 7.0, 7.5]
[11757, 7.5, 8.0]
[17935, 8.0, 8.5]
[28812, 8.5, 9.0]
[50010, 9.0, 1.862]
[90834, 1.862, 1.0]
[121053, 1.0, 1.0]
[19548, 1.0, 1.1]
[4176, 1.1, 1.2]
[4176, 1.2, 1.3]
[4176, 1.3, 1.4]
[4176, 1.4, 1.5]
[4176, 1.5, 2.0]
[4176, 2.0, 2.5]
[4176, 2.5, 3.0]
[4176, 3.0, 3.5]
[4353, 3.5, 4.0]
[4176, 4.0, 4.5]
[4284, 4.5, 5.0]
[4324, 5.0, 5.5]
[4471, 5.5, 6.0]
[4990, 6.0, 6.5]
[5998, 6.5, 7.0]
[7735, 7.0, 7.5]
[10801, 7.5, 8.0]
[16257, 8.0, 8.5]
[26089, 8.5, 9.0]
[44386, 9.0, 9.5]
[79582, 9.5, 1.0]
[93568, 1.0, 1.0]
[12784, 1.0, 1.1]
[4176, 1.1, 1.2]
[4176, 1.2, 1.3]
[4304, 1.3, 1.4]
[4252, 1.4, 1.5]
[4420, 1.5, 2.0]
[4241, 2.0, 2.5]
[4176, 2.5, 3.0]
[4510, 3.0, 3.5]
[4280, 3.5, 4.0]
[4432, 4.0, 4.5]
[4321, 4.5, 5.0]
[4654, 5.0, 5.5]
[5383, 5.5, 6.0]
[6971, 6.0, 6.5]
[9092, 6.5, 7.0]
[13103, 7.0, 7.5]
[19913, 7.5, 8.0]
[32741, 8.0, 8.5]
[57025, 8.5, 1.0]
[103759, 1.0, 1.0]
[49052, 1.0, 1.1]
[8450, 1.1, 1.2]
[4176, 1.2, 1.3]
[4176, 1.3, 1.4]
[4176, 1.4, 1.5]
[4176, 1.5, 2.0]
[4176, 2.0, 2.5]
[4176, 2.5, 3.0]
[4176, 3.0, 3.5]
[4176, 3.5, 4.0]
[4228, 4.0, 4.5]
[4181, 4.5, 5.0]
[4176, 5.0, 5.5]
[4275, 5.5, 6.0]
[5130, 6.0, 6.5]
[6222, 6.5, 7.0]
[8127, 7.0, 7.5]
[11445, 7.5, 8.0]
[17455, 8.0, 8.5]
[28080, 8.5, 9.0]
[48003, 9.0, 9.5]
[86839, 9.5, 1.0]
[93797, 1.0, 1.0]
[13181, 1.0, 1.1]
[4176, 1.1, 1.2]
[4176, 1.2, 1.3]
[4218, 1.3, 1.4]
[4176, 1.4, 1.5]
[4176, 1.5, 2.0]
[4387, 2.0, 2.5]
[4176, 2.5, 3.0]
[4176, 3.0, 3.5]
[4176, 3.5, 4.0]
[4461, 4.0, 4.5]
[4543, 4.5, 5.0]
[4708, 5.0, 5.5]
[5353, 5.5, 6.0]
[7193, 6.0, 6.5]
[10259, 6.5, 7.0]
[14651, 7.0, 7.5]
[23585, 7.5, 8.0]
[39083, 8.0, 8.5]
[69385, 8.5, 1.0]
[113023, 1.0, 1.0]
[36093, 1.0, 1.1]
[4191, 1.1, 1.2]
[4191, 1.2, 1.3]
[4191, 1.3, 1.4]
[4274, 1.4, 1.5]
[4191, 1.5, 2.0]
[4275, 2.0, 2.5]
[4176, 2.5, 3.0]
[4176, 3.0, 3.5]
[4176, 3.5, 4.0]
[4549, 4.0, 4.5]
[4176, 4.5, 5.0]
[4399, 5.0, 5.5]
[4456, 5.5, 6.0]
[5227, 6.0, 6.5]
[6571, 6.5, 7.0]
[9193, 7.0, 7.5]
[13405, 7.5, 8.0]
[20389, 8.0, 8.5]
[33813, 8.5, 9.0]
[59118, 9.0, 1.0]
[104842, 1.0, 1.0]
[53243, 1.0, 1.1]
[5958, 1.1, 1.2]
[4176, 1.2, 1.3]
[4176, 1.3, 1.4]
[4176, 1.4, 1.5]
[4176, 1.5, 2.0]
[4176, 2.0, 2.5]
[4176, 2.5, 3.0]
[4309, 3.0, 3.5]
[4237, 3.5, 4.0]
[4176, 4.0, 4.5]
[4288, 4.5, 5.0]
[4176, 5.0, 5.5]
[4226, 5.5, 6.0]
[4312, 6.0, 6.5]
[4564, 6.5, 7.0]
[5416, 7.0, 7.5]
[6862, 7.5, 8.0]
[9816, 8.0, 8.5]
[14302, 8.5, 9.0]
[22507, 9.0, 9.5]
[37123, 9.5, 10.0]
[65053, 10.0, 1.0]
[110185, 1.0, 1.0]
[40731, 1.0, 1.1]
[6896, 1.1, 1.2]
[4198, 1.2, 1.3]
[4176, 1.3, 1.4]
[4176, 1.4, 1.5]
[4176, 1.5, 2.0]
[4176, 2.0, 2.5]
[4250, 2.5, 3.0]
[4176, 3.0, 3.5]
[4176, 3.5, 4.0]
[4176, 4.0, 4.5]
[4312, 4.5, 5.0]
[4256, 5.0, 5.5]
[4176, 5.5, 6.0]
[4331, 6.0, 6.5]
[4948, 6.5, 7.0]
[5716, 7.0, 7.5]
[7414, 7.5, 8.0]
[10284, 8.0, 8.5]
[15022, 8.5, 9.0]
[24082, 9.0, 9.5]
[40266, 9.5, 10.0]
[71528, 10.0, 1.0]
[112600, 1.0, 1.0]
[40122, 1.0, 1.1]
[6287, 1.1, 1.2]
[4176, 1.2, 1.3]
[4176, 1.3, 1.4]
[4176, 1.4, 1.5]
[4176, 1.5, 2.0]
[4176, 2.0, 2.5]
[4176, 2.5, 3.0]
[4176, 3.0, 3.5]
[4239, 3.5, 4.0]
[4176, 4.0, 4.5]
[4200, 4.5, 5.0]
[4237, 5.0, 5.5]
[4268, 5.5, 6.0]
[4527, 6.0, 6.5]
[4611, 6.5, 7.0]
[5631, 7.0, 7.5]
[7413, 7.5, 8.0]
[10115, 8.0, 8.5]
[15105, 8.5, 9.0]
[24081, 9.0, 9.5]
[40517, 9.5, 10.0]
[71863, 10.0, 1.0]
[109319, 1.0, 1.0]
[32184, 1.0, 1.1]
[5200, 1.1, 1.2]
[4176, 1.2, 1.3]
[4176, 1.3, 1.4]
[4176, 1.4, 1.5]
[4176, 1.5, 2.0]
[4176, 2.0, 2.5]
[4235, 2.5, 3.0]
[4176, 3.0, 3.5]
[4176, 3.5, 4.0]
[4176, 4.0, 4.5]
[4333, 4.5, 5.0]
[4365, 5.0, 5.5]
[4283, 5.5, 6.0]
[4482, 6.0, 6.5]
[4986, 6.5, 7.0]
[5922, 7.0, 7.5]
[7536, 7.5, 8.0]
[10658, 8.0, 8.5]
[16021, 8.5, 9.0]
[25936, 9.0, 9.5]
[44108, 9.5, 10.0]
[78534, 10.0, 1.0]
[95798, 1.0, 1.0]
[18626, 1.0, 1.1]
[4176, 1.1, 1.2]
[4184, 1.2, 1.3]
[4206, 1.3, 1.4]
[4176, 1.4, 1.5]
[4244, 1.5, 2.0]
[4176, 2.0, 2.5]
[4335, 2.5, 3.0]
[4243, 3.0, 3.5]
[4176, 3.5, 4.0]
[4419, 4.0, 4.5]
[4682, 4.5, 5.0]
[4595, 5.0, 5.5]
[5324, 5.5, 6.0]
[6744, 6.0, 6.5]
[9033, 6.5, 7.0]
[13044, 7.0, 7.5]
[20190, 7.5, 8.0]
[32514, 8.0, 8.5]
[56257, 8.5, 1.0]
[101380, 1.0, 1.0]
[73889, 1.0, 1.1]
[12986, 1.1, 1.2]
[4176, 1.2, 1.3]
[4176, 1.3, 1.4]
[4176, 1.4, 1.5]
[4176, 1.5, 2.0]
[4176, 2.0, 2.5]
[4176, 2.5, 3.0]
[4176, 3.0, 3.5]
[4240, 3.5, 4.0]
[4176, 4.0, 4.5]
[4236, 4.5, 5.0]
[4253, 5.0, 5.5]
[4223, 5.5, 6.0]
[4441, 6.0, 6.5]
[5029, 6.5, 7.0]
[5797, 7.0, 7.5]
[7159, 7.5, 8.0]
[10533, 8.0, 8.5]
[15271, 8.5, 9.0]
[24415, 9.0, 9.5]
[41509, 9.5, 10.0]
[73730, 10.0, 1.0]
[112774, 1.0, 1.0]
[29796, 1.0, 1.1]
[4179, 1.1, 1.2]
[4179, 1.2, 1.3]
[4216, 1.3, 1.4]
[4179, 1.4, 1.5]
[4179, 1.5, 2.0]
[4179, 2.0, 2.5]
[4179, 2.5, 3.0]
[4179, 3.0, 3.5]
[4263, 3.5, 4.0]
[4298, 4.0, 4.5]
[4263, 4.5, 5.0]
[4191, 5.0, 5.5]
[4318, 5.5, 6.0]
[4753, 6.0, 6.5]
[5845, 6.5, 7.0]
[7750, 7.0, 7.5]
[10732, 7.5, 8.0]
[16188, 8.0, 8.5]
[25516, 8.5, 9.0]
[43042, 9.0, 9.5]
[76670, 9.5, 1.0]
[103571, 1.0, 1.0]
[22068, 1.0, 1.1]
[4176, 1.1, 1.2]
[4176, 1.2, 1.3]
[4176, 1.3, 1.4]
[4176, 1.4, 1.5]
[4176, 1.5, 2.0]
[4176, 2.0, 2.5]
[4176, 2.5, 3.0]
[4176, 3.0, 3.5]
[4428, 3.5, 4.0]
[4176, 4.0, 4.5]
[4216, 4.5, 5.0]
[4368, 5.0, 5.5]
[4433, 5.5, 6.0]
[4700, 6.0, 6.5]
[5960, 6.5, 7.0]
[8033, 7.0, 7.5]
[11183, 7.5, 8.0]
[16387, 8.0, 8.5]
[26387, 8.5, 9.0]
[44600, 9.0, 9.5]
[79880, 9.5, 1.0]
[105206, 1.0, 1.0]
[21687, 1.0, 1.1]
[4230, 1.1, 1.2]
[4183, 1.2, 1.3]
[4176, 1.3, 1.4]
[4176, 1.4, 1.5]
[4176, 1.5, 2.0]
[4176, 2.0, 2.5]
[4222, 2.5, 3.0]
[4176, 3.0, 3.5]
[4248, 3.5, 4.0]
[4347, 4.0, 4.5]
[4486, 4.5, 5.0]
[4321, 5.0, 5.5]
[4665, 5.5, 6.0]
[5497, 6.0, 6.5]
[6925, 6.5, 7.0]
[9547, 7.0, 7.5]
[14179, 7.5, 8.0]
[22137, 8.0, 8.5]
[36438, 8.5, 9.0]
[64041, 9.0, 1.0]
[103647, 1.0, 1.0]
[41464, 1.0, 1.1]
[7713, 1.1, 1.2]
[4176, 1.2, 1.3]
[4176, 1.3, 1.4]
[4215, 1.4, 1.5]
[4176, 1.5, 2.0]
[4235, 2.0, 2.5]
[4176, 2.5, 3.0]
[4280, 3.0, 3.5]
[4176, 3.5, 4.0]
[4408, 4.0, 4.5]
[4255, 4.5, 5.0]
[4434, 5.0, 5.5]
[5079, 5.5, 6.0]
[6247, 6.0, 6.5]
[8704, 6.5, 7.0]
[12463, 7.0, 7.5]
[19357, 7.5, 8.0]
[31933, 8.0, 8.5]
[55508, 8.5, 1.0]
[99104, 1.0, 1.0]
[64772, 1.0, 1.1]
[6604, 1.1, 1.2]
[4176, 1.2, 1.3]
[4176, 1.3, 1.4]
[4176, 1.4, 1.5]
[4176, 1.5, 2.0]
[4251, 2.0, 2.5]
[4176, 2.5, 3.0]
[4176, 3.0, 3.5]
[4176, 3.5, 4.0]
[4176, 4.0, 4.5]
[4176, 4.5, 5.0]
[4176, 5.0, 5.5]
[4176, 5.5, 6.0]
[4228, 6.0, 6.5]
[4252, 6.5, 7.0]
[4283, 7.0, 7.5]
[4176, 7.5, 8.0]
[4370, 8.0, 8.5]
[4221, 8.5, 9.0]
[4348, 9.0, 9.5]
[4394, 9.5, 10.0]
[4989, 10.0, 10.5]
[5637, 10.5, 11.0]
[6681, 11.0, 11.5]
