[114216, 100.0, 1.0]
[1754413, 1.0, 1.0]
[346877, 1.0, 1.1]
[62747, 1.1, 1.2]
[8756, 1.2, 1.3]
[4176, 1.3, 1.4]
[4176, 1.4, 1.5]
[4260, 1.5, 2.0]
[4176, 2.0, 2.5]
[4260, 2.5, 3.0]
[4428, 3.0, 3.5]
[4366, 3.5, 4.0]
[4255, 4.0, 4.5]
[4344, 4.5, 5.0]
[4344, 5.0, 5.5]
[4587, 5.5, 6.0]
[5274, 6.0, 6.5]
[6366, 6.5, 7.0]
[8271, 7.0, 7.5]
[11757, 7.5, 8.0]
[18103, 8.0, 8.5]
[29689, 8.5, 9.0]
[50971, 9.0, 1.806]
[92621, 1.806, 1.0]
[120901, 1.0, 1.0]
[19396, 1.0, 1.1]
[4176, 1.1, 1.2]
[4176, 1.2, 1.3]
[4176, 1.3, 1.4]
[4176, 1.4, 1.5]
[4176, 1.5, 2.0]
[4176, 2.0, 2.5]
[4176, 2.5, 3.0]
[4183, 3.0, 3.5]
[4201, 3.5, 4.0]
[4617, 4.0, 4.5]
[4176, 4.5, 5.0]
[4245, 5.0, 5.5]
[4560, 5.5, 6.0]
[4995, 6.0, 6.5]
[6507, 6.5, 7.0]
[9213, 7.0, 7.5]
[13173, 7.5, 8.0]
[20241, 8.0, 8.5]
[33497, 8.5, 9.0]
[58199, 9.0, 1.0]
[103769, 1.0, 1.0]
[43938, 1.0, 1.1]
[4176, 1.1, 1.2]
[4176, 1.2, 1.3]
[4176, 1.3, 1.4]
[4176, 1.4, 1.5]
[4176, 1.5, 2.0]
[4219, 2.0, 2.5]
[4176, 2.5, 3.0]
[4176, 3.0, 3.5]
[4176, 3.5, 4.0]
[4176, 4.0, 4.5]
[4242, 4.5, 5.0]
[4316, 5.0, 5.5]
[4622, 5.5, 6.0]
[4707, 6.0, 6.5]
[5379, 6.5, 7.0]
[7032, 7.0, 7.5]
[9456, 7.5, 8.0]
[14022, 8.0, 8.5]
[21848, 8.5, 9.0]
[36641, 9.0, 9.5]
[64473, 9.5, 1.0]
[106424, 1.0, 1.0]
[35505, 1.0, 1.1]
[4229, 1.1, 1.2]
[4229, 1.2, 1.3]
[4267, 1.3, 1.4]
[4229, 1.4, 1.5]
[4229, 1.5, 2.0]
[4322, 2.0, 2.5]
[4229, 2.5, 3.0]
[4372, 3.0, 3.5]
[4302, 3.5, 4.0]
[4321, 4.0, 4.5]
[4450, 4.5, 5.0]
[4254, 5.0, 5.5]
[5235, 5.5, 6.0]
[6319, 6.0, 6.5]
[8608, 6.5, 7.0]
[12283, 7.0, 7.5]
[19093, 7.5, 8.0]
[30611, 8.0, 8.5]
[53393, 8.5, 1.26]
[96203, 1.26, 1.0]
[74099, 1.0, 1.1]
[13196, 1.1, 1.2]
[4176, 1.2, 1.3]
[4176, 1.3, 1.4]
[4176, 1.4, 1.5]
[4176, 1.5, 2.0]
[4176, 2.0, 2.5]
[4176, 2.5, 3.0]
[4196, 3.0, 3.5]
[4226, 3.5, 4.0]
[4176, 4.0, 4.5]
[4176, 4.5, 5.0]
[4307, 5.0, 5.5]
[4176, 5.5, 6.0]
[4384, 6.0, 6.5]
[4888, 6.5, 7.0]
[5320, 7.0, 7.5]
[6934, 7.5, 8.0]
[9804, 8.0, 8.5]
[14710, 8.5, 9.0]
[22831, 9.0, 9.5]
[37853, 9.5, 10.0]
[66826, 10.0, 1.0]
[112454, 1.0, 1.0]
[40564, 1.0, 1.1]
[6729, 1.1, 1.2]
[4176, 1.2, 1.3]
[4176, 1.3, 1.4]
[4176, 1.4, 1.5]
[4223, 1.5, 2.0]
[4291, 2.0, 2.5]
[4176, 2.5, 3.0]
[4188, 3.0, 3.5]
[4277, 3.5, 4.0]
[4212, 4.0, 4.5]
[4230, 4.5, 5.0]
[4360, 5.0, 5.5]
[4563, 5.5, 6.0]
[4501, 6.0, 6.5]
[5005, 6.5, 7.0]
[6109, 7.0, 7.5]
[8197, 7.5, 8.0]
[11537, 8.0, 8.5]
[17656, 8.5, 9.0]
[28006, 9.0, 9.5]
[47746, 9.5, 10.0]
[85588, 10.0, 1.0]
[93664, 1.0, 1.0]
[13048, 1.0, 1.1]
[4176, 1.1, 1.2]
[4176, 1.2, 1.3]
[4176, 1.3, 1.4]
[4246, 1.4, 1.5]
[4176, 1.5, 2.0]
[4245, 2.0, 2.5]
[4362, 2.5, 3.0]
[4176, 3.0, 3.5]
[4266, 3.5, 4.0]
[4176, 4.0, 4.5]
[4263, 4.5, 5.0]
[4409, 5.0, 5.5]
[4718, 5.5, 6.0]
[6138, 6.0, 6.5]
[8259, 6.5, 7.0]
[11682, 7.0, 7.5]
[17934, 7.5, 8.0]
[28562, 8.0, 8.5]
[49170, 8.5, 9.0]
[88812, 9.0, 1.0]
[93026, 1.0, 1.0]
[12326, 1.0, 1.1]
[4176, 1.1, 1.2]
[4176, 1.2, 1.3]
[4176, 1.3, 1.4]
[4303, 1.4, 1.5]
[4181, 1.5, 2.0]
[4239, 2.0, 2.5]
[4178, 2.5, 3.0]
[4227, 3.0, 3.5]
[4254, 3.5, 4.0]
[4301, 4.0, 4.5]
[4721, 4.5, 5.0]
[4970, 5.0, 5.5]
[5951, 5.5, 6.0]
[7791, 6.0, 6.5]
[10941, 6.5, 7.0]
[16638, 7.0, 7.5]
[26550, 7.5, 8.0]
[45054, 8.0, 8.5]
[80581, 8.5, 1.0]
[111715, 1.0, 1.0]
[23949, 1.0, 1.1]
[4176, 1.1, 1.2]
[4176, 1.2, 1.3]
[4176, 1.3, 1.4]
[4252, 1.4, 1.5]
[4176, 1.5, 2.0]
[4176, 2.0, 2.5]
[4176, 2.5, 3.0]
[4176, 3.0, 3.5]
[4176, 3.5, 4.0]
[4176, 4.0, 4.5]
[4245, 4.5, 5.0]
[4176, 5.0, 5.5]
[4225, 5.5, 6.0]
[4408, 6.0, 6.5]
[5248, 6.5, 7.0]
[7069, 7.0, 7.5]
[9493, 7.5, 8.0]
[14227, 8.0, 8.5]
[22137, 8.5, 9.0]
[36930, 9.0, 9.5]
[65182, 9.5, 1.0]
[108344, 1.0, 1.0]
[44145, 1.0, 1.1]
[4176, 1.1, 1.2]
[4176, 1.2, 1.3]
[4176, 1.3, 1.4]
[4176, 1.4, 1.5]
[4176, 1.5, 2.0]
[4232, 2.0, 2.5]
[4176, 2.5, 3.0]
[4176, 3.0, 3.5]
[4297, 3.5, 4.0]
[4486, 4.0, 4.5]
[4285, 4.5, 5.0]
[4399, 5.0, 5.5]
[4624, 5.5, 6.0]
[5708, 6.0, 6.5]
[7577, 6.5, 7.0]
[10619, 7.0, 7.5]
[15809, 7.5, 8.0]
[25463, 8.0, 8.5]
[43188, 8.5, 9.0]
[77196, 9.0, 1.0]
[97202, 1.0, 1.0]
[20702, 1.0, 1.1]
[4176, 1.1, 1.2]
[4246, 1.2, 1.3]
[4176, 1.3, 1.4]
[4176, 1.4, 1.5]
[4257, 1.5, 2.0]
[4176, 2.0, 2.5]
[4292, 2.5, 3.0]
[4256, 3.0, 3.5]
[4228, 3.5, 4.0]
[4176, 4.0, 4.5]
[4318, 4.5, 5.0]
[4582, 5.0, 5.5]
[4723, 5.5, 6.0]
[5639, 6.0, 6.5]
[7424, 6.5, 7.0]
[10298, 7.0, 7.5]
[15236, 7.5, 8.0]
[24168, 8.0, 8.5]
[40223, 8.5, 9.0]
[71330, 9.0, 1.0]
[113512, 1.0, 1.0]
[39354, 1.0, 1.1]
[5603, 1.1, 1.2]
[4176, 1.2, 1.3]
[4176, 1.3, 1.4]
[4176, 1.4, 1.5]
[4176, 1.5, 2.0]
[4176, 2.0, 2.5]
[4176, 2.5, 3.0]
[4240, 3.0, 3.5]
[4176, 3.5, 4.0]
[4325, 4.0, 4.5]
[4176, 4.5, 5.0]
[4369, 5.0, 5.5]
[4284, 5.5, 6.0]
[4474, 6.0, 6.5]
[5314, 6.5, 7.0]
[7135, 7.0, 7.5]
[9811, 7.5, 8.0]
[14209, 8.0, 8.5]
[22455, 8.5, 9.0]
[37332, 9.0, 9.5]
[65668, 9.5, 1.0]
[111938, 1.0, 1.0]
[44584, 1.0, 1.1]
[4230, 1.1, 1.2]
[4176, 1.2, 1.3]
[4176, 1.3, 1.4]
[4200, 1.4, 1.5]
[4200, 1.5, 2.0]
[4176, 2.0, 2.5]
[4176, 2.5, 3.0]
[4200, 3.0, 3.5]
[4176, 3.5, 4.0]
[4284, 4.0, 4.5]
[4330, 4.5, 5.0]
[4185, 5.0, 5.5]
[4444, 5.5, 6.0]
[4579, 6.0, 6.5]
[5335, 6.5, 7.0]
[6820, 7.0, 7.5]
[9412, 7.5, 8.0]
[13978, 8.0, 8.5]
[22308, 8.5, 9.0]
[36933, 9.0, 9.5]
[64849, 9.5, 1.0]
[107304, 1.0, 1.0]
[43609, 1.0, 1.1]
[4295, 1.1, 1.2]
[4295, 1.2, 1.3]
[4379, 1.3, 1.4]
[4295, 1.4, 1.5]
[4362, 1.5, 2.0]
[4318, 2.0, 2.5]
[4238, 2.5, 3.0]
[4268, 3.0, 3.5]
[4354, 3.5, 4.0]
[4294, 4.0, 4.5]
[4401, 4.5, 5.0]
[4574, 5.0, 5.5]
[4967, 5.5, 6.0]
[6051, 6.0, 6.5]
[8424, 6.5, 7.0]
[11847, 7.0, 7.5]
[18099, 7.5, 8.0]
[29617, 8.0, 8.5]
[51102, 8.5, 1.649]
[92958, 1.649, 1.0]
[83214, 1.0, 1.1]
[15628, 1.1, 1.2]
[4176, 1.2, 1.3]
[4176, 1.3, 1.4]
[4176, 1.4, 1.5]
[4176, 1.5, 2.0]
[4176, 2.0, 2.5]
[4176, 2.5, 3.0]
[4176, 3.0, 3.5]
[4209, 3.5, 4.0]
[4565, 4.0, 4.5]
[4176, 4.5, 5.0]
[4283, 5.0, 5.5]
[4389, 5.5, 6.0]
[4824, 6.0, 6.5]
[5832, 6.5, 7.0]
[7653, 7.0, 7.5]
[10887, 7.5, 8.0]
[16343, 8.0, 8.5]
[26343, 8.5, 9.0]
[44556, 9.0, 9.5]
[79752, 9.5, 1.0]
[98610, 1.0, 1.0]
[20430, 1.0, 1.1]
[4176, 1.1, 1.2]
[4176, 1.2, 1.3]
[4176, 1.3, 1.4]
[4176, 1.4, 1.5]
[4176, 1.5, 2.0]
[4176, 2.0, 2.5]
[4176, 2.5, 3.0]
[4176, 3.0, 3.5]
[4176, 3.5, 4.0]
[4489, 4.0, 4.5]
[4176, 4.5, 5.0]
[4384, 5.0, 5.5]
[4609, 5.5, 6.0]
[5777, 6.0, 6.5]
[7730, 6.5, 7.0]
[10688, 7.0, 7.5]
[15962, 7.5, 8.0]
[25784, 8.0, 8.5]
[43845, 8.5, 9.0]
[78708, 9.0, 1.0]
[102228, 1.0, 1.0]
[12577, 1.0, 1.1]
[4176, 1.1, 1.2]
[4176, 1.2, 1.3]
[4176, 1.3, 1.4]
[4176, 1.4, 1.5]
[4201, 1.5, 2.0]
[4192, 2.0, 2.5]
[4176, 2.5, 3.0]
[4200, 3.0, 3.5]
[4176, 3.5, 4.0]
[4192, 4.0, 4.5]
[4285, 4.5, 5.0]
[4176, 5.0, 5.5]
[4201, 5.5, 6.0]
[4358, 6.0, 6.5]
[4231, 6.5, 7.0]
[4209, 7.0, 7.5]
[4411, 7.5, 8.0]
[4176, 8.0, 8.5]
[4258, 8.5, 9.0]
[4365, 9.0, 9.5]
[4883, 9.5, 10.0]
[5765, 10.0, 10.5]
[6577, 10.5, 11.0]
[6901, 11.0, 11.5]
[6886, 11.5, 12.0]
[7190, 12.0, 12.5]
[114216, 100.0, 1.0]
[1754413, 1.0, 1.0]
[346877, 1.0, 1.1]
[62747, 1.1, 1.2]
[8756, 1.2, 1.3]
[4176, 1.3, 1.4]
[4176, 1.4, 1.5]
[4260, 1.5, 2.0]
[4176, 2.0, 2.5]
[4260, 2.5, 3.0]
[4428, 3.0, 3.5]
[4366, 3.5, 4.0]
[4255, 4.0, 4.5]
[4344, 4.5, 5.0]
[4344, 5.0, 5.5]
[4587, 5.5, 6.0]
[5274, 6.0, 6.5]
[6366, 6.5, 7.0]
[8271, 7.0, 7.5]
[11757, 7.5, 8.0]
[18103, 8.0, 8.5]
[29689, 8.5, 9.0]
[50971, 9.0, 1.806]
[92621, 1.806, 1.0]
[120901, 1.0, 1.0]
[19396, 1.0, 1.1]
[4176, 1.1, 1.2]
[4176, 1.2, 1.3]
[4176, 1.3, 1.4]
[4176, 1.4, 1.5]
[4176, 1.5, 2.0]
[4176, 2.0, 2.5]
[4176, 2.5, 3.0]
[4183, 3.0, 3.5]
[4201, 3.5, 4.0]
[4617, 4.0, 4.5]
[4176, 4.5, 5.0]
[4245, 5.0, 5.5]
[4560, 5.5, 6.0]
[4995, 6.0, 6.5]
[6507, 6.5, 7.0]
[9213, 7.0, 7.5]
[13173, 7.5, 8.0]
[20241, 8.0, 8.5]
[33497, 8.5, 9.0]
[58199, 9.0, 1.0]
[103769, 1.0, 1.0]
[43938, 1.0, 1.1]
[4176, 1.1, 1.2]
[4176, 1.2, 1.3]
[4176, 1.3, 1.4]
[4176, 1.4, 1.5]
[4176, 1.5, 2.0]
[4219, 2.0, 2.5]
[4176, 2.5, 3.0]
[4176, 3.0, 3.5]
[4176, 3.5, 4.0]
[4176, 4.0, 4.5]
[4242, 4.5, 5.0]
[4316, 5.0, 5.5]
[4622, 5.5, 6.0]
[4707, 6.0, 6.5]
[5379, 6.5, 7.0]
[7032, 7.0, 7.5]
[9456, 7.5, 8.0]
[14022, 8.0, 8.5]
[21848, 8.5, 9.0]
[36641, 9.0, 9.5]
[64473, 9.5, 1.0]
[106424, 1.0, 1.0]
[35505, 1.0, 1.1]
[4229, 1.1, 1.2]
[4229, 1.2, 1.3]
[4267, 1.3, 1.4]
[4229, 1.4, 1.5]
[4229, 1.5, 2.0]
[4322, 2.0, 2.5]
[4229, 2.5, 3.0]
[4372, 3.0, 3.5]
[4302, 3.5, 4.0]
[4321, 4.0, 4.5]
[4450, 4.5, 5.0]
[4254, 5.0, 5.5]
[5235, 5.5, 6.0]
[6319, 6.0, 6.5]
[8608, 6.5, 7.0]
[12283, 7.0, 7.5]
[19093, 7.5, 8.0]
[30611, 8.0, 8.5]
[53393, 8.5, 1.26]
[96203, 1.26, 1.0]
[74099, 1.0, 1.1]
[13196, 1.1, 1.2]
[4176, 1.2, 1.3]
[4176, 1.3, 1.4]
[4176, 1.4, 1.5]
[4176, 1.5, 2.0]
[4176, 2.0, 2.5]
[4176, 2.5, 3.0]
[4196, 3.0, 3.5]
[4226, 3.5, 4.0]
[4176, 4.0, 4.5]
[4176, 4.5, 5.0]
[4307, 5.0, 5.5]
[4176, 5.5, 6.0]
[4384, 6.0, 6.5]
[4888, 6.5, 7.0]
[5320, 7.0, 7.5]
[6934, 7.5, 8.0]
[9804, 8.0, 8.5]
[14710, 8.5, 9.0]
[22831, 9.0, 9.5]
[37853, 9.5, 10.0]
[66826, 10.0, 1.0]
[112454, 1.0, 1.0]
[40564, 1.0, 1.1]
[6729, 1.1, 1.2]
[4176, 1.2, 1.3]
[4176, 1.3, 1.4]
[4176, 1.4, 1.5]
[4223, 1.5, 2.0]
[4291, 2.0, 2.5]
[4176, 2.5, 3.0]
[4188, 3.0, 3.5]
[4277, 3.5, 4.0]
[4212, 4.0, 4.5]
[4230, 4.5, 5.0]
[4360, 5.0, 5.5]
[4563, 5.5, 6.0]
[4501, 6.0, 6.5]
[5005, 6.5, 7.0]
[6109, 7.0, 7.5]
[8197, 7.5, 8.0]
[11537, 8.0, 8.5]
[17656, 8.5, 9.0]
[28006, 9.0, 9.5]
[47746, 9.5, 10.0]
[85588, 10.0, 1.0]
[93664, 1.0, 1.0]
[13048, 1.0, 1.1]
[4176, 1.1, 1.2]
[4176, 1.2, 1.3]
[4176, 1.3, 1.4]
[4246, 1.4, 1.5]
[4176, 1.5, 2.0]
[4245, 2.0, 2.5]
[4362, 2.5, 3.0]
[4176, 3.0, 3.5]
[4266, 3.5, 4.0]
[4176, 4.0, 4.5]
[4263, 4.5, 5.0]
[4409, 5.0, 5.5]
[4718, 5.5, 6.0]
[6138, 6.0, 6.5]
[8259, 6.5, 7.0]
[11682, 7.0, 7.5]
[17934, 7.5, 8.0]
[28562, 8.0, 8.5]
[49170, 8.5, 9.0]
[88812, 9.0, 1.0]
[93026, 1.0, 1.0]
[12326, 1.0, 1.1]
[4176, 1.1, 1.2]
[4176, 1.2, 1.3]
[4176, 1.3, 1.4]
[4303, 1.4, 1.5]
[4181, 1.5, 2.0]
[4239, 2.0, 2.5]
[4178, 2.5, 3.0]
[4227, 3.0, 3.5]
[4254, 3.5, 4.0]
[4301, 4.0, 4.5]
[4721, 4.5, 5.0]
[4970, 5.0, 5.5]
[5951, 5.5, 6.0]
[7791, 6.0, 6.5]
[10941, 6.5, 7.0]
[16638, 7.0, 7.5]
[26550, 7.5, 8.0]
[45054, 8.0, 8.5]
[80581, 8.5, 1.0]
[111715, 1.0, 1.0]
[23949, 1.0, 1.1]
[4176, 1.1, 1.2]
[4176, 1.2, 1.3]
[4176, 1.3, 1.4]
[4252, 1.4, 1.5]
[4176, 1.5, 2.0]
[4176, 2.0, 2.5]
[4176, 2.5, 3.0]
[4176, 3.0, 3.5]
[4176, 3.5, 4.0]
[4176, 4.0, 4.5]
[4245, 4.5, 5.0]
[4176, 5.0, 5.5]
[4225, 5.5, 6.0]
[4408, 6.0, 6.5]
[5248, 6.5, 7.0]
[7069, 7.0, 7.5]
[9493, 7.5, 8.0]
[14227, 8.0, 8.5]
[22137, 8.5, 9.0]
[36930, 9.0, 9.5]
[65182, 9.5, 1.0]
[108344, 1.0, 1.0]
[44145, 1.0, 1.1]
[4176, 1.1, 1.2]
[4176, 1.2, 1.3]
[4176, 1.3, 1.4]
[4176, 1.4, 1.5]
[4176, 1.5, 2.0]
[4232, 2.0, 2.5]
[4176, 2.5, 3.0]
[4176, 3.0, 3.5]
[4297, 3.5, 4.0]
[4486, 4.0, 4.5]
[4285, 4.5, 5.0]
[4399, 5.0, 5.5]
[4624, 5.5, 6.0]
[5708, 6.0, 6.5]
[7577, 6.5, 7.0]
[10619, 7.0, 7.5]
[15809, 7.5, 8.0]
[25463, 8.0, 8.5]
[43188, 8.5, 9.0]
[77196, 9.0, 1.0]
[97202, 1.0, 1.0]
[20702, 1.0, 1.1]
[4176, 1.1, 1.2]
[4246, 1.2, 1.3]
[4176, 1.3, 1.4]
[4176, 1.4, 1.5]
[4257, 1.5, 2.0]
[4176, 2.0, 2.5]
[4292, 2.5, 3.0]
[4256, 3.0, 3.5]
[4228, 3.5, 4.0]
[4176, 4.0, 4.5]
[4318, 4.5, 5.0]
[4582, 5.0, 5.5]
[4723, 5.5, 6.0]
[5639, 6.0, 6.5]
[7424, 6.5, 7.0]
[10298, 7.0, 7.5]
[15236, 7.5, 8.0]
[24168, 8.0, 8.5]
[40223, 8.5, 9.0]
[71330, 9.0, 1.0]
[113512, 1.0, 1.0]
[39354, 1.0, 1.1]
[5603, 1.1, 1.2]
[4176, 1.2, 1.3]
[4176, 1.3, 1.4]
[4176, 1.4, 1.5]
[4176, 1.5, 2.0]
[4176, 2.0, 2.5]
[4176, 2.5, 3.0]
[4240, 3.0, 3.5]
[4176, 3.5, 4.0]
[4325, 4.0, 4.5]
[4176, 4.5, 5.0]
[4369, 5.0, 5.5]
[4284, 5.5, 6.0]
[4474, 6.0, 6.5]
[5314, 6.5, 7.0]
[7135, 7.0, 7.5]
[9811, 7.5, 8.0]
[14209, 8.0, 8.5]
[22455, 8.5, 9.0]
[37332, 9.0, 9.5]
[65668, 9.5, 1.0]
[111938, 1.0, 1.0]
[44584, 1.0, 1.1]
[4230, 1.1, 1.2]
[4176, 1.2, 1.3]
[4176, 1.3, 1.4]
[4200, 1.4, 1.5]
[4200, 1.5, 2.0]
[4176, 2.0, 2.5]
[4176, 2.5, 3.0]
[4200, 3.0, 3.5]
[4176, 3.5, 4.0]
[4284, 4.0, 4.5]
[4330, 4.5, 5.0]
[4185, 5.0, 5.5]
[4444, 5.5, 6.0]
[4579, 6.0, 6.5]
[5335, 6.5, 7.0]
[6820, 7.0, 7.5]
[9412, 7.5, 8.0]
[13978, 8.0, 8.5]
[22308, 8.5, 9.0]
[36933, 9.0, 9.5]
[64849, 9.5, 1.0]
[107304, 1.0, 1.0]
[43609, 1.0, 1.1]
[4295, 1.1, 1.2]
[4295, 1.2, 1.3]
[4379, 1.3, 1.4]
[4295, 1.4, 1.5]
[4362, 1.5, 2.0]
[4318, 2.0, 2.5]
[4238, 2.5, 3.0]
[4268, 3.0, 3.5]
[4354, 3.5, 4.0]
[4294, 4.0, 4.5]
[4401, 4.5, 5.0]
[4574, 5.0, 5.5]
[4967, 5.5, 6.0]
[6051, 6.0, 6.5]
[8424, 6.5, 7.0]
[11847, 7.0, 7.5]
[18099, 7.5, 8.0]
[29617, 8.0, 8.5]
[51102, 8.5, 1.649]
[92958, 1.649, 1.0]
[83214, 1.0, 1.1]
[15628, 1.1, 1.2]
[4176, 1.2, 1.3]
[4176, 1.3, 1.4]
[4176, 1.4, 1.5]
[4176, 1.5, 2.0]
[4176, 2.0, 2.5]
[4176, 2.5, 3.0]
[4176, 3.0, 3.5]
[4209, 3.5, 4.0]
[4565, 4.0, 4.5]
[4176, 4.5, 5.0]
[4283, 5.0, 5.5]
[4389, 5.5, 6.0]
[4824, 6.0, 6.5]
[5832, 6.5, 7.0]
[7653, 7.0, 7.5]
[10887, 7.5, 8.0]
[16343, 8.0, 8.5]
[26343, 8.5, 9.0]
[44556, 9.0, 9.5]
[79752, 9.5, 1.0]
[98610, 1.0, 1.0]
[20430, 1.0, 1.1]
[4176, 1.1, 1.2]
[4176, 1.2, 1.3]
[4176, 1.3, 1.4]
[4176, 1.4, 1.5]
[4176, 1.5, 2.0]
[4176, 2.0, 2.5]
[4176, 2.5, 3.0]
[4176, 3.0, 3.5]
[4176, 3.5, 4.0]
[4489, 4.0, 4.5]
[4176, 4.5, 5.0]
[4384, 5.0, 5.5]
[4609, 5.5, 6.0]
[5777, 6.0, 6.5]
[7730, 6.5, 7.0]
[10688, 7.0, 7.5]
[15962, 7.5, 8.0]
[25784, 8.0, 8.5]
[43845, 8.5, 9.0]
[78708, 9.0, 1.0]
[102228, 1.0, 1.0]
[12577, 1.0, 1.1]
[4176, 1.1, 1.2]
[4176, 1.2, 1.3]
[4176, 1.3, 1.4]
[4176, 1.4, 1.5]
[4201, 1.5, 2.0]
[4192, 2.0, 2.5]
[4176, 2.5, 3.0]
[4200, 3.0, 3.5]
[4176, 3.5, 4.0]
[4192, 4.0, 4.5]
[4285, 4.5, 5.0]
[4176, 5.0, 5.5]
[4201, 5.5, 6.0]
[4358, 6.0, 6.5]
[4231, 6.5, 7.0]
[4209, 7.0, 7.5]
[4411, 7.5, 8.0]
[4176, 8.0, 8.5]
[4258, 8.5, 9.0]
[4365, 9.0, 9.5]
[4883, 9.5, 10.0]
[5765, 10.0, 10.5]
[6577, 10.5, 11.0]
[6901, 11.0, 11.5]
[6886, 11.5, 12.0]
[7190, 12.0, 12.5]
