[89016, 100.0, 1.0]
[1770192, 1.0, 1.0]
[368801, 1.0, 1.1]
[71053, 1.1, 1.2]
[11063, 1.2, 1.3]
[4176, 1.3, 1.4]
[4176, 1.4, 1.5]
[4176, 1.5, 2.0]
[4176, 2.0, 2.5]
[4192, 2.5, 3.0]
[4196, 3.0, 3.5]
[4256, 3.5, 4.0]
[4176, 4.0, 4.5]
[4193, 4.5, 5.0]
[4223, 5.0, 5.5]
[4199, 5.5, 6.0]
[4232, 6.0, 6.5]
[5156, 6.5, 7.0]
[6092, 7.0, 7.5]
[8180, 7.5, 8.0]
[12192, 8.0, 8.5]
[18768, 8.5, 9.0]
[30225, 9.0, 9.5]
[52611, 9.5, 1.544]
[95451, 1.544, 1.0]
[114033, 1.0, 1.0]
[19295, 1.0, 1.1]
[4195, 1.1, 1.2]
[4195, 1.2, 1.3]
[4195, 1.3, 1.4]
[4195, 1.4, 1.5]
[4195, 1.5, 2.0]
[4318, 2.0, 2.5]
[4195, 2.5, 3.0]
[4247, 3.0, 3.5]
[4363, 3.5, 4.0]
[4485, 4.0, 4.5]
[4376, 4.5, 5.0]
[4379, 5.0, 5.5]
[5192, 5.5, 6.0]
[6612, 6.0, 6.5]
[8817, 6.5, 7.0]
[12828, 7.0, 7.5]
[19806, 7.5, 8.0]
[32382, 8.0, 8.5]
[56041, 8.5, 1.0]
[101668, 1.0, 1.0]
[47969, 1.0, 1.1]
[7367, 1.1, 1.2]
[4195, 1.2, 1.3]
[4195, 1.3, 1.4]
[4279, 1.4, 1.5]
[4195, 1.5, 2.0]
[4279, 2.0, 2.5]
[4304, 2.5, 3.0]
[4221, 3.0, 3.5]
[4248, 3.5, 4.0]
[4439, 4.0, 4.5]
[4305, 4.5, 5.0]
[4176, 5.0, 5.5]
[4176, 5.5, 6.0]
[4527, 6.0, 6.5]
[5199, 6.5, 7.0]
[6852, 7.0, 7.5]
[9192, 7.5, 8.0]
[13590, 8.0, 8.5]
[20959, 8.5, 9.0]
[34645, 9.0, 9.5]
[60251, 9.5, 1.0]
[106731, 1.0, 1.0]
[43456, 1.0, 1.1]
[4176, 1.1, 1.2]
[4176, 1.2, 1.3]
[4176, 1.3, 1.4]
[4176, 1.4, 1.5]
[4176, 1.5, 2.0]
[4176, 2.0, 2.5]
[4176, 2.5, 3.0]
[4385, 3.0, 3.5]
[4317, 3.5, 4.0]
[4176, 4.0, 4.5]
[4176, 4.5, 5.0]
[4330, 5.0, 5.5]
[4521, 5.5, 6.0]
[4872, 6.0, 6.5]
[5628, 6.5, 7.0]
[7281, 7.0, 7.5]
[10179, 7.5, 8.0]
[15299, 8.0, 8.5]
[24170, 8.5, 9.0]
[40589, 9.0, 9.5]
[72481, 9.5, 1.0]
[105507, 1.0, 1.0]
[31900, 1.0, 1.1]
[4916, 1.1, 1.2]
[4176, 1.2, 1.3]
[4176, 1.3, 1.4]
[4333, 1.4, 1.5]
[4176, 1.5, 2.0]
[4176, 2.0, 2.5]
[4176, 2.5, 3.0]
[4363, 3.0, 3.5]
[4256, 3.5, 4.0]
[4176, 4.0, 4.5]
[4318, 4.5, 5.0]
[4176, 5.0, 5.5]
[4407, 5.5, 6.0]
[4539, 6.0, 6.5]
[5379, 6.5, 7.0]
[6528, 7.0, 7.5]
[8868, 7.5, 8.0]
[12544, 8.0, 8.5]
[19288, 8.5, 9.0]
[31264, 9.0, 9.5]
[54056, 9.5, 1.386]
[98023, 1.386, 1.0]
[76157, 1.0, 1.1]
[8487, 1.1, 1.2]
[4176, 1.2, 1.3]
[4176, 1.3, 1.4]
[4252, 1.4, 1.5]
[4253, 1.5, 2.0]
[4253, 2.0, 2.5]
[4238, 2.5, 3.0]
[4238, 3.0, 3.5]
[4176, 3.5, 4.0]
[4527, 4.0, 4.5]
[4238, 4.5, 5.0]
[4377, 5.0, 5.5]
[4434, 5.5, 6.0]
[5457, 6.0, 6.5]
[6549, 6.5, 7.0]
[9255, 7.0, 7.5]
[13467, 7.5, 8.0]
[20787, 8.0, 8.5]
[33959, 8.5, 9.0]
[59432, 9.0, 1.0]
[105240, 1.0, 1.0]
[53305, 1.0, 1.1]
[5936, 1.1, 1.2]
[4176, 1.2, 1.3]
[4238, 1.3, 1.4]
[4238, 1.4, 1.5]
[4176, 1.5, 2.0]
[4238, 2.0, 2.5]
[4176, 2.5, 3.0]
[4287, 3.0, 3.5]
[4305, 3.5, 4.0]
[4265, 4.0, 4.5]
[4208, 4.5, 5.0]
[4203, 5.0, 5.5]
[4325, 5.5, 6.0]
[4760, 6.0, 6.5]
[5516, 6.5, 7.0]
[7421, 7.0, 7.5]
[10403, 7.5, 8.0]
[16111, 8.0, 8.5]
[25691, 8.5, 9.0]
[42881, 9.0, 9.5]
[76593, 9.5, 1.0]
[107526, 1.0, 1.0]
[27031, 1.0, 1.1]
[4176, 1.1, 1.2]
[4176, 1.2, 1.3]
[4176, 1.3, 1.4]
[4176, 1.4, 1.5]
[4176, 1.5, 2.0]
[4176, 2.0, 2.5]
[4176, 2.5, 3.0]
[4343, 3.0, 3.5]
[4327, 3.5, 4.0]
[4274, 4.0, 4.5]
[4318, 4.5, 5.0]
[4736, 5.0, 5.5]
[5045, 5.5, 6.0]
[6213, 6.0, 6.5]
[8334, 6.5, 7.0]
[11757, 7.0, 7.5]
[18177, 7.5, 8.0]
[29443, 8.0, 8.5]
[50303, 8.5, 1.843]
[91052, 1.843, 1.0]
[100192, 1.0, 1.0]
[19072, 1.0, 1.1]
[4176, 1.1, 1.2]
[4222, 1.2, 1.3]
[4186, 1.3, 1.4]
[4176, 1.4, 1.5]
[4176, 1.5, 2.0]
[4176, 2.0, 2.5]
[4222, 2.5, 3.0]
[4176, 3.0, 3.5]
[4188, 3.5, 4.0]
[4176, 4.0, 4.5]
[4426, 4.5, 5.0]
[4331, 5.0, 5.5]
[4640, 5.5, 6.0]
[5556, 6.0, 6.5]
[7404, 6.5, 7.0]
[10194, 7.0, 7.5]
[15384, 7.5, 8.0]
[24148, 8.0, 8.5]
[40455, 8.5, 9.0]
[71562, 9.0, 1.0]
[109376, 1.0, 1.0]
[32661, 1.0, 1.1]
[5677, 1.1, 1.2]
[4176, 1.2, 1.3]
[4176, 1.3, 1.4]
[4176, 1.4, 1.5]
[4176, 1.5, 2.0]
[4222, 2.0, 2.5]
[4176, 2.5, 3.0]
[4176, 3.0, 3.5]
[4262, 3.5, 4.0]
[4344, 4.0, 4.5]
[4258, 4.5, 5.0]
[4176, 5.0, 5.5]
[4429, 5.5, 6.0]
[4528, 6.0, 6.5]
[5116, 6.5, 7.0]
[6304, 7.0, 7.5]
[8560, 7.5, 8.0]
[12320, 8.0, 8.5]
[18896, 8.5, 9.0]
[31040, 9.0, 9.5]
[53916, 9.5, 1.352]
[96371, 1.352, 1.0]
[64459, 1.0, 1.1]
[10323, 1.1, 1.2]
[4176, 1.2, 1.3]
[4176, 1.3, 1.4]
[4176, 1.4, 1.5]
[4176, 1.5, 2.0]
[4176, 2.0, 2.5]
[4244, 2.5, 3.0]
[4176, 3.0, 3.5]
[4176, 3.5, 4.0]
[4249, 4.0, 4.5]
[4245, 4.5, 5.0]
[4176, 5.0, 5.5]
[4519, 5.5, 6.0]
[5038, 6.0, 6.5]
[5878, 6.5, 7.0]
[7615, 7.0, 7.5]
[10849, 7.5, 8.0]
[16221, 8.0, 8.5]
[26053, 8.5, 9.0]
[44098, 9.0, 9.5]
[79378, 9.5, 1.0]
[114196, 1.0, 1.0]
[25086, 1.0, 1.1]
[4785, 1.1, 1.2]
[4176, 1.2, 1.3]
[4176, 1.3, 1.4]
[4176, 1.4, 1.5]
[4176, 1.5, 2.0]
[4176, 2.0, 2.5]
[4176, 2.5, 3.0]
[4176, 3.0, 3.5]
[4268, 3.5, 4.0]
[4196, 4.0, 4.5]
[4176, 4.5, 5.0]
[4181, 5.0, 5.5]
[4224, 5.5, 6.0]
[4507, 6.0, 6.5]
[5095, 6.5, 7.0]
[6451, 7.0, 7.5]
[8791, 7.5, 8.0]
[12467, 8.0, 8.5]
[19379, 8.5, 9.0]
[31691, 9.0, 9.5]
[54483, 9.5, 1.371]
[98485, 1.371, 1.0]
[80245, 1.0, 1.1]
[12575, 1.1, 1.2]
[4176, 1.2, 1.3]
[4176, 1.3, 1.4]
[4176, 1.4, 1.5]
[4176, 1.5, 2.0]
[4214, 2.0, 2.5]
[4176, 2.5, 3.0]
[4176, 3.0, 3.5]
[4215, 3.5, 4.0]
[4293, 4.0, 4.5]
[4176, 4.5, 5.0]
[4328, 5.0, 5.5]
[4176, 5.5, 6.0]
[4233, 6.0, 6.5]
[4905, 6.5, 7.0]
[5841, 7.0, 7.5]
[7623, 7.5, 8.0]
[10409, 8.0, 8.5]
[15231, 8.5, 9.0]
[24123, 9.0, 9.5]
[40475, 9.5, 10.0]
[71653, 10.0, 1.0]
[106509, 1.0, 1.0]
[31138, 1.0, 1.1]
[4176, 1.1, 1.2]
[4176, 1.2, 1.3]
[4176, 1.3, 1.4]
[4176, 1.4, 1.5]
[4176, 1.5, 2.0]
[4176, 2.0, 2.5]
[4176, 2.5, 3.0]
[4225, 3.0, 3.5]
[4176, 3.5, 4.0]
[4176, 4.0, 4.5]
[4176, 4.5, 5.0]
[4231, 5.0, 5.5]
[4326, 5.5, 6.0]
[4483, 6.0, 6.5]
[5155, 6.5, 7.0]
[6427, 7.0, 7.5]
[8683, 7.5, 8.0]
[12695, 8.0, 8.5]
[19728, 8.5, 9.0]
[32208, 9.0, 9.5]
[55910, 9.5, 1.061]
[100367, 1.061, 1.0]
[69870, 1.0, 1.1]
[9051, 1.1, 1.2]
[4176, 1.2, 1.3]
[4176, 1.3, 1.4]
[4176, 1.4, 1.5]
[4176, 1.5, 2.0]
[4176, 2.0, 2.5]
[4176, 2.5, 3.0]
[4176, 3.0, 3.5]
[4176, 3.5, 4.0]
[4323, 4.0, 4.5]
[4270, 4.5, 5.0]
[4461, 5.0, 5.5]
[4315, 5.5, 6.0]
[4666, 6.0, 6.5]
[5926, 6.5, 7.0]
[7831, 7.0, 7.5]
[11065, 7.5, 8.0]
[16605, 8.0, 8.5]
[26521, 8.5, 9.0]
[45154, 9.0, 9.5]
[81176, 9.5, 1.0]
[96576, 1.0, 1.0]
[17472, 1.0, 1.1]
[4176, 1.1, 1.2]
[4225, 1.2, 1.3]
[4176, 1.3, 1.4]
[4176, 1.4, 1.5]
[4185, 1.5, 2.0]
[4278, 2.0, 2.5]
[4191, 2.5, 3.0]
[4251, 3.0, 3.5]
[4176, 3.5, 4.0]
[4275, 4.0, 4.5]
[4346, 4.5, 5.0]
[5099, 5.0, 5.5]
[6575, 5.5, 6.0]
[9232, 6.0, 6.5]
[13411, 6.5, 7.0]
[21214, 7.0, 7.5]
[35122, 7.5, 8.0]
[61838, 8.0, 1.0]
[105013, 1.0, 1.0]
[45098, 1.0, 1.1]
[4176, 1.1, 1.2]
[4176, 1.2, 1.3]
[4176, 1.3, 1.4]
[4248, 1.4, 1.5]
[4260, 1.5, 2.0]
[4176, 2.0, 2.5]
[4176, 2.5, 3.0]
[4176, 3.0, 3.5]
[4176, 3.5, 4.0]
[4208, 4.0, 4.5]
[4220, 4.5, 5.0]
[4176, 5.0, 5.5]
[4231, 5.5, 6.0]
[4176, 6.0, 6.5]
[4176, 6.5, 7.0]
[4299, 7.0, 7.5]
[4229, 7.5, 8.0]
[4196, 8.0, 8.5]
[4262, 8.5, 9.0]
[4221, 9.0, 9.5]
[4603, 9.5, 10.0]
[4897, 10.0, 10.5]
[5713, 10.5, 11.0]
[6925, 11.0, 11.5]
[6899, 11.5, 12.0]
[6867, 12.0, 12.5]
[7229, 12.5, 13.0]
[6692, 13.0, 13.5]
[5853, 13.5, 14.0]
[5231, 14.0, 14.5]
[4233, 14.5, 15.0]
[4176, 15.0, 15.5]
[4220, 15.5, 16.0]
[4176, 16.0, 16.5]
[4186, 16.5, 17.0]
[4274, 17.0, 17.5]
[4196, 17.5, 18.0]
[4242, 18.0, 18.5]
[4263, 18.5, 19.0]
[4261, 19.0, 19.5]
[4176, 19.5, 20.0]
[4257, 20.0, 20.5]
[4176, 20.5, 21.0]
[89016, 100.0, 1.0]
[1770192, 1.0, 1.0]
[368801, 1.0, 1.1]
[71053, 1.1, 1.2]
[11063, 1.2, 1.3]
[4176, 1.3, 1.4]
[4176, 1.4, 1.5]
[4176, 1.5, 2.0]
[4176, 2.0, 2.5]
[4192, 2.5, 3.0]
[4196, 3.0, 3.5]
[4256, 3.5, 4.0]
[4176, 4.0, 4.5]
[4193, 4.5, 5.0]
[4223, 5.0, 5.5]
[4199, 5.5, 6.0]
[4232, 6.0, 6.5]
[5156, 6.5, 7.0]
[6092, 7.0, 7.5]
[8180, 7.5, 8.0]
[12192, 8.0, 8.5]
[18768, 8.5, 9.0]
[30225, 9.0, 9.5]
[52611, 9.5, 1.544]
[95451, 1.544, 1.0]
[114033, 1.0, 1.0]
[19295, 1.0, 1.1]
[4195, 1.1, 1.2]
[4195, 1.2, 1.3]
[4195, 1.3, 1.4]
[4195, 1.4, 1.5]
[4195, 1.5, 2.0]
[4318, 2.0, 2.5]
[4195, 2.5, 3.0]
[4247, 3.0, 3.5]
[4363, 3.5, 4.0]
[4485, 4.0, 4.5]
[4376, 4.5, 5.0]
[4379, 5.0, 5.5]
[5192, 5.5, 6.0]
[6612, 6.0, 6.5]
[8817, 6.5, 7.0]
[12828, 7.0, 7.5]
[19806, 7.5, 8.0]
[32382, 8.0, 8.5]
[56041, 8.5, 1.0]
[101668, 1.0, 1.0]
[47969, 1.0, 1.1]
[7367, 1.1, 1.2]
[4195, 1.2, 1.3]
[4195, 1.3, 1.4]
[4279, 1.4, 1.5]
[4195, 1.5, 2.0]
[4279, 2.0, 2.5]
[4304, 2.5, 3.0]
[4221, 3.0, 3.5]
[4248, 3.5, 4.0]
[4439, 4.0, 4.5]
[4305, 4.5, 5.0]
[4176, 5.0, 5.5]
[4176, 5.5, 6.0]
[4527, 6.0, 6.5]
[5199, 6.5, 7.0]
[6852, 7.0, 7.5]
[9192, 7.5, 8.0]
[13590, 8.0, 8.5]
[20959, 8.5, 9.0]
[34645, 9.0, 9.5]
[60251, 9.5, 1.0]
[106731, 1.0, 1.0]
[43456, 1.0, 1.1]
[4176, 1.1, 1.2]
[4176, 1.2, 1.3]
[4176, 1.3, 1.4]
[4176, 1.4, 1.5]
[4176, 1.5, 2.0]
[4176, 2.0, 2.5]
[4176, 2.5, 3.0]
[4385, 3.0, 3.5]
[4317, 3.5, 4.0]
[4176, 4.0, 4.5]
[4176, 4.5, 5.0]
[4330, 5.0, 5.5]
[4521, 5.5, 6.0]
[4872, 6.0, 6.5]
[5628, 6.5, 7.0]
[7281, 7.0, 7.5]
[10179, 7.5, 8.0]
[15299, 8.0, 8.5]
[24170, 8.5, 9.0]
[40589, 9.0, 9.5]
[72481, 9.5, 1.0]
[105507, 1.0, 1.0]
[31900, 1.0, 1.1]
[4916, 1.1, 1.2]
[4176, 1.2, 1.3]
[4176, 1.3, 1.4]
[4333, 1.4, 1.5]
[4176, 1.5, 2.0]
[4176, 2.0, 2.5]
[4176, 2.5, 3.0]
[4363, 3.0, 3.5]
[4256, 3.5, 4.0]
[4176, 4.0, 4.5]
[4318, 4.5, 5.0]
[4176, 5.0, 5.5]
[4407, 5.5, 6.0]
[4539, 6.0, 6.5]
[5379, 6.5, 7.0]
[6528, 7.0, 7.5]
[8868, 7.5, 8.0]
[12544, 8.0, 8.5]
[19288, 8.5, 9.0]
[31264, 9.0, 9.5]
[54056, 9.5, 1.386]
[98023, 1.386, 1.0]
[76157, 1.0, 1.1]
[8487, 1.1, 1.2]
[4176, 1.2, 1.3]
[4176, 1.3, 1.4]
[4252, 1.4, 1.5]
[4253, 1.5, 2.0]
[4253, 2.0, 2.5]
[4238, 2.5, 3.0]
[4238, 3.0, 3.5]
[4176, 3.5, 4.0]
[4527, 4.0, 4.5]
[4238, 4.5, 5.0]
[4377, 5.0, 5.5]
[4434, 5.5, 6.0]
[5457, 6.0, 6.5]
[6549, 6.5, 7.0]
[9255, 7.0, 7.5]
[13467, 7.5, 8.0]
[20787, 8.0, 8.5]
[33959, 8.5, 9.0]
[59432, 9.0, 1.0]
[105240, 1.0, 1.0]
[53305, 1.0, 1.1]
[5936, 1.1, 1.2]
[4176, 1.2, 1.3]
[4238, 1.3, 1.4]
[4238, 1.4, 1.5]
[4176, 1.5, 2.0]
[4238, 2.0, 2.5]
[4176, 2.5, 3.0]
[4287, 3.0, 3.5]
[4305, 3.5, 4.0]
[4265, 4.0, 4.5]
[4208, 4.5, 5.0]
[4203, 5.0, 5.5]
[4325, 5.5, 6.0]
[4760, 6.0, 6.5]
[5516, 6.5, 7.0]
[7421, 7.0, 7.5]
[10403, 7.5, 8.0]
[16111, 8.0, 8.5]
[25691, 8.5, 9.0]
[42881, 9.0, 9.5]
[76593, 9.5, 1.0]
[107526, 1.0, 1.0]
[27031, 1.0, 1.1]
[4176, 1.1, 1.2]
[4176, 1.2, 1.3]
[4176, 1.3, 1.4]
[4176, 1.4, 1.5]
[4176, 1.5, 2.0]
[4176, 2.0, 2.5]
[4176, 2.5, 3.0]
[4343, 3.0, 3.5]
[4327, 3.5, 4.0]
[4274, 4.0, 4.5]
[4318, 4.5, 5.0]
[4736, 5.0, 5.5]
[5045, 5.5, 6.0]
[6213, 6.0, 6.5]
[8334, 6.5, 7.0]
[11757, 7.0, 7.5]
[18177, 7.5, 8.0]
[29443, 8.0, 8.5]
[50303, 8.5, 1.843]
[91052, 1.843, 1.0]
[100192, 1.0, 1.0]
[19072, 1.0, 1.1]
[4176, 1.1, 1.2]
[4222, 1.2, 1.3]
[4186, 1.3, 1.4]
[4176, 1.4, 1.5]
[4176, 1.5, 2.0]
[4176, 2.0, 2.5]
[4222, 2.5, 3.0]
[4176, 3.0, 3.5]
[4188, 3.5, 4.0]
[4176, 4.0, 4.5]
[4426, 4.5, 5.0]
[4331, 5.0, 5.5]
[4640, 5.5, 6.0]
[5556, 6.0, 6.5]
[7404, 6.5, 7.0]
[10194, 7.0, 7.5]
[15384, 7.5, 8.0]
[24148, 8.0, 8.5]
[40455, 8.5, 9.0]
[71562, 9.0, 1.0]
[109376, 1.0, 1.0]
[32661, 1.0, 1.1]
[5677, 1.1, 1.2]
[4176, 1.2, 1.3]
[4176, 1.3, 1.4]
[4176, 1.4, 1.5]
[4176, 1.5, 2.0]
[4222, 2.0, 2.5]
[4176, 2.5, 3.0]
[4176, 3.0, 3.5]
[4262, 3.5, 4.0]
[4344, 4.0, 4.5]
[4258, 4.5, 5.0]
[4176, 5.0, 5.5]
[4429, 5.5, 6.0]
[4528, 6.0, 6.5]
[5116, 6.5, 7.0]
[6304, 7.0, 7.5]
[8560, 7.5, 8.0]
[12320, 8.0, 8.5]
[18896, 8.5, 9.0]
[31040, 9.0, 9.5]
[53916, 9.5, 1.352]
[96371, 1.352, 1.0]
[64459, 1.0, 1.1]
[10323, 1.1, 1.2]
[4176, 1.2, 1.3]
[4176, 1.3, 1.4]
[4176, 1.4, 1.5]
[4176, 1.5, 2.0]
[4176, 2.0, 2.5]
[4244, 2.5, 3.0]
[4176, 3.0, 3.5]
[4176, 3.5, 4.0]
[4249, 4.0, 4.5]
[4245, 4.5, 5.0]
[4176, 5.0, 5.5]
[4519, 5.5, 6.0]
[5038, 6.0, 6.5]
[5878, 6.5, 7.0]
[7615, 7.0, 7.5]
[10849, 7.5, 8.0]
[16221, 8.0, 8.5]
[26053, 8.5, 9.0]
[44098, 9.0, 9.5]
[79378, 9.5, 1.0]
[114196, 1.0, 1.0]
[25086, 1.0, 1.1]
[4785, 1.1, 1.2]
[4176, 1.2, 1.3]
[4176, 1.3, 1.4]
[4176, 1.4, 1.5]
[4176, 1.5, 2.0]
[4176, 2.0, 2.5]
[4176, 2.5, 3.0]
[4176, 3.0, 3.5]
[4268, 3.5, 4.0]
[4196, 4.0, 4.5]
[4176, 4.5, 5.0]
[4181, 5.0, 5.5]
[4224, 5.5, 6.0]
[4507, 6.0, 6.5]
[5095, 6.5, 7.0]
[6451, 7.0, 7.5]
[8791, 7.5, 8.0]
[12467, 8.0, 8.5]
[19379, 8.5, 9.0]
[31691, 9.0, 9.5]
[54483, 9.5, 1.371]
[98485, 1.371, 1.0]
[80245, 1.0, 1.1]
[12575, 1.1, 1.2]
[4176, 1.2, 1.3]
[4176, 1.3, 1.4]
[4176, 1.4, 1.5]
[4176, 1.5, 2.0]
[4214, 2.0, 2.5]
[4176, 2.5, 3.0]
[4176, 3.0, 3.5]
[4215, 3.5, 4.0]
[4293, 4.0, 4.5]
[4176, 4.5, 5.0]
[4328, 5.0, 5.5]
[4176, 5.5, 6.0]
[4233, 6.0, 6.5]
[4905, 6.5, 7.0]
[5841, 7.0, 7.5]
[7623, 7.5, 8.0]
[10409, 8.0, 8.5]
[15231, 8.5, 9.0]
[24123, 9.0, 9.5]
[40475, 9.5, 10.0]
[71653, 10.0, 1.0]
[106509, 1.0, 1.0]
[31138, 1.0, 1.1]
[4176, 1.1, 1.2]
[4176, 1.2, 1.3]
[4176, 1.3, 1.4]
[4176, 1.4, 1.5]
[4176, 1.5, 2.0]
[4176, 2.0, 2.5]
[4176, 2.5, 3.0]
[4225, 3.0, 3.5]
[4176, 3.5, 4.0]
[4176, 4.0, 4.5]
[4176, 4.5, 5.0]
[4231, 5.0, 5.5]
[4326, 5.5, 6.0]
[4483, 6.0, 6.5]
[5155, 6.5, 7.0]
[6427, 7.0, 7.5]
[8683, 7.5, 8.0]
[12695, 8.0, 8.5]
[19728, 8.5, 9.0]
[32208, 9.0, 9.5]
[55910, 9.5, 1.061]
[100367, 1.061, 1.0]
[69870, 1.0, 1.1]
[9051, 1.1, 1.2]
[4176, 1.2, 1.3]
[4176, 1.3, 1.4]
[4176, 1.4, 1.5]
[4176, 1.5, 2.0]
[4176, 2.0, 2.5]
[4176, 2.5, 3.0]
[4176, 3.0, 3.5]
[4176, 3.5, 4.0]
[4323, 4.0, 4.5]
[4270, 4.5, 5.0]
[4461, 5.0, 5.5]
[4315, 5.5, 6.0]
[4666, 6.0, 6.5]
[5926, 6.5, 7.0]
[7831, 7.0, 7.5]
[11065, 7.5, 8.0]
[16605, 8.0, 8.5]
[26521, 8.5, 9.0]
[45154, 9.0, 9.5]
[81176, 9.5, 1.0]
[96576, 1.0, 1.0]
[17472, 1.0, 1.1]
[4176, 1.1, 1.2]
[4225, 1.2, 1.3]
[4176, 1.3, 1.4]
[4176, 1.4, 1.5]
[4185, 1.5, 2.0]
[4278, 2.0, 2.5]
[4191, 2.5, 3.0]
[4251, 3.0, 3.5]
[4176, 3.5, 4.0]
[4275, 4.0, 4.5]
[4346, 4.5, 5.0]
[5099, 5.0, 5.5]
[6575, 5.5, 6.0]
[9232, 6.0, 6.5]
[13411, 6.5, 7.0]
[21214, 7.0, 7.5]
[35122, 7.5, 8.0]
[61838, 8.0, 1.0]
[105013, 1.0, 1.0]
[45098, 1.0, 1.1]
[4176, 1.1, 1.2]
[4176, 1.2, 1.3]
[4176, 1.3, 1.4]
[4248, 1.4, 1.5]
[4260, 1.5, 2.0]
[4176, 2.0, 2.5]
[4176, 2.5, 3.0]
[4176, 3.0, 3.5]
[4176, 3.5, 4.0]
[4208, 4.0, 4.5]
[4220, 4.5, 5.0]
[4176, 5.0, 5.5]
[4231, 5.5, 6.0]
[4176, 6.0, 6.5]
[4176, 6.5, 7.0]
[4299, 7.0, 7.5]
[4229, 7.5, 8.0]
[4196, 8.0, 8.5]
[4262, 8.5, 9.0]
[4221, 9.0, 9.5]
[4603, 9.5, 10.0]
[4897, 10.0, 10.5]
[5713, 10.5, 11.0]
[6925, 11.0, 11.5]
[6899, 11.5, 12.0]
[6867, 12.0, 12.5]
[7229, 12.5, 13.0]
[6692, 13.0, 13.5]
[5853, 13.5, 14.0]
[5231, 14.0, 14.5]
[4233, 14.5, 15.0]
[4176, 15.0, 15.5]
[4220, 15.5, 16.0]
[4176, 16.0, 16.5]
[4186, 16.5, 17.0]
[4274, 17.0, 17.5]
[4196, 17.5, 18.0]
[4242, 18.0, 18.5]
[4263, 18.5, 19.0]
[4261, 19.0, 19.5]
[4176, 19.5, 20.0]
[4257, 20.0, 20.5]
[4176, 20.5, 21.0]
