[90696, 100.0, 1.0]
[1754077, 1.0, 1.0]
[346541, 1.0, 1.1]
[62411, 1.1, 1.2]
[8420, 1.2, 1.3]
[4176, 1.3, 1.4]
[4176, 1.4, 1.5]
[4176, 1.5, 2.0]
[4176, 2.0, 2.5]
[4176, 2.5, 3.0]
[4176, 3.0, 3.5]
[4176, 3.5, 4.0]
[4176, 4.0, 4.5]
[4176, 4.5, 5.0]
[4242, 5.0, 5.5]
[4430, 5.5, 6.0]
[4865, 6.0, 6.5]
[5957, 6.5, 7.0]
[7778, 7.0, 7.5]
[11012, 7.5, 8.0]
[16552, 8.0, 8.5]
[26552, 8.5, 9.0]
[45017, 9.0, 9.5]
[80717, 9.5, 1.0]
[126154, 1.0, 1.0]
[40777, 1.0, 1.1]
[7026, 1.1, 1.2]
[4176, 1.2, 1.3]
[4176, 1.3, 1.4]
[4176, 1.4, 1.5]
[4227, 1.5, 2.0]
[4176, 2.0, 2.5]
[4201, 2.5, 3.0]
[4225, 3.0, 3.5]
[4176, 3.5, 4.0]
[4346, 4.0, 4.5]
[4176, 4.5, 5.0]
[4228, 5.0, 5.5]
[4613, 5.5, 6.0]
[4671, 6.0, 6.5]
[4755, 6.5, 7.0]
[5691, 7.0, 7.5]
[7389, 7.5, 8.0]
[10175, 8.0, 8.5]
[14913, 8.5, 9.0]
[23973, 9.0, 9.5]
[40157, 9.5, 10.0]
[71167, 10.0, 1.0]
[100647, 1.0, 1.0]
[27255, 1.0, 1.1]
[4196, 1.1, 1.2]
[4176, 1.2, 1.3]
[4176, 1.3, 1.4]
[4176, 1.4, 1.5]
[4176, 1.5, 2.0]
[4226, 2.0, 2.5]
[4229, 2.5, 3.0]
[4176, 3.0, 3.5]
[4493, 3.5, 4.0]
[4316, 4.0, 4.5]
[4325, 4.5, 5.0]
[4667, 5.0, 5.5]
[5312, 5.5, 6.0]
[6480, 6.0, 6.5]
[8685, 6.5, 7.0]
[12360, 7.0, 7.5]
[19086, 7.5, 8.0]
[31024, 8.0, 8.5]
[53554, 8.5, 1.32]
[96952, 1.32, 1.0]
[62172, 1.0, 1.1]
[8036, 1.1, 1.2]
[4176, 1.2, 1.3]
[4214, 1.3, 1.4]
[4176, 1.4, 1.5]
[4176, 1.5, 2.0]
[4269, 2.0, 2.5]
[4176, 2.5, 3.0]
[4235, 3.0, 3.5]
[4249, 3.5, 4.0]
[4268, 4.0, 4.5]
[4397, 4.5, 5.0]
[4201, 5.0, 5.5]
[5182, 5.5, 6.0]
[6182, 6.0, 6.5]
[8555, 6.5, 7.0]
[12230, 7.0, 7.5]
[18956, 7.5, 8.0]
[30558, 8.0, 8.5]
[52295, 8.5, 1.568]
[94838, 1.568, 1.0]
[78848, 1.0, 1.1]
[11178, 1.1, 1.2]
[4176, 1.2, 1.3]
[4176, 1.3, 1.4]
[4176, 1.4, 1.5]
[4176, 1.5, 2.0]
[4176, 2.0, 2.5]
[4176, 2.5, 3.0]
[4290, 3.0, 3.5]
[4183, 3.5, 4.0]
[4176, 4.0, 4.5]
[4245, 4.5, 5.0]
[4176, 5.0, 5.5]
[4250, 5.5, 6.0]
[4466, 6.0, 6.5]
[5390, 6.5, 7.0]
[6455, 7.0, 7.5]
[8795, 7.5, 8.0]
[12555, 8.0, 8.5]
[19131, 8.5, 9.0]
[31191, 9.0, 9.5]
[53983, 9.5, 1.384]
[97950, 1.384, 1.0]
[76149, 1.0, 1.1]
[8479, 1.1, 1.2]
[4258, 1.2, 1.3]
[4258, 1.3, 1.4]
[4328, 1.4, 1.5]
[4329, 1.5, 2.0]
[4329, 2.0, 2.5]
[4398, 2.5, 3.0]
[4314, 3.0, 3.5]
[4336, 3.5, 4.0]
[4687, 4.0, 4.5]
[4398, 4.5, 5.0]
[4537, 5.0, 5.5]
[4762, 5.5, 6.0]
[5930, 6.0, 6.5]
[7631, 6.5, 7.0]
[10505, 7.0, 7.5]
[15611, 7.5, 8.0]
[24543, 8.0, 8.5]
[41391, 8.5, 9.0]
[73185, 9.0, 1.0]
[109207, 1.0, 1.0]
[27620, 1.0, 1.1]
[4176, 1.1, 1.2]
[4176, 1.2, 1.3]
[4260, 1.3, 1.4]
[4176, 1.4, 1.5]
[4176, 1.5, 2.0]
[4176, 2.0, 2.5]
[4176, 2.5, 3.0]
[4176, 3.0, 3.5]
[4227, 3.5, 4.0]
[4617, 4.0, 4.5]
[4320, 4.5, 5.0]
[4176, 5.0, 5.5]
[4424, 5.5, 6.0]
[5027, 6.0, 6.5]
[6035, 6.5, 7.0]
[8276, 7.0, 7.5]
[11426, 7.5, 8.0]
[17940, 8.0, 8.5]
[28938, 8.5, 9.0]
[49800, 9.0, 9.5]
[90624, 9.5, 1.0]
[90666, 1.0, 1.0]
[16397, 1.0, 1.1]
[4176, 1.1, 1.2]
[4176, 1.2, 1.3]
[4176, 1.3, 1.4]
[4176, 1.4, 1.5]
[4176, 1.5, 2.0]
[4176, 2.0, 2.5]
[4219, 2.5, 3.0]
[4243, 3.0, 3.5]
[4213, 3.5, 4.0]
[4176, 4.0, 4.5]
[4256, 4.5, 5.0]
[4286, 5.0, 5.5]
[4260, 5.5, 6.0]
[4695, 6.0, 6.5]
[5787, 6.5, 7.0]
[7608, 7.0, 7.5]
[10758, 7.5, 8.0]
[16130, 8.0, 8.5]
[25794, 8.5, 9.0]
[43236, 9.0, 9.5]
[77606, 9.5, 1.0]
[112606, 1.0, 1.0]
[29376, 1.0, 1.1]
[4176, 1.1, 1.2]
[4176, 1.2, 1.3]
[4176, 1.3, 1.4]
[4176, 1.4, 1.5]
[4176, 1.5, 2.0]
[4188, 2.0, 2.5]
[4246, 2.5, 3.0]
[4176, 3.0, 3.5]
[4310, 3.5, 4.0]
[4344, 4.0, 4.5]
[4363, 4.5, 5.0]
[4245, 5.0, 5.5]
[4554, 5.5, 6.0]
[5325, 6.0, 6.5]
[6249, 6.5, 7.0]
[8322, 7.0, 7.5]
[11640, 7.5, 8.0]
[17818, 8.0, 8.5]
[28779, 8.5, 9.0]
[48954, 9.0, 9.5]
[88952, 9.5, 1.0]
[89631, 1.0, 1.0]
[15530, 1.0, 1.1]
[4176, 1.1, 1.2]
[4176, 1.2, 1.3]
[4206, 1.3, 1.4]
[4224, 1.4, 1.5]
[4200, 1.5, 2.0]
[4246, 2.0, 2.5]
[4239, 2.5, 3.0]
[4204, 3.0, 3.5]
[4176, 3.5, 4.0]
[4326, 4.0, 4.5]
[4267, 4.5, 5.0]
[4364, 5.0, 5.5]
[4925, 5.5, 6.0]
[6009, 6.0, 6.5]
[8298, 6.5, 7.0]
[11889, 7.0, 7.5]
[18057, 7.5, 8.0]
[29827, 8.0, 8.5]
[51144, 8.5, 1.69]
[93084, 1.69, 1.0]
[73264, 1.0, 1.1]
[12361, 1.1, 1.2]
[4176, 1.2, 1.3]
[4176, 1.3, 1.4]
[4176, 1.4, 1.5]
[4176, 1.5, 2.0]
[4176, 2.0, 2.5]
[4176, 2.5, 3.0]
[4335, 3.0, 3.5]
[4176, 3.5, 4.0]
[4221, 4.0, 4.5]
[4256, 4.5, 5.0]
[4367, 5.0, 5.5]
[4434, 5.5, 6.0]
[4567, 6.0, 6.5]
[5155, 6.5, 7.0]
[6175, 7.0, 7.5]
[8179, 7.5, 8.0]
[11771, 8.0, 8.5]
[18095, 8.5, 9.0]
[29552, 9.0, 9.5]
[50692, 9.5, 1.959]
[92034, 1.959, 1.0]
[95724, 1.0, 1.0]
[14604, 1.0, 1.1]
[4176, 1.1, 1.2]
[4176, 1.2, 1.3]
[4176, 1.3, 1.4]
[4176, 1.4, 1.5]
[4176, 1.5, 2.0]
[4176, 2.0, 2.5]
[4176, 2.5, 3.0]
[4176, 3.0, 3.5]
[4176, 3.5, 4.0]
[4308, 4.0, 4.5]
[4375, 4.5, 5.0]
[4237, 5.0, 5.5]
[4630, 5.5, 6.0]
[5714, 6.0, 6.5]
[7667, 6.5, 7.0]
[10793, 7.0, 7.5]
[15983, 7.5, 8.0]
[25889, 8.0, 8.5]
[43698, 8.5, 9.0]
[78813, 9.0, 1.0]
[109375, 1.0, 1.0]
[27032, 1.0, 1.1]
[4176, 1.1, 1.2]
[4176, 1.2, 1.3]
[4227, 1.3, 1.4]
[4176, 1.4, 1.5]
[4176, 1.5, 2.0]
[4176, 2.0, 2.5]
[4176, 2.5, 3.0]
[4176, 3.0, 3.5]
[4252, 3.5, 4.0]
[4226, 4.0, 4.5]
[4456, 4.5, 5.0]
[4233, 5.0, 5.5]
[4662, 5.5, 6.0]
[5578, 6.0, 6.5]
[6754, 6.5, 7.0]
[9712, 7.0, 7.5]
[14482, 7.5, 8.0]
[22608, 8.0, 8.5]
[37618, 8.5, 9.0]
[66244, 9.0, 1.0]
[107754, 1.0, 1.0]
[41203, 1.0, 1.1]
[7368, 1.1, 1.2]
[4225, 1.2, 1.3]
[4250, 1.3, 1.4]
[4225, 1.4, 1.5]
[4285, 1.5, 2.0]
[4279, 2.0, 2.5]
[4225, 2.5, 3.0]
[4225, 3.0, 3.5]
[4251, 3.5, 4.0]
[4225, 4.0, 4.5]
[4182, 4.5, 5.0]
[4307, 5.0, 5.5]
[4456, 5.5, 6.0]
[4723, 6.0, 6.5]
[5815, 6.5, 7.0]
[7384, 7.0, 7.5]
[10702, 7.5, 8.0]
[16242, 8.0, 8.5]
[26074, 8.5, 9.0]
[44203, 9.0, 9.5]
[79483, 9.5, 1.0]
[105061, 1.0, 1.0]
[21962, 1.0, 1.1]
[4176, 1.1, 1.2]
[4201, 1.2, 1.3]
[4253, 1.3, 1.4]
[4176, 1.4, 1.5]
[4176, 1.5, 2.0]
[4176, 2.0, 2.5]
[4271, 2.5, 3.0]
[4176, 3.0, 3.5]
[4267, 3.5, 4.0]
[4454, 4.0, 4.5]
[4341, 4.5, 5.0]
[4176, 5.0, 5.5]
[4436, 5.5, 6.0]
[4871, 6.0, 6.5]
[6299, 6.5, 7.0]
[8456, 7.0, 7.5]
[12248, 7.5, 8.0]
[18678, 8.0, 8.5]
[30516, 8.5, 9.0]
[52401, 9.0, 1.606]
[94625, 1.606, 1.0]
[75209, 1.0, 1.1]
[14390, 1.1, 1.2]
[4176, 1.2, 1.3]
[4176, 1.3, 1.4]
[4176, 1.4, 1.5]
[4176, 1.5, 2.0]
[4176, 2.0, 2.5]
[4274, 2.5, 3.0]
[4176, 3.0, 3.5]
[4176, 3.5, 4.0]
[4250, 4.0, 4.5]
[4249, 4.5, 5.0]
[4352, 5.0, 5.5]
[4367, 5.5, 6.0]
[4318, 6.0, 6.5]
[4486, 6.5, 7.0]
[5674, 7.0, 7.5]
[7120, 7.5, 8.0]
[10074, 8.0, 8.5]
[14896, 8.5, 9.0]
[23788, 9.0, 9.5]
[40308, 9.5, 10.0]
[71402, 10.0, 1.0]
[106258, 1.0, 1.0]
[26603, 1.0, 1.1]
[4176, 1.1, 1.2]
[4176, 1.2, 1.3]
[4176, 1.3, 1.4]
[4176, 1.4, 1.5]
[4176, 1.5, 2.0]
[4176, 2.0, 2.5]
[4176, 2.5, 3.0]
[4176, 3.0, 3.5]
[4195, 3.5, 4.0]
[4176, 4.0, 4.5]
[4176, 4.5, 5.0]
[4268, 5.0, 5.5]
[4240, 5.5, 6.0]
[4218, 6.0, 6.5]
[4176, 6.5, 7.0]
[4176, 7.0, 7.5]
[4176, 7.5, 8.0]
[4277, 8.0, 8.5]
[4262, 8.5, 9.0]
[4705, 9.0, 9.5]
[5125, 9.5, 10.0]
[5923, 10.0, 10.5]
[6815, 10.5, 11.0]
[90696, 100.0, 1.0]
[1754077, 1.0, 1.0]
[346541, 1.0, 1.1]
[62411, 1.1, 1.2]
[8420, 1.2, 1.3]
[4176, 1.3, 1.4]
[4176, 1.4, 1.5]
[4176, 1.5, 2.0]
[4176, 2.0, 2.5]
[4176, 2.5, 3.0]
[4176, 3.0, 3.5]
[4176, 3.5, 4.0]
[4176, 4.0, 4.5]
[4176, 4.5, 5.0]
[4242, 5.0, 5.5]
[4430, 5.5, 6.0]
[4865, 6.0, 6.5]
[5957, 6.5, 7.0]
[7778, 7.0, 7.5]
[11012, 7.5, 8.0]
[16552, 8.0, 8.5]
[26552, 8.5, 9.0]
[45017, 9.0, 9.5]
[80717, 9.5, 1.0]
[126154, 1.0, 1.0]
[40777, 1.0, 1.1]
[7026, 1.1, 1.2]
[4176, 1.2, 1.3]
[4176, 1.3, 1.4]
[4176, 1.4, 1.5]
[4227, 1.5, 2.0]
[4176, 2.0, 2.5]
[4201, 2.5, 3.0]
[4225, 3.0, 3.5]
[4176, 3.5, 4.0]
[4346, 4.0, 4.5]
[4176, 4.5, 5.0]
[4228, 5.0, 5.5]
[4613, 5.5, 6.0]
[4671, 6.0, 6.5]
[4755, 6.5, 7.0]
[5691, 7.0, 7.5]
[7389, 7.5, 8.0]
[10175, 8.0, 8.5]
[14913, 8.5, 9.0]
[23973, 9.0, 9.5]
[40157, 9.5, 10.0]
[71167, 10.0, 1.0]
[100647, 1.0, 1.0]
[27255, 1.0, 1.1]
[4196, 1.1, 1.2]
[4176, 1.2, 1.3]
[4176, 1.3, 1.4]
[4176, 1.4, 1.5]
[4176, 1.5, 2.0]
[4226, 2.0, 2.5]
[4229, 2.5, 3.0]
[4176, 3.0, 3.5]
[4493, 3.5, 4.0]
[4316, 4.0, 4.5]
[4325, 4.5, 5.0]
[4667, 5.0, 5.5]
[5312, 5.5, 6.0]
[6480, 6.0, 6.5]
[8685, 6.5, 7.0]
[12360, 7.0, 7.5]
[19086, 7.5, 8.0]
[31024, 8.0, 8.5]
[53554, 8.5, 1.32]
[96952, 1.32, 1.0]
[62172, 1.0, 1.1]
[8036, 1.1, 1.2]
[4176, 1.2, 1.3]
[4214, 1.3, 1.4]
[4176, 1.4, 1.5]
[4176, 1.5, 2.0]
[4269, 2.0, 2.5]
[4176, 2.5, 3.0]
[4235, 3.0, 3.5]
[4249, 3.5, 4.0]
[4268, 4.0, 4.5]
[4397, 4.5, 5.0]
[4201, 5.0, 5.5]
[5182, 5.5, 6.0]
[6182, 6.0, 6.5]
[8555, 6.5, 7.0]
[12230, 7.0, 7.5]
[18956, 7.5, 8.0]
[30558, 8.0, 8.5]
[52295, 8.5, 1.568]
[94838, 1.568, 1.0]
[78848, 1.0, 1.1]
[11178, 1.1, 1.2]
[4176, 1.2, 1.3]
[4176, 1.3, 1.4]
[4176, 1.4, 1.5]
[4176, 1.5, 2.0]
[4176, 2.0, 2.5]
[4176, 2.5, 3.0]
[4290, 3.0, 3.5]
[4183, 3.5, 4.0]
[4176, 4.0, 4.5]
[4245, 4.5, 5.0]
[4176, 5.0, 5.5]
[4250, 5.5, 6.0]
[4466, 6.0, 6.5]
[5390, 6.5, 7.0]
[6455, 7.0, 7.5]
[8795, 7.5, 8.0]
[12555, 8.0, 8.5]
[19131, 8.5, 9.0]
[31191, 9.0, 9.5]
[53983, 9.5, 1.384]
[97950, 1.384, 1.0]
[76149, 1.0, 1.1]
[8479, 1.1, 1.2]
[4258, 1.2, 1.3]
[4258, 1.3, 1.4]
[4328, 1.4, 1.5]
[4329, 1.5, 2.0]
[4329, 2.0, 2.5]
[4398, 2.5, 3.0]
[4314, 3.0, 3.5]
[4336, 3.5, 4.0]
[4687, 4.0, 4.5]
[4398, 4.5, 5.0]
[4537, 5.0, 5.5]
[4762, 5.5, 6.0]
[5930, 6.0, 6.5]
[7631, 6.5, 7.0]
[10505, 7.0, 7.5]
[15611, 7.5, 8.0]
[24543, 8.0, 8.5]
[41391, 8.5, 9.0]
[73185, 9.0, 1.0]
[109207, 1.0, 1.0]
[27620, 1.0, 1.1]
[4176, 1.1, 1.2]
[4176, 1.2, 1.3]
[4260, 1.3, 1.4]
[4176, 1.4, 1.5]
[4176, 1.5, 2.0]
[4176, 2.0, 2.5]
[4176, 2.5, 3.0]
[4176, 3.0, 3.5]
[4227, 3.5, 4.0]
[4617, 4.0, 4.5]
[4320, 4.5, 5.0]
[4176, 5.0, 5.5]
[4424, 5.5, 6.0]
[5027, 6.0, 6.5]
[6035, 6.5, 7.0]
[8276, 7.0, 7.5]
[11426, 7.5, 8.0]
[17940, 8.0, 8.5]
[28938, 8.5, 9.0]
[49800, 9.0, 9.5]
[90624, 9.5, 1.0]
[90666, 1.0, 1.0]
[16397, 1.0, 1.1]
[4176, 1.1, 1.2]
[4176, 1.2, 1.3]
[4176, 1.3, 1.4]
[4176, 1.4, 1.5]
[4176, 1.5, 2.0]
[4176, 2.0, 2.5]
[4219, 2.5, 3.0]
[4243, 3.0, 3.5]
[4213, 3.5, 4.0]
[4176, 4.0, 4.5]
[4256, 4.5, 5.0]
[4286, 5.0, 5.5]
[4260, 5.5, 6.0]
[4695, 6.0, 6.5]
[5787, 6.5, 7.0]
[7608, 7.0, 7.5]
[10758, 7.5, 8.0]
[16130, 8.0, 8.5]
[25794, 8.5, 9.0]
[43236, 9.0, 9.5]
[77606, 9.5, 1.0]
[112606, 1.0, 1.0]
[29376, 1.0, 1.1]
[4176, 1.1, 1.2]
[4176, 1.2, 1.3]
[4176, 1.3, 1.4]
[4176, 1.4, 1.5]
[4176, 1.5, 2.0]
[4188, 2.0, 2.5]
[4246, 2.5, 3.0]
[4176, 3.0, 3.5]
[4310, 3.5, 4.0]
[4344, 4.0, 4.5]
[4363, 4.5, 5.0]
[4245, 5.0, 5.5]
[4554, 5.5, 6.0]
[5325, 6.0, 6.5]
[6249, 6.5, 7.0]
[8322, 7.0, 7.5]
[11640, 7.5, 8.0]
[17818, 8.0, 8.5]
[28779, 8.5, 9.0]
[48954, 9.0, 9.5]
[88952, 9.5, 1.0]
[89631, 1.0, 1.0]
[15530, 1.0, 1.1]
[4176, 1.1, 1.2]
[4176, 1.2, 1.3]
[4206, 1.3, 1.4]
[4224, 1.4, 1.5]
[4200, 1.5, 2.0]
[4246, 2.0, 2.5]
[4239, 2.5, 3.0]
[4204, 3.0, 3.5]
[4176, 3.5, 4.0]
[4326, 4.0, 4.5]
[4267, 4.5, 5.0]
[4364, 5.0, 5.5]
[4925, 5.5, 6.0]
[6009, 6.0, 6.5]
[8298, 6.5, 7.0]
[11889, 7.0, 7.5]
[18057, 7.5, 8.0]
[29827, 8.0, 8.5]
[51144, 8.5, 1.69]
[93084, 1.69, 1.0]
[73264, 1.0, 1.1]
[12361, 1.1, 1.2]
[4176, 1.2, 1.3]
[4176, 1.3, 1.4]
[4176, 1.4, 1.5]
[4176, 1.5, 2.0]
[4176, 2.0, 2.5]
[4176, 2.5, 3.0]
[4335, 3.0, 3.5]
[4176, 3.5, 4.0]
[4221, 4.0, 4.5]
[4256, 4.5, 5.0]
[4367, 5.0, 5.5]
[4434, 5.5, 6.0]
[4567, 6.0, 6.5]
[5155, 6.5, 7.0]
[6175, 7.0, 7.5]
[8179, 7.5, 8.0]
[11771, 8.0, 8.5]
[18095, 8.5, 9.0]
[29552, 9.0, 9.5]
[50692, 9.5, 1.959]
[92034, 1.959, 1.0]
[95724, 1.0, 1.0]
[14604, 1.0, 1.1]
[4176, 1.1, 1.2]
[4176, 1.2, 1.3]
[4176, 1.3, 1.4]
[4176, 1.4, 1.5]
[4176, 1.5, 2.0]
[4176, 2.0, 2.5]
[4176, 2.5, 3.0]
[4176, 3.0, 3.5]
[4176, 3.5, 4.0]
[4308, 4.0, 4.5]
[4375, 4.5, 5.0]
[4237, 5.0, 5.5]
[4630, 5.5, 6.0]
[5714, 6.0, 6.5]
[7667, 6.5, 7.0]
[10793, 7.0, 7.5]
[15983, 7.5, 8.0]
[25889, 8.0, 8.5]
[43698, 8.5, 9.0]
[78813, 9.0, 1.0]
[109375, 1.0, 1.0]
[27032, 1.0, 1.1]
[4176, 1.1, 1.2]
[4176, 1.2, 1.3]
[4227, 1.3, 1.4]
[4176, 1.4, 1.5]
[4176, 1.5, 2.0]
[4176, 2.0, 2.5]
[4176, 2.5, 3.0]
[4176, 3.0, 3.5]
[4252, 3.5, 4.0]
[4226, 4.0, 4.5]
[4456, 4.5, 5.0]
[4233, 5.0, 5.5]
[4662, 5.5, 6.0]
[5578, 6.0, 6.5]
[6754, 6.5, 7.0]
[9712, 7.0, 7.5]
[14482, 7.5, 8.0]
[22608, 8.0, 8.5]
[37618, 8.5, 9.0]
[66244, 9.0, 1.0]
[107754, 1.0, 1.0]
[41203, 1.0, 1.1]
[7368, 1.1, 1.2]
[4225, 1.2, 1.3]
[4250, 1.3, 1.4]
[4225, 1.4, 1.5]
[4285, 1.5, 2.0]
[4279, 2.0, 2.5]
[4225, 2.5, 3.0]
[4225, 3.0, 3.5]
[4251, 3.5, 4.0]
[4225, 4.0, 4.5]
[4182, 4.5, 5.0]
[4307, 5.0, 5.5]
[4456, 5.5, 6.0]
[4723, 6.0, 6.5]
[5815, 6.5, 7.0]
[7384, 7.0, 7.5]
[10702, 7.5, 8.0]
[16242, 8.0, 8.5]
[26074, 8.5, 9.0]
[44203, 9.0, 9.5]
[79483, 9.5, 1.0]
[105061, 1.0, 1.0]
[21962, 1.0, 1.1]
[4176, 1.1, 1.2]
[4201, 1.2, 1.3]
[4253, 1.3, 1.4]
[4176, 1.4, 1.5]
[4176, 1.5, 2.0]
[4176, 2.0, 2.5]
[4271, 2.5, 3.0]
[4176, 3.0, 3.5]
[4267, 3.5, 4.0]
[4454, 4.0, 4.5]
[4341, 4.5, 5.0]
[4176, 5.0, 5.5]
[4436, 5.5, 6.0]
[4871, 6.0, 6.5]
[6299, 6.5, 7.0]
[8456, 7.0, 7.5]
[12248, 7.5, 8.0]
[18678, 8.0, 8.5]
[30516, 8.5, 9.0]
[52401, 9.0, 1.606]
[94625, 1.606, 1.0]
[75209, 1.0, 1.1]
[14390, 1.1, 1.2]
[4176, 1.2, 1.3]
[4176, 1.3, 1.4]
[4176, 1.4, 1.5]
[4176, 1.5, 2.0]
[4176, 2.0, 2.5]
[4274, 2.5, 3.0]
[4176, 3.0, 3.5]
[4176, 3.5, 4.0]
[4250, 4.0, 4.5]
[4249, 4.5, 5.0]
[4352, 5.0, 5.5]
[4367, 5.5, 6.0]
[4318, 6.0, 6.5]
[4486, 6.5, 7.0]
[5674, 7.0, 7.5]
[7120, 7.5, 8.0]
[10074, 8.0, 8.5]
[14896, 8.5, 9.0]
[23788, 9.0, 9.5]
[40308, 9.5, 10.0]
[71402, 10.0, 1.0]
[106258, 1.0, 1.0]
[26603, 1.0, 1.1]
[4176, 1.1, 1.2]
[4176, 1.2, 1.3]
[4176, 1.3, 1.4]
[4176, 1.4, 1.5]
[4176, 1.5, 2.0]
[4176, 2.0, 2.5]
[4176, 2.5, 3.0]
[4176, 3.0, 3.5]
[4195, 3.5, 4.0]
[4176, 4.0, 4.5]
[4176, 4.5, 5.0]
[4268, 5.0, 5.5]
[4240, 5.5, 6.0]
[4218, 6.0, 6.5]
[4176, 6.5, 7.0]
[4176, 7.0, 7.5]
[4176, 7.5, 8.0]
[4277, 8.0, 8.5]
[4262, 8.5, 9.0]
[4705, 9.0, 9.5]
[5125, 9.5, 10.0]
[5923, 10.0, 10.5]
[6815, 10.5, 11.0]
