[92376, 100.0, 1.0]
[1754077, 1.0, 1.0]
[346541, 1.0, 1.1]
[62411, 1.1, 1.2]
[8420, 1.2, 1.3]
[4176, 1.3, 1.4]
[4176, 1.4, 1.5]
[4176, 1.5, 2.0]
[4176, 2.0, 2.5]
[4176, 2.5, 3.0]
[4176, 3.0, 3.5]
[4176, 3.5, 4.0]
[4176, 4.0, 4.5]
[4176, 4.5, 5.0]
[4326, 5.0, 5.5]
[4598, 5.5, 6.0]
[4949, 6.0, 6.5]
[6041, 6.5, 7.0]
[7862, 7.0, 7.5]
[11096, 7.5, 8.0]
[16636, 8.0, 8.5]
[26636, 8.5, 9.0]
[45101, 9.0, 9.5]
[81543, 9.5, 1.0]
[126595, 1.0, 1.0]
[39538, 1.0, 1.1]
[5703, 1.1, 1.2]
[4176, 1.2, 1.3]
[4176, 1.3, 1.4]
[4176, 1.4, 1.5]
[4176, 1.5, 2.0]
[4176, 2.0, 2.5]
[4176, 2.5, 3.0]
[4176, 3.0, 3.5]
[4176, 3.5, 4.0]
[4176, 4.0, 4.5]
[4176, 4.5, 5.0]
[4176, 5.0, 5.5]
[4393, 5.5, 6.0]
[4384, 6.0, 6.5]
[4474, 6.5, 7.0]
[5494, 7.0, 7.5]
[6520, 7.5, 8.0]
[8920, 8.0, 8.5]
[12949, 8.5, 9.0]
[20467, 9.0, 9.5]
[33179, 9.5, 10.0]
[57609, 10.0, 1.0]
[103449, 1.0, 1.0]
[44794, 1.0, 1.1]
[4192, 1.1, 1.2]
[4176, 1.2, 1.3]
[4176, 1.3, 1.4]
[4176, 1.4, 1.5]
[4176, 1.5, 2.0]
[4235, 2.0, 2.5]
[4176, 2.5, 3.0]
[4176, 3.0, 3.5]
[4176, 3.5, 4.0]
[4176, 4.0, 4.5]
[4435, 4.5, 5.0]
[4406, 5.0, 5.5]
[4540, 5.5, 6.0]
[4807, 6.0, 6.5]
[5815, 6.5, 7.0]
[7384, 7.0, 7.5]
[10450, 7.5, 8.0]
[15822, 8.0, 8.5]
[25029, 8.5, 9.0]
[42387, 9.0, 9.5]
[75847, 9.5, 1.0]
[98177, 1.0, 1.0]
[22181, 1.0, 1.1]
[4280, 1.1, 1.2]
[4280, 1.2, 1.3]
[4280, 1.3, 1.4]
[4280, 1.4, 1.5]
[4280, 1.5, 2.0]
[4280, 2.0, 2.5]
[4208, 2.5, 3.0]
[4246, 3.0, 3.5]
[4176, 3.5, 4.0]
[4279, 4.0, 4.5]
[4324, 4.5, 5.0]
[4380, 5.0, 5.5]
[5193, 5.5, 6.0]
[6025, 6.0, 6.5]
[8314, 6.5, 7.0]
[11989, 7.0, 7.5]
[18073, 7.5, 8.0]
[29759, 8.0, 8.5]
[51328, 8.5, 1.618]
[92848, 1.618, 1.0]
[82870, 1.0, 1.1]
[15368, 1.1, 1.2]
[4223, 1.2, 1.3]
[4223, 1.3, 1.4]
[4223, 1.4, 1.5]
[4223, 1.5, 2.0]
[4223, 2.0, 2.5]
[4176, 2.5, 3.0]
[4216, 3.0, 3.5]
[4176, 3.5, 4.0]
[4222, 4.0, 4.5]
[4400, 4.5, 5.0]
[4315, 5.0, 5.5]
[4876, 5.5, 6.0]
[6128, 6.0, 6.5]
[7997, 6.5, 7.0]
[11504, 7.0, 7.5]
[17588, 7.5, 8.0]
[28384, 8.0, 8.5]
[48115, 8.5, 9.0]
[86566, 9.0, 1.0]
[99208, 1.0, 1.0]
[18676, 1.0, 1.1]
[4176, 1.1, 1.2]
[4203, 1.2, 1.3]
[4176, 1.3, 1.4]
[4254, 1.4, 1.5]
[4176, 1.5, 2.0]
[4278, 2.0, 2.5]
[4247, 2.5, 3.0]
[4188, 3.0, 3.5]
[4484, 3.5, 4.0]
[4347, 4.0, 4.5]
[4719, 4.5, 5.0]
[4632, 5.0, 5.5]
[5445, 5.5, 6.0]
[7033, 6.0, 6.5]
[9070, 6.5, 7.0]
[13081, 7.0, 7.5]
[20059, 7.5, 8.0]
[32719, 8.0, 8.5]
[57255, 8.5, 1.0]
[102561, 1.0, 1.0]
[57514, 1.0, 1.1]
[10145, 1.1, 1.2]
[4176, 1.2, 1.3]
[4176, 1.3, 1.4]
[4176, 1.4, 1.5]
[4176, 1.5, 2.0]
[4176, 2.0, 2.5]
[4176, 2.5, 3.0]
[4176, 3.0, 3.5]
[4189, 3.5, 4.0]
[4226, 4.0, 4.5]
[4525, 4.5, 5.0]
[4270, 5.0, 5.5]
[4238, 5.5, 6.0]
[4589, 6.0, 6.5]
[5345, 6.5, 7.0]
[6914, 7.0, 7.5]
[9170, 7.5, 8.0]
[13652, 8.0, 8.5]
[21189, 8.5, 9.0]
[35127, 9.0, 9.5]
[61139, 9.5, 1.0]
[107906, 1.0, 1.0]
[54879, 1.0, 1.1]
[7510, 1.1, 1.2]
[4176, 1.2, 1.3]
[4176, 1.3, 1.4]
[4176, 1.4, 1.5]
[4217, 1.5, 2.0]
[4176, 2.0, 2.5]
[4176, 2.5, 3.0]
[4244, 3.0, 3.5]
[4184, 3.5, 4.0]
[4176, 4.0, 4.5]
[4176, 4.5, 5.0]
[4176, 5.0, 5.5]
[4254, 5.5, 6.0]
[4273, 6.0, 6.5]
[4806, 6.5, 7.0]
[5574, 7.0, 7.5]
[7272, 7.5, 8.0]
[9890, 8.0, 8.5]
[14880, 8.5, 9.0]
[23001, 9.0, 9.5]
[38443, 9.5, 10.0]
[67871, 10.0, 1.0]
[111731, 1.0, 1.0]
[46561, 1.0, 1.1]
[5959, 1.1, 1.2]
[4176, 1.2, 1.3]
[4176, 1.3, 1.4]
[4176, 1.4, 1.5]
[4176, 1.5, 2.0]
[4176, 2.0, 2.5]
[4176, 2.5, 3.0]
[4206, 3.0, 3.5]
[4176, 3.5, 4.0]
[4227, 4.0, 4.5]
[4176, 4.5, 5.0]
[4242, 5.0, 5.5]
[4509, 5.5, 6.0]
[4356, 6.0, 6.5]
[5028, 6.5, 7.0]
[6300, 7.0, 7.5]
[8808, 7.5, 8.0]
[12484, 8.0, 8.5]
[18976, 8.5, 9.0]
[31204, 9.0, 9.5]
[54080, 9.5, 1.349]
[98383, 1.349, 1.0]
[72547, 1.0, 1.1]
[11644, 1.1, 1.2]
[4176, 1.2, 1.3]
[4176, 1.3, 1.4]
[4176, 1.4, 1.5]
[4176, 1.5, 2.0]
[4176, 2.0, 2.5]
[4176, 2.5, 3.0]
[4176, 3.0, 3.5]
[4176, 3.5, 4.0]
[4312, 4.0, 4.5]
[4478, 4.5, 5.0]
[4228, 5.0, 5.5]
[4565, 5.5, 6.0]
[4496, 6.0, 6.5]
[5336, 6.5, 7.0]
[6737, 7.0, 7.5]
[9161, 7.5, 8.0]
[13391, 8.0, 8.5]
[20928, 8.5, 9.0]
[35034, 9.0, 9.5]
[61130, 9.5, 1.0]
[100337, 1.0, 1.0]
[50213, 1.0, 1.1]
[9611, 1.1, 1.2]
[4176, 1.2, 1.3]
[4176, 1.3, 1.4]
[4255, 1.4, 1.5]
[4176, 1.5, 2.0]
[4213, 2.0, 2.5]
[4381, 2.5, 3.0]
[4292, 3.0, 3.5]
[4176, 3.5, 4.0]
[4297, 4.0, 4.5]
[4297, 4.5, 5.0]
[4304, 5.0, 5.5]
[4479, 5.5, 6.0]
[5082, 6.0, 6.5]
[6174, 6.5, 7.0]
[7911, 7.0, 7.5]
[11313, 7.5, 8.0]
[17491, 8.0, 8.5]
[28284, 8.5, 9.0]
[48375, 9.0, 9.5]
[87211, 9.5, 1.0]
[105292, 1.0, 1.0]
[18329, 1.0, 1.1]
[4176, 1.1, 1.2]
[4176, 1.2, 1.3]
[4176, 1.3, 1.4]
[4230, 1.4, 1.5]
[4176, 1.5, 2.0]
[4176, 2.0, 2.5]
[4176, 2.5, 3.0]
[4245, 3.0, 3.5]
[4252, 3.5, 4.0]
[4224, 4.0, 4.5]
[4290, 4.5, 5.0]
[4471, 5.0, 5.5]
[5452, 5.5, 6.0]
[6788, 6.0, 6.5]
[9245, 6.5, 7.0]
[13805, 7.0, 7.5]
[21761, 7.5, 8.0]
[36369, 8.0, 8.5]
[63872, 8.5, 1.0]
[110543, 1.0, 1.0]
[47137, 1.0, 1.1]
[6535, 1.1, 1.2]
[4176, 1.2, 1.3]
[4176, 1.3, 1.4]
[4176, 1.4, 1.5]
[4176, 1.5, 2.0]
[4253, 2.0, 2.5]
[4176, 2.5, 3.0]
[4176, 3.0, 3.5]
[4176, 3.5, 4.0]
[4176, 4.0, 4.5]
[4236, 4.5, 5.0]
[4376, 5.0, 5.5]
[4268, 5.5, 6.0]
[4432, 6.0, 6.5]
[5188, 6.5, 7.0]
[6208, 7.0, 7.5]
[8464, 7.5, 8.0]
[12308, 8.0, 8.5]
[18548, 8.5, 9.0]
[30173, 9.0, 9.5]
[52055, 9.5, 1.706]
[94356, 1.706, 1.0]
[75368, 1.0, 1.1]
[14465, 1.1, 1.2]
[4176, 1.2, 1.3]
[4176, 1.3, 1.4]
[4176, 1.4, 1.5]
[4176, 1.5, 2.0]
[4176, 2.0, 2.5]
[4176, 2.5, 3.0]
[4256, 3.0, 3.5]
[4252, 3.5, 4.0]
[4176, 4.0, 4.5]
[4211, 4.5, 5.0]
[4419, 5.0, 5.5]
[4232, 5.5, 6.0]
[4537, 6.0, 6.5]
[4595, 6.5, 7.0]
[5195, 7.0, 7.5]
[6641, 7.5, 8.0]
[8705, 8.0, 8.5]
[12986, 8.5, 9.0]
[20420, 9.0, 9.5]
[33384, 9.5, 10.0]
[58234, 10.0, 1.0]
[103066, 1.0, 1.0]
[61127, 1.0, 1.1]
[7075, 1.1, 1.2]
[4176, 1.2, 1.3]
[4177, 1.3, 1.4]
[4261, 1.4, 1.5]
[4225, 1.5, 2.0]
[4176, 2.0, 2.5]
[4238, 2.5, 3.0]
[4187, 3.0, 3.5]
[4176, 3.5, 4.0]
[4297, 4.0, 4.5]
[4375, 4.5, 5.0]
[4176, 5.0, 5.5]
[4341, 5.5, 6.0]
[4321, 6.0, 6.5]
[5077, 6.5, 7.0]
[6181, 7.0, 7.5]
[8017, 7.5, 8.0]
[11945, 8.0, 8.5]
[18353, 8.5, 9.0]
[29978, 9.0, 9.5]
[51034, 9.5, 1.98]
[92796, 1.98, 1.0]
[77882, 1.0, 1.1]
[10212, 1.1, 1.2]
[4176, 1.2, 1.3]
[4176, 1.3, 1.4]
[4176, 1.4, 1.5]
[4176, 1.5, 2.0]
[4176, 2.0, 2.5]
[4176, 2.5, 3.0]
[4176, 3.0, 3.5]
[4176, 3.5, 4.0]
[4285, 4.0, 4.5]
[4209, 4.5, 5.0]
[4332, 5.0, 5.5]
[4409, 5.5, 6.0]
[4676, 6.0, 6.5]
[5516, 6.5, 7.0]
[7253, 7.0, 7.5]
[10487, 7.5, 8.0]
[15775, 8.0, 8.5]
[24730, 8.5, 9.0]
[41569, 9.0, 9.5]
[74035, 9.5, 1.0]
[105367, 1.0, 1.0]
[21176, 1.0, 1.1]
[4176, 1.1, 1.2]
[4176, 1.2, 1.3]
[4176, 1.3, 1.4]
[4176, 1.4, 1.5]
[4176, 1.5, 2.0]
[4205, 2.0, 2.5]
[4176, 2.5, 3.0]
[4196, 3.0, 3.5]
[4202, 3.5, 4.0]
[4204, 4.0, 4.5]
[4176, 4.5, 5.0]
[4179, 5.0, 5.5]
[4235, 5.5, 6.0]
[4336, 6.0, 6.5]
[4176, 6.5, 7.0]
[4213, 7.0, 7.5]
[4176, 7.5, 8.0]
[4202, 8.0, 8.5]
[4242, 8.5, 9.0]
[4601, 9.0, 9.5]
[4699, 9.5, 10.0]
[5497, 10.0, 10.5]
[6477, 10.5, 11.0]
[6969, 11.0, 11.5]
[6859, 11.5, 12.0]
[7163, 12.0, 12.5]
[6990, 12.5, 13.0]
[6033, 13.0, 13.5]
[5171, 13.5, 14.0]
[4334, 14.0, 14.5]
[92376, 100.0, 1.0]
[1754077, 1.0, 1.0]
[346541, 1.0, 1.1]
[62411, 1.1, 1.2]
[8420, 1.2, 1.3]
[4176, 1.3, 1.4]
[4176, 1.4, 1.5]
[4176, 1.5, 2.0]
[4176, 2.0, 2.5]
[4176, 2.5, 3.0]
[4176, 3.0, 3.5]
[4176, 3.5, 4.0]
[4176, 4.0, 4.5]
[4176, 4.5, 5.0]
[4326, 5.0, 5.5]
[4598, 5.5, 6.0]
[4949, 6.0, 6.5]
[6041, 6.5, 7.0]
[7862, 7.0, 7.5]
[11096, 7.5, 8.0]
[16636, 8.0, 8.5]
[26636, 8.5, 9.0]
[45101, 9.0, 9.5]
[81543, 9.5, 1.0]
[126595, 1.0, 1.0]
[39538, 1.0, 1.1]
[5703, 1.1, 1.2]
[4176, 1.2, 1.3]
[4176, 1.3, 1.4]
[4176, 1.4, 1.5]
[4176, 1.5, 2.0]
[4176, 2.0, 2.5]
[4176, 2.5, 3.0]
[4176, 3.0, 3.5]
[4176, 3.5, 4.0]
[4176, 4.0, 4.5]
[4176, 4.5, 5.0]
[4176, 5.0, 5.5]
[4393, 5.5, 6.0]
[4384, 6.0, 6.5]
[4474, 6.5, 7.0]
[5494, 7.0, 7.5]
[6520, 7.5, 8.0]
[8920, 8.0, 8.5]
[12949, 8.5, 9.0]
[20467, 9.0, 9.5]
[33179, 9.5, 10.0]
[57609, 10.0, 1.0]
[103449, 1.0, 1.0]
[44794, 1.0, 1.1]
[4192, 1.1, 1.2]
[4176, 1.2, 1.3]
[4176, 1.3, 1.4]
[4176, 1.4, 1.5]
[4176, 1.5, 2.0]
[4235, 2.0, 2.5]
[4176, 2.5, 3.0]
[4176, 3.0, 3.5]
[4176, 3.5, 4.0]
[4176, 4.0, 4.5]
[4435, 4.5, 5.0]
[4406, 5.0, 5.5]
[4540, 5.5, 6.0]
[4807, 6.0, 6.5]
[5815, 6.5, 7.0]
[7384, 7.0, 7.5]
[10450, 7.5, 8.0]
[15822, 8.0, 8.5]
[25029, 8.5, 9.0]
[42387, 9.0, 9.5]
[75847, 9.5, 1.0]
[98177, 1.0, 1.0]
[22181, 1.0, 1.1]
[4280, 1.1, 1.2]
[4280, 1.2, 1.3]
[4280, 1.3, 1.4]
[4280, 1.4, 1.5]
[4280, 1.5, 2.0]
[4280, 2.0, 2.5]
[4208, 2.5, 3.0]
[4246, 3.0, 3.5]
[4176, 3.5, 4.0]
[4279, 4.0, 4.5]
[4324, 4.5, 5.0]
[4380, 5.0, 5.5]
[5193, 5.5, 6.0]
[6025, 6.0, 6.5]
[8314, 6.5, 7.0]
[11989, 7.0, 7.5]
[18073, 7.5, 8.0]
[29759, 8.0, 8.5]
[51328, 8.5, 1.618]
[92848, 1.618, 1.0]
[82870, 1.0, 1.1]
[15368, 1.1, 1.2]
[4223, 1.2, 1.3]
[4223, 1.3, 1.4]
[4223, 1.4, 1.5]
[4223, 1.5, 2.0]
[4223, 2.0, 2.5]
[4176, 2.5, 3.0]
[4216, 3.0, 3.5]
[4176, 3.5, 4.0]
[4222, 4.0, 4.5]
[4400, 4.5, 5.0]
[4315, 5.0, 5.5]
[4876, 5.5, 6.0]
[6128, 6.0, 6.5]
[7997, 6.5, 7.0]
[11504, 7.0, 7.5]
[17588, 7.5, 8.0]
[28384, 8.0, 8.5]
[48115, 8.5, 9.0]
[86566, 9.0, 1.0]
[99208, 1.0, 1.0]
[18676, 1.0, 1.1]
[4176, 1.1, 1.2]
[4203, 1.2, 1.3]
[4176, 1.3, 1.4]
[4254, 1.4, 1.5]
[4176, 1.5, 2.0]
[4278, 2.0, 2.5]
[4247, 2.5, 3.0]
[4188, 3.0, 3.5]
[4484, 3.5, 4.0]
[4347, 4.0, 4.5]
[4719, 4.5, 5.0]
[4632, 5.0, 5.5]
[5445, 5.5, 6.0]
[7033, 6.0, 6.5]
[9070, 6.5, 7.0]
[13081, 7.0, 7.5]
[20059, 7.5, 8.0]
[32719, 8.0, 8.5]
[57255, 8.5, 1.0]
[102561, 1.0, 1.0]
[57514, 1.0, 1.1]
[10145, 1.1, 1.2]
[4176, 1.2, 1.3]
[4176, 1.3, 1.4]
[4176, 1.4, 1.5]
[4176, 1.5, 2.0]
[4176, 2.0, 2.5]
[4176, 2.5, 3.0]
[4176, 3.0, 3.5]
[4189, 3.5, 4.0]
[4226, 4.0, 4.5]
[4525, 4.5, 5.0]
[4270, 5.0, 5.5]
[4238, 5.5, 6.0]
[4589, 6.0, 6.5]
[5345, 6.5, 7.0]
[6914, 7.0, 7.5]
[9170, 7.5, 8.0]
[13652, 8.0, 8.5]
[21189, 8.5, 9.0]
[35127, 9.0, 9.5]
[61139, 9.5, 1.0]
[107906, 1.0, 1.0]
[54879, 1.0, 1.1]
[7510, 1.1, 1.2]
[4176, 1.2, 1.3]
[4176, 1.3, 1.4]
[4176, 1.4, 1.5]
[4217, 1.5, 2.0]
[4176, 2.0, 2.5]
[4176, 2.5, 3.0]
[4244, 3.0, 3.5]
[4184, 3.5, 4.0]
[4176, 4.0, 4.5]
[4176, 4.5, 5.0]
[4176, 5.0, 5.5]
[4254, 5.5, 6.0]
[4273, 6.0, 6.5]
[4806, 6.5, 7.0]
[5574, 7.0, 7.5]
[7272, 7.5, 8.0]
[9890, 8.0, 8.5]
[14880, 8.5, 9.0]
[23001, 9.0, 9.5]
[38443, 9.5, 10.0]
[67871, 10.0, 1.0]
[111731, 1.0, 1.0]
[46561, 1.0, 1.1]
[5959, 1.1, 1.2]
[4176, 1.2, 1.3]
[4176, 1.3, 1.4]
[4176, 1.4, 1.5]
[4176, 1.5, 2.0]
[4176, 2.0, 2.5]
[4176, 2.5, 3.0]
[4206, 3.0, 3.5]
[4176, 3.5, 4.0]
[4227, 4.0, 4.5]
[4176, 4.5, 5.0]
[4242, 5.0, 5.5]
[4509, 5.5, 6.0]
[4356, 6.0, 6.5]
[5028, 6.5, 7.0]
[6300, 7.0, 7.5]
[8808, 7.5, 8.0]
[12484, 8.0, 8.5]
[18976, 8.5, 9.0]
[31204, 9.0, 9.5]
[54080, 9.5, 1.349]
[98383, 1.349, 1.0]
[72547, 1.0, 1.1]
[11644, 1.1, 1.2]
[4176, 1.2, 1.3]
[4176, 1.3, 1.4]
[4176, 1.4, 1.5]
[4176, 1.5, 2.0]
[4176, 2.0, 2.5]
[4176, 2.5, 3.0]
[4176, 3.0, 3.5]
[4176, 3.5, 4.0]
[4312, 4.0, 4.5]
[4478, 4.5, 5.0]
[4228, 5.0, 5.5]
[4565, 5.5, 6.0]
[4496, 6.0, 6.5]
[5336, 6.5, 7.0]
[6737, 7.0, 7.5]
[9161, 7.5, 8.0]
[13391, 8.0, 8.5]
[20928, 8.5, 9.0]
[35034, 9.0, 9.5]
[61130, 9.5, 1.0]
[100337, 1.0, 1.0]
[50213, 1.0, 1.1]
[9611, 1.1, 1.2]
[4176, 1.2, 1.3]
[4176, 1.3, 1.4]
[4255, 1.4, 1.5]
[4176, 1.5, 2.0]
[4213, 2.0, 2.5]
[4381, 2.5, 3.0]
[4292, 3.0, 3.5]
[4176, 3.5, 4.0]
[4297, 4.0, 4.5]
[4297, 4.5, 5.0]
[4304, 5.0, 5.5]
[4479, 5.5, 6.0]
[5082, 6.0, 6.5]
[6174, 6.5, 7.0]
[7911, 7.0, 7.5]
[11313, 7.5, 8.0]
[17491, 8.0, 8.5]
[28284, 8.5, 9.0]
[48375, 9.0, 9.5]
[87211, 9.5, 1.0]
[105292, 1.0, 1.0]
[18329, 1.0, 1.1]
[4176, 1.1, 1.2]
[4176, 1.2, 1.3]
[4176, 1.3, 1.4]
[4230, 1.4, 1.5]
[4176, 1.5, 2.0]
[4176, 2.0, 2.5]
[4176, 2.5, 3.0]
[4245, 3.0, 3.5]
[4252, 3.5, 4.0]
[4224, 4.0, 4.5]
[4290, 4.5, 5.0]
[4471, 5.0, 5.5]
[5452, 5.5, 6.0]
[6788, 6.0, 6.5]
[9245, 6.5, 7.0]
[13805, 7.0, 7.5]
[21761, 7.5, 8.0]
[36369, 8.0, 8.5]
[63872, 8.5, 1.0]
[110543, 1.0, 1.0]
[47137, 1.0, 1.1]
[6535, 1.1, 1.2]
[4176, 1.2, 1.3]
[4176, 1.3, 1.4]
[4176, 1.4, 1.5]
[4176, 1.5, 2.0]
[4253, 2.0, 2.5]
[4176, 2.5, 3.0]
[4176, 3.0, 3.5]
[4176, 3.5, 4.0]
[4176, 4.0, 4.5]
[4236, 4.5, 5.0]
[4376, 5.0, 5.5]
[4268, 5.5, 6.0]
[4432, 6.0, 6.5]
[5188, 6.5, 7.0]
[6208, 7.0, 7.5]
[8464, 7.5, 8.0]
[12308, 8.0, 8.5]
[18548, 8.5, 9.0]
[30173, 9.0, 9.5]
[52055, 9.5, 1.706]
[94356, 1.706, 1.0]
[75368, 1.0, 1.1]
[14465, 1.1, 1.2]
[4176, 1.2, 1.3]
[4176, 1.3, 1.4]
[4176, 1.4, 1.5]
[4176, 1.5, 2.0]
[4176, 2.0, 2.5]
[4176, 2.5, 3.0]
[4256, 3.0, 3.5]
[4252, 3.5, 4.0]
[4176, 4.0, 4.5]
[4211, 4.5, 5.0]
[4419, 5.0, 5.5]
[4232, 5.5, 6.0]
[4537, 6.0, 6.5]
[4595, 6.5, 7.0]
[5195, 7.0, 7.5]
[6641, 7.5, 8.0]
[8705, 8.0, 8.5]
[12986, 8.5, 9.0]
[20420, 9.0, 9.5]
[33384, 9.5, 10.0]
[58234, 10.0, 1.0]
[103066, 1.0, 1.0]
[61127, 1.0, 1.1]
[7075, 1.1, 1.2]
[4176, 1.2, 1.3]
[4177, 1.3, 1.4]
[4261, 1.4, 1.5]
[4225, 1.5, 2.0]
[4176, 2.0, 2.5]
[4238, 2.5, 3.0]
[4187, 3.0, 3.5]
[4176, 3.5, 4.0]
[4297, 4.0, 4.5]
[4375, 4.5, 5.0]
[4176, 5.0, 5.5]
[4341, 5.5, 6.0]
[4321, 6.0, 6.5]
[5077, 6.5, 7.0]
[6181, 7.0, 7.5]
[8017, 7.5, 8.0]
[11945, 8.0, 8.5]
[18353, 8.5, 9.0]
[29978, 9.0, 9.5]
[51034, 9.5, 1.98]
[92796, 1.98, 1.0]
[77882, 1.0, 1.1]
[10212, 1.1, 1.2]
[4176, 1.2, 1.3]
[4176, 1.3, 1.4]
[4176, 1.4, 1.5]
[4176, 1.5, 2.0]
[4176, 2.0, 2.5]
[4176, 2.5, 3.0]
[4176, 3.0, 3.5]
[4176, 3.5, 4.0]
[4285, 4.0, 4.5]
[4209, 4.5, 5.0]
[4332, 5.0, 5.5]
[4409, 5.5, 6.0]
[4676, 6.0, 6.5]
[5516, 6.5, 7.0]
[7253, 7.0, 7.5]
[10487, 7.5, 8.0]
[15775, 8.0, 8.5]
[24730, 8.5, 9.0]
[41569, 9.0, 9.5]
[74035, 9.5, 1.0]
[105367, 1.0, 1.0]
[21176, 1.0, 1.1]
[4176, 1.1, 1.2]
[4176, 1.2, 1.3]
[4176, 1.3, 1.4]
[4176, 1.4, 1.5]
[4176, 1.5, 2.0]
[4205, 2.0, 2.5]
[4176, 2.5, 3.0]
[4196, 3.0, 3.5]
[4202, 3.5, 4.0]
[4204, 4.0, 4.5]
[4176, 4.5, 5.0]
[4179, 5.0, 5.5]
[4235, 5.5, 6.0]
[4336, 6.0, 6.5]
[4176, 6.5, 7.0]
[4213, 7.0, 7.5]
[4176, 7.5, 8.0]
[4202, 8.0, 8.5]
[4242, 8.5, 9.0]
[4601, 9.0, 9.5]
[4699, 9.5, 10.0]
[5497, 10.0, 10.5]
[6477, 10.5, 11.0]
[6969, 11.0, 11.5]
[6859, 11.5, 12.0]
[7163, 12.0, 12.5]
[6990, 12.5, 13.0]
[6033, 13.0, 13.5]
[5171, 13.5, 14.0]
[4334, 14.0, 14.5]
