[94056, 100.0, 1.0]
[1754413, 1.0, 1.0]
[346877, 1.0, 1.1]
[62663, 1.1, 1.2]
[8756, 1.2, 1.3]
[4176, 1.3, 1.4]
[4176, 1.4, 1.5]
[4176, 1.5, 2.0]
[4176, 2.0, 2.5]
[4176, 2.5, 3.0]
[4176, 3.0, 3.5]
[4198, 3.5, 4.0]
[4255, 4.0, 4.5]
[4176, 4.5, 5.0]
[4176, 5.0, 5.5]
[4335, 5.5, 6.0]
[4770, 6.0, 6.5]
[5862, 6.5, 7.0]
[7683, 7.0, 7.5]
[11253, 7.5, 8.0]
[16877, 8.0, 8.5]
[26877, 8.5, 9.0]
[46281, 9.0, 9.5]
[83465, 9.5, 1.0]
[127075, 1.0, 1.0]
[29219, 1.0, 1.1]
[4176, 1.1, 1.2]
[4176, 1.2, 1.3]
[4176, 1.3, 1.4]
[4210, 1.4, 1.5]
[4176, 1.5, 2.0]
[4259, 2.0, 2.5]
[4176, 2.5, 3.0]
[4276, 3.0, 3.5]
[4176, 3.5, 4.0]
[4542, 4.0, 4.5]
[4197, 4.5, 5.0]
[4176, 5.0, 5.5]
[4569, 5.5, 6.0]
[5424, 6.0, 6.5]
[6600, 6.5, 7.0]
[9054, 7.0, 7.5]
[13098, 7.5, 8.0]
[20754, 8.0, 8.5]
[33674, 8.5, 9.0]
[58460, 9.0, 1.0]
[103862, 1.0, 1.0]
[43779, 1.0, 1.1]
[4176, 1.1, 1.2]
[4176, 1.2, 1.3]
[4176, 1.3, 1.4]
[4176, 1.4, 1.5]
[4208, 1.5, 2.0]
[4234, 2.0, 2.5]
[4176, 2.5, 3.0]
[4176, 3.0, 3.5]
[4176, 3.5, 4.0]
[4204, 4.0, 4.5]
[4176, 4.5, 5.0]
[4383, 5.0, 5.5]
[4533, 5.5, 6.0]
[5052, 6.0, 6.5]
[6144, 6.5, 7.0]
[7713, 7.0, 7.5]
[11199, 7.5, 8.0]
[16655, 8.0, 8.5]
[26487, 8.5, 9.0]
[44616, 9.0, 9.5]
[80064, 9.5, 1.0]
[93077, 1.0, 1.0]
[14561, 1.0, 1.1]
[4176, 1.1, 1.2]
[4176, 1.2, 1.3]
[4176, 1.3, 1.4]
[4176, 1.4, 1.5]
[4176, 1.5, 2.0]
[4224, 2.0, 2.5]
[4337, 2.5, 3.0]
[4246, 3.0, 3.5]
[4205, 3.5, 4.0]
[4176, 4.0, 4.5]
[4176, 4.5, 5.0]
[4798, 5.0, 5.5]
[4939, 5.5, 6.0]
[6275, 6.0, 6.5]
[8144, 6.5, 7.0]
[11735, 7.0, 7.5]
[17735, 7.5, 8.0]
[28447, 8.0, 8.5]
[48514, 8.5, 9.0]
[87133, 9.0, 1.0]
[93559, 1.0, 1.0]
[13027, 1.0, 1.1]
[4176, 1.1, 1.2]
[4176, 1.2, 1.3]
[4176, 1.3, 1.4]
[4176, 1.4, 1.5]
[4176, 1.5, 2.0]
[4176, 2.0, 2.5]
[4438, 2.5, 3.0]
[4176, 3.0, 3.5]
[4281, 3.5, 4.0]
[4188, 4.0, 4.5]
[4560, 4.5, 5.0]
[4504, 5.0, 5.5]
[4645, 5.5, 6.0]
[5813, 6.0, 6.5]
[7430, 6.5, 7.0]
[10472, 7.0, 7.5]
[15158, 7.5, 8.0]
[24174, 8.0, 8.5]
[40229, 8.5, 9.0]
[71420, 9.0, 1.0]
[113266, 1.0, 1.0]
[32136, 1.0, 1.1]
[5068, 1.1, 1.2]
[4243, 1.2, 1.3]
[4243, 1.3, 1.4]
[4243, 1.4, 1.5]
[4243, 1.5, 2.0]
[4243, 2.0, 2.5]
[4176, 2.5, 3.0]
[4190, 3.0, 3.5]
[4283, 3.5, 4.0]
[4266, 4.0, 4.5]
[4290, 4.5, 5.0]
[4346, 5.0, 5.5]
[4410, 5.5, 6.0]
[4677, 6.0, 6.5]
[5853, 6.5, 7.0]
[7590, 7.0, 7.5]
[10404, 7.5, 8.0]
[16028, 8.0, 8.5]
[25608, 8.5, 9.0]
[43302, 9.0, 9.5]
[77420, 9.5, 1.0]
[104608, 1.0, 1.0]
[20585, 1.0, 1.1]
[4176, 1.1, 1.2]
[4281, 1.2, 1.3]
[4176, 1.3, 1.4]
[4176, 1.4, 1.5]
[4176, 1.5, 2.0]
[4176, 2.0, 2.5]
[4255, 2.5, 3.0]
[4245, 3.0, 3.5]
[4211, 3.5, 4.0]
[4265, 4.0, 4.5]
[4388, 4.5, 5.0]
[4435, 5.0, 5.5]
[4660, 5.5, 6.0]
[5240, 6.0, 6.5]
[6668, 6.5, 7.0]
[9206, 7.0, 7.5]
[13586, 7.5, 8.0]
[21376, 8.0, 8.5]
[35593, 8.5, 9.0]
[62173, 9.0, 1.0]
[108863, 1.0, 1.0]
[52896, 1.0, 1.1]
[5527, 1.1, 1.2]
[4176, 1.2, 1.3]
[4213, 1.3, 1.4]
[4176, 1.4, 1.5]
[4176, 1.5, 2.0]
[4176, 2.0, 2.5]
[4176, 2.5, 3.0]
[4176, 3.0, 3.5]
[4176, 3.5, 4.0]
[4176, 4.0, 4.5]
[4303, 4.5, 5.0]
[4176, 5.0, 5.5]
[4257, 5.5, 6.0]
[4503, 6.0, 6.5]
[5091, 6.5, 7.0]
[6363, 7.0, 7.5]
[8535, 7.5, 8.0]
[12043, 8.0, 8.5]
[18535, 8.5, 9.0]
[29992, 9.0, 9.5]
[51048, 9.5, 1.987]
[92558, 1.987, 1.0]
[97210, 1.0, 1.0]
[16090, 1.0, 1.1]
[4176, 1.1, 1.2]
[4176, 1.2, 1.3]
[4176, 1.3, 1.4]
[4194, 1.4, 1.5]
[4176, 1.5, 2.0]
[4176, 2.0, 2.5]
[4176, 2.5, 3.0]
[4176, 3.0, 3.5]
[4176, 3.5, 4.0]
[4256, 4.0, 4.5]
[4176, 4.5, 5.0]
[4267, 5.0, 5.5]
[4298, 5.5, 6.0]
[5069, 6.0, 6.5]
[6329, 6.5, 7.0]
[8234, 7.0, 7.5]
[11384, 7.5, 8.0]
[17814, 8.0, 8.5]
[28355, 8.5, 9.0]
[48530, 9.0, 9.5]
[87618, 9.5, 1.0]
[91923, 1.0, 1.0]
[18074, 1.0, 1.1]
[4176, 1.1, 1.2]
[4176, 1.2, 1.3]
[4176, 1.3, 1.4]
[4176, 1.4, 1.5]
[4194, 1.5, 2.0]
[4187, 2.0, 2.5]
[4197, 2.5, 3.0]
[4176, 3.0, 3.5]
[4358, 3.5, 4.0]
[4261, 4.0, 4.5]
[4183, 4.5, 5.0]
[4448, 5.0, 5.5]
[5177, 5.5, 6.0]
[6345, 6.0, 6.5]
[8718, 6.5, 7.0]
[12477, 7.0, 7.5]
[19539, 7.5, 8.0]
[32031, 8.0, 8.5]
[55606, 8.5, 1.0]
[97522, 1.0, 1.0]
[60418, 1.0, 1.1]
[6450, 1.1, 1.2]
[4176, 1.2, 1.3]
[4176, 1.3, 1.4]
[4176, 1.4, 1.5]
[4176, 1.5, 2.0]
[4176, 2.0, 2.5]
[4176, 2.5, 3.0]
[4339, 3.0, 3.5]
[4176, 3.5, 4.0]
[4195, 4.0, 4.5]
[4176, 4.5, 5.0]
[4371, 5.0, 5.5]
[4438, 5.5, 6.0]
[4487, 6.0, 6.5]
[4991, 6.5, 7.0]
[6011, 7.0, 7.5]
[7625, 7.5, 8.0]
[10747, 8.0, 8.5]
[16194, 8.5, 9.0]
[25773, 9.0, 9.5]
[43777, 9.5, 10.0]
[78539, 10.0, 1.0]
[114451, 1.0, 1.0]
[26601, 1.0, 1.1]
[4219, 1.1, 1.2]
[4176, 1.2, 1.3]
[4246, 1.3, 1.4]
[4249, 1.4, 1.5]
[4176, 1.5, 2.0]
[4176, 2.0, 2.5]
[4176, 2.5, 3.0]
[4176, 3.0, 3.5]
[4318, 3.5, 4.0]
[4188, 4.0, 4.5]
[4361, 4.5, 5.0]
[4223, 5.0, 5.5]
[4700, 5.5, 6.0]
[5616, 6.0, 6.5]
[7464, 6.5, 7.0]
[10002, 7.0, 7.5]
[15108, 7.5, 8.0]
[24124, 8.0, 8.5]
[40347, 8.5, 9.0]
[71538, 9.0, 1.0]
[112880, 1.0, 1.0]
[33430, 1.0, 1.1]
[6446, 1.1, 1.2]
[4214, 1.2, 1.3]
[4214, 1.3, 1.4]
[4214, 1.4, 1.5]
[4214, 1.5, 2.0]
[4336, 2.0, 2.5]
[4176, 2.5, 3.0]
[4231, 3.0, 3.5]
[4176, 3.5, 4.0]
[4213, 4.0, 4.5]
[4176, 4.5, 5.0]
[4455, 5.0, 5.5]
[4347, 5.5, 6.0]
[4595, 6.0, 6.5]
[5351, 6.5, 7.0]
[6836, 7.0, 7.5]
[9008, 7.5, 8.0]
[13490, 8.0, 8.5]
[20943, 8.5, 9.0]
[34713, 9.0, 9.5]
[60977, 9.5, 1.0]
[105308, 1.0, 1.0]
[50349, 1.0, 1.1]
[9747, 1.1, 1.2]
[4176, 1.2, 1.3]
[4176, 1.3, 1.4]
[4176, 1.4, 1.5]
[4176, 1.5, 2.0]
[4176, 2.0, 2.5]
[4240, 2.5, 3.0]
[4240, 3.0, 3.5]
[4182, 3.5, 4.0]
[4324, 4.0, 4.5]
[4176, 4.5, 5.0]
[4406, 5.0, 5.5]
[4471, 5.5, 6.0]
[4738, 6.0, 6.5]
[5914, 6.5, 7.0]
[7399, 7.0, 7.5]
[10969, 7.5, 8.0]
[16341, 8.0, 8.5]
[26089, 8.5, 9.0]
[44470, 9.0, 9.5]
[79582, 9.5, 1.0]
[105244, 1.0, 1.0]
[21893, 1.0, 1.1]
[4176, 1.1, 1.2]
[4236, 1.2, 1.3]
[4184, 1.3, 1.4]
[4176, 1.4, 1.5]
[4176, 1.5, 2.0]
[4176, 2.0, 2.5]
[4202, 2.5, 3.0]
[4191, 3.0, 3.5]
[4282, 3.5, 4.0]
[4385, 4.0, 4.5]
[4440, 4.5, 5.0]
[4359, 5.0, 5.5]
[4367, 5.5, 6.0]
[5054, 6.0, 6.5]
[6482, 6.5, 7.0]
[8555, 7.0, 7.5]
[12515, 7.5, 8.0]
[19583, 8.0, 8.5]
[31878, 8.5, 9.0]
[55725, 9.0, 1.0]
[98229, 1.0, 1.0]
[63309, 1.0, 1.1]
[9173, 1.1, 1.2]
[4176, 1.2, 1.3]
[4176, 1.3, 1.4]
[4176, 1.4, 1.5]
[4176, 1.5, 2.0]
[4176, 2.0, 2.5]
[4176, 2.5, 3.0]
[4176, 3.0, 3.5]
[4176, 3.5, 4.0]
[4189, 4.0, 4.5]
[4488, 4.5, 5.0]
[4412, 5.0, 5.5]
[4221, 5.5, 6.0]
[4404, 6.0, 6.5]
[5412, 6.5, 7.0]
[6813, 7.0, 7.5]
[9489, 7.5, 8.0]
[14055, 8.0, 8.5]
[22217, 8.5, 9.0]
[37094, 9.0, 9.5]
[65430, 9.5, 1.0]
[106576, 1.0, 1.0]
[38261, 1.0, 1.1]
[4176, 1.1, 1.2]
[4176, 1.2, 1.3]
[4225, 1.3, 1.4]
[4176, 1.4, 1.5]
[4176, 1.5, 2.0]
[4176, 2.0, 2.5]
[4176, 2.5, 3.0]
[4176, 3.0, 3.5]
[4176, 3.5, 4.0]
[4176, 4.0, 4.5]
[4177, 4.5, 5.0]
[4242, 5.0, 5.5]
[4176, 5.5, 6.0]
[4223, 6.0, 6.5]
[4185, 6.5, 7.0]
[4235, 7.0, 7.5]
[94056, 100.0, 1.0]
[1754413, 1.0, 1.0]
[346877, 1.0, 1.1]
[62663, 1.1, 1.2]
[8756, 1.2, 1.3]
[4176, 1.3, 1.4]
[4176, 1.4, 1.5]
[4176, 1.5, 2.0]
[4176, 2.0, 2.5]
[4176, 2.5, 3.0]
[4176, 3.0, 3.5]
[4198, 3.5, 4.0]
[4255, 4.0, 4.5]
[4176, 4.5, 5.0]
[4176, 5.0, 5.5]
[4335, 5.5, 6.0]
[4770, 6.0, 6.5]
[5862, 6.5, 7.0]
[7683, 7.0, 7.5]
[11253, 7.5, 8.0]
[16877, 8.0, 8.5]
[26877, 8.5, 9.0]
[46281, 9.0, 9.5]
[83465, 9.5, 1.0]
[127075, 1.0, 1.0]
[29219, 1.0, 1.1]
[4176, 1.1, 1.2]
[4176, 1.2, 1.3]
[4176, 1.3, 1.4]
[4210, 1.4, 1.5]
[4176, 1.5, 2.0]
[4259, 2.0, 2.5]
[4176, 2.5, 3.0]
[4276, 3.0, 3.5]
[4176, 3.5, 4.0]
[4542, 4.0, 4.5]
[4197, 4.5, 5.0]
[4176, 5.0, 5.5]
[4569, 5.5, 6.0]
[5424, 6.0, 6.5]
[6600, 6.5, 7.0]
[9054, 7.0, 7.5]
[13098, 7.5, 8.0]
[20754, 8.0, 8.5]
[33674, 8.5, 9.0]
[58460, 9.0, 1.0]
[103862, 1.0, 1.0]
[43779, 1.0, 1.1]
[4176, 1.1, 1.2]
[4176, 1.2, 1.3]
[4176, 1.3, 1.4]
[4176, 1.4, 1.5]
[4208, 1.5, 2.0]
[4234, 2.0, 2.5]
[4176, 2.5, 3.0]
[4176, 3.0, 3.5]
[4176, 3.5, 4.0]
[4204, 4.0, 4.5]
[4176, 4.5, 5.0]
[4383, 5.0, 5.5]
[4533, 5.5, 6.0]
[5052, 6.0, 6.5]
[6144, 6.5, 7.0]
[7713, 7.0, 7.5]
[11199, 7.5, 8.0]
[16655, 8.0, 8.5]
[26487, 8.5, 9.0]
[44616, 9.0, 9.5]
[80064, 9.5, 1.0]
[93077, 1.0, 1.0]
[14561, 1.0, 1.1]
[4176, 1.1, 1.2]
[4176, 1.2, 1.3]
[4176, 1.3, 1.4]
[4176, 1.4, 1.5]
[4176, 1.5, 2.0]
[4224, 2.0, 2.5]
[4337, 2.5, 3.0]
[4246, 3.0, 3.5]
[4205, 3.5, 4.0]
[4176, 4.0, 4.5]
[4176, 4.5, 5.0]
[4798, 5.0, 5.5]
[4939, 5.5, 6.0]
[6275, 6.0, 6.5]
[8144, 6.5, 7.0]
[11735, 7.0, 7.5]
[17735, 7.5, 8.0]
[28447, 8.0, 8.5]
[48514, 8.5, 9.0]
[87133, 9.0, 1.0]
[93559, 1.0, 1.0]
[13027, 1.0, 1.1]
[4176, 1.1, 1.2]
[4176, 1.2, 1.3]
[4176, 1.3, 1.4]
[4176, 1.4, 1.5]
[4176, 1.5, 2.0]
[4176, 2.0, 2.5]
[4438, 2.5, 3.0]
[4176, 3.0, 3.5]
[4281, 3.5, 4.0]
[4188, 4.0, 4.5]
[4560, 4.5, 5.0]
[4504, 5.0, 5.5]
[4645, 5.5, 6.0]
[5813, 6.0, 6.5]
[7430, 6.5, 7.0]
[10472, 7.0, 7.5]
[15158, 7.5, 8.0]
[24174, 8.0, 8.5]
[40229, 8.5, 9.0]
[71420, 9.0, 1.0]
[113266, 1.0, 1.0]
[32136, 1.0, 1.1]
[5068, 1.1, 1.2]
[4243, 1.2, 1.3]
[4243, 1.3, 1.4]
[4243, 1.4, 1.5]
[4243, 1.5, 2.0]
[4243, 2.0, 2.5]
[4176, 2.5, 3.0]
[4190, 3.0, 3.5]
[4283, 3.5, 4.0]
[4266, 4.0, 4.5]
[4290, 4.5, 5.0]
[4346, 5.0, 5.5]
[4410, 5.5, 6.0]
[4677, 6.0, 6.5]
[5853, 6.5, 7.0]
[7590, 7.0, 7.5]
[10404, 7.5, 8.0]
[16028, 8.0, 8.5]
[25608, 8.5, 9.0]
[43302, 9.0, 9.5]
[77420, 9.5, 1.0]
[104608, 1.0, 1.0]
[20585, 1.0, 1.1]
[4176, 1.1, 1.2]
[4281, 1.2, 1.3]
[4176, 1.3, 1.4]
[4176, 1.4, 1.5]
[4176, 1.5, 2.0]
[4176, 2.0, 2.5]
[4255, 2.5, 3.0]
[4245, 3.0, 3.5]
[4211, 3.5, 4.0]
[4265, 4.0, 4.5]
[4388, 4.5, 5.0]
[4435, 5.0, 5.5]
[4660, 5.5, 6.0]
[5240, 6.0, 6.5]
[6668, 6.5, 7.0]
[9206, 7.0, 7.5]
[13586, 7.5, 8.0]
[21376, 8.0, 8.5]
[35593, 8.5, 9.0]
[62173, 9.0, 1.0]
[108863, 1.0, 1.0]
[52896, 1.0, 1.1]
[5527, 1.1, 1.2]
[4176, 1.2, 1.3]
[4213, 1.3, 1.4]
[4176, 1.4, 1.5]
[4176, 1.5, 2.0]
[4176, 2.0, 2.5]
[4176, 2.5, 3.0]
[4176, 3.0, 3.5]
[4176, 3.5, 4.0]
[4176, 4.0, 4.5]
[4303, 4.5, 5.0]
[4176, 5.0, 5.5]
[4257, 5.5, 6.0]
[4503, 6.0, 6.5]
[5091, 6.5, 7.0]
[6363, 7.0, 7.5]
[8535, 7.5, 8.0]
[12043, 8.0, 8.5]
[18535, 8.5, 9.0]
[29992, 9.0, 9.5]
[51048, 9.5, 1.987]
[92558, 1.987, 1.0]
[97210, 1.0, 1.0]
[16090, 1.0, 1.1]
[4176, 1.1, 1.2]
[4176, 1.2, 1.3]
[4176, 1.3, 1.4]
[4194, 1.4, 1.5]
[4176, 1.5, 2.0]
[4176, 2.0, 2.5]
[4176, 2.5, 3.0]
[4176, 3.0, 3.5]
[4176, 3.5, 4.0]
[4256, 4.0, 4.5]
[4176, 4.5, 5.0]
[4267, 5.0, 5.5]
[4298, 5.5, 6.0]
[5069, 6.0, 6.5]
[6329, 6.5, 7.0]
[8234, 7.0, 7.5]
[11384, 7.5, 8.0]
[17814, 8.0, 8.5]
[28355, 8.5, 9.0]
[48530, 9.0, 9.5]
[87618, 9.5, 1.0]
[91923, 1.0, 1.0]
[18074, 1.0, 1.1]
[4176, 1.1, 1.2]
[4176, 1.2, 1.3]
[4176, 1.3, 1.4]
[4176, 1.4, 1.5]
[4194, 1.5, 2.0]
[4187, 2.0, 2.5]
[4197, 2.5, 3.0]
[4176, 3.0, 3.5]
[4358, 3.5, 4.0]
[4261, 4.0, 4.5]
[4183, 4.5, 5.0]
[4448, 5.0, 5.5]
[5177, 5.5, 6.0]
[6345, 6.0, 6.5]
[8718, 6.5, 7.0]
[12477, 7.0, 7.5]
[19539, 7.5, 8.0]
[32031, 8.0, 8.5]
[55606, 8.5, 1.0]
[97522, 1.0, 1.0]
[60418, 1.0, 1.1]
[6450, 1.1, 1.2]
[4176, 1.2, 1.3]
[4176, 1.3, 1.4]
[4176, 1.4, 1.5]
[4176, 1.5, 2.0]
[4176, 2.0, 2.5]
[4176, 2.5, 3.0]
[4339, 3.0, 3.5]
[4176, 3.5, 4.0]
[4195, 4.0, 4.5]
[4176, 4.5, 5.0]
[4371, 5.0, 5.5]
[4438, 5.5, 6.0]
[4487, 6.0, 6.5]
[4991, 6.5, 7.0]
[6011, 7.0, 7.5]
[7625, 7.5, 8.0]
[10747, 8.0, 8.5]
[16194, 8.5, 9.0]
[25773, 9.0, 9.5]
[43777, 9.5, 10.0]
[78539, 10.0, 1.0]
[114451, 1.0, 1.0]
[26601, 1.0, 1.1]
[4219, 1.1, 1.2]
[4176, 1.2, 1.3]
[4246, 1.3, 1.4]
[4249, 1.4, 1.5]
[4176, 1.5, 2.0]
[4176, 2.0, 2.5]
[4176, 2.5, 3.0]
[4176, 3.0, 3.5]
[4318, 3.5, 4.0]
[4188, 4.0, 4.5]
[4361, 4.5, 5.0]
[4223, 5.0, 5.5]
[4700, 5.5, 6.0]
[5616, 6.0, 6.5]
[7464, 6.5, 7.0]
[10002, 7.0, 7.5]
[15108, 7.5, 8.0]
[24124, 8.0, 8.5]
[40347, 8.5, 9.0]
[71538, 9.0, 1.0]
[112880, 1.0, 1.0]
[33430, 1.0, 1.1]
[6446, 1.1, 1.2]
[4214, 1.2, 1.3]
[4214, 1.3, 1.4]
[4214, 1.4, 1.5]
[4214, 1.5, 2.0]
[4336, 2.0, 2.5]
[4176, 2.5, 3.0]
[4231, 3.0, 3.5]
[4176, 3.5, 4.0]
[4213, 4.0, 4.5]
[4176, 4.5, 5.0]
[4455, 5.0, 5.5]
[4347, 5.5, 6.0]
[4595, 6.0, 6.5]
[5351, 6.5, 7.0]
[6836, 7.0, 7.5]
[9008, 7.5, 8.0]
[13490, 8.0, 8.5]
[20943, 8.5, 9.0]
[34713, 9.0, 9.5]
[60977, 9.5, 1.0]
[105308, 1.0, 1.0]
[50349, 1.0, 1.1]
[9747, 1.1, 1.2]
[4176, 1.2, 1.3]
[4176, 1.3, 1.4]
[4176, 1.4, 1.5]
[4176, 1.5, 2.0]
[4176, 2.0, 2.5]
[4240, 2.5, 3.0]
[4240, 3.0, 3.5]
[4182, 3.5, 4.0]
[4324, 4.0, 4.5]
[4176, 4.5, 5.0]
[4406, 5.0, 5.5]
[4471, 5.5, 6.0]
[4738, 6.0, 6.5]
[5914, 6.5, 7.0]
[7399, 7.0, 7.5]
[10969, 7.5, 8.0]
[16341, 8.0, 8.5]
[26089, 8.5, 9.0]
[44470, 9.0, 9.5]
[79582, 9.5, 1.0]
[105244, 1.0, 1.0]
[21893, 1.0, 1.1]
[4176, 1.1, 1.2]
[4236, 1.2, 1.3]
[4184, 1.3, 1.4]
[4176, 1.4, 1.5]
[4176, 1.5, 2.0]
[4176, 2.0, 2.5]
[4202, 2.5, 3.0]
[4191, 3.0, 3.5]
[4282, 3.5, 4.0]
[4385, 4.0, 4.5]
[4440, 4.5, 5.0]
[4359, 5.0, 5.5]
[4367, 5.5, 6.0]
[5054, 6.0, 6.5]
[6482, 6.5, 7.0]
[8555, 7.0, 7.5]
[12515, 7.5, 8.0]
[19583, 8.0, 8.5]
[31878, 8.5, 9.0]
[55725, 9.0, 1.0]
[98229, 1.0, 1.0]
[63309, 1.0, 1.1]
[9173, 1.1, 1.2]
[4176, 1.2, 1.3]
[4176, 1.3, 1.4]
[4176, 1.4, 1.5]
[4176, 1.5, 2.0]
[4176, 2.0, 2.5]
[4176, 2.5, 3.0]
[4176, 3.0, 3.5]
[4176, 3.5, 4.0]
[4189, 4.0, 4.5]
[4488, 4.5, 5.0]
[4412, 5.0, 5.5]
[4221, 5.5, 6.0]
[4404, 6.0, 6.5]
[5412, 6.5, 7.0]
[6813, 7.0, 7.5]
[9489, 7.5, 8.0]
[14055, 8.0, 8.5]
[22217, 8.5, 9.0]
[37094, 9.0, 9.5]
[65430, 9.5, 1.0]
[106576, 1.0, 1.0]
[38261, 1.0, 1.1]
[4176, 1.1, 1.2]
[4176, 1.2, 1.3]
[4225, 1.3, 1.4]
[4176, 1.4, 1.5]
[4176, 1.5, 2.0]
[4176, 2.0, 2.5]
[4176, 2.5, 3.0]
[4176, 3.0, 3.5]
[4176, 3.5, 4.0]
[4176, 4.0, 4.5]
[4177, 4.5, 5.0]
[4242, 5.0, 5.5]
[4176, 5.5, 6.0]
[4223, 6.0, 6.5]
[4185, 6.5, 7.0]
[4235, 7.0, 7.5]
