[95736, 100.0, 1.0]
[1754413, 1.0, 1.0]
[346877, 1.0, 1.1]
[62663, 1.1, 1.2]
[8756, 1.2, 1.3]
[4176, 1.3, 1.4]
[4176, 1.4, 1.5]
[4176, 1.5, 2.0]
[4176, 2.0, 2.5]
[4176, 2.5, 3.0]
[4176, 3.0, 3.5]
[4198, 3.5, 4.0]
[4255, 4.0, 4.5]
[4176, 4.5, 5.0]
[4176, 5.0, 5.5]
[4335, 5.5, 6.0]
[4770, 6.0, 6.5]
[5862, 6.5, 7.0]
[7851, 7.0, 7.5]
[11253, 7.5, 8.0]
[16961, 8.0, 8.5]
[27670, 8.5, 9.0]
[47074, 9.0, 9.5]
[85252, 9.5, 1.0]
[127588, 1.0, 1.0]
[26204, 1.0, 1.1]
[4176, 1.1, 1.2]
[4176, 1.2, 1.3]
[4176, 1.3, 1.4]
[4176, 1.4, 1.5]
[4176, 1.5, 2.0]
[4176, 2.0, 2.5]
[4176, 2.5, 3.0]
[4224, 3.0, 3.5]
[4242, 3.5, 4.0]
[4490, 4.0, 4.5]
[4176, 4.5, 5.0]
[4286, 5.0, 5.5]
[4433, 5.5, 6.0]
[4868, 6.0, 6.5]
[6548, 6.5, 7.0]
[9002, 7.0, 7.5]
[13130, 7.5, 8.0]
[19946, 8.0, 8.5]
[32745, 8.5, 9.0]
[56172, 9.0, 1.08]
[101868, 1.08, 1.0]
[48080, 1.0, 1.1]
[7478, 1.1, 1.2]
[4306, 1.2, 1.3]
[4306, 1.3, 1.4]
[4390, 1.4, 1.5]
[4306, 1.5, 2.0]
[4390, 2.0, 2.5]
[4415, 2.5, 3.0]
[4332, 3.0, 3.5]
[4359, 3.5, 4.0]
[4550, 4.0, 4.5]
[4416, 4.5, 5.0]
[4287, 5.0, 5.5]
[4371, 5.5, 6.0]
[4638, 6.0, 6.5]
[5310, 6.5, 7.0]
[6963, 7.0, 7.5]
[9387, 7.5, 8.0]
[13701, 8.0, 8.5]
[21070, 8.5, 9.0]
[34840, 9.0, 9.5]
[61188, 9.5, 1.0]
[107031, 1.0, 1.0]
[42076, 1.0, 1.1]
[8241, 1.1, 1.2]
[4222, 1.2, 1.3]
[4222, 1.3, 1.4]
[4222, 1.4, 1.5]
[4222, 1.5, 2.0]
[4222, 2.0, 2.5]
[4222, 2.5, 3.0]
[4222, 3.0, 3.5]
[4306, 3.5, 4.0]
[4355, 4.0, 4.5]
[4231, 4.5, 5.0]
[4471, 5.0, 5.5]
[4906, 5.5, 6.0]
[5486, 6.0, 6.5]
[6494, 6.5, 7.0]
[8735, 7.0, 7.5]
[12695, 7.5, 8.0]
[19931, 8.0, 8.5]
[32478, 8.5, 9.0]
[55989, 9.0, 1.062]
[99249, 1.062, 1.0]
[67137, 1.0, 1.1]
[13001, 1.1, 1.2]
[4176, 1.2, 1.3]
[4176, 1.3, 1.4]
[4176, 1.4, 1.5]
[4176, 1.5, 2.0]
[4176, 2.0, 2.5]
[4176, 2.5, 3.0]
[4176, 3.0, 3.5]
[4176, 3.5, 4.0]
[4176, 4.0, 4.5]
[4176, 4.5, 5.0]
[4212, 5.0, 5.5]
[4424, 5.5, 6.0]
[4609, 6.0, 6.5]
[4777, 6.5, 7.0]
[5881, 7.0, 7.5]
[7327, 7.5, 8.0]
[9945, 8.0, 8.5]
[14683, 8.5, 9.0]
[23056, 9.0, 9.5]
[38414, 9.5, 10.0]
[67506, 10.0, 1.0]
[113218, 1.0, 1.0]
[39312, 1.0, 1.1]
[5477, 1.1, 1.2]
[4176, 1.2, 1.3]
[4176, 1.3, 1.4]
[4176, 1.4, 1.5]
[4176, 1.5, 2.0]
[4176, 2.0, 2.5]
[4195, 2.5, 3.0]
[4176, 3.0, 3.5]
[4176, 3.5, 4.0]
[4257, 4.0, 4.5]
[4675, 4.5, 5.0]
[4285, 5.0, 5.5]
[4583, 5.5, 6.0]
[4521, 6.0, 6.5]
[5025, 6.5, 7.0]
[5877, 7.0, 7.5]
[7491, 7.5, 8.0]
[10529, 8.0, 8.5]
[15267, 8.5, 9.0]
[24159, 9.0, 9.5]
[40511, 9.5, 10.0]
[71437, 10.0, 1.0]
[110997, 1.0, 1.0]
[24827, 1.0, 1.1]
[4526, 1.1, 1.2]
[4232, 1.2, 1.3]
[4232, 1.3, 1.4]
[4232, 1.4, 1.5]
[4316, 1.5, 2.0]
[4232, 2.0, 2.5]
[4176, 2.5, 3.0]
[4176, 3.0, 3.5]
[4176, 3.5, 4.0]
[4452, 4.0, 4.5]
[4323, 4.5, 5.0]
[4230, 5.0, 5.5]
[4511, 5.5, 6.0]
[5030, 6.0, 6.5]
[6290, 6.5, 7.0]
[8027, 7.0, 7.5]
[11261, 7.5, 8.0]
[17103, 8.0, 8.5]
[28316, 8.5, 9.0]
[48071, 9.0, 9.5]
[86991, 9.5, 1.0]
[96049, 1.0, 1.0]
[16021, 1.0, 1.1]
[4176, 1.1, 1.2]
[4176, 1.2, 1.3]
[4307, 1.3, 1.4]
[4176, 1.4, 1.5]
[4176, 1.5, 2.0]
[4176, 2.0, 2.5]
[4176, 2.5, 3.0]
[4176, 3.0, 3.5]
[4176, 3.5, 4.0]
[4178, 4.0, 4.5]
[4302, 4.5, 5.0]
[4218, 5.0, 5.5]
[4640, 5.5, 6.0]
[5052, 6.0, 6.5]
[6228, 6.5, 7.0]
[8133, 7.0, 7.5]
[11703, 7.5, 8.0]
[17797, 8.0, 8.5]
[28506, 8.5, 9.0]
[48513, 9.0, 9.5]
[87433, 9.5, 1.0]
[106018, 1.0, 1.0]
[18635, 1.0, 1.1]
[4223, 1.1, 1.2]
[4176, 1.2, 1.3]
[4176, 1.3, 1.4]
[4176, 1.4, 1.5]
[4229, 1.5, 2.0]
[4176, 2.0, 2.5]
[4192, 2.5, 3.0]
[4219, 3.0, 3.5]
[4272, 3.5, 4.0]
[4205, 4.0, 4.5]
[4325, 4.5, 5.0]
[4398, 5.0, 5.5]
[4539, 5.5, 6.0]
[5730, 6.0, 6.5]
[7431, 6.5, 7.0]
[10221, 7.0, 7.5]
[15495, 7.5, 8.0]
[24511, 8.0, 8.5]
[41275, 8.5, 9.0]
[73321, 9.0, 1.0]
[108335, 1.0, 1.0]
[29100, 1.0, 1.1]
[4176, 1.1, 1.2]
[4176, 1.2, 1.3]
[4242, 1.3, 1.4]
[4176, 1.4, 1.5]
[4236, 1.5, 2.0]
[4176, 2.0, 2.5]
[4176, 2.5, 3.0]
[4176, 3.0, 3.5]
[4176, 3.5, 4.0]
[4295, 4.0, 4.5]
[4381, 4.5, 5.0]
[4239, 5.0, 5.5]
[4480, 5.5, 6.0]
[5083, 6.0, 6.5]
[6091, 6.5, 7.0]
[8080, 7.0, 7.5]
[11230, 7.5, 8.0]
[16938, 8.0, 8.5]
[27311, 8.5, 9.0]
[46631, 9.0, 9.5]
[83815, 9.5, 1.0]
[89072, 1.0, 1.0]
[16231, 1.0, 1.1]
[4176, 1.1, 1.2]
[4176, 1.2, 1.3]
[4176, 1.3, 1.4]
[4176, 1.4, 1.5]
[4176, 1.5, 2.0]
[4176, 2.0, 2.5]
[4176, 2.5, 3.0]
[4176, 3.0, 3.5]
[4176, 3.5, 4.0]
[4176, 4.0, 4.5]
[4225, 4.5, 5.0]
[4408, 5.0, 5.5]
[4499, 5.5, 6.0]
[5018, 6.0, 6.5]
[5858, 6.5, 7.0]
[7679, 7.0, 7.5]
[10829, 7.5, 8.0]
[16285, 8.0, 8.5]
[26201, 8.5, 9.0]
[44162, 9.0, 9.5]
[79442, 9.5, 1.0]
[114176, 1.0, 1.0]
[25066, 1.0, 1.1]
[4765, 1.1, 1.2]
[4176, 1.2, 1.3]
[4176, 1.3, 1.4]
[4240, 1.4, 1.5]
[4176, 1.5, 2.0]
[4176, 2.0, 2.5]
[4176, 2.5, 3.0]
[4246, 3.0, 3.5]
[4248, 3.5, 4.0]
[4260, 4.0, 4.5]
[4179, 4.5, 5.0]
[4369, 5.0, 5.5]
[4377, 5.5, 6.0]
[4644, 6.0, 6.5]
[5568, 6.5, 7.0]
[7221, 7.0, 7.5]
[10149, 7.5, 8.0]
[15437, 8.0, 8.5]
[24644, 8.5, 9.0]
[41231, 9.0, 9.5]
[72955, 9.5, 1.0]
[112988, 1.0, 1.0]
[31102, 1.0, 1.1]
[4282, 1.1, 1.2]
[4228, 1.2, 1.3]
[4228, 1.3, 1.4]
[4252, 1.4, 1.5]
[4252, 1.5, 2.0]
[4228, 2.0, 2.5]
[4214, 2.5, 3.0]
[4245, 3.0, 3.5]
[4176, 3.5, 4.0]
[4325, 4.0, 4.5]
[4303, 4.5, 5.0]
[4219, 5.0, 5.5]
[4509, 5.5, 6.0]
[5112, 6.0, 6.5]
[6540, 6.5, 7.0]
[8910, 7.0, 7.5]
[13122, 7.5, 8.0]
[20190, 8.0, 8.5]
[33110, 8.5, 9.0]
[57896, 9.0, 1.0]
[102388, 1.0, 1.0]
[56249, 1.0, 1.1]
[8880, 1.1, 1.2]
[4202, 1.2, 1.3]
[4176, 1.3, 1.4]
[4176, 1.4, 1.5]
[4247, 1.5, 2.0]
[4176, 2.0, 2.5]
[4176, 2.5, 3.0]
[4245, 3.0, 3.5]
[4210, 3.5, 4.0]
[4247, 4.0, 4.5]
[4236, 4.5, 5.0]
[4245, 5.0, 5.5]
[4528, 5.5, 6.0]
[4879, 6.0, 6.5]
[6139, 6.5, 7.0]
[8044, 7.0, 7.5]
[11530, 7.5, 8.0]
[17456, 8.0, 8.5]
[28333, 8.5, 9.0]
[48424, 9.0, 9.5]
[87092, 9.5, 1.0]
[95898, 1.0, 1.0]
[15450, 1.0, 1.1]
[4176, 1.1, 1.2]
[4176, 1.2, 1.3]
[4187, 1.3, 1.4]
[4176, 1.4, 1.5]
[4176, 1.5, 2.0]
[4176, 2.0, 2.5]
[4259, 2.5, 3.0]
[4176, 3.0, 3.5]
[4255, 3.5, 4.0]
[4289, 4.0, 4.5]
[4176, 4.5, 5.0]
[4258, 5.0, 5.5]
[4355, 5.5, 6.0]
[4958, 6.0, 6.5]
[6218, 6.5, 7.0]
[8375, 7.0, 7.5]
[11609, 7.5, 8.0]
[17955, 8.0, 8.5]
[29625, 8.5, 9.0]
[50571, 9.0, 1.909]
[91395, 1.909, 1.0]
[79950, 1.0, 1.1]
[12532, 1.1, 1.2]
[4176, 1.2, 1.3]
[4226, 1.3, 1.4]
[4176, 1.4, 1.5]
[4176, 1.5, 2.0]
[4176, 2.0, 2.5]
[4176, 2.5, 3.0]
[4176, 3.0, 3.5]
[4185, 3.5, 4.0]
[4378, 4.0, 4.5]
[4176, 4.5, 5.0]
[4354, 5.0, 5.5]
[4198, 5.5, 6.0]
[4308, 6.0, 6.5]
[5064, 6.5, 7.0]
[5916, 7.0, 7.5]
[7866, 7.5, 8.0]
[11156, 8.0, 8.5]
[16435, 8.5, 9.0]
[26602, 9.0, 9.5]
[45264, 9.5, 10.0]
[80985, 10.0, 1.0]
[95736, 100.0, 1.0]
[1754413, 1.0, 1.0]
[346877, 1.0, 1.1]
[62663, 1.1, 1.2]
[8756, 1.2, 1.3]
[4176, 1.3, 1.4]
[4176, 1.4, 1.5]
[4176, 1.5, 2.0]
[4176, 2.0, 2.5]
[4176, 2.5, 3.0]
[4176, 3.0, 3.5]
[4198, 3.5, 4.0]
[4255, 4.0, 4.5]
[4176, 4.5, 5.0]
[4176, 5.0, 5.5]
[4335, 5.5, 6.0]
[4770, 6.0, 6.5]
[5862, 6.5, 7.0]
[7851, 7.0, 7.5]
[11253, 7.5, 8.0]
[16961, 8.0, 8.5]
[27670, 8.5, 9.0]
[47074, 9.0, 9.5]
[85252, 9.5, 1.0]
[127588, 1.0, 1.0]
[26204, 1.0, 1.1]
[4176, 1.1, 1.2]
[4176, 1.2, 1.3]
[4176, 1.3, 1.4]
[4176, 1.4, 1.5]
[4176, 1.5, 2.0]
[4176, 2.0, 2.5]
[4176, 2.5, 3.0]
[4224, 3.0, 3.5]
[4242, 3.5, 4.0]
[4490, 4.0, 4.5]
[4176, 4.5, 5.0]
[4286, 5.0, 5.5]
[4433, 5.5, 6.0]
[4868, 6.0, 6.5]
[6548, 6.5, 7.0]
[9002, 7.0, 7.5]
[13130, 7.5, 8.0]
[19946, 8.0, 8.5]
[32745, 8.5, 9.0]
[56172, 9.0, 1.08]
[101868, 1.08, 1.0]
[48080, 1.0, 1.1]
[7478, 1.1, 1.2]
[4306, 1.2, 1.3]
[4306, 1.3, 1.4]
[4390, 1.4, 1.5]
[4306, 1.5, 2.0]
[4390, 2.0, 2.5]
[4415, 2.5, 3.0]
[4332, 3.0, 3.5]
[4359, 3.5, 4.0]
[4550, 4.0, 4.5]
[4416, 4.5, 5.0]
[4287, 5.0, 5.5]
[4371, 5.5, 6.0]
[4638, 6.0, 6.5]
[5310, 6.5, 7.0]
[6963, 7.0, 7.5]
[9387, 7.5, 8.0]
[13701, 8.0, 8.5]
[21070, 8.5, 9.0]
[34840, 9.0, 9.5]
[61188, 9.5, 1.0]
[107031, 1.0, 1.0]
[42076, 1.0, 1.1]
[8241, 1.1, 1.2]
[4222, 1.2, 1.3]
[4222, 1.3, 1.4]
[4222, 1.4, 1.5]
[4222, 1.5, 2.0]
[4222, 2.0, 2.5]
[4222, 2.5, 3.0]
[4222, 3.0, 3.5]
[4306, 3.5, 4.0]
[4355, 4.0, 4.5]
[4231, 4.5, 5.0]
[4471, 5.0, 5.5]
[4906, 5.5, 6.0]
[5486, 6.0, 6.5]
[6494, 6.5, 7.0]
[8735, 7.0, 7.5]
[12695, 7.5, 8.0]
[19931, 8.0, 8.5]
[32478, 8.5, 9.0]
[55989, 9.0, 1.062]
[99249, 1.062, 1.0]
[67137, 1.0, 1.1]
[13001, 1.1, 1.2]
[4176, 1.2, 1.3]
[4176, 1.3, 1.4]
[4176, 1.4, 1.5]
[4176, 1.5, 2.0]
[4176, 2.0, 2.5]
[4176, 2.5, 3.0]
[4176, 3.0, 3.5]
[4176, 3.5, 4.0]
[4176, 4.0, 4.5]
[4176, 4.5, 5.0]
[4212, 5.0, 5.5]
[4424, 5.5, 6.0]
[4609, 6.0, 6.5]
[4777, 6.5, 7.0]
[5881, 7.0, 7.5]
[7327, 7.5, 8.0]
[9945, 8.0, 8.5]
[14683, 8.5, 9.0]
[23056, 9.0, 9.5]
[38414, 9.5, 10.0]
[67506, 10.0, 1.0]
[113218, 1.0, 1.0]
[39312, 1.0, 1.1]
[5477, 1.1, 1.2]
[4176, 1.2, 1.3]
[4176, 1.3, 1.4]
[4176, 1.4, 1.5]
[4176, 1.5, 2.0]
[4176, 2.0, 2.5]
[4195, 2.5, 3.0]
[4176, 3.0, 3.5]
[4176, 3.5, 4.0]
[4257, 4.0, 4.5]
[4675, 4.5, 5.0]
[4285, 5.0, 5.5]
[4583, 5.5, 6.0]
[4521, 6.0, 6.5]
[5025, 6.5, 7.0]
[5877, 7.0, 7.5]
[7491, 7.5, 8.0]
[10529, 8.0, 8.5]
[15267, 8.5, 9.0]
[24159, 9.0, 9.5]
[40511, 9.5, 10.0]
[71437, 10.0, 1.0]
[110997, 1.0, 1.0]
[24827, 1.0, 1.1]
[4526, 1.1, 1.2]
[4232, 1.2, 1.3]
[4232, 1.3, 1.4]
[4232, 1.4, 1.5]
[4316, 1.5, 2.0]
[4232, 2.0, 2.5]
[4176, 2.5, 3.0]
[4176, 3.0, 3.5]
[4176, 3.5, 4.0]
[4452, 4.0, 4.5]
[4323, 4.5, 5.0]
[4230, 5.0, 5.5]
[4511, 5.5, 6.0]
[5030, 6.0, 6.5]
[6290, 6.5, 7.0]
[8027, 7.0, 7.5]
[11261, 7.5, 8.0]
[17103, 8.0, 8.5]
[28316, 8.5, 9.0]
[48071, 9.0, 9.5]
[86991, 9.5, 1.0]
[96049, 1.0, 1.0]
[16021, 1.0, 1.1]
[4176, 1.1, 1.2]
[4176, 1.2, 1.3]
[4307, 1.3, 1.4]
[4176, 1.4, 1.5]
[4176, 1.5, 2.0]
[4176, 2.0, 2.5]
[4176, 2.5, 3.0]
[4176, 3.0, 3.5]
[4176, 3.5, 4.0]
[4178, 4.0, 4.5]
[4302, 4.5, 5.0]
[4218, 5.0, 5.5]
[4640, 5.5, 6.0]
[5052, 6.0, 6.5]
[6228, 6.5, 7.0]
[8133, 7.0, 7.5]
[11703, 7.5, 8.0]
[17797, 8.0, 8.5]
[28506, 8.5, 9.0]
[48513, 9.0, 9.5]
[87433, 9.5, 1.0]
[106018, 1.0, 1.0]
[18635, 1.0, 1.1]
[4223, 1.1, 1.2]
[4176, 1.2, 1.3]
[4176, 1.3, 1.4]
[4176, 1.4, 1.5]
[4229, 1.5, 2.0]
[4176, 2.0, 2.5]
[4192, 2.5, 3.0]
[4219, 3.0, 3.5]
[4272, 3.5, 4.0]
[4205, 4.0, 4.5]
[4325, 4.5, 5.0]
[4398, 5.0, 5.5]
[4539, 5.5, 6.0]
[5730, 6.0, 6.5]
[7431, 6.5, 7.0]
[10221, 7.0, 7.5]
[15495, 7.5, 8.0]
[24511, 8.0, 8.5]
[41275, 8.5, 9.0]
[73321, 9.0, 1.0]
[108335, 1.0, 1.0]
[29100, 1.0, 1.1]
[4176, 1.1, 1.2]
[4176, 1.2, 1.3]
[4242, 1.3, 1.4]
[4176, 1.4, 1.5]
[4236, 1.5, 2.0]
[4176, 2.0, 2.5]
[4176, 2.5, 3.0]
[4176, 3.0, 3.5]
[4176, 3.5, 4.0]
[4295, 4.0, 4.5]
[4381, 4.5, 5.0]
[4239, 5.0, 5.5]
[4480, 5.5, 6.0]
[5083, 6.0, 6.5]
[6091, 6.5, 7.0]
[8080, 7.0, 7.5]
[11230, 7.5, 8.0]
[16938, 8.0, 8.5]
[27311, 8.5, 9.0]
[46631, 9.0, 9.5]
[83815, 9.5, 1.0]
[89072, 1.0, 1.0]
[16231, 1.0, 1.1]
[4176, 1.1, 1.2]
[4176, 1.2, 1.3]
[4176, 1.3, 1.4]
[4176, 1.4, 1.5]
[4176, 1.5, 2.0]
[4176, 2.0, 2.5]
[4176, 2.5, 3.0]
[4176, 3.0, 3.5]
[4176, 3.5, 4.0]
[4176, 4.0, 4.5]
[4225, 4.5, 5.0]
[4408, 5.0, 5.5]
[4499, 5.5, 6.0]
[5018, 6.0, 6.5]
[5858, 6.5, 7.0]
[7679, 7.0, 7.5]
[10829, 7.5, 8.0]
[16285, 8.0, 8.5]
[26201, 8.5, 9.0]
[44162, 9.0, 9.5]
[79442, 9.5, 1.0]
[114176, 1.0, 1.0]
[25066, 1.0, 1.1]
[4765, 1.1, 1.2]
[4176, 1.2, 1.3]
[4176, 1.3, 1.4]
[4240, 1.4, 1.5]
[4176, 1.5, 2.0]
[4176, 2.0, 2.5]
[4176, 2.5, 3.0]
[4246, 3.0, 3.5]
[4248, 3.5, 4.0]
[4260, 4.0, 4.5]
[4179, 4.5, 5.0]
[4369, 5.0, 5.5]
[4377, 5.5, 6.0]
[4644, 6.0, 6.5]
[5568, 6.5, 7.0]
[7221, 7.0, 7.5]
[10149, 7.5, 8.0]
[15437, 8.0, 8.5]
[24644, 8.5, 9.0]
[41231, 9.0, 9.5]
[72955, 9.5, 1.0]
[112988, 1.0, 1.0]
[31102, 1.0, 1.1]
[4282, 1.1, 1.2]
[4228, 1.2, 1.3]
[4228, 1.3, 1.4]
[4252, 1.4, 1.5]
[4252, 1.5, 2.0]
[4228, 2.0, 2.5]
[4214, 2.5, 3.0]
[4245, 3.0, 3.5]
[4176, 3.5, 4.0]
[4325, 4.0, 4.5]
[4303, 4.5, 5.0]
[4219, 5.0, 5.5]
[4509, 5.5, 6.0]
[5112, 6.0, 6.5]
[6540, 6.5, 7.0]
[8910, 7.0, 7.5]
[13122, 7.5, 8.0]
[20190, 8.0, 8.5]
[33110, 8.5, 9.0]
[57896, 9.0, 1.0]
[102388, 1.0, 1.0]
[56249, 1.0, 1.1]
[8880, 1.1, 1.2]
[4202, 1.2, 1.3]
[4176, 1.3, 1.4]
[4176, 1.4, 1.5]
[4247, 1.5, 2.0]
[4176, 2.0, 2.5]
[4176, 2.5, 3.0]
[4245, 3.0, 3.5]
[4210, 3.5, 4.0]
[4247, 4.0, 4.5]
[4236, 4.5, 5.0]
[4245, 5.0, 5.5]
[4528, 5.5, 6.0]
[4879, 6.0, 6.5]
[6139, 6.5, 7.0]
[8044, 7.0, 7.5]
[11530, 7.5, 8.0]
[17456, 8.0, 8.5]
[28333, 8.5, 9.0]
[48424, 9.0, 9.5]
[87092, 9.5, 1.0]
[95898, 1.0, 1.0]
[15450, 1.0, 1.1]
[4176, 1.1, 1.2]
[4176, 1.2, 1.3]
[4187, 1.3, 1.4]
[4176, 1.4, 1.5]
[4176, 1.5, 2.0]
[4176, 2.0, 2.5]
[4259, 2.5, 3.0]
[4176, 3.0, 3.5]
[4255, 3.5, 4.0]
[4289, 4.0, 4.5]
[4176, 4.5, 5.0]
[4258, 5.0, 5.5]
[4355, 5.5, 6.0]
[4958, 6.0, 6.5]
[6218, 6.5, 7.0]
[8375, 7.0, 7.5]
[11609, 7.5, 8.0]
[17955, 8.0, 8.5]
[29625, 8.5, 9.0]
[50571, 9.0, 1.909]
[91395, 1.909, 1.0]
[79950, 1.0, 1.1]
[12532, 1.1, 1.2]
[4176, 1.2, 1.3]
[4226, 1.3, 1.4]
[4176, 1.4, 1.5]
[4176, 1.5, 2.0]
[4176, 2.0, 2.5]
[4176, 2.5, 3.0]
[4176, 3.0, 3.5]
[4185, 3.5, 4.0]
[4378, 4.0, 4.5]
[4176, 4.5, 5.0]
[4354, 5.0, 5.5]
[4198, 5.5, 6.0]
[4308, 6.0, 6.5]
[5064, 6.5, 7.0]
[5916, 7.0, 7.5]
[7866, 7.5, 8.0]
[11156, 8.0, 8.5]
[16435, 8.5, 9.0]
[26602, 9.0, 9.5]
[45264, 9.5, 10.0]
[80985, 10.0, 1.0]
