0b000901 0b000101 10000 100 5000000 2000000000 7004114 423360
0b000a01 0b000101 10000 100 5000000 2000000000 7047458 423360
0b000801 0b000101 10000 100 5000000 2000000000 7445357 423360
0b001501 0b000101 10000 100 5000000 2000000000 7500916 423360
0b000701 0b000101 10000 100 5000000 2000000000 7937095 423360
0b000501 0b000101 10000 100 5000000 2000000000 7945747 423360
0b000b01 0b000101 10000 100 5000000 2000000000 7953403 423360
0b000601 0b000101 10000 100 5000000 2000000000 7956108 423360
0b001401 0b000101 10000 100 5000000 2000000000 8057294 423360
0b001101 0b000101 10000 100 5000000 2000000000 8326813 423360
0b001301 0b000101 10000 100 5000000 2000000000 8422639 423360
0b001201 0b000101 10000 100 5000000 2000000000 8822489 423360
0b000c01 0b000101 10000 100 5000000 2000000000 8827025 423360
0b001001 0b000101 10000 100 5000000 2000000000 8836416 423360
0b000d01 0b000101 10000 100 5000000 2000000000 8979234 423360
0b000f01 0b000101 10000 100 5000000 2000000000 9035874 423360
0b000e01 0b000101 10000 100 5000000 2000000000 9360574 423360
0b000401 0b000101 10000 100 150000000 2000000000 44360585 12580160
0b000201 0b000101 10000 100 200000000 2000000000 52444654 16772160
0b000301 0b000101 10000 100 200000000 2000000000 53709573 16772160
