4848.0 1.0 1.0
4848.0 1.0 1.4
4848.0 1.4 1.68
4848.0 1.68 2.016
4764.0 2.016 2.419
4680.0 2.419 2.903
4706.0 2.903 3.484
4680.0 3.484 4.18
4741.0 4.18 5.016
4680.0 5.016 6.02
4760.0 6.02 7.224
5364.0 7.224 7.119
7331.0 7.119 7.212
10285.0 7.212 6.739
13942.0 6.739 5.711
17806.0 5.711 4.373
19243.0 4.373 3.439
15809.0 3.439 3.276
9789.0 3.276 3.68
6113.0 3.68 4.271
4176.0 4.271 5.671
4327.0 5.671 6.805
4396.0 6.805 8.166
5984.0 8.166 7.844
8684.0 7.844 7.613
13280.0 7.613 6.424
18284.0 6.424 4.676
21462.0 4.676 3.554
18858.0 3.554 3.006
12534.0 3.006 3.259
6632.0 3.259 3.885
4280.0 3.885 5.178
4176.0 5.178 6.213
4448.0 6.213 7.456
5144.0 7.456 7.413
6871.0 7.413 7.239
10574.0 7.239 6.648
15378.0 6.648 5.283
19868.0 5.283 3.757
20262.0 3.757 3.001
14834.0 3.001 3.021
7940.0 3.021 3.568
4508.0 3.568 4.86
4176.0 4.86 5.832
4196.0 5.832 6.999
4640.0 6.999 8.399
5944.0 8.399 8.082
8566.0 8.082 7.884
12601.0 7.884 6.839
17389.0 6.839 5.174
20956.0 5.174 3.859
18976.0 3.859 3.245
12547.0 3.245 3.5
7260.0 3.5 4.067
4392.0 4.067 5.416
4305.0 5.416 6.499
4671.0 6.499 7.799
5691.0 7.799 7.584
8517.0 7.584 7.367
12297.0 7.367 6.443
17079.0 6.443 4.921
20565.0 4.921 3.644
19041.0 3.644 3.055
12291.0 3.055 3.335
7118.0 3.335 3.874
4230.0 3.874 5.173
4319.0 5.173 6.481
4323.0 6.481 7.777
4823.0 7.777 9.333
6785.0 9.333 8.666
10129.0 8.666 8.068
14871.0 8.068 6.502
19662.0 6.502 4.625
21306.0 4.625 3.671
16194.0 3.671 3.496
9218.0 3.496 4.036
5266.0 4.036 4.785
4254.0 4.785 6.249
4269.0 6.249 7.499
4693.0 7.499 8.999
6287.0 8.999 8.536
9129.0 8.536 8.197
13099.0 8.197 7.018
17685.0 7.018 5.28
20640.0 5.28 3.946
18068.0 3.946 3.462
11576.0 3.462 3.792
6600.0 3.792 4.464
4242.0 4.464 6.027
4176.0 6.027 7.625
4388.0 7.625 9.15
5000.0 9.15 9.15
6938.0 9.15 8.899
9970.0 8.899 8.366
14651.0 8.366 6.802
19172.0 6.802 4.903
20652.0 4.903 3.812
16440.0 3.812 3.593
9968.0 3.593 4.066
5185.0 4.066 4.856
4176.0 4.856 6.079
4308.0 6.079 7.295
4974.0 7.295 8.754
6660.0 8.754 8.173
9817.0 8.173 7.652
14271.0 7.652 6.32
18819.0 6.32 4.62
20871.0 4.62 3.581
16659.0 3.581 3.344
9471.0 3.344 3.862
5331.0 3.862 4.608
4179.0 4.608 5.775
4321.0 5.775 6.93
4807.0 6.93 8.317
6151.0 8.317 7.934
9294.0 7.934 7.536
13662.0 7.536 6.302
18997.0 6.302 4.497
21409.0 4.497 3.512
17521.0 3.512 3.158
10629.0 3.158 3.543
5893.0 3.543 4.188
4297.0 4.188 5.521
4435.0 5.521 6.625
4549.0 6.625 7.95
5665.0 7.95 7.738
8281.0 7.738 7.58
12237.0 7.58 6.611
16783.0 6.611 5.071
20409.0 5.071 3.701
18672.0 3.701 3.157
12414.0 3.157 3.385
6851.0 3.385 3.976
4349.0 3.976 5.327
4176.0 5.327 6.822
4323.0 6.822 8.186
5587.0 8.186 7.994
8137.0 7.994 7.874
11785.0 7.874 7.005
16709.0 7.005 5.363
20489.0 5.363 3.917
19607.0 3.917 3.195
13335.0 3.195 3.394
6879.0 3.394 4.044
4229.0 4.044 5.505
4289.0 5.505 6.606
4451.0 6.606 7.927
5555.0 7.927 7.751
8237.0 7.751 7.178
11873.0 7.178 6.372
16661.0 6.372 4.922
20184.0 4.922 3.605
18912.0 3.605 3.041
12693.0 3.041 3.262
7035.0 3.262 3.833
4244.0 3.833 5.143
4230.0 5.143 6.635
4377.0 6.635 7.962
4848.0 7.962 9.555
6856.0 9.555 8.845
10284.0 8.845 8.195
14815.0 8.195 6.669
19525.0 6.669 4.765
20689.0 4.765 3.762
16297.0 3.762 3.567
9509.0 3.567 4.095
4641.0 4.095 5.713
4256.0 5.713 6.856
4267.0 6.856 8.227
4866.0 8.227 9.873
6792.0 9.873 9.165
10032.0 9.165 8.526
14601.0 8.526 6.937
19911.0 6.937 4.794
21650.0 4.794 3.83
16720.0 3.83 3.566
10328.0 3.566 4.057
5035.0 4.057 4.94
4176.0 4.94 6.463
4356.0 6.463 7.756
4849.0 7.756 9.307
6628.0 9.307 8.701
10124.0 8.701 8.083
14574.0 8.083 6.606
19264.0 6.606 4.755
20908.0 4.755 3.707
16312.0 3.707 3.513
9428.0 3.513 4.026
5520.0 4.026 4.728
4176.0 4.728 6.191
4176.0 6.191 7.43
4898.0 7.43 8.916
6605.0 8.916 8.343
10140.0 8.343 7.706
15052.0 7.706 6.166
19952.0 6.166 4.3
21242.0 4.3 3.414
16018.0 3.414 3.275
9788.0 3.275 3.701
5184.0 3.701 4.442
4176.0 4.442 5.795
4451.0 5.795 6.955
5427.0 6.955 6.836
7757.0 6.836 6.815
11124.0 6.815 6.176
15513.0 6.176 4.949
19017.0 4.949 3.707
18525.0 3.707 3.12
12975.0 3.12 3.29
8008.0 3.29 3.797
4376.0 3.797 5.168
4250.0 5.168 6.201
4350.0 6.201 7.442
5303.0 7.442 7.351
7776.0 7.351 7.295
11745.0 7.295 6.446
17067.0 6.446 4.851
21239.0 4.851 3.546
19522.0 3.546 2.905
12784.0 2.905 3.141
6896.0 3.141 3.702
4298.0 3.702 4.954
4286.0 4.954 6.358
4625.0 6.358 7.629
5781.0 7.629 7.391
8547.0 7.391 7.179
12675.0 7.179 6.15
17379.0 6.15 4.537
20362.0 4.537 3.335
18371.0 3.335 2.88
12219.0 2.88 3.149
6374.0 3.149 3.768
4326.0 3.768 5.141
4434.0 5.141 6.17
4382.0 6.17 7.404
6382.0 7.404 6.994
9532.0 6.994 6.584
13484.0 6.584 5.569
18439.0 5.569 4.069
20810.0 4.069 3.115
16874.0 3.115 2.882
9909.0 2.882 3.282
4821.0 3.282 4.567
4176.0 4.567 5.759
4461.0 5.759 6.91
5229.0 6.91 6.847
7267.0 6.847 6.934
10537.0 6.934 6.399
14863.0 6.399 5.215
18931.0 5.215 3.847
19495.0 3.847 3.073
14944.0 3.073 3.065
8704.0 3.065 3.533
4316.0 3.533 4.818
4176.0 4.818 6.07
4383.0 6.07 7.284
5455.0 7.284 7.152
8060.0 7.152 6.667
11805.0 6.667 5.887
16019.0 5.887 4.661
19643.0 4.661 3.382
18611.0 3.382 2.86
12571.0 2.86 3.073
6878.0 3.073 3.712
4196.0 3.712 5.026
4176.0 5.026 6.496
4422.0 6.496 7.796
5438.0 7.796 7.659
8684.0 7.659 6.947
12468.0 6.947 5.945
17656.0 5.945 4.366
21359.0 4.366 3.236
18815.0 3.236 2.742
11543.0 2.742 3.053
6783.0 3.053 3.571
4285.0 3.571 4.894
4188.0 4.894 5.873
4722.0 5.873 7.048
6698.0 7.048 6.569
10598.0 6.569 5.97
15992.0 5.97 4.564
20684.0 4.564 3.24
20912.0 3.24 2.592
14333.0 2.592 2.661
7866.0 2.661 3.104
4176.0 3.104 4.215
4245.0 4.215 5.058
4826.0 5.058 6.069
6284.0 6.069 5.758
9325.0 5.758 5.123
13924.0 5.123 4.186
18832.0 4.186 2.998
20828.0 2.998 2.332
16344.0 2.332 2.207
9322.0 2.207 2.565
4645.0 2.565 3.525
4355.0 3.525 4.23
4307.0 4.23 5.076
5627.0 5.076 4.949
8379.0 4.949 4.847
11945.0 4.847 4.313
15872.0 4.313 3.463
18662.0 3.463 2.662
17042.0 2.662 2.368
12368.0 2.368 2.503
6840.0 2.503 2.994
4205.0 2.994 3.983
4184.0 3.983 4.78
5068.0 4.78 4.767
7327.0 4.767 4.565
11991.0 4.565 3.94
17857.0 3.94 2.808
22090.0 2.808 2.099
19522.0 2.099 1.719
12921.0 1.719 1.854
6663.0 1.854 2.285
4236.0 2.285 3.038
4250.0 3.038 3.646
5507.0 3.646 3.572
9059.0 3.572 3.368
13967.0 3.368 2.735
19499.0 2.735 1.906
22159.0 1.906 1.515
17975.0 1.515 1.335
9871.0 1.335 1.534
4859.0 1.534 2.121
4176.0 2.121 2.748
4739.0 2.748 3.298
7077.0 3.298 3.191
10146.0 3.191 2.957
14342.0 2.957 2.411
19544.0 2.411 1.717
20024.0 1.717 1.341
13405.0 1.341 1.427
6016.0 1.427 1.758
4176.0 1.758 2.216
4680.0 2.216 2.659
7640.0 2.659 2.511
12137.0 2.511 2.191
17245.0 2.191 1.625
17957.0 1.625 1.331
13633.0 1.331 1.348
6607.0 1.348 1.601
4412.0 1.601 2.027
5057.0 2.027 2.023
8651.0 2.023 1.829
14267.0 1.829 1.467
19151.0 1.467 1.045
19303.0 1.045 1.0
12019.0 1.0 1.102
5289.0 1.102 1.369
4263.0 1.369 1.789
4489.0 1.789 2.147
6151.0 2.147 2.048
10209.0 2.048 1.856
16230.0 1.856 1.393
21798.0 1.393 1.014
20974.0 1.014 1.0
13459.0 1.0 1.062
6645.0 1.062 1.319
4195.0 1.319 1.75
4191.0 1.75 2.1
5074.0 2.1 2.093
8452.0 2.093 1.91
13399.0 1.91 1.59
18311.0 1.59 1.177
19071.0 1.177 1.0
13836.0 1.0 1.028
7442.0 1.028 1.213
4520.0 1.213 1.637
4415.0 1.637 1.965
5228.0 1.965 1.947
9312.0 1.947 1.713
15783.0 1.713 1.299
18483.0 1.299 1.012
15687.0 1.012 1.0
10761.0 1.0 1.082
4871.0 1.082 1.531
4506.0 1.531 1.838
5458.0 1.838 1.804
8444.0 1.804 1.755
11174.0 1.755 1.614
14123.0 1.614 1.391
15473.0 1.391 1.198
14300.0 1.198 1.123
9773.0 1.123 1.23
6407.0 1.23 1.402
5419.0 1.402 1.573
5273.0 1.573 1.728
5616.0 1.728 1.867
7850.0 1.867 1.864
10226.0 1.864 1.759
14354.0 1.759 1.458
16913.0 1.458 1.177
17177.0 1.177 1.0
12779.0 1.0 1.035
7393.0 1.035 1.186
5108.0 1.186 1.384
4249.0 1.384 1.835
5024.0 1.835 1.833
8332.0 1.833 1.777
11548.0 1.777 1.599
15766.0 1.599 1.28
18148.0 1.28 1.0
16573.0 1.0 1.0
12027.0 1.0 1.056
6221.0 1.056 1.26
4178.0 1.26 1.707
4869.0 1.707 2.049
6305.0 2.049 1.942
9063.0 1.942 1.881
13401.0 1.881 1.605
16980.0 1.605 1.256
17772.0 1.256 1.042
13887.0 1.042 1.045
8423.0 1.045 1.214
4320.0 1.214 1.559
5049.0 1.559 1.556
6769.0 1.556 1.524
10273.0 1.524 1.416
13215.0 1.416 1.244
15807.0 1.244 1.041
15255.0 1.041 1.0
11881.0 1.0 1.035
7335.0 1.035 1.178
5388.0 1.178 1.341
4433.0 1.341 1.767
5357.0 1.767 1.742
8733.0 1.742 1.671
12137.0 1.671 1.479
15959.0 1.479 1.197
17384.0 1.197 1.0
14609.0 1.0 1.0
9895.0 1.0 1.093
4761.0 1.093 1.491
4320.0 1.491 1.79
5628.0 1.79 1.745
9208.0 1.745 1.664
12378.0 1.664 1.461
16386.0 1.461 1.159
17862.0 1.159 1.0
14892.0 1.0 1.0
9338.0 1.0 1.119
4197.0 1.119 1.542
4539.0 1.542 1.851
6034.0 1.851 1.774
9674.0 1.774 1.667
13955.0 1.667 1.396
16481.0 1.396 1.134
16382.0 1.134 1.0
11762.0 1.0 1.057
6628.0 1.057 1.219
4765.0 1.219 1.638
4241.0 1.638 1.966
5553.0 1.966 1.923
8805.0 1.923 1.847
13011.0 1.847 1.578
16008.0 1.578 1.284
16917.0 1.284 1.076
14232.0 1.076 1.045
10200.0 1.045 1.137
5460.0 1.137 1.344
4274.0 1.344 1.775
5547.0 1.775 1.736
8797.0 1.736 1.674
11751.0 1.674 1.517
15510.0 1.517 1.226
16947.0 1.226 1.008
14337.0 1.008 1.0
9669.0 1.0 1.115
4955.0 1.115 1.533
4176.0 1.533 1.84
5806.0 1.84 1.78
9306.0 1.78 1.684
12416.0 1.684 1.49
15599.0 1.49 1.215
16904.0 1.215 1.013
13847.0 1.013 1.0
9173.0 1.0 1.118
4543.0 1.118 1.514
4760.0 1.514 1.816
6236.0 1.816 1.727
9956.0 1.727 1.612
14264.0 1.612 1.34
16523.0 1.34 1.099
15755.0 1.099 1.0
10343.0 1.0 1.095
5797.0 1.095 1.259
4211.0 1.259 1.656
5100.0 1.656 1.649
6803.0 1.649 1.615
11177.0 1.615 1.435
16649.0 1.435 1.096
19565.0 1.096 1.0
16778.0 1.0 1.0
10972.0 1.0 1.112
4410.0 1.112 1.548
4364.0 1.548 1.858
5099.0 1.858 1.851
8187.0 1.851 1.809
11575.0 1.809 1.631
15793.0 1.631 1.303
17845.0 1.303 1.044
15283.0 1.044 1.0
10361.0 1.0 1.091
4891.0 1.091 1.538
4438.0 1.538 1.846
5834.0 1.846 1.784
9196.0 1.784 1.697
12242.0 1.697 1.5
15953.0 1.5 1.211
17282.0 1.211 1.0
14753.0 1.0 1.0
9787.0 1.0 1.112
4569.0 1.112 1.548
4447.0 1.548 1.857
5625.0 1.857 1.811
9129.0 1.811 1.722
11979.0 1.722 1.54
15744.0 1.54 1.249
17433.0 1.249 1.013
15036.0 1.013 1.0
10710.0 1.0 1.078
5324.0 1.078 1.292
4402.0 1.292 1.69
5426.0 1.69 1.662
8956.0 1.662 1.585
12060.0 1.585 1.423
15303.0 1.423 1.178
15894.0 1.178 1.02
12612.0 1.02 1.035
8236.0 1.035 1.162
4850.0 1.162 1.574
4722.0 1.574 1.889
6327.0 1.889 1.788
9899.0 1.788 1.677
14294.0 1.677 1.381
17243.0 1.381 1.095
17288.0 1.095 1.0
11621.0 1.0 1.082
6235.0 1.082 1.279
4284.0 1.279 1.709
4515.0 1.709 2.051
6209.0 2.051 1.952
9229.0 1.952 1.866
13384.0 1.866 1.586
16180.0 1.586 1.298
16124.0 1.298 1.139
12305.0 1.139 1.171
7809.0 1.171 1.334
4473.0 1.334 1.786
4779.0 1.786 2.143
8339.0 2.143 1.857
12476.0 1.857 1.613
15797.0 1.613 1.316
17021.0 1.316 1.104
14066.0 1.104 1.078
9680.0 1.078 1.197
5182.0 1.197 1.41
4241.0 1.41 1.765
5305.0 1.765 1.743
8921.0 1.743 1.562
12167.0 1.562 1.394
16025.0 1.394 1.127
17087.0 1.127 1.0
13844.0 1.0 1.0
8710.0 1.0 1.144
4332.0 1.144 1.54
4951.0 1.54 1.848
6690.0 1.848 1.723
10148.0 1.723 1.596
14426.0 1.596 1.316
17027.0 1.316 1.058
16328.0 1.058 1.0
10343.0 1.0 1.104
5377.0 1.104 1.287
4234.0 1.287 1.614
5483.0 1.614 1.582
9545.0 1.582 1.479
12729.0 1.479 1.296
16509.0 1.296 1.034
16941.0 1.034 1.0
11508.0 1.0 1.072
6374.0 1.072 1.256
4291.0 1.256 1.66
4386.0 1.66 1.991
5764.0 1.991 1.931
9208.0 1.931 1.844
13303.0 1.844 1.568
16363.0 1.568 1.26
16995.0 1.26 1.065
13260.0 1.065 1.076
8318.0 1.076 1.212
4257.0 1.212 1.62
4796.0 1.62 1.944
6387.0 1.944 1.837
9963.0 1.837 1.712
14310.0 1.712 1.422
17316.0 1.422 1.124
17217.0 1.124 1.0
12561.0 1.0 1.039
7175.0 1.039 1.202
4675.0 1.202 1.642
4503.0 1.642 1.97
5321.0 1.97 1.945
8421.0 1.945 1.9
11409.0 1.9 1.727
15123.0 1.727 1.421
17395.0 1.421 1.148
15601.0 1.148 1.059
9571.0 1.059 1.176
4963.0 1.176 1.636
4296.0 1.636 1.964
5434.0 1.964 1.929
8674.0 1.929 1.868
11510.0 1.868 1.7
15335.0 1.7 1.384
17211.0 1.384 1.133
15108.0 1.133 1.064
8952.0 1.064 1.208
4418.0 1.208 1.632
4456.0 1.632 1.958
5747.0 1.958 1.899
9131.0 1.899 1.805
13094.0 1.805 1.549
16109.0 1.549 1.271
17135.0 1.271 1.061
14246.0 1.061 1.032
9824.0 1.032 1.138
5042.0 1.138 1.352
4335.0 1.352 1.691
6235.0 1.691 1.607
9681.0 1.607 1.5
12693.0 1.5 1.316
16038.0 1.316 1.072
16350.0 1.072 1.0
11532.0 1.0 1.061
6650.0 1.061 1.24
4654.0 1.24 1.673
4559.0 1.673 2.008
5895.0 2.008 1.936
9157.0 1.936 1.851
13288.0 1.851 1.569
16648.0 1.569 1.246
17120.0 1.246 1.052
13157.0 1.052 1.068
7847.0 1.068 1.216
5399.0 1.216 1.389
4477.0 1.389 1.837
4582.0 1.837 2.204
6116.0 2.204 2.106
9288.0 2.106 1.994
13131.0 1.994 1.708
16431.0 1.708 1.382
16887.0 1.382 1.182
13158.0 1.182 1.195
8942.0 1.195 1.329
4634.0 1.329 1.82
4182.0 1.82 2.185
5002.0 2.185 2.184
7684.0 2.184 2.059
10450.0 2.059 1.925
14272.0 1.925 1.604
17384.0 1.604 1.265
16144.0 1.265 1.14
11059.0 1.14 1.24
6235.0 1.24 1.455
4630.0 1.455 1.97
4246.0 1.97 2.364
5166.0 2.364 2.348
7680.0 2.348 2.218
11841.0 2.218 1.961
16433.0 1.961 1.535
18937.0 1.535 1.17
16329.0 1.17 1.078
9195.0 1.078 1.254
4282.0 1.254 1.719
4246.0 1.719 2.063
5297.0 2.063 2.039
8449.0 2.039 1.968
12316.0 1.968 1.725
15571.0 1.725 1.418
16651.0 1.418 1.196
14488.0 1.196 1.141
8332.0 1.141 1.307
4526.0 1.307 1.756
4259.0 1.756 2.108
5666.0 2.108 2.051
8570.0 2.051 1.995
12680.0 1.995 1.722
15683.0 1.722 1.419
17231.0 1.419 1.168
14666.0 1.168 1.118
8759.0 1.118 1.263
4260.0 1.263 1.736
4531.0 1.736 2.083
6048.0 2.083 1.995
9276.0 1.995 1.889
13041.0 1.889 1.636
15333.0 1.636 1.382
15888.0 1.382 1.198
13842.0 1.198 1.154
10160.0 1.154 1.241
6440.0 1.241 1.419
5177.0 1.419 1.612
4600.0 1.612 2.103
5408.0 2.103 2.174
8210.0 2.174 2.135
12263.0 2.135 1.869
16683.0 1.869 1.45
18095.0 1.45 1.16
14279.0 1.16 1.149
9627.0 1.149 1.288
4665.0 1.288 1.761
4188.0 1.761 2.113
4768.0 2.113 2.536
7862.0 2.536 2.246
11645.0 2.246 1.995
15753.0 1.995 1.605
17545.0 1.605 1.298
15225.0 1.298 1.224
9399.0 1.224 1.361
4921.0 1.361 1.87
4210.0 1.87 2.347
4511.0 2.347 2.816
6721.0 2.816 2.622
10240.0 2.622 2.421
14240.0 2.421 2.014
17286.0 2.014 1.601
16560.0 1.601 1.42
11000.0 1.42 1.549
7082.0 1.549 1.778
4310.0 1.778 2.412
4406.0 2.412 2.895
6224.0 2.895 2.753
9650.0 2.753 2.594
13506.0 2.594 2.208
16882.0 2.208 1.744
17156.0 1.744 1.476
13156.0 1.476 1.498
7837.0 1.498 1.739
4541.0 1.739 2.385
4320.0 2.385 3.021
5414.0 3.021 2.971
7298.0 2.971 2.859
10361.0 2.859 2.659
14001.0 2.659 2.248
17021.0 2.248 1.788
16879.0 1.788 1.55
12763.0 1.55 1.598
7834.0 1.598 1.826
4572.0 1.826 2.486
4189.0 2.486 3.121
5375.0 3.121 3.074
7103.0 3.074 2.981
10202.0 2.981 2.776
13486.0 2.776 2.38
16415.0 2.38 1.919
16389.0 1.919 1.673
13481.0 1.673 1.654
9251.0 1.654 1.818
6261.0 1.818 2.104
4195.0 2.104 2.768
5256.0 2.768 2.74
7806.0 2.74 2.576
11157.0 2.576 2.327
14929.0 2.327 1.917
17779.0 1.917 1.521
15405.0 1.521 1.427
10920.0 1.427 1.539
7060.0 1.539 1.756
4176.0 1.756 2.326
4231.0 2.326 2.792
6405.0 2.792 2.635
10095.0 2.635 2.429
14659.0 2.429 1.961
18274.0 1.961 1.5
17902.0 1.5 1.273
11510.0 1.273 1.386
6634.0 1.386 1.619
4536.0 1.619 2.136
4945.0 2.136 2.564
7621.0 2.564 2.44
10840.0 2.44 2.223
15052.0 2.223 1.818
17572.0 1.818 1.432
16796.0 1.432 1.248
13037.0 1.248 1.277
8737.0 1.277 1.453
4835.0 1.453 2.006
4394.0 2.006 2.407
6724.0 2.407 2.241
8946.0 2.241 2.165
11667.0 2.165 1.986
13821.0 1.986 1.738
15289.0 1.738 1.504
13485.0 1.504 1.453
9903.0 1.453 1.553
6759.0 1.553 1.76
5291.0 1.76 1.982
5355.0 1.982 2.059
7921.0 2.059 2.035
10637.0 2.035 1.9
14483.0 1.9 1.581
17867.0 1.581 1.222
17235.0 1.222 1.064
11529.0 1.064 1.156
6073.0 1.156 1.38
4222.0 1.38 1.817
4410.0 1.817 2.18
5556.0 2.18 2.131
7802.0 2.131 2.011
10208.0 2.011 1.896
13232.0 1.896 1.665
14816.0 1.665 1.441
14711.0 1.441 1.304
12581.0 1.304 1.291
9617.0 1.291 1.38
6857.0 1.38 1.548
5449.0 1.548 1.738
5452.0 1.738 1.906
7242.0 1.906 1.948
9720.0 1.948 1.856
13764.0 1.856 1.562
17480.0 1.562 1.225
16680.0 1.225 1.073
11532.0 1.073 1.146
6546.0 1.146 1.316
4467.0 1.316 1.754
4631.0 1.754 2.104
5610.0 2.104 2.053
8334.0 2.053 2.0
11865.0 2.0 1.797
14907.0 1.797 1.503
16599.0 1.503 1.257
15027.0 1.257 1.169
10065.0 1.169 1.282
5939.0 1.282 1.504
4644.0 1.504 2.012
4241.0 2.012 2.415
6597.0 2.415 2.261
8925.0 2.261 2.206
12666.0 2.206 1.938
15918.0 1.938 1.58
17382.0 1.58 1.305
13806.0 1.305 1.295
8157.0 1.295 1.462
4517.0 1.462 2.003
4226.0 2.003 2.404
6714.0 2.404 2.239
9180.0 2.239 2.146
13404.0 2.146 1.81
17568.0 1.81 1.368
18640.0 1.368 1.094
13596.0 1.094 1.123
8068.0 1.123 1.295
4268.0 1.295 1.729
5021.0 1.729 1.727
8017.0 1.727 1.699
11005.0 1.699 1.566
14902.0 1.566 1.304
16612.0 1.304 1.086
15064.0 1.086 1.008
11598.0 1.008 1.054
6676.0 1.054 1.222
4711.0 1.222 1.623
4768.0 1.623 1.948
6031.0 1.948 1.867
9117.0 1.867 1.789
13437.0 1.789 1.529
16494.0 1.529 1.228
17142.0 1.228 1.032
13968.0 1.032 1.017
9100.0 1.017 1.154
4504.0 1.154 1.593
4539.0 1.593 1.911
6039.0 1.911 1.832
8959.0 1.832 1.76
11749.0 1.76 1.598
15157.0 1.598 1.324
16684.0 1.324 1.099
15262.0 1.099 1.015
11734.0 1.015 1.058
6768.0 1.058 1.213
4750.0 1.213 1.638
4294.0 1.638 1.965
5436.0 1.965 1.931
8348.0 1.931 1.777
11612.0 1.777 1.594
15752.0 1.594 1.284
17999.0 1.284 1.013
16910.0 1.013 1.0
9374.0 1.0 1.147
4309.0 1.147 1.585
4525.0 1.585 1.902
6252.0 1.902 1.807
9466.0 1.807 1.715
13249.0 1.715 1.486
15694.0 1.486 1.238
16027.0 1.238 1.074
12610.0 1.074 1.086
8558.0 1.086 1.222
4844.0 1.222 1.648
4987.0 1.648 2.061
6161.0 2.061 1.965
8883.0 1.965 1.895
12870.0 1.895 1.654
16041.0 1.654 1.341
17037.0 1.341 1.129
13932.0 1.129 1.111
9546.0 1.111 1.23
5094.0 1.23 1.469
4286.0 1.469 1.911
5089.0 1.911 1.904
8345.0 1.904 1.848
11737.0 1.848 1.642
15667.0 1.642 1.311
18439.0 1.311 1.027
15901.0 1.027 1.0
10881.0 1.0 1.093
5327.0 1.093 1.316
4501.0 1.316 1.718
4902.0 1.718 2.062
6622.0 2.062 1.928
9516.0 1.928 1.837
14013.0 1.837 1.529
17709.0 1.529 1.189
16865.0 1.189 1.046
11009.0 1.046 1.151
5435.0 1.151 1.374
4252.0 1.374 1.835
4576.0 1.835 2.202
6104.0 2.202 2.105
8848.0 2.105 2.035
12682.0 2.035 1.769
15822.0 1.769 1.447
16378.0 1.447 1.243
13483.0 1.243 1.226
9971.0 1.226 1.316
6019.0 1.316 1.534
4723.0 1.534 2.051
4843.0 2.051 2.575
7189.0 2.575 2.481
10789.0 2.481 2.257
14645.0 2.257 1.88
16813.0 1.88 1.536
16481.0 1.536 1.347
12668.0 1.347 1.386
7046.0 1.386 1.611
4255.0 1.611 2.142
4574.0 2.142 2.57
6682.0 2.57 2.397
10177.0 2.397 2.224
13297.0 2.224 1.923
15829.0 1.923 1.597
15981.0 1.597 1.397
12461.0 1.397 1.424
7505.0 1.424 1.635
4963.0 1.635 2.185
4751.0 2.185 2.739
6343.0 2.739 2.592
9523.0 2.592 2.46
12514.0 2.46 2.173
15750.0 2.173 1.768
17147.0 1.768 1.466
14243.0 1.466 1.428
9227.0 1.428 1.59
5715.0 1.59 1.851
4425.0 1.851 2.327
5574.0 2.327 2.274
8060.0 2.274 2.122
11867.0 2.122 1.893
15383.0 1.893 1.55
17527.0 1.55 1.245
15635.0 1.245 1.151
9812.0 1.151 1.287
5130.0 1.287 1.519
4181.0 1.519 1.985
4705.0 1.985 2.382
7787.0 2.382 2.238
11345.0 2.238 2.033
15401.0 2.033 1.655
17173.0 1.655 1.354
15321.0 1.354 1.262
10299.0 1.262 1.389
6317.0 1.389 1.602
4223.0 1.602 2.126
5354.0 2.126 2.096
8326.0 2.096 2.04
11773.0 2.04 1.824
14719.0 1.824 1.539
15935.0 1.539 1.314
14591.0 1.314 1.229
10091.0 1.229 1.339
6421.0 1.339 1.535
4561.0 1.535 2.043
5526.0 2.043 2.0
8514.0 2.0 1.945
12141.0 1.945 1.72
14904.0 1.72 1.444
16008.0 1.444 1.246
13743.0 1.246 1.209
8862.0 1.209 1.35
5560.0 1.35 1.556
5016.0 1.556 1.736
5634.0 1.736 1.779
8668.0 1.779 1.722
11938.0 1.722 1.527
15874.0 1.527 1.214
18091.0 1.214 1.0
16450.0 1.0 1.0
11568.0 1.0 1.068
5846.0 1.068 1.285
4408.0 1.285 1.722
5032.0 1.722 1.72
7990.0 1.72 1.601
10936.0 1.601 1.481
14173.0 1.481 1.263
15874.0 1.263 1.078
13786.0 1.078 1.039
10296.0 1.039 1.106
6642.0 1.106 1.246
5472.0 1.246 1.413
5243.0 1.413 1.551
5815.0 1.551 1.664
8785.0 1.664 1.619
12325.0 1.619 1.426
16162.0 1.426 1.133
17959.0 1.133 1.0
14746.0 1.0 1.0
9696.0 1.0 1.121
4562.0 1.121 1.532
4405.0 1.532 1.838
5779.0 1.838 1.781
8937.0 1.781 1.723
11967.0 1.723 1.551
15657.0 1.551 1.263
17289.0 1.263 1.037
15279.0 1.037 1.0
10907.0 1.0 1.074
5773.0 1.074 1.267
4375.0 1.267 1.663
5251.0 1.663 1.646
8449.0 1.646 1.6
11543.0 1.6 1.449
15608.0 1.449 1.183
16850.0 1.183 1.0
14252.0 1.0 1.0
9370.0 1.0 1.108
4824.0 1.108 1.537
4350.0 1.537 1.844
5826.0 1.844 1.783
8930.0 1.783 1.71
11720.0 1.71 1.54
14957.0 1.54 1.286
16562.0 1.286 1.077
14492.0 1.077 1.024
10392.0 1.024 1.099
5824.0 1.099 1.285
4607.0 1.285 1.693
5003.0 1.693 1.692
8545.0 1.692 1.537
11581.0 1.537 1.379
16093.0 1.379 1.093
17209.0 1.093 1.0
13270.0 1.0 1.013
8472.0 1.013 1.149
4187.0 1.149 1.561
5213.0 1.561 1.548
6857.0 1.548 1.513
10557.0 1.513 1.383
13505.0 1.383 1.191
16355.0 1.191 1.0
14975.0 1.0 1.0
11101.0 1.0 1.058
6471.0 1.058 1.207
4868.0 1.207 1.602
4849.0 1.602 1.923
6296.0 1.923 1.823
9688.0 1.823 1.706
13678.0 1.706 1.451
16459.0 1.451 1.175
16633.0 1.175 1.015
12706.0 1.015 1.039
7576.0 1.039 1.188
5325.0 1.188 1.383
4212.0 1.383 1.805
4994.0 1.805 2.166
8570.0 2.166 1.857
12410.0 1.857 1.619
15731.0 1.619 1.328
17035.0 1.328 1.109
14158.0 1.109 1.08
9670.0 1.08 1.199
4942.0 1.199 1.686
4207.0 1.686 2.024
5162.0 2.024 2.011
8238.0 2.011 1.962
11260.0 1.962 1.772
14806.0 1.772 1.457
17498.0 1.457 1.167
15138.0 1.167 1.103
8463.0 1.103 1.265
4315.0 1.265 1.732
4266.0 1.732 2.079
5689.0 2.079 2.021
8733.0 2.021 1.952
12912.0 1.952 1.68
15975.0 1.68 1.365
17363.0 1.365 1.129
14255.0 1.129 1.103
10291.0 1.103 1.199
5561.0 1.199 1.424
4262.0 1.424 1.895
4903.0 1.895 2.274
8251.0 2.274 1.978
12310.0 1.978 1.72
16216.0 1.72 1.362
19000.0 1.362 1.051
14772.0 1.051 1.036
9360.0 1.036 1.16
4176.0 1.16 1.595
4630.0 1.595 1.914
6221.0 1.914 1.82
9405.0 1.82 1.718
13626.0 1.718 1.459
16011.0 1.459 1.196
16287.0 1.196 1.037
12318.0 1.037 1.064
7610.0 1.064 1.225
5554.0 1.225 1.385
4288.0 1.385 1.836
4774.0 1.836 2.203
8170.0 2.203 2.046
12541.0 2.046 1.772
17197.0 1.772 1.361
18709.0 1.361 1.075
13545.0 1.075 1.103
8249.0 1.103 1.265
4220.0 1.265 1.623
5021.0 1.623 1.621
6451.0 1.621 1.609
10479.0 1.609 1.475
13753.0 1.475 1.255
17314.0 1.255 1.0
17362.0 1.0 1.0
11257.0 1.0 1.086
5451.0 1.086 1.319
4245.0 1.319 1.758
5651.0 1.758 1.713
8559.0 1.713 1.659
12135.0 1.659 1.474
16008.0 1.474 1.18
17799.0 1.18 1.0
15063.0 1.0 1.0
10181.0 1.0 1.102
4963.0 1.102 1.514
4202.0 1.514 1.816
5013.0 1.816 1.815
8481.0 1.815 1.747
11607.0 1.747 1.562
15837.0 1.562 1.251
18099.0 1.251 1.0
16488.0 1.0 1.0
11438.0 1.0 1.072
5716.0 1.072 1.275
4222.0 1.275 1.603
5442.0 1.603 1.574
9096.0 1.574 1.496
12308.0 1.496 1.332
16031.0 1.332 1.066
16661.0 1.066 1.0
12281.0 1.0 1.04
7399.0 1.04 1.185
5074.0 1.185 1.386
4191.0 1.386 1.804
5091.0 1.804 1.798
8411.0 1.798 1.745
11445.0 1.745 1.587
15069.0 1.587 1.308
16989.0 1.308 1.073
15510.0 1.073 1.0
11688.0 1.0 1.046
6470.0 1.046 1.245
4525.0 1.245 1.681
4521.0 1.681 2.017
5880.0 2.017 1.946
8846.0 1.946 1.881
12710.0 1.881 1.631
15530.0 1.631 1.35
16880.0 1.35 1.119
14573.0 1.119 1.069
10731.0 1.069 1.139
5845.0 1.139 1.34
4226.0 1.34 1.783
4781.0 1.783 2.139
8073.0 2.139 1.876
12441.0 1.876 1.637
16491.0 1.637 1.279
18527.0 1.279 1.014
15602.0 1.014 1.0
9946.0 1.0 1.126
4392.0 1.126 1.571
4217.0 1.571 1.885
5475.0 1.885 1.849
8775.0 1.849 1.776
11733.0 1.776 1.607
15693.0 1.607 1.293
17475.0 1.293 1.039
15774.0 1.039 1.0
11530.0 1.0 1.057
6144.0 1.057 1.246
4182.0 1.246 1.639
4752.0 1.639 1.967
6234.0 1.967 1.87
9236.0 1.87 1.78
13658.0 1.78 1.487
16553.0 1.487 1.189
17237.0 1.189 1.0
13655.0 1.0 1.002
8437.0 1.002 1.134
4176.0 1.134 1.526
5100.0 1.526 1.52
6873.0 1.52 1.484
10793.0 1.484 1.351
13853.0 1.351 1.156
16769.0 1.156 1.0
15257.0 1.0 1.0
11131.0 1.0 1.07
6081.0 1.07 1.239
4405.0 1.239 1.658
4916.0 1.658 1.989
6625.0 1.989 1.86
9557.0 1.86 1.749
14162.0 1.749 1.459
17309.0 1.459 1.145
17834.0 1.145 1.0
13751.0 1.0 1.003
8029.0 1.003 1.145
5406.0 1.145 1.336
4305.0 1.336 1.749
4805.0 1.749 2.099
6528.0 2.099 1.971
9652.0 1.971 1.855
13342.0 1.855 1.591
16147.0 1.591 1.295
16327.0 1.295 1.123
12715.0 1.123 1.142
8257.0 1.142 1.299
4305.0 1.299 1.777
4730.0 1.777 2.133
6193.0 2.133 2.031
9191.0 2.031 1.944
12923.0 1.944 1.692
15764.0 1.692 1.383
16884.0 1.383 1.165
13938.0 1.165 1.143
9600.0 1.143 1.263
5566.0 1.263 1.476
4355.0 1.476 1.962
4667.0 1.962 2.354
7731.0 2.354 2.216
11415.0 2.216 2.006
14511.0 2.006 1.696
17155.0 1.696 1.361
15715.0 1.361 1.243
11125.0 1.243 1.329
6943.0 1.329 1.523
4271.0 1.523 2.039
4856.0 2.039 2.447
7660.0 2.447 2.187
11248.0 2.187 1.972
14611.0 1.972 1.656
17047.0 1.656 1.342
15631.0 1.342 1.229
11284.0 1.229 1.306
7026.0 1.306 1.499
4202.0 1.499 1.995
5058.0 1.995 1.99
8012.0 1.99 1.963
10946.0 1.963 1.79
14750.0 1.79 1.489
17214.0 1.489 1.203
15106.0 1.203 1.131
9241.0 1.131 1.278
4967.0 1.278 1.763
4386.0 1.763 2.116
5056.0 2.116 2.111
7992.0 2.111 1.965
10658.0 1.965 1.817
14480.0 1.817 1.508
16964.0 1.508 1.228
15052.0 1.228 1.151
9610.0 1.151 1.272
5512.0 1.272 1.494
4183.0 1.494 1.962
4987.0 1.962 2.354
8303.0 2.354 2.043
11651.0 2.043 1.83
15293.0 1.83 1.501
17077.0 1.501 1.229
14481.0 1.229 1.185
8652.0 1.185 1.337
4562.0 1.337 1.849
4272.0 1.849 2.33
5248.0 2.33 2.307
7994.0 2.307 2.152
11795.0 2.152 1.92
15499.0 1.92 1.582
16963.0 1.582 1.312
14079.0 1.312 1.28
8547.0 1.28 1.467
4919.0 1.467 2.012
4407.0 2.012 2.543
5921.0 2.543 2.449
8685.0 2.449 2.37
11946.0 2.37 2.107
15582.0 2.107 1.71
17350.0 1.71 1.386
15398.0 1.386 1.294
10475.0 1.294 1.417
6405.0 1.417 1.633
4186.0 1.633 2.149
4996.0 2.149 2.579
8054.0 2.579 2.408
11666.0 2.408 2.143
14522.0 2.143 1.831
16146.0 1.831 1.542
14326.0 1.542 1.461
10576.0 1.461 1.563
7664.0 1.563 1.76
5342.0 1.76 2.006
4896.0 2.006 2.515
7228.0 2.515 2.42
11095.0 2.42 2.179
15191.0 2.179 1.767
17831.0 1.767 1.397
16767.0 1.397 1.236
12315.0 1.236 1.289
7629.0 1.289 1.495
4224.0 1.495 2.024
4611.0 2.024 2.429
7267.0 2.429 2.208
11029.0 2.208 1.999
14254.0 1.999 1.698
17010.0 1.698 1.365
16182.0 1.365 1.215
11811.0 1.215 1.279
7319.0 1.279 1.454
4176.0 1.454 1.936
4618.0 1.936 2.323
7400.0 2.323 2.1
11612.0 2.1 1.879
14834.0 1.879 1.564
17102.0 1.564 1.269
15074.0 1.269 1.194
9560.0 1.194 1.331
5488.0 1.331 1.536
4183.0 1.536 2.037
4592.0 2.037 2.445
7556.0 2.445 2.195
11303.0 2.195 1.977
14456.0 1.977 1.659
17272.0 1.659 1.335
16060.0 1.335 1.203
11098.0 1.203 1.297
6794.0 1.297 1.508
4245.0 1.508 2.015
5045.0 2.015 2.012
8169.0 2.012 1.858
11027.0 1.858 1.7
14777.0 1.7 1.404
17009.0 1.404 1.138
16346.0 1.138 1.006
11045.0 1.006 1.091
5761.0 1.091 1.29
4176.0 1.29 1.706
4631.0 1.706 2.047
6316.0 2.047 1.939
9320.0 1.939 1.856
13979.0 1.856 1.545
18039.0 1.545 1.169
17595.0 1.169 1.002
12039.0 1.002 1.071
5935.0 1.071 1.276
4176.0 1.276 1.673
4212.0 1.673 2.007
5294.0 2.007 1.984
8386.0 1.984 1.932
11378.0 1.932 1.748
15146.0 1.748 1.444
17738.0 1.444 1.141
15498.0 1.141 1.067
8496.0 1.067 1.248
4249.0 1.248 1.71
4697.0 1.71 2.052
6224.0 2.052 1.951
9246.0 1.951 1.859
13395.0 1.859 1.575
16647.0 1.575 1.259
17543.0 1.259 1.043
14042.0 1.043 1.036
8684.0 1.036 1.174
4198.0 1.174 1.594
4594.0 1.594 1.912
6181.0 1.912 1.822
9443.0 1.822 1.727
13931.0 1.727 1.447
17321.0 1.447 1.133
18197.0 1.133 1.0
13628.0 1.0 1.019
7990.0 1.019 1.175
5326.0 1.175 1.348
4263.0 1.348 1.761
4991.0 1.761 2.114
8167.0 2.114 1.846
11719.0 1.846 1.649
14875.0 1.649 1.379
16471.0 1.379 1.153
14890.0 1.153 1.073
9619.0 1.073 1.194
5627.0 1.194 1.381
4684.0 1.381 1.815
5455.0 1.815 1.782
8409.0 1.782 1.728
11359.0 1.728 1.574
15007.0 1.574 1.315
16711.0 1.315 1.094
14740.0 1.094 1.031
11146.0 1.031 1.092
6190.0 1.092 1.278
4756.0 1.278 1.718
4617.0 1.718 2.164
5915.0 2.164 2.084
8775.0 2.084 2.002
12495.0 2.002 1.76
15630.0 1.76 1.443
17094.0 1.443 1.197
14898.0 1.197 1.134
8934.0 1.134 1.292
4624.0 1.292 1.8
4251.0 1.8 2.16
5186.0 2.16 2.144
7696.0 2.144 2.024
10064.0 2.024 1.907
13670.0 1.907 1.639
16698.0 1.639 1.324
15986.0 1.324 1.186
11804.0 1.186 1.242
7382.0 1.242 1.404
4194.0 1.404 1.868
4934.0 1.868 2.242
8156.0 2.242 2.093
11975.0 2.093 1.851
14984.0 1.851 1.547
17064.0 1.547 1.258
15044.0 1.258 1.181
9518.0 1.181 1.323
5382.0 1.323 1.562
4373.0 1.562 2.047
4635.0 2.047 2.456
7217.0 2.456 2.365
10760.0 2.365 2.171
14872.0 2.171 1.789
17284.0 1.789 1.431
16456.0 1.431 1.267
12190.0 1.267 1.322
7756.0 1.322 1.509
4298.0 1.509 2.035
4201.0 2.035 2.442
6567.0 2.442 2.289
9141.0 2.289 2.189
12855.0 2.189 1.906
17079.0 1.906 1.485
18331.0 1.485 1.195
14471.0 1.195 1.175
7115.0 1.175 1.394
4796.0 1.394 1.877
4497.0 1.877 2.376
4952.0 2.376 2.852
7084.0 2.852 2.614
10210.0 2.614 2.452
14086.0 2.452 2.066
17021.0 2.066 1.643
16237.0 1.643 1.46
11461.0 1.46 1.569
7869.0 1.569 1.775
4831.0 1.775 2.422
4414.0 2.422 2.906
6426.0 2.906 2.74
9801.0 2.74 2.57
13601.0 2.57 2.181
17163.0 2.181 1.706
17286.0 1.706 1.452
13350.0 1.452 1.469
7572.0 1.469 1.709
4176.0 1.709 2.281
4318.0 2.281 2.737
5648.0 2.737 2.666
7876.0 2.666 2.654
11224.0 2.654 2.399
