5016.0 1.0 1.0
5016.0 1.0 1.199
5016.0 1.199 1.259
4176.0 1.259 1.574
4427.0 1.574 1.888
4342.0 1.888 2.266
4580.0 2.266 2.719
4224.0 2.719 3.263
4826.0 3.263 3.916
4239.0 3.916 4.699
4757.0 4.699 5.639
4688.0 5.639 6.766
6508.0 6.766 6.358
9604.0 6.358 5.99
13344.0 5.99 5.077
17136.0 5.077 3.967
19244.0 3.967 3.061
16098.0 3.061 2.868
10710.0 2.868 3.16
6658.0 3.16 3.62
4176.0 3.62 4.823
4499.0 4.823 5.788
4790.0 5.788 6.945
6178.0 6.945 6.618
9718.0 6.618 6.184
14126.0 6.184 5.133
19428.0 5.133 3.617
21276.0 3.617 2.833
16910.0 2.833 2.617
10280.0 2.617 2.964
5096.0 2.964 3.534
4199.0 3.534 4.616
4215.0 4.616 5.54
4796.0 5.54 6.647
6172.0 6.647 6.336
9062.0 6.336 6.065
13423.0 6.065 5.097
17983.0 5.097 3.797
20924.0 3.797 2.886
17910.0 2.886 2.55
11113.0 2.55 2.835
5845.0 2.835 3.382
4431.0 3.382 4.452
4416.0 4.452 5.342
4382.0 5.342 6.411
5603.0 6.411 6.256
8678.0 6.256 6.058
12584.0 6.058 5.265
17796.0 5.265 3.896
21144.0 3.896 2.949
18616.0 2.949 2.523
11672.0 2.523 2.771
5840.0 2.771 3.324
4176.0 3.324 4.409
4198.0 4.409 5.291
4704.0 5.291 6.349
5376.0 6.349 6.254
8134.0 6.254 6.149
12124.0 6.149 5.399
16903.0 5.399 4.106
20447.0 4.106 3.021
19281.0 3.021 2.504
13653.0 2.504 2.613
7031.0 2.613 3.079
4417.0 3.079 3.911
4400.0 3.911 4.694
4811.0 4.694 5.632
6638.0 5.632 5.263
10315.0 5.263 4.851
15040.0 4.851 3.911
19867.0 3.911 2.748
20957.0 2.748 2.185
16071.0 2.185 2.092
8506.0 2.092 2.472
4305.0 2.472 3.33
4505.0 3.33 3.996
4673.0 3.996 4.795
6227.0 4.795 4.56
9263.0 4.56 4.353
13859.0 4.353 3.615
18667.0 3.615 2.636
20223.0 2.636 2.022
16443.0 2.022 1.905
10235.0 1.905 2.171
4916.0 2.171 3.047
4465.0 3.047 3.656
4596.0 3.656 4.387
5268.0 4.387 4.34
7641.0 4.34 4.337
11113.0 4.337 3.926
15727.0 3.926 3.09
20023.0 3.09 2.197
19655.0 2.197 1.788
12881.0 1.788 1.924
7190.0 1.924 2.278
4294.0 2.278 3.092
4253.0 3.092 3.71
4759.0 3.71 4.452
6751.0 4.452 4.367
10503.0 4.367 3.995
15363.0 3.995 3.181
19787.0 3.181 2.263
20051.0 2.263 1.794
14123.0 1.794 1.857
8735.0 1.857 2.133
5097.0 2.133 2.519
4547.0 2.519 3.151
4461.0 3.151 3.781
5653.0 3.781 3.683
8863.0 3.683 3.527
13131.0 3.527 2.998
18249.0 2.998 2.196
21546.0 2.196 1.681
17700.0 1.681 1.499
10620.0 1.499 1.715
5904.0 1.715 2.016
4442.0 2.016 2.539
4629.0 2.539 3.046
6459.0 3.046 3.023
10152.0 3.023 2.788
14936.0 2.788 2.253
19363.0 2.253 1.631
20221.0 1.631 1.287
14965.0 1.287 1.289
7456.0 1.289 1.539
4294.0 1.539 1.962
4356.0 1.962 2.354
6244.0 2.354 2.237
9820.0 2.237 2.087
14620.0 2.087 1.677
19432.0 1.677 1.202
20788.0 1.202 1.0
16330.0 1.0 1.0
10020.0 1.0 1.142
4416.0 1.142 1.544
4485.0 1.544 1.853
5062.0 1.853 1.848
8880.0 1.848 1.764
12590.0 1.764 1.538
17456.0 1.538 1.163
20176.0 1.163 1.0
16444.0 1.0 1.0
10554.0 1.0 1.122
4243.0 1.122 1.57
4193.0 1.57 1.884
4791.0 1.884 2.261
8257.0 2.261 2.092
13345.0 2.092 1.756
18785.0 1.756 1.264
20881.0 1.264 1.0
15577.0 1.0 1.0
9519.0 1.0 1.132
4253.0 1.132 1.466
4468.0 1.466 1.76
5595.0 1.76 1.718
10357.0 1.718 1.562
16771.0 1.562 1.172
21439.0 1.172 1.0
19297.0 1.0 1.0
10924.0 1.0 1.141
4291.0 1.141 1.59
4213.0 1.59 1.908
4453.0 1.908 2.29
7779.0 2.29 2.035
13008.0 2.035 1.715
18748.0 1.715 1.223
20884.0 1.223 1.0
15176.0 1.0 1.0
8614.0 1.0 1.177
4391.0 1.177 1.514
4558.0 1.514 1.817
6118.0 1.817 1.735
11014.0 1.735 1.541
16825.0 1.541 1.145
21281.0 1.145 1.0
18560.0 1.0 1.0
9683.0 1.0 1.167
4176.0 1.167 1.585
4506.0 1.585 1.902
5309.0 1.902 1.879
9111.0 1.879 1.786
14439.0 1.786 1.449
18963.0 1.449 1.07
18327.0 1.07 1.0
11268.0 1.0 1.105
4874.0 1.105 1.552
4271.0 1.552 1.863
4826.0 1.863 2.235
7936.0 2.235 2.09
13231.0 2.09 1.757
19243.0 1.757 1.217
20907.0 1.217 1.0
13975.0 1.0 1.041
7077.0 1.041 1.254
4176.0 1.254 1.681
4392.0 1.681 2.017
4606.0 2.017 2.42
7234.0 2.42 2.204
12052.0 2.204 1.883
17468.0 1.883 1.412
20524.0 1.412 1.057
17508.0 1.057 1.0
9150.0 1.0 1.16
4242.0 1.16 1.498
4809.0 1.498 1.798
6646.0 1.798 1.679
10352.0 1.679 1.55
16766.0 1.55 1.161
20586.0 1.161 1.0
18171.0 1.0 1.0
9042.0 1.0 1.206
4227.0 1.206 1.556
4552.0 1.556 1.868
5929.0 1.868 1.798
10071.0 1.798 1.659
15468.0 1.659 1.294
19708.0 1.294 1.0
16940.0 1.0 1.0
7895.0 1.0 1.204
4572.0 1.204 1.64
4261.0 1.64 1.968
4446.0 1.968 2.362
7288.0 2.362 2.146
12016.0 2.146 1.873
17356.0 1.873 1.404
19812.0 1.404 1.055
16248.0 1.055 1.0
7683.0 1.0 1.207
4528.0 1.207 1.629
4176.0 1.629 1.955
4695.0 1.955 2.346
7729.0 2.346 2.09
12634.0 2.09 1.795
18474.0 1.795 1.293
21234.0 1.293 1.0
16610.0 1.0 1.0
10636.0 1.0 1.128
4352.0 1.128 1.554
4332.0 1.554 1.865
5196.0 1.865 1.85
9324.0 1.85 1.727
15786.0 1.727 1.309
21170.0 1.309 1.0
19634.0 1.0 1.0
11345.0 1.0 1.136
4531.0 1.136 1.621
4490.0 1.621 1.945
4946.0 1.945 2.334
7850.0 2.334 2.19
12698.0 2.19 1.871
18354.0 1.871 1.339
20811.0 1.339 1.033
14971.0 1.033 1.034
8615.0 1.034 1.223
4180.0 1.223 1.636
4732.0 1.636 1.964
5870.0 1.964 1.895
9866.0 1.895 1.749
14555.0 1.749 1.422
18591.0 1.422 1.071
16927.0 1.071 1.0
9811.0 1.0 1.141
4176.0 1.141 1.559
4418.0 1.559 1.871
5553.0 1.871 1.83
10217.0 1.83 1.662
16781.0 1.662 1.217
21737.0 1.217 1.0
18929.0 1.0 1.0
9968.0 1.0 1.157
4213.0 1.157 1.581
4320.0 1.581 1.897
5375.0 1.897 1.869
9827.0 1.869 1.712
16343.0 1.712 1.267
21643.0 1.267 1.0
19763.0 1.0 1.0
11306.0 1.0 1.138
4492.0 1.138 1.606
4238.0 1.606 1.927
4820.0 1.927 2.313
8150.0 2.313 2.021
12563.0 2.021 1.731
18275.0 1.731 1.241
20263.0 1.241 1.0
16897.0 1.0 1.0
7852.0 1.0 1.202
4697.0 1.202 1.676
4217.0 1.676 2.011
4496.0 2.011 2.413
7854.0 2.413 2.137
12807.0 2.137 1.81
17663.0 1.81 1.354
17555.0 1.354 1.156
13292.0 1.156 1.184
8006.0 1.184 1.365
4245.0 1.365 1.864
4732.0 1.864 2.237
8604.0 2.237 1.914
13569.0 1.914 1.597
18933.0 1.597 1.138
19449.0 1.138 1.0
14319.0 1.0 1.022
7757.0 1.022 1.233
4697.0 1.233 1.669
4348.0 1.669 2.145
4724.0 2.145 2.574
7684.0 2.574 2.297
13210.0 2.297 1.888
19250.0 1.888 1.298
22327.0 1.298 1.006
17627.0 1.006 1.0
7712.0 1.0 1.243
4557.0 1.243 1.684
4292.0 1.684 2.021
4901.0 2.021 2.425
7797.0 2.425 2.277
12297.0 2.277 1.951
16949.0 1.951 1.488
19457.0 1.488 1.119
16321.0 1.119 1.047
8281.0 1.047 1.236
4299.0 1.236 1.692
4696.0 1.692 2.03
7096.0 2.03 1.86
11544.0 1.86 1.623
16905.0 1.623 1.217
18429.0 1.217 1.0
13986.0 1.0 1.009
7844.0 1.009 1.179
5101.0 1.179 1.396
4275.0 1.396 1.816
4948.0 1.816 2.179
7994.0 2.179 2.034
11486.0 2.034 1.846
13976.0 1.846 1.601
15496.0 1.601 1.379
14119.0 1.379 1.304
10615.0 1.304 1.382
7489.0 1.382 1.537
5257.0 1.537 1.759
5051.0 1.759 1.955
6199.0 1.955 2.057
8559.0 2.057 2.02
12117.0 2.02 1.785
15282.0 1.785 1.479
17350.0 1.479 1.204
14658.0 1.204 1.158
8058.0 1.158 1.335
4238.0 1.335 1.786
4401.0 1.786 2.143
5384.0 2.143 2.11
8422.0 2.11 2.041
12712.0 2.041 1.764
16992.0 1.764 1.376
17912.0 1.376 1.127
14777.0 1.127 1.09
9945.0 1.09 1.213
4695.0 1.213 1.664
4276.0 1.664 1.996
5163.0 1.996 1.983
8125.0 1.983 1.946
11031.0 1.946 1.77
14811.0 1.77 1.45
17983.0 1.45 1.12
15931.0 1.12 1.037
8758.0 1.037 1.195
4445.0 1.195 1.635
4814.0 1.635 1.962
6452.0 1.962 1.848
9350.0 1.848 1.755
13028.0 1.755 1.528
15389.0 1.528 1.281
15944.0 1.281 1.116
12878.0 1.116 1.117
8994.0 1.117 1.238
5208.0 1.238 1.457
4518.0 1.457 1.904
5526.0 1.904 1.864
8666.0 1.864 1.789
11868.0 1.789 1.607
15597.0 1.607 1.302
17553.0 1.302 1.042
15813.0 1.042 1.0
11609.0 1.0 1.052
6307.0 1.052 1.238
4412.0 1.238 1.67
4459.0 1.67 2.004
5870.0 2.004 1.935
9034.0 1.935 1.857
13240.0 1.857 1.581
16558.0 1.581 1.258
17694.0 1.258 1.038
13515.0 1.038 1.05
8245.0 1.05 1.208
4363.0 1.208 1.55
4977.0 1.55 1.86
7086.0 1.86 1.704
10096.0 1.704 1.594
14296.0 1.594 1.327
16882.0 1.327 1.079
16090.0 1.079 1.0
10072.0 1.0 1.113
5442.0 1.113 1.319
4251.0 1.319 1.722
5240.0 1.722 1.705
8868.0 1.705 1.626
12234.0 1.626 1.438
15882.0 1.438 1.171
16995.0 1.171 1.0
13839.0 1.0 1.0
8873.0 1.0 1.134
4495.0 1.134 1.553
4638.0 1.553 1.864
6508.0 1.864 1.751
9708.0 1.751 1.652
13803.0 1.652 1.405
16773.0 1.405 1.129
16464.0 1.129 1.0
11481.0 1.0 1.069
6347.0 1.069 1.275
4406.0 1.275 1.712
4579.0 1.712 2.054
6029.0 2.054 1.97
9313.0 1.97 1.876
13081.0 1.876 1.629
15871.0 1.629 1.336
16463.0 1.336 1.153
13034.0 1.153 1.16
8800.0 1.16 1.303
4732.0 1.303 1.778
4343.0 1.778 2.133
5387.0 2.133 2.1
8555.0 2.1 1.915
12533.0 1.915 1.675
15509.0 1.675 1.374
16673.0 1.374 1.162
13685.0 1.162 1.147
9985.0 1.147 1.245
5761.0 1.245 1.452
4602.0 1.452 1.908
4702.0 1.908 2.29
7776.0 2.29 2.035
12081.0 2.035 1.777
16431.0 1.777 1.376
19587.0 1.376 1.028
16443.0 1.028 1.0
6996.0 1.0 1.233
4194.0 1.233 1.687
4457.0 1.687 2.024
5219.0 2.024 2.006
7877.0 2.006 1.995
11049.0 1.995 1.81
14811.0 1.81 1.491
17647.0 1.491 1.188
15643.0 1.188 1.102
9181.0 1.102 1.26
4353.0 1.26 1.726
4524.0 1.726 2.072
6099.0 2.072 1.98
8863.0 1.98 1.904
13036.0 1.904 1.643
16192.0 1.643 1.333
17384.0 1.333 1.103
14003.0 1.103 1.089
9431.0 1.089 1.202
4499.0 1.202 1.671
4275.0 1.671 2.005
5352.0 2.005 1.977
8350.0 1.977 1.931
11228.0 1.931 1.766
14909.0 1.766 1.456
17365.0 1.456 1.169
16261.0 1.169 1.048
10459.0 1.048 1.163
5265.0 1.163 1.367
4328.0 1.367 1.811
5035.0 1.811 1.809
8223.0 1.809 1.667
11231.0 1.667 1.514
14756.0 1.514 1.273
15992.0 1.273 1.082
13889.0 1.082 1.044
10279.0 1.044 1.114
5849.0 1.114 1.306
4821.0 1.306 1.719
4651.0 1.719 2.063
6037.0 2.063 1.977
9187.0 1.977 1.878
13759.0 1.878 1.578
17355.0 1.578 1.241
16435.0 1.241 1.104
11548.0 1.104 1.187
6750.0 1.187 1.36
4676.0 1.36 1.819
4348.0 1.819 2.183
5500.0 2.183 2.139
8260.0 2.139 2.086
12373.0 2.086 1.822
15497.0 1.822 1.509
16609.0 1.509 1.284
13762.0 1.284 1.258
8467.0 1.258 1.424
4783.0 1.424 1.974
4226.0 1.974 2.481
5156.0 2.481 2.466
7504.0 2.466 2.346
11509.0 2.346 2.09
15253.0 2.09 1.714
17233.0 1.714 1.398
15669.0 1.398 1.282
11067.0 1.282 1.374
6963.0 1.374 1.6
4248.0 1.6 2.158
4573.0 2.158 2.59
7245.0 2.59 2.357
10818.0 2.357 2.148
14966.0 2.148 1.763
17466.0 1.763 1.405
16534.0 1.405 1.248
12016.0 1.248 1.317
7892.0 1.317 1.483
4384.0 1.483 2.029
4420.0 2.029 2.54
6844.0 2.54 2.353
10726.0 2.353 2.145
13813.0 2.145 1.823
16709.0 1.823 1.479
16821.0 1.479 1.27
13461.0 1.27 1.268
7452.0 1.268 1.459
4310.0 1.459 1.942
4844.0 1.942 2.33
7652.0 2.33 2.083
11645.0 2.083 1.867
14936.0 1.867 1.54
17424.0 1.54 1.242
15228.0 1.242 1.164
9195.0 1.164 1.307
4933.0 1.307 1.803
4282.0 1.803 2.277
4721.0 2.277 2.732
7297.0 2.732 2.481
10708.0 2.481 2.27
14816.0 2.27 1.853
17324.0 1.853 1.474
17060.0 1.474 1.272
13226.0 1.272 1.286
8928.0 1.286 1.445
5114.0 1.445 1.675
4189.0 1.675 2.208
4468.0 2.208 2.65
7234.0 2.65 2.413
10777.0 2.413 2.199
15005.0 2.199 1.789
17701.0 1.789 1.401
16953.0 1.401 1.22
12807.0 1.22 1.253
8197.0 1.253 1.422
4371.0 1.422 1.939
4615.0 1.939 2.327
6653.0 2.327 2.173
9555.0 2.173 2.065
13179.0 2.065 1.773
16391.0 1.773 1.442
16983.0 1.442 1.223
13686.0 1.223 1.217
9526.0 1.217 1.333
5308.0 1.333 1.57
4395.0 1.57 2.055
4558.0 2.055 2.466
7426.0 2.466 2.227
11095.0 2.227 2.02
14500.0 2.02 1.686
17008.0 1.686 1.361
16372.0 1.361 1.207
11776.0 1.207 1.282
7438.0 1.282 1.468
4420.0 1.468 1.955
4606.0 1.955 2.346
7724.0 2.346 2.09
11285.0 2.09 1.885
14786.0 1.885 1.568
17102.0 1.568 1.27
15382.0 1.27 1.178
9967.0 1.178 1.315
5879.0 1.315 1.518
4494.0 1.518 2.051
4642.0 2.051 2.461
6990.0 2.461 2.265
10890.0 2.265 2.068
13815.0 2.068 1.78
16547.0 1.78 1.454
16047.0 1.454 1.292
12225.0 1.292 1.332
8643.0 1.332 1.484
4945.0 1.484 2.04
4176.0 2.04 2.551
6005.0 2.551 2.448
8287.0 2.448 2.413
12133.0 2.413 2.121
16021.0 2.121 1.696
17531.0 1.696 1.392
14915.0 1.392 1.328
9314.0 1.328 1.475
5408.0 1.475 1.728
4280.0 1.728 2.314
4401.0 2.314 2.776
6675.0 2.776 2.59
10062.0 2.59 2.407
14070.0 2.407 2.011
17016.0 2.011 1.607
16339.0 1.607 1.432
10851.0 1.432 1.547
7203.0 1.547 1.784
4188.0 1.784 2.429
4252.0 2.429 3.065
5782.0 3.065 2.969
9022.0 2.969 2.844
12846.0 2.844 2.462
16224.0 2.462 1.973
17381.0 1.973 1.625
14036.0 1.625 1.601
9362.0 1.601 1.767
6202.0 1.767 2.048
4176.0 2.048 2.711
5486.0 2.711 2.658
8076.0 2.658 2.477
11733.0 2.477 2.199
16153.0 2.199 1.731
18951.0 1.731 1.329
16907.0 1.329 1.2
11030.0 1.2 1.326
5776.0 1.326 1.61
4176.0 1.61 2.154
4225.0 2.154 2.584
5628.0 2.584 2.52
7996.0 2.52 2.359
11293.0 2.359 2.15
15033.0 2.15 1.777
16793.0 1.777 1.473
15161.0 1.473 1.37
10805.0 1.37 1.48
7207.0 1.48 1.666
4363.0 1.666 2.258
4309.0 2.258 2.709
6485.0 2.709 2.548
9815.0 2.548 2.391
13058.0 2.391 2.06
15978.0 2.06 1.678
16878.0 1.678 1.416
14378.0 1.416 1.366
9242.0 1.366 1.511
5438.0 1.511 1.776
4328.0 1.776 2.389
4263.0 2.389 2.866
6431.0 2.866 2.702
9854.0 2.702 2.524
13562.0 2.524 2.168
15811.0 2.168 1.819
15478.0 1.819 1.631
11690.0 1.631 1.694
7577.0 1.694 1.902
5245.0 1.902 2.15
4679.0 2.15 2.815
6901.0 2.815 2.601
10582.0 2.601 2.364
14558.0 2.364 1.944
18365.0 1.944 1.473
17136.0 1.473 1.297
12279.0 1.297 1.371
7905.0 1.371 1.567
4303.0 1.567 2.152
4254.0 2.152 2.582
6400.0 2.582 2.438
8846.0 2.438 2.369
12479.0 2.369 2.06
16275.0 2.06 1.647
17599.0 1.647 1.345
14811.0 1.345 1.291
9246.0 1.291 1.459
5060.0 1.459 1.727
4176.0 1.727 2.285
4440.0 2.285 2.742
6958.0 2.742 2.527
10651.0 2.527 2.301
14415.0 2.301 1.916
17039.0 1.916 1.54
17039.0 1.54 1.321
12311.0 1.321 1.378
8253.0 1.378 1.541
4481.0 1.541 2.125
4223.0 2.125 2.55
5965.0 2.55 2.451
8411.0 2.451 2.407
12185.0 2.407 2.111
15617.0 2.111 1.719
17589.0 1.719 1.377
15569.0 1.377 1.281
10520.0 1.281 1.398
6320.0 1.398 1.62
4194.0 1.62 2.129
5027.0 2.129 2.127
7929.0 2.127 1.985
10739.0 1.985 1.829
14519.0 1.829 1.517
17635.0 1.517 1.204
15527.0 1.204 1.119
9854.0 1.119 1.237
5008.0 1.237 1.459
4271.0 1.459 1.939
5117.0 1.939 1.93
8165.0 1.93 1.784
11423.0 1.784 1.608
15029.0 1.608 1.327
17162.0 1.327 1.072
16034.0 1.072 1.0
9791.0 1.0 1.11
4993.0 1.11 1.548
4375.0 1.548 1.858
5974.0 1.858 1.785
9312.0 1.785 1.702
12532.0 1.702 1.488
16036.0 1.488 1.207
17485.0 1.207 1.0
14464.0 1.0 1.0
9414.0 1.0 1.108
4448.0 1.108 1.517
4350.0 1.517 1.82
6173.0 1.82 1.735
9743.0 1.735 1.63
14960.0 1.63 1.317
18230.0 1.317 1.001
17801.0 1.001 1.0
11546.0 1.0 1.095
5404.0 1.095 1.323
4505.0 1.323 1.768
5090.0 1.768 1.761
8132.0 1.761 1.733
11308.0 1.733 1.57
15919.0 1.57 1.24
17839.0 1.24 1.0
16219.0 1.0 1.0
11673.0 1.0 1.063
6287.0 1.063 1.247
4176.0 1.247 1.69
5002.0 1.69 1.69
8276.0 1.69 1.654
10962.0 1.654 1.537
13872.0 1.537 1.339
15270.0 1.339 1.162
13647.0 1.162 1.119
10447.0 1.119 1.183
7019.0 1.183 1.333
5840.0 1.333 1.495
5213.0 1.495 1.673
5359.0 1.673 1.823
8367.0 1.823 1.776
11365.0 1.776 1.607
15406.0 1.607 1.297
18202.0 1.297 1.002
17311.0 1.002 1.0
10174.0 1.0 1.137
4704.0 1.137 1.6
4424.0 1.6 1.92
5445.0 1.92 1.886
8155.0 1.886 1.867
10789.0 1.867 1.733
13426.0 1.733 1.522
14851.0 1.522 1.33
14248.0 1.33 1.231
11158.0 1.231 1.278
8106.0 1.278 1.403
5550.0 1.403 1.599
5327.0 1.599 1.764
6519.0 1.764 1.85
9119.0 1.85 1.789
11913.0 1.789 1.608
15810.0 1.608 1.289
17642.0 1.289 1.053
14702.0 1.053 1.015
10088.0 1.015 1.124
4776.0 1.124 1.544
4434.0 1.544 1.853
5517.0 1.853 1.815
8497.0 1.815 1.765
11201.0 1.765 1.623
14564.0 1.623 1.369
16427.0 1.369 1.137
15215.0 1.137 1.047
10142.0 1.047 1.148
5678.0 1.148 1.346
4536.0 1.346 1.763
4817.0 1.763 2.116
8255.0 2.116 1.958
12071.0 1.958 1.735
15344.0 1.735 1.427
17204.0 1.427 1.176
15242.0 1.176 1.102
9065.0 1.102 1.258
4901.0 1.258 1.746
4229.0 1.746 2.095
5217.0 2.095 2.077
8073.0 2.077 2.035
11195.0 2.035 1.858
15122.0 1.858 1.498
18690.0 1.498 1.116
17134.0 1.116 1.0
9970.0 1.0 1.136
4176.0 1.136 1.557
4416.0 1.557 1.868
5877.0 1.868 1.802
8845.0 1.802 1.74
11735.0 1.74 1.573
15059.0 1.573 1.304
16760.0 1.304 1.08
14888.0 1.08 1.013
11010.0 1.013 1.073
6180.0 1.073 1.235
4944.0 1.235 1.653
5075.0 1.653 1.648
6431.0 1.648 1.637
9953.0 1.637 1.521
13155.0 1.521 1.322
16653.0 1.322 1.055
16887.0 1.055 1.0
11841.0 1.0 1.064
6623.0 1.064 1.235
4561.0 1.235 1.677
4407.0 1.677 2.012
5585.0 2.012 1.965
8697.0 1.965 1.895
12348.0 1.895 1.659
15525.0 1.659 1.372
16837.0 1.372 1.15
14158.0 1.15 1.113
10386.0 1.113 1.195
6042.0 1.195 1.394
4685.0 1.394 1.869
4545.0 1.869 2.242
7263.0 2.242 2.039
9977.0 2.039 1.912
14015.0 1.912 1.6
17847.0 1.6 1.225
17395.0 1.225 1.054
12163.0 1.054 1.113
6291.0 1.113 1.329
4217.0 1.329 1.788
4252.0 1.788 2.146
5434.0 2.146 2.108
8144.0 2.108 2.081
11582.0 2.081 1.867
14525.0 1.867 1.586
16337.0 1.586 1.329
14189.0 1.329 1.274
9146.0 1.274 1.425
5884.0 1.425 1.619
4995.0 1.619 2.136
4734.0 2.136 2.691
6738.0 2.691 2.504
10092.0 2.504 2.344
13077.0 2.344 2.032
16305.0 2.032 1.637
17149.0 1.637 1.37
14229.0 1.37 1.338
8580.0 1.338 1.537
5026.0 1.537 1.814
4288.0 1.814 2.362
4630.0 2.362 2.834
6886.0 2.834 2.62
10378.0 2.62 2.426
14454.0 2.426 2.014
17629.0 2.014 1.571
16908.0 1.571 1.377
11188.0 1.377 1.492
7234.0 1.492 1.693
4305.0 1.693 2.276
4556.0 2.276 2.731
6036.0 2.731 2.618
8670.0 2.618 2.536
12009.0 2.536 2.242
16077.0 2.242 1.791
18326.0 1.791 1.402
16258.0 1.402 1.278
10696.0 1.278 1.41
6216.0 1.41 1.638
4176.0 1.638 2.166
4905.0 2.166 2.599
7773.0 2.599 2.311
11127.0 2.311 2.11
14731.0 2.11 1.756
16775.0 1.756 1.438
15259.0 1.438 1.328
11251.0 1.328 1.409
7685.0 1.409 1.598
4681.0 1.598 2.17
4687.0 2.17 2.604
6729.0 2.604 2.424
10521.0 2.424 2.221
14305.0 2.221 1.859
16817.0 1.859 1.51
16449.0 1.51 1.323
12849.0 1.323 1.342
7056.0 1.342 1.574
4176.0 1.574 2.082
4647.0 2.082 2.499
7117.0 2.499 2.287
10834.0 2.287 2.085
13531.0 2.085 1.812
16227.0 1.812 1.497
15803.0 1.497 1.336
12404.0 1.336 1.362
9164.0 1.362 1.492
5996.0 1.492 1.723
4670.0 1.723 2.258
5565.0 2.258 2.207
8415.0 2.207 2.163
12135.0 2.163 1.92
15835.0 1.92 1.561
17055.0 1.561 1.294
14147.0 1.294 1.263
8174.0 1.263 1.457
4376.0 1.457 1.975
4388.0 1.975 2.37
6922.0 2.37 2.188
9370.0 2.188 2.083
13327.0 2.083 1.758
16843.0 1.758 1.374
17699.0 1.374 1.144
14117.0 1.144 1.13
9599.0 1.13 1.241
4811.0 1.241 1.74
4241.0 1.74 2.178
5099.0 2.178 2.17
7675.0 2.17 2.048
10389.0 2.048 1.908
14061.0 1.908 1.606
17181.0 1.606 1.279
15969.0 1.279 1.153
11274.0 1.153 1.24
6696.0 1.24 1.447
4923.0 1.447 1.976
4281.0 1.976 2.371
6251.0 2.371 2.253
8619.0 2.253 2.188
12069.0 2.188 1.956
15105.0 1.956 1.636
16145.0 1.636 1.4
13465.0 1.4 1.378
8470.0 1.378 1.538
5702.0 1.538 1.755
4882.0 1.755 2.302
7690.0 2.302 2.17
11131.0 2.17 1.977
13900.0 1.977 1.702
16048.0 1.702 1.417
14756.0 1.417 1.316
10811.0 1.316 1.392
7719.0 1.392 1.54
4987.0 1.54 2.059
4876.0 2.059 2.471
7340.0 2.471 2.24
10778.0 2.24 2.049
14081.0 2.049 1.737
17669.0 1.737 1.341
17621.0 1.341 1.134
13502.0 1.134 1.155
8682.0 1.155 1.309
4300.0 1.309 1.767
4204.0 1.767 2.121
5724.0 2.121 2.059
8174.0 2.059 2.029
10470.0 2.029 1.91
13269.0 1.91 1.681
15657.0 1.681 1.426
14289.0 1.426 1.345
10626.0 1.345 1.433
7554.0 1.433 1.607
5342.0 1.607 1.811
5330.0 1.811 1.884
7340.0 1.884 1.912
10046.0 1.912 1.809
14267.0 1.809 1.506
17515.0 1.506 1.18
16491.0 1.18 1.053
10464.0 1.053 1.173
5348.0 1.173 1.368
4221.0 1.368 1.788
5058.0 1.788 1.784
7958.0 1.784 1.757
11088.0 1.757 1.611
15147.0 1.611 1.321
17229.0 1.321 1.065
16104.0 1.065 1.0
10035.0 1.0 1.113
5153.0 1.113 1.329
4437.0 1.329 1.663
5639.0 1.663 1.62
9087.0 1.62 1.543
12353.0 1.543 1.365
15917.0 1.365 1.105
17180.0 1.105 1.0
12809.0 1.0 1.025
7675.0 1.025 1.17
5653.0 1.17 1.349
4396.0 1.349 1.771
5031.0 1.771 1.769
8091.0 1.769 1.639
11055.0 1.639 1.513
14661.0 1.513 1.274
16308.0 1.274 1.074
14637.0 1.074 1.009
10583.0 1.009 1.084
5929.0 1.084 1.273
4602.0 1.273 1.678
4772.0 1.678 2.013
6289.0 2.013 1.91
9491.0 1.91 1.82
13775.0 1.82 1.537
16397.0 1.537 1.244
17132.0 1.244 1.046
13649.0 1.046 1.042
9011.0 1.042 1.156
4311.0 1.156 1.588
4680.0 1.588 1.906
6081.0 1.906 1.823
9311.0 1.823 1.741
13052.0 1.741 1.517
15803.0 1.517 1.259
15977.0 1.259 1.102
12908.0 1.102 1.105
8752.0 1.105 1.22
4972.0 1.22 1.649
4520.0 1.649 1.979
5950.0 1.979 1.904
9006.0 1.904 1.823
13167.0 1.823 1.573
15984.0 1.573 1.286
16842.0 1.286 1.082
14274.0 1.082 1.048
9996.0 1.048 1.137
5388.0 1.137 1.32
4210.0 1.32 1.655
5537.0 1.655 1.619
9271.0 1.619 1.53
12613.0 1.53 1.341
16048.0 1.341 1.08
16972.0 1.08 1.0
12748.0 1.0 1.028
7278.0 1.028 1.177
5023.0 1.177 1.376
4329.0 1.376 1.72
5665.0 1.72 1.674
9367.0 1.674 1.586
12717.0 1.586 1.381
16314.0 1.381 1.103
17283.0 1.103 1.0
13296.0 1.0 1.012
8078.0 1.012 1.15
5526.0 1.15 1.315
4176.0 1.315 1.728
4766.0 1.728 2.073
6344.0 2.073 1.962
9534.0 1.962 1.859
13500.0 1.859 1.572
16416.0 1.572 1.274
16768.0 1.274 1.092
12832.0 1.092 1.118
8196.0 1.118 1.254
4213.0 1.254 1.695
4796.0 1.695 2.034
6531.0 2.034 1.909
9983.0 1.909 1.782
14348.0 1.782 1.455
18320.0 1.455 1.112
16852.0 1.112 1.0
10192.0 1.0 1.136
4470.0 1.136 1.588
4551.0 1.588 1.906
5784.0 1.906 1.846
9016.0 1.846 1.756
11792.0 1.756 1.591
15167.0 1.591 1.318
16709.0 1.318 1.099
14876.0 1.099 1.03
10844.0 1.03 1.094
6116.0 1.094 1.283
4607.0 1.283 1.704
4611.0 1.704 2.045
6039.0 2.045 1.96
9371.0 1.96 1.848
14168.0 1.848 1.513
18064.0 1.513 1.161
17236.0 1.161 1.011
11359.0 1.011 1.107
5393.0 1.107 1.339
4176.0 1.339 1.752
4756.0 1.752 2.103
6067.0 2.103 2.013
9121.0 2.013 1.917
13501.0 1.917 1.629
17125.0 1.629 1.281
17133.0 1.281 1.102
12978.0 1.102 1.128
7894.0 1.128 1.296
4192.0 1.296 1.754
5572.0 1.754 1.713
8622.0 1.713 1.657
12202.0 1.657 1.465
16150.0 1.465 1.168
17917.0 1.168 1.0
15202.0 1.0 1.0
10068.0 1.0 1.1
4850.0 1.1 1.543
4337.0 1.543 1.951
5077.0 1.951 1.945
8177.0 1.945 1.905
11165.0 1.905 1.727
15251.0 1.727 1.412
18035.0 1.412 1.114
15099.0 1.114 1.068
10355.0 1.068 1.163
4951.0 1.163 1.619
4367.0 1.619 1.942
5280.0 1.942 1.921
8426.0 1.921 1.864
11306.0 1.864 1.698
14513.0 1.698 1.439
16805.0 1.439 1.172
15914.0 1.172 1.05
11261.0 1.05 1.116
6263.0 1.116 1.303
4490.0 1.303 1.74
4274.0 1.74 2.088
5634.0 2.088 2.035
8378.0 2.035 1.994
12218.0 1.994 1.763
15551.0 1.763 1.436
17051.0 1.436 1.197
15029.0 1.197 1.125
9317.0 1.125 1.264
4967.0 1.264 1.738
4382.0 1.738 2.086
4908.0 2.086 2.503
7980.0 2.503 2.345
11379.0 2.345 2.117
14695.0 2.117 1.772
16795.0 1.772 1.455
15363.0 1.455 1.342
11052.0 1.342 1.435
7196.0 1.435 1.649
4324.0 1.649 2.225
4464.0 2.225 2.67
6616.0 2.67 2.497
10396.0 2.497 2.291
14928.0 2.291 1.854
18244.0 1.854 1.423
16884.0 1.423 1.271
11514.0 1.271 1.381
6702.0 1.381 1.611
4438.0 1.611 2.152
5036.0 2.152 2.149
7348.0 2.149 2.166
9986.0 2.166 2.051
13493.0 2.051 1.751
17013.0 1.751 1.396
16701.0 1.396 1.219
13080.0 1.219 1.238
8708.0 1.238 1.408
4800.0 1.408 1.932
4283.0 1.932 2.318
4951.0 2.318 2.782
7155.0 2.782 2.542
10311.0 2.542 2.355
14491.0 2.355 1.952
17561.0 1.952 1.532
16165.0 1.532 1.389
11890.0 1.389 1.458
7960.0 1.458 1.643
4602.0 1.643 2.248
4295.0 2.248 2.817
5611.0 2.817 2.748
7763.0 2.748 2.599
11057.0 2.599 2.349
14353.0 2.349 1.971
16605.0 1.971 1.605
16349.0 1.605 1.406
11761.0 1.406 1.485
8311.0 1.485 1.651
5169.0 1.651 1.928
4453.0 1.928 2.414
7369.0 2.414 2.185
11320.0 2.185 1.969
14926.0 1.969 1.625
18010.0 1.625 1.257
17042.0 1.257 1.107
11579.0 1.107 1.195
6233.0 1.195 1.422
4457.0 1.422 1.911
4221.0 1.911 2.294
5010.0 2.294 2.293
7556.0 2.293 2.173
11288.0 2.173 1.971
14663.0 1.971 1.651
16923.0 1.651 1.34
15519.0 1.34 1.231
10725.0 1.231 1.324
6491.0 1.324 1.549
4270.0 1.549 2.038
5284.0 2.038 2.014
8332.0 2.014 1.959
11118.0 1.959 1.805
14478.0 1.805 1.517
17094.0 1.517 1.226
14730.0 1.226 1.167
9015.0 1.167 1.332
4787.0 1.332 1.845
4244.0 1.845 2.214
5042.0 2.214 2.211
7660.0 2.211 2.087
11653.0 2.087 1.854
15049.0 1.854 1.54
17153.0 1.54 1.253
14525.0 1.253 1.204
9077.0 1.204 1.361
5125.0 1.361 1.607
4339.0 1.607 2.094
4796.0 2.094 2.513
7566.0 2.513 2.255
11091.0 2.255 2.042
14388.0 2.042 1.706
17080.0 1.706 1.37
16176.0 1.37 1.225
11784.0 1.225 1.295
7740.0 1.295 1.481
4352.0 1.481 2.023
4582.0 2.023 2.428
6984.0 2.428 2.235
10827.0 2.235 2.023
14274.0 2.023 1.701
17230.0 1.701 1.351
16354.0 1.351 1.205
12127.0 1.205 1.264
7687.0 1.264 1.447
4251.0 1.447 1.932
4673.0 1.932 2.318
7437.0 2.318 2.092
11292.0 2.092 1.894
14805.0 1.894 1.563
16877.0 1.563 1.27
15249.0 1.27 1.179
9993.0 1.179 1.307
5831.0 1.307 1.526
4406.0 1.526 2.039
4596.0 2.039 2.446
7146.0 2.446 2.236
10983.0 2.236 2.023
14100.0 2.023 1.713
17056.0 1.713 1.369
16144.0 1.369 1.228
11821.0 1.228 1.292
7803.0 1.292 1.459
4553.0 1.459 1.95
4620.0 1.95 2.34
7378.0 2.34 2.237
10996.0 2.237 2.032
14281.0 2.032 1.709
16637.0 1.709 1.391
16013.0 1.391 1.251
11660.0 1.251 1.319
7644.0 1.319 1.5
4412.0 1.5 2.049
4447.0 2.049 2.458
6869.0 2.458 2.275
9741.0 2.275 2.139
12963.0 2.139 1.859
16319.0 1.859 1.492
16871.0 1.492 1.276
14171.0 1.276 1.243
8426.0 1.243 1.41
4496.0 1.41 1.929
4197.0 1.929 2.416
5111.0 2.416 2.405
7611.0 2.405 2.277
11523.0 2.277 2.031
14575.0 2.031 1.729
15827.0 1.729 1.483
13919.0 1.483 1.427
9935.0 1.427 1.549
6745.0 1.549 1.756
4911.0 1.756 2.347
5623.0 2.347 2.289
8085.0 2.289 2.256
12384.0 2.256 1.953
16220.0 1.953 1.565
17652.0 1.565 1.28
14716.0 1.28 1.236
8605.0 1.236 1.426
4513.0 1.426 1.977
4243.0 1.977 2.372
4926.0 2.372 2.846
7464.0 2.846 2.566
10656.0 2.566 2.354
14624.0 2.354 1.963
17264.0 1.963 1.571
15573.0 1.571 1.448
11457.0 1.448 1.534
7771.0 1.534 1.727
4905.0 1.727 2.36
4722.0 2.36 2.832
7308.0 2.832 2.571
10626.0 2.571 2.359
14202.0 2.359 1.98
16678.0 1.98 1.603
16578.0 1.603 1.392
12474.0 1.392 1.438
7032.0 1.438 1.671
4176.0 1.671 2.214
4702.0 2.214 2.657
7236.0 2.657 2.42
10887.0 2.42 2.193
15067.0 2.193 1.781
17047.0 1.781 1.443
16139.0 1.443 1.292
12359.0 1.292 1.333
8021.0 1.333 1.513
4837.0 1.513 2.074
4240.0 2.074 2.629
6310.0 2.629 2.492
8788.0 2.492 2.404
11974.0 2.404 2.133
15390.0 2.133 1.767
17446.0 1.767 1.431
15290.0 1.431 1.34
10940.0 1.34 1.443
6650.0 1.443 1.664
4310.0 1.664 2.199
4366.0 2.199 2.639
7100.0 2.639 2.555
10517.0 2.555 2.349
14849.0 2.349 1.94
18205.0 1.94 1.489
17346.0 1.489 1.307
10614.0 1.307 1.445
5836.0 1.445 1.724
4251.0 1.724 2.317
4217.0 2.317 2.899
5039.0 2.899 2.895
7023.0 2.895 2.955
10197.0 2.955 2.754
13797.0 2.754 2.343
17362.0 2.343 1.829
17817.0 1.829 1.512
14293.0 1.512 1.487
8962.0 1.487 1.691
5494.0 1.691 1.972
4307.0 1.972 2.617
6411.0 2.617 2.469
8693.0 2.469 2.393
12206.0 2.393 2.104
15894.0 2.104 1.688
17726.0 1.688 1.362
15766.0 1.362 1.256
11107.0 1.256 1.353
6303.0 1.353 1.584
4204.0 1.584 2.111
5128.0 2.111 2.1
7542.0 2.1 1.994
10418.0 1.994 1.854
14681.0 1.854 1.526
18125.0 1.526 1.17
16981.0 1.17 1.034
10768.0 1.034 1.136
5098.0 1.136 1.381
4230.0 1.381 1.801
5504.0 1.801 1.764
8386.0 1.764 1.623
11074.0 1.623 1.503
14944.0 1.503 1.248
16477.0 1.248 1.048
14308.0 1.048 1.003
10282.0 1.003 1.075
5782.0 1.075 1.259
4727.0 1.259 1.661
5494.0 1.661 1.628
8846.0 1.628 1.566
12160.0 1.566 1.393
15463.0 1.393 1.143
16339.0 1.143 1.0
13063.0 1.0 1.001
8181.0 1.001 1.127
5876.0 1.127 1.275
4764.0 1.275 1.699
5028.0 1.699 1.697
8104.0 1.697 1.665
11506.0 1.665 1.501
15523.0 1.501 1.223
17368.0 1.223 1.0
14959.0 1.0 1.0
10413.0 1.0 1.087
5279.0 1.087 1.299
4176.0 1.299 1.706
5234.0 1.706 1.69
8604.0 1.69 1.634
11544.0 1.634 1.476
15351.0 1.476 1.207
16836.0 1.207 1.004
14739.0 1.004 1.0
10179.0 1.0 1.087
5045.0 1.087 1.286
4448.0 1.286 1.608
6025.0 1.608 1.542
9713.0 1.542 1.447
13119.0 1.447 1.255
16854.0 1.255 1.0
16656.0 1.0 1.0
13538.0 1.0 1.0
8404.0 1.0 1.14
5921.0 1.14 1.303
4391.0 1.303 1.715
4501.0 1.715 2.058
5876.0 2.058 1.986
8924.0 1.986 1.917
12881.0 1.917 1.67
16124.0 1.67 1.352
17400.0 1.352 1.116
14196.0 1.116 1.095
9804.0 1.095 1.196
5042.0 1.196 1.419
4237.0 1.419 1.866
5258.0 1.866 1.847
8468.0 1.847 1.794
11836.0 1.794 1.597
16189.0 1.597 1.258
18465.0 1.258 1.0
15621.0 1.0 1.0
10235.0 1.0 1.115
4681.0 1.115 1.563
4374.0 1.563 1.875
6024.0 1.875 1.798
9026.0 1.798 1.72
11896.0 1.72 1.544
15892.0 1.544 1.234
17458.0 1.234 1.001
15325.0 1.001 1.0
10709.0 1.0 1.083
5323.0 1.083 1.266
4355.0 1.266 1.664
5160.0 1.664 1.653
8698.0 1.653 1.597
12172.0 1.597 1.408
16627.0 1.408 1.1
18031.0 1.1 1.0
14227.0 1.0 1.0
8841.0 1.0 1.143
4176.0 1.143 1.574
4720.0 1.574 1.889
6577.0 1.889 1.77
9561.0 1.77 1.676
13470.0 1.676 1.44
15822.0 1.44 1.206
15783.0 1.206 1.057
11820.0 1.057 1.1
7516.0 1.1 1.243
5720.0 1.243 1.422
4467.0 1.422 1.872
4828.0 1.872 2.246
7814.0 2.246 2.114
11147.0 2.114 1.923
13943.0 1.923 1.658
15859.0 1.658 1.398
14635.0 1.398 1.305
10453.0 1.305 1.406
7169.0 1.406 1.568
4899.0 1.568 2.103
4973.0 2.103 2.524
7187.0 2.524 2.443
10586.0 2.443 2.261
14310.0 2.261 1.894
16838.0 1.894 1.532
16298.0 1.532 1.352
13031.0 1.352 1.366
7637.0 1.366 1.578
4425.0 1.578 2.107
4226.0 2.107 2.529
6458.0 2.529 2.381
8682.0 2.381 2.319
11901.0 2.319 2.069
15225.0 2.069 1.718
16281.0 1.718 1.455
13913.0 1.455 1.412
9437.0 1.412 1.56
5869.0 1.56 1.809
4531.0 1.809 2.37
5236.0 2.37 2.347
7346.0 2.347 2.25
10577.0 2.25 2.089
13427.0 2.089 1.821
15563.0 1.821 1.534
14903.0 1.534 1.405
11819.0 1.405 1.441
8865.0 1.441 1.558
5879.0 1.558 1.8
4695.0 1.8 2.359
5979.0 2.359 2.385
8227.0 2.385 2.349
11800.0 2.349 2.09
15728.0 2.09 1.686
17872.0 1.686 1.333
16148.0 1.333 1.212
10751.0 1.212 1.335
6055.0 1.335 1.551
4349.0 1.551 2.089
4230.0 2.089 2.506
6138.0 2.506 2.392
8386.0 2.392 2.349
11485.0 2.349 2.128
15329.0 2.128 1.745
16753.0 1.745 1.449
14857.0 1.449 1.365
10558.0 1.365 1.475
6836.0 1.475 1.683
4200.0 1.683 2.258
4304.0 2.258 2.71
6398.0 2.71 2.558
9563.0 2.558 2.432
12341.0 2.432 2.167
15253.0 2.167 1.807
16381.0 1.807 1.529
14569.0 1.529 1.445
10591.0 1.445 1.544
7299.0 1.544 1.763
4759.0 1.763 2.379
4672.0 2.379 2.854
6306.0 2.854 2.705
9273.0 2.705 2.597
12087.0 2.597 2.319
15039.0 2.319 1.937
16737.0 1.937 1.611
14921.0 1.611 1.513
10862.0 1.513 1.63
7338.0 1.63 1.836
4702.0 1.836 2.501
4835.0 2.501 3.001
6815.0 3.001 2.783
9206.0 2.783 2.682
12438.0 2.682 2.377
14962.0 2.377 2.017
16008.0 2.017 1.726
14124.0 1.726 1.651
10527.0 1.651 1.756
6522.0 1.756 2.022
4884.0 2.022 2.723
5602.0 2.723 2.658
7464.0 2.658 2.689
10194.0 2.689 2.509
13842.0 2.509 2.118
16915.0 2.118 1.704
16374.0 1.704 1.505
11834.0 1.505 1.582
6500.0 1.582 1.856
4302.0 1.856 2.457
4669.0 2.457 2.949
6363.0 2.949 2.788
9111.0 2.788 2.687
12111.0 2.687 2.412
14487.0 2.412 2.078
15793.0 2.078 1.784
14317.0 1.784 1.68
9997.0 1.68 1.814
7333.0 1.814 2.013
5413.0 2.013 2.28
4835.0 2.28 2.99
6415.0 2.99 2.821
9112.0 2.821 2.729
12508.0 2.729 2.418
15429.0 2.418 2.011
16444.0 2.011 1.716
14256.0 1.716 1.651
10329.0 1.651 1.783
5988.0 1.783 2.08
4326.0 2.08 2.757
5528.0 2.757 2.699
7632.0 2.699 2.702
10338.0 2.702 2.521
13290.0 2.521 2.21
15342.0 2.21 1.875
15384.0 1.875 1.676
11980.0 1.676 1.729
8035.0 1.729 1.93
5575.0 1.93 2.21
4803.0 2.21 2.896
6065.0 2.896 2.772
8570.0 2.772 2.715
11189.0 2.715 2.499
14033.0 2.499 2.127
16117.0 2.127 1.765
14994.0 1.765 1.63
10550.0 1.63 1.749
6428.0 1.749 2.014
4666.0 2.014 2.674
5432.0 2.674 2.628
7348.0 2.628 2.524
10138.0 2.524 2.373
13802.0 2.373 2.032
16114.0 2.032 1.679
16122.0 1.679 1.47
12298.0 1.47 1.513
7495.0 1.513 1.741
4899.0 1.741 2.334
4521.0 2.334 2.801
6861.0 2.801 2.593
9912.0 2.593 2.448
13848.0 2.448 2.052
17010.0 2.052 1.613
16254.0 1.613 1.427
10842.0 1.427 1.548
6730.0 1.548 1.779
4177.0 1.779 2.351
4233.0 2.351 2.821
6035.0 2.821 2.704
8477.0 2.704 2.666
11201.0 2.666 2.454
14405.0 2.454 2.084
16604.0 2.084 1.716
15066.0 1.716 1.593
10246.0 1.593 1.726
6950.0 1.726 1.944
4804.0 1.944 2.611
4867.0 2.611 3.133
6545.0 3.133 2.94
8873.0 2.94 2.875
12249.0 2.875 2.548
15367.0 2.548 2.113
16768.0 2.113 1.765
14586.0 1.765 1.677
9554.0 1.677 1.845
6618.0 1.845 2.095
4766.0 2.095 2.812
4714.0 2.812 3.375
6350.0 3.375 3.192
8585.0 3.192 3.122
11609.0 3.122 2.843
14716.0 2.843 2.403
16325.0 2.403 2.013
15214.0 2.013 1.851
11534.0 1.851 1.946
8006.0 1.946 2.187
5706.0 2.187 2.536
4700.0 2.536 3.33
5010.0 3.33 3.329
6070.0 3.329 3.353
7699.0 3.353 3.371
9971.0 3.371 3.233
11795.0 3.233 2.995
14023.0 2.995 2.626
15043.0 2.626 2.304
13406.0 2.304 2.217
10754.0 2.217 2.316
8144.0 2.316 2.549
6107.0 2.549 2.849
5611.0 2.849 3.139
5561.0 3.139 3.427
6896.0 3.427 3.554
8492.0 3.554 3.532
10744.0 3.532 3.293
13484.0 3.293 2.873
15398.0 2.873 2.45
14894.0 2.45 2.232
11682.0 2.232 2.302
7966.0 2.302 2.585
5611.0 2.585 2.927
4871.0 2.927 3.851
5065.0 3.851 3.841
6634.0 3.841 3.978
8926.0 3.978 3.875
11751.0 3.875 3.509
14799.0 3.509 2.96
16346.0 2.96 2.488
14936.0 2.488 2.313
11065.0 2.313 2.449
6957.0 2.449 2.82
4758.0 2.82 3.786
4900.0 3.786 4.736
6271.0 4.736 4.495
8211.0 4.495 4.466
10576.0 4.466 4.206
13510.0 4.206 3.657
16002.0 3.657 3.032
15960.0 3.032 2.67
12936.0 2.67 2.682
8713.0 2.682 3.002
6151.0 3.002 3.449
4684.0 3.449 4.597
4490.0 4.597 5.764
5783.0 5.764 5.583
7399.0 5.583 5.68
9578.0 5.68 5.474
12525.0 5.474 4.849
15270.0 4.849 4.046
16560.0 4.046 3.4
14304.0 3.4 3.26
10236.0 3.26 3.54
7096.0 3.54 4.018
5146.0 4.018 4.587
4216.0 4.587 5.995
4884.0 5.995 7.193
6304.0 7.193 7.179
8332.0 7.179 7.122
11020.0 7.122 6.587
13272.0 6.587 5.841
14794.0 5.841 5.106
14260.0 5.106 4.717
11890.0 4.717 4.792
9104.0 4.792 5.191
7010.0 5.191 5.708
5763.0 5.708 6.333
5471.0 6.333 6.958
6030.0 6.958 7.426
7268.0 7.426 7.63
9221.0 7.63 7.434
12278.0 7.434 6.59
15322.0 6.59 5.437
17086.0 5.437 4.445
15754.0 4.445 4.055
11926.0 4.055 4.239
7912.0 4.239 4.768
5488.0 4.768 5.436
4202.0 5.436 7.123
4698.0 7.123 8.547
5750.0 8.547 8.291
7550.0 8.291 8.366
9906.0 8.366 7.959
12752.0 7.959 7.02
15675.0 7.02 5.816
16893.0 5.816 4.865
14673.0 4.865 4.63
10473.0 4.63 4.999
7173.0 4.999 5.686
5107.0 5.686 6.464
4207.0 6.464 8.468
4794.0 8.468 10.161
