5100.0 1.0 1.0
5100.0 1.0 1.196
5100.0 1.196 1.312
4240.0 1.312 1.707
4176.0 1.707 2.049
4176.0 2.049 2.459
4606.0 2.459 2.95
4176.0 2.95 3.54
4672.0 3.54 4.249
4214.0 4.249 5.098
4704.0 5.098 6.118
5697.0 6.118 5.947
7785.0 5.947 5.964
11193.0 5.964 5.413
14901.0 5.413 4.459
18453.0 4.459 3.389
18833.0 3.389 2.768
14605.0 2.768 2.743
9010.0 2.743 3.107
5653.0 3.107 3.601
4176.0 3.601 4.732
4338.0 4.732 5.678
5115.0 5.678 5.652
7147.0 5.652 5.456
11017.0 5.456 4.913
16021.0 4.913 3.83
20755.0 3.83 2.759
20377.0 2.759 2.207
14490.0 2.207 2.252
8338.0 2.252 2.621
4357.0 2.621 3.538
4176.0 3.538 4.245
4560.0 4.245 5.094
5982.0 5.094 4.894
8674.0 4.894 4.748
13270.0 4.748 4.021
18190.0 4.021 2.973
20869.0 2.973 2.264
17713.0 2.264 2.019
11327.0 2.019 2.22
5999.0 2.22 2.632
4193.0 2.632 3.316
4461.0 3.316 3.979
4659.0 3.979 4.775
6858.0 4.775 4.66
10030.0 4.66 4.357
14614.0 4.357 3.55
19346.0 3.55 2.549
20531.0 2.549 2.006
15232.0 2.006 1.987
8804.0 1.987 2.31
4263.0 2.31 3.141
4239.0 3.141 3.769
4942.0 3.769 4.523
6787.0 4.523 4.199
10323.0 4.199 3.878
15309.0 3.878 3.08
19809.0 3.08 2.178
19957.0 2.178 1.727
13573.0 1.727 1.813
7471.0 1.813 2.139
4290.0 2.139 2.88
4318.0 2.88 3.455
4752.0 3.455 4.146
6248.0 4.146 3.939
9944.0 3.939 3.655
14680.0 3.655 2.969
19839.0 2.969 2.084
21092.0 2.084 1.649
15752.0 1.649 1.6
7528.0 1.6 1.932
4375.0 1.932 2.585
4289.0 2.585 3.101
5229.0 3.101 3.073
7511.0 3.073 3.084
11276.0 3.084 2.769
16145.0 2.769 2.157
20189.0 2.157 1.562
18449.0 1.562 1.346
11509.0 1.346 1.482
6519.0 1.482 1.748
4176.0 1.748 2.211
4300.0 2.211 2.654
5984.0 2.654 2.549
8774.0 2.549 2.456
13028.0 2.456 2.098
17752.0 2.098 1.566
20722.0 1.566 1.189
17542.0 1.189 1.068
9922.0 1.068 1.227
4176.0 1.227 1.674
4176.0 1.674 2.009
4764.0 2.009 2.411
7274.0 2.411 2.192
12386.0 2.192 1.885
17802.0 1.885 1.395
20622.0 1.395 1.048
17654.0 1.048 1.0
8840.0 1.0 1.18
4440.0 1.18 1.602
4490.0 1.602 1.923
5603.0 1.923 1.877
9753.0 1.877 1.743
15822.0 1.743 1.327
20630.0 1.327 1.0
19190.0 1.0 1.0
10817.0 1.0 1.135
4282.0 1.135 1.586
4197.0 1.586 1.903
4410.0 1.903 2.284
5516.0 2.284 2.237
8368.0 2.237 2.187
13420.0 2.187 1.837
18548.0 1.837 1.336
20417.0 1.336 1.034
14609.0 1.034 1.051
7851.0 1.051 1.241
4934.0 1.241 1.693
4376.0 1.693 2.157
4516.0 2.157 2.589
6010.0 2.589 2.484
8808.0 2.484 2.395
13308.0 2.395 2.008
18268.0 2.008 1.462
21257.0 1.462 1.124
16961.0 1.124 1.035
8351.0 1.035 1.224
4176.0 1.224 1.571
4478.0 1.571 1.885
5820.0 1.885 1.823
9792.0 1.823 1.695
15126.0 1.695 1.352
20054.0 1.352 1.0
17994.0 1.0 1.0
9537.0 1.0 1.158
4261.0 1.158 1.578
4324.0 1.578 1.894
5374.0 1.894 1.865
9052.0 1.865 1.772
13098.0 1.772 1.512
18369.0 1.512 1.1
20969.0 1.1 1.0
16655.0 1.0 1.0
10513.0 1.0 1.126
4376.0 1.126 1.549
4178.0 1.549 1.859
4925.0 1.859 2.231
8689.0 2.231 2.026
14047.0 2.026 1.658
19963.0 1.658 1.14
21591.0 1.14 1.0
16926.0 1.0 1.0
6957.0 1.0 1.218
4176.0 1.218 1.631
4288.0 1.631 1.957
4747.0 1.957 2.349
7793.0 2.349 2.21
12629.0 2.21 1.893
18425.0 1.893 1.347
21063.0 1.347 1.042
15711.0 1.042 1.013
9497.0 1.013 1.156
4292.0 1.156 1.561
4176.0 1.561 1.873
5232.0 1.873 1.856
9232.0 1.856 1.749
15568.0 1.749 1.352
20776.0 1.352 1.0
19392.0 1.0 1.0
11103.0 1.0 1.132
4289.0 1.132 1.572
4287.0 1.572 1.886
4948.0 1.886 2.263
7834.0 2.263 2.129
12514.0 2.129 1.839
17394.0 1.839 1.389
19346.0 1.389 1.076
15434.0 1.076 1.045
10146.0 1.045 1.183
4176.0 1.183 1.635
4326.0 1.635 2.046
4961.0 2.046 2.455
8463.0 2.455 2.244
13008.0 2.244 1.91
18864.0 1.91 1.359
21529.0 1.359 1.063
16405.0 1.063 1.004
6937.0 1.004 1.224
4408.0 1.224 1.682
4233.0 1.682 2.019
4925.0 2.019 2.423
7813.0 2.423 2.15
12472.0 2.15 1.855
17924.0 1.855 1.358
20796.0 1.358 1.022
16908.0 1.022 1.0
7398.0 1.0 1.221
4411.0 1.221 1.671
4387.0 1.671 2.005
4460.0 2.005 2.406
7624.0 2.406 2.279
12295.0 2.279 1.974
17631.0 1.974 1.468
20680.0 1.468 1.099
16812.0 1.099 1.019
8199.0 1.019 1.208
4867.0 1.208 1.668
4325.0 1.668 2.153
4573.0 2.153 2.583
6301.0 2.583 2.449
9169.0 2.449 2.345
13354.0 2.345 1.99
17762.0 1.99 1.5
19800.0 1.5 1.152
15160.0 1.152 1.142
6682.0 1.142 1.37
4176.0 1.37 1.835
4262.0 1.835 2.202
4667.0 2.202 2.643
7077.0 2.643 2.556
11433.0 2.556 2.282
16021.0 2.282 1.775
19692.0 1.775 1.3
17312.0 1.3 1.172
11012.0 1.172 1.313
5418.0 1.313 1.564
4406.0 1.564 2.109
4257.0 2.109 2.531
6243.0 2.531 2.405
9143.0 2.405 2.3
13727.0 2.3 1.917
18607.0 1.917 1.379
20853.0 1.379 1.07
15757.0 1.07 1.037
10041.0 1.037 1.187
4176.0 1.187 1.671
4467.0 1.671 2.006
5461.0 2.006 1.969
9301.0 1.969 1.857
14992.0 1.857 1.476
20656.0 1.476 1.026
20700.0 1.026 1.0
13473.0 1.0 1.061
6659.0 1.061 1.315
4176.0 1.315 1.748
4374.0 1.748 2.097
5042.0 2.097 2.094
7992.0 2.094 1.949
11768.0 1.949 1.726
16574.0 1.726 1.314
20438.0 1.314 1.0
17406.0 1.0 1.0
8109.0 1.0 1.199
4786.0 1.199 1.675
4291.0 1.675 2.125
4579.0 2.125 2.55
6539.0 2.55 2.393
9573.0 2.393 2.245
13431.0 2.245 1.912
17279.0 1.912 1.479
18251.0 1.479 1.202
14639.0 1.202 1.183
7586.0 1.183 1.383
4176.0 1.383 1.835
4844.0 1.835 2.201
8654.0 2.201 1.88
14615.0 1.88 1.496
20999.0 1.496 1.045
21855.0 1.045 1.0
15582.0 1.0 1.0
8852.0 1.0 1.187
4213.0 1.187 1.636
4741.0 1.636 1.963
6717.0 1.963 1.828
11299.0 1.828 1.608
17512.0 1.608 1.165
22196.0 1.165 1.0
17972.0 1.0 1.0
8675.0 1.0 1.212
4413.0 1.212 1.665
5135.0 1.665 1.656
8847.0 1.656 1.575
13175.0 1.575 1.328
18251.0 1.328 1.0
20414.0 1.0 1.0
15233.0 1.0 1.0
9091.0 1.0 1.141
4176.0 1.141 1.58
4889.0 1.58 1.896
6850.0 1.896 1.755
11042.0 1.755 1.568
16766.0 1.568 1.191
17986.0 1.191 1.0
13336.0 1.0 1.022
7026.0 1.022 1.215
4304.0 1.215 1.621
4268.0 1.621 1.945
5376.0 1.945 1.915
9372.0 1.915 1.781
15126.0 1.781 1.397
19926.0 1.397 1.0
18674.0 1.0 1.0
9965.0 1.0 1.176
4176.0 1.176 1.606
4297.0 1.606 1.927
5590.0 1.927 1.882
10266.0 1.882 1.707
16794.0 1.707 1.265
22110.0 1.265 1.0
19846.0 1.0 1.0
11305.0 1.0 1.144
4575.0 1.144 1.591
4312.0 1.591 1.909
4963.0 1.909 2.29
8375.0 2.29 1.981
12935.0 1.981 1.68
18139.0 1.68 1.229
19283.0 1.229 1.0
14795.0 1.0 1.0
8653.0 1.0 1.173
4245.0 1.173 1.61
5117.0 1.61 1.602
7514.0 1.602 1.604
13098.0 1.604 1.323
18213.0 1.323 1.0
18288.0 1.0 1.0
11175.0 1.0 1.109
5033.0 1.109 1.323
4176.0 1.323 1.721
5023.0 1.721 1.719
8311.0 1.719 1.67
11337.0 1.67 1.527
14139.0 1.527 1.312
15348.0 1.312 1.14
13842.0 1.14 1.089
10528.0 1.089 1.15
6694.0 1.15 1.314
5564.0 1.314 1.481
4930.0 1.481 1.941
5023.0 1.941 2.044
6733.0 2.044 2.005
9137.0 2.005 1.939
13133.0 1.939 1.665
16793.0 1.665 1.327
16989.0 1.327 1.132
12837.0 1.132 1.163
8161.0 1.163 1.318
4235.0 1.318 1.798
4232.0 1.798 2.158
5246.0 2.158 2.136
8252.0 2.136 2.08
12602.0 2.08 1.801
16686.0 1.801 1.422
18006.0 1.422 1.153
13726.0 1.153 1.164
8902.0 1.164 1.318
4359.0 1.318 1.777
4430.0 1.777 2.132
5640.0 2.132 2.078
8470.0 2.078 2.028
12571.0 2.028 1.771
17079.0 1.771 1.367
18083.0 1.367 1.116
14834.0 1.116 1.081
10034.0 1.081 1.195
4912.0 1.195 1.639
4364.0 1.639 1.966
5302.0 1.966 1.943
7882.0 1.943 1.936
10694.0 1.936 1.782
13733.0 1.782 1.534
15806.0 1.534 1.284
15755.0 1.284 1.135
12140.0 1.135 1.163
8176.0 1.163 1.304
4648.0 1.304 1.749
4805.0 1.749 2.099
6024.0 2.099 2.013
8812.0 2.013 1.935
12940.0 1.935 1.676
16225.0 1.676 1.343
17397.0 1.343 1.116
14232.0 1.116 1.091
9932.0 1.091 1.203
5028.0 1.203 1.419
4176.0 1.419 1.867
5226.0 1.867 1.85
8274.0 1.85 1.805
11490.0 1.805 1.623
15594.0 1.623 1.304
17703.0 1.304 1.037
16578.0 1.037 1.0
9603.0 1.0 1.129
4301.0 1.129 1.56
4372.0 1.56 1.872
5761.0 1.872 1.815
9253.0 1.815 1.734
12125.0 1.734 1.559
15734.0 1.559 1.267
16955.0 1.267 1.052
14426.0 1.052 1.012
10214.0 1.012 1.099
5362.0 1.099 1.301
4331.0 1.301 1.702
5317.0 1.702 1.681
8915.0 1.681 1.614
12385.0 1.614 1.424
16003.0 1.424 1.148
16942.0 1.148 1.0
13600.0 1.0 1.0
8466.0 1.0 1.122
4508.0 1.122 1.526
5242.0 1.526 1.511
7014.0 1.511 1.469
10786.0 1.469 1.339
14150.0 1.339 1.142
16901.0 1.142 1.0
15119.0 1.0 1.0
10909.0 1.0 1.067
5775.0 1.067 1.262
4494.0 1.262 1.68
5187.0 1.68 1.668
8825.0 1.668 1.499
12219.0 1.499 1.337
16062.0 1.337 1.084
16515.0 1.084 1.0
12201.0 1.0 1.041
7235.0 1.041 1.207
5082.0 1.207 1.386
4257.0 1.386 1.808
5724.0 1.808 1.756
9066.0 1.756 1.68
12214.0 1.68 1.494
15775.0 1.494 1.223
16702.0 1.223 1.037
13786.0 1.037 1.018
9080.0 1.018 1.145
4836.0 1.145 1.561
4466.0 1.561 1.873
5606.0 1.873 1.828
9522.0 1.828 1.706
14556.0 1.706 1.386
18855.0 1.386 1.018
18323.0 1.018 1.0
10988.0 1.0 1.111
4258.0 1.111 1.578
4293.0 1.578 1.893
5213.0 1.893 1.877
8303.0 1.877 1.823
11483.0 1.823 1.644
15725.0 1.644 1.312
17689.0 1.312 1.066
15346.0 1.066 1.002
10670.0 1.002 1.087
5058.0 1.087 1.317
4414.0 1.317 1.647
5979.0 1.647 1.582
9581.0 1.582 1.493
13015.0 1.493 1.286
16702.0 1.286 1.021
17407.0 1.021 1.0
11644.0 1.0 1.08
6258.0 1.08 1.254
4403.0 1.254 1.697
4725.0 1.697 2.036
6047.0 2.036 1.951
9005.0 1.951 1.871
12815.0 1.871 1.62
16238.0 1.62 1.298
17478.0 1.298 1.077
13665.0 1.077 1.08
8813.0 1.08 1.21
4345.0 1.21 1.668
4446.0 1.668 2.001
5764.0 2.001 1.94
8914.0 1.94 1.858
12652.0 1.858 1.634
15391.0 1.634 1.372
16015.0 1.372 1.18
14011.0 1.18 1.131
10271.0 1.131 1.217
6165.0 1.217 1.398
4683.0 1.398 1.864
4521.0 1.864 2.237
5366.0 2.237 2.204
7978.0 2.204 2.18
12274.0 2.18 1.896
16182.0 1.896 1.509
17854.0 1.509 1.22
14362.0 1.22 1.199
7621.0 1.199 1.403
4205.0 1.403 1.866
5071.0 1.866 1.861
8115.0 1.861 1.723
11385.0 1.723 1.553
14658.0 1.553 1.301
16485.0 1.301 1.086
14724.0 1.086 1.025
10754.0 1.025 1.102
6030.0 1.102 1.292
4500.0 1.292 1.725
4766.0 1.725 2.07
6504.0 2.07 1.945
9512.0 1.945 1.838
13619.0 1.838 1.55
16379.0 1.55 1.263
16507.0 1.263 1.101
12568.0 1.101 1.132
7724.0 1.132 1.28
4313.0 1.28 1.725
4916.0 1.725 2.069
8812.0 2.069 1.878
12778.0 1.878 1.618
15919.0 1.618 1.314
17379.0 1.314 1.081
13962.0 1.081 1.071
9510.0 1.071 1.193
4900.0 1.193 1.623
4306.0 1.623 1.947
5316.0 1.947 1.923
8568.0 1.923 1.863
11540.0 1.863 1.687
15329.0 1.687 1.376
17057.0 1.376 1.136
15188.0 1.136 1.064
9017.0 1.064 1.198
4393.0 1.198 1.635
4684.0 1.635 1.962
6155.0 1.962 1.872
9391.0 1.872 1.773
13660.0 1.773 1.491
16168.0 1.491 1.216
16732.0 1.216 1.04
13285.0 1.04 1.045
8639.0 1.045 1.172
4248.0 1.172 1.57
4761.0 1.57 1.884
6688.0 1.884 1.757
10152.0 1.757 1.626
14205.0 1.626 1.368
17184.0 1.368 1.088
16971.0 1.088 1.0
11400.0 1.0 1.083
6182.0 1.083 1.284
4223.0 1.284 1.697
4397.0 1.697 2.036
6054.0 2.036 1.95
9096.0 1.95 1.869
13404.0 1.869 1.585
16644.0 1.585 1.258
17164.0 1.258 1.067
13489.0 1.067 1.075
8409.0 1.075 1.234
4199.0 1.234 1.662
4630.0 1.662 1.994
6435.0 1.994 1.88
9641.0 1.88 1.777
13718.0 1.777 1.505
16340.0 1.505 1.224
17060.0 1.224 1.032
13331.0 1.032 1.039
8377.0 1.039 1.165
4176.0 1.165 1.601
4988.0 1.601 1.921
6683.0 1.921 1.792
9985.0 1.792 1.677
14236.0 1.677 1.39
16852.0 1.39 1.128
16765.0 1.128 1.0
11944.0 1.0 1.047
6390.0 1.047 1.222
4538.0 1.222 1.646
4576.0 1.646 1.976
5829.0 1.976 1.91
9039.0 1.91 1.833
13077.0 1.833 1.571
15882.0 1.571 1.284
17136.0 1.284 1.068
14544.0 1.068 1.026
9986.0 1.026 1.119
5200.0 1.119 1.306
4284.0 1.306 1.635
5795.0 1.635 1.583
9405.0 1.583 1.492
12843.0 1.492 1.308
16182.0 1.308 1.057
16386.0 1.057 1.0
11400.0 1.0 1.071
6602.0 1.071 1.248
4681.0 1.248 1.669
4714.0 1.669 2.003
6122.0 2.003 1.913
9366.0 1.913 1.82
13344.0 1.82 1.55
16728.0 1.55 1.236
16852.0 1.236 1.062
12892.0 1.062 1.088
7488.0 1.088 1.264
5355.0 1.264 1.458
4278.0 1.458 1.907
4753.0 1.907 2.288
7989.0 2.288 2.015
11949.0 2.015 1.787
15330.0 1.787 1.468
17338.0 1.468 1.194
14314.0 1.194 1.162
8122.0 1.162 1.336
4196.0 1.336 1.818
4591.0 1.818 2.182
5741.0 2.182 2.117
8917.0 2.117 2.018
12739.0 2.018 1.744
16575.0 1.744 1.385
16859.0 1.385 1.186
13766.0 1.186 1.176
9520.0 1.176 1.316
5154.0 1.316 1.546
4337.0 1.546 1.935
4989.0 1.935 2.322
7933.0 2.322 2.169
12307.0 2.169 1.898
16807.0 1.898 1.48
18739.0 1.48 1.161
15479.0 1.161 1.11
8102.0 1.11 1.314
4385.0 1.314 1.758
4586.0 1.758 2.109
5996.0 2.109 2.025
8906.0 2.025 1.949
12773.0 1.949 1.681
15647.0 1.681 1.38
16547.0 1.38 1.178
13559.0 1.178 1.165
9631.0 1.165 1.266
5549.0 1.266 1.482
4251.0 1.482 1.943
4661.0 1.943 2.332
7643.0 2.332 2.085
11561.0 2.085 1.853
14948.0 1.853 1.541
17036.0 1.541 1.266
14852.0 1.266 1.198
9455.0 1.198 1.345
5513.0 1.345 1.57
4298.0 1.57 2.059
4533.0 2.059 2.47
7499.0 2.47 2.223
11354.0 2.223 1.997
14069.0 1.997 1.717
16133.0 1.717 1.439
14933.0 1.439 1.33
10931.0 1.33 1.415
7553.0 1.415 1.593
5023.0 1.593 1.814
4676.0 1.814 2.386
6788.0 2.386 2.215
9368.0 2.215 2.115
13385.0 2.115 1.778
17233.0 1.778 1.378
18057.0 1.378 1.133
14529.0 1.133 1.112
9525.0 1.112 1.254
4661.0 1.254 1.744
4339.0 1.744 2.093
4957.0 2.093 2.512
7975.0 2.512 2.213
11662.0 2.213 1.974
15798.0 1.974 1.581
17578.0 1.581 1.285
14774.0 1.285 1.233
8990.0 1.233 1.401
4692.0 1.401 1.941
4269.0 1.941 2.329
4537.0 2.329 2.795
7363.0 2.795 2.531
10897.0 2.531 2.296
14849.0 2.296 1.894
17622.0 1.894 1.498
16586.0 1.498 1.328
12518.0 1.328 1.376
8280.0 1.376 1.57
4568.0 1.57 2.168
4197.0 2.168 2.737
5805.0 2.737 2.648
7947.0 2.648 2.627
11232.0 2.627 2.372
15004.0 2.372 1.966
17784.0 1.966 1.561
15540.0 1.561 1.455
10980.0 1.455 1.574
7430.0 1.574 1.785
4424.0 1.785 2.425
4275.0 2.425 3.064
5625.0 3.064 2.987
8694.0 2.987 2.878
12670.0 2.878 2.501
16139.0 2.501 2.014
17398.0 2.014 1.662
14409.0 1.662 1.616
10332.0 1.616 1.758
6684.0 1.758 2.045
4296.0 2.045 2.711
4645.0 2.711 3.253
6813.0 3.253 3.017
10029.0 3.017 2.814
13361.0 2.814 2.417
16327.0 2.417 1.95
16744.0 1.95 1.663
14032.0 1.663 1.62
9712.0 1.62 1.761
6590.0 1.761 2.009
4474.0 2.009 2.658
4987.0 2.658 3.189
7451.0 3.189 2.877
10427.0 2.877 2.659
14055.0 2.659 2.217
16739.0 2.217 1.78
16841.0 1.78 1.534
12889.0 1.534 1.564
7459.0 1.564 1.797
4387.0 1.797 2.436
4176.0 2.436 3.082
5402.0 3.082 3.032
7648.0 3.032 3.028
10882.0 3.028 2.754
14758.0 2.754 2.256
17903.0 2.256 1.734
18172.0 1.734 1.437
13968.0 1.437 1.447
7842.0 1.447 1.677
4185.0 1.677 2.245
4492.0 2.245 2.694
6292.0 2.694 2.555
9487.0 2.555 2.407
12757.0 2.407 2.098
16529.0 2.098 1.651
17814.0 1.651 1.355
14650.0 1.355 1.318
8710.0 1.318 1.487
4712.0 1.487 2.022
4319.0 2.022 2.565
6381.0 2.565 2.423
8699.0 2.423 2.357
11513.0 2.357 2.156
14065.0 2.156 1.864
15025.0 1.864 1.626
13869.0 1.626 1.543
10383.0 1.543 1.644
7831.0 1.644 1.804
5621.0 1.804 2.053
5157.0 2.053 2.266
6505.0 2.266 2.362
8877.0 2.362 2.282
12429.0 2.282 2.001
16101.0 2.001 1.594
18281.0 1.594 1.258
15649.0 1.258 1.183
9532.0 1.183 1.323
5072.0 1.323 1.586
4406.0 1.586 2.068
4707.0 2.068 2.481
7373.0 2.481 2.246
10517.0 2.246 2.075
12839.0 2.075 1.864
14787.0 1.864 1.611
14303.0 1.611 1.486
11927.0 1.486 1.505
7979.0 1.505 1.668
5997.0 1.668 1.871
5445.0 1.871 2.071
6661.0 2.071 2.156
8583.0 2.156 2.126
12204.0 2.126 1.891
16468.0 1.891 1.492
17588.0 1.492 1.231
14264.0 1.231 1.208
7457.0 1.208 1.441
4273.0 1.441 1.918
4696.0 1.918 2.302
7566.0 2.302 2.066
11007.0 2.066 1.883
14196.0 1.883 1.596
16492.0 1.596 1.314
14980.0 1.314 1.221
10474.0 1.221 1.32
6470.0 1.32 1.518
4334.0 1.518 1.998
5161.0 1.998 1.985
8383.0 1.985 1.819
11129.0 1.819 1.673
14840.0 1.673 1.396
17078.0 1.396 1.117
16067.0 1.117 1.0
10850.0 1.0 1.086
5800.0 1.086 1.277
4310.0 1.277 1.607
5041.0 1.607 1.604
6924.0 1.604 1.561
10504.0 1.561 1.425
14300.0 1.425 1.196
18110.0 1.196 1.0
17753.0 1.0 1.0
10724.0 1.0 1.12
4582.0 1.12 1.546
4233.0 1.546 1.96
5481.0 1.96 1.922
8201.0 1.922 1.878
10837.0 1.878 1.743
14311.0 1.743 1.475
16237.0 1.475 1.221
15946.0 1.221 1.083
11743.0 1.083 1.137
7237.0 1.137 1.305
5518.0 1.305 1.498
4503.0 1.498 1.966
5247.0 1.966 1.946
8245.0 1.946 1.895
11073.0 1.895 1.731
14838.0 1.731 1.431
17490.0 1.431 1.151
16158.0 1.151 1.04
10191.0 1.04 1.151
5035.0 1.151 1.358
4284.0 1.358 1.786
5131.0 1.786 1.776
8439.0 1.776 1.623
11529.0 1.623 1.467
15237.0 1.467 1.208
17028.0 1.208 1.0
14691.0 1.0 1.0
10481.0 1.0 1.081
5599.0 1.081 1.281
4335.0 1.281 1.678
5088.0 1.678 1.672
8964.0 1.672 1.588
12384.0 1.588 1.39
16590.0 1.39 1.093
18348.0 1.093 1.0
14559.0 1.0 1.0
8921.0 1.0 1.134
4196.0 1.134 1.563
5166.0 1.563 1.553
6734.0 1.553 1.525
10554.0 1.525 1.394
13506.0 1.394 1.212
15990.0 1.212 1.006
15075.0 1.006 1.0
11633.0 1.0 1.037
7003.0 1.037 1.2
5242.0 1.2 1.378
4337.0 1.378 1.802
5935.0 1.802 1.734
9157.0 1.734 1.65
12351.0 1.65 1.466
15981.0 1.466 1.191
17511.0 1.191 1.0
14211.0 1.0 1.0
9413.0 1.0 1.105
4615.0 1.105 1.523
4377.0 1.523 1.827
6054.0 1.827 1.75
9408.0 1.75 1.644
12944.0 1.644 1.412
16685.0 1.412 1.119
18056.0 1.119 1.0
14231.0 1.0 1.0
8509.0 1.0 1.148
4176.0 1.148 1.565
4870.0 1.565 1.878
6698.0 1.878 1.751
10220.0 1.751 1.628
14813.0 1.628 1.334
17471.0 1.334 1.048
17210.0 1.048 1.0
11261.0 1.0 1.086
5455.0 1.086 1.308
4254.0 1.308 1.74
4941.0 1.74 2.088
8253.0 2.088 1.925
12162.0 1.925 1.711
14961.0 1.711 1.442
16633.0 1.442 1.207
14425.0 1.207 1.151
9046.0 1.151 1.283
5202.0 1.283 1.491
4497.0 1.491 1.943
5972.0 1.943 1.868
8954.0 1.868 1.792
12088.0 1.792 1.601
15589.0 1.601 1.307
17395.0 1.307 1.064
15559.0 1.064 1.0
11021.0 1.0 1.073
5887.0 1.073 1.264
4226.0 1.264 1.685
4785.0 1.685 2.022
6325.0 2.022 1.915
9479.0 1.915 1.807
13049.0 1.807 1.575
15572.0 1.575 1.315
16445.0 1.315 1.123
13892.0 1.123 1.094
9604.0 1.094 1.197
5830.0 1.197 1.382
4736.0 1.382 1.82
5006.0 1.82 1.82
8158.0 1.82 1.787
11308.0 1.787 1.626
15016.0 1.626 1.344
17074.0 1.344 1.089
15859.0 1.089 1.0
9973.0 1.0 1.112
4839.0 1.112 1.551
4310.0 1.551 1.862
5753.0 1.862 1.806
8857.0 1.806 1.745
12185.0 1.745 1.539
15890.0 1.539 1.244
17732.0 1.244 1.0
15761.0 1.0 1.0
10711.0 1.0 1.086
5241.0 1.086 1.312
4234.0 1.312 1.643
5325.0 1.643 1.621
8817.0 1.621 1.561
12425.0 1.561 1.373
16010.0 1.373 1.108
17213.0 1.108 1.0
13580.0 1.0 1.0
8362.0 1.0 1.148
5795.0 1.148 1.326
4317.0 1.326 1.745
4924.0 1.745 2.094
7928.0 2.094 1.849
10614.0 1.849 1.728
14214.0 1.728 1.466
16014.0 1.466 1.232
15522.0 1.232 1.108
11496.0 1.108 1.167
7258.0 1.167 1.324
4794.0 1.324 1.759
5300.0 1.759 1.737
8544.0 1.737 1.679
11420.0 1.679 1.526
14810.0 1.526 1.281
16100.0 1.281 1.086
14033.0 1.086 1.043
10321.0 1.043 1.121
6053.0 1.121 1.31
4983.0 1.31 1.754
5253.0 1.754 1.838
7967.0 1.838 1.812
11209.0 1.812 1.649
15532.0 1.649 1.322
18144.0 1.322 1.038
16359.0 1.038 1.0
9078.0 1.0 1.165
4284.0 1.165 1.609
5154.0 1.609 1.599
6540.0 1.599 1.583
10086.0 1.583 1.472
12350.0 1.472 1.332
15374.0 1.332 1.109
14906.0 1.109 1.01
12770.0 1.01 1.003
8642.0 1.003 1.102
5494.0 1.102 1.266
5303.0 1.266 1.39
6024.0 1.39 1.477
7842.0 1.477 1.48
11270.0 1.48 1.348
14724.0 1.348 1.119
17766.0 1.119 1.0
16206.0 1.0 1.0
11492.0 1.0 1.065
6022.0 1.065 1.267
4177.0 1.267 1.663
4596.0 1.663 1.996
6237.0 1.996 1.897
9281.0 1.897 1.804
13061.0 1.804 1.56
16061.0 1.56 1.269
17126.0 1.269 1.059
14378.0 1.059 1.027
9930.0 1.027 1.137
5068.0 1.137 1.357
4176.0 1.357 1.698
5596.0 1.698 1.657
8832.0 1.657 1.592
12244.0 1.592 1.413
15730.0 1.413 1.156
16864.0 1.156 1.0
13918.0 1.0 1.0
8868.0 1.0 1.124
4574.0 1.124 1.533
4793.0 1.533 1.839
6757.0 1.839 1.71
9667.0 1.71 1.61
12387.0 1.61 1.435
15384.0 1.435 1.189
16035.0 1.189 1.029
12609.0 1.029 1.045
8205.0 1.045 1.18
4719.0 1.18 1.583
4951.0 1.583 1.899
6921.0 1.899 1.753
9785.0 1.753 1.649
14063.0 1.649 1.391
16757.0 1.391 1.127
16598.0 1.127 1.0
11582.0 1.0 1.063
6364.0 1.063 1.237
4380.0 1.237 1.669
4552.0 1.669 2.003
5960.0 2.003 1.926
8950.0 1.926 1.843
12679.0 1.843 1.62
15313.0 1.62 1.361
16213.0 1.361 1.165
13972.0 1.165 1.126
10478.0 1.126 1.201
6228.0 1.201 1.402
4908.0 1.402 1.877
4683.0 1.877 2.252
7189.0 2.252 2.055
10019.0 2.055 1.923
13478.0 1.923 1.637
16990.0 1.637 1.295
16254.0 1.295 1.155
11634.0 1.155 1.223
7248.0 1.223 1.413
4221.0 1.413 1.873
4878.0 1.873 2.248
8374.0 2.248 2.069
12136.0 2.069 1.819
15178.0 1.819 1.513
17186.0 1.513 1.232
14338.0 1.232 1.194
8548.0 1.194 1.367
4816.0 1.367 1.857
4530.0 1.857 2.228
5609.0 2.228 2.174
8613.0 2.174 2.1
12330.0 2.1 1.861
15898.0 1.861 1.5
17314.0 1.5 1.239
13690.0 1.239 1.236
7516.0 1.236 1.441
4296.0 1.441 1.926
4692.0 1.926 2.312
7766.0 2.312 2.056
11672.0 2.056 1.837
15137.0 1.837 1.513
17581.0 1.513 1.21
15069.0 1.21 1.149
9084.0 1.149 1.298
4708.0 1.298 1.782
4304.0 1.782 2.138
5191.0 2.138 2.122
7875.0 2.122 2.095
11169.0 2.095 1.887
15204.0 1.887 1.531
18472.0 1.531 1.176
16988.0 1.176 1.045
10301.0 1.045 1.179
4627.0 1.179 1.621
4239.0 1.621 2.054
4976.0 2.054 2.465
8008.0 2.465 2.295
11506.0 2.295 2.049
14758.0 2.049 1.715
16498.0 1.715 1.427
14854.0 1.427 1.339
10195.0 1.339 1.466
6483.0 1.466 1.693
4285.0 1.693 2.254
4705.0 2.254 2.705
7207.0 2.705 2.466
10942.0 2.466 2.231
15554.0 2.231 1.78
18380.0 1.78 1.385
16864.0 1.385 1.232
11752.0 1.232 1.326
6938.0 1.326 1.571
4248.0 1.571 2.1
4559.0 2.1 2.519
7349.0 2.519 2.413
11066.0 2.413 2.194
15042.0 2.194 1.795
17530.0 1.795 1.432
16930.0 1.432 1.25
12931.0 1.25 1.279
8321.0 1.279 1.443
4271.0 1.443 1.965
4569.0 1.965 2.359
6977.0 2.359 2.172
9559.0 2.172 2.075
13264.0 2.075 1.772
17060.0 1.772 1.398
17560.0 1.398 1.176
14467.0 1.176 1.147
7456.0 1.147 1.349
4259.0 1.349 1.815
4726.0 1.815 2.178
7934.0 2.178 1.922
12092.0 1.922 1.681
15878.0 1.681 1.348
18034.0 1.348 1.079
15610.0 1.079 1.011
11038.0 1.011 1.091
5242.0 1.091 1.326
4176.0 1.326 1.736
5952.0 1.736 1.67
9074.0 1.67 1.596
11810.0 1.596 1.436
15674.0 1.436 1.163
16847.0 1.163 1.0
13628.0 1.0 1.0
8830.0 1.0 1.132
4368.0 1.132 1.549
4769.0 1.549 1.858
6118.0 1.858 1.775
9626.0 1.775 1.679
13580.0 1.679 1.436
16544.0 1.436 1.161
16622.0 1.161 1.001
12512.0 1.001 1.028
7476.0 1.028 1.174
5055.0 1.174 1.38
4212.0 1.38 1.798
4987.0 1.798 2.157
8527.0 2.157 1.982
12406.0 1.982 1.755
15667.0 1.755 1.431
16739.0 1.431 1.205
14573.0 1.205 1.149
8831.0 1.149 1.299
4793.0 1.299 1.762
4223.0 1.762 2.115
5478.0 2.115 2.074
8410.0 2.074 2.02
13078.0 2.02 1.727
17182.0 1.727 1.345
18030.0 1.345 1.105
14643.0 1.105 1.084
9515.0 1.084 1.216
4257.0 1.216 1.69
4214.0 1.69 2.028
5349.0 2.028 2.0
8193.0 2.0 1.852
11087.0 1.852 1.683
14957.0 1.683 1.38
17282.0 1.38 1.108
16469.0 1.108 1.0
10904.0 1.0 1.086
5518.0 1.086 1.307
4337.0 1.307 1.732
5161.0 1.732 1.721
8429.0 1.721 1.666
11635.0 1.666 1.502
15745.0 1.502 1.217
17860.0 1.217 1.0
15349.0 1.0 1.0
10635.0 1.0 1.089
5333.0 1.089 1.3
4176.0 1.3 1.698
5251.0 1.698 1.681
8909.0 1.681 1.604
12047.0 1.604 1.44
15479.0 1.44 1.187
16616.0 1.187 1.007
13670.0 1.007 1.0
9158.0 1.0 1.115
4696.0 1.115 1.528
4700.0 1.528 1.834
6565.0 1.834 1.719
9955.0 1.719 1.596
14536.0 1.596 1.318
17644.0 1.318 1.034
17407.0 1.034 1.0
11299.0 1.0 1.093
5745.0 1.093 1.311
4197.0 1.311 1.72
4666.0 1.72 2.064
6222.0 2.064 1.963
9460.0 1.963 1.868
13264.0 1.868 1.598
15907.0 1.598 1.319
16435.0 1.319 1.143
12931.0 1.143 1.16
8567.0 1.16 1.308
4665.0 1.308 1.764
4382.0 1.764 2.207
5726.0 2.207 2.143
8404.0 2.143 2.087
12118.0 2.087 1.854
15181.0 1.854 1.539
16949.0 1.539 1.267
14149.0 1.267 1.234
8590.0 1.234 1.389
4816.0 1.389 1.888
4366.0 1.888 2.266
5184.0 2.266 2.249
7808.0 2.249 2.113
11576.0 2.113 1.899
14954.0 1.899 1.574
17066.0 1.574 1.283
14834.0 1.283 1.216
9536.0 1.216 1.365
5392.0 1.365 1.608
4316.0 1.608 2.111
4323.0 2.111 2.533
6987.0 2.533 2.331
10506.0 2.331 2.134
13665.0 2.134 1.82
16481.0 1.82 1.475
16569.0 1.475 1.281
13500.0 1.281 1.274
7662.0 1.274 1.46
4226.0 1.46 1.951
4544.0 1.951 2.341
7476.0 2.341 2.109
11352.0 2.109 1.893
14877.0 1.893 1.567
17185.0 1.567 1.271
15445.0 1.271 1.176
10207.0 1.176 1.288
5839.0 1.288 1.494
4244.0 1.494 2.008
4446.0 2.008 2.41
7206.0 2.41 2.197
10803.0 2.197 1.999
14052.0 1.999 1.706
16972.0 1.706 1.378
16068.0 1.378 1.231
11877.0 1.231 1.295
7731.0 1.295 1.459
4425.0 1.459 1.973
4694.0 1.973 2.368
7390.0 2.368 2.262
11053.0 2.262 2.043
14380.0 2.043 1.727
17160.0 1.727 1.376
16240.0 1.376 1.23
11935.0 1.23 1.287
7775.0 1.287 1.45
4561.0 1.45 1.966
4845.0 1.966 2.359
7591.0 2.359 2.115
11044.0 2.115 1.92
14347.0 1.92 1.624
17243.0 1.624 1.294
15503.0 1.294 1.19
10535.0 1.19 1.286
6171.0 1.286 1.511
4641.0 1.511 2.025
4466.0 2.025 2.43
6286.0 2.43 2.305
8992.0 2.305 2.232
12613.0 2.232 1.949
16121.0 1.949 1.565
17101.0 1.565 1.307
13829.0 1.307 1.295
8219.0 1.295 1.479
4495.0 1.479 2.033
4225.0 2.033 2.44
6667.0 2.44 2.277
9151.0 2.277 2.198
12721.0 2.198 1.901
15413.0 1.901 1.581
15617.0 1.581 1.389
13109.0 1.389 1.374
8558.0 1.374 1.522
5672.0 1.522 1.771
4650.0 1.771 2.326
5508.0 2.326 2.279
8156.0 2.279 2.245
12491.0 2.245 1.937
16339.0 1.937 1.534
17707.0 1.534 1.254
14499.0 1.254 1.221
8316.0 1.221 1.391
4304.0 1.391 1.906
4391.0 1.906 2.287
5419.0 2.287 2.249
8195.0 2.249 2.083
11963.0 2.083 1.842
15254.0 1.842 1.527
17238.0 1.527 1.242
14506.0 1.242 1.197
8878.0 1.197 1.358
4848.0 1.358 1.853
4191.0 1.853 2.318
4840.0 2.318 2.781
7548.0 2.781 2.498
10953.0 2.498 2.274
14729.0 2.274 1.88
16757.0 1.88 1.533
15837.0 1.533 1.38
12744.0 1.38 1.402
7155.0 1.402 1.641
4349.0 1.641 2.203
4521.0 2.203 2.644
6933.0 2.644 2.439
10620.0 2.439 2.225
14576.0 2.225 1.86
17028.0 1.86 1.503
16504.0 1.503 1.321
12994.0 1.321 1.335
7084.0 1.335 1.569
4236.0 1.569 2.101
4749.0 2.101 2.521
7459.0 2.521 2.404
10846.0 2.404 2.195
14850.0 2.195 1.811
17098.0 1.811 1.471
16330.0 1.471 1.303
12121.0 1.303 1.358
8225.0 1.358 1.513
4603.0 1.513 2.077
4282.0 2.077 2.492
6060.0 2.492 2.386
8690.0 2.386 2.326
12518.0 2.326 2.039
16638.0 2.039 1.597
18435.0 1.597 1.273
15167.0 1.273 1.223
8189.0 1.223 1.439
4267.0 1.439 1.957
4486.0 1.957 2.348
6184.0 2.348 2.237
8564.0 2.237 2.18
12188.0 2.18 1.921
16428.0 1.921 1.524
17656.0 1.524 1.246
14720.0 1.246 1.205
8246.0 1.205 1.377
4195.0 1.377 1.874
4290.0 1.874 2.35
5663.0 2.35 2.288
8051.0 2.288 2.27
11591.0 2.27 2.046
15771.0 2.046 1.635
17819.0 1.635 1.314
15795.0 1.314 1.213
10539.0 1.213 1.327
6021.0 1.327 1.562
4176.0 1.562 2.11
4176.0 2.11 2.532
6082.0 2.532 2.423
8314.0 2.423 2.379
12301.0 2.379 2.075
16493.0 2.075 1.617
18482.0 1.617 1.284
15398.0 1.284 1.226
8678.0 1.226 1.405
4308.0 1.405 1.938
4444.0 1.938 2.326
6732.0 2.326 2.165
8876.0 2.165 2.098
12206.0 2.098 1.87
15418.0 1.87 1.56
16078.0 1.56 1.345
13858.0 1.345 1.302
9049.0 1.302 1.466
5735.0 1.466 1.685
4927.0 1.685 2.262
4870.0 2.262 2.714
6808.0 2.714 2.518
9820.0 2.518 2.385
12607.0 2.385 2.119
15407.0 2.119 1.762
16347.0 1.762 1.501
13887.0 1.501 1.464
9603.0 1.464 1.588
6207.0 1.588 1.823
4387.0 1.823 2.442
4962.0 2.442 2.93
7116.0 2.93 2.682
10062.0 2.682 2.502
13930.0 2.502 2.094
16790.0 2.094 1.683
16444.0 1.683 1.483
11660.0 1.483 1.579
6326.0 1.579 1.887
4294.0 1.887 2.519
4287.0 2.519 3.023
6401.0 3.023 2.854
9191.0 2.854 2.733
12555.0 2.733 2.419
16173.0 2.419 1.94
17109.0 1.94 1.625
14649.0 1.625 1.55
10398.0 1.55 1.685
6720.0 1.685 1.943
4588.0 1.943 2.622
5336.0 2.622 2.587
7462.0 2.587 2.471
10687.0 2.471 2.278
14483.0 2.278 1.891
16867.0 1.891 1.533
16803.0 1.533 1.322
11651.0 1.322 1.409
7777.0 1.409 1.614
4521.0 1.614 2.194
4248.0 2.194 2.802
5742.0 2.802 2.719
8028.0 2.719 2.546
11139.0 2.546 2.315
14751.0 2.315 1.927
17506.0 1.927 1.534
16102.0 1.534 1.387
12268.0 1.387 1.435
6424.0 1.435 1.702
4184.0 1.702 2.152
4849.0 2.152 2.582
7583.0 2.582 2.315
11210.0 2.315 2.085
15770.0 2.085 1.668
18130.0 1.668 1.313
16946.0 1.313 1.159
11426.0 1.159 1.253
6508.0 1.253 1.476
4470.0 1.476 2.018
4421.0 2.018 2.552
6635.0 2.552 2.385
10061.0 2.385 2.236
13211.0 2.236 1.952
16579.0 1.952 1.551
17327.0 1.551 1.296
13435.0 1.296 1.304
7651.0 1.304 1.484
4351.0 1.484 1.975
4316.0 1.975 2.37
6934.0 2.37 2.186
9466.0 2.186 2.093
13249.0 2.093 1.789
17101.0 1.789 1.409
17785.0 1.409 1.165
14413.0 1.165 1.143
9823.0 1.143 1.264
5121.0 1.264 1.518
4215.0 1.518 2.009
4552.0 2.009 2.411
7398.0 2.411 2.18
10830.0 2.18 1.992
13818.0 1.992 1.718
16006.0 1.718 1.442
14814.0 1.442 1.337
11187.0 1.337 1.41
7709.0 1.41 1.596
4969.0 1.596 2.158
4632.0 2.158 2.72
5876.0 2.72 2.625
8232.0 2.625 2.583
10926.0 2.583 2.375
14138.0 2.375 2.031
15786.0 2.031 1.719
15362.0 1.719 1.546
11750.0 1.546 1.604
7451.0 1.604 1.826
5319.0 1.826 2.088
5225.0 2.088 2.181
7551.0 2.181 2.072
10135.0 2.072 1.956
13696.0 1.956 1.669
16580.0 1.669 1.357
16244.0 1.357 1.199
12179.0 1.199 1.244
7833.0 1.244 1.399
4417.0 1.399 1.895
4374.0 1.895 2.275
5461.0 2.275 2.233
8113.0 2.233 2.076
11548.0 2.076 1.884
14632.0 1.884 1.588
16352.0 1.588 1.333
13972.0 1.333 1.289
9073.0 1.289 1.423
5545.0 1.423 1.657
4566.0 1.657 2.175
4760.0 2.175 2.731
6990.0 2.731 2.513
9807.0 2.513 2.372
12492.0 2.372 2.12
15048.0 2.12 1.788
15744.0 1.788 1.558
13396.0 1.558 1.525
9394.0 1.525 1.666
6460.0 1.666 1.888
5056.0 1.888 2.116
5264.0 2.116 2.312
7360.0 2.312 2.216
11101.0 2.216 2.015
14533.0 2.015 1.673
17757.0 1.673 1.298
17221.0 1.298 1.128
11983.0 1.128 1.201
7001.0 1.201 1.415
4754.0 1.415 1.931
4364.0 1.931 2.454
4609.0 2.454 2.945
6545.0 2.945 2.763
9365.0 2.763 2.639
12929.0 2.639 2.307
16076.0 2.307 1.879
16419.0 1.879 1.633
13471.0 1.633 1.617
9043.0 1.617 1.781
5819.0 1.781 2.049
4335.0 2.049 2.714
5643.0 2.714 2.644
7651.0 2.644 2.513
10669.0 2.513 2.319
14193.0 2.319 1.963
16173.0 1.963 1.633
16013.0 1.633 1.441
12041.0 1.441 1.494
7058.0 1.494 1.709
4818.0 1.709 2.296
4830.0 2.296 2.89
6878.0 2.89 2.821
9869.0 2.821 2.649
13177.0 2.649 2.308
16132.0 2.308 1.879
16396.0 1.879 1.624
13028.0 1.624 1.638
8507.0 1.638 1.829
5499.0 1.829 2.099
4252.0 2.099 2.634
5948.0 2.634 2.534
8186.0 2.534 2.51
10619.0 2.51 2.346
13955.0 2.346 2.003
15683.0 2.003 1.699
15107.0 1.699 1.544
11435.0 1.544 1.612
6947.0 1.612 1.841
4783.0 1.841 2.464
5435.0 2.464 2.421
7313.0 2.421 2.463
10622.0 2.463 2.273
14290.0 2.273 1.901
16810.0 1.901 1.523
16594.0 1.523 1.323
13396.0 1.323 1.32
7678.0 1.32 1.513
4538.0 1.513 2.057
4546.0 2.057 2.468
6748.0 2.468 2.295
8722.0 2.295 2.259
11626.0 2.259 2.051
14558.0 2.051 1.754
15810.0 1.754 1.508
13850.0 1.508 1.451
9902.0 1.451 1.575
6824.0 1.575 1.773
4916.0 1.773 2.366
5806.0 2.366 2.415
7906.0 2.415 2.421
10939.0 2.421 2.233
14283.0 2.233 1.894
16291.0 1.894 1.579
15759.0 1.579 1.416
12309.0 1.416 1.454
7257.0 1.454 1.684
4543.0 1.684 2.241
4316.0 2.241 2.689
6100.0 2.689 2.571
8134.0 2.571 2.561
11044.0 2.561 2.349
13980.0 2.349 2.019
15640.0 2.019 1.715
15032.0 1.715 1.558
10872.0 1.558 1.652
6708.0 1.652 1.898
4964.0 1.898 2.533
5556.0 2.533 2.477
7454.0 2.477 2.371
10409.0 2.371 2.219
13076.0 2.219 1.947
15492.0 1.947 1.627
15860.0 1.627 1.424
12484.0 1.424 1.448
7705.0 1.448 1.644
5023.0 1.644 1.885
4419.0 1.885 2.459
4894.0 2.459 2.95
6842.0 2.95 2.733
9593.0 2.733 2.601
12937.0 2.601 2.279
15573.0 2.279 1.903
16022.0 1.903 1.654
13386.0 1.654 1.632
9573.0 1.632 1.771
6613.0 1.771 1.997
4719.0 1.997 2.683
4745.0 2.683 3.22
6681.0 3.22 3.003
9312.0 3.003 2.895
12764.0 2.895 2.54
16486.0 2.54 2.016
17496.0 2.016 1.669
14023.0 1.669 1.655
9001.0 1.655 1.873
5763.0 1.873 2.17
4226.0 2.17 2.876
5318.0 2.876 2.84
7004.0 2.84 2.763
9338.0 2.763 2.664
12818.0 2.664 2.324
15947.0 2.324 1.88
16588.0 1.88 1.61
13396.0 1.61 1.602
9076.0 1.602 1.771
6006.0 1.771 2.05
4362.0 2.05 2.711
5547.0 2.711 2.652
7463.0 2.652 2.68
10172.0 2.68 2.515
13356.0 2.515 2.18
16052.0 2.18 1.793
16506.0 1.793 1.545
13450.0 1.545 1.535
8557.0 1.535 1.747
5615.0 1.747 2.028
4345.0 2.028 2.663
5791.0 2.663 2.579
7765.0 2.579 2.591
10624.0 2.591 2.405
13880.0 2.405 2.042
15876.0 2.042 1.7
16044.0 1.7 1.485
12300.0 1.485 1.523
7578.0 1.523 1.729
4968.0 1.729 2.321
4772.0 2.321 2.905
6398.0 2.905 2.742
8090.0 2.742 2.762
10106.0 2.762 2.642
12654.0 2.642 2.365
14398.0 2.365 2.064
14430.0 2.064 1.876
12174.0 1.876 1.881
9246.0 1.881 2.029
6528.0 2.029 2.268
5596.0 2.268 2.512
5792.0 2.512 2.709
6544.0 2.709 2.854
8866.0 2.854 2.796
10906.0 2.796 2.621
13606.0 2.621 2.286
15383.0 2.286 1.956
14716.0 1.956 1.802
11384.0 1.802 1.871
7739.0 1.871 2.098
5767.0 2.098 2.376
4771.0 2.376 3.115
5557.0 3.115 3.046
7585.0 3.046 3.059
9682.0 3.059 2.922
12582.0 2.922 2.604
15268.0 2.604 2.181
16100.0 2.181 1.869
13540.0 1.869 1.837
10228.0 1.837 1.976
6259.0 1.976 2.297
4679.0 2.297 3.06
5051.0 3.06 3.053
6585.0 3.053 3.014
8619.0 3.014 2.969
11691.0 2.969 2.693
14770.0 2.693 2.262
16053.0 2.262 1.91
14267.0 1.91 1.816
9927.0 1.816 1.969
6219.0 1.969 2.255
4781.0 2.255 2.971
5269.0 2.971 2.939
6723.0 2.939 2.891
9105.0 2.891 2.814
12285.0 2.814 2.502
15419.0 2.502 2.08
16263.0 2.08 1.781
12837.0 1.781 1.8
8604.0 1.8 2.008
5938.0 2.008 2.294
4414.0 2.294 3.034
5089.0 3.034 3.023
6409.0 3.023 3.007
8863.0 3.007 2.924
11907.0 2.924 2.638
14178.0 2.638 2.29
14884.0 2.29 2.024
12819.0 2.024 1.992
9143.0 1.992 2.154
6584.0 2.154 2.393
5630.0 2.393 2.652
5626.0 2.652 2.886
6480.0 2.886 3.04
8535.0 3.04 3.009
11787.0 3.009 2.711
15476.0 2.711 2.228
17289.0 2.228 1.819
15885.0 1.819 1.654
11081.0 1.654 1.775
6179.0 1.775 2.053
4225.0 2.053 2.725
5352.0 2.725 2.687
7216.0 2.687 2.732
9796.0 2.732 2.6
13220.0 2.6 2.249
16127.0 2.249 1.839
16084.0 1.839 1.614
12832.0 1.614 1.634
8137.0 1.634 1.857
5355.0 1.857 2.128
4338.0 2.128 2.667
5722.0 2.667 2.59
7200.0 2.59 2.647
9345.0 2.647 2.577
11277.0 2.577 2.401
12865.0 2.401 2.179
13409.0 2.179 2.003
12601.0 2.003 1.933
10786.0 1.933 1.983
8095.0 1.983 2.188
6381.0 2.188 2.447
5463.0 2.447 2.708
5699.0 2.708 2.928
6349.0 2.928 3.1
7522.0 3.1 3.173
8755.0 3.173 3.165
10203.0 3.165 3.052
11795.0 3.052 2.836
12991.0 2.836 2.6
12969.0 2.6 2.444
11817.0 2.444 2.414
10005.0 2.414 2.509
8412.0 2.509 2.687
7218.0 2.687 2.926
6858.0 2.926 3.127
7521.0 3.127 3.241
8658.0 3.241 3.247
10162.0 3.247 3.129
11686.0 3.129 2.93
12886.0 2.93 2.688
13171.0 2.688 2.5
11988.0 2.5 2.459
9980.0 2.459 2.558
8243.0 2.558 2.737
7241.0 2.737 2.942
7055.0 2.942 3.124
7682.0 3.124 3.228
8726.0 3.228 3.239
10270.0 3.239 3.118
11850.0 3.118 2.903
13089.0 2.903 2.651
12908.0 2.651 2.501
11169.0 2.501 2.525
8493.0 2.525 2.736
6771.0 2.736 2.995
6078.0 2.995 3.277
6519.0 3.277 3.476
7269.0 3.476 3.61
8127.0 3.61 3.661
9183.0 3.661 3.644
10371.0 3.644 3.53
11465.0 3.53 3.345
12184.0 3.345 3.145
12243.0 3.145 2.999
11329.0 2.999 2.978
9928.0 2.978 3.058
8660.0 3.058 3.216
7860.0 3.216 3.4
7710.0 3.4 3.567
8190.0 3.567 3.662
9134.0 3.662 3.651
10242.0 3.651 3.537
11529.0 3.537 3.322
12273.0 3.322 3.103
12415.0 3.103 2.938
11657.0 2.938 2.888
10134.0 2.888 2.99
8682.0 2.99 3.152
7630.0 3.152 3.367
7570.0 3.367 3.54
8206.0 3.54 3.622
9330.0 3.622 3.585
10606.0 3.585 3.451
11846.0 3.451 3.233
12379.0 3.233 3.031
12250.0 3.031 2.904
11088.0 2.904 2.912
9616.0 2.912 3.034
8260.0 3.034 3.235
7552.0 3.235 3.448
7447.0 3.448 3.641
7983.0 3.641 3.748
9035.0 3.748 3.736
10370.0 3.736 3.602
11665.0 3.602 3.373
12456.0 3.373 3.139
12452.0 3.139 2.979
11513.0 2.979 2.952
9854.0 2.952 3.054
8406.0 3.054 3.245
7506.0 3.245 3.473
7425.0 3.473 3.659
8029.0 3.659 3.759
9129.0 3.759 3.744
10410.0 3.744 3.613
11730.0 3.613 3.395
12570.0 3.395 3.158
12342.0 3.158 3.018
11315.0 3.018 3.01
9589.0 3.01 3.155
8193.0 3.155 3.381
7565.0 3.381 3.589
7569.0 3.589 3.756
8405.0 3.756 3.811
9493.0 3.811 3.765
10845.0 3.765 3.591
12141.0 3.591 3.347
12729.0 3.347 3.122
12285.0 3.122 3.01
10940.0 3.01 3.037
9376.0 3.037 3.184
7996.0 3.184 3.411
7296.0 3.411 3.631
7428.0 3.631 3.807
