5184.0 1.0 1.0
5184.0 1.0 1.193
5184.0 1.193 1.307
4304.0 1.307 1.702
4212.0 1.702 2.043
4196.0 2.043 2.451
4602.0 2.451 2.941
4176.0 2.941 3.53
4630.0 3.53 4.236
4176.0 4.236 5.083
4630.0 5.083 6.099
5776.0 6.099 5.91
8343.0 5.91 5.798
11277.0 5.798 5.277
15077.0 5.277 4.321
18481.0 4.321 3.292
18503.0 3.292 2.735
13859.0 2.735 2.773
8158.0 2.773 3.19
4984.0 3.19 4.353
4203.0 4.353 5.462
4478.0 5.462 6.555
5048.0 6.555 6.542
6700.0 6.542 6.428
10630.0 6.428 5.84
15856.0 5.84 4.535
20362.0 4.535 3.241
21048.0 3.241 2.593
15234.0 2.593 2.568
8352.0 2.568 3.007
4533.0 3.007 4.169
4177.0 4.169 5.212
4391.0 5.212 6.255
4823.0 6.255 7.506
6731.0 7.506 6.986
9809.0 6.986 6.566
14384.0 6.566 5.367
19112.0 5.367 3.879
20742.0 3.879 3.036
16108.0 3.036 2.902
10252.0 2.902 3.254
5328.0 3.254 3.886
4296.0 3.886 5.09
4342.0 5.09 6.108
4657.0 6.108 7.329
6433.0 7.329 6.909
9685.0 6.909 6.514
13349.0 6.514 5.569
18581.0 5.569 4.045
20797.0 4.045 3.102
17557.0 3.102 2.784
11012.0 2.784 3.104
5932.0 3.104 3.69
4370.0 3.69 4.647
4241.0 4.647 5.577
4787.0 5.577 6.692
6375.0 6.692 6.324
9807.0 6.324 5.927
14415.0 5.927 4.856
19320.0 4.856 3.46
20628.0 3.46 2.722
15963.0 2.722 2.617
8517.0 2.617 3.084
4716.0 3.084 4.247
4176.0 4.247 5.346
4394.0 5.346 6.415
4862.0 6.415 7.698
6318.0 7.698 7.292
9564.0 7.292 6.874
14094.0 6.874 5.663
19098.0 5.663 4.022
21219.0 4.022 3.132
17271.0 3.132 2.847
10152.0 2.847 3.234
5340.0 3.234 3.816
4208.0 3.816 4.783
4191.0 4.783 5.74
4857.0 5.74 6.888
6533.0 6.888 6.466
9677.0 6.466 6.109
13929.0 6.109 5.109
18887.0 5.109 3.691
20387.0 3.691 2.856
16586.0 2.856 2.675
10094.0 2.675 3.014
4938.0 3.014 4.182
4227.0 4.182 5.019
4176.0 5.019 6.022
5007.0 6.022 6.021
6959.0 6.021 5.85
9940.0 5.85 5.483
14112.0 5.483 4.564
19040.0 4.564 3.281
20687.0 3.281 2.568
15665.0 2.568 2.5
9216.0 2.5 2.863
4959.0 2.863 3.967
4407.0 3.967 4.76
4263.0 4.76 5.712
4983.0 5.712 6.855
7135.0 6.855 6.27
10579.0 6.27 5.741
14923.0 5.741 4.659
19742.0 4.659 3.3
20379.0 3.3 2.611
15859.0 2.611 2.521
9764.0 2.521 2.86
5507.0 2.86 3.387
4176.0 3.387 4.459
4176.0 4.459 5.351
4685.0 5.351 6.421
5579.0 6.421 6.272
8664.0 6.272 6.056
13102.0 6.056 5.133
18304.0 5.133 3.739
21328.0 3.739 2.855
18058.0 2.855 2.506
10701.0 2.506 2.826
5029.0 2.826 3.428
4176.0 3.428 4.474
4188.0 4.474 5.369
4740.0 5.369 6.443
6428.0 6.443 6.075
9365.0 6.075 5.769
13495.0 5.769 4.832
18427.0 4.832 3.533
20703.0 3.533 2.705
17169.0 2.705 2.47
10275.0 2.47 2.796
4743.0 2.796 3.894
4176.0 3.894 4.673
4176.0 4.673 5.608
4774.0 5.608 6.73
6814.0 6.73 6.241
10288.0 6.241 5.713
14752.0 5.713 4.633
19376.0 4.633 3.316
20743.0 3.316 2.599
15964.0 2.599 2.499
9710.0 2.499 2.835
5531.0 2.835 3.361
4176.0 3.361 4.414
4339.0 4.414 5.296
4621.0 5.296 6.356
5884.0 6.356 6.131
8899.0 6.131 5.895
12868.0 5.895 5.088
17107.0 5.088 3.912
20351.0 3.912 2.899
17997.0 2.899 2.551
10955.0 2.551 2.873
5691.0 2.873 3.396
4278.0 3.396 4.51
4317.0 4.51 5.412
4604.0 5.412 6.494
5636.0 6.494 6.329
8376.0 6.329 5.831
12730.0 5.831 5.021
17506.0 5.021 3.784
20844.0 3.784 2.846
18600.0 2.846 2.436
11768.0 2.436 2.669
5796.0 2.669 3.222
4240.0 3.222 4.392
4236.0 4.392 5.271
4651.0 5.271 6.325
5809.0 6.325 6.12
9214.0 6.12 5.808
13750.0 5.808 4.835
19118.0 4.835 3.436
21909.0 3.436 2.685
18519.0 2.685 2.307
11571.0 2.307 2.553
5659.0 2.553 3.048
4221.0 3.048 4.016
4198.0 4.016 4.82
4537.0 4.82 5.784
6001.0 5.784 5.552
9369.0 5.552 5.265
14094.0 5.265 4.341
18978.0 4.341 3.112
21022.0 3.112 2.424
16950.0 2.424 2.234
10697.0 2.234 2.508
5909.0 2.508 2.966
4285.0 2.966 4.035
4216.0 4.035 4.842
4862.0 4.842 5.811
6434.0 5.811 5.478
10089.0 5.478 5.077
15087.0 5.077 4.055
20203.0 4.055 2.856
20793.0 2.856 2.285
14693.0 2.285 2.313
8893.0 2.313 2.655
4405.0 2.655 3.681
4235.0 3.681 4.74
4431.0 4.74 5.688
5301.0 5.688 5.619
7509.0 5.619 5.642
10746.0 5.642 5.175
15234.0 5.175 4.17
18738.0 4.17 3.139
18648.0 3.139 2.611
14007.0 2.611 2.662
8080.0 2.662 3.052
4609.0 3.052 4.131
4199.0 4.131 5.313
4552.0 5.313 6.376
5665.0 6.376 6.206
9041.0 6.206 5.903
13206.0 5.903 4.998
18468.0 4.998 3.639
21718.0 3.639 2.795
18164.0 2.795 2.441
10534.0 2.441 2.809
4758.0 2.809 3.991
4176.0 3.991 4.789
4397.0 4.789 5.747
4782.0 5.747 6.897
6886.0 6.897 6.376
10294.0 6.376 5.907
14486.0 5.907 4.873
19252.0 4.873 3.508
20044.0 3.508 2.758
15088.0 2.758 2.748
9433.0 2.748 3.175
4533.0 3.175 4.393
4225.0 4.393 5.272
4458.0 5.272 6.326
5532.0 6.326 6.191
8517.0 6.191 5.663
12577.0 5.663 4.861
17554.0 4.861 3.621
20528.0 3.621 2.65
18356.0 2.65 2.295
12002.0 2.295 2.532
6098.0 2.532 3.045
4176.0 3.045 4.021
4297.0 4.021 4.826
4969.0 4.826 5.791
6943.0 5.791 5.341
10153.0 5.341 4.927
14626.0 4.927 4.013
18940.0 4.013 2.956
19404.0 2.956 2.371
15022.0 2.371 2.352
8043.0 2.352 2.771
4429.0 2.771 3.796
4251.0 3.796 4.556
4725.0 4.556 5.467
6219.0 5.467 5.2
9918.0 5.2 4.801
14342.0 4.801 3.948
18755.0 3.948 2.898
19664.0 2.898 2.276
15562.0 2.276 2.214
8515.0 2.214 2.602
4210.0 2.602 3.54
4368.0 3.54 4.248
4628.0 4.248 5.098
6392.0 5.098 4.814
9508.0 4.814 4.51
14104.0 4.51 3.727
18944.0 3.727 2.671
20810.0 2.671 2.081
16736.0 2.081 1.937
9298.0 1.937 2.288
4230.0 2.288 3.123
4309.0 3.123 3.747
5031.0 3.747 3.742
7845.0 3.742 3.704
12257.0 3.704 3.211
17981.0 3.211 2.317
21236.0 2.317 1.747
19352.0 1.747 1.443
11310.0 1.443 1.642
6324.0 1.642 1.961
4176.0 1.961 2.478
4332.0 2.478 2.973
5703.0 2.973 2.89
9276.0 2.89 2.742
14552.0 2.742 2.226
19223.0 2.226 1.612
20225.0 1.612 1.262
14977.0 1.262 1.263
6913.0 1.263 1.576
4373.0 1.576 2.0
4680.0 2.0 2.4
7068.0 2.4 2.201
11712.0 2.201 1.946
16272.0 1.946 1.532
18564.0 1.532 1.194
16424.0 1.194 1.091
9890.0 1.091 1.222
4322.0 1.222 1.691
4302.0 1.691 2.029
4934.0 2.029 2.435
8788.0 2.435 2.066
14173.0 2.066 1.659
20329.0 1.659 1.139
22557.0 1.139 1.0
15321.0 1.0 1.0
8507.0 1.0 1.169
4281.0 1.169 1.605
4875.0 1.605 1.926
7005.0 1.926 1.772
11843.0 1.772 1.54
17870.0 1.54 1.106
22390.0 1.106 1.0
18877.0 1.0 1.0
9916.0 1.0 1.155
4233.0 1.155 1.615
4521.0 1.615 1.938
5506.0 1.938 1.899
9304.0 1.899 1.775
14773.0 1.775 1.427
19597.0 1.427 1.011
19109.0 1.011 1.0
11516.0 1.0 1.122
5122.0 1.122 1.339
4176.0 1.339 1.746
4915.0 1.746 2.095
8849.0 2.095 1.879
14312.0 1.879 1.516
18172.0 1.516 1.147
15880.0 1.147 1.064
8569.0 1.064 1.251
4212.0 1.251 1.721
4807.0 1.721 2.065
6871.0 2.065 1.911
10787.0 1.911 1.72
16256.0 1.72 1.323
20296.0 1.323 1.0
17356.0 1.0 1.0
8227.0 1.0 1.193
4988.0 1.193 1.63
4327.0 1.63 2.038
4411.0 2.038 2.446
7547.0 2.446 2.322
13400.0 2.322 1.895
19344.0 1.895 1.312
22511.0 1.312 1.031
17511.0 1.031 1.0
7977.0 1.0 1.233
4654.0 1.233 1.679
4253.0 1.679 2.015
4765.0 2.015 2.418
7471.0 2.418 2.179
12028.0 2.179 1.906
17104.0 1.906 1.447
19372.0 1.447 1.108
16012.0 1.108 1.05
8089.0 1.05 1.239
4233.0 1.239 1.587
5489.0 1.587 1.556
10973.0 1.556 1.355
17453.0 1.355 1.0
18491.0 1.0 1.0
12890.0 1.0 1.053
6748.0 1.053 1.26
4272.0 1.26 1.683
4505.0 1.683 2.019
5617.0 2.019 1.97
8339.0 1.97 1.916
10849.0 1.916 1.784
13918.0 1.784 1.537
15505.0 1.537 1.31
15058.0 1.31 1.186
11590.0 1.186 1.226
8016.0 1.226 1.37
5490.0 1.37 1.558
4952.0 1.558 2.058
5241.0 2.058 2.038
6943.0 2.038 2.093
9237.0 2.093 2.027
12918.0 2.027 1.758
16578.0 1.758 1.41
16930.0 1.41 1.207
13909.0 1.207 1.189
9745.0 1.189 1.312
5283.0 1.312 1.529
4278.0 1.529 2.019
4533.0 2.019 2.422
7251.0 2.422 2.204
10986.0 2.204 2.006
14442.0 2.006 1.678
17678.0 1.678 1.306
16942.0 1.306 1.142
12151.0 1.142 1.211
7023.0 1.211 1.411
4316.0 1.411 1.793
5555.0 1.793 1.753
8563.0 1.753 1.699
11861.0 1.699 1.513
16352.0 1.513 1.183
18086.0 1.183 1.0
15824.0 1.0 1.0
10522.0 1.0 1.099
4716.0 1.099 1.527
4307.0 1.527 1.832
5539.0 1.832 1.793
8415.0 1.793 1.755
11171.0 1.755 1.602
14540.0 1.602 1.361
16028.0 1.361 1.158
14876.0 1.158 1.073
9545.0 1.073 1.192
5305.0 1.192 1.4
4432.0 1.4 1.827
5119.0 1.827 1.818
8637.0 1.818 1.742
11523.0 1.742 1.57
15540.0 1.57 1.267
17547.0 1.267 1.025
15684.0 1.025 1.0
11302.0 1.0 1.067
6252.0 1.067 1.258
4297.0 1.258 1.658
4534.0 1.658 1.99
6160.0 1.99 1.898
9346.0 1.898 1.815
13633.0 1.815 1.528
16975.0 1.528 1.212
17459.0 1.212 1.02
12839.0 1.02 1.055
7107.0 1.055 1.237
4728.0 1.237 1.658
4358.0 1.658 1.99
5144.0 1.99 1.978
8414.0 1.978 1.915
11132.0 1.915 1.757
14699.0 1.757 1.465
17139.0 1.465 1.192
15630.0 1.192 1.093
10158.0 1.093 1.196
5458.0 1.196 1.41
4361.0 1.41 1.873
4689.0 1.873 2.346
7683.0 2.346 2.094
11664.0 2.094 1.87
14685.0 1.87 1.577
17193.0 1.577 1.271
15093.0 1.271 1.195
9852.0 1.195 1.313
5626.0 1.313 1.552
4403.0 1.552 2.081
4618.0 2.081 2.497
7336.0 2.497 2.264
10714.0 2.264 2.096
13885.0 2.096 1.779
16749.0 1.779 1.436
16577.0 1.436 1.252
12620.0 1.252 1.285
8284.0 1.285 1.444
4716.0 1.444 1.974
4209.0 1.974 2.368
5083.0 2.368 2.36
7525.0 2.36 2.242
11488.0 2.242 2.0
15484.0 2.0 1.63
16988.0 1.63 1.346
14652.0 1.346 1.28
9351.0 1.28 1.438
5647.0 1.438 1.677
4475.0 1.677 2.205
4689.0 2.205 2.762
6603.0 2.762 2.585
10281.0 2.585 2.378
14013.0 2.378 2.016
16101.0 2.016 1.663
16061.0 1.663 1.463
12453.0 1.463 1.494
7308.0 1.494 1.712
4656.0 1.712 2.317
4233.0 2.317 2.923
5824.0 2.923 2.827
9334.0 2.827 2.672
14350.0 2.672 2.182
18705.0 2.182 1.6
19337.0 1.6 1.279
14685.0 1.279 1.28
6879.0 1.28 1.544
4176.0 1.544 1.959
4810.0 1.959 2.351
7610.0 2.351 2.105
11780.0 2.105 1.867
15029.0 1.867 1.549
17677.0 1.549 1.226
15437.0 1.226 1.147
9464.0 1.147 1.297
4810.0 1.297 1.77
4414.0 1.77 2.124
5185.0 2.124 2.108
8151.0 2.108 1.952
12090.0 1.952 1.724
15402.0 1.724 1.401
17394.0 1.401 1.146
15189.0 1.146 1.078
8955.0 1.078 1.223
4281.0 1.223 1.653
4512.0 1.653 1.984
5870.0 1.984 1.915
8862.0 1.915 1.852
13098.0 1.852 1.584
16383.0 1.584 1.276
17395.0 1.276 1.061
13585.0 1.061 1.067
8503.0 1.067 1.207
4195.0 1.207 1.636
4585.0 1.636 1.963
6477.0 1.963 1.847
9463.0 1.847 1.751
13384.0 1.751 1.501
15796.0 1.501 1.249
15793.0 1.249 1.105
12133.0 1.105 1.14
8187.0 1.14 1.277
4709.0 1.277 1.729
4309.0 1.729 2.075
5471.0 2.075 2.036
8835.0 2.036 1.952
13101.0 1.952 1.67
17209.0 1.67 1.305
17133.0 1.305 1.12
13176.0 1.12 1.139
8256.0 1.139 1.31
4263.0 1.31 1.788
4791.0 1.788 2.146
8365.0 2.146 1.975
12433.0 1.975 1.716
15226.0 1.716 1.423
16454.0 1.423 1.196
14018.0 1.196 1.159
10564.0 1.159 1.234
6234.0 1.234 1.414
4681.0 1.414 1.908
4418.0 1.908 2.289
5450.0 2.289 2.248
8402.0 2.248 2.065
12419.0 2.065 1.815
16131.0 1.815 1.459
16919.0 1.459 1.222
14417.0 1.222 1.18
8624.0 1.18 1.35
4802.0 1.35 1.842
4242.0 1.842 2.21
5116.0 2.21 2.2
7972.0 2.2 2.173
12076.0 2.173 1.919
15848.0 1.919 1.556
17472.0 1.556 1.266
14404.0 1.266 1.229
8332.0 1.229 1.396
4414.0 1.396 1.906
4347.0 1.906 2.287
5124.0 2.287 2.276
7818.0 2.276 2.136
11805.0 2.136 1.905
14811.0 1.905 1.597
17315.0 1.597 1.293
15307.0 1.293 1.205
9901.0 1.205 1.327
5625.0 1.327 1.562
4381.0 1.562 2.081
4638.0 2.081 2.497
7186.0 2.497 2.278
10729.0 2.278 2.089
13804.0 2.089 1.773
16780.0 1.773 1.408
16376.0 1.408 1.24
12914.0 1.24 1.253
8698.0 1.253 1.396
4618.0 1.396 1.887
4378.0 1.887 2.265
4942.0 2.265 2.718
7646.0 2.718 2.43
11006.0 2.43 2.229
15078.0 2.229 1.819
17306.0 1.819 1.467
16874.0 1.467 1.279
12707.0 1.279 1.316
8569.0 1.316 1.463
4717.0 1.463 2.01
4211.0 2.01 2.413
6161.0 2.413 2.3
8987.0 2.3 2.217
12587.0 2.217 1.927
16247.0 1.927 1.541
17779.0 1.541 1.252
14583.0 1.252 1.214
8127.0 1.214 1.395
4379.0 1.395 1.906
4592.0 1.906 2.288
7070.0 2.288 2.098
9932.0 2.098 1.968
13646.0 1.968 1.671
16886.0 1.671 1.324
16566.0 1.324 1.16
12132.0 1.16 1.212
7568.0 1.212 1.376
4347.0 1.376 1.827
4594.0 1.827 2.193
6187.0 2.193 2.088
9149.0 2.088 1.983
13058.0 1.983 1.705
16598.0 1.705 1.368
16946.0 1.368 1.171
13367.0 1.171 1.178
8769.0 1.178 1.336
4759.0 1.336 1.831
4375.0 1.831 2.197
5221.0 2.197 2.178
8199.0 2.178 2.122
11766.0 2.122 1.91
14943.0 1.91 1.598
17163.0 1.598 1.295
15335.0 1.295 1.203
10046.0 1.203 1.319
5826.0 1.319 1.54
4547.0 1.54 2.028
4772.0 2.028 2.434
7110.0 2.434 2.228
10977.0 2.228 2.01
14136.0 2.01 1.713
16644.0 1.713 1.394
15904.0 1.394 1.25
11752.0 1.25 1.31
7646.0 1.31 1.486
4490.0 1.486 1.994
4512.0 1.994 2.393
7214.0 2.393 2.181
11075.0 2.181 1.975
14327.0 1.975 1.643
17211.0 1.643 1.32
16219.0 1.32 1.182
11467.0 1.182 1.261
6917.0 1.261 1.47
4176.0 1.47 1.944
5191.0 1.944 1.93
8515.0 1.93 1.856
11519.0 1.856 1.67
15251.0 1.67 1.356
17279.0 1.356 1.106
15062.0 1.106 1.045
10880.0 1.045 1.12
5880.0 1.12 1.319
4240.0 1.319 1.771
4641.0 1.771 2.125
6087.0 2.125 2.033
8973.0 2.033 1.966
13137.0 1.966 1.687
16609.0 1.687 1.34
16821.0 1.34 1.149
13110.0 1.149 1.163
8564.0 1.163 1.3
4368.0 1.3 1.782
4465.0 1.782 2.138
5689.0 2.138 2.079
8877.0 2.079 1.987
13323.0 1.987 1.689
17739.0 1.689 1.266
18151.0 1.266 1.038
14170.0 1.038 1.038
8558.0 1.038 1.207
4213.0 1.207 1.613
4688.0 1.613 1.936
6171.0 1.936 1.845
9539.0 1.845 1.731
13694.0 1.731 1.466
16193.0 1.466 1.2
16385.0 1.2 1.036
12740.0 1.036 1.055
7774.0 1.055 1.195
5566.0 1.195 1.387
4206.0 1.387 1.819
4729.0 1.819 2.183
8209.0 2.183 1.902
12139.0 1.902 1.685
15283.0 1.685 1.387
16895.0 1.387 1.154
14750.0 1.154 1.095
8657.0 1.095 1.239
4176.0 1.239 1.701
4568.0 1.701 2.041
6069.0 2.041 1.954
9299.0 1.954 1.854
13211.0 1.854 1.59
15422.0 1.59 1.344
16112.0 1.344 1.16
13136.0 1.16 1.154
9746.0 1.154 1.238
5858.0 1.238 1.437
4745.0 1.437 1.912
4665.0 1.912 2.395
7337.0 2.395 2.171
11285.0 2.171 1.955
15320.0 1.955 1.578
18452.0 1.578 1.2
16948.0 1.2 1.069
10873.0 1.069 1.169
5397.0 1.169 1.404
4246.0 1.404 1.861
4619.0 1.861 2.233
8057.0 2.233 1.96
11828.0 1.96 1.749
15530.0 1.749 1.414
17634.0 1.414 1.149
15246.0 1.149 1.084
9063.0 1.084 1.233
4311.0 1.233 1.692
4412.0 1.692 2.03
5719.0 2.03 1.972
9073.0 1.972 1.87
13189.0 1.87 1.593
16351.0 1.593 1.286
17067.0 1.286 1.088
13575.0 1.088 1.091
8625.0 1.091 1.234
4297.0 1.234 1.686
4653.0 1.686 2.023
6026.0 2.023 1.94
9182.0 1.94 1.856
13589.0 1.856 1.568
16400.0 1.568 1.266
16944.0 1.266 1.083
12891.0 1.083 1.11
8209.0 1.11 1.251
4219.0 1.251 1.708
4601.0 1.708 2.049
6123.0 2.049 1.957
9387.0 1.957 1.846
13491.0 1.846 1.553
16398.0 1.553 1.249
17070.0 1.249 1.061
12819.0 1.061 1.092
7895.0 1.092 1.265
4220.0 1.265 1.617
5268.0 1.617 1.6
9186.0 1.6 1.513
12486.0 1.513 1.334
15978.0 1.334 1.08
16635.0 1.08 1.0
12240.0 1.0 1.042
7190.0 1.042 1.201
4878.0 1.201 1.642
4245.0 1.642 2.074
5065.0 2.074 2.069
8091.0 2.069 1.918
11265.0 1.918 1.741
15018.0 1.741 1.434
17618.0 1.434 1.15
16070.0 1.15 1.046
10079.0 1.046 1.162
5107.0 1.162 1.382
4261.0 1.382 1.729
5132.0 1.729 1.72
9220.0 1.72 1.621
12752.0 1.621 1.403
17111.0 1.403 1.082
18953.0 1.082 1.0
14684.0 1.0 1.0
8710.0 1.0 1.159
4258.0 1.159 1.59
5455.0 1.59 1.561
8855.0 1.561 1.502
12311.0 1.502 1.32
16685.0 1.32 1.041
17729.0 1.041 1.0
12950.0 1.0 1.035
7732.0 1.035 1.208
4946.0 1.208 1.67
4245.0 1.67 2.118
5320.0 2.118 2.091
7844.0 2.091 1.964
10348.0 1.964 1.829
13153.0 1.829 1.611
14755.0 1.611 1.406
14818.0 1.406 1.267
12244.0 1.267 1.276
9070.0 1.276 1.393
6250.0 1.393 1.565
5210.0 1.565 1.737
5692.0 1.737 1.868
8652.0 1.868 1.811
11536.0 1.811 1.647
15691.0 1.647 1.331
18191.0 1.331 1.052
15872.0 1.052 1.0
11574.0 1.0 1.058
5768.0 1.058 1.268
4223.0 1.268 1.666
4570.0 1.666 1.999
6303.0 1.999 1.895
9023.0 1.895 1.822
12365.0 1.822 1.609
14498.0 1.609 1.392
14873.0 1.392 1.24
12797.0 1.24 1.223
10013.0 1.223 1.301
6955.0 1.301 1.471
5475.0 1.471 1.646
5443.0 1.646 1.796
7441.0 1.796 1.817
10301.0 1.817 1.703
14579.0 1.703 1.398
17423.0 1.398 1.112
17444.0 1.112 1.0
12209.0 1.0 1.061
6739.0 1.061 1.236
4575.0 1.236 1.686
4493.0 1.686 2.023
5699.0 2.023 1.967
8437.0 1.967 1.919
11103.0 1.919 1.757
14358.0 1.757 1.483
16401.0 1.483 1.22
15945.0 1.22 1.085
11814.0 1.085 1.138
7414.0 1.138 1.282
5533.0 1.282 1.447
4401.0 1.447 1.903
4619.0 1.903 2.283
7417.0 2.283 2.179
11272.0 2.179 1.977
14596.0 1.977 1.657
17160.0 1.657 1.339
15924.0 1.339 1.214
10941.0 1.214 1.311
6851.0 1.311 1.539
4253.0 1.539 2.053
5051.0 2.053 2.049
7995.0 2.049 1.907
11005.0 1.907 1.743
15274.0 1.743 1.413
18818.0 1.413 1.069
16330.0 1.069 1.0
8242.0 1.0 1.19
5423.0 1.19 1.389
4281.0 1.389 1.816
4719.0 1.816 2.18
7599.0 2.18 2.072
10181.0 2.072 1.936
13409.0 1.936 1.67
16281.0 1.67 1.373
15957.0 1.373 1.218
11700.0 1.218 1.272
7658.0 1.272 1.44
4874.0 1.44 1.925
4888.0 1.925 2.426
7366.0 2.426 2.197
10951.0 2.197 1.993
14368.0 1.993 1.668
17404.0 1.668 1.313
16548.0 1.313 1.167
11694.0 1.167 1.244
6788.0 1.244 1.465
5039.0 1.465 1.711
4213.0 1.711 2.234
4547.0 2.234 2.68
6727.0 2.68 2.495
10210.0 2.495 2.329
13890.0 2.329 1.966
16518.0 1.966 1.579
16722.0 1.579 1.345
12634.0 1.345 1.383
7399.0 1.383 1.6
4759.0 1.6 2.135
4474.0 2.135 2.562
6558.0 2.562 2.403
9122.0 2.403 2.286
12602.0 2.286 1.986
16558.0 1.986 1.556
18358.0 1.556 1.237
15546.0 1.237 1.167
8841.0 1.167 1.334
4176.0 1.334 1.838
4250.0 1.838 2.205
5618.0 2.205 2.151
8206.0 2.151 2.113
11797.0 2.113 1.884
14587.0 1.884 1.602
16307.0 1.602 1.339
14195.0 1.339 1.285
9218.0 1.285 1.44
5982.0 1.44 1.657
4664.0 1.657 2.185
5783.0 2.185 2.116
8551.0 2.116 2.056
12454.0 2.056 1.807
16266.0 1.807 1.45
17142.0 1.45 1.218
14454.0 1.218 1.181
8436.0 1.181 1.358
4716.0 1.358 1.845
4389.0 1.845 2.214
5355.0 2.214 2.183
8225.0 2.183 2.018
12239.0 2.018 1.762
15893.0 1.762 1.423
18221.0 1.423 1.134
14645.0 1.134 1.111
9915.0 1.111 1.238
5203.0 1.238 1.442
4447.0 1.442 1.911
4650.0 1.911 2.293
7568.0 2.293 2.057
11888.0 2.057 1.819
15362.0 1.819 1.49
18290.0 1.49 1.155
15526.0 1.155 1.092
8620.0 1.092 1.253
4209.0 1.253 1.725
4326.0 1.725 2.069
5728.0 2.069 2.009
8988.0 2.009 1.926
12672.0 1.926 1.679
15561.0 1.679 1.382
16185.0 1.382 1.185
13719.0 1.185 1.157
10047.0 1.157 1.259
6107.0 1.259 1.455
4774.0 1.455 1.926
4934.0 1.926 2.417
7588.0 2.417 2.167
11302.0 2.167 1.948
14728.0 1.948 1.62
17204.0 1.62 1.312
16004.0 1.312 1.185
10289.0 1.185 1.311
5947.0 1.311 1.555
4544.0 1.555 2.061
4245.0 2.061 2.473
6379.0 2.473 2.337
8789.0 2.337 2.253
12224.0 2.253 2.007
15372.0 2.007 1.663
16432.0 1.663 1.407
13836.0 1.407 1.373
9180.0 1.373 1.503
5950.0 1.503 1.739
4708.0 1.739 2.19
5478.0 2.19 2.148
8348.0 2.148 2.086
12008.0 2.086 1.852
15062.0 1.852 1.539
17234.0 1.539 1.253
14678.0 1.253 1.201
8984.0 1.201 1.352
4742.0 1.352 1.83
4219.0 1.83 2.291
5064.0 2.291 2.286
7604.0 2.286 2.284
11468.0 2.284 2.059
15660.0 2.059 1.652
17732.0 1.652 1.327
15760.0 1.327 1.226
10774.0 1.226 1.341
5980.0 1.341 1.577
4387.0 1.577 2.126
4428.0 2.126 2.551
6226.0 2.551 2.426
8676.0 2.426 2.346
11925.0 2.346 2.098
15669.0 2.098 1.691
17201.0 1.691 1.391
15189.0 1.391 1.302
10323.0 1.302 1.425
6335.0 1.425 1.635
4215.0 1.635 2.066
5200.0 2.066 2.05
8028.0 2.05 2.032
10790.0 2.032 1.885
14027.0 1.885 1.604
15931.0 1.604 1.349
14523.0 1.349 1.266
10104.0 1.266 1.365
6584.0 1.365 1.579
4792.0 1.579 2.114
5071.0 2.114 2.108
7747.0 2.108 2.106
10315.0 2.106 1.974
13405.0 1.974 1.717
15697.0 1.717 1.448
14997.0 1.448 1.326
11520.0 1.326 1.385
8106.0 1.385 1.552
5656.0 1.552 1.762
5438.0 1.762 1.919
8534.0 1.919 1.857
11322.0 1.857 1.694
15570.0 1.694 1.36
18222.0 1.36 1.06
16635.0 1.06 1.0
9450.0 1.0 1.137
4234.0 1.137 1.547
4594.0 1.547 1.856
6274.0 1.856 1.762
9018.0 1.762 1.683
11524.0 1.683 1.546
14776.0 1.546 1.302
15769.0 1.302 1.125
13606.0 1.125 1.094
10264.0 1.094 1.163
6492.0 1.163 1.329
5361.0 1.329 1.496
4967.0 1.496 1.956
5620.0 1.956 2.006
7902.0 2.006 2.007
10232.0 2.007 1.892
14150.0 1.892 1.563
17546.0 1.563 1.232
16678.0 1.232 1.087
11557.0 1.087 1.16
6521.0 1.16 1.365
4530.0 1.365 1.859
4373.0 1.859 2.23
5289.0 2.23 2.205
7795.0 2.205 2.075
11590.0 2.075 1.867
14833.0 1.867 1.554
17321.0 1.554 1.244
15313.0 1.244 1.16
9727.0 1.16 1.285
5497.0 1.285 1.494
4301.0 1.494 1.963
4594.0 1.963 2.356
7580.0 2.356 2.238
11102.0 2.238 2.024
13892.0 2.024 1.753
16856.0 1.753 1.412
15976.0 1.412 1.265
11977.0 1.265 1.318
7943.0 1.318 1.485
5035.0 1.485 1.74
4480.0 1.74 2.175
5336.0 2.175 2.146
7902.0 2.146 2.124
11382.0 2.124 1.914
14151.0 1.914 1.642
16155.0 1.642 1.37
14555.0 1.37 1.296
10004.0 1.296 1.413
6296.0 1.413 1.643
4340.0 1.643 2.159
5248.0 2.159 2.137
7838.0 2.137 2.115
10602.0 2.115 1.953
13995.0 1.953 1.668
17019.0 1.668 1.334
16083.0 1.334 1.196
11613.0 1.196 1.271
7065.0 1.271 1.462
4251.0 1.462 1.981
4904.0 1.981 2.377
7884.0 2.377 2.103
11169.0 2.103 1.925
14157.0 1.925 1.644
16345.0 1.644 1.368
14693.0 1.368 1.283
10370.0 1.283 1.375
6610.0 1.375 1.588
4236.0 1.588 2.101
5137.0 2.101 2.089
8267.0 2.089 2.038
11930.0 2.038 1.826
15290.0 1.826 1.504
17198.0 1.504 1.228
14302.0 1.228 1.19
8458.0 1.19 1.355
4588.0 1.355 1.842
4353.0 1.842 2.21
5563.0 2.21 2.161
8253.0 2.161 2.115
12150.0 2.115 1.862
15914.0 1.862 1.506
17002.0 1.506 1.266
13554.0 1.266 1.264
7305.0 1.264 1.494
4194.0 1.494 2.003
4763.0 2.003 2.403
7835.0 2.403 2.254
11486.0 2.254 2.018
15478.0 2.018 1.649
17550.0 1.649 1.32
15370.0 1.32 1.236
10291.0 1.236 1.356
5947.0 1.356 1.558
4254.0 1.558 2.081
4284.0 2.081 2.497
6246.0 2.497 2.373
8972.0 2.373 2.264
12572.0 2.264 1.972
16044.0 1.972 1.589
17220.0 1.589 1.31
14356.0 1.31 1.273
8794.0 1.273 1.436
4764.0 1.436 1.98
4214.0 1.98 2.511
4671.0 2.511 3.013
7351.0 3.013 2.73
10534.0 2.73 2.507
14622.0 2.507 2.056
18100.0 2.056 1.568
17552.0 1.568 1.344
12044.0 1.344 1.431
7290.0 1.431 1.649
4219.0 1.649 2.224
4599.0 2.224 2.669
6663.0 2.669 2.491
10188.0 2.491 2.314
13844.0 2.314 1.959
16212.0 1.959 1.62
16100.0 1.62 1.424
12124.0 1.424 1.479
7009.0 1.479 1.719
4661.0 1.719 2.278
4318.0 2.278 2.734
6478.0 2.734 2.572
10228.0 2.572 2.384
14564.0 2.384 1.961
18017.0 1.961 1.504
17230.0 1.504 1.315
11138.0 1.315 1.437
6274.0 1.437 1.7
4322.0 1.7 2.24
4873.0 2.24 2.688
7409.0 2.688 2.429
10916.0 2.429 2.204
14896.0 2.204 1.804
17460.0 1.804 1.438
17128.0 1.438 1.24
13108.0 1.24 1.264
8636.0 1.264 1.442
4426.0 1.442 1.986
4471.0 1.986 2.383
6799.0 2.383 2.211
9285.0 2.211 2.116
12945.0 2.116 1.83
16969.0 1.83 1.424
17913.0 1.424 1.168
13169.0 1.168 1.204
8531.0 1.204 1.367
4827.0 1.367 1.887
4386.0 1.887 2.265
4950.0 2.265 2.718
7150.0 2.718 2.627
10846.0 2.627 2.383
14618.0 2.383 1.974
17725.0 1.974 1.55
16569.0 1.55 1.382
10401.0 1.382 1.521
6237.0 1.521 1.777
4491.0 1.777 2.243
5618.0 2.243 2.188
8084.0 2.188 2.177
11537.0 2.177 1.958
14510.0 1.958 1.656
16742.0 1.656 1.365
14990.0 1.365 1.276
10538.0 1.276 1.389
6536.0 1.389 1.612
4184.0 1.612 2.123
4894.0 2.123 2.547
7434.0 2.547 2.438
10842.0 2.438 2.217
14538.0 2.217 1.825
16770.0 1.825 1.479
16146.0 1.479 1.31
12366.0 1.31 1.358
8538.0 1.358 1.538
5088.0 1.538 1.779
4216.0 1.779 2.359
4654.0 2.359 2.83
6732.0 2.83 2.634
9876.0 2.634 2.478
13516.0 2.478 2.139
16008.0 2.139 1.753
16339.0 1.753 1.521
12683.0 1.521 1.549
7703.0 1.549 1.784
4693.0 1.784 2.435
4253.0 2.435 3.082
5422.0 3.082 3.03
7332.0 3.03 2.911
10728.0 2.911 2.65
14664.0 2.65 2.166
17797.0 2.166 1.664
17785.0 1.664 1.403
12773.0 1.403 1.469
6644.0 1.469 1.729
4356.0 1.729 2.282
4638.0 2.282 2.738
6894.0 2.738 2.53
10239.0 2.53 2.361
14275.0 2.361 1.974
16847.0 1.974 1.583
16955.0 1.583 1.349
12751.0 1.349 1.385
6988.0 1.385 1.622
4326.0 1.622 2.176
4471.0 2.176 2.611
6955.0 2.611 2.543
10438.0 2.543 2.348
14538.0 2.348 1.94
17637.0 1.94 1.522
16358.0 1.522 1.366
11723.0 1.366 1.443
7843.0 1.443 1.622
4287.0 1.622 2.203
4176.0 2.203 2.643
6082.0 2.643 2.529
8344.0 2.529 2.483
11512.0 2.483 2.257
15040.0 2.257 1.878
16742.0 1.878 1.561
15050.0 1.561 1.457
11162.0 1.457 1.539
7458.0 1.539 1.765
4628.0 1.765 2.421
4232.0 2.421 2.905
5484.0 2.905 2.848
7732.0 2.848 2.842
10933.0 2.842 2.593
14837.0 2.593 2.127
17788.0 2.127 1.664
17337.0 1.664 1.432
12233.0 1.432 1.505
6299.0 1.505 1.766
4237.0 1.766 2.342
4814.0 2.342 2.81
7176.0 2.81 2.566
10341.0 2.566 2.379
14057.0 2.379 1.997
16485.0 1.997 1.627
16369.0 1.627 1.408
12569.0 1.408 1.443
7091.0 1.443 1.687
4283.0 1.687 2.243
4440.0 2.243 2.692
6568.0 2.692 2.523
10174.0 2.523 2.335
13834.0 2.335 1.982
16586.0 1.982 1.611
16510.0 1.611 1.398
12594.0 1.398 1.438
7149.0 1.438 1.666
4285.0 1.666 2.21
4363.0 2.21 2.653
6801.0 2.653 2.461
10185.0 2.461 2.29
13245.0 2.29 1.969
16217.0 1.969 1.585
16697.0 1.585 1.351
13021.0 1.351 1.37
7537.0 1.37 1.563
4279.0 1.563 2.081
4377.0 2.081 2.498
6761.0 2.498 2.322
9237.0 2.322 2.213
12603.0 2.213 1.952
15895.0 1.952 1.588
16899.0 1.588 1.334
13683.0 1.334 1.319
8370.0 1.319 1.484
4636.0 1.484 2.048
4205.0 2.048 2.457
6287.0 2.457 2.331
8737.0 2.331 2.272
12397.0 2.272 1.99
15921.0 1.99 1.609
17257.0 1.609 1.324
14481.0 1.324 1.276
8775.0 1.276 1.439
4945.0 1.439 1.973
4264.0 1.973 2.468
4686.0 2.468 2.961
6828.0 2.961 2.745
10116.0 2.745 2.555
13768.0 2.555 2.152
16642.0 2.152 1.751
16589.0 1.751 1.53
12245.0 1.53 1.593
7355.0 1.593 1.836
4565.0 1.836 2.458
4177.0 2.458 3.087
5957.0 3.087 2.969
8921.0 2.969 2.868
12661.0 2.868 2.502
16075.0 2.502 2.022
16919.0 2.022 1.693
13842.0 1.693 1.669
9798.0 1.669 1.831
6648.0 1.831 2.124
4478.0 2.124 2.831
5072.0 2.831 2.823
7086.0 2.823 2.731
10122.0 2.731 2.559
13710.0 2.559 2.174
16609.0 2.174 1.766
16079.0 1.766 1.569
12071.0 1.569 1.629
7172.0 1.629 1.889
4614.0 1.889 2.517
4696.0 2.517 3.02
7308.0 3.02 2.742
10092.0 2.742 2.565
13896.0 2.565 2.165
17087.0 2.165 1.727
16566.0 1.727 1.517
12206.0 1.517 1.589
6845.0 1.589 1.869
4236.0 1.869 2.483
4273.0 2.483 2.98
6037.0 2.98 2.856
9208.0 2.856 2.738
12836.0 2.738 2.39
15387.0 2.39 2.008
15609.0 2.008 1.776
12977.0 1.776 1.764
9296.0 1.764 1.936
6860.0 1.936 2.185
5272.0 2.185 2.496
4764.0 2.496 3.268
6226.0 3.268 3.108
9307.0 3.108 2.966
12799.0 2.966 2.587
16535.0 2.587 2.048
17525.0 2.048 1.689
13952.0 1.689 1.68
9284.0 1.68 1.87
6114.0 1.87 2.182
4351.0 2.182 2.87
5241.0 2.87 2.843
7587.0 2.843 2.698
10770.0 2.698 2.481
14290.0 2.481 2.1
17089.0 2.1 1.684
16126.0 1.684 1.509
11178.0 1.509 1.622
7540.0 1.622 1.824
4766.0 1.824 2.451
4681.0 2.451 2.941
6943.0 2.941 2.712
10171.0 2.712 2.518
13843.0 2.518 2.131
16640.0 2.131 1.737
15893.0 1.737 1.56
11893.0 1.56 1.626
6988.0 1.626 1.898
4244.0 1.898 2.516
4358.0 2.516 3.146
6212.0 3.146 2.994
9332.0 2.994 2.851
12916.0 2.851 2.477
16245.0 2.477 1.997
17255.0 1.997 1.668
13829.0 1.668 1.656
9308.0 1.656 1.841
6248.0 1.841 2.114
4276.0 2.114 2.818
5207.0 2.818 2.795
7361.0 2.795 2.677
10643.0 2.677 2.449
14315.0 2.449 2.05
16978.0 2.05 1.653
16118.0 1.653 1.481
10962.0 1.481 1.609
7198.0 1.609 1.855
4424.0 1.855 2.472
4211.0 2.472 2.966
5439.0 2.966 2.914
7555.0 2.914 2.775
10954.0 2.775 2.525
14738.0 2.525 2.076
18089.0 2.076 1.595
17652.0 1.595 1.364
12088.0 1.364 1.455
7764.0 1.455 1.653
4194.0 1.653 2.245
4416.0 2.245 2.694
5206.0 2.694 2.672
7504.0 2.672 2.678
10789.0 2.678 2.452
14721.0 2.452 2.031
17908.0 2.031 1.582
16349.0 1.582 1.431
10869.0 1.431 1.569
7209.0 1.569 1.787
4226.0 1.787 2.42
4384.0 2.42 3.037
5972.0 3.037 2.919
8801.0 2.919 2.805
12513.0 2.805 2.455
16274.0 2.455 1.955
17890.0 1.955 1.573
14681.0 1.573 1.528
9998.0 1.528 1.689
6252.0 1.689 1.97
4273.0 1.97 2.605
4405.0 2.605 3.127
5985.0 3.127 3.003
8799.0 3.003 2.895
12839.0 2.895 2.483
16813.0 2.483 1.925
18619.0 1.925 1.507
15332.0 1.507 1.445
10025.0 1.445 1.598
5723.0 1.598 1.896
4242.0 1.896 2.384
4911.0 2.384 2.86
7399.0 2.86 2.748
10048.0 2.748 2.596
13296.0 2.596 2.243
15926.0 2.243 1.855
15581.0 1.855 1.655
12317.0 1.655 1.687
7928.0 1.687 1.906
5644.0 1.906 2.192
4678.0 2.192 2.869
6462.0 2.869 2.701
9390.0 2.701 2.586
13178.0 2.586 2.23
15995.0 2.23 1.831
15955.0 1.831 1.612
12703.0 1.612 1.636
8158.0 1.636 1.851
5646.0 1.851 2.131
4500.0 2.131 2.808
6398.0 2.808 2.651
9554.0 2.651 2.506
12596.0 2.506 2.204
15912.0 2.204 1.801
17159.0 1.801 1.501
14439.0 1.501 1.449
9654.0 1.449 1.599
6060.0 1.599 1.852
4176.0 1.852 2.461
4493.0 2.461 2.953
6785.0 2.953 2.892
9545.0 2.892 2.749
12981.0 2.749 2.381
16185.0 2.381 1.924
17014.0 1.924 1.622
14406.0 1.622 1.563
9870.0 1.563 1.708
6456.0 1.708 1.952
4294.0 1.952 2.587
4539.0 2.587 3.105
6325.0 3.105 2.94
9166.0 2.94 2.826
12794.0 2.826 2.451
16245.0 2.451 1.966
17243.0 1.966 1.639
13991.0 1.639 1.613
9530.0 1.613 1.789
6112.0 1.789 2.088
4314.0 2.088 2.755
5171.0 2.755 2.736
7187.0 2.736 2.785
10610.0 2.785 2.552
14018.0 2.552 2.163
16956.0 2.163 1.741
16662.0 1.741 1.518
12286.0 1.518 1.572
6757.0 1.572 1.851
4203.0 1.851 2.441
4342.0 2.441 2.929
6158.0 2.929 2.794
9353.0 2.794 2.669
13725.0 2.669 2.245
17309.0 2.245 1.752
17898.0 1.752 1.453
14490.0 1.453 1.432
8646.0 1.432 1.638
4742.0 1.638 2.269
4337.0 2.269 2.894
5795.0 2.894 2.802
7685.0 2.802 2.663
10652.0 2.663 2.456
14344.0 2.456 2.05
16973.0 2.05 1.651
16113.0 1.651 1.48
11025.0 1.48 1.596
7591.0 1.596 1.782
4815.0 1.782 2.397
4690.0 2.397 2.876
6714.0 2.876 2.825
10083.0 2.825 2.621
13999.0 2.621 2.195
17209.0 2.195 1.729
17289.0 1.729 1.473
13289.0 1.473 1.502
7514.0 1.502 1.735
4248.0 1.735 2.361
4254.0 2.361 2.833
5416.0 2.833 2.786
7770.0 2.786 2.628
10518.0 2.628 2.451
13874.0 2.451 2.104
16043.0 2.104 1.762
15523.0 1.762 1.589
11631.0 1.589 1.666
7524.0 1.666 1.886
4944.0 1.886 2.553
4556.0 2.553 3.064
6928.0 3.064 2.828
9577.0 2.828 2.696
12749.0 2.696 2.365
15480.0 2.365 1.98
15932.0 1.98 1.728
13152.0 1.728 1.716
9741.0 1.716 1.854
7117.0 1.854 2.081
5315.0 2.081 2.357
4841.0 2.357 2.954
6915.0 2.954 2.728
9846.0 2.728 2.582
13166.0 2.582 2.245
16467.0 2.245 1.816
16468.0 1.816 1.578
12980.0 1.578 1.591
8255.0 1.591 1.793
5277.0 1.793 2.084
4287.0 2.084 2.61
6511.0 2.61 2.453
9739.0 2.453 2.315
12511.0 2.315 2.05
15559.0 2.05 1.694
16131.0 1.694 1.472
13239.0 1.472 1.46
8454.0 1.46 1.643
5534.0 1.643 1.887
4746.0 1.887 2.476
7302.0 2.476 2.248
10341.0 2.248 2.109
13014.0 2.109 1.858
15562.0 1.858 1.57
15270.0 1.57 1.414
12402.0 1.414 1.435
7842.0 1.435 1.639
5306.0 1.639 1.874
4824.0 1.874 2.446
6810.0 2.446 2.397
9142.0 2.397 2.319
12598.0 2.319 2.036
16426.0 2.036 1.607
17802.0 1.607 1.308
15090.0 1.308 1.245
8991.0 1.245 1.427
4741.0 1.427 1.941
4235.0 1.941 2.329
4586.0 2.329 2.795
6740.0 2.795 2.6
9683.0 2.6 2.469
12620.0 2.469 2.188
15480.0 2.188 1.821
16755.0 1.821 1.536
13827.0 1.536 1.506
9261.0 1.506 1.669
5855.0 1.669 1.941
4489.0 1.941 2.443
