5268.0 1.0 1.0
5268.0 1.0 1.189
5268.0 1.189 1.301
4368.0 1.301 1.697
4248.0 1.697 2.036
4217.0 2.036 2.444
4597.0 2.444 2.932
4176.0 2.932 3.519
4587.0 3.519 4.223
4203.0 4.223 5.067
4555.0 5.067 6.081
5770.0 6.081 5.893
8233.0 5.893 5.812
11227.0 5.812 5.327
15227.0 5.327 4.347
18529.0 4.347 3.312
18335.0 3.312 2.769
13811.0 2.769 2.81
8300.0 2.81 3.212
5078.0 3.212 3.734
4332.0 3.734 4.872
4392.0 4.872 5.846
4986.0 5.846 7.016
6430.0 7.016 6.614
10210.0 6.614 6.099
14442.0 6.099 5.033
19535.0 5.033 3.566
21323.0 3.566 2.82
16365.0 2.82 2.666
9483.0 2.666 3.085
5271.0 3.085 3.659
4376.0 3.659 4.803
4281.0 4.803 5.763
4397.0 5.763 6.916
5257.0 6.916 6.845
8056.0 6.845 6.745
12018.0 6.745 5.935
16718.0 5.935 4.549
20474.0 4.549 3.317
19286.0 3.317 2.748
13442.0 2.748 2.896
6808.0 2.896 3.483
4379.0 3.483 4.649
4325.0 4.649 5.578
4535.0 5.578 6.694
5369.0 6.694 6.595
7711.0 6.595 6.575
11855.0 6.575 5.807
16991.0 5.807 4.403
20543.0 4.403 3.247
19437.0 3.247 2.67
13489.0 2.67 2.81
6914.0 2.81 3.35
4344.0 3.35 4.459
4176.0 4.459 5.35
4723.0 5.35 6.42
5617.0 6.42 6.262
8282.0 6.262 6.148
12531.0 6.148 5.318
17439.0 5.318 3.992
20719.0 3.992 2.975
18711.0 2.975 2.533
12362.0 2.533 2.744
7006.0 2.744 3.231
4176.0 3.231 4.309
4196.0 4.309 5.171
4507.0 5.171 6.205
5404.0 6.205 6.104
7856.0 6.104 6.048
11906.0 6.048 5.326
16730.0 5.326 4.042
20788.0 4.042 2.933
19880.0 2.933 2.36
14336.0 2.36 2.42
6941.0 2.42 2.893
4176.0 2.893 3.906
4188.0 3.906 4.915
4354.0 4.915 5.898
4912.0 5.898 7.078
6660.0 7.078 6.608
9666.0 6.608 6.24
13722.0 6.24 5.244
18495.0 5.244 3.837
20415.0 3.837 2.96
16465.0 2.96 2.787
10183.0 2.787 3.126
5199.0 3.126 3.727
4223.0 3.727 4.939
4301.0 4.939 5.926
4565.0 5.926 7.112
5921.0 7.112 6.85
8554.0 6.85 6.666
12187.0 6.666 5.86
17073.0 5.86 4.423
20613.0 4.423 3.248
19018.0 3.248 2.726
12910.0 2.726 2.896
6487.0 2.896 3.433
4176.0 3.433 4.558
4353.0 4.558 5.469
4722.0 5.469 6.563
6358.0 6.563 6.207
9499.0 6.207 5.869
13580.0 5.869 4.941
18426.0 4.941 3.593
20711.0 3.593 2.754
17696.0 2.754 2.457
11222.0 2.457 2.717
5450.0 2.717 3.238
4236.0 3.238 4.245
4228.0 4.245 5.094
4641.0 5.094 6.113
6135.0 6.113 5.836
9478.0 5.836 5.507
14049.0 5.507 4.563
19383.0 4.563 3.236
21282.0 3.236 2.543
16608.0 2.543 2.38
8946.0 2.38 2.76
4596.0 2.76 3.806
4176.0 3.806 4.568
4523.0 4.568 5.481
4940.0 5.481 6.577
6672.0 6.577 6.138
10392.0 6.138 5.62
14924.0 5.62 4.525
19382.0 4.525 3.223
20612.0 3.223 2.539
15856.0 2.539 2.452
9469.0 2.452 2.789
4846.0 2.789 3.889
4229.0 3.889 4.89
4228.0 4.89 5.868
4677.0 5.868 7.041
6229.0 7.041 6.695
9535.0 6.695 6.314
13895.0 6.314 5.271
19180.0 5.271 3.758
21292.0 3.758 2.911
16966.0 2.911 2.682
10978.0 2.682 2.965
5606.0 2.965 3.541
4236.0 3.541 4.827
4176.0 4.827 5.792
4614.0 5.792 6.95
5754.0 6.95 6.741
8583.0 6.741 6.549
12076.0 6.549 5.817
16658.0 5.817 4.504
20234.0 4.504 3.301
18593.0 3.301 2.826
12569.0 2.826 3.023
6276.0 3.023 3.622
4176.0 3.622 4.805
4222.0 4.805 5.766
4770.0 5.766 6.919
6134.0 6.919 6.606
9566.0 6.606 6.175
14042.0 6.175 5.113
18902.0 5.113 3.67
20834.0 3.67 2.836
16556.0 2.836 2.66
10028.0 2.66 3.008
4716.0 3.008 4.198
4176.0 4.198 5.037
4388.0 5.037 6.045
5069.0 6.045 6.028
7209.0 6.028 5.801
11655.0 5.801 5.037
16947.0 5.037 3.739
21432.0 3.739 2.781
19674.0 2.781 2.261
13283.0 2.261 2.404
6991.0 2.404 2.938
4176.0 2.938 3.932
4499.0 3.932 4.718
4439.0 4.718 5.662
5621.0 5.662 5.521
8389.0 5.521 5.385
12733.0 5.385 4.641
17941.0 4.641 3.424
20909.0 3.424 2.588
18194.0 2.588 2.257
11714.0 2.257 2.485
5314.0 2.485 3.01
4281.0 3.01 4.058
4302.0 4.058 4.87
5077.0 4.87 4.855
6847.0 4.855 4.742
10723.0 4.742 4.27
16232.0 4.27 3.272
20690.0 3.272 2.352
19721.0 2.352 1.908
13541.0 1.908 2.014
6161.0 2.014 2.432
4227.0 2.432 3.232
4489.0 3.232 3.879
5227.0 3.879 3.844
7768.0 3.844 3.619
11580.0 3.619 3.228
15618.0 3.228 2.59
19242.0 2.59 1.913
18576.0 1.913 1.601
13044.0 1.601 1.679
6954.0 1.679 1.962
4268.0 1.962 2.609
4275.0 2.609 3.264
5031.0 3.264 3.26
6995.0 3.26 3.164
11066.0 3.164 2.812
16616.0 2.812 2.112
20936.0 2.112 1.525
19370.0 1.525 1.259
12670.0 1.259 1.354
7058.0 1.354 1.578
4176.0 1.578 2.005
4453.0 2.005 2.406
6613.0 2.406 2.372
10009.0 2.372 2.19
14365.0 2.19 1.802
19009.0 1.802 1.298
19845.0 1.298 1.024
12961.0 1.024 1.103
6459.0 1.103 1.306
4212.0 1.306 1.734
4334.0 1.734 2.172
4945.0 2.172 2.606
8171.0 2.606 2.419
12140.0 2.419 2.121
17240.0 2.121 1.559
20761.0 1.559 1.154
17993.0 1.154 1.016
10313.0 1.016 1.174
4204.0 1.174 1.619
4383.0 1.619 1.943
4961.0 1.943 2.331
8445.0 2.331 2.134
13116.0 2.134 1.799
17860.0 1.799 1.349
19904.0 1.349 1.027
15192.0 1.027 1.016
8992.0 1.016 1.171
4316.0 1.171 1.51
4833.0 1.51 1.812
6379.0 1.812 1.712
10411.0 1.712 1.57
15937.0 1.57 1.228
19372.0 1.228 1.0
18721.0 1.0 1.0
10936.0 1.0 1.123
4458.0 1.123 1.572
4343.0 1.572 1.887
4927.0 1.887 2.264
8237.0 2.264 1.971
13343.0 1.971 1.652
18967.0 1.652 1.181
20863.0 1.181 1.0
16963.0 1.0 1.0
7330.0 1.0 1.22
4343.0 1.22 1.64
4245.0 1.64 2.053
4724.0 2.053 2.463
7918.0 2.463 2.312
13003.0 2.312 1.936
18547.0 1.936 1.376
21680.0 1.376 1.042
17116.0 1.042 1.0
7906.0 1.0 1.198
4583.0 1.198 1.669
4340.0 1.669 2.144
4610.0 2.144 2.573
7230.0 2.573 2.476
11913.0 2.476 2.168
17333.0 2.168 1.626
20617.0 1.626 1.197
18485.0 1.197 1.03
11504.0 1.03 1.145
4674.0 1.145 1.64
4346.0 1.64 1.968
4528.0 1.968 2.362
6866.0 2.362 2.186
10130.0 2.186 2.024
14330.0 2.024 1.658
18130.0 1.658 1.262
18330.0 1.262 1.05
13377.0 1.05 1.083
7869.0 1.083 1.273
4237.0 1.273 1.724
4967.0 1.724 2.069
9451.0 2.069 1.828
15601.0 1.828 1.397
21313.0 1.397 1.0
20805.0 1.0 1.0
13188.0 1.0 1.072
6290.0 1.072 1.301
4176.0 1.301 1.726
4251.0 1.726 2.071
5082.0 2.071 2.064
8600.0 2.064 1.986
14636.0 1.986 1.556
20896.0 1.556 1.089
21864.0 1.089 1.0
16146.0 1.0 1.0
9752.0 1.0 1.151
4176.0 1.151 1.607
4582.0 1.607 1.929
6047.0 1.929 1.848
9721.0 1.848 1.716
15076.0 1.716 1.373
19908.0 1.373 1.0
18396.0 1.0 1.0
10275.0 1.0 1.157
4258.0 1.157 1.626
4331.0 1.626 1.951
5183.0 1.951 1.936
9291.0 1.936 1.805
15189.0 1.805 1.404
18221.0 1.404 1.08
14729.0 1.08 1.054
9171.0 1.054 1.189
4220.0 1.189 1.647
4319.0 1.647 1.976
6077.0 1.976 1.891
10211.0 1.891 1.725
15962.0 1.725 1.322
20234.0 1.322 1.0
17446.0 1.0 1.0
8485.0 1.0 1.186
4311.0 1.186 1.524
4976.0 1.524 1.828
7328.0 1.828 1.658
12536.0 1.658 1.397
19178.0 1.397 1.0
22382.0 1.0 1.0
17369.0 1.0 1.0
7484.0 1.0 1.22
4245.0 1.22 1.693
4357.0 1.693 2.032
5079.0 2.032 2.026
8105.0 2.026 1.877
11945.0 1.877 1.638
16418.0 1.638 1.273
19562.0 1.273 1.0
16796.0 1.0 1.0
11326.0 1.0 1.1
5184.0 1.1 1.305
4192.0 1.305 1.634
5037.0 1.634 1.632
7343.0 1.632 1.561
12865.0 1.561 1.302
18385.0 1.302 1.0
18163.0 1.0 1.0
10966.0 1.0 1.126
4992.0 1.126 1.561
4250.0 1.561 1.953
4810.0 1.953 2.344
7668.0 2.344 2.094
10968.0 2.094 1.915
13650.0 1.915 1.67
15490.0 1.67 1.424
14162.0 1.424 1.343
10400.0 1.343 1.423
7308.0 1.423 1.591
5434.0 1.591 1.782
5482.0 1.782 1.844
7422.0 1.844 1.866
10104.0 1.866 1.764
13998.0 1.764 1.484
16770.0 1.484 1.188
17082.0 1.188 1.01
12969.0 1.01 1.033
7997.0 1.033 1.189
5361.0 1.189 1.392
4283.0 1.392 1.818
4830.0 1.818 2.182
7716.0 2.182 1.945
10808.0 1.945 1.775
14828.0 1.775 1.464
18056.0 1.464 1.125
16232.0 1.125 1.03
9251.0 1.03 1.183
4244.0 1.183 1.634
4757.0 1.634 1.961
6391.0 1.961 1.852
9283.0 1.852 1.764
13741.0 1.764 1.478
16927.0 1.478 1.161
18088.0 1.161 1.0
13825.0 1.0 1.008
8355.0 1.008 1.152
5521.0 1.152 1.355
4457.0 1.355 1.815
4737.0 1.815 2.178
7695.0 2.178 2.068
10355.0 2.068 1.925
13391.0 1.925 1.676
15995.0 1.676 1.385
15151.0 1.385 1.263
11296.0 1.263 1.324
7492.0 1.324 1.509
4640.0 1.509 2.047
4585.0 2.047 2.456
7083.0 2.456 2.375
10626.0 2.375 2.184
13818.0 2.184 1.863
16746.0 1.863 1.49
16926.0 1.49 1.28
13944.0 1.28 1.261
7920.0 1.261 1.438
4354.0 1.438 1.931
4343.0 1.931 2.317
5428.0 2.317 2.277
8132.0 2.277 2.231
11954.0 2.231 1.976
16294.0 1.976 1.567
17842.0 1.567 1.266
15090.0 1.266 1.211
9108.0 1.211 1.378
4484.0 1.378 1.877
4226.0 1.877 2.253
4683.0 2.253 2.704
7265.0 2.704 2.459
10577.0 2.459 2.257
14473.0 2.257 1.891
16809.0 1.891 1.537
15905.0 1.537 1.376
12695.0 1.376 1.397
7214.0 1.397 1.635
4360.0 1.635 2.169
4419.0 2.169 2.603
6627.0 2.603 2.434
10332.0 2.434 2.234
13359.0 2.234 1.945
16383.0 1.945 1.579
16735.0 1.579 1.353
12971.0 1.353 1.372
7508.0 1.372 1.576
4516.0 1.576 2.132
4477.0 2.132 2.558
6967.0 2.558 2.357
10585.0 2.357 2.153
13693.0 2.153 1.847
16397.0 1.847 1.497
16249.0 1.497 1.31
13435.0 1.31 1.299
7693.0 1.299 1.507
4267.0 1.507 2.043
4455.0 2.043 2.452
7191.0 2.452 2.237
11052.0 2.237 2.007
14088.0 2.007 1.699
16828.0 1.699 1.381
16008.0 1.381 1.237
11427.0 1.237 1.314
7259.0 1.314 1.491
4485.0 1.491 1.978
4911.0 1.978 2.374
7627.0 2.374 2.124
11650.0 2.124 1.892
14335.0 1.892 1.594
16803.0 1.594 1.298
14931.0 1.298 1.222
9681.0 1.222 1.343
5679.0 1.343 1.571
4595.0 1.571 2.066
4547.0 2.066 2.48
6619.0 2.48 2.319
9719.0 2.319 2.185
14249.0 2.185 1.799
18529.0 1.799 1.325
19573.0 1.325 1.04
13397.0 1.04 1.096
6983.0 1.096 1.336
4233.0 1.336 1.844
4287.0 1.844 2.325
4552.0 2.325 2.79
6946.0 2.79 2.573
10549.0 2.573 2.355
14805.0 2.355 1.926
17371.0 1.926 1.539
16539.0 1.539 1.356
11295.0 1.356 1.454
7073.0 1.454 1.685
4176.0 1.685 2.236
4620.0 2.236 2.683
7146.0 2.683 2.453
10470.0 2.453 2.263
14338.0 2.263 1.905
17298.0 1.905 1.515
17202.0 1.515 1.299
11946.0 1.299 1.387
7842.0 1.387 1.591
4396.0 1.591 2.16
4294.0 2.16 2.592
6216.0 2.592 2.466
8686.0 2.466 2.407
12103.0 2.407 2.152
15623.0 2.152 1.748
17479.0 1.748 1.409
15619.0 1.409 1.303
10987.0 1.303 1.396
6673.0 1.396 1.608
4340.0 1.608 2.122
4715.0 2.122 2.546
7421.0 2.546 2.299
10991.0 2.299 2.105
13664.0 2.105 1.833
15840.0 1.833 1.53
15216.0 1.53 1.387
12177.0 1.387 1.419
7185.0 1.419 1.611
4775.0 1.611 2.183
4405.0 2.183 2.619
6577.0 2.619 2.454
10342.0 2.454 2.246
14634.0 2.246 1.849
17402.0 1.849 1.457
17274.0 1.457 1.246
13404.0 1.246 1.266
9258.0 1.266 1.391
4982.0 1.391 1.925
4373.0 1.925 2.31
4857.0 2.31 2.772
7455.0 2.772 2.5
10830.0 2.5 2.287
14702.0 2.287 1.894
16898.0 1.894 1.537
15942.0 1.537 1.38
12306.0 1.38 1.42
6876.0 1.42 1.65
4474.0 1.65 2.222
4479.0 2.222 2.667
7041.0 2.667 2.449
10560.0 2.449 2.246
14488.0 2.246 1.861
16832.0 1.861 1.504
16648.0 1.504 1.312
12733.0 1.312 1.34
8843.0 1.34 1.494
5311.0 1.494 1.725
4201.0 1.725 2.292
4320.0 2.292 2.867
6776.0 2.867 2.664
10118.0 2.664 2.467
13898.0 2.467 2.08
17027.0 2.08 1.669
16546.0 1.669 1.467
12014.0 1.467 1.529
6335.0 1.529 1.814
4176.0 1.814 2.405
4762.0 2.405 2.886
7230.0 2.886 2.629
10293.0 2.629 2.438
14073.0 2.438 2.066
16908.0 2.066 1.652
16539.0 1.652 1.459
11379.0 1.459 1.562
7531.0 1.562 1.763
4529.0 1.763 2.41
4394.0 2.41 3.015
5868.0 3.015 2.91
8970.0 2.91 2.786
12566.0 2.786 2.448
16306.0 2.448 1.963
17111.0 1.963 1.638
14851.0 1.638 1.558
10720.0 1.558 1.669
7018.0 1.669 1.932
4370.0 1.932 2.628
4384.0 2.628 3.153
5516.0 3.153 3.088
8483.0 3.088 2.998
11991.0 2.998 2.687
15793.0 2.687 2.16
17431.0 2.16 1.775
14765.0 1.775 1.703
9421.0 1.703 1.915
6221.0 1.915 2.243
4188.0 2.243 2.97
4732.0 2.97 3.564
6688.0 3.564 3.323
9490.0 3.323 3.17
12846.0 3.17 2.761
16153.0 2.761 2.209
17701.0 2.209 1.795
15045.0 1.795 1.711
9661.0 1.711 1.936
6257.0 1.936 2.27
4253.0 2.27 3.05
4843.0 3.05 3.66
6613.0 3.66 3.424
9349.0 3.424 3.252
12417.0 3.252 2.881
15644.0 2.881 2.345
17372.0 2.345 1.923
15406.0 1.923 1.792
10518.0 1.792 1.94
5949.0 1.94 2.297
4264.0 2.297 3.085
5056.0 3.085 3.078
6888.0 3.078 3.001
9828.0 3.001 2.83
13524.0 2.83 2.409
16659.0 2.409 1.927
16932.0 1.927 1.641
14184.0 1.641 1.592
9825.0 1.592 1.762
6439.0 1.762 2.044
4243.0 2.044 2.716
5279.0 2.716 2.685
7375.0 2.685 2.572
10960.0 2.572 2.336
14624.0 2.336 1.934
17124.0 1.934 1.568
16204.0 1.568 1.404
11124.0 1.404 1.508
7494.0 1.508 1.692
4524.0 1.692 2.287
4485.0 2.287 2.86
6339.0 2.86 2.707
9744.0 2.707 2.534
13388.0 2.534 2.166
16626.0 2.166 1.741
16194.0 1.741 1.533
12158.0 1.533 1.589
7130.0 1.589 1.829
4730.0 1.829 2.437
4896.0 2.437 2.924
7624.0 2.924 2.617
10633.0 2.617 2.416
14441.0 2.416 2.028
17541.0 2.028 1.6
16293.0 1.6 1.441
10549.0 1.441 1.591
6807.0 1.591 1.808
4486.0 1.808 2.388
4570.0 2.388 2.866
6484.0 2.866 2.695
9988.0 2.695 2.503
13916.0 2.503 2.12
16954.0 2.12 1.692
16685.0 1.692 1.475
12177.0 1.475 1.539
6672.0 1.539 1.813
4286.0 1.813 2.441
4329.0 2.441 2.93
6565.0 2.93 2.746
10012.0 2.746 2.551
13668.0 2.551 2.169
16932.0 2.169 1.725
16950.0 1.725 1.485
12898.0 1.485 1.516
7258.0 1.516 1.77
4346.0 1.77 2.381
4321.0 2.381 2.857
6129.0 2.857 2.728
9606.0 2.728 2.561
13938.0 2.561 2.121
17860.0 2.121 1.614
18194.0 1.614 1.34
13474.0 1.34 1.372
6907.0 1.372 1.614
4338.0 1.614 2.137
4476.0 2.137 2.564
6986.0 2.564 2.361
10460.0 2.361 2.161
13754.0 2.161 1.837
16430.0 1.837 1.501
16430.0 1.501 1.304
13154.0 1.304 1.309
7418.0 1.309 1.522
4256.0 1.522 2.048
4478.0 2.048 2.458
7234.0 2.458 2.238
10870.0 2.238 2.032
14164.0 2.032 1.71
16776.0 1.71 1.376
16336.0 1.376 1.22
12028.0 1.22 1.282
7840.0 1.282 1.479
4353.0 1.479 2.02
4341.0 2.02 2.424
6983.0 2.424 2.232
10895.0 2.232 2.018
13823.0 2.018 1.747
15979.0 1.747 1.461
15199.0 1.461 1.336
11632.0 1.336 1.387
8062.0 1.387 1.542
5292.0 1.542 1.765
4771.0 1.765 2.316
4858.0 2.316 2.779
7138.0 2.779 2.541
10702.0 2.541 2.321
15130.0 2.321 1.882
18350.0 1.882 1.451
16322.0 1.451 1.326
11714.0 1.326 1.403
7124.0 1.403 1.612
4181.0 1.612 2.135
4489.0 2.135 2.562
7075.0 2.562 2.349
10708.0 2.349 2.148
14200.0 2.148 1.809
17288.0 1.809 1.437
16832.0 1.437 1.251
13313.0 1.251 1.262
8881.0 1.262 1.423
4649.0 1.423 1.962
4237.0 1.962 2.354
4804.0 2.354 2.825
7456.0 2.825 2.548
11002.0 2.548 2.314
14710.0 2.314 1.925
17455.0 1.925 1.539
16539.0 1.539 1.359
11043.0 1.359 1.475
7013.0 1.475 1.681
4257.0 1.681 2.259
4525.0 2.259 2.711
6539.0 2.711 2.544
10211.0 2.544 2.35
14235.0 2.35 1.955
16995.0 1.955 1.561
16927.0 1.561 1.339
12839.0 1.339 1.372
6680.0 1.372 1.607
4298.0 1.607 2.12
4700.0 2.12 2.544
7398.0 2.544 2.437
11295.0 2.437 2.197
15155.0 2.197 1.807
17419.0 1.807 1.444
16607.0 1.444 1.28
12413.0 1.28 1.328
8035.0 1.328 1.496
4549.0 1.496 2.059
4574.0 2.059 2.471
6448.0 2.471 2.327
8934.0 2.327 2.243
12411.0 2.243 1.99
15911.0 1.99 1.614
16907.0 1.614 1.351
14035.0 1.351 1.317
8545.0 1.317 1.509
4873.0 1.509 2.075
4214.0 2.075 2.62
5771.0 2.62 2.54
8313.0 2.54 2.48
11691.0 2.48 2.218
15623.0 2.218 1.789
17415.0 1.789 1.449
15327.0 1.449 1.36
10602.0 1.36 1.473
6496.0 1.473 1.706
4298.0 1.706 2.274
4911.0 2.274 2.729
7227.0 2.729 2.486
11046.0 2.486 2.255
15766.0 2.255 1.774
18960.0 1.774 1.337
17388.0 1.337 1.172
11790.0 1.172 1.269
6620.0 1.269 1.483
4583.0 1.483 2.018
4609.0 2.018 2.555
5813.0 2.555 2.472
8105.0 2.472 2.451
11546.0 2.451 2.205
15566.0 2.205 1.788
18083.0 1.788 1.418
15903.0 1.418 1.309
10800.0 1.309 1.42
6798.0 1.42 1.636
4219.0 1.636 2.075
5188.0 2.075 2.059
7880.0 2.059 2.038
10344.0 2.038 1.923
13116.0 1.923 1.698
14721.0 1.698 1.463
15000.0 1.463 1.309
12888.0 1.309 1.288
10060.0 1.288 1.363
6938.0 1.363 1.537
5130.0 1.537 1.723
5179.0 1.723 1.888
7721.0 1.888 1.878
10703.0 1.878 1.743
14933.0 1.743 1.427
18317.0 1.427 1.106
15717.0 1.106 1.035
8922.0 1.035 1.212
4239.0 1.212 1.677
4455.0 1.677 2.012
5802.0 2.012 1.948
8662.0 1.948 1.88
10992.0 1.88 1.738
13473.0 1.738 1.529
15021.0 1.529 1.321
14328.0 1.321 1.222
10680.0 1.222 1.294
7862.0 1.294 1.429
5558.0 1.429 1.626
5275.0 1.626 1.788
6647.0 1.788 1.862
9465.0 1.862 1.786
13329.0 1.786 1.522
16866.0 1.522 1.208
17510.0 1.208 1.018
12827.0 1.018 1.055
7315.0 1.055 1.229
4854.0 1.229 1.655
4396.0 1.655 2.097
5257.0 2.097 2.075
7785.0 2.075 2.058
10229.0 2.058 1.923
13541.0 1.923 1.666
16297.0 1.666 1.37
15753.0 1.37 1.231
11793.0 1.231 1.283
7809.0 1.283 1.44
4633.0 1.44 1.926
4318.0 1.926 2.311
5392.0 2.311 2.275
7826.0 2.275 2.14
11723.0 2.14 1.898
14837.0 1.898 1.588
17449.0 1.588 1.274
15321.0 1.274 1.195
9966.0 1.195 1.324
5652.0 1.324 1.565
4314.0 1.565 2.056
4485.0 2.056 2.467
7103.0 2.467 2.385
10607.0 2.385 2.185
14180.0 2.185 1.822
18036.0 1.822 1.394
18304.0 1.394 1.153
12788.0 1.153 1.218
7548.0 1.218 1.416
4258.0 1.416 1.92
4810.0 1.92 2.304
7686.0 2.304 2.056
11049.0 2.056 1.882
14097.0 1.882 1.601
16637.0 1.601 1.304
15025.0 1.304 1.215
9955.0 1.215 1.326
6125.0 1.326 1.544
4960.0 1.544 2.042
4612.0 2.042 2.57
6922.0 2.57 2.502
10084.0 2.502 2.327
13228.0 2.327 2.028
16520.0 2.028 1.634
17328.0 1.634 1.368
14124.0 1.368 1.34
8532.0 1.34 1.509
4828.0 1.509 2.076
4189.0 2.076 2.492
5757.0 2.492 2.416
8049.0 2.416 2.383
11421.0 2.383 2.167
14797.0 2.167 1.806
16677.0 1.806 1.483
15525.0 1.483 1.354
11883.0 1.354 1.408
8227.0 1.408 1.596
4969.0 1.596 2.155
4296.0 2.155 2.732
5653.0 2.732 2.661
7785.0 2.661 2.515
11196.0 2.515 2.273
14980.0 2.273 1.852
18151.0 1.852 1.447
16879.0 1.447 1.28
12472.0 1.28 1.333
7924.0 1.333 1.509
4219.0 1.509 2.019
4185.0 2.019 2.423
6907.0 2.423 2.366
9259.0 2.366 2.269
12490.0 2.269 1.994
15490.0 1.994 1.656
16266.0 1.656 1.422
13590.0 1.422 1.397
8793.0 1.397 1.573
5853.0 1.573 1.801
4517.0 1.801 2.267
5539.0 2.267 2.218
8249.0 2.218 2.164
11858.0 2.164 1.924
15898.0 1.924 1.546
17402.0 1.546 1.273
14286.0 1.273 1.245
8409.0 1.245 1.433
4579.0 1.433 1.969
4242.0 1.969 2.461
4991.0 2.461 2.953
7283.0 2.953 2.684
10631.0 2.684 2.46
14587.0 2.46 2.034
17750.0 2.034 1.593
16888.0 1.593 1.399
11216.0 1.399 1.524
7204.0 1.524 1.75
4431.0 1.75 2.372
4259.0 2.372 2.846
5789.0 2.846 2.756
7917.0 2.756 2.739
11493.0 2.739 2.444
15289.0 2.444 1.982
17917.0 1.982 1.558
16594.0 1.558 1.4
10114.0 1.4 1.561
6024.0 1.561 1.822
4259.0 1.822 2.296
4879.0 2.296 2.755
7013.0 2.755 2.533
10499.0 2.533 2.329
13963.0 2.329 1.991
16167.0 1.991 1.653
16167.0 1.653 1.439
12351.0 1.439 1.475
7425.0 1.475 1.68
4873.0 1.68 2.272
4632.0 2.272 2.727
6522.0 2.727 2.561
9999.0 2.561 2.399
13943.0 2.399 2.037
16655.0 2.037 1.63
16421.0 1.63 1.429
12073.0 1.429 1.483
6271.0 1.483 1.765
4338.0 1.765 2.229
4890.0 2.229 2.674
7390.0 2.674 2.419
10516.0 2.419 2.225
14104.0 2.225 1.891
16392.0 1.891 1.552
15748.0 1.552 1.391
12358.0 1.391 1.419
7498.0 1.419 1.629
4836.0 1.629 2.2
4607.0 2.2 2.64
6253.0 2.64 2.508
8675.0 2.508 2.443
11591.0 2.443 2.198
15235.0 2.198 1.817
17171.0 1.817 1.476
15799.0 1.476 1.343
11401.0 1.343 1.436
7387.0 1.436 1.646
4359.0 1.646 2.193
4279.0 2.193 2.631
6319.0 2.631 2.492
8635.0 2.492 2.436
12244.0 2.436 2.157
15848.0 2.157 1.751
17515.0 1.751 1.428
15439.0 1.428 1.336
9868.0 1.336 1.493
5790.0 1.493 1.754
4490.0 1.754 2.206
5385.0 2.206 2.172
8227.0 2.172 2.123
11680.0 2.123 1.912
15118.0 1.912 1.571
17106.0 1.571 1.275
15250.0 1.275 1.19
9742.0 1.19 1.32
5624.0 1.32 1.554
4434.0 1.554 2.07
4463.0 2.07 2.484
7305.0 2.484 2.255
10542.0 2.255 2.074
13584.0 2.074 1.797
16028.0 1.797 1.496
15368.0 1.496 1.355
12038.0 1.355 1.395
8728.0 1.395 1.552
5692.0 1.552 1.802
4634.0 1.802 2.265
5826.0 2.265 2.19
8194.0 2.19 2.157
11827.0 2.157 1.935
15147.0 1.935 1.601
16167.0 1.601 1.361
13283.0 1.361 1.351
8606.0 1.351 1.521
5844.0 1.521 1.746
5154.0 1.746 1.838
7912.0 1.838 1.718
11068.0 1.718 1.576
15724.0 1.576 1.254
18127.0 1.254 1.0
16573.0 1.0 1.0
12363.0 1.0 1.052
6557.0 1.052 1.231
4258.0 1.231 1.673
4241.0 1.673 2.008
5661.0 2.008 1.955
8251.0 1.955 1.923
10865.0 1.923 1.776
13733.0 1.776 1.538
15425.0 1.538 1.318
14993.0 1.318 1.195
11645.0 1.195 1.236
8343.0 1.236 1.358
5347.0 1.358 1.565
5092.0 1.565 1.725
5573.0 1.725 1.86
7709.0 1.86 1.864
10639.0 1.864 1.73
14683.0 1.73 1.425
17831.0 1.425 1.123
15787.0 1.123 1.036
9091.0 1.036 1.172
4371.0 1.172 1.591
4542.0 1.591 1.909
5952.0 1.909 1.836
9114.0 1.836 1.749
12094.0 1.749 1.569
15586.0 1.569 1.278
17326.0 1.278 1.039
15229.0 1.039 1.0
10979.0 1.0 1.078
5929.0 1.078 1.275
4396.0 1.275 1.681
4980.0 1.681 2.017
6675.0 2.017 1.882
9555.0 1.882 1.788
13308.0 1.788 1.533
16107.0 1.533 1.259
17133.0 1.259 1.052
13968.0 1.052 1.035
9340.0 1.035 1.144
4942.0 1.144 1.586
4537.0 1.586 1.903
5763.0 1.903 1.845
8731.0 1.845 1.78
11587.0 1.78 1.621
14905.0 1.621 1.352
16324.0 1.352 1.141
14890.0 1.141 1.064
9403.0 1.064 1.193
5291.0 1.193 1.404
4427.0 1.404 1.834
5801.0 1.834 1.775
8855.0 1.775 1.706
11939.0 1.706 1.531
15983.0 1.531 1.22
17321.0 1.22 1.006
14861.0 1.006 1.0
10159.0 1.0 1.089
5193.0 1.089 1.302
4355.0 1.302 1.63
5679.0 1.63 1.586
9427.0 1.586 1.483
12381.0 1.483 1.324
15627.0 1.324 1.088
15978.0 1.088 1.0
11511.0 1.0 1.059
6797.0 1.059 1.23
5036.0 1.23 1.425
4476.0 1.425 1.781
6023.0 1.781 1.708
9475.0 1.708 1.604
12523.0 1.604 1.425
15964.0 1.425 1.156
17083.0 1.156 1.0
13477.0 1.0 1.002
8511.0 1.002 1.131
4351.0 1.131 1.549
5136.0 1.549 1.541
7076.0 1.541 1.492
10980.0 1.492 1.35
14274.0 1.35 1.142
17337.0 1.142 1.0
15552.0 1.0 1.0
11006.0 1.0 1.069
5872.0 1.069 1.25
4188.0 1.25 1.664
4998.0 1.664 1.997
6811.0 1.997 1.853
10197.0 1.853 1.713
14160.0 1.713 1.437
16755.0 1.437 1.161
16932.0 1.161 1.0
12837.0 1.0 1.026
7367.0 1.026 1.201
4759.0 1.201 1.659
4352.0 1.659 2.093
4888.0 2.093 2.512
8072.0 2.512 2.339
11507.0 2.339 2.105
15627.0 2.105 1.708
17467.0 1.708 1.389
15915.0 1.389 1.269
10947.0 1.269 1.367
6787.0 1.367 1.567
4191.0 1.567 1.987
5055.0 1.987 1.982
7807.0 1.982 1.971
11213.0 1.971 1.791
15578.0 1.791 1.438
18714.0 1.438 1.096
16298.0 1.096 1.012
8639.0 1.012 1.176
4270.0 1.176 1.616
5391.0 1.616 1.591
8965.0 1.591 1.515
12373.0 1.515 1.34
15802.0 1.34 1.103
16297.0 1.103 1.0
12043.0 1.0 1.044
7329.0 1.044 1.203
5286.0 1.203 1.379
4345.0 1.379 1.727
5273.0 1.727 1.708
9015.0 1.708 1.612
13069.0 1.612 1.373
17008.0 1.373 1.065
18628.0 1.065 1.0
14146.0 1.0 1.008
8508.0 1.008 1.152
4398.0 1.152 1.48
5186.0 1.48 1.469
7206.0 1.469 1.493
11328.0 1.493 1.335
16023.0 1.335 1.054
18132.0 1.054 1.0
14250.0 1.0 1.0
8780.0 1.0 1.127
4199.0 1.127 1.451
5495.0 1.451 1.422
7402.0 1.422 1.364
11400.0 1.364 1.223
15140.0 1.223 1.0
17765.0 1.0 1.0
14516.0 1.0 1.0
9550.0 1.0 1.108
4584.0 1.108 1.529
4376.0 1.529 1.835
5657.0 1.835 1.787
9219.0 1.787 1.693
12533.0 1.693 1.486
16550.0 1.486 1.171
18227.0 1.171 1.0
14975.0 1.0 1.0
9673.0 1.0 1.121
4455.0 1.121 1.525
4937.0 1.525 1.83
6622.0 1.83 1.711
9990.0 1.711 1.603
13998.0 1.603 1.357
16503.0 1.357 1.105
16050.0 1.105 1.0
11256.0 1.0 1.069
6038.0 1.069 1.254
4607.0 1.254 1.652
4724.0 1.652 1.982
6078.0 1.982 1.897
8978.0 1.897 1.819
13256.0 1.819 1.555
16208.0 1.555 1.262
17135.0 1.262 1.055
14015.0 1.055 1.032
9675.0 1.032 1.14
4973.0 1.14 1.584
4176.0 1.584 1.901
5480.0 1.901 1.865
8606.0 1.865 1.698
11642.0 1.698 1.528
15365.0 1.528 1.256
16928.0 1.256 1.045
14558.0 1.045 1.0
10574.0 1.0 1.068
5524.0 1.068 1.263
4264.0 1.263 1.586
5349.0 1.586 1.564
9481.0 1.564 1.472
13377.0 1.472 1.242
17667.0 1.242 1.0
17847.0 1.0 1.0
11994.0 1.0 1.069
5852.0 1.069 1.298
4238.0 1.298 1.747
4564.0 1.747 2.097
6114.0 2.097 2.003
8978.0 2.003 1.917
13130.0 1.917 1.648
16121.0 1.648 1.335
17205.0 1.335 1.12
14100.0 1.12 1.101
9514.0 1.101 1.235
4836.0 1.235 1.717
4318.0 1.717 2.06
5109.0 2.06 2.051
7827.0 2.051 2.035
10509.0 2.035 1.888
14271.0 1.888 1.573
17455.0 1.573 1.234
16131.0 1.234 1.121
10806.0 1.121 1.223
5982.0 1.223 1.442
4284.0 1.442 1.9
4361.0 1.9 2.28
5459.0 2.28 2.238
8129.0 2.238 2.08
11843.0 2.08 1.854
14951.0 1.854 1.54
16631.0 1.54 1.289
14435.0 1.289 1.233
9140.0 1.233 1.397
5264.0 1.397 1.646
4258.0 1.646 2.157
4776.0 2.157 2.697
7190.0 2.697 2.598
10730.0 2.598 2.388
15030.0 2.388 1.956
18172.0 1.956 1.512
16658.0 1.512 1.357
12158.0 1.357 1.433
8196.0 1.433 1.603
4470.0 1.603 2.196
4194.0 2.196 2.746
5779.0 2.746 2.66
8279.0 2.66 2.608
11186.0 2.608 2.371
14946.0 2.371 1.961
16960.0 1.961 1.603
15688.0 1.603 1.461
12229.0 1.461 1.507
6901.0 1.507 1.746
4345.0 1.746 2.31
4587.0 2.31 2.772
6683.0 2.772 2.586
10058.0 2.586 2.404
13790.0 2.404 2.046
16454.0 2.046 1.664
16826.0 1.664 1.413
13322.0 1.413 1.415
7652.0 1.415 1.622
4618.0 1.622 2.21
4371.0 2.21 2.774
5967.0 2.774 2.667
8361.0 2.667 2.622
11457.0 2.622 2.366
15201.0 2.366 1.939
17180.0 1.939 1.581
15716.0 1.581 1.445
11615.0 1.445 1.521
8069.0 1.521 1.702
5109.0 1.702 1.986
4381.0 1.986 2.485
7131.0 2.485 2.273
10878.0 2.273 2.067
13842.0 2.067 1.781
16902.0 1.781 1.427
16498.0 1.427 1.252
12676.0 1.252 1.281
8510.0 1.281 1.438
4732.0 1.438 2.009
4176.0 2.009 2.411
4870.0 2.411 2.893
7102.0 2.893 2.649
10354.0 2.649 2.442
14150.0 2.442 2.041
17188.0 2.041 1.626
16401.0 1.626 1.444
11077.0 1.444 1.561
7357.0 1.561 1.776
4515.0 1.776 2.378
4361.0 2.378 2.976
6079.0 2.976 2.847
8821.0 2.847 2.764
11599.0 2.764 2.497
15003.0 2.497 2.061
16993.0 2.061 1.686
15235.0 1.686 1.567
9891.0 1.567 1.719
6583.0 1.719 1.983
4485.0 1.983 2.637
5467.0 2.637 2.588
7713.0 2.588 2.449
11193.0 2.449 2.212
14869.0 2.212 1.842
17065.0 1.842 1.5
16357.0 1.5 1.332
12310.0 1.332 1.382
8526.0 1.382 1.546
4866.0 1.546 2.122
4320.0 2.122 2.683
5951.0 2.683 2.581
8391.0 2.581 2.531
11595.0 2.531 2.282
15047.0 2.282 1.893
16865.0 1.893 1.563
15481.0 1.563 1.441
11365.0 1.441 1.52
7789.0 1.52 1.72
4987.0 1.72 2.338
4613.0 2.338 2.806
7385.0 2.806 2.538
10619.0 2.538 2.339
14443.0 2.339 1.944
16963.0 1.944 1.573
16971.0 1.573 1.351
12371.0 1.351 1.406
8437.0 1.406 1.586
4987.0 1.586 2.187
4312.0 2.187 2.771
5608.0 2.771 2.704
7660.0 2.704 2.706
11224.0 2.706 2.439
14276.0 2.439 2.08
16197.0 2.08 1.747
14989.0 1.747 1.613
10601.0 1.613 1.74
6653.0 1.74 1.983
4843.0 1.983 2.635
5143.0 2.635 2.62
7215.0 2.62 2.522
10815.0 2.522 2.292
14975.0 2.292 1.868
17886.0 1.868 1.479
16850.0 1.479 1.308
12398.0 1.308 1.361
7882.0 1.361 1.541
4290.0 1.541 2.099
4465.0 2.099 2.519
6497.0 2.519 2.368
9115.0 2.368 2.263
12526.0 2.263 1.997
15990.0 1.997 1.626
17134.0 1.626 1.352
14414.0 1.352 1.308
8945.0 1.308 1.458
4931.0 1.458 2.012
4291.0 2.012 2.414
5714.0 2.414 2.345
8208.0 2.345 2.178
11934.0 2.178 1.947
15910.0 1.947 1.565
17038.0 1.565 1.3
14006.0 1.3 1.276
8537.0 1.276 1.444
4873.0 1.444 1.988
4259.0 1.988 2.491
6345.0 2.491 2.357
9223.0 2.357 2.241
12670.0 2.241 1.972
16326.0 1.972 1.571
17334.0 1.571 1.301
13802.0 1.301 1.295
8096.0 1.295 1.473
4708.0 1.473 2.005
4179.0 2.005 2.406
5007.0 2.406 2.406
7731.0 2.406 2.263
11394.0 2.263 2.044
15366.0 2.044 1.651
17318.0 1.651 1.346
15338.0 1.346 1.258
10208.0 1.258 1.383
6016.0 1.383 1.609
4528.0 1.609 2.123
4373.0 2.123 2.548
6159.0 2.548 2.429
8599.0 2.429 2.352
12364.0 2.352 2.056
16560.0 2.056 1.601
18280.0 1.601 1.28
15236.0 1.28 1.229
8540.0 1.229 1.428
4176.0 1.428 1.983
4518.0 1.983 2.38
5660.0 2.38 2.317
8306.0 2.317 2.281
11987.0 2.281 2.01
15987.0 2.01 1.595
17911.0 1.595 1.271
15287.0 1.271 1.2
9626.0 1.2 1.334
5208.0 1.334 1.57
4319.0 1.57 2.096
4652.0 2.096 2.515
7260.0 2.515 2.415
10626.0 2.415 2.23
14694.0 2.23 1.848
17522.0 1.848 1.455
16710.0 1.455 1.276
13491.0 1.276 1.28
6984.0 1.28 1.497
4213.0 1.497 1.994
4702.0 1.994 2.393
7402.0 2.393 2.163
11344.0 2.163 1.946
14917.0 1.946 1.613
18217.0 1.613 1.238
17009.0 1.238 1.09
11486.0 1.09 1.179
5982.0 1.179 1.405
4258.0 1.405 1.891
4581.0 1.891 2.27
7325.0 2.27 2.182
9709.0 2.182 2.073
12709.0 2.073 1.836
15729.0 1.836 1.505
15889.0 1.505 1.322
13336.0 1.322 1.304
8107.0 1.304 1.468
5147.0 1.468 1.681
4518.0 1.681 2.104
5374.0 2.104 2.073
8014.0 2.073 2.057
10700.0 2.057 1.895
13919.0 1.895 1.626
16667.0 1.626 1.317
15207.0 1.317 1.22
10668.0 1.22 1.306
6390.0 1.306 1.509
4961.0 1.509 2.017
4403.0 2.017 2.545
6273.0 2.545 2.416
8371.0 2.416 2.363
11992.0 2.363 2.104
15584.0 2.104 1.708
17248.0 1.708 1.387
15352.0 1.387 1.29
10432.0 1.29 1.418
6322.0 1.418 1.657
4273.0 1.657 2.18
4970.0 2.18 2.616
7468.0 2.616 2.358
10549.0 2.358 2.167
13495.0 2.167 1.88
16467.0 1.88 1.533
16719.0 1.533 1.32
12407.0 1.32 1.368
8595.0 1.368 1.529
4977.0 1.529 2.071
4245.0 2.071 2.486
5949.0 2.486 2.391
8225.0 2.391 2.225
11657.0 2.225 2.004
15457.0 2.004 1.631
17249.0 1.631 1.333
15013.0 1.333 1.257
9784.0 1.257 1.387
5750.0 1.387 1.635
4449.0 1.635 2.151
4196.0 2.151 2.581
6338.0 2.581 2.443
8614.0 2.443 2.384
11935.0 2.384 2.115
15991.0 2.115 1.682
17525.0 1.682 1.382
14409.0 1.382 1.35
9096.0 1.35 1.505
5062.0 1.505 1.75
4176.0 1.75 2.306
4576.0 2.306 2.768
6744.0 2.768 2.575
10104.0 2.575 2.383
14368.0 2.383 1.966
17900.0 1.966 1.518
17163.0 1.518 1.328
11027.0 1.328 1.461
6623.0 1.461 1.685
4432.0 1.685 2.271
5046.0 2.271 2.267
7350.0 2.267 2.168
9976.0 2.168 2.036
13492.0 2.036 1.732
16804.0 1.732 1.383
16788.0 1.383 1.189
13167.0 1.189 1.203
8787.0 1.203 1.364
4823.0 1.364 1.864
4203.0 1.864 2.336
4711.0 2.336 2.803
7139.0 2.803 2.563
10280.0 2.563 2.377
14404.0 2.377 1.967
17975.0 1.967 1.505
16833.0 1.505 1.335
12255.0 1.335 1.402
7997.0 1.402 1.579
4177.0 1.579 2.168
4373.0 2.168 2.601
5569.0 2.601 2.542
8147.0 2.542 2.364
11282.0 2.364 2.142
14630.0 2.142 1.804
16162.0 1.804 1.529
14906.0 1.529 1.415
11180.0 1.415 1.486
7556.0 1.486 1.675
4924.0 1.675 2.248
4501.0 2.248 2.821
5639.0 2.821 2.749
7463.0 2.749 2.781
10763.0 2.781 2.565
13647.0 2.565 2.212
15830.0 2.212 1.859
15299.0 1.859 1.677
11659.0 1.677 1.745
7639.0 1.745 1.954
5601.0 1.954 2.231
4599.0 2.231 2.803
6687.0 2.803 2.614
9657.0 2.614 2.445
12393.0 2.445 2.167
15881.0 2.167 1.765
16887.0 1.765 1.487
14211.0 1.487 1.447
9354.0 1.447 1.627
5912.0 1.627 1.902
4192.0 1.902 2.522
4896.0 2.522 3.026
6848.0 3.026 2.802
9731.0 2.802 2.661
13131.0 2.661 2.299
15909.0 2.299 1.891
15851.0 1.891 1.674
12683.0 1.674 1.69
8213.0 1.69 1.911
5609.0 1.911 2.209
4329.0 2.209 2.775
6091.0 2.775 2.654
8971.0 2.654 2.568
11437.0 2.568 2.356
14325.0 2.356 2.007
15693.0 2.007 1.724
14649.0 1.724 1.597
11964.0 1.597 1.621
7854.0 1.621 1.831
5496.0 1.831 2.07
5006.0 2.07 2.287
5916.0 2.287 2.318
8356.0 2.318 2.282
11953.0 2.282 2.041
16049.0 2.041 1.621
18137.0 1.621 1.287
15601.0 1.287 1.207
9430.0 1.207 1.377
4846.0 1.377 1.901
4195.0 1.901 2.401
4383.0 2.401 2.881
6419.0 2.881 2.718
9302.0 2.718 2.591
11822.0 2.591 2.343
15162.0 2.343 1.936
16704.0 1.936 1.62
14964.0 1.62 1.514
10830.0 1.514 1.623
7396.0 1.623 1.84
5050.0 1.84 2.125
4350.0 2.125 2.657
6732.0 2.657 2.473
9879.0 2.473 2.315
12738.0 2.315 2.049
15702.0 2.049 1.683
16430.0 1.683 1.438
13742.0 1.438 1.409
9050.0 1.409 1.553
5878.0 1.553 1.76
4742.0 1.76 2.215
5907.0 2.215 2.135
8361.0 2.135 2.106
11949.0 2.106 1.889
15036.0 1.889 1.572
16808.0 1.572 1.302
14384.0 1.302 1.252
8774.0 1.252 1.429
4852.0 1.429 1.967
4328.0 1.967 2.361
5820.0 2.361 2.283
7988.0 2.283 2.279
11000.0 2.279 2.1
13655.0 2.1 1.822
15795.0 1.822 1.537
15059.0 1.537 1.404
11843.0 1.404 1.451
8459.0 1.451 1.627
5719.0 1.627 1.852
4575.0 1.852 2.328
7127.0 2.328 2.13
9109.0 2.13 2.076
12835.0 2.076 1.809
16215.0 1.809 1.464
16943.0 1.464 1.238
14249.0 1.238 1.201
8228.0 1.201 1.384
4496.0 1.384 1.856
4489.0 1.856 2.228
5651.0 2.228 2.17
7979.0 2.17 2.158
11000.0 2.158 1.991
13703.0 1.991 1.732
15719.0 1.732 1.466
14439.0 1.466 1.371
11097.0 1.371 1.434
7759.0 1.434 1.597
5299.0 1.597 1.819
5389.0 1.819 1.887
8113.0 1.887 1.863
10501.0 1.863 1.739
14038.0 1.739 1.468
16264.0 1.468 1.209
15889.0 1.209 1.07
11812.0 1.07 1.114
7200.0 1.114 1.285
5329.0 1.285 1.461
4465.0 1.461 1.919
4984.0 1.919 2.303
7772.0 2.303 2.18
10964.0 2.18 2.009
13619.0 2.009 1.759
15703.0 1.759 1.489
14559.0 1.489 1.389
10902.0 1.389 1.472
7644.0 1.472 1.653
5240.0 1.653 1.877
5270.0 1.877 1.955
7778.0 1.955 1.945
10058.0 1.945 1.855
13409.0 1.855 1.611
15875.0 1.611 1.335
15479.0 1.335 1.197
11867.0 1.197 1.243
8253.0 1.243 1.375
4997.0 1.375 1.87
4482.0 1.87 2.243
5172.0 2.243 2.228
7638.0 2.228 2.227
10965.0 2.227 2.034
13869.0 2.034 1.741
16409.0 1.741 1.438
15149.0 1.438 1.322
11381.0 1.322 1.394
7753.0 1.394 1.561
4875.0 1.561 2.098
4419.0 2.098 2.628
5523.0 2.628 2.573
7747.0 2.573 2.571
10921.0 2.571 2.338
14745.0 2.338 1.913
