5352.0 1.0 1.0
5352.0 1.0 1.186
5352.0 1.186 1.295
4432.0 1.295 1.692
4284.0 1.692 2.03
4238.0 2.03 2.436
4592.0 2.436 2.923
4176.0 2.923 3.508
4544.0 3.508 4.21
4176.0 4.21 5.052
4646.0 5.052 6.062
5678.0 6.062 5.897
8121.0 5.897 5.836
11205.0 5.836 5.342
15169.0 5.342 4.368
18595.0 4.368 3.32
18407.0 3.32 2.772
13679.0 2.772 2.844
8272.0 2.844 3.274
5074.0 3.274 3.83
4176.0 3.83 4.999
4518.0 4.999 5.999
4407.0 5.999 7.198
6167.0 7.198 6.862
9797.0 6.862 6.394
14061.0 6.394 5.298
19186.0 5.298 3.766
21396.0 3.766 2.956
17278.0 2.956 2.687
9711.0 2.687 3.101
4359.0 3.101 4.281
4341.0 4.281 5.138
4294.0 5.138 6.165
4906.0 6.165 7.398
6818.0 7.398 6.86
10052.0 6.86 6.403
14345.0 6.403 5.282
19156.0 5.282 3.797
20968.0 3.797 2.959
16778.0 2.959 2.749
10490.0 2.749 3.091
5506.0 3.091 3.696
4315.0 3.696 4.836
4473.0 4.836 5.803
5031.0 5.803 5.796
6855.0 5.796 5.957
10322.0 5.957 5.505
14854.0 5.505 4.456
19338.0 4.456 3.213
20501.0 3.213 2.528
16025.0 2.528 2.424
9736.0 2.424 2.775
5248.0 2.775 3.321
4216.0 3.321 4.349
4316.0 4.349 5.219
4625.0 5.219 6.262
5987.0 6.262 6.015
9070.0 6.015 5.749
13102.0 5.749 4.893
17773.0 4.893 3.662
20963.0 3.662 2.771
17633.0 2.771 2.479
11351.0 2.479 2.73
5783.0 2.73 3.262
4196.0 3.262 4.293
4250.0 4.293 5.151
4508.0 5.151 6.181
5720.0 6.181 6.003
9054.0 6.003 5.734
13317.0 5.734 4.856
18831.0 4.856 3.472
21626.0 3.472 2.677
17966.0 2.677 2.359
11636.0 2.359 2.592
5380.0 2.592 3.187
4292.0 3.187 4.236
4309.0 4.236 5.084
4575.0 5.084 6.1
6060.0 6.1 5.842
8884.0 5.842 5.62
12874.0 5.62 4.857
17575.0 4.857 3.668
20538.0 3.668 2.752
17703.0 2.752 2.455
11637.0 2.455 2.681
6273.0 2.681 3.172
4176.0 3.172 4.272
4257.0 4.272 5.413
4660.0 5.413 6.496
5608.0 6.496 6.338
8516.0 6.338 6.161
12548.0 6.161 5.354
17318.0 5.354 4.05
20635.0 4.05 3.019
18927.0 3.019 2.544
12865.0 2.544 2.709
7061.0 2.709 3.184
4299.0 3.184 4.25
4277.0 4.25 5.101
4496.0 5.101 6.121
5828.0 6.121 5.918
9008.0 5.918 5.67
13299.0 5.67 4.795
18033.0 4.795 3.527
20838.0 3.527 2.674
17763.0 2.674 2.379
11163.0 2.379 2.663
5443.0 2.663 3.171
4340.0 3.171 3.978
4485.0 3.978 4.774
5004.0 4.774 4.773
6417.0 4.773 4.741
10173.0 4.741 4.365
14775.0 4.365 3.532
19623.0 3.532 2.497
20952.0 2.497 1.983
15415.0 1.983 1.95
8711.0 1.95 2.267
4176.0 2.267 3.082
4465.0 3.082 3.699
4781.0 3.699 4.439
7004.0 4.439 4.308
10648.0 4.308 3.924
15352.0 3.924 3.141
19976.0 3.141 2.229
19884.0 2.229 1.791
13698.0 1.791 1.88
8118.0 1.88 2.216
4424.0 2.216 3.012
4176.0 3.012 3.615
4672.0 3.615 4.338
5626.0 4.338 4.229
8269.0 4.229 4.148
12564.0 4.148 3.577
18052.0 3.577 2.59
21088.0 2.59 1.936
17917.0 1.936 1.71
10466.0 1.71 1.969
4176.0 1.969 2.757
4251.0 2.757 3.308
4405.0 3.308 3.97
5179.0 3.97 3.942
7450.0 3.942 3.959
11142.0 3.959 3.569
16068.0 3.569 2.736
19743.0 2.736 1.976
19127.0 1.976 1.635
12956.0 1.635 1.739
6779.0 1.739 2.057
4313.0 2.057 2.734
4491.0 2.734 3.28
5619.0 3.28 3.199
9402.0 3.199 2.987
13794.0 2.987 2.464
18895.0 2.464 1.757
20923.0 1.757 1.365
16544.0 1.365 1.281
9485.0 1.281 1.474
4176.0 1.474 2.014
4269.0 2.014 2.417
5003.0 2.417 2.416
7673.0 2.416 2.404
12809.0 2.404 2.04
18241.0 2.04 1.478
21817.0 1.478 1.134
18357.0 1.134 1.0
10380.0 1.0 1.157
4267.0 1.157 1.588
4445.0 1.588 1.905
5014.0 1.905 1.904
8578.0 1.904 1.727
12558.0 1.727 1.481
18045.0 1.481 1.083
20937.0 1.083 1.0
16434.0 1.0 1.0
10124.0 1.0 1.127
4222.0 1.127 1.572
4461.0 1.572 1.886
4825.0 1.886 2.264
8721.0 2.264 2.054
14328.0 2.054 1.665
19552.0 1.665 1.176
21352.0 1.176 1.0
16762.0 1.0 1.0
10284.0 1.0 1.125
4176.0 1.125 1.536
4176.0 1.536 1.843
4967.0 1.843 2.212
8739.0 2.212 2.008
13410.0 2.008 1.698
18166.0 1.698 1.253
19186.0 1.253 1.0
15424.0 1.0 1.0
9198.0 1.0 1.152
4322.0 1.152 1.549
4392.0 1.549 1.859
5826.0 1.859 1.797
10260.0 1.797 1.641
16320.0 1.641 1.252
21264.0 1.252 1.0
18380.0 1.0 1.0
9167.0 1.0 1.204
4274.0 1.204 1.555
4597.0 1.555 1.866
5718.0 1.866 1.813
9854.0 1.813 1.683
15362.0 1.683 1.325
20062.0 1.325 1.0
18162.0 1.0 1.0
9453.0 1.0 1.178
4354.0 1.178 1.591
4554.0 1.591 1.909
6133.0 1.909 1.823
9801.0 1.823 1.701
15639.0 1.701 1.327
20471.0 1.327 1.0
18615.0 1.0 1.0
9822.0 1.0 1.162
4235.0 1.162 1.509
4393.0 1.509 1.81
5597.0 1.81 1.767
9789.0 1.767 1.632
15273.0 1.632 1.296
19317.0 1.296 1.0
19425.0 1.0 1.0
12564.0 1.0 1.075
6002.0 1.075 1.32
4219.0 1.32 1.791
4375.0 1.791 2.15
5120.0 2.15 2.139
8518.0 2.139 2.065
13558.0 2.065 1.726
18362.0 1.726 1.268
19790.0 1.268 1.0
15761.0 1.0 1.0
9703.0 1.0 1.129
4224.0 1.129 1.532
4400.0 1.532 1.839
5439.0 1.839 1.806
9859.0 1.806 1.67
15652.0 1.67 1.295
20700.0 1.295 1.0
18884.0 1.0 1.0
10259.0 1.0 1.167
4376.0 1.167 1.638
4540.0 1.638 1.966
5516.0 1.966 1.926
9608.0 1.926 1.777
15767.0 1.777 1.356
20943.0 1.356 1.0
19959.0 1.0 1.0
12006.0 1.0 1.116
5024.0 1.116 1.35
4176.0 1.35 1.688
4510.0 1.688 2.025
6057.0 2.025 1.94
10147.0 1.94 1.782
15478.0 1.782 1.386
20042.0 1.386 1.0
18754.0 1.0 1.0
10465.0 1.0 1.161
4218.0 1.161 1.647
4243.0 1.647 1.977
4890.0 1.977 2.372
8272.0 2.372 2.195
12289.0 2.195 1.903
16721.0 1.903 1.483
18541.0 1.483 1.167
15245.0 1.167 1.124
8141.0 1.124 1.305
4176.0 1.305 1.773
4622.0 1.773 2.127
6157.0 2.127 2.029
10143.0 2.029 1.867
16302.0 1.867 1.397
21646.0 1.397 1.01
20650.0 1.01 1.0
12940.0 1.0 1.082
6042.0 1.082 1.32
4176.0 1.32 1.738
4252.0 1.738 2.085
5284.0 2.085 2.062
9110.0 2.062 1.945
14795.0 1.945 1.528
20947.0 1.528 1.061
21759.0 1.061 1.0
15336.0 1.0 1.0
8942.0 1.0 1.18
4176.0 1.18 1.522
4708.0 1.522 1.826
6465.0 1.826 1.719
10485.0 1.719 1.566
16239.0 1.566 1.189
20111.0 1.189 1.0
17693.0 1.0 1.0
9404.0 1.0 1.157
4276.0 1.157 1.563
4299.0 1.563 1.875
6117.0 1.875 1.791
10463.0 1.791 1.632
16394.0 1.632 1.23
18038.0 1.23 1.0
13976.0 1.0 1.007
8086.0 1.007 1.161
5158.0 1.161 1.346
4187.0 1.346 1.777
5094.0 1.777 1.77
9112.0 1.77 1.66
13430.0 1.66 1.38
18326.0 1.38 1.009
19955.0 1.009 1.0
15080.0 1.0 1.0
8854.0 1.0 1.172
4176.0 1.172 1.612
4841.0 1.612 1.935
6825.0 1.935 1.793
11951.0 1.793 1.535
18233.0 1.535 1.083
22349.0 1.083 1.0
19115.0 1.0 1.0
10238.0 1.0 1.148
4395.0 1.148 1.612
4361.0 1.612 1.935
5589.0 1.935 1.889
9457.0 1.889 1.763
14773.0 1.763 1.405
19037.0 1.405 1.03
17497.0 1.03 1.0
9520.0 1.0 1.17
4254.0 1.17 1.631
4285.0 1.631 1.958
6331.0 1.958 1.853
11141.0 1.853 1.625
16619.0 1.625 1.224
18423.0 1.224 1.0
14190.0 1.0 1.002
8300.0 1.002 1.15
5326.0 1.15 1.334
4234.0 1.334 1.754
4464.0 1.754 2.105
6284.0 2.105 1.997
9010.0 1.997 1.932
12196.0 1.932 1.723
14620.0 1.723 1.473
15454.0 1.473 1.283
14047.0 1.283 1.216
9832.0 1.216 1.325
6600.0 1.325 1.493
4938.0 1.493 1.971
5412.0 1.971 1.939
7258.0 1.939 1.972
9884.0 1.972 1.871
13496.0 1.871 1.604
16502.0 1.604 1.297
17114.0 1.297 1.096
13037.0 1.096 1.117
8287.0 1.117 1.26
4179.0 1.26 1.69
4386.0 1.69 2.028
5519.0 2.028 1.986
8695.0 1.986 1.904
13069.0 1.904 1.639
16561.0 1.639 1.303
17949.0 1.303 1.061
14628.0 1.061 1.033
9544.0 1.033 1.151
4257.0 1.151 1.593
4487.0 1.593 1.912
5989.0 1.912 1.836
9165.0 1.836 1.756
12229.0 1.756 1.553
16363.0 1.553 1.221
18131.0 1.221 1.0
14351.0 1.0 1.0
8713.0 1.0 1.141
4302.0 1.141 1.569
5176.0 1.569 1.558
6931.0 1.558 1.597
10449.0 1.597 1.482
13139.0 1.482 1.306
15698.0 1.306 1.09
15368.0 1.09 1.0
12714.0 1.0 1.006
8168.0 1.006 1.12
5901.0 1.12 1.263
4745.0 1.263 1.661
4946.0 1.661 2.08
6581.0 2.08 1.949
9381.0 1.949 1.853
13680.0 1.853 1.572
16864.0 1.572 1.267
16196.0 1.267 1.131
11474.0 1.131 1.2
6610.0 1.2 1.411
4777.0 1.411 1.891
4203.0 1.891 2.364
4722.0 2.364 2.837
6984.0 2.837 2.759
10317.0 2.759 2.57
14197.0 2.57 2.152
17250.0 2.152 1.702
17281.0 1.702 1.451
12629.0 1.451 1.512
6752.0 1.512 1.772
4176.0 1.772 2.389
4411.0 2.389 2.867
6749.0 2.867 2.667
9839.0 2.667 2.491
13547.0 2.491 2.133
16115.0 2.133 1.751
16559.0 1.751 1.505
12807.0 1.505 1.536
7731.0 1.536 1.76
5045.0 1.76 2.034
4534.0 2.034 2.544
7486.0 2.544 2.291
10966.0 2.291 2.08
14101.0 2.08 1.775
16841.0 1.775 1.432
16453.0 1.432 1.256
12526.0 1.256 1.288
8396.0 1.288 1.435
4934.0 1.435 1.963
4371.0 1.963 2.355
6265.0 2.355 2.236
9257.0 2.236 2.134
12458.0 2.134 1.888
15946.0 1.888 1.531
16786.0 1.531 1.299
13114.0 1.299 1.307
7303.0 1.307 1.509
4371.0 1.509 2.03
4815.0 2.03 2.437
7751.0 2.437 2.168
11378.0 2.168 1.948
14561.0 1.948 1.627
16785.0 1.627 1.328
15257.0 1.328 1.23
10373.0 1.23 1.34
6215.0 1.34 1.552
4784.0 1.552 2.095
4341.0 2.095 2.62
6187.0 2.62 2.495
8727.0 2.495 2.417
12096.0 2.417 2.126
15588.0 2.126 1.749
16916.0 1.749 1.451
14736.0 1.451 1.373
10122.0 1.373 1.5
6390.0 1.5 1.744
4280.0 1.744 2.305
4684.0 2.305 2.766
7184.0 2.766 2.525
10961.0 2.525 2.283
15721.0 2.283 1.783
19313.0 1.783 1.33
16964.0 1.33 1.204
10766.0 1.204 1.352
4970.0 1.352 1.88
4189.0 1.88 2.432
4382.0 2.432 2.918
5726.0 2.918 2.834
7834.0 2.834 2.675
11323.0 2.675 2.408
14987.0 2.408 1.985
17607.0 1.985 1.583
15815.0 1.583 1.456
11486.0 1.456 1.547
7774.0 1.547 1.781
4416.0 1.781 2.398
4278.0 2.398 3.048
6054.0 3.048 2.919
8997.0 2.919 2.807
12629.0 2.807 2.439
16400.0 2.439 1.953
17565.0 1.953 1.603
14084.0 1.603 1.581
9365.0 1.581 1.747
5903.0 1.747 2.052
4217.0 2.052 2.584
5812.0 2.584 2.5
8094.0 2.5 2.465
11481.0 2.465 2.234
15333.0 2.234 1.819
17507.0 1.819 1.474
15479.0 1.474 1.372
10892.0 1.372 1.487
7064.0 1.487 1.716
4212.0 1.716 2.327
4413.0 2.327 2.792
6559.0 2.792 2.618
9664.0 2.618 2.471
12583.0 2.471 2.187
15119.0 2.187 1.845
15967.0 1.845 1.59
13951.0 1.59 1.53
10108.0 1.53 1.643
7212.0 1.643 1.831
4742.0 1.831 2.442
4922.0 2.442 2.93
7160.0 2.93 2.677
10523.0 2.677 2.478
14451.0 2.478 2.047
17314.0 2.047 1.634
16335.0 1.634 1.46
11199.0 1.46 1.568
7185.0 1.568 1.788
4176.0 1.788 2.443
4372.0 2.443 2.931
6108.0 2.931 2.802
9477.0 2.802 2.649
13125.0 2.649 2.278
15996.0 2.278 1.88
16272.0 1.88 1.639
12916.0 1.639 1.656
8542.0 1.656 1.863
5564.0 1.863 2.181
4308.0 2.181 2.738
6306.0 2.738 2.595
9903.0 2.595 2.396
13767.0 2.396 2.04
16547.0 2.04 1.652
16951.0 1.652 1.408
13219.0 1.408 1.426
7987.0 1.426 1.62
4961.0 1.62 2.22
4291.0 2.22 2.775
5559.0 2.775 2.713
7619.0 2.713 2.579
11129.0 2.579 2.335
14913.0 2.335 1.936
17576.0 1.936 1.55
15412.0 1.55 1.447
11071.0 1.447 1.554
7291.0 1.554 1.771
4485.0 1.771 2.361
4187.0 2.361 2.833
5935.0 2.833 2.727
8121.0 2.727 2.549
11346.0 2.549 2.301
15226.0 2.301 1.892
17199.0 1.892 1.537
15975.0 1.537 1.394
11670.0 1.394 1.474
7614.0 1.474 1.678
4554.0 1.678 2.294
4176.0 2.294 2.877
5882.0 2.877 2.776
9002.0 2.776 2.658
12137.0 2.658 2.354
15469.0 2.354 1.942
17096.0 1.942 1.607
15740.0 1.607 1.467
11564.0 1.467 1.562
6305.0 1.562 1.84
4238.0 1.84 2.45
4604.0 2.45 2.941
7034.0 2.941 2.701
10262.0 2.701 2.503
14050.0 2.503 2.102
17340.0 2.102 1.658
16901.0 1.658 1.436
11897.0 1.436 1.529
6344.0 1.529 1.772
4253.0 1.772 2.329
4721.0 2.329 2.795
7295.0 2.795 2.538
10577.0 2.538 2.331
14737.0 2.331 1.914
17869.0 1.914 1.505
15959.0 1.505 1.384
11549.0 1.384 1.476
7569.0 1.476 1.669
4443.0 1.669 2.257
4391.0 2.257 2.709
6063.0 2.709 2.594
8311.0 2.594 2.56
11812.0 2.56 2.299
15584.0 2.299 1.877
17285.0 1.877 1.53
15577.0 1.53 1.412
11362.0 1.412 1.494
7462.0 1.494 1.698
4384.0 1.698 2.261
4329.0 2.261 2.713
6097.0 2.713 2.594
8437.0 2.594 2.53
11689.0 2.53 2.273
15385.0 2.273 1.856
17301.0 1.856 1.519
15561.0 1.519 1.402
11136.0 1.402 1.505
7400.0 1.505 1.706
4492.0 1.706 2.282
4387.0 2.282 2.738
6139.0 2.738 2.613
8537.0 2.613 2.552
11525.0 2.552 2.306
15173.0 2.306 1.906
17186.0 1.906 1.551
15674.0 1.551 1.422
11762.0 1.422 1.498
7858.0 1.498 1.72
4810.0 1.72 2.368
4176.0 2.368 3.0
5613.0 3.0 2.927
7879.0 2.927 2.905
10813.0 2.905 2.678
14053.0 2.678 2.289
16511.0 2.289 1.863
16121.0 1.863 1.652
12269.0 1.652 1.703
7763.0 1.703 1.952
4983.0 1.952 2.675
4389.0 2.675 3.21
6221.0 3.21 3.053
9332.0 3.053 2.894
12712.0 2.894 2.533
16177.0 2.533 2.052
17483.0 2.052 1.688
14879.0 1.688 1.61
10280.0 1.61 1.772
6844.0 1.772 2.027
4176.0 2.027 2.678
4797.0 2.678 3.214
7141.0 3.214 2.938
10177.0 2.938 2.736
13629.0 2.736 2.353
16590.0 2.353 1.912
16868.0 1.912 1.639
13816.0 1.639 1.614
9109.0 1.614 1.803
6031.0 1.803 2.089
4253.0 2.089 2.754
5650.0 2.754 2.683
8000.0 2.683 2.647
11405.0 2.647 2.379
14849.0 2.379 1.975
17427.0 1.975 1.592
15357.0 1.592 1.487
11286.0 1.487 1.583
7736.0 1.583 1.81
4706.0 1.81 2.44
4824.0 2.44 2.928
7140.0 2.928 2.678
10413.0 2.678 2.473
14761.0 2.473 2.012
18177.0 2.012 1.532
17520.0 1.532 1.316
11764.0 1.316 1.413
7242.0 1.413 1.64
4277.0 1.64 2.227
4329.0 2.227 2.672
6403.0 2.672 2.522
9940.0 2.522 2.341
12913.0 2.341 2.04
15869.0 2.04 1.679
16773.0 1.679 1.416
13445.0 1.416 1.411
8483.0 1.411 1.582
5245.0 1.582 1.853
4189.0 1.853 2.428
4312.0 2.428 2.913
6594.0 2.913 2.727
9825.0 2.727 2.549
13397.0 2.549 2.185
16651.0 2.185 1.754
16893.0 1.754 1.502
12917.0 1.502 1.526
7466.0 1.526 1.756
4372.0 1.756 2.346
4193.0 2.346 2.816
5815.0 2.816 2.724
8131.0 2.724 2.686
11680.0 2.686 2.398
14560.0 2.398 2.038
16018.0 2.038 1.732
14898.0 1.732 1.6
10506.0 1.6 1.725
7678.0 1.725 1.939
5446.0 1.939 2.229
4712.0 2.229 2.908
6204.0 2.908 2.768
9504.0 2.768 2.629
13848.0 2.629 2.195
17523.0 2.195 1.693
17850.0 1.693 1.411
13854.0 1.411 1.42
7572.0 1.42 1.645
4257.0 1.645 2.228
4347.0 2.228 2.674
6343.0 2.674 2.531
9886.0 2.531 2.351
13144.0 2.351 2.034
16580.0 2.034 1.613
17268.0 1.613 1.339
13956.0 1.339 1.321
8136.0 1.321 1.504
4338.0 1.504 2.06
4330.0 2.06 2.472
6462.0 2.472 2.328
9290.0 2.328 2.231
12935.0 2.231 1.944
16355.0 1.944 1.562
17287.0 1.562 1.285
13971.0 1.285 1.272
7944.0 1.272 1.456
4304.0 1.456 1.944
4443.0 1.944 2.332
7091.0 2.332 2.137
9675.0 2.137 2.022
13611.0 2.022 1.707
16895.0 1.707 1.361
16923.0 1.361 1.172
12924.0 1.172 1.197
8418.0 1.197 1.362
4472.0 1.362 1.878
4278.0 1.878 2.254
5157.0 2.254 2.24
8079.0 2.24 2.192
11802.0 2.192 1.967
15878.0 1.967 1.585
17514.0 1.585 1.292
14502.0 1.292 1.252
8826.0 1.252 1.433
4738.0 1.433 1.983
4348.0 1.983 2.479
5658.0 2.479 2.414
8420.0 2.414 2.353
12035.0 2.353 2.087
15487.0 2.087 1.709
17103.0 1.709 1.411
14887.0 1.411 1.336
9943.0 1.336 1.475
6287.0 1.475 1.689
4176.0 1.689 2.24
4803.0 2.24 2.688
7761.0 2.688 2.391
11184.0 2.391 2.172
15364.0 2.172 1.753
17444.0 1.753 1.414
16152.0 1.414 1.275
11832.0 1.275 1.34
7404.0 1.34 1.535
4318.0 1.535 2.08
4295.0 2.08 2.496
6757.0 2.496 2.321
9649.0 2.321 2.193
13681.0 2.193 1.839
17593.0 1.839 1.398
18537.0 1.398 1.127
13613.0 1.127 1.152
8277.0 1.152 1.341
4232.0 1.341 1.799
4628.0 1.799 2.159
6064.0 2.159 2.067
9074.0 2.067 1.968
12941.0 1.968 1.708
16773.0 1.708 1.352
17573.0 1.352 1.126
14195.0 1.126 1.108
9267.0 1.108 1.24
4767.0 1.24 1.711
4587.0 1.711 2.054
5867.0 2.054 1.982
8393.0 1.982 1.937
10707.0 1.937 1.804
13335.0 1.804 1.598
14910.0 1.598 1.392
14679.0 1.392 1.268
11766.0 1.268 1.297
8522.0 1.297 1.42
5748.0 1.42 1.596
5090.0 1.596 1.771
5088.0 1.771 1.945
7392.0 1.945 1.957
10382.0 1.957 1.803
14150.0 1.803 1.503
18090.0 1.503 1.147
16942.0 1.147 1.016
10648.0 1.016 1.136
5106.0 1.136 1.364
4312.0 1.364 1.776
5093.0 1.776 1.77
8181.0 1.77 1.731
10899.0 1.731 1.603
13815.0 1.603 1.386
14802.0 1.386 1.221
13482.0 1.221 1.17
11064.0 1.17 1.212
8132.0 1.212 1.329
5444.0 1.329 1.505
5304.0 1.505 1.652
5824.0 1.652 1.772
8200.0 1.772 1.758
11016.0 1.758 1.617
15252.0 1.617 1.314
17637.0 1.314 1.034
16572.0 1.034 1.0
10044.0 1.0 1.111
4742.0 1.111 1.557
4479.0 1.557 1.868
5773.0 1.868 1.81
8575.0 1.81 1.756
11423.0 1.756 1.595
14798.0 1.595 1.331
16463.0 1.331 1.111
14888.0 1.111 1.037
11864.0 1.037 1.07
6998.0 1.07 1.238
5152.0 1.238 1.424
4293.0 1.424 1.875
5339.0 1.875 1.849
8423.0 1.849 1.79
11383.0 1.79 1.617
15202.0 1.617 1.33
17335.0 1.33 1.068
16087.0 1.068 1.0
9502.0 1.0 1.141
4788.0 1.141 1.581
4382.0 1.581 1.897
5843.0 1.897 1.833
9033.0 1.833 1.748
12249.0 1.748 1.554
16989.0 1.554 1.189
18769.0 1.189 1.0
15013.0 1.0 1.0
9123.0 1.0 1.135
4235.0 1.135 1.552
4910.0 1.552 1.863
6608.0 1.863 1.743
9466.0 1.743 1.67
12372.0 1.67 1.479
15423.0 1.479 1.225
16434.0 1.225 1.043
13551.0 1.043 1.028
9285.0 1.028 1.134
4781.0 1.134 1.548
4724.0 1.548 1.858
6156.0 1.858 1.772
9412.0 1.772 1.671
12394.0 1.671 1.482
15958.0 1.482 1.198
17335.0 1.198 1.0
14407.0 1.0 1.0
9357.0 1.0 1.131
4559.0 1.131 1.57
4195.0 1.57 1.884
5870.0 1.884 1.818
8830.0 1.818 1.748
11718.0 1.748 1.574
15114.0 1.574 1.31
16659.0 1.31 1.096
15204.0 1.096 1.014
11626.0 1.014 1.054
6718.0 1.054 1.228
4666.0 1.228 1.639
4376.0 1.639 1.966
5773.0 1.966 1.906
8521.0 1.906 1.866
11667.0 1.866 1.683
15471.0 1.683 1.361
18407.0 1.361 1.061
16253.0 1.061 1.0
8924.0 1.0 1.147
4283.0 1.147 1.579
5251.0 1.579 1.563
6872.0 1.563 1.609
10426.0 1.609 1.495
13280.0 1.495 1.297
15731.0 1.297 1.084
15515.0 1.084 1.0
12621.0 1.0 1.013
8159.0 1.013 1.135
6036.0 1.135 1.299
4979.0 1.299 1.729
5028.0 1.729 1.727
8194.0 1.727 1.683
11350.0 1.683 1.525
15442.0 1.525 1.24
17389.0 1.24 1.0
15523.0 1.0 1.0
10977.0 1.0 1.076
5759.0 1.076 1.273
4176.0 1.273 1.696
4892.0 1.696 2.035
6631.0 2.035 1.902
9837.0 1.902 1.792
14070.0 1.792 1.502
17145.0 1.502 1.181
17245.0 1.181 1.011
12331.0 1.011 1.061
6631.0 1.061 1.254
4176.0 1.254 1.671
4477.0 1.671 2.006
5387.0 2.006 1.975
8555.0 1.975 1.906
11591.0 1.906 1.717
15512.0 1.717 1.398
18348.0 1.398 1.087
14848.0 1.087 1.058
9980.0 1.058 1.18
4682.0 1.18 1.644
4354.0 1.644 1.972
5102.0 1.972 1.964
8044.0 1.964 1.825
11036.0 1.825 1.669
14624.0 1.669 1.399
16577.0 1.399 1.159
15764.0 1.159 1.043
10775.0 1.043 1.125
6249.0 1.125 1.291
4874.0 1.291 1.726
4969.0 1.726 2.072
8035.0 2.072 1.82
10883.0 1.82 1.67
15104.0 1.67 1.359
17147.0 1.359 1.097
15977.0 1.097 1.0
10088.0 1.0 1.116
5038.0 1.116 1.339
4408.0 1.339 1.744
5202.0 1.744 1.73
8618.0 1.73 1.659
11786.0 1.659 1.502
15074.0 1.502 1.245
16427.0 1.245 1.055
13964.0 1.055 1.024
9960.0 1.024 1.108
5900.0 1.108 1.285
4660.0 1.285 1.685
5394.0 1.685 1.659
8892.0 1.659 1.583
12062.0 1.583 1.409
15797.0 1.409 1.141
17216.0 1.141 1.0
13916.0 1.0 1.0
8782.0 1.0 1.135
4310.0 1.135 1.526
5287.0 1.526 1.509
7145.0 1.509 1.459
10985.0 1.459 1.318
14695.0 1.318 1.097
17470.0 1.097 1.0
15709.0 1.0 1.0
10995.0 1.0 1.076
5525.0 1.076 1.291
4185.0 1.291 1.707
5177.0 1.707 1.695
8551.0 1.695 1.639
11603.0 1.639 1.474
15713.0 1.474 1.189
17168.0 1.189 1.0
14672.0 1.0 1.0
9874.0 1.0 1.108
4908.0 1.108 1.538
4243.0 1.538 1.943
5573.0 1.943 1.898
8805.0 1.898 1.834
11497.0 1.834 1.658
14479.0 1.658 1.413
16081.0 1.413 1.191
14782.0 1.191 1.108
10141.0 1.108 1.206
6229.0 1.206 1.387
5021.0 1.387 1.575
4725.0 1.575 1.969
6080.0 1.969 1.884
8838.0 1.884 1.807
11712.0 1.807 1.637
14739.0 1.637 1.387
15975.0 1.387 1.18
14592.0 1.18 1.104
9585.0 1.104 1.221
6123.0 1.221 1.403
5000.0 1.403 1.596
5364.0 1.596 1.743
8724.0 1.743 1.675
12216.0 1.675 1.482
16236.0 1.482 1.181
18210.0 1.181 1.0
16074.0 1.0 1.0
10856.0 1.0 1.085
5302.0 1.085 1.307
4176.0 1.307 1.638
5308.0 1.638 1.618
8938.0 1.618 1.547
11430.0 1.547 1.417
14877.0 1.417 1.182
15387.0 1.182 1.042
12768.0 1.042 1.034
8562.0 1.034 1.152
5320.0 1.152 1.332
5293.0 1.332 1.471
5754.0 1.471 1.58
8802.0 1.58 1.523
12476.0 1.523 1.343
16583.0 1.343 1.055
17879.0 1.055 1.0
13589.0 1.0 1.009
8119.0 1.009 1.16
5379.0 1.16 1.37
4180.0 1.37 1.838
4689.0 1.838 2.205
7675.0 2.205 1.969
11473.0 1.969 1.774
14986.0 1.774 1.478
17358.0 1.478 1.195
14578.0 1.195 1.152
8497.0 1.152 1.313
4577.0 1.313 1.798
4428.0 1.798 2.251
5443.0 2.251 2.211
8185.0 2.211 2.163
11338.0 2.163 1.955
14740.0 1.955 1.62
16612.0 1.62 1.332
15076.0 1.332 1.239
10408.0 1.239 1.346
6434.0 1.346 1.568
4393.0 1.568 1.983
5391.0 1.983 1.952
8379.0 1.952 1.891
10979.0 1.891 1.741
14129.0 1.741 1.492
16121.0 1.492 1.239
15434.0 1.239 1.112
11444.0 1.112 1.17
7258.0 1.17 1.345
4406.0 1.345 1.783
5432.0 1.783 1.752
8640.0 1.752 1.68
11680.0 1.68 1.52
15913.0 1.52 1.227
17380.0 1.227 1.01
14695.0 1.01 1.0
10155.0 1.0 1.09
5021.0 1.09 1.298
4187.0 1.298 1.623
5577.0 1.623 1.586
9365.0 1.586 1.494
12319.0 1.494 1.325
15346.0 1.325 1.114
15961.0 1.114 1.0
11863.0 1.0 1.042
7065.0 1.042 1.209
5004.0 1.209 1.406
4320.0 1.406 1.758
5789.0 1.758 1.702
9449.0 1.702 1.602
12461.0 1.602 1.41
15881.0 1.41 1.155
17060.0 1.155 1.0
13424.0 1.0 1.002
8458.0 1.002 1.136
4296.0 1.136 1.523
5110.0 1.523 1.516
7208.0 1.516 1.538
11102.0 1.538 1.382
15371.0 1.382 1.13
17279.0 1.13 1.0
14255.0 1.0 1.0
9457.0 1.0 1.106
4659.0 1.106 1.501
4593.0 1.501 1.802
6442.0 1.802 1.698
10168.0 1.698 1.57
14308.0 1.57 1.31
17068.0 1.31 1.047
16714.0 1.047 1.0
10822.0 1.0 1.092
5352.0 1.092 1.283
4248.0 1.283 1.687
5056.0 1.687 1.683
8816.0 1.683 1.607
12218.0 1.607 1.433
16019.0 1.433 1.162
17324.0 1.162 1.0
14243.0 1.0 1.0
9025.0 1.0 1.121
4311.0 1.121 1.511
4474.0 1.511 1.814
6612.0 1.814 1.697
10064.0 1.697 1.576
15371.0 1.576 1.257
18275.0 1.257 1.0
17513.0 1.0 1.0
10148.0 1.0 1.139
4510.0 1.139 1.562
4359.0 1.562 1.874
5671.0 1.874 1.824
8753.0 1.824 1.765
11755.0 1.765 1.595
15037.0 1.595 1.329
16789.0 1.329 1.092
14686.0 1.092 1.034
10974.0 1.034 1.097
6316.0 1.097 1.276
4577.0 1.276 1.708
4543.0 1.708 2.05
5730.0 2.05 1.99
9166.0 1.99 1.9
13906.0 1.9 1.577
17958.0 1.577 1.197
17786.0 1.197 1.016
12245.0 1.016 1.075
6363.0 1.075 1.264
4202.0 1.264 1.711
4286.0 1.711 2.053
5397.0 2.053 2.021
8257.0 2.021 1.979
11405.0 1.979 1.778
15065.0 1.778 1.462
17989.0 1.462 1.145
15541.0 1.145 1.075
8785.0 1.075 1.233
4176.0 1.233 1.679
4801.0 1.679 2.015
6659.0 2.015 1.882
9785.0 1.882 1.765
13874.0 1.765 1.495
16991.0 1.495 1.191
17067.0 1.191 1.022
12429.0 1.022 1.073
7071.0 1.073 1.243
4825.0 1.243 1.705
4182.0 1.705 2.046
4864.0 2.046 2.455
7612.0 2.455 2.199
11488.0 2.199 1.979
14830.0 1.979 1.642
17662.0 1.642 1.281
16494.0 1.281 1.14
11412.0 1.14 1.224
6422.0 1.224 1.444
4475.0 1.444 1.953
4713.0 1.953 2.344
7319.0 2.344 2.126
10619.0 2.126 1.975
13820.0 1.975 1.695
16704.0 1.695 1.378
15748.0 1.378 1.241
11803.0 1.241 1.299
7509.0 1.299 1.481
4583.0 1.481 1.998
4476.0 1.998 2.397
6940.0 2.397 2.211
9554.0 2.211 2.109
13046.0 2.109 1.84
16174.0 1.84 1.502
16714.0 1.502 1.282
14203.0 1.282 1.246
8548.0 1.246 1.43
4812.0 1.43 1.976
4332.0 1.976 2.372
6126.0 2.372 2.265
8830.0 2.265 2.186
12340.0 2.186 1.937
15696.0 1.937 1.593
16564.0 1.593 1.356
13504.0 1.356 1.344
8173.0 1.344 1.515
4755.0 1.515 2.059
4176.0 2.059 2.584
6232.0 2.584 2.457
8682.0 2.457 2.383
12564.0 2.383 2.061
17032.0 2.061 1.597
18629.0 1.597 1.263
14693.0 1.263 1.245
7907.0 1.245 1.459
4194.0 1.459 1.977
4354.0 1.977 2.372
6812.0 2.372 2.326
9520.0 2.326 2.208
12904.0 2.208 1.934
16504.0 1.934 1.541
17180.0 1.541 1.291
13728.0 1.291 1.28
7371.0 1.28 1.486
4315.0 1.486 2.022
4466.0 2.022 2.426
7030.0 2.426 2.229
10696.0 2.229 2.036
14029.0 2.036 1.735
17257.0 1.735 1.375
16937.0 1.375 1.19
12698.0 1.19 1.225
8080.0 1.225 1.376
4364.0 1.376 1.845
4416.0 1.845 2.214
5550.0 2.214 2.166
8420.0 2.166 2.121
12176.0 2.121 1.876
15736.0 1.876 1.536
16704.0 1.536 1.297
13356.0 1.297 1.295
7755.0 1.295 1.498
4617.0 1.498 2.051
4461.0 2.051 2.566
6893.0 2.566 2.371
10541.0 2.371 2.169
14051.0 2.169 1.808
17455.0 1.808 1.405
17503.0 1.405 1.188
14170.0 1.188 1.175
9776.0 1.175 1.315
5058.0 1.315 1.546
4321.0 1.546 2.017
4671.0 2.017 2.421
7385.0 2.421 2.19
11114.0 2.19 1.976
14243.0 1.976 1.681
16971.0 1.681 1.368
15607.0 1.368 1.252
11113.0 1.252 1.338
7027.0 1.338 1.546
4227.0 1.546 2.071
4685.0 2.071 2.485
7447.0 2.485 2.242
10858.0 2.242 2.047
14254.0 2.047 1.724
16986.0 1.724 1.383
16202.0 1.383 1.228
11906.0 1.228 1.291
7394.0 1.291 1.466
4204.0 1.466 1.998
4514.0 1.998 2.398
7398.0 2.398 2.168
11025.0 2.168 1.96
14286.0 1.96 1.661
17038.0 1.661 1.326
15762.0 1.326 1.207
11175.0 1.207 1.281
6841.0 1.281 1.473
4367.0 1.473 1.868
5183.0 1.868 1.854
8487.0 1.854 1.785
11557.0 1.785 1.616
15340.0 1.616 1.32
17050.0 1.32 1.087
15664.0 1.087 1.0
9652.0 1.0 1.126
4686.0 1.126 1.568
4382.0 1.568 1.881
5798.0 1.881 1.821
9166.0 1.821 1.726
11986.0 1.726 1.536
15787.0 1.536 1.236
17014.0 1.236 1.029
14905.0 1.029 1.0
10331.0 1.0 1.1
5113.0 1.1 1.313
4302.0 1.313 1.728
5426.0 1.728 1.699
9090.0 1.699 1.614
12164.0 1.614 1.443
15953.0 1.443 1.154
16868.0 1.154 1.0
13733.0 1.0 1.0
8851.0 1.0 1.115
4557.0 1.115 1.51
4970.0 1.51 1.812
7018.0 1.812 1.665
10292.0 1.665 1.542
14813.0 1.542 1.266
17276.0 1.266 1.02
15983.0 1.02 1.0
11847.0 1.0 1.048
6629.0 1.048 1.207
4787.0 1.207 1.603
4402.0 1.603 1.924
6190.0 1.924 1.833
9170.0 1.833 1.76
11964.0 1.76 1.588
15624.0 1.588 1.291
16971.0 1.291 1.069
14640.0 1.069 1.018
10504.0 1.018 1.104
5668.0 1.104 1.286
4222.0 1.286 1.688
4756.0 1.688 2.025
6554.0 2.025 1.899
9888.0 1.899 1.783
13764.0 1.783 1.497
16686.0 1.497 1.197
16809.0 1.197 1.025
13281.0 1.025 1.033
8383.0 1.033 1.176
4234.0 1.176 1.589
5229.0 1.589 1.575
7138.0 1.575 1.522
11026.0 1.522 1.378
13704.0 1.378 1.196
16059.0 1.196 1.0
14283.0 1.0 1.0
10493.0 1.0 1.066
5947.0 1.066 1.226
4996.0 1.226 1.614
4993.0 1.614 1.937
6480.0 1.937 1.822
10022.0 1.822 1.688
14513.0 1.688 1.368
17306.0 1.368 1.073
17255.0 1.073 1.0
11873.0 1.0 1.065
6235.0 1.065 1.27
4185.0 1.27 1.675
4702.0 1.675 2.009
6210.0 2.009 1.912
9394.0 1.912 1.821
13447.0 1.821 1.548
16243.0 1.548 1.259
16930.0 1.259 1.061
14029.0 1.061 1.039
9279.0 1.039 1.159
5119.0 1.159 1.361
4489.0 1.361 1.773
6012.0 1.773 1.701
9586.0 1.701 1.604
12842.0 1.604 1.406
16112.0 1.406 1.135
16733.0 1.135 1.0
12890.0 1.0 1.017
7756.0 1.017 1.158
5501.0 1.158 1.334
4328.0 1.334 1.747
5004.0 1.747 1.746
8604.0 1.746 1.689
11950.0 1.689 1.508
16015.0 1.508 1.208
17353.0 1.208 1.0
14515.0 1.0 1.0
9801.0 1.0 1.104
5003.0 1.104 1.33
4239.0 1.33 1.662
5866.0 1.662 1.605
9646.0 1.605 1.499
12724.0 1.499 1.31
16309.0 1.31 1.052
16621.0 1.052 1.0
11776.0 1.0 1.06
6390.0 1.06 1.231
4471.0 1.231 1.645
4387.0 1.645 1.974
5720.0 1.974 1.917
9006.0 1.917 1.831
13428.0 1.831 1.542
16893.0 1.542 1.213
18253.0 1.213 1.0
13909.0 1.0 1.011
8103.0 1.011 1.184
5287.0 1.184 1.379
4266.0 1.379 1.803
4391.0 1.803 2.164
5587.0 2.164 2.113
8449.0 2.113 2.052
12418.0 2.052 1.792
16614.0 1.792 1.4
17918.0 1.4 1.136
15194.0 1.136 1.08
8264.0 1.08 1.269
4361.0 1.269 1.733
4929.0 1.733 2.079
8115.0 2.079 1.938
10995.0 1.938 1.772
14637.0 1.772 1.474
17581.0 1.474 1.166
15989.0 1.166 1.066
9281.0 1.066 1.21
4517.0 1.21 1.648
4273.0 1.648 1.978
5364.0 1.978 1.949
8246.0 1.949 1.907
11422.0 1.907 1.715
15268.0 1.715 1.401
18504.0 1.401 1.067
15560.0 1.067 1.011
10736.0 1.011 1.108
4866.0 1.108 1.534
4401.0 1.534 1.841
5530.0 1.841 1.802
8532.0 1.802 1.746
10998.0 1.746 1.606
14541.0 1.606 1.354
16149.0 1.354 1.127
14907.0 1.127 1.049
11679.0 1.049 1.084
7327.0 1.084 1.237
5413.0 1.237 1.405
4549.0 1.405 1.842
5594.0 1.842 1.798
8516.0 1.798 1.744
11466.0 1.744 1.588
15075.0 1.588 1.31
16671.0 1.31 1.093
14802.0 1.093 1.029
11184.0 1.029 1.079
6274.0 1.079 1.264
4742.0 1.264 1.675
4697.0 1.675 2.01
6206.0 2.01 1.913
8972.0 1.913 1.839
13112.0 1.839 1.571
16220.0 1.571 1.264
16636.0 1.264 1.087
13300.0 1.087 1.09
8340.0 1.09 1.234
4280.0 1.234 1.691
4340.0 1.691 2.03
6150.0 2.03 1.936
8998.0 1.936 1.854
12712.0 1.854 1.62
15847.0 1.62 1.319
17159.0 1.319 1.1
13913.0 1.1 1.085
9143.0 1.085 1.212
4741.0 1.212 1.645
4445.0 1.645 2.057
5777.0 2.057 1.993
8735.0 1.993 1.912
12482.0 1.912 1.675
15947.0 1.675 1.346
17283.0 1.346 1.118
14502.0 1.118 1.079
10060.0 1.079 1.185
5662.0 1.185 1.388
4328.0 1.388 1.842
4839.0 1.842 2.21
7845.0 2.21 2.075
11667.0 2.075 1.844
15165.0 1.844 1.508
17593.0 1.508 1.212
15177.0 1.212 1.148
8976.0 1.148 1.304
4586.0 1.304 1.799
4197.0 1.799 2.159
5130.0 2.159 2.148
7974.0 2.148 2.121
12219.0 2.121 1.855
16703.0 1.855 1.447
18563.0 1.447 1.138
14531.0 1.138 1.125
9847.0 1.125 1.248
4663.0 1.248 1.709
4326.0 1.709 2.051
5348.0 2.051 2.023
7948.0 2.023 1.892
10768.0 1.892 1.752
14512.0 1.752 1.46
17400.0 1.46 1.165
15180.0 1.165 1.097
8721.0 1.097 1.245
4577.0 1.245 1.697
4288.0 1.697 2.036
5442.0 2.036 2.0
8400.0 2.0 1.95
11462.0 1.95 1.76
15269.0 1.76 1.431
18253.0 1.431 1.106
15393.0 1.106 1.05
7944.0 1.05 1.232
5529.0 1.232 1.424
4213.0 1.424 1.914
4253.0 1.914 2.296
5467.0 2.296 2.254
8359.0 2.254 2.199
11815.0 2.199 1.962
14767.0 1.962 1.655
15939.0 1.655 1.422
13579.0 1.422 1.389
9115.0 1.389 1.527
5941.0 1.527 1.757
4787.0 1.757 2.302
5523.0 2.302 2.253
7927.0 2.253 2.243
11383.0 2.243 2.024
14635.0 2.024 1.697
15915.0 1.697 1.446
14067.0 1.446 1.384
10068.0 1.384 1.5
6930.0 1.5 1.692
4826.0 1.692 2.272
4707.0 2.272 2.857
6849.0 2.857 2.645
9990.0 2.645 2.482
13598.0 2.482 2.125
16278.0 2.125 1.712
16652.0 1.712 1.476
13048.0 1.476 1.489
7885.0 1.489 1.693
4773.0 1.693 2.314
4211.0 2.314 2.896
5280.0 2.896 2.864
7260.0 2.864 2.756
10254.0 2.756 2.563
13282.0 2.563 2.24
16374.0 2.24 1.816
15579.0 1.816 1.642
11419.0 1.642 1.736
7156.0 1.736 2.012
4818.0 2.012 2.688
4824.0 2.688 3.226
6688.0 3.226 3.008
9250.0 3.008 2.903
12046.0 2.903 2.615
15052.0 2.615 2.191
15702.0 2.191 1.909
13395.0 1.909 1.867
9051.0 1.867 2.064
5976.0 2.064 2.351
4848.0 2.351 3.114
5308.0 3.114 3.233
6520.0 3.233 3.208
9016.0 3.208 3.116
12596.0 3.116 2.724
16098.0 2.724 2.184
17820.0 2.184 1.774
15364.0 1.774 1.676
9588.0 1.676 1.861
6314.0 1.861 2.157
4219.0 2.157 2.844
4979.0 2.844 3.413
6935.0 3.413 3.149
9422.0 3.149 3.016
12550.0 3.016 2.67
15434.0 2.67 2.197
16750.0 2.197 1.837
14330.0 1.837 1.764
9206.0 1.764 1.965
6684.0 1.965 2.221
4806.0 2.221 2.978
4422.0 2.978 3.724
6142.0 3.724 3.554
8326.0 3.554 3.502
11166.0 3.502 3.2
14310.0 3.2 2.705
16620.0 2.705 2.218
15774.0 2.218 1.996
11518.0 1.996 2.11
7810.0 2.11 2.393
5768.0 2.393 2.722
4756.0 2.722 3.61
5186.0 3.61 3.583
7238.0 3.583 3.629
10242.0 3.629 3.376
13559.0 3.376 2.89
16439.0 2.89 2.342
16457.0 2.342 2.032
13122.0 2.032 2.039
8250.0 2.039 2.324
5760.0 2.324 2.695
4187.0 2.695 3.586
4745.0 3.586 4.304
6752.0 4.304 4.002
9068.0 4.002 3.87
11874.0 3.87 3.516
14742.0 3.516 2.978
16072.0 2.978 2.515
14344.0 2.515 2.38
10574.0 2.38 2.525
7823.0 2.525 2.776
5516.0 2.776 3.162
4724.0 3.162 4.143
5262.0 4.143 4.1
7209.0 4.1 3.953
9553.0 3.953 3.807
12560.0 3.807 3.387
15794.0 3.387 2.769
17152.0 2.769 2.285
14980.0 2.285 2.158
10103.0 2.158 2.357
6257.0 2.357 2.711
4549.0 2.711 3.645
4413.0 3.645 4.573
5491.0 4.573 4.483
7006.0 4.483 4.37
9466.0 4.37 4.18
11729.0 4.18 3.816
14225.0 3.816 3.275
15779.0 3.275 2.793
14526.0 2.793 2.609
11334.0 2.609 2.719
8042.0 2.719 3.0
5777.0 3.0 3.406
4805.0 3.406 4.479
5221.0 4.479 4.439
6787.0 4.439 4.353
9087.0 4.353 4.22
11651.0 4.22 3.857
14681.0 3.857 3.235
16571.0 3.235 2.675
15430.0 2.675 2.438
11904.0 2.438 2.525
7872.0 2.525 2.825
5313.0 2.825 3.258
4375.0 3.258 4.307
4817.0 4.307 5.4
6410.0 5.4 5.096
8838.0 5.096 4.972
11412.0 4.972 4.566
14135.0 4.566 3.923
15799.0 3.923 3.317
14871.0 3.317 3.047
11775.0 3.047 3.143
8163.0 3.143 3.462
5559.0 3.462 3.946
4707.0 3.946 5.176
5679.0 5.176 5.035
7551.0 5.035 5.087
9918.0 5.087 4.833
12390.0 4.833 4.334
15374.0 4.334 3.621
16414.0 3.621 3.068
14138.0 3.068 2.949
10052.0 2.949 3.213
7080.0 3.213 3.647
5409.0 3.647 4.159
4425.0 4.159 5.444
5472.0 5.444 5.342
7416.0 5.342 5.408
9759.0 5.408 5.149
12853.0 5.149 4.522
15441.0 4.522 3.725
16353.0 3.725 3.126
13925.0 3.126 3.034
9641.0 3.034 3.305
6569.0 3.305 3.726
4952.0 3.726 5.005
4283.0 5.005 6.006
5270.0 6.006 5.941
6954.0 5.941 5.79
9173.0 5.79 5.583
12568.0 5.583 4.903
16255.0 4.903 3.912
17757.0 3.912 3.158
14958.0 3.158 3.026
9912.0 3.026 3.34
6136.0 3.34 3.884
4261.0 3.884 5.244
4260.0 5.244 6.568
5055.0 6.568 6.554
6463.0 6.554 6.502
8395.0 6.502 6.463
11062.0 6.463 5.97
14083.0 5.97 5.095
16313.0 5.095 4.194
16281.0 4.194 3.655
12855.0 3.655 3.708
8901.0 3.708 4.102
6257.0 4.102 4.638
4405.0 4.638 6.178
4253.0 6.178 7.414
5757.0 7.414 7.189
7575.0 7.189 7.261
9934.0 7.261 6.867
13075.0 6.867 5.971
15589.0 5.971 4.978
16681.0 4.978 4.195
14663.0 4.195 3.972
10571.0 3.972 4.249
7501.0 4.249 4.789
5513.0 4.789 5.459
4505.0 5.459 7.215
4516.0 7.215 9.029
5716.0 9.029 8.77
7571.0 8.77 8.86
9863.0 8.86 8.44
12568.0 8.44 7.515
15276.0 7.515 6.298
16256.0 6.298 5.368
14363.0 5.368 5.091
10729.0 5.091 5.421
7432.0 5.421 6.142
5606.0 6.142 6.942
4611.0 6.942 9.093
4619.0 9.093 10.912
