5520.0 1.0 1.0
5520.0 1.0 1.179
5520.0 1.179 1.284
4559.0 1.284 1.681
4353.0 1.681 2.018
4360.0 2.018 2.421
4578.0 2.421 2.905
4176.0 2.905 3.486
4534.0 3.486 4.184
4176.0 4.184 5.02
4567.0 5.02 6.024
5485.0 6.024 5.908
7689.0 5.908 5.926
10785.0 5.926 5.468
14925.0 5.468 4.482
18627.0 4.482 3.369
18687.0 3.369 2.755
14675.0 2.755 2.728
9173.0 2.728 3.093
5765.0 3.093 3.575
4176.0 3.575 4.497
4214.0 4.497 5.396
5132.0 5.396 5.367
7692.0 5.367 5.349
11251.0 5.349 4.812
16427.0 4.812 3.684
21053.0 3.684 2.669
19711.0 2.669 2.166
13180.0 2.166 2.306
6652.0 2.306 2.767
4225.0 2.767 3.694
4256.0 3.694 4.433
4316.0 4.433 5.319
5321.0 5.319 5.251
7705.0 5.251 5.248
11509.0 5.248 4.682
16697.0 4.682 3.566
20581.0 3.566 2.618
19681.0 2.618 2.128
12639.0 2.128 2.307
6087.0 2.307 2.783
4176.0 2.783 3.674
4176.0 3.674 4.409
4453.0 4.409 5.29
5929.0 5.29 5.094
8785.0 5.094 4.913
13033.0 4.913 4.202
18097.0 4.202 3.098
21013.0 3.098 2.365
17845.0 2.365 2.096
11582.0 2.096 2.303
6800.0 2.303 2.714
4176.0 2.714 3.625
4320.0 3.625 4.35
4283.0 4.35 5.22
5516.0 5.22 5.113
8452.0 5.113 4.976
12820.0 4.976 4.278
17892.0 4.278 3.159
20832.0 3.159 2.39
18088.0 2.39 2.095
10828.0 2.095 2.355
5956.0 2.355 2.811
4352.0 2.811 3.696
4315.0 3.696 4.435
4533.0 4.435 5.322
6297.0 5.322 5.046
9189.0 5.046 4.807
13509.0 4.807 4.061
18773.0 4.061 2.917
21241.0 2.917 2.264
17225.0 2.264 2.062
10409.0 2.062 2.341
5345.0 2.341 2.787
4193.0 2.787 3.64
4356.0 3.64 4.368
4756.0 4.368 5.242
6433.0 5.242 4.942
9229.0 4.942 4.731
13423.0 4.731 4.006
18043.0 4.006 2.978
20239.0 2.978 2.252
16871.0 2.252 2.084
10128.0 2.084 2.353
4938.0 2.353 3.302
4215.0 3.302 3.962
4304.0 3.962 4.755
5216.0 4.755 4.714
7448.0 4.714 4.745
11592.0 4.745 4.221
16352.0 4.221 3.284
20267.0 3.284 2.386
19515.0 2.386 1.955
13227.0 1.955 2.081
6279.0 2.081 2.518
4176.0 2.518 3.358
4220.0 3.358 4.03
4812.0 4.03 4.836
6756.0 4.836 4.496
10268.0 4.496 4.152
14870.0 4.152 3.364
19598.0 3.364 2.398
20426.0 2.398 1.903
15674.0 1.903 1.852
8670.0 1.852 2.197
4838.0 2.197 3.035
4518.0 3.035 3.91
4312.0 3.91 4.692
4864.0 4.692 5.63
6856.0 5.63 5.212
10444.0 5.212 4.793
15316.0 4.793 3.831
20206.0 3.831 2.704
20752.0 2.704 2.163
15180.0 2.163 2.148
8884.0 2.148 2.469
4176.0 2.469 3.377
4209.0 3.377 4.053
4462.0 4.053 4.863
5518.0 4.863 4.762
8734.0 4.762 4.576
12553.0 4.576 3.974
17110.0 3.974 3.034
20497.0 3.034 2.261
18133.0 2.261 1.978
11801.0 1.978 2.168
6632.0 2.168 2.551
4176.0 2.551 3.401
4306.0 3.401 4.081
4762.0 4.081 4.898
6367.0 4.898 4.63
9551.0 4.63 4.37
14231.0 4.37 3.595
19347.0 3.595 2.543
20877.0 2.543 2.002
15599.0 2.002 1.954
9223.0 1.954 2.249
4176.0 2.249 3.069
4224.0 3.069 3.683
4768.0 3.683 4.419
7213.0 4.419 4.254
10489.0 4.254 3.926
15127.0 3.926 3.156
19507.0 3.156 2.266
19519.0 2.266 1.822
13447.0 1.822 1.924
8020.0 1.924 2.208
4532.0 2.208 3.006
4176.0 3.006 3.608
4548.0 3.608 4.329
5578.0 4.329 4.229
8209.0 4.229 4.145
12588.0 4.145 3.593
17978.0 3.593 2.637
21094.0 2.637 1.991
17993.0 1.991 1.752
10806.0 1.752 1.987
4830.0 1.987 2.787
4322.0 2.787 3.345
4446.0 3.345 4.014
5948.0 4.014 3.861
9212.0 3.861 3.669
14153.0 3.669 2.982
19795.0 2.982 2.068
21475.0 2.068 1.636
16369.0 1.636 1.547
8405.0 1.547 1.824
4300.0 1.824 2.47
4197.0 2.47 2.964
4445.0 2.964 3.557
5633.0 3.557 3.467
9092.0 3.467 3.303
13288.0 3.303 2.765
18694.0 2.765 1.998
20913.0 1.998 1.556
16993.0 1.556 1.432
8549.0 1.432 1.733
4181.0 1.733 2.344
4294.0 2.344 3.021
4681.0 3.021 3.625
5893.0 3.625 3.495
9655.0 3.495 3.268
14267.0 3.268 2.676
19427.0 2.676 1.89
21191.0 1.89 1.492
16145.0 1.492 1.424
9749.0 1.424 1.648
4689.0 1.648 2.277
4187.0 2.277 2.952
4715.0 2.952 3.543
5713.0 3.543 3.442
8641.0 3.442 3.342
12685.0 3.342 2.901
17431.0 2.901 2.189
19447.0 2.189 1.676
16123.0 1.676 1.582
9227.0 1.582 1.843
5103.0 1.843 2.177
4348.0 2.177 2.723
5246.0 2.723 2.696
7946.0 2.696 2.52
12662.0 2.52 2.143
17734.0 2.143 1.575
21297.0 1.575 1.19
18905.0 1.19 1.004
11555.0 1.004 1.116
4727.0 1.116 1.56
4241.0 1.56 1.982
4700.0 1.982 2.378
6928.0 2.378 2.195
10158.0 2.195 2.041
14826.0 2.041 1.635
19270.0 1.635 1.185
19694.0 1.185 1.0
14774.0 1.0 1.006
8212.0 1.006 1.193
5107.0 1.193 1.406
4213.0 1.406 1.759
4462.0 1.759 2.111
5876.0 2.111 2.037
9380.0 2.037 1.91
14579.0 1.91 1.54
19991.0 1.54 1.065
20135.0 1.065 1.0
13730.0 1.0 1.048
6916.0 1.048 1.261
4253.0 1.261 1.73
4422.0 1.73 2.076
4747.0 2.076 2.491
7529.0 2.491 2.239
12224.0 2.239 1.922
17380.0 1.922 1.443
19872.0 1.443 1.073
16784.0 1.073 1.0
8372.0 1.0 1.182
5133.0 1.182 1.383
4227.0 1.383 1.73
4507.0 1.73 2.076
5925.0 2.076 1.999
9295.0 1.999 1.876
14512.0 1.876 1.529
19176.0 1.529 1.103
18828.0 1.103 1.0
12735.0 1.0 1.062
6005.0 1.062 1.278
4400.0 1.278 1.679
4467.0 1.679 2.015
5316.0 2.015 1.989
9364.0 1.989 1.872
14770.0 1.872 1.494
19822.0 1.494 1.056
20134.0 1.056 1.0
13945.0 1.0 1.042
7131.0 1.042 1.228
4176.0 1.228 1.676
4348.0 1.676 2.011
4935.0 2.011 2.413
8377.0 2.413 2.087
13582.0 2.087 1.711
19486.0 1.711 1.174
21658.0 1.174 1.0
15394.0 1.0 1.0
8832.0 1.0 1.156
4206.0 1.156 1.547
4917.0 1.547 1.857
6849.0 1.857 1.719
10853.0 1.719 1.547
16778.0 1.547 1.168
20726.0 1.168 1.0
17765.0 1.0 1.0
8804.0 1.0 1.175
4254.0 1.175 1.615
4917.0 1.615 1.938
6238.0 1.938 1.842
10036.0 1.842 1.694
14926.0 1.694 1.369
18277.0 1.369 1.042
18163.0 1.042 1.0
12502.0 1.0 1.064
6696.0 1.064 1.26
4221.0 1.26 1.72
4242.0 1.72 2.064
5212.0 2.064 2.047
9208.0 2.047 1.809
15307.0 1.809 1.411
21071.0 1.411 1.0
20975.0 1.0 1.0
13358.0 1.0 1.066
6460.0 1.066 1.283
4176.0 1.283 1.712
4251.0 1.712 2.055
4820.0 2.055 2.466
8022.0 2.466 2.293
13707.0 2.293 1.849
19299.0 1.849 1.288
22321.0 1.288 1.015
16333.0 1.015 1.0
9851.0 1.0 1.158
4252.0 1.158 1.618
4222.0 1.618 1.942
5470.0 1.942 1.905
8950.0 1.905 1.806
14383.0 1.806 1.473
19283.0 1.473 1.058
19199.0 1.058 1.0
12224.0 1.0 1.103
5662.0 1.103 1.317
4226.0 1.317 1.759
4380.0 1.759 2.11
5373.0 2.11 2.079
9463.0 2.079 1.949
14662.0 1.949 1.553
18162.0 1.553 1.185
15890.0 1.185 1.099
8873.0 1.099 1.26
4295.0 1.26 1.738
4403.0 1.738 2.086
6011.0 2.086 2.001
10091.0 2.001 1.82
15236.0 1.82 1.429
20108.0 1.429 1.006
18808.0 1.006 1.0
10324.0 1.0 1.165
4176.0 1.165 1.64
4335.0 1.64 1.968
5316.0 1.968 1.943
9752.0 1.943 1.779
16199.0 1.779 1.322
21991.0 1.322 1.0
20627.0 1.0 1.0
12590.0 1.0 1.096
5692.0 1.096 1.344
4176.0 1.344 1.816
4529.0 1.816 2.18
5843.0 2.18 2.106
9013.0 2.106 2.003
14032.0 2.003 1.637
18584.0 1.637 1.197
19116.0 1.197 1.0
13899.0 1.0 1.027
7505.0 1.027 1.21
4658.0 1.21 1.633
4365.0 1.633 1.959
4828.0 1.959 2.351
9142.0 2.351 2.097
14659.0 2.097 1.67
18123.0 1.67 1.287
17299.0 1.287 1.12
11380.0 1.12 1.235
6122.0 1.235 1.469
4238.0 1.469 1.952
4583.0 1.952 2.342
6513.0 2.342 2.201
8961.0 2.201 2.116
12147.0 2.116 1.884
14747.0 1.884 1.608
15547.0 1.608 1.413
13399.0 1.413 1.377
9241.0 1.377 1.522
6467.0 1.522 1.727
4773.0 1.727 2.297
4923.0 2.297 2.888
6387.0 2.888 2.881
8700.0 2.881 2.826
11244.0 2.826 2.596
14324.0 2.596 2.185
17038.0 2.185 1.759
16020.0 1.759 1.579
11852.0 1.579 1.663
6644.0 1.663 1.929
4486.0 1.929 2.596
4826.0 2.596 3.115
7138.0 3.115 3.008
10009.0 3.008 2.831
13981.0 2.831 2.355
17042.0 2.355 1.849
17671.0 1.849 1.541
14599.0 1.541 1.498
9244.0 1.498 1.682
5612.0 1.682 1.985
4463.0 1.985 2.493
6705.0 2.493 2.323
8917.0 2.323 2.244
12793.0 2.244 1.958
16805.0 1.958 1.543
18369.0 1.543 1.231
14785.0 1.231 1.198
8065.0 1.198 1.394
4432.0 1.394 1.891
4550.0 1.891 2.27
7546.0 2.27 2.038
11080.0 2.038 1.855
13768.0 1.855 1.608
16048.0 1.608 1.351
14612.0 1.351 1.27
10052.0 1.27 1.392
6490.0 1.392 1.577
4436.0 1.577 2.079
5210.0 2.079 2.062
7920.0 2.062 1.928
10898.0 1.928 1.765
14639.0 1.765 1.462
17419.0 1.462 1.176
15231.0 1.176 1.106
8715.0 1.106 1.271
4693.0 1.271 1.741
4331.0 1.741 2.089
5275.0 2.089 2.066
8361.0 2.066 2.005
12645.0 2.005 1.734
16545.0 1.734 1.382
17725.0 1.382 1.138
14761.0 1.138 1.097
9831.0 1.097 1.214
4591.0 1.214 1.666
4176.0 1.666 2.112
4902.0 2.112 2.535
7572.0 2.535 2.274
11268.0 2.274 2.067
15224.0 2.067 1.697
17024.0 1.697 1.4
15088.0 1.4 1.312
10336.0 1.312 1.438
6528.0 1.438 1.668
4276.0 1.668 2.202
4776.0 2.202 2.643
7436.0 2.643 2.385
10868.0 2.385 2.167
14592.0 2.167 1.816
17060.0 1.816 1.463
16264.0 1.463 1.303
12304.0 1.303 1.349
8412.0 1.349 1.506
4958.0 1.506 2.061
4252.0 2.061 2.473
6050.0 2.473 2.369
8710.0 2.369 2.281
12376.0 2.281 2.007
15624.0 2.007 1.639
16936.0 1.639 1.366
14460.0 1.366 1.312
9270.0 1.312 1.468
5636.0 1.468 1.702
4248.0 1.702 2.236
4574.0 2.236 2.683
7098.0 2.683 2.458
10422.0 2.458 2.278
14482.0 2.278 1.887
16786.0 1.887 1.533
16018.0 1.533 1.365
12679.0 1.365 1.389
7300.0 1.389 1.596
4460.0 1.596 2.122
4755.0 2.122 2.546
7125.0 2.546 2.33
10866.0 2.33 2.108
13764.0 2.108 1.825
16300.0 1.825 1.5
15928.0 1.5 1.333
12469.0 1.333 1.358
9115.0 1.358 1.472
5749.0 1.472 1.695
4562.0 1.695 2.228
6045.0 2.228 2.135
8879.0 2.135 2.051
13811.0 2.051 1.692
18591.0 1.692 1.247
19535.0 1.247 1.0
14834.0 1.0 1.0
8272.0 1.0 1.165
5033.0 1.165 1.356
4304.0 1.356 1.696
4626.0 1.696 2.035
6281.0 2.035 1.931
9403.0 1.931 1.826
13918.0 1.826 1.514
17342.0 1.514 1.185
16438.0 1.185 1.054
10672.0 1.054 1.163
5484.0 1.163 1.382
4217.0 1.382 1.734
5029.0 1.734 1.732
8557.0 1.732 1.573
12075.0 1.573 1.401
15951.0 1.401 1.128
17598.0 1.128 1.0
14196.0 1.0 1.0
9062.0 1.0 1.113
4207.0 1.113 1.523
4991.0 1.523 1.827
6584.0 1.827 1.712
10108.0 1.712 1.585
14539.0 1.585 1.312
17452.0 1.312 1.033
16528.0 1.033 1.0
10549.0 1.0 1.094
5415.0 1.094 1.308
4436.0 1.308 1.71
5538.0 1.71 1.673
9098.0 1.673 1.582
11938.0 1.582 1.415
15160.0 1.415 1.187
15988.0 1.187 1.027
12619.0 1.027 1.043
8267.0 1.043 1.183
4829.0 1.183 1.596
4579.0 1.596 1.915
6091.0 1.915 1.832
9619.0 1.832 1.715
14095.0 1.715 1.439
17131.0 1.439 1.132
17410.0 1.132 1.0
12661.0 1.0 1.039
7023.0 1.039 1.203
4773.0 1.203 1.609
4475.0 1.609 1.93
5692.0 1.93 1.877
9120.0 1.877 1.78
13176.0 1.78 1.529
15993.0 1.529 1.257
16470.0 1.257 1.079
13272.0 1.079 1.077
8704.0 1.077 1.197
4608.0 1.197 1.647
4520.0 1.647 1.976
6027.0 1.976 1.895
9323.0 1.895 1.808
13424.0 1.808 1.533
16460.0 1.533 1.245
17231.0 1.245 1.037
13586.0 1.037 1.036
8974.0 1.036 1.144
4514.0 1.144 1.543
4509.0 1.543 1.852
6091.0 1.852 1.771
9569.0 1.771 1.664
14246.0 1.664 1.376
17078.0 1.376 1.091
16976.0 1.091 1.0
11882.0 1.0 1.06
6328.0 1.06 1.25
4489.0 1.25 1.681
4472.0 1.681 2.017
5578.0 2.017 1.97
8794.0 1.97 1.889
13153.0 1.889 1.61
15949.0 1.61 1.319
16885.0 1.319 1.111
13639.0 1.111 1.105
9181.0 1.105 1.241
4649.0 1.241 1.698
4347.0 1.698 2.037
5755.0 2.037 1.976
8887.0 1.976 1.881
12862.0 1.881 1.636
15940.0 1.636 1.336
16796.0 1.336 1.135
13787.0 1.135 1.122
9311.0 1.122 1.255
4999.0 1.255 1.739
4251.0 1.739 2.086
4853.0 2.086 2.504
7843.0 2.504 2.219
11581.0 2.219 1.979
15505.0 1.979 1.613
17581.0 1.613 1.293
15361.0 1.293 1.211
9865.0 1.211 1.356
5325.0 1.356 1.588
4225.0 1.588 2.127
4271.0 2.127 2.553
6997.0 2.553 2.349
10678.0 2.349 2.151
14002.0 2.151 1.802
17194.0 1.802 1.41
17510.0 1.41 1.193
13565.0 1.193 1.204
9395.0 1.204 1.337
4945.0 1.337 1.877
4271.0 1.877 2.253
4513.0 2.253 2.703
7261.0 2.703 2.459
10738.0 2.459 2.247
14638.0 2.247 1.869
16990.0 1.869 1.501
16386.0 1.501 1.319
12948.0 1.319 1.341
7173.0 1.341 1.55
4448.0 1.55 2.054
4542.0 2.054 2.465
7488.0 2.465 2.219
11151.0 2.219 2.004
14517.0 2.004 1.687
17233.0 1.687 1.354
16357.0 1.354 1.207
11749.0 1.207 1.281
7327.0 1.281 1.455
4217.0 1.455 1.961
4687.0 1.961 2.353
7915.0 2.353 2.078
11425.0 2.078 1.88
14773.0 1.88 1.572
17045.0 1.572 1.279
15293.0 1.279 1.189
10184.0 1.189 1.307
5892.0 1.307 1.525
4637.0 1.525 2.021
4808.0 2.021 2.426
7370.0 2.426 2.196
11036.0 2.196 1.984
14195.0 1.984 1.691
16731.0 1.691 1.385
15815.0 1.385 1.25
11459.0 1.25 1.329
7181.0 1.329 1.522
4385.0 1.522 2.015
4711.0 2.015 2.417
7329.0 2.417 2.192
11379.0 2.192 1.952
14604.0 1.952 1.632
17368.0 1.632 1.296
16316.0 1.296 1.158
11048.0 1.158 1.254
6284.0 1.254 1.461
4506.0 1.461 1.99
4215.0 1.99 2.388
4927.0 2.388 2.866
7429.0 2.866 2.587
10852.0 2.587 2.358
14592.0 2.358 1.947
17430.0 1.947 1.554
15643.0 1.554 1.428
11347.0 1.428 1.527
7745.0 1.527 1.743
4407.0 1.743 2.382
4194.0 2.382 3.002
5595.0 3.002 2.931
7529.0 2.931 2.798
10979.0 2.798 2.539
14443.0 2.539 2.124
17296.0 2.124 1.684
16306.0 1.684 1.5
11366.0 1.5 1.616
6233.0 1.616 1.898
4405.0 1.898 2.494
4728.0 2.494 2.993
6860.0 2.993 2.922
10238.0 2.922 2.704
14298.0 2.704 2.239
17914.0 2.239 1.715
18122.0 1.715 1.426
14126.0 1.426 1.423
8033.0 1.423 1.672
4226.0 1.672 2.26
4176.0 2.26 2.826
5383.0 2.826 2.783
7469.0 2.783 2.658
10712.0 2.658 2.459
13960.0 2.459 2.099
16861.0 2.099 1.699
15720.0 1.699 1.546
10532.0 1.546 1.677
7162.0 1.677 1.93
4650.0 1.93 2.577
4524.0 2.577 3.092
7040.0 3.092 2.84
9932.0 2.84 2.664
13492.0 2.664 2.285
16537.0 2.285 1.844
16705.0 1.844 1.582
13337.0 1.582 1.591
8738.0 1.591 1.775
5428.0 1.775 2.064
4240.0 2.064 2.589
6722.0 2.589 2.41
10289.0 2.41 2.227
13553.0 2.227 1.901
15685.0 1.901 1.589
15553.0 1.589 1.416
13129.0 1.416 1.398
8509.0 1.398 1.58
5661.0 1.58 1.815
4543.0 1.815 2.28
5768.0 2.28 2.21
8608.0 2.21 2.139
12598.0 2.139 1.849
16798.0 1.849 1.436
18182.0 1.436 1.163
14394.0 1.163 1.149
9530.0 1.149 1.27
4564.0 1.27 1.732
4327.0 1.732 2.078
5161.0 2.078 2.064
8287.0 2.064 1.9
12559.0 1.9 1.651
15934.0 1.651 1.329
17222.0 1.329 1.111
14444.0 1.111 1.078
9570.0 1.078 1.221
4904.0 1.221 1.694
4263.0 1.694 2.033
5074.0 2.033 2.027
8022.0 2.027 1.885
11028.0 1.885 1.722
15057.0 1.722 1.416
17617.0 1.416 1.131
16105.0 1.131 1.027
9820.0 1.027 1.16
4622.0 1.16 1.592
4187.0 1.592 1.91
5180.0 1.91 1.896
8850.0 1.896 1.81
11700.0 1.81 1.625
15510.0 1.625 1.33
17727.0 1.33 1.067
15981.0 1.067 1.0
9537.0 1.0 1.123
4403.0 1.123 1.55
4402.0 1.55 1.86
5756.0 1.86 1.804
9188.0 1.804 1.701
12420.0 1.701 1.494
16002.0 1.494 1.199
17517.0 1.199 1.0
14448.0 1.0 1.0
9566.0 1.0 1.117
4600.0 1.117 1.541
4473.0 1.541 1.849
5795.0 1.849 1.79
9427.0 1.79 1.697
12339.0 1.697 1.515
15798.0 1.515 1.234
16800.0 1.234 1.039
14151.0 1.039 1.008
9645.0 1.008 1.105
4891.0 1.105 1.526
4234.0 1.526 1.928
5672.0 1.928 1.876
9172.0 1.876 1.78
13387.0 1.78 1.505
16453.0 1.505 1.212
17086.0 1.212 1.02
13903.0 1.02 1.009
8855.0 1.009 1.124
4495.0 1.124 1.532
4983.0 1.532 1.838
6608.0 1.838 1.812
10436.0 1.812 1.654
15017.0 1.654 1.325
18428.0 1.325 1.007
17951.0 1.007 1.0
11423.0 1.0 1.101
5365.0 1.101 1.33
4504.0 1.33 1.738
5463.0 1.738 1.706
8429.0 1.706 1.656
11967.0 1.656 1.475
16071.0 1.475 1.173
18039.0 1.173 1.0
15510.0 1.0 1.0
10628.0 1.0 1.097
4906.0 1.097 1.549
4505.0 1.549 1.936
5688.0 1.936 1.883
8640.0 1.883 1.826
11092.0 1.826 1.69
13846.0 1.69 1.468
15313.0 1.468 1.267
14182.0 1.267 1.189
10315.0 1.189 1.274
6943.0 1.274 1.438
5187.0 1.438 1.626
5279.0 1.626 1.78
8411.0 1.78 1.726
11435.0 1.726 1.572
15824.0 1.572 1.252
18263.0 1.252 1.0
17009.0 1.0 1.0
9476.0 1.0 1.148
4256.0 1.148 1.555
4298.0 1.555 1.867
5923.0 1.867 1.798
8885.0 1.798 1.735
11499.0 1.735 1.585
14028.0 1.585 1.371
15003.0 1.371 1.202
13566.0 1.202 1.149
10854.0 1.149 1.192
7232.0 1.192 1.344
5486.0 1.344 1.495
5668.0 1.495 1.617
7808.0 1.617 1.618
10968.0 1.618 1.479
15300.0 1.479 1.2
17481.0 1.2 1.0
15852.0 1.0 1.0
11222.0 1.0 1.071
5668.0 1.071 1.283
4300.0 1.283 1.708
5174.0 1.708 1.696
8302.0 1.696 1.661
11192.0 1.661 1.528
15086.0 1.528 1.264
16640.0 1.264 1.048
14894.0 1.048 1.0
10950.0 1.0 1.069
6068.0 1.069 1.253
4636.0 1.253 1.653
4536.0 1.653 1.984
5894.0 1.984 1.913
9054.0 1.913 1.842
13194.0 1.842 1.588
16317.0 1.588 1.287
16625.0 1.287 1.11
12809.0 1.11 1.139
8597.0 1.139 1.281
4427.0 1.281 1.752
4579.0 1.752 2.102
5889.0 2.102 2.028
8773.0 2.028 1.948
13243.0 1.948 1.658
17659.0 1.658 1.26
18363.0 1.26 1.033
14046.0 1.033 1.043
8276.0 1.043 1.223
4244.0 1.223 1.661
5198.0 1.661 1.647
8548.0 1.647 1.586
11566.0 1.586 1.429
15412.0 1.429 1.174
16321.0 1.174 1.0
13627.0 1.0 1.0
9165.0 1.0 1.105
4871.0 1.105 1.501
4955.0 1.501 1.802
6300.0 1.802 1.708
9774.0 1.708 1.611
12818.0 1.611 1.412
16403.0 1.412 1.125
17354.0 1.125 1.0
13391.0 1.0 1.007
8005.0 1.007 1.163
5493.0 1.163 1.333
4176.0 1.333 1.789
4706.0 1.789 2.147
6285.0 2.147 2.037
9169.0 2.037 1.948
12604.0 1.948 1.72
15640.0 1.72 1.417
16832.0 1.417 1.191
14327.0 1.191 1.15
8675.0 1.15 1.304
4821.0 1.304 1.765
4176.0 1.765 2.118
5270.0 2.118 2.095
8130.0 2.095 2.061
12498.0 2.061 1.795
16602.0 1.795 1.409
18446.0 1.409 1.124
14118.0 1.124 1.127
8912.0 1.127 1.274
4227.0 1.274 1.723
4356.0 1.723 2.068
5669.0 2.068 2.012
8585.0 2.012 1.954
12287.0 1.954 1.718
14942.0 1.718 1.455
16190.0 1.455 1.247
14147.0 1.247 1.196
8774.0 1.196 1.347
5486.0 1.347 1.556
4676.0 1.556 2.06
5294.0 2.06 2.036
7844.0 2.036 2.015
10802.0 2.015 1.867
14522.0 1.867 1.556
17170.0 1.556 1.241
15866.0 1.241 1.127
10478.0 1.127 1.238
5822.0 1.238 1.463
4292.0 1.463 1.924
4498.0 1.924 2.309
7144.0 2.309 2.111
10160.0 2.111 1.974
13949.0 1.974 1.665
17665.0 1.665 1.291
17193.0 1.291 1.111
12516.0 1.111 1.158
7302.0 1.158 1.34
4327.0 1.34 1.775
4842.0 1.775 2.13
8174.0 2.13 1.859
12485.0 1.859 1.605
16325.0 1.605 1.281
17945.0 1.281 1.043
14870.0 1.043 1.01
9762.0 1.01 1.114
4542.0 1.114 1.554
4303.0 1.554 1.865
5588.0 1.865 1.821
9214.0 1.821 1.72
11866.0 1.72 1.554
15280.0 1.554 1.289
16444.0 1.289 1.089
14509.0 1.089 1.036
10675.0 1.036 1.115
6047.0 1.115 1.307
4937.0 1.307 1.727
5026.0 1.727 1.726
8350.0 1.726 1.667
11832.0 1.667 1.487
15870.0 1.487 1.196
17310.0 1.196 1.0
14436.0 1.0 1.0
9806.0 1.0 1.095
4840.0 1.095 1.528
4276.0 1.528 1.833
5719.0 1.833 1.781
9019.0 1.781 1.695
11879.0 1.695 1.527
15155.0 1.527 1.268
16373.0 1.268 1.074
14036.0 1.074 1.04
10234.0 1.04 1.114
5994.0 1.114 1.285
4624.0 1.285 1.696
4941.0 1.696 2.036
6682.0 2.036 1.899
9388.0 1.899 1.818
13345.0 1.818 1.55
16453.0 1.55 1.254
16749.0 1.254 1.079
12243.0 1.079 1.129
7419.0 1.129 1.287
5482.0 1.287 1.476
4200.0 1.476 1.961
4548.0 1.961 2.353
7776.0 2.353 2.092
11538.0 2.092 1.866
15048.0 1.866 1.52
17608.0 1.52 1.206
15708.0 1.206 1.113
9555.0 1.113 1.259
4873.0 1.259 1.752
4316.0 1.752 2.102
5038.0 2.102 2.099
7838.0 2.099 1.966
10456.0 1.966 1.842
14368.0 1.842 1.551
17196.0 1.551 1.236
15576.0 1.236 1.138
10269.0 1.138 1.249
5749.0 1.249 1.445
4279.0 1.445 1.927
4402.0 1.927 2.312
7396.0 2.312 2.091
11053.0 2.091 1.893
14137.0 1.893 1.614
16025.0 1.614 1.357
14669.0 1.357 1.266
10193.0 1.266 1.373
6677.0 1.373 1.559
4869.0 1.559 2.078
5163.0 2.078 2.064
7869.0 2.064 2.039
10689.0 2.039 1.888
13545.0 1.888 1.639
15889.0 1.639 1.38
14677.0 1.38 1.281
10756.0 1.281 1.362
7484.0 1.362 1.521
4994.0 1.521 2.029
5067.0 2.029 2.126
7575.0 2.126 2.136
10297.0 2.136 1.986
13972.0 1.986 1.683
17704.0 1.683 1.3
17532.0 1.3 1.109
13236.0 1.109 1.134
8170.0 1.134 1.292
4358.0 1.292 1.732
4934.0 1.732 2.078
7862.0 2.078 1.84
10316.0 1.84 1.715
13343.0 1.715 1.5
15203.0 1.5 1.288
14936.0 1.288 1.168
11726.0 1.168 1.198
8268.0 1.198 1.321
5502.0 1.321 1.489
5155.0 1.489 1.65
5784.0 1.65 1.77
8316.0 1.77 1.739
11202.0 1.739 1.592
15444.0 1.592 1.282
17751.0 1.282 1.015
16458.0 1.015 1.0
12408.0 1.0 1.039
6938.0 1.039 1.239
4607.0 1.239 1.695
4241.0 1.695 2.034
5389.0 2.034 2.002
8169.0 2.002 1.959
10819.0 1.959 1.803
14515.0 1.803 1.515
17199.0 1.515 1.217
15311.0 1.217 1.135
9692.0 1.135 1.27
5310.0 1.27 1.501
4201.0 1.501 1.967
5108.0 1.967 1.959
7776.0 1.959 1.841
10490.0 1.841 1.707
14114.0 1.707 1.454
16658.0 1.454 1.183
16277.0 1.183 1.044
11825.0 1.044 1.095
6807.0 1.095 1.258
4974.0 1.258 1.712
4399.0 1.712 2.156
5260.0 2.156 2.133
7840.0 2.133 2.113
10338.0 2.113 1.977
13380.0 1.977 1.719
15940.0 1.719 1.429
15516.0 1.429 1.287
11553.0 1.287 1.348
8085.0 1.348 1.508
5047.0 1.508 1.769
4317.0 1.769 2.34
5085.0 2.34 2.332
7525.0 2.332 2.215
11191.0 2.215 2.013
14452.0 2.013 1.674
17152.0 1.674 1.337
16288.0 1.337 1.19
11440.0 1.19 1.268
6900.0 1.268 1.464
4251.0 1.464 1.858
5146.0 1.858 1.847
8320.0 1.847 1.795
11104.0 1.795 1.636
14458.0 1.636 1.382
16360.0 1.382 1.155
15073.0 1.155 1.065
10006.0 1.065 1.157
5730.0 1.157 1.355
4563.0 1.355 1.793
4972.0 1.793 2.151
8400.0 2.151 1.969
12411.0 1.969 1.733
15501.0 1.733 1.427
16837.0 1.427 1.196
14872.0 1.196 1.13
8965.0 1.13 1.28
4855.0 1.28 1.759
4423.0 1.759 2.205
5333.0 2.205 2.176
8087.0 2.176 2.023
11729.0 2.023 1.821
14996.0 1.821 1.52
17104.0 1.52 1.241
14364.0 1.241 1.2
8640.0 1.2 1.372
4640.0 1.372 1.884
4293.0 1.884 2.355
5353.0 2.355 2.322
8009.0 2.322 2.167
11882.0 2.167 1.914
15946.0 1.914 1.534
17358.0 1.534 1.262
14486.0 1.262 1.22
8435.0 1.22 1.396
4503.0 1.396 1.902
4243.0 1.902 2.283
4842.0 2.283 2.739
7690.0 2.739 2.587
11206.0 2.587 2.346
14862.0 2.346 1.944
17442.0 1.944 1.551
15625.0 1.551 1.433
11296.0 1.433 1.528
7488.0 1.528 1.746
4498.0 1.746 2.357
4253.0 2.357 2.829
5655.0 2.829 2.754
8335.0 2.754 2.543
11734.0 2.543 2.267
15834.0 2.267 1.805
18624.0 1.805 1.388
17036.0 1.388 1.235
11798.0 1.235 1.327
6766.0 1.327 1.557
4255.0 1.557 2.072
5116.0 2.072 2.063
7968.0 2.063 2.04
10866.0 2.04 1.871
13986.0 1.871 1.597
16678.0 1.597 1.3
15098.0 1.3 1.205
10214.0 1.205 1.319
6270.0 1.319 1.529
4652.0 1.529 2.073
4455.0 2.073 2.487
6383.0 2.487 2.349
9083.0 2.349 2.24
13082.0 2.24 1.921
17314.0 1.921 1.474
18710.0 1.474 1.178
14522.0 1.178 1.17
7115.0 1.17 1.376
4852.0 1.376 1.874
4317.0 1.874 2.379
4404.0 2.379 2.854
6626.0 2.854 2.812
10097.0 2.812 2.628
13957.0 2.628 2.227
17286.0 2.227 1.744
17221.0 1.744 1.48
13553.0 1.48 1.489
7934.0 1.489 1.709
4486.0 1.709 2.334
4269.0 2.334 2.942
6019.0 2.942 2.822
8998.0 2.822 2.712
12734.0 2.712 2.351
16904.0 2.351 1.837
17839.0 1.837 1.501
15067.0 1.501 1.432
9937.0 1.432 1.582
6199.0 1.582 1.834
4276.0 1.834 2.408
4466.0 2.408 2.89
6776.0 2.89 2.685
9935.0 2.685 2.524
13815.0 2.524 2.121
17329.0 2.121 1.654
17075.0 1.654 1.427
12275.0 1.427 1.503
6698.0 1.503 1.771
4318.0 1.771 2.336
5176.0 2.336 2.32
7858.0 2.32 2.292
11131.0 2.292 2.1
14871.0 2.1 1.747
16675.0 1.747 1.439
15399.0 1.439 1.321
11226.0 1.321 1.404
7346.0 1.404 1.595
4466.0 1.595 2.152
4176.0 2.152 2.69
6404.0 2.69 2.539
9752.0 2.539 2.374
12875.0 2.374 2.079
15863.0 2.079 1.712
17247.0 1.712 1.411
14563.0 1.411 1.356
9541.0 1.356 1.497
5735.0 1.497 1.752
4343.0 1.752 2.203
5234.0 2.203 2.182
8234.0 2.182 2.014
11996.0 2.014 1.783
14873.0 1.783 1.496
16925.0 1.496 1.235
14936.0 1.235 1.16
9782.0 1.16 1.271
5468.0 1.271 1.496
4449.0 1.496 1.982
4822.0 1.982 2.379
7724.0 2.379 2.119
11855.0 2.119 1.864
15524.0 1.864 1.502
18480.0 1.502 1.15
16480.0 1.15 1.051
9388.0 1.051 1.2
4223.0 1.2 1.672
4275.0 1.672 2.007
5691.0 2.007 1.951
8611.0 1.951 1.885
11545.0 1.885 1.702
15319.0 1.702 1.391
17727.0 1.391 1.119
15558.0 1.119 1.04
8949.0 1.04 1.188
4381.0 1.188 1.606
4349.0 1.606 1.927
5894.0 1.927 1.858
9056.0 1.858 1.781
12146.0 1.781 1.587
15722.0 1.587 1.284
17567.0 1.284 1.042
15893.0 1.042 1.0
11355.0 1.0 1.071
6137.0 1.071 1.259
4248.0 1.259 1.666
4785.0 1.666 1.999
6350.0 1.999 1.891
9492.0 1.891 1.789
13311.0 1.789 1.527
15948.0 1.527 1.253
16566.0 1.253 1.071
13314.0 1.071 1.071
9042.0 1.071 1.187
4688.0 1.187 1.62
4479.0 1.62 1.944
5900.0 1.944 1.874
9052.0 1.874 1.806
13672.0 1.806 1.524
16945.0 1.524 1.199
17625.0 1.199 1.007
13212.0 1.007 1.032
7606.0 1.032 1.186
5049.0 1.186 1.39
4252.0 1.39 1.826
5285.0 1.826 1.805
8465.0 1.805 1.65
11539.0 1.65 1.485
15505.0 1.485 1.205
16918.0 1.205 1.004
14377.0 1.004 1.0
9899.0 1.0 1.09
5101.0 1.09 1.293
4446.0 1.293 1.698
5893.0 1.698 1.637
9553.0 1.637 1.54
12759.0 1.54 1.352
16212.0 1.352 1.089
16704.0 1.089 1.0
12084.0 1.0 1.047
7202.0 1.047 1.219
4846.0 1.219 1.661
4473.0 1.661 1.993
5350.0 1.993 1.965
8464.0 1.965 1.915
11290.0 1.915 1.739
15109.0 1.739 1.435
17021.0 1.435 1.183
15491.0 1.183 1.089
9518.0 1.089 1.224
5172.0 1.224 1.455
4364.0 1.455 1.895
5111.0 1.895 1.887
8125.0 1.887 1.747
11351.0 1.747 1.579
15077.0 1.579 1.308
17090.0 1.308 1.073
15599.0 1.073 1.0
11781.0 1.0 1.047
6563.0 1.047 1.222
4623.0 1.222 1.649
4404.0 1.649 1.978
5664.0 1.978 1.926
8884.0 1.926 1.857
13030.0 1.857 1.588
16099.0 1.588 1.286
16991.0 1.286 1.088
13334.0 1.088 1.095
8564.0 1.095 1.243
4306.0 1.243 1.69
4718.0 1.69 2.028
6188.0 2.028 1.932
9198.0 1.932 1.832
13131.0 1.832 1.576
15843.0 1.576 1.303
16902.0 1.303 1.097
14079.0 1.097 1.067
9929.0 1.067 1.17
5441.0 1.17 1.385
4227.0 1.385 1.814
5238.0 1.814 1.796
8606.0 1.796 1.631
11802.0 1.631 1.463
15672.0 1.463 1.185
17001.0 1.185 1.0
14172.0 1.0 1.0
9626.0 1.0 1.095
4492.0 1.095 1.513
4568.0 1.513 1.815
6461.0 1.815 1.709
9755.0 1.709 1.602
12639.0 1.602 1.406
15969.0 1.406 1.148
16671.0 1.148 1.0
12993.0 1.0 1.016
8027.0 1.016 1.163
5591.0 1.163 1.352
4200.0 1.352 1.794
4634.0 1.794 2.153
6142.0 2.153 2.055
9132.0 2.055 1.971
13179.0 1.971 1.698
16611.0 1.698 1.367
16783.0 1.367 1.181
12940.0 1.181 1.203
8550.0 1.203 1.338
4502.0 1.338 1.833
4387.0 1.833 2.2
5407.0 2.2 2.164
8227.0 2.164 2.002
12058.0 2.002 1.77
14938.0 1.77 1.484
15754.0 1.484 1.284
13876.0 1.284 1.234
9091.0 1.234 1.36
5729.0 1.36 1.559
4976.0 1.559 2.066
4767.0 2.066 2.59
6921.0 2.59 2.391
10746.0 2.391 2.174
15178.0 2.174 1.758
17698.0 1.758 1.394
16790.0 1.394 1.229
12299.0 1.229 1.284
7709.0 1.284 1.467
4176.0 1.467 1.965
4609.0 1.965 2.358
7183.0 2.358 2.152
11218.0 2.152 1.928
14479.0 1.928 1.629
17195.0 1.629 1.305
15863.0 1.305 1.189
11057.0 1.189 1.281
6673.0 1.281 1.487
4424.0 1.487 1.884
5464.0 1.884 1.849
8930.0 1.849 1.76
11806.0 1.76 1.568
15550.0 1.568 1.286
17281.0 1.286 1.053
15127.0 1.053 1.0
10841.0 1.0 1.077
5455.0 1.077 1.263
4236.0 1.263 1.674
5062.0 1.674 1.67
8828.0 1.67 1.582
12318.0 1.582 1.4
16290.0 1.4 1.112
17256.0 1.112 1.0
13272.0 1.0 1.014
8222.0 1.014 1.172
5773.0 1.172 1.342
4176.0 1.342 1.782
4701.0 1.782 2.139
6178.0 2.139 2.038
9116.0 2.038 1.935
12977.0 1.935 1.677
15926.0 1.677 1.374
16782.0 1.374 1.168
13794.0 1.168 1.15
9992.0 1.15 1.242
5294.0 1.242 1.454
4334.0 1.454 1.919
4752.0 1.919 2.303
7792.0 2.303 2.171
11740.0 2.171 1.905
16504.0 1.905 1.48
18680.0 1.48 1.152
15680.0 1.152 1.091
8300.0 1.091 1.283
4176.0 1.283 1.723
4306.0 1.723 2.067
5534.0 2.067 2.023
8534.0 2.023 1.962
12638.0 1.962 1.696
16103.0 1.696 1.36
17767.0 1.36 1.108
15433.0 1.108 1.041
8269.0 1.041 1.227
4284.0 1.227 1.662
5041.0 1.662 1.659
6679.0 1.659 1.632
10189.0 1.632 1.503
13443.0 1.503 1.288
16998.0 1.288 1.018
17229.0 1.018 1.0
11652.0 1.0 1.073
6266.0 1.073 1.263
4256.0 1.263 1.67
4654.0 1.67 2.004
5561.0 2.004 1.959
8389.0 1.959 1.922
11527.0 1.922 1.74
15646.0 1.74 1.398
18570.0 1.398 1.072
15406.0 1.072 1.023
10558.0 1.023 1.112
4874.0 1.112 1.547
4351.0 1.547 1.857
5780.0 1.857 1.799
8694.0 1.799 1.736
11398.0 1.736 1.589
14611.0 1.589 1.334
16384.0 1.334 1.115
14770.0 1.115 1.046
11548.0 1.046 1.089
6984.0 1.089 1.255
5272.0 1.255 1.429
4589.0 1.429 1.864
6069.0 1.864 1.784
8763.0 1.784 1.723
11725.0 1.723 1.558
15166.0 1.558 1.285
16705.0 1.285 1.071
14545.0 1.071 1.019
10621.0 1.019 1.09
5889.0 1.09 1.256
4691.0 1.256 1.655
5190.0 1.655 1.643
8508.0 1.643 1.6
12084.0 1.6 1.417
15738.0 1.417 1.146
17091.0 1.146 1.0
14055.0 1.0 1.0
9005.0 1.0 1.129
4291.0 1.129 1.525
4322.0 1.525 1.829
6257.0 1.829 1.737
9287.0 1.737 1.659
12247.0 1.659 1.474
15457.0 1.474 1.208
16990.0 1.208 1.001
14404.0 1.001 1.0
9532.0 1.0 1.107
4902.0 1.107 1.515
4530.0 1.515 1.818
6179.0 1.818 1.733
9321.0 1.733 1.65
12255.0 1.65 1.459
16047.0 1.459 1.175
17163.0 1.175 1.0
14085.0 1.0 1.0
9119.0 1.0 1.116
4321.0 1.116 1.53
4607.0 1.53 1.837
5976.0 1.837 1.765
9462.0 1.765 1.668
12490.0 1.668 1.47
16282.0 1.47 1.18
17437.0 1.18 1.0
14347.0 1.0 1.0
9045.0 1.0 1.133
4247.0 1.133 1.549
4643.0 1.549 1.859
6331.0 1.859 1.76
9761.0 1.76 1.658
14432.0 1.658 1.362
17627.0 1.362 1.06
17750.0 1.06 1.0
12404.0 1.0 1.055
6430.0 1.055 1.262
4259.0 1.262 1.677
4793.0 1.677 2.013
6308.0 2.013 1.907
9086.0 1.907 1.831
13271.0 1.831 1.576
16313.0 1.576 1.28
17045.0 1.28 1.086
13118.0 1.086 1.107
8570.0 1.107 1.234
4480.0 1.234 1.664
4385.0 1.664 1.996
5775.0 1.996 1.934
8987.0 1.934 1.853
13190.0 1.853 1.577
16733.0 1.577 1.252
17817.0 1.252 1.028
13704.0 1.028 1.035
8440.0 1.035 1.19
4222.0 1.19 1.594
4759.0 1.594 1.913
6683.0 1.913 1.784
9695.0 1.784 1.686
13550.0 1.686 1.434
15734.0 1.434 1.184
15866.0 1.184 1.043
11675.0 1.043 1.094
7483.0 1.094 1.243
5475.0 1.243 1.406
4476.0 1.406 1.837
5188.0 1.837 1.915
8254.0 1.915 1.878
10858.0 1.878 1.733
13828.0 1.733 1.497
15838.0 1.497 1.267
15457.0 1.267 1.137
11578.0 1.137 1.188
7644.0 1.188 1.338
4762.0 1.338 1.788
5170.0 1.788 1.876
7986.0 1.876 1.85
10908.0 1.85 1.695
14517.0 1.695 1.414
16791.0 1.414 1.155
16347.0 1.155 1.017
11292.0 1.017 1.086
6356.0 1.086 1.269
4454.0 1.269 1.713
4298.0 1.713 2.146
5666.0 2.146 2.089
8292.0 2.089 2.046
12036.0 2.046 1.817
14769.0 1.817 1.534
16253.0 1.534 1.303
14345.0 1.303 1.242
9518.0 1.242 1.382
5742.0 1.382 1.603
4672.0 1.603 2.138
4528.0 2.138 2.686
6620.0 2.686 2.512
9536.0 2.512 2.391
12302.0 2.391 2.142
14886.0 2.142 1.811
15658.0 1.811 1.571
13462.0 1.571 1.531
9763.0 1.531 1.648
6873.0 1.648 1.854
5271.0 1.854 2.096
4895.0 2.096 2.733
6917.0 2.733 2.524
10079.0 2.524 2.349
14247.0 2.349 1.958
17167.0 1.958 1.548
17555.0 1.548 1.296
13363.0 1.296 1.318
6664.0 1.318 1.565
4303.0 1.565 1.982
4785.0 1.982 2.379
7685.0 2.379 2.246
10892.0 2.246 2.075
14057.0 2.075 1.773
16501.0 1.773 1.455
15669.0 1.455 1.312
12108.0 1.312 1.361
8304.0 1.361 1.529
4962.0 1.529 2.068
4414.0 2.068 2.602
5716.0 2.602 2.528
7708.0 2.528 2.541
10954.0 2.541 2.319
14374.0 2.319 1.962
16266.0 1.962 1.638
16014.0 1.638 1.448
11854.0 1.448 1.515
6868.0 1.515 1.764
4788.0 1.764 2.362
4954.0 2.362 2.973
6958.0 2.973 2.74
9607.0 2.74 2.599
13239.0 2.599 2.249
16309.0 2.249 1.825
16424.0 1.825 1.589
12948.0 1.589 1.606
8088.0 1.606 1.832
4962.0 1.832 2.507
4401.0 2.507 3.009
6231.0 3.009 2.86
8814.0 2.86 2.78
11127.0 2.78 2.565
14007.0 2.565 2.199
15938.0 2.199 1.845
14625.0 1.845 1.72
10593.0 1.72 1.832
6867.0 1.832 2.089
4955.0 2.089 2.796
5185.0 2.796 2.775
6871.0 2.775 2.711
9583.0 2.711 2.599
13167.0 2.599 2.258
16405.0 2.258 1.815
16773.0 1.815 1.553
13281.0 1.553 1.564
8382.0 1.564 1.785
5478.0 1.785 2.069
4376.0 2.069 2.716
6208.0 2.716 2.585
8306.0 2.585 2.554
10937.0 2.554 2.38
13749.0 2.38 2.072
15597.0 2.072 1.753
15165.0 1.753 1.588
11685.0 1.588 1.647
7575.0 1.647 1.852
5379.0 1.852 2.114
4993.0 2.114 2.771
6999.0 2.771 2.549
9528.0 2.549 2.429
12354.0 2.429 2.156
15414.0 2.156 1.795
16794.0 1.795 1.503
14690.0 1.503 1.425
10259.0 1.425 1.538
6889.0 1.538 1.761
4557.0 1.761 2.364
4549.0 2.364 2.836
6221.0 2.836 2.698
9131.0 2.698 2.593
11666.0 2.593 2.367
14342.0 2.367 2.029
15738.0 2.029 1.735
14118.0 1.735 1.648
10857.0 1.648 1.735
6738.0 1.735 2.006
4978.0 2.006 2.696
5208.0 2.696 2.673
6838.0 2.673 2.751
9622.0 2.751 2.616
12966.0 2.616 2.288
15721.0 2.288 1.895
15746.0 1.895 1.674
13038.0 1.674 1.662
8907.0 1.662 1.856
6385.0 1.856 2.114
4591.0 2.114 2.822
5253.0 2.822 2.793
6995.0 2.793 2.717
9935.0 2.717 2.572
13291.0 2.572 2.222
16023.0 2.222 1.834
15997.0 1.834 1.621
12109.0 1.621 1.681
7648.0 1.681 1.897
5240.0 1.897 2.181
4484.0 2.181 2.731
6062.0 2.731 2.615
8108.0 2.615 2.593
11354.0 2.593 2.345
15126.0 2.345 1.918
17696.0 1.918 1.499
15075.0 1.499 1.427
9933.0 1.427 1.581
6073.0 1.581 1.826
4186.0 1.826 2.303
4853.0 2.303 2.763
6757.0 2.763 2.712
9178.0 2.712 2.614
11848.0 2.614 2.368
14884.0 2.368 1.981
16621.0 1.981 1.644
15185.0 1.644 1.521
11363.0 1.521 1.608
6374.0 1.608 1.867
4350.0 1.867 2.454
4464.0 2.454 3.07
5980.0 3.07 2.95
8563.0 2.95 2.876
11230.0 2.876 2.62
14098.0 2.62 2.224
16458.0 2.224 1.832
15948.0 1.832 1.633
12124.0 1.633 1.697
7525.0 1.697 1.959
5217.0 1.959 2.252
4232.0 2.252 2.947
6011.0 2.947 2.828
8669.0 2.828 2.762
11132.0 2.762 2.539
14272.0 2.539 2.149
16201.0 2.149 1.8
15031.0 1.8 1.662
10791.0 1.662 1.776
6717.0 1.776 2.02
4765.0 2.02 2.693
4969.0 2.693 3.232
6257.0 3.232 3.069
8078.0 3.069 3.071
9818.0 3.071 2.971
11834.0 2.971 2.746
14083.0 2.746 2.411
14663.0 2.411 2.155
12688.0 2.155 2.125
9440.0 2.125 2.303
6923.0 2.303 2.547
5803.0 2.547 2.824
5303.0 2.824 3.119
5789.0 3.119 3.36
7325.0 3.36 3.446
9194.0 3.446 3.349
11570.0 3.349 3.075
13996.0 3.075 2.669
15658.0 2.669 2.273
14790.0 2.273 2.089
11774.0 2.089 2.143
8630.0 2.143 2.367
5960.0 2.367 2.701
5038.0 2.701 3.024
5000.0 3.024 3.332
6050.0 3.332 3.526
8105.0 3.526 3.521
10621.0 3.521 3.296
13494.0 3.296 2.845
15756.0 2.845 2.363
15582.0 2.363 2.109
12323.0 2.109 2.148
7895.0 2.148 2.419
5171.0 2.419 2.767
4655.0 2.767 3.464
5859.0 3.464 3.345
7785.0 3.345 3.349
10537.0 3.349 3.133
13551.0 3.133 2.723
16107.0 2.723 2.256
15219.0 2.256 2.062
11194.0 2.062 2.18
7723.0 2.18 2.444
5851.0 2.444 2.763
4735.0 2.763 3.647
4837.0 3.647 4.376
6625.0 4.376 4.092
8817.0 4.092 3.987
11685.0 3.987 3.611
14769.0 3.611 3.054
16540.0 3.054 2.547
15232.0 2.547 2.352
10827.0 2.352 2.529
6291.0 2.529 2.931
4819.0 2.931 3.91
4238.0 3.91 4.924
4790.0 4.924 5.908
6113.0 5.908 5.645
8208.0 5.645 5.62
10740.0 5.62 5.243
13332.0 5.243 4.613
14793.0 4.613 4.012
14274.0 4.012 3.711
11971.0 3.711 3.735
8899.0 3.735 4.079
6995.0 4.079 4.528
5767.0 4.528 5.026
5531.0 5.026 5.487
6287.0 5.487 5.809
7916.0 5.809 5.847
10448.0 5.847 5.46
13848.0 5.46 4.602
16641.0 4.602 3.639
17107.0 3.639 3.031
13827.0 3.031 3.004
9641.0 3.004 3.338
6205.0 3.338 3.869
4411.0 3.869 5.124
4615.0 5.124 6.149
5719.0 6.149 5.972
7758.0 5.972 6.003
10278.0 6.003 5.662
13386.0 5.662 4.899
16002.0 4.899 4.023
16570.0 4.023 3.436
14310.0 3.436 3.306
10230.0 3.306 3.564
6443.0 3.564 4.094
4793.0 4.094 5.493
4247.0 5.493 6.592
5180.0 6.592 6.544
6503.0 6.544 6.819
8255.0 6.819 6.797
10005.0 6.797 6.546
12015.0 6.546 6.024
13395.0 6.024 5.445
13403.0 5.445 5.045
12128.0 5.045 4.959
