5604.0 1.0 1.0
5604.0 1.0 1.176
5604.0 1.176 1.278
4623.0 1.278 1.676
4472.0 1.676 2.011
4379.0 2.011 2.414
4571.0 2.414 2.896
4231.0 2.896 3.475
4571.0 3.475 4.171
4787.0 4.171 5.005
4488.0 5.005 6.006
5472.0 6.006 5.892
7744.0 5.892 5.891
10990.0 5.891 5.388
14974.0 5.388 4.433
18446.0 4.433 3.373
18884.0 3.373 2.745
14560.0 2.745 2.73
8914.0 2.73 3.099
5512.0 3.099 3.613
4350.0 3.613 4.535
4360.0 4.535 5.442
5158.0 5.442 5.408
7854.0 5.408 5.347
12258.0 5.347 4.641
17426.0 4.641 3.468
20898.0 3.468 2.576
19479.0 2.576 2.114
13413.0 2.114 2.233
6841.0 2.233 2.672
4176.0 2.672 3.615
4243.0 3.615 4.338
4373.0 4.338 5.206
5504.0 5.206 5.101
8004.0 5.101 5.048
11736.0 5.048 4.497
17000.0 4.497 3.406
20816.0 3.406 2.51
18908.0 2.51 2.118
12662.0 2.118 2.263
5866.0 2.263 2.728
4290.0 2.728 3.597
4282.0 3.597 4.317
4794.0 4.317 5.18
6399.0 5.18 4.89
9539.0 4.89 4.609
13709.0 4.609 3.889
18533.0 3.889 2.836
20741.0 2.836 2.187
17535.0 2.187 1.965
10568.0 1.965 2.217
5315.0 2.217 2.639
4232.0 2.639 3.307
4478.0 3.307 3.969
5418.0 3.969 3.902
7686.0 3.902 3.892
11546.0 3.892 3.436
16670.0 3.436 2.631
20296.0 2.631 1.919
19239.0 1.919 1.594
12349.0 1.594 1.73
5770.0 1.73 2.069
4324.0 2.069 2.602
4589.0 2.602 3.122
6329.0 3.122 2.956
10562.0 2.956 2.682
15262.0 2.682 2.141
19929.0 2.141 1.511
20787.0 1.511 1.208
14811.0 1.208 1.217
6348.0 1.217 1.477
4176.0 1.477 1.961
4255.0 1.961 2.353
4357.0 2.353 2.824
5577.0 2.824 2.758
8247.0 2.758 2.705
11829.0 2.705 2.405
16645.0 2.405 1.853
20421.0 1.853 1.362
18458.0 1.362 1.174
12539.0 1.174 1.258
6715.0 1.258 1.489
4226.0 1.489 1.886
4479.0 1.886 2.264
7283.0 2.264 2.172
10489.0 2.172 2.008
15370.0 2.008 1.602
19962.0 1.602 1.134
20118.0 1.134 1.0
14238.0 1.0 1.03
7340.0 1.03 1.225
4176.0 1.225 1.672
4289.0 1.672 2.006
4409.0 2.006 2.408
6657.0 2.408 2.248
10223.0 2.248 2.075
14825.0 2.075 1.685
19373.0 1.685 1.209
20317.0 1.209 1.0
15895.0 1.0 1.0
9249.0 1.0 1.156
4217.0 1.156 1.555
4495.0 1.555 1.866
5531.0 1.866 1.827
9667.0 1.827 1.704
15784.0 1.704 1.312
20736.0 1.312 1.0
19168.0 1.0 1.0
10711.0 1.0 1.135
4344.0 1.135 1.572
4337.0 1.572 1.886
4423.0 1.886 2.263
5657.0 2.263 2.204
9029.0 2.204 2.104
13826.0 2.104 1.748
19022.0 1.748 1.261
20446.0 1.261 1.0
14898.0 1.0 1.004
7832.0 1.004 1.19
5047.0 1.19 1.383
4176.0 1.383 1.729
4480.0 1.729 2.075
5558.0 2.075 2.029
9008.0 2.029 1.938
14576.0 1.938 1.564
19736.0 1.564 1.099
20560.0 1.099 1.0
14800.0 1.0 1.008
8070.0 1.008 1.19
4646.0 1.19 1.627
4228.0 1.627 2.088
4308.0 2.088 2.505
6464.0 2.505 2.358
9296.0 2.358 2.247
13589.0 2.247 1.892
18457.0 1.892 1.394
19904.0 1.394 1.084
14572.0 1.084 1.102
8566.0 1.102 1.275
4273.0 1.275 1.707
4345.0 1.707 2.049
5361.0 2.049 2.019
8707.0 2.019 1.946
14134.0 1.946 1.59
19614.0 1.59 1.123
20290.0 1.123 1.0
15271.0 1.0 1.0
8709.0 1.0 1.16
4347.0 1.16 1.493
4677.0 1.493 1.792
6244.0 1.792 1.703
11096.0 1.703 1.502
17297.0 1.502 1.095
21761.0 1.095 1.0
18518.0 1.0 1.0
9557.0 1.0 1.17
4176.0 1.17 1.516
4214.0 1.516 1.819
5530.0 1.819 1.781
9852.0 1.781 1.64
16032.0 1.64 1.255
20548.0 1.255 1.0
18244.0 1.0 1.0
8863.0 1.0 1.191
4176.0 1.191 1.535
4387.0 1.535 1.842
5855.0 1.842 1.779
10291.0 1.779 1.621
16372.0 1.621 1.234
21064.0 1.234 1.0
17880.0 1.0 1.0
8415.0 1.0 1.223
5008.0 1.223 1.447
4196.0 1.447 1.809
4413.0 1.809 2.171
5203.0 2.171 2.153
8255.0 2.153 2.097
13034.0 2.097 1.778
17922.0 1.778 1.337
19326.0 1.337 1.049
14462.0 1.049 1.054
8606.0 1.054 1.213
4176.0 1.213 1.623
4875.0 1.623 1.948
6223.0 1.948 1.853
10317.0 1.853 1.682
16041.0 1.682 1.301
21149.0 1.301 1.0
18701.0 1.0 1.0
9908.0 1.0 1.155
4213.0 1.155 1.564
4450.0 1.564 1.877
5434.0 1.877 1.845
9286.0 1.845 1.742
14869.0 1.742 1.398
19833.0 1.398 1.0
18761.0 1.0 1.0
10976.0 1.0 1.124
4414.0 1.124 1.555
4250.0 1.555 1.867
4920.0 1.867 2.24
8552.0 2.24 2.046
13283.0 2.046 1.717
18855.0 1.717 1.225
20595.0 1.225 1.0
16875.0 1.0 1.0
10733.0 1.0 1.13
4230.0 1.13 1.598
4426.0 1.598 1.917
4852.0 1.917 2.301
8306.0 2.301 1.997
13001.0 1.997 1.691
18253.0 1.691 1.231
19945.0 1.231 1.0
15910.0 1.0 1.0
9684.0 1.0 1.131
4176.0 1.131 1.577
4415.0 1.577 1.892
5778.0 1.892 1.833
9786.0 1.833 1.702
15114.0 1.702 1.343
19702.0 1.343 1.0
17470.0 1.0 1.0
9265.0 1.0 1.18
4346.0 1.18 1.525
4622.0 1.525 1.83
6224.0 1.83 1.741
10686.0 1.741 1.57
16455.0 1.57 1.177
21307.0 1.177 1.0
19009.0 1.0 1.0
10720.0 1.0 1.127
4352.0 1.127 1.594
4413.0 1.594 1.912
4992.0 1.912 2.295
9178.0 2.295 1.911
14515.0 1.911 1.536
20527.0 1.536 1.054
21211.0 1.054 1.0
15133.0 1.0 1.0
8487.0 1.0 1.182
4280.0 1.182 1.519
5157.0 1.519 1.51
7157.0 1.51 1.533
12263.0 1.533 1.314
18161.0 1.314 1.0
20627.0 1.0 1.0
16202.0 1.0 1.0
9724.0 1.0 1.138
4321.0 1.138 1.535
4176.0 1.535 1.842
5560.0 1.842 1.8
9322.0 1.8 1.688
13042.0 1.688 1.45
17011.0 1.45 1.121
18607.0 1.121 1.0
15067.0 1.0 1.0
9765.0 1.0 1.129
4382.0 1.129 1.541
4466.0 1.541 1.849
5873.0 1.849 1.785
10513.0 1.785 1.617
16894.0 1.617 1.183
22038.0 1.183 1.0
18338.0 1.0 1.0
8957.0 1.0 1.185
4318.0 1.185 1.528
4333.0 1.528 1.834
6197.0 1.834 1.746
11433.0 1.746 1.522
17667.0 1.522 1.097
22267.0 1.097 1.0
18904.0 1.0 1.0
9859.0 1.0 1.163
4176.0 1.163 1.599
4176.0 1.599 1.919
5278.0 1.919 1.898
8992.0 1.898 1.799
14455.0 1.799 1.441
19527.0 1.441 1.019
19183.0 1.019 1.0
11710.0 1.0 1.115
5316.0 1.115 1.332
4346.0 1.332 1.737
4441.0 1.737 2.084
6045.0 2.084 1.997
10117.0 1.997 1.818
15487.0 1.818 1.416
18495.0 1.416 1.084
14283.0 1.084 1.079
9027.0 1.079 1.221
4251.0 1.221 1.687
4477.0 1.687 2.024
6274.0 2.024 1.921
10276.0 1.921 1.753
15901.0 1.753 1.341
20233.0 1.341 1.0
17553.0 1.0 1.0
8676.0 1.0 1.213
4222.0 1.213 1.625
4821.0 1.625 1.95
6594.0 1.95 1.825
11538.0 1.825 1.595
17649.0 1.595 1.144
22169.0 1.144 1.0
17737.0 1.0 1.0
8188.0 1.0 1.202
4865.0 1.202 1.656
4176.0 1.656 2.081
4561.0 2.081 2.498
6945.0 2.498 2.303
11751.0 2.303 2.005
16739.0 2.005 1.539
19123.0 1.539 1.162
16987.0 1.162 1.051
9802.0 1.051 1.202
4176.0 1.202 1.637
4309.0 1.637 1.965
5626.0 1.965 1.915
9878.0 1.915 1.746
16220.0 1.746 1.32
18536.0 1.32 1.027
15629.0 1.027 1.0
10609.0 1.0 1.089
4803.0 1.089 1.503
4483.0 1.503 1.804
5499.0 1.804 1.768
8733.0 1.768 1.701
11439.0 1.701 1.553
14262.0 1.553 1.331
15579.0 1.331 1.144
13842.0 1.144 1.094
10492.0 1.094 1.17
6726.0 1.17 1.334
5385.0 1.334 1.512
4846.0 1.512 1.994
4888.0 1.994 2.393
6746.0 2.393 2.347
8758.0 2.347 2.302
11989.0 2.302 2.054
15541.0 2.054 1.676
17401.0 1.676 1.363
15301.0 1.363 1.272
10144.0 1.272 1.393
5848.0 1.393 1.652
4234.0 1.652 2.215
4209.0 2.215 2.658
5561.0 2.658 2.598
7857.0 2.598 2.446
11544.0 2.446 2.175
15536.0 2.175 1.745
18376.0 1.745 1.368
16312.0 1.368 1.248
10642.0 1.248 1.378
5920.0 1.378 1.64
4306.0 1.64 2.221
4207.0 2.221 2.822
6177.0 2.822 2.689
9462.0 2.689 2.547
13446.0 2.547 2.158
17273.0 2.158 1.685
17611.0 1.685 1.413
13355.0 1.413 1.44
7343.0 1.44 1.67
4232.0 1.67 2.227
4260.0 2.227 2.673
6250.0 2.673 2.539
8666.0 2.539 2.461
11537.0 2.461 2.232
14693.0 2.232 1.874
16105.0 1.874 1.575
14873.0 1.575 1.459
11549.0 1.459 1.516
8029.0 1.516 1.7
5367.0 1.7 1.974
4671.0 1.974 2.475
7201.0 2.475 2.385
10738.0 2.385 2.178
14886.0 2.178 1.788
17186.0 1.788 1.433
16354.0 1.433 1.268
12532.0 1.268 1.306
8360.0 1.306 1.48
4664.0 1.48 2.027
4231.0 2.027 2.432
6227.0 2.432 2.313
8689.0 2.313 2.256
12601.0 2.256 1.976
16441.0 1.976 1.565
17821.0 1.565 1.276
14549.0 1.276 1.242
8543.0 1.242 1.41
4353.0 1.41 1.948
4486.0 1.948 2.338
6650.0 2.338 2.183
9336.0 2.183 2.076
13017.0 2.076 1.783
16061.0 1.783 1.45
16597.0 1.45 1.241
13405.0 1.241 1.24
9537.0 1.24 1.375
5491.0 1.375 1.594
4389.0 1.594 2.099
4317.0 2.099 2.63
6517.0 2.63 2.47
10153.0 2.47 2.281
13333.0 2.281 1.981
16245.0 1.981 1.617
16745.0 1.617 1.373
13401.0 1.373 1.374
8049.0 1.374 1.56
4743.0 1.56 2.094
4398.0 2.094 2.513
6328.0 2.513 2.38
8930.0 2.38 2.31
12395.0 2.31 2.034
15831.0 2.034 1.657
16947.0 1.657 1.386
14447.0 1.386 1.332
9272.0 1.332 1.488
5580.0 1.488 1.754
4356.0 1.754 2.332
4408.0 2.332 2.799
6488.0 2.799 2.632
9950.0 2.632 2.455
13914.0 2.455 2.082
16790.0 2.082 1.668
15909.0 1.668 1.501
11029.0 1.501 1.618
7583.0 1.618 1.844
4867.0 1.844 2.486
4821.0 2.486 2.983
7013.0 2.983 2.743
10028.0 2.743 2.555
13588.0 2.555 2.177
16462.0 2.177 1.774
15789.0 1.774 1.592
11861.0 1.592 1.664
7286.0 1.664 1.914
4692.0 1.914 2.576
4809.0 2.576 3.092
7071.0 3.092 2.993
10215.0 2.993 2.79
14719.0 2.79 2.256
18820.0 2.256 1.67
18448.0 1.67 1.396
13248.0 1.396 1.466
6099.0 1.466 1.773
4312.0 1.773 2.354
4478.0 2.354 2.825
6794.0 2.825 2.622
10424.0 2.622 2.425
14592.0 2.425 2.009
17584.0 2.009 1.584
16556.0 1.584 1.405
10592.0 1.405 1.556
6798.0 1.556 1.799
4202.0 1.799 2.409
4668.0 2.409 2.89
6978.0 2.89 2.662
10056.0 2.662 2.482
13996.0 2.482 2.078
17309.0 2.078 1.643
16640.0 1.643 1.45
11704.0 1.45 1.554
6064.0 1.554 1.851
4191.0 1.851 2.443
4912.0 2.443 2.931
7236.0 2.931 2.669
10269.0 2.669 2.479
13993.0 2.479 2.078
17370.0 2.078 1.645
16444.0 1.645 1.465
11448.0 1.465 1.564
7644.0 1.564 1.792
4742.0 1.792 2.47
4325.0 2.47 2.964
6895.0 2.964 2.74
9772.0 2.74 2.585
13148.0 2.585 2.236
15713.0 2.236 1.877
15219.0 1.877 1.701
12083.0 1.701 1.737
8105.0 1.737 1.948
5769.0 1.948 2.242
4573.0 2.242 2.98
5689.0 2.98 2.898
9112.0 2.898 2.768
12992.0 2.768 2.378
16716.0 2.378 1.873
17688.0 1.873 1.547
14856.0 1.547 1.484
9735.0 1.484 1.643
5993.0 1.643 1.929
4452.0 1.929 2.43
6278.0 2.43 2.306
9238.0 2.306 2.191
12529.0 2.191 1.917
15757.0 1.917 1.569
16441.0 1.569 1.348
12889.0 1.348 1.366
7447.0 1.366 1.578
4659.0 1.578 2.127
4513.0 2.127 2.552
6901.0 2.552 2.358
10495.0 2.358 2.166
13945.0 2.166 1.833
16913.0 1.833 1.466
16457.0 1.466 1.282
13286.0 1.282 1.285
7544.0 1.285 1.492
4235.0 1.492 2.005
4430.0 2.005 2.406
7430.0 2.406 2.173
11012.0 2.173 1.969
14552.0 1.969 1.642
17384.0 1.642 1.308
16296.0 1.308 1.173
11367.0 1.173 1.259
6537.0 1.259 1.494
4869.0 1.494 2.014
4241.0 2.014 2.544
5881.0 2.544 2.454
8481.0 2.454 2.399
12099.0 2.399 2.121
15487.0 2.121 1.746
17199.0 1.746 1.431
15491.0 1.431 1.326
10964.0 1.326 1.434
6788.0 1.434 1.67
4262.0 1.67 2.242
4772.0 2.242 2.691
7402.0 2.691 2.432
10585.0 2.432 2.23
14669.0 2.23 1.851
17161.0 1.851 1.484
16297.0 1.484 1.317
12910.0 1.317 1.331
6853.0 1.331 1.547
4176.0 1.547 2.046
4764.0 2.046 2.455
8016.0 2.455 2.159
11640.0 2.159 1.928
14856.0 1.928 1.599
17576.0 1.599 1.273
16016.0 1.273 1.159
10643.0 1.159 1.28
5979.0 1.28 1.512
4254.0 1.512 1.993
4289.0 1.993 2.392
6649.0 2.392 2.234
9331.0 2.234 2.131
13024.0 2.131 1.848
16824.0 1.848 1.462
17524.0 1.462 1.215
13236.0 1.215 1.236
8572.0 1.236 1.391
4568.0 1.391 1.899
4343.0 1.899 2.279
5103.0 2.279 2.269
7685.0 2.269 2.141
11471.0 2.141 1.932
14927.0 1.932 1.594
17431.0 1.594 1.287
15555.0 1.287 1.192
10143.0 1.192 1.311
5711.0 1.311 1.516
4210.0 1.516 2.019
4330.0 2.019 2.423
6716.0 2.423 2.257
9572.0 2.257 2.137
13127.0 2.137 1.843
16387.0 1.843 1.473
16867.0 1.473 1.261
14113.0 1.261 1.231
8290.0 1.231 1.397
4482.0 1.397 1.917
4460.0 1.917 2.301
6906.0 2.301 2.126
9896.0 2.126 1.995
13178.0 1.995 1.722
16490.0 1.722 1.38
16782.0 1.38 1.184
13281.0 1.184 1.19
8845.0 1.19 1.319
4807.0 1.319 1.804
4284.0 1.804 2.258
5313.0 2.258 2.23
8163.0 2.23 2.191
12003.0 2.191 1.939
15567.0 1.939 1.596
16623.0 1.596 1.343
13771.0 1.343 1.319
8842.0 1.319 1.49
5022.0 1.49 1.736
4247.0 1.736 2.281
4814.0 2.281 2.738
7238.0 2.738 2.493
10583.0 2.493 2.277
14835.0 2.277 1.881
17215.0 1.881 1.5
16979.0 1.5 1.295
11675.0 1.295 1.381
7283.0 1.381 1.594
4270.0 1.594 2.144
4484.0 2.144 2.572
6934.0 2.572 2.373
10354.0 2.373 2.189
13873.0 2.189 1.853
16665.0 1.853 1.498
16833.0 1.498 1.284
13779.0 1.284 1.269
7983.0 1.269 1.449
4176.0 1.449 1.959
4239.0 1.959 2.351
5388.0 2.351 2.315
8366.0 2.315 2.128
12203.0 2.128 1.883
16063.0 1.883 1.514
17271.0 1.514 1.25
14027.0 1.25 1.233
7955.0 1.233 1.42
4329.0 1.42 1.942
4558.0 1.942 2.33
7618.0 2.33 2.086
11611.0 2.086 1.842
15508.0 1.842 1.474
18504.0 1.474 1.116
16828.0 1.116 1.006
9412.0 1.006 1.159
4297.0 1.159 1.597
4310.0 1.597 1.917
5826.0 1.917 1.854
9024.0 1.854 1.774
11922.0 1.774 1.599
15615.0 1.599 1.308
16905.0 1.308 1.089
14916.0 1.089 1.026
10742.0 1.026 1.099
5778.0 1.099 1.289
4305.0 1.289 1.717
4617.0 1.717 2.06
6165.0 2.06 1.964
9473.0 1.964 1.859
13370.0 1.859 1.595
16034.0 1.595 1.313
16522.0 1.313 1.129
13177.0 1.129 1.135
8627.0 1.135 1.287
4239.0 1.287 1.752
4326.0 1.752 2.102
5719.0 2.102 2.041
8937.0 2.041 1.967
12735.0 1.967 1.696
14976.0 1.696 1.442
15808.0 1.442 1.257
13105.0 1.257 1.251
9829.0 1.251 1.351
6487.0 1.351 1.541
4649.0 1.541 2.029
5466.0 2.029 1.991
8478.0 1.991 1.923
11752.0 1.923 1.726
15712.0 1.726 1.382
18316.0 1.382 1.089
16360.0 1.089 1.0
9553.0 1.0 1.127
4233.0 1.127 1.521
4430.0 1.521 1.826
6102.0 1.826 1.745
9700.0 1.745 1.644
14500.0 1.644 1.346
17317.0 1.346 1.069
17047.0 1.069 1.0
11146.0 1.0 1.089
5508.0 1.089 1.281
4253.0 1.281 1.672
4995.0 1.672 2.007
6664.0 2.007 1.873
9922.0 1.873 1.744
14116.0 1.744 1.459
16891.0 1.459 1.166
17080.0 1.166 1.0
12739.0 1.0 1.032
7437.0 1.032 1.204
4963.0 1.204 1.633
4176.0 1.633 1.959
4998.0 1.959 2.351
8050.0 2.351 2.201
12055.0 2.201 1.93
15939.0 1.93 1.553
17499.0 1.553 1.266
14475.0 1.266 1.233
8490.0 1.233 1.43
4614.0 1.43 1.95
4298.0 1.95 2.34
4670.0 2.34 2.808
7194.0 2.808 2.562
10434.0 2.562 2.376
14630.0 2.376 1.964
17435.0 1.964 1.572
15838.0 1.572 1.438
11896.0 1.438 1.515
5953.0 1.515 1.794
4252.0 1.794 2.259
4919.0 2.259 2.711
7437.0 2.711 2.593
10608.0 2.593 2.388
14460.0 2.388 1.981
17187.0 1.981 1.596
15360.0 1.596 1.483
11493.0 1.483 1.563
6330.0 1.563 1.817
4176.0 1.817 2.295
4749.0 2.295 2.754
7301.0 2.754 2.501
10868.0 2.501 2.268
14744.0 2.268 1.87
17148.0 1.87 1.506
16884.0 1.506 1.304
11420.0 1.304 1.4
7364.0 1.4 1.592
4480.0 1.592 2.161
4234.0 2.161 2.593
6664.0 2.593 2.42
10582.0 2.42 2.201
15270.0 2.201 1.765
18570.0 1.765 1.341
18074.0 1.341 1.136
13295.0 1.136 1.175
8001.0 1.175 1.35
4387.0 1.35 1.846
4851.0 1.846 2.215
7963.0 2.215 2.064
11812.0 2.064 1.833
15328.0 1.833 1.494
17900.0 1.494 1.19
15692.0 1.19 1.111
9344.0 1.111 1.251
4722.0 1.251 1.728
4687.0 1.728 2.074
5931.0 2.074 1.996
8453.0 1.996 1.956
10911.0 1.956 1.823
13413.0 1.823 1.603
14883.0 1.603 1.395
14703.0 1.395 1.269
11748.0 1.269 1.301
8510.0 1.301 1.436
5600.0 1.436 1.654
5094.0 1.654 1.856
5111.0 1.856 2.043
7349.0 2.043 2.065
9915.0 2.065 1.949
13854.0 1.949 1.649
17518.0 1.649 1.282
17690.0 1.282 1.075
13133.0 1.075 1.108
7825.0 1.108 1.283
4262.0 1.283 1.748
5068.0 1.748 1.743
8002.0 1.743 1.712
10826.0 1.712 1.59
13748.0 1.59 1.389
14858.0 1.389 1.225
13589.0 1.225 1.167
11217.0 1.167 1.193
8165.0 1.193 1.308
5509.0 1.308 1.474
5348.0 1.474 1.615
6001.0 1.615 1.722
8391.0 1.722 1.697
11519.0 1.697 1.533
15737.0 1.533 1.226
17765.0 1.226 1.0
15833.0 1.0 1.0
11203.0 1.0 1.077
5733.0 1.077 1.29
4240.0 1.29 1.741
4816.0 1.741 2.089
6516.0 2.089 1.963
9266.0 1.963 1.872
12734.0 1.872 1.631
15578.0 1.631 1.348
16446.0 1.348 1.148
13443.0 1.148 1.14
9477.0 1.14 1.258
5403.0 1.258 1.45
4485.0 1.45 1.901
4884.0 1.901 2.281
7758.0 2.281 2.03
11685.0 2.03 1.817
15075.0 1.817 1.5
17483.0 1.5 1.199
14691.0 1.199 1.151
8850.0 1.151 1.304
4754.0 1.304 1.804
4266.0 1.804 2.165
5296.0 2.165 2.139
8328.0 2.139 2.091
12444.0 2.091 1.831
17196.0 1.831 1.39
18736.0 1.39 1.094
14416.0 1.094 1.092
9056.0 1.092 1.237
4216.0 1.237 1.703
4447.0 1.703 2.044
5703.0 2.044 1.986
8609.0 1.986 1.916
12230.0 1.916 1.706
15386.0 1.706 1.406
16498.0 1.406 1.194
13933.0 1.194 1.159
10367.0 1.159 1.232
6121.0 1.232 1.434
4894.0 1.434 1.94
4632.0 1.94 2.328
7096.0 2.328 2.133
9584.0 2.133 2.025
13076.0 2.025 1.748
16800.0 1.748 1.381
16872.0 1.381 1.188
13563.0 1.188 1.185
9081.0 1.185 1.33
4817.0 1.33 1.839
4298.0 1.839 2.299
4757.0 2.299 2.759
7237.0 2.759 2.512
10234.0 2.512 2.337
14006.0 2.337 1.973
16602.0 1.973 1.608
16782.0 1.608 1.382
12650.0 1.382 1.423
7424.0 1.423 1.633
4704.0 1.633 2.212
4358.0 2.212 2.655
6214.0 2.655 2.526
8418.0 2.526 2.475
11826.0 2.475 2.204
16066.0 2.204 1.745
18410.0 1.745 1.359
16102.0 1.359 1.256
10396.0 1.256 1.402
5936.0 1.402 1.66
4349.0 1.66 2.247
4209.0 2.247 2.696
6211.0 2.696 2.565
8429.0 2.565 2.517
11486.0 2.517 2.28
14442.0 2.28 1.934
16254.0 1.934 1.622
15246.0 1.622 1.481
11967.0 1.481 1.532
7377.0 1.532 1.737
5001.0 1.737 1.985
5103.0 1.985 2.076
8015.0 2.076 2.041
10629.0 2.041 1.893
14343.0 1.893 1.585
16907.0 1.585 1.283
15839.0 1.283 1.16
10787.0 1.16 1.255
6381.0 1.255 1.458
4689.0 1.458 1.98
4286.0 1.98 2.376
6336.0 2.376 2.249
9052.0 2.249 2.141
13072.0 2.141 1.849
17116.0 1.849 1.434
17660.0 1.434 1.193
14939.0 1.193 1.149
8306.0 1.149 1.321
4267.0 1.321 1.795
4544.0 1.795 2.153
5549.0 2.153 2.106
8625.0 2.106 2.031
12804.0 2.031 1.752
16916.0 1.752 1.366
17872.0 1.366 1.117
14527.0 1.117 1.091
9817.0 1.091 1.202
4751.0 1.202 1.68
4383.0 1.68 2.016
4989.0 2.016 2.419
7863.0 2.419 2.142
11331.0 2.142 1.943
14283.0 1.943 1.645
16715.0 1.645 1.357
14995.0 1.357 1.269
10606.0 1.269 1.359
6870.0 1.359 1.555
4518.0 1.555 2.059
5135.0 2.059 2.048
8101.0 2.048 1.899
10939.0 1.899 1.754
14815.0 1.754 1.456
17395.0 1.456 1.177
15694.0 1.177 1.08
10030.0 1.08 1.189
5060.0 1.189 1.424
4218.0 1.424 1.852
4968.0 1.852 2.223
8194.0 2.223 1.939
11662.0 1.939 1.754
14971.0 1.754 1.455
16539.0 1.455 1.221
14574.0 1.221 1.157
9435.0 1.157 1.281
5919.0 1.281 1.482
4699.0 1.482 1.956
4627.0 1.956 2.347
7665.0 2.347 2.097
11400.0 2.097 1.892
14688.0 1.892 1.586
17240.0 1.586 1.281
15340.0 1.281 1.191
10084.0 1.191 1.318
5808.0 1.318 1.539
4268.0 1.539 2.049
4502.0 2.049 2.459
7094.0 2.459 2.253
10565.0 2.253 2.067
14186.0 2.067 1.723
17326.0 1.723 1.357
17034.0 1.357 1.175
12978.0 1.175 1.21
8264.0 1.21 1.38
4210.0 1.38 1.852
4493.0 1.852 2.316
5812.0 2.316 2.241
8430.0 2.241 2.197
11820.0 2.197 1.964
15764.0 1.964 1.578
17292.0 1.578 1.299
14700.0 1.299 1.245
8970.0 1.245 1.405
4974.0 1.405 1.94
4240.0 1.94 2.328
4860.0 2.328 2.793
7094.0 2.793 2.559
10286.0 2.559 2.368
13634.0 2.368 2.043
15826.0 2.043 1.712
15754.0 1.712 1.52
12402.0 1.52 1.547
7995.0 1.547 1.754
5475.0 1.754 2.01
4831.0 2.01 2.622
7345.0 2.622 2.376
10114.0 2.376 2.248
13312.0 2.248 1.955
15752.0 1.955 1.619
15688.0 1.619 1.43
12292.0 1.43 1.458
7423.0 1.458 1.67
5157.0 1.67 1.918
5875.0 1.918 2.046
8577.0 2.046 1.985
12405.0 1.985 1.74
16104.0 1.74 1.391
18532.0 1.391 1.08
14908.0 1.08 1.052
9424.0 1.052 1.197
4286.0 1.197 1.672
4176.0 1.672 2.006
5507.0 2.006 1.966
8091.0 1.966 1.93
10667.0 1.93 1.793
13664.0 1.793 1.555
15239.0 1.555 1.338
14903.0 1.338 1.218
11843.0 1.218 1.251
8387.0 1.251 1.377
5385.0 1.377 1.573
4964.0 1.573 2.063
5137.0 2.063 2.155
6859.0 2.155 2.215
9267.0 2.215 2.131
12696.0 2.131 1.857
16748.0 1.857 1.467
17956.0 1.467 1.196
13748.0 1.196 1.202
9450.0 1.202 1.331
5056.0 1.331 1.592
4365.0 1.592 2.073
4811.0 2.073 2.487
7161.0 2.487 2.272
10749.0 2.272 2.069
14046.0 2.069 1.747
16870.0 1.747 1.396
16518.0 1.396 1.221
12807.0 1.221 1.243
8461.0 1.243 1.412
4699.0 1.412 1.902
4327.0 1.902 2.391
5346.0 2.391 2.358
7268.0 2.358 2.27
11051.0 2.27 2.072
13913.0 2.072 1.784
16589.0 1.784 1.448
16129.0 1.448 1.285
12484.0 1.285 1.328
8740.0 1.328 1.48
5006.0 1.48 1.712
4338.0 1.712 2.237
4705.0 2.237 2.684
7065.0 2.684 2.463
10140.0 2.463 2.314
12954.0 2.314 2.043
15490.0 2.043 1.704
15922.0 1.704 1.471
13142.0 1.471 1.47
8261.0 1.47 1.69
5585.0 1.69 1.927
4577.0 1.927 2.42
7151.0 2.42 2.338
10793.0 2.338 2.147
13982.0 2.147 1.811
16806.0 1.811 1.449
16626.0 1.449 1.253
13329.0 1.253 1.252
9081.0 1.252 1.401
4999.0 1.401 1.92
4328.0 1.92 2.439
4764.0 2.439 2.927
6742.0 2.927 2.723
9760.0 2.723 2.563
13144.0 2.563 2.216
15332.0 2.216 1.873
15765.0 1.873 1.649
13097.0 1.649 1.635
8987.0 1.635 1.824
6299.0 1.824 2.084
4429.0 2.084 2.751
5487.0 2.751 2.697
7915.0 2.697 2.677
11038.0 2.677 2.442
14542.0 2.442 2.048
17239.0 2.048 1.653
15603.0 1.653 1.518
10363.0 1.518 1.673
6963.0 1.673 1.91
4511.0 1.91 2.545
4854.0 2.545 3.054
7456.0 3.054 2.754
10330.0 2.754 2.565
13766.0 2.565 2.189
16957.0 2.189 1.751
16814.0 1.751 1.513
12134.0 1.513 1.592
6812.0 1.592 1.873
4432.0 1.873 2.535
4470.0 2.535 3.042
6290.0 3.042 2.885
9467.0 2.885 2.714
13043.0 2.714 2.352
16467.0 2.352 1.879
17244.0 1.879 1.575
14300.0 1.575 1.534
9629.0 1.534 1.705
6089.0 1.705 1.976
4277.0 1.976 2.639
5428.0 2.639 2.594
7932.0 2.594 2.575
11352.0 2.575 2.323
15200.0 2.323 1.91
17516.0 1.91 1.543
16208.0 1.543 1.392
12128.0 1.392 1.453
8220.0 1.453 1.624
4742.0 1.624 2.249
4178.0 2.249 2.824
5441.0 2.824 2.774
7523.0 2.774 2.645
11408.0 2.645 2.373
15520.0 2.373 1.918
18720.0 1.918 1.455
16860.0 1.455 1.308
11787.0 1.308 1.396
6847.0 1.396 1.637
4376.0 1.637 2.218
4662.0 2.218 2.661
7208.0 2.661 2.426
10538.0 2.426 2.244
14086.0 2.244 1.909
16330.0 1.909 1.578
15678.0 1.578 1.42
12474.0 1.42 1.449
7563.0 1.449 1.639
4725.0 1.639 2.193
4309.0 2.193 2.632
6183.0 2.632 2.508
8585.0 2.508 2.439
12506.0 2.439 2.13
16798.0 2.13 1.649
18724.0 1.649 1.278
15460.0 1.278 1.221
8980.0 1.221 1.397
4304.0 1.397 1.943
4193.0 1.943 2.454
4945.0 2.454 2.944
7131.0 2.944 2.693
10368.0 2.693 2.485
14204.0 2.485 2.079
17458.0 2.079 1.647
16967.0 1.647 1.434
11995.0 1.434 1.525
6166.0 1.525 1.82
4432.0 1.82 2.296
5082.0 2.296 2.288
7718.0 2.288 2.27
11510.0 2.27 2.022
15694.0 2.022 1.619
17802.0 1.619 1.298
15830.0 1.298 1.198
10334.0 1.198 1.314
5978.0 1.314 1.529
4507.0 1.529 2.073
4303.0 2.073 2.487
6149.0 2.487 2.373
8681.0 2.373 2.298
12449.0 2.298 1.995
16309.0 1.995 1.594
18189.0 1.594 1.262
15305.0 1.262 1.2
8825.0 1.2 1.365
4657.0 1.365 1.885
4726.0 1.885 2.263
7442.0 2.263 2.042
9636.0 2.042 1.943
13269.0 1.943 1.677
16457.0 1.677 1.352
16137.0 1.352 1.196
12267.0 1.196 1.23
7965.0 1.23 1.413
4397.0 1.413 1.896
4265.0 1.896 2.276
5271.0 2.276 2.251
7759.0 2.251 2.121
11623.0 2.121 1.893
14881.0 1.893 1.584
17029.0 1.584 1.292
15181.0 1.292 1.208
10012.0 1.208 1.33
5860.0 1.33 1.544
4549.0 1.544 2.064
4433.0 2.064 2.477
6581.0 2.477 2.32
9505.0 2.32 2.199
12613.0 2.199 1.942
15893.0 1.942 1.595
16641.0 1.595 1.356
13345.0 1.356 1.353
7843.0 1.353 1.563
4769.0 1.563 2.133
4199.0 2.133 2.56
6452.0 2.56 2.411
8758.0 2.411 2.355
12697.0 2.355 2.041
17081.0 2.041 1.57
18641.0 1.57 1.25
14505.0 1.25 1.233
7503.0 1.233 1.445
4359.0 1.445 1.951
4687.0 1.951 2.341
7619.0 2.341 2.213
11156.0 2.213 2.018
14492.0 2.018 1.691
17240.0 1.691 1.36
16244.0 1.36 1.215
11726.0 1.215 1.283
7140.0 1.283 1.5
4264.0 1.5 1.986
4824.0 1.986 2.383
7488.0 2.383 2.146
11301.0 2.146 1.937
14610.0 1.937 1.613
17746.0 1.613 1.261
16210.0 1.261 1.14
10984.0 1.14 1.233
6154.0 1.233 1.454
4425.0 1.454 1.97
4385.0 1.97 2.364
6561.0 2.364 2.216
9157.0 2.216 2.137
12589.0 2.137 1.882
15929.0 1.882 1.539
16629.0 1.539 1.314
13077.0 1.314 1.319
7398.0 1.319 1.528
4252.0 1.528 2.04
4542.0 2.04 2.553
7264.0 2.553 2.322
10780.0 2.322 2.121
14482.0 2.121 1.769
17618.0 1.769 1.392
17506.0 1.392 1.183
13672.0 1.183 1.192
8794.0 1.192 1.343
4362.0 1.343 1.867
4280.0 1.867 2.24
5132.0 2.24 2.229
7756.0 2.229 2.21
11674.0 2.21 1.979
15458.0 1.979 1.615
16862.0 1.615 1.341
14246.0 1.341 1.298
9212.0 1.298 1.439
5434.0 1.439 1.697
4351.0 1.697 2.233
4538.0 2.233 2.68
7136.0 2.68 2.451
10364.0 2.451 2.279
14216.0 2.279 1.918
16696.0 1.918 1.559
16548.0 1.559 1.353
11920.0 1.353 1.428
8084.0 1.428 1.624
4822.0 1.624 2.197
4176.0 2.197 2.794
5797.0 2.794 2.705
8067.0 2.705 2.53
11133.0 2.53 2.301
14917.0 2.301 1.913
17058.0 1.913 1.568
15694.0 1.568 1.434
11629.0 1.434 1.504
8079.0 1.504 1.668
5247.0 1.668 1.936
4405.0 1.936 2.524
7355.0 2.524 2.286
11006.0 2.286 2.068
14201.0 2.068 1.759
17097.0 1.759 1.409
16625.0 1.409 1.233
12254.0 1.233 1.284
8298.0 1.284 1.445
4632.0 1.445 1.945
4217.0 1.945 2.334
5166.0 2.334 2.318
7756.0 2.318 2.183
11611.0 2.183 1.962
15535.0 1.962 1.603
17043.0 1.603 1.316
14859.0 1.316 1.248
9462.0 1.248 1.402
5246.0 1.402 1.664
4276.0 1.664 2.192
4539.0 2.192 2.743
6911.0 2.743 2.533
10274.0 2.533 2.347
14158.0 2.347 1.982
16562.0 1.982 1.623
16734.0 1.623 1.396
12462.0 1.396 1.446
7323.0 1.446 1.669
4625.0 1.669 2.272
4530.0 2.272 2.726
6754.0 2.726 2.535
10060.0 2.535 2.346
14036.0 2.346 1.979
16684.0 1.979 1.603
16580.0 1.603 1.392
12812.0 1.392 1.42
7043.0 1.42 1.681
4473.0 1.681 2.267
4803.0 2.267 2.721
6759.0 2.721 2.529
10212.0 2.529 2.352
13988.0 2.352 1.985
16508.0 1.985 1.619
16536.0 1.619 1.403
12548.0 1.403 1.442
7166.0 1.442 1.672
4270.0 1.672 2.254
4296.0 2.254 2.705
6630.0 2.705 2.529
10032.0 2.529 2.34
13976.0 2.34 1.97
16756.0 1.97 1.579
16912.0 1.579 1.349
12816.0 1.349 1.382
6795.0 1.382 1.618
4176.0 1.618 2.14
4698.0 2.14 2.568
7472.0 2.568 2.314
10625.0 2.314 2.133
13703.0 2.133 1.827
16007.0 1.827 1.526
15407.0 1.526 1.374
12074.0 1.374 1.408
8518.0 1.408 1.564
5672.0 1.564 1.789
4614.0 1.789 2.338
5268.0 2.338 2.313
8038.0 2.313 2.269
12202.0 2.269 2.001
16130.0 2.001 1.597
17806.0 1.597 1.29
15042.0 1.29 1.231
9177.0 1.231 1.383
4865.0 1.383 1.923
4195.0 1.923 2.456
4890.0 2.456 2.947
6914.0 2.947 2.721
10328.0 2.721 2.495
13872.0 2.495 2.107
16766.0 2.107 1.696
16293.0 1.696 1.5
11745.0 1.5 1.581
6696.0 1.581 1.839
4254.0 1.839 2.465
4540.0 2.465 2.958
6506.0 2.958 2.779
9866.0 2.779 2.598
13502.0 2.598 2.223
16646.0 2.223 1.799
16546.0 1.799 1.568
12802.0 1.568 1.586
7810.0 1.586 1.816
4972.0 1.816 2.484
4599.0 2.484 2.981
6619.0 2.981 2.788
9964.0 2.788 2.58
13976.0 2.58 2.16
16926.0 2.16 1.711
16439.0 1.711 1.498
12319.0 1.498 1.553
7075.0 1.553 1.817
4259.0 1.817 2.409
4311.0 2.409 3.011
6119.0 3.011 2.876
9464.0 2.876 2.73
12840.0 2.73 2.395
16186.0 2.395 1.925
16868.0 1.925 1.632
14188.0 1.632 1.586
9922.0 1.586 1.742
6496.0 1.742 2.002
4198.0 2.002 2.645
4480.0 2.645 3.174
5822.0 3.174 3.07
8927.0 3.07 2.952
12787.0 2.952 2.553
16794.0 2.553 1.994
18360.0 1.994 1.594
15161.0 1.594 1.529
10013.0 1.529 1.714
5681.0 1.714 2.043
4208.0 2.043 2.676
5042.0 2.676 2.671
7212.0 2.671 2.704
10578.0 2.704 2.486
14462.0 2.486 2.061
17632.0 2.061 1.617
16798.0 1.617 1.411
11862.0 1.411 1.492
7866.0 1.492 1.724
4438.0 1.724 2.346
4313.0 2.346 2.815
5597.0 2.815 2.748
7577.0 2.748 2.619
10703.0 2.619 2.41
14599.0 2.41 2.004
17402.0 2.004 1.597
16398.0 1.597 1.425
11194.0 1.425 1.534
7062.0 1.534 1.786
4178.0 1.786 2.42
4352.0 2.42 2.904
5686.0 2.904 2.824
7932.0 2.824 2.798
11223.0 2.798 2.515
14859.0 2.515 2.067
17888.0 2.067 1.595
17114.0 1.595 1.382
11554.0 1.382 1.489
7396.0 1.489 1.693
4262.0 1.693 2.314
4350.0 2.314 2.777
6458.0 2.777 2.615
9428.0 2.615 2.486
12086.0 2.486 2.235
14958.0 2.235 1.888
16470.0 1.888 1.587
14790.0 1.587 1.487
11172.0 1.487 1.56
7960.0 1.56 1.741
5442.0 1.741 1.977
5148.0 1.977 2.183
7520.0 2.183 2.075
9944.0 2.075 1.962
13271.0 1.962 1.692
16127.0 1.692 1.403
15815.0 1.403 1.248
12038.0 1.248 1.292
8162.0 1.292 1.448
4824.0 1.448 1.946
4617.0 1.946 2.445
6687.0 2.445 2.405
9101.0 2.405 2.329
12425.0 2.329 2.059
15897.0 2.059 1.677
17129.0 1.677 1.392
14705.0 1.392 1.333
9440.0 1.333 1.485
5582.0 1.485 1.718
4345.0 1.718 2.312
4335.0 2.312 2.775
5765.0 2.775 2.69
7993.0 2.69 2.675
10921.0 2.675 2.475
14421.0 2.475 2.085
16933.0 2.085 1.683
15746.0 1.683 1.528
10786.0 1.528 1.646
7374.0 1.646 1.896
4838.0 1.896 2.54
4698.0 2.54 3.048
7118.0 3.048 2.789
9809.0 2.789 2.62
13321.0 2.62 2.259
16852.0 2.259 1.785
16805.0 1.785 1.544
13505.0 1.544 1.535
8174.0 1.535 1.755
5232.0 1.755 2.006
4301.0 2.006 2.512
6715.0 2.512 2.466
9315.0 2.466 2.351
12561.0 2.351 2.081
16081.0 2.081 1.687
17737.0 1.687 1.37
15097.0 1.37 1.301
9700.0 1.301 1.437
5530.0 1.437 1.698
4272.0 1.698 2.265
4296.0 2.265 2.718
6244.0 2.718 2.582
9856.0 2.582 2.406
13908.0 2.406 2.011
17336.0 2.011 1.574
17751.0 1.574 1.311
12915.0 1.311 1.365
6438.0 1.365 1.613
4353.0 1.613 2.039
5500.0 2.039 1.999
8304.0 1.999 1.947
10854.0 1.947 1.807
14889.0 1.807 1.497
17277.0 1.497 1.204
15361.0 1.204 1.125
9358.0 1.125 1.262
4756.0 1.262 1.756
4306.0 1.756 2.107
4786.0 2.107 2.528
7518.0 2.528 2.273
11187.0 2.273 2.062
15643.0 2.062 1.649
18075.0 1.649 1.301
16571.0 1.301 1.168
11036.0 1.168 1.273
5894.0 1.273 1.519
4216.0 1.519 2.026
4370.0 2.026 2.432
6196.0 2.432 2.315
8656.0 2.315 2.26
11824.0 2.26 2.027
14932.0 2.027 1.701
15908.0 1.701 1.462
13688.0 1.462 1.418
9629.0 1.418 1.556
6033.0 1.556 1.792
4503.0 1.792 2.259
4913.0 2.259 2.71
7177.0 2.71 2.474
10345.0 2.474 2.299
13741.0 2.299 1.981
15593.0 1.981 1.677
15417.0 1.677 1.499
11897.0 1.499 1.549
7424.0 1.549 1.763
5254.0 1.763 2.007
5414.0 2.007 2.193
7748.0 2.193 2.183
11312.0 2.183 1.978
14654.0 1.978 1.65
16810.0 1.65 1.356
15650.0 1.356 1.236
11078.0 1.236 1.33
6644.0 1.33 1.567
4327.0 1.567 1.984
4954.0 1.984 2.381
7694.0 2.381 2.124
11078.0 2.124 1.929
14183.0 1.929 1.636
16407.0 1.636 1.355
14483.0 1.355 1.288
9977.0 1.288 1.418
6347.0 1.418 1.612
4431.0 1.612 2.127
5407.0 2.127 2.093
7881.0 2.093 2.072
10309.0 2.072 1.945
13369.0 1.945 1.693
15657.0 1.693 1.426
14601.0 1.426 1.326
11028.0 1.326 1.398
7858.0 1.398 1.559
5178.0 1.559 1.793
4716.0 1.793 2.351
5794.0 2.351 2.277
7934.0 2.277 2.262
11672.0 2.262 2.004
15888.0 2.004 1.602
18100.0 1.602 1.269
15572.0 1.269 1.189
9461.0 1.189 1.347
4911.0 1.347 1.873
4223.0 1.873 2.247
4500.0 2.247 2.697
6642.0 2.697 2.52
9762.0 2.52 2.377
12726.0 2.377 2.104
15898.0 2.104 1.72
16558.0 1.72 1.464
14138.0 1.464 1.417
9092.0 1.417 1.588
5902.0 1.588 1.819
4356.0 1.819 2.396
5065.0 2.396 2.39
7171.0 2.39 2.304
10345.0 2.304 2.137
13456.0 2.137 1.856
16128.0 1.856 1.524
15980.0 1.524 1.343
13124.0 1.343 1.342
7859.0 1.342 1.539
4841.0 1.539 2.064
4478.0 2.064 2.477
6710.0 2.477 2.307
8962.0 2.307 2.237
12175.0 2.237 2.003
15463.0 2.003 1.656
16735.0 1.656 1.383
14051.0 1.383 1.347
8837.0 1.347 1.528
5027.0 1.528 1.791
4188.0 1.791 2.343
4453.0 2.343 2.812
6399.0 2.812 2.797
9147.0 2.797 2.701
12271.0 2.701 2.417
14631.0 2.417 2.069
15888.0 2.069 1.774
14260.0 1.774 1.684
10897.0 1.684 1.781
6853.0 1.781 2.047
4761.0 2.047 2.763
4993.0 2.763 3.468
6775.0 3.468 3.402
9043.0 3.402 3.283
11967.0 3.283 2.923
15319.0 2.923 2.385
17221.0 2.385 1.953
15807.0 1.953 1.786
11527.0 1.786 1.9
6916.0 1.9 2.227
4574.0 2.227 3.012
4596.0 3.012 3.614
5792.0 3.614 3.5
8189.0 3.5 3.454
10801.0 3.454 3.196
13607.0 3.196 2.776
15641.0 2.776 2.354
15023.0 2.354 2.145
11531.0 2.145 2.227
8705.0 2.227 2.436
5891.0 2.436 2.757
5003.0 2.757 3.08
5091.0 3.08 3.388
6493.0 3.388 3.358
8926.0 3.358 3.274
11550.0 3.274 2.978
14778.0 2.978 2.504
16572.0 2.504 2.083
15247.0 2.083 1.919
11707.0 1.919 2.002
7660.0 2.002 2.279
5436.0 2.279 2.595
4406.0 2.595 3.41
5120.0 3.41 3.394
7601.0 3.394 3.215
10497.0 3.215 2.997
12921.0 2.997 2.646
15127.0 2.646 2.244
15710.0 2.244 1.952
12850.0 1.952 1.951
9445.0 1.951 2.11
6034.0 2.11 2.446
4998.0 2.446 3.249
5064.0 3.249 3.241
6754.0 3.241 3.178
8848.0 3.178 3.096
11740.0 3.096 2.817
14732.0 2.817 2.379
16206.0 2.379 2.006
14999.0 2.006 1.854
11595.0 1.854 1.92
7758.0 1.92 2.17
5510.0 2.17 2.477
4446.0 2.477 3.234
5608.0 3.234 3.155
7936.0 3.155 3.125
10405.0 3.125 2.921
13369.0 2.921 2.537
15961.0 2.537 2.083
16200.0 2.083 1.812
13588.0 1.812 1.779
9934.0 1.779 1.94
6109.0 1.94 2.232
4791.0 2.232 2.962
4865.0 2.962 3.555
6471.0 3.555 3.346
8919.0 3.346 3.249
12343.0 3.249 2.864
15891.0 2.864 2.319
17769.0 2.319 1.866
15430.0 1.866 1.749
10010.0 1.749 1.941
5267.0 1.941 2.301
4272.0 2.301 2.882
5580.0 2.882 2.815
7278.0 2.815 2.865
9867.0 2.865 2.717
13111.0 2.717 2.357
16046.0 2.357 1.927
16522.0 1.927 1.661
13434.0 1.661 1.65
9180.0 1.65 1.845
6252.0 1.845 2.131
4318.0 2.131 2.824
5063.0 2.824 2.817
6725.0 2.817 2.765
9323.0 2.765 2.644
12647.0 2.644 2.316
15407.0 2.316 1.929
16576.0 1.929 1.629
14596.0 1.629 1.546
10633.0 1.546 1.66
7599.0 1.66 1.839
5147.0 1.839 2.106
4477.0 2.106 2.636
6621.0 2.636 2.465
9441.0 2.465 2.35
12348.0 2.35 2.101
15192.0 2.101 1.756
16328.0 1.756 1.496
14140.0 1.496 1.437
9796.0 1.437 1.567
6688.0 1.567 1.782
4726.0 1.782 2.377
4605.0 2.377 2.989
5815.0 2.989 2.891
7837.0 2.891 2.907
9574.0 2.907 2.799
11978.0 2.799 2.56
13934.0 2.56 2.254
14743.0 2.254 2.007
13443.0 2.007 1.927
10135.0 1.927 2.036
7150.0 2.036 2.275
5822.0 2.275 2.517
5704.0 2.517 2.738
6048.0 2.738 2.923
7186.0 2.923 3.006
9352.0 3.006 2.919
11976.0 2.919 2.646
14647.0 2.646 2.266
15487.0 2.266 1.977
13484.0 1.977 1.924
9832.0 1.924 2.068
6325.0 2.068 2.339
5125.0 2.339 2.627
4959.0 2.627 3.426
6425.0 3.426 3.231
8186.0 3.231 3.222
11002.0 3.222 2.985
13941.0 2.985 2.56
15835.0 2.56 2.163
15552.0 2.163 1.935
12868.0 1.935 1.939
9349.0 1.939 2.113
5938.0 2.113 2.409
4748.0 2.409 3.185
5296.0 3.185 3.147
6712.0 3.147 3.261
8824.0 3.261 3.196
11400.0 3.196 2.933
14565.0 2.933 2.463
16107.0 2.463 2.091
14665.0 2.091 1.956
10769.0 1.956 2.089
7139.0 2.089 2.348
5353.0 2.348 2.663
4543.0 2.663 3.486
5509.0 3.486 3.415
7732.0 3.415 3.427
10356.0 3.427 3.236
13576.0 3.236 2.793
16144.0 2.793 2.302
15808.0 2.302 2.042
11659.0 2.042 2.136
7645.0 2.136 2.408
5533.0 2.408 2.728
4399.0 2.728 3.587
4734.0 3.587 4.305
6657.0 4.305 4.238
8973.0 4.238 4.119
11608.0 4.119 3.743
13750.0 3.743 3.275
14751.0 3.275 2.888
13641.0 2.888 2.743
11033.0 2.743 2.84
8293.0 2.84 3.12
6511.0 3.12 3.504
5611.0 3.504 3.878
5605.0 3.878 4.22
6631.0 4.22 4.418
8451.0 4.418 4.382
11407.0 4.382 3.998
14629.0 3.998 3.358
17233.0 3.358 2.671
17016.0 2.671 2.292
12996.0 2.292 2.34
8252.0 2.34 2.655
5069.0 2.655 3.077
4253.0 3.077 3.849
4842.0 3.849 4.619
6744.0 4.619 4.296
8920.0 4.296 4.168
11690.0 4.168 3.782
14654.0 3.782 3.181
16579.0 3.181 2.624
15634.0 2.624 2.374
11971.0 2.374 2.465
7735.0 2.465 2.773
5101.0 2.773 3.175
4301.0 3.175 4.133
4876.0 4.133 4.96
6307.0 4.96 4.701
7811.0 4.701 4.756
9578.0 4.756 4.599
