4176.0 1.0 1.0
4176.0 1.0 1.4
4176.0 1.4 1.82
4176.0 1.82 2.289
4176.0 2.289 2.879
4176.0 2.879 3.455
4336.0 3.455 4.146
4176.0 4.146 4.975
4595.0 4.975 5.97
4534.0 5.97 7.164
4370.0 7.164 8.597
4674.0 8.597 10.316
5728.0 10.316 10.016
7668.0 10.016 10.068
10914.0 10.068 9.233
15044.0 9.233 7.546
18406.0 7.546 5.765
19039.0 5.765 4.652
14610.0 4.652 4.644
9018.0 4.644 5.253
5472.0 5.253 6.1
4226.0 6.1 7.964
4282.0 7.964 9.557
4778.0 9.557 11.468
6620.0 11.468 10.725
10076.0 10.725 9.919
14545.0 9.919 8.1
19555.0 8.1 5.736
21429.0 5.736 4.517
16989.0 4.517 4.157
10049.0 4.157 4.749
5517.0 4.749 5.635
4176.0 5.635 7.36
4176.0 7.36 8.832
4570.0 8.832 10.599
5334.0 10.599 10.457
7399.0 10.457 10.011
11173.0 10.011 8.968
15751.0 8.968 7.111
20149.0 7.111 5.058
20130.0 5.058 4.03
15052.0 4.03 4.021
8196.0 4.021 4.723
4836.0 4.723 6.515
4176.0 6.515 8.2
4257.0 8.2 9.84
4738.0 9.84 11.808
5806.0 11.808 11.427
9115.0 11.427 10.889
13032.0 10.889 9.339
17833.0 9.339 6.938
20921.0 6.938 5.219
18335.0 5.219 4.522
12107.0 4.522 4.918
6759.0 4.918 5.737
4267.0 5.737 7.741
4176.0 7.741 9.701
4429.0 9.701 11.641
4954.0 11.641 13.969
6347.0 13.969 13.217
9279.0 13.217 12.616
13470.0 12.616 10.668
18153.0 10.668 7.917
20876.0 7.917 6.036
18016.0 6.036 5.308
11673.0 5.308 5.869
6337.0 5.869 7.041
4189.0 7.041 9.47
4474.0 9.47 11.365
4485.0 11.365 13.637
5248.0 13.637 13.502
7321.0 13.502 13.636
10993.0 13.636 12.331
15811.0 12.331 9.665
20371.0 9.665 6.89
20563.0 6.89 5.512
15513.0 5.512 5.399
8825.0 5.399 6.285
5237.0 6.285 7.418
4176.0 7.418 9.689
4206.0 9.689 11.627
4419.0 11.627 13.952
5301.0 13.952 13.784
7248.0 13.784 13.966
10488.0 13.966 12.918
14820.0 12.918 10.512
19037.0 10.512 7.711
20429.0 7.711 6.009
16172.0 6.009 5.727
9812.0 5.727 6.517
5451.0 6.517 7.797
4176.0 7.797 10.172
4265.0 10.172 12.206
4511.0 12.206 14.648
5547.0 14.648 14.327
8103.0 14.327 14.143
11617.0 14.143 12.599
16309.0 12.599 9.797
20223.0 9.797 7.089
19779.0 7.089 5.734
14148.0 5.734 5.917
8070.0 5.917 7.021
4716.0 7.021 9.563
4412.0 9.563 11.476
4338.0 11.476 13.771
4590.0 13.771 16.525
5650.0 16.525 16.095
8086.0 16.095 15.928
11882.0 15.928 13.968
16492.0 13.968 10.674
20328.0 10.674 7.67
19502.0 7.67 6.272
14048.0 6.272 6.48
8146.0 6.48 7.49
4569.0 7.49 10.272
4176.0 10.272 12.326
4212.0 12.326 14.792
4961.0 14.792 17.75
6290.0 17.75 16.834
9720.0 16.834 15.757
14400.0 15.757 12.857
19416.0 12.857 9.083
21462.0 9.083 7.139
17202.0 7.139 6.51
10713.0 6.51 7.318
5928.0 7.318 8.607
4224.0 8.607 11.351
4421.0 11.351 13.621
4488.0 13.621 16.345
4988.0 16.345 19.614
7220.0 19.614 17.872
10746.0 17.872 16.307
15010.0 16.307 13.185
19392.0 13.185 9.543
20552.0 9.543 7.438
15776.0 7.438 7.207
9966.0 7.207 8.115
5298.0 8.115 9.654
4176.0 9.654 12.652
4321.0 12.652 15.182
4496.0 15.182 18.218
5456.0 18.218 17.886
7964.0 17.886 17.687
11616.0 17.687 15.765
16323.0 15.765 12.197
20402.0 12.197 8.805
19970.0 8.805 7.054
14531.0 7.054 7.185
8378.0 7.185 8.476
4606.0 8.476 11.566
4180.0 11.566 14.592
4176.0 14.592 17.51
4676.0 17.51 21.012
5736.0 21.012 20.394
8358.0 20.394 19.965
12012.0 19.965 17.678
16629.0 17.678 13.678
20094.0 13.678 9.815
19053.0 9.815 8.198
13385.0 8.198 8.611
8143.0 8.611 9.936
4606.0 9.936 13.673
4247.0 13.673 17.125
4259.0 17.125 20.55
4624.0 20.55 24.66
5824.0 24.66 23.847
8824.0 23.847 23.002
12490.0 23.002 20.12
17705.0 20.12 14.916
21024.0 14.916 11.208
19088.0 11.208 9.375
12782.0 9.375 10.021
7163.0 10.021 11.865
4280.0 11.865 16.009
4176.0 16.009 20.735
4321.0 20.735 24.882
4699.0 24.882 29.859
6253.0 29.859 28.362
9259.0 28.362 26.951
13783.0 26.951 22.462
19018.0 22.462 15.967
21766.0 15.967 12.336
18448.0 12.336 10.635
11740.0 10.635 11.712
6970.0 11.712 13.926
4225.0 13.926 19.203
4176.0 19.203 23.043
4429.0 23.043 27.652
4636.0 27.652 33.182
6308.0 33.182 31.446
9450.0 31.446 29.603
13746.0 29.603 24.535
18513.0 24.535 17.744
21021.0 17.744 13.617
17661.0 13.617 12.168
11609.0 12.168 13.314
6699.0 13.314 15.653
4217.0 15.653 20.986
4309.0 20.986 25.183
4176.0 25.183 30.219
4718.0 30.219 36.263
5939.0 36.263 34.901
9231.0 34.901 31.067
13569.0 31.067 25.794
18648.0 25.794 18.444
21438.0 18.444 14.186
18224.0 14.186 12.357
11875.0 12.357 13.647
6805.0 13.647 16.157
4176.0 16.157 21.726
4185.0 21.726 27.233
4176.0 27.233 32.68
4824.0 32.68 39.216
6222.0 39.216 37.299
8891.0 37.299 33.815
12619.0 33.815 29.165
16888.0 29.165 22.496
19577.0 22.496 16.922
18014.0 16.922 14.72
12403.0 14.72 15.641
7273.0 15.641 18.352
4753.0 18.352 25.425
4235.0 25.425 32.835
4197.0 32.835 39.402
4885.0 39.402 47.283
6515.0 47.283 44.417
9841.0 44.417 41.072
14157.0 41.072 33.694
19379.0 33.694 23.543
21383.0 23.543 18.379
17627.0 18.379 16.448
11486.0 16.448 18.101
6323.0 18.101 21.56
4176.0 21.56 28.761
4223.0 28.761 34.513
4219.0 34.513 41.415
5042.0 41.415 41.346
6519.0 41.346 40.918
9735.0 40.918 38.445
13707.0 38.445 32.433
18642.0 32.433 23.643
20670.0 23.643 18.206
17436.0 18.206 16.432
11312.0 16.432 18.086
6462.0 18.086 21.787
4176.0 21.787 29.944
4293.0 29.944 38.673
4271.0 38.673 46.408
5203.0 46.408 46.031
7065.0 46.031 46.954
10428.0 46.954 42.988
14567.0 42.988 35.052
19103.0 35.052 25.041
20739.0 25.041 19.521
16645.0 19.521 18.237
10381.0 18.237 20.442
5948.0 20.442 24.242
4176.0 24.242 33.048
4200.0 33.048 39.658
4349.0 39.658 47.59
5168.0 47.59 47.27
7166.0 47.27 45.617
10536.0 45.617 41.836
14775.0 41.836 34.133
18885.0 34.133 25.014
19942.0 25.014 19.425
15598.0 19.425 18.917
9718.0 18.917 21.307
5702.0 21.307 25.456
4253.0 25.456 34.629
4255.0 34.629 41.555
4385.0 41.555 49.866
5379.0 49.866 49.11
7951.0 49.11 45.954
11291.0 45.954 40.976
15737.0 40.976 32.014
19363.0 32.014 23.305
19137.0 23.305 19.01
14567.0 19.01 19.156
9071.0 19.156 22.173
5354.0 22.173 26.312
4235.0 26.312 35.537
4330.0 35.537 42.644
4775.0 42.644 51.173
6041.0 51.173 49.042
9008.0 49.042 47.07
12996.0 47.07 40.418
17989.0 40.418 29.71
21394.0 29.71 22.474
18878.0 22.474 18.988
12773.0 18.988 20.467
7457.0 20.467 24.541
4333.0 24.541 33.467
4176.0 33.467 41.906
4249.0 41.906 50.287
4951.0 50.287 60.344
6577.0 60.344 56.538
10153.0 56.538 51.979
14908.0 51.979 41.427
20086.0 41.427 28.723
21661.0 28.723 22.865
17041.0 22.865 20.998
10618.0 20.998 23.981
6232.0 23.981 28.232
4250.0 28.232 37.38
4176.0 37.38 48.157
4433.0 48.157 57.789
5259.0 57.789 57.19
7669.0 57.19 57.113
11134.0 57.113 51.392
15838.0 51.392 40.049
20006.0 40.049 28.191
20258.0 28.191 22.333
14962.0 22.333 22.367
9082.0 22.367 25.718
5117.0 25.718 30.469
4220.0 30.469 41.149
4176.0 41.149 49.379
4692.0 49.379 59.255
5616.0 59.255 57.795
8168.0 57.795 53.717
11500.0 53.717 48.395
15338.0 48.395 39.45
18416.0 39.45 30.318
18362.0 30.318 25.193
13848.0 25.193 25.506
9102.0 25.506 28.461
5630.0 28.461 33.745
4176.0 33.745 45.743
4176.0 45.743 58.491
4843.0 58.491 70.19
6163.0 70.19 66.924
9415.0 66.924 62.842
14497.0 62.842 50.558
19967.0 50.558 34.347
22523.0 34.347 26.433
18211.0 26.433 23.038
11637.0 23.038 25.724
6393.0 25.724 30.721
4176.0 30.721 41.455
4176.0 41.455 52.035
4187.0 52.035 62.441
4860.0 62.441 74.93
6720.0 74.93 69.775
10248.0 69.775 63.567
15335.0 63.567 49.367
20723.0 49.367 33.851
22289.0 33.851 27.08
16847.0 27.08 25.08
10326.0 25.08 28.918
6210.0 28.918 34.252
4176.0 34.252 45.691
4372.0 45.691 57.178
4538.0 57.178 68.613
5189.0 68.613 68.095
7628.0 68.095 68.029
10608.0 68.029 62.46
15064.0 62.46 50.393
19432.0 50.393 36.462
20389.0 36.462 28.684
15622.0 28.684 27.971
9826.0 27.971 31.365
5740.0 31.365 37.723
4315.0 37.723 51.337
4176.0 51.337 64.234
4224.0 64.234 77.081
5361.0 77.081 75.968
8143.0 75.968 70.49
11941.0 70.49 61.488
16638.0 61.488 46.836
18488.0 46.836 36.519
15488.0 36.519 34.587
10532.0 34.587 38.004
6348.0 38.004 45.139
4278.0 45.139 60.54
4184.0 60.54 77.831
4176.0 77.831 93.398
5448.0 93.398 91.724
8274.0 91.724 84.709
12174.0 84.709 73.418
16713.0 73.418 55.878
20335.0 55.878 40.609
19018.0 40.609 34.062
13154.0 34.062 36.046
7658.0 36.046 42.117
4808.0 42.117 57.23
4176.0 57.23 71.639
4197.0 71.639 85.966
4869.0 85.966 100.0
6521.0 100.0 93.916
10469.0 93.916 84.745
15927.0 84.745 64.026
21576.0 64.026 44.573
22389.0 44.573 35.658
16698.0 35.658 33.236
10106.0 33.236 38.594
5994.0 38.594 46.154
4176.0 46.154 61.606
4176.0 61.606 73.927
4432.0 73.927 88.712
5110.0 88.712 88.322
7708.0 88.322 83.268
11006.0 83.268 74.943
15285.0 74.943 59.646
18925.0 59.646 43.91
19042.0 43.91 35.717
14542.0 35.717 35.757
8730.0 35.757 41.878
5374.0 41.878 49.945
4176.0 49.945 67.513
4344.0 67.513 86.573
4346.0 86.573 100.0
5777.0 100.0 96.892
9137.0 96.892 92.041
14111.0 92.041 75.217
18311.0 75.217 55.634
18339.0 55.634 46.104
13861.0 46.104 46.715
8941.0 46.715 53.877
5653.0 53.877 63.844
4249.0 63.844 84.13
4218.0 84.13 100.0
4460.0 100.0 100.0
6056.0 100.0 95.776
8156.0 95.776 89.485
10808.0 89.485 83.134
13270.0 83.134 73.44
15310.0 73.44 62.539
15524.0 62.539 55.01
13439.0 55.01 53.513
10391.0 53.513 56.721
7852.0 56.721 62.718
6244.0 62.718 70.301
5490.0 70.301 78.45
5262.0 78.45 86.843
5624.0 86.843 93.828
6466.0 93.828 93.603
8134.0 93.603 93.178
10612.0 93.178 87.155
13600.0 87.155 74.911
16600.0 74.911 59.829
17468.0 59.829 49.309
14768.0 49.309 47.271
10391.0 47.271 51.042
6945.0 51.042 58.628
5058.0 58.628 66.898
4176.0 66.898 87.421
4176.0 87.421 100.0
5100.0 100.0 99.6
7032.0 99.6 96.584
9636.0 96.584 91.31
12831.0 91.31 79.197
16499.0 79.197 62.622
18359.0 62.622 49.22
16331.0 49.22 44.881
11507.0 44.881 47.967
7159.0 47.967 55.362
4899.0 55.362 75.516
4176.0 75.516 95.132
4392.0 95.132 100.0
5620.0 100.0 97.52
7300.0 97.52 99.139
9902.0 99.139 93.129
13229.0 93.129 80.061
16799.0 80.061 62.453
18395.0 62.453 49.26
15944.0 49.26 45.616
11126.0 45.616 49.343
7065.0 49.343 57.347
4839.0 57.347 78.222
4323.0 78.222 100.0
4308.0 100.0 100.0
5736.0 100.0 97.056
7584.0 97.056 92.591
10008.0 92.591 87.604
12766.0 87.604 77.609
15118.0 77.609 65.153
16378.0 65.153 54.765
14863.0 54.765 50.906
11349.0 50.906 53.115
8196.0 53.115 59.259
5976.0 59.259 68.033
4742.0 68.033 90.015
4526.0 90.015 100.0
5177.0 100.0 99.292
7109.0 99.292 96.056
9545.0 96.056 91.743
12659.0 91.743 80.406
15839.0 80.406 65.266
17708.0 65.266 52.217
15866.0 52.217 47.743
11771.0 47.743 50.195
8127.0 50.195 56.794
5607.0 56.794 66.443
4435.0 66.443 88.72
4340.0 88.72 100.0
5178.0 100.0 99.288
6858.0 99.288 97.05
9297.0 97.05 92.487
12504.0 92.487 81.248
15906.0 81.248 65.299
18337.0 65.299 50.415
16690.0 50.415 45.053
12086.0 45.053 47.588
7659.0 47.588 54.482
5079.0 54.482 64.424
4176.0 64.424 85.238
4415.0 85.238 100.0
4916.0 100.0 100.0
6764.0 100.0 92.944
9200.0 92.944 89.478
12110.0 89.478 79.691
15356.0 79.691 65.31
17122.0 65.31 53.298
16009.0 53.298 47.951
12073.0 47.951 49.687
8329.0 49.687 56.451
5879.0 56.451 64.906
4623.0 64.906 85.696
4328.0 85.696 100.0
4876.0 100.0 100.0
6388.0 100.0 94.448
8908.0 94.448 90.666
11931.0 90.666 80.572
15222.0 80.572 66.639
17154.0 66.639 54.112
16188.0 54.112 48.291
12480.0 48.291 49.58
8604.0 49.58 55.482
6150.0 55.482 63.426
4706.0 63.426 85.347
4232.0 85.347 100.0
4708.0 100.0 100.0
6472.0 100.0 94.112
8824.0 94.112 91.028
11684.0 91.028 81.752
14868.0 81.752 67.615
16901.0 67.615 55.181
16545.0 55.181 48.267
12888.0 48.267 48.947
8842.0 48.947 54.81
5946.0 54.81 63.875
4560.0 63.875 85.74
4176.0 85.74 100.0
4962.0 100.0 100.0
6474.0 100.0 94.104
9246.0 94.104 89.095
12170.0 89.095 78.91
15322.0 78.91 64.798
17218.0 64.798 52.651
15972.0 52.651 47.469
12068.0 47.469 49.47
8255.0 49.47 55.843
5805.0 55.843 64.447
4620.0 64.447 85.674
4400.0 85.674 100.0
4946.0 100.0 100.0
6962.0 100.0 92.152
9818.0 92.152 86.187
12674.0 86.187 75.566
15810.0 75.566 61.609
17073.0 61.609 51.201
15068.0 51.201 47.783
11320.0 47.783 50.448
7860.0 50.448 57.338
5892.0 57.338 65.035
4569.0 65.035 86.583
4332.0 86.583 100.0
5091.0 100.0 99.636
7023.0 99.636 100.0
10047.0 100.0 93.072
14163.0 93.072 76.477
18255.0 76.477 55.864
19819.0 55.864 42.552
16099.0 42.552 40.429
10027.0 40.429 45.667
5883.0 45.667 54.683
4176.0 54.683 72.662
4218.0 72.662 90.851
4176.0 90.851 100.0
5184.0 100.0 99.264
7368.0 99.264 95.008
10221.0 95.008 88.052
13533.0 88.052 74.636
16832.0 74.636 59.015
17803.0 59.015 48.046
15216.0 48.046 45.54
10659.0 45.54 49.149
6985.0 49.149 56.298
4846.0 56.298 77.323
4212.0 77.323 98.894
4618.0 98.894 100.0
6159.0 100.0 95.364
8343.0 95.364 93.43
11071.0 93.43 85.666
14359.0 85.666 71.463
17257.0 71.463 56.437
17383.0 56.437 47.648
13894.0 47.648 47.25
9487.0 47.25 51.95
6259.0 51.95 60.663
4645.0 60.663 80.749
4205.0 80.749 96.899
4812.0 96.899 100.0
6156.0 100.0 95.376
8508.0 95.376 93.038
11228.0 93.038 85.545
14678.0 85.545 70.681
17198.0 70.681 56.185
17331.0 56.185 47.34
13623.0 47.34 47.49
9325.0 47.49 52.979
6328.0 52.979 60.925
4672.0 60.925 81.623
4373.0 81.623 100.0
4312.0 100.0 100.0
5824.0 100.0 96.704
8092.0 96.704 90.376
10750.0 90.376 83.134
13654.0 83.134 71.16
15878.0 71.16 59.437
15824.0 59.437 52.203
13528.0 52.203 51.017
10091.0 51.017 54.646
7253.0 54.646 61.058
5741.0 61.058 69.333
4733.0 69.333 91.235
4429.0 91.235 100.0
5465.0 100.0 98.14
7481.0 98.14 93.764
10499.0 93.764 86.321
13913.0 86.321 72.539
17249.0 72.539 56.872
17857.0 56.872 47.157
14817.0 47.157 45.405
9956.0 45.405 50.048
6716.0 50.048 57.932
4700.0 57.932 78.772
4176.0 78.772 100.0
4460.0 100.0 100.0
6056.0 100.0 95.776
8576.0 95.776 87.876
11460.0 87.876 79.837
14724.0 79.837 66.579
16971.0 66.579 54.247
16005.0 54.247 48.406
12653.0 48.406 49.24
8939.0 49.24 54.298
6428.0 54.298 62.82
4790.0 62.82 84.115
4250.0 84.115 100.0
4738.0 100.0 100.0
6670.0 100.0 93.32
9190.0 93.32 89.318
12352.0 89.318 78.342
15484.0 78.342 64.182
17189.0 64.182 52.617
16025.0 52.617 47.564
12297.0 47.564 49.154
8475.0 49.154 54.606
5889.0 54.606 63.854
4503.0 63.854 85.392
4236.0 85.392 100.0
4796.0 100.0 100.0
6308.0 100.0 94.768
8996.0 94.768 90.626
12098.0 90.626 80.273
15455.0 80.273 65.694
17555.0 65.694 52.571
16523.0 52.571 46.52
12483.0 46.52 48.144
8394.0 48.144 54.283
6042.0 54.283 62.146
4533.0 62.146 82.263
4176.0 82.263 98.715
4938.0 98.715 100.0
6475.0 100.0 94.1
8911.0 94.1 90.721
12186.0 90.721 80.422
15366.0 80.422 66.157
17571.0 66.157 52.746
16466.0 52.746 46.803
12586.0 46.803 48.073
8386.0 48.073 54.913
5698.0 54.913 64.006
4336.0 64.006 85.274
4371.0 85.274 100.0
4956.0 100.0 100.0
6552.0 100.0 93.792
9156.0 93.792 90.443
12240.0 90.443 79.993
15420.0 79.993 65.998
17457.0 65.998 52.766
16301.0 52.766 47.026
12161.0 47.026 48.994
8557.0 48.994 54.309
5753.0 54.309 63.6
4231.0 63.6 84.443
4260.0 84.443 100.0
4748.0 100.0 100.0
6596.0 100.0 93.616
9116.0 93.616 90.496
11948.0 90.496 80.849
15323.0 80.849 66.023
17571.0 66.023 52.749
16718.0 52.749 46.422
12770.0 46.422 47.588
8571.0 47.588 53.17
5862.0 53.17 61.553
4176.0 61.553 82.82
4176.0 82.82 99.385
4698.0 99.385 100.0
6154.0 100.0 95.384
8926.0 95.384 91.084
11962.0 91.084 81.744
15366.0 81.744 66.599
17892.0 66.599 52.733
16968.0 52.733 46.124
12868.0 46.124 47.517
8527.0 47.517 53.218
5986.0 53.218 60.798
4518.0 60.798 81.199
4176.0 81.199 97.438
4992.0 97.438 100.0
6470.0 100.0 94.12
9074.0 94.12 90.338
12176.0 90.338 79.795
15533.0 79.795 65.484
17381.0 65.484 52.684
16430.0 52.684 46.775
12298.0 46.775 48.47
8362.0 48.47 54.703
5716.0 54.703 63.464
4316.0 63.464 84.62
4344.0 84.62 100.0
4860.0 100.0 100.0
6372.0 100.0 94.512
8892.0 94.512 90.956
12004.0 90.956 80.748
14988.0 80.748 67.062
17212.0 67.062 54.013
16594.0 54.013 47.307
12922.0 47.307 48.183
8664.0 48.183 53.788
6130.0 53.788 62.412
4386.0 62.412 84.009
4275.0 84.009 100.0
4763.0 100.0 100.0
6695.0 100.0 93.22
8879.0 93.22 90.045
11645.0 90.045 81.793
14963.0 81.793 68.032
17229.0 68.032 54.617
16541.0 54.617 48.116
13013.0 48.116 48.728
9044.0 48.728 53.962
6259.0 53.962 62.714
4567.0 62.714 84.76
4244.0 84.76 100.0
4943.0 100.0 100.0
6455.0 100.0 94.18
9227.0 94.18 89.462
12235.0 89.462 79.129
15293.0 79.129 65.231
17059.0 65.231 53.415
15778.0 53.415 48.455
12158.0 48.455 50.073
8714.0 50.073 54.844
6110.0 54.844 62.215
4654.0 62.215 82.596
4209.0 82.596 100.0
4797.0 100.0 100.0
6477.0 100.0 94.092
9333.0 94.092 89.732
12336.0 89.732 79.212
15804.0 79.212 63.822
17712.0 63.822 50.672
16356.0 50.672 45.431
12018.0 45.431 47.726
8057.0 47.726 54.76
5291.0 54.76 63.982
4176.0 63.982 84.184
4176.0 84.184 100.0
4780.0 100.0 100.0
6460.0 100.0 94.16
9064.0 94.16 89.863
12250.0 89.863 79.209
15476.0 79.209 65.422
17472.0 65.422 52.455
16392.0 52.455 46.71
12486.0 46.71 48.206
8370.0 48.206 54.07
5934.0 54.07 61.501
4218.0 61.501 82.426
4176.0 82.426 98.912
4884.0 98.912 100.0
6506.0 100.0 93.976
8942.0 93.976 90.667
12133.0 90.667 80.159
15490.0 80.159 65.392
17254.0 65.392 52.801
16516.0 52.801 46.722
12916.0 46.722 47.564
8608.0 47.564 53.948
5983.0 53.948 62.576
4351.0 62.576 84.194
4176.0 84.194 100.0
5064.0 100.0 99.744
6744.0 99.744 97.837
9432.0 97.837 92.454
12908.0 92.454 79.999
16618.0 79.999 63.056
18991.0 63.056 48.431
16940.0 48.431 43.354
11816.0 43.354 46.555
7710.0 46.555 54.094
5051.0 54.094 64.088
4176.0 64.088 86.175
4183.0 86.175 100.0
4848.0 100.0 100.0
6528.0 100.0 93.888
8796.0 93.888 90.966
11829.0 90.966 81.518
14913.0 81.518 67.541
17114.0 67.541 54.315
16117.0 54.315 48.498
12597.0 48.498 49.523
8547.0 49.523 56.085
6009.0 56.085 64.318
4731.0 64.318 85.653
4314.0 85.653 100.0
4692.0 100.0 100.0
6372.0 100.0 94.512
8892.0 94.512 90.648
11836.0 90.648 81.225
15220.0 81.225 67.154
17236.0 67.154 54.019
16366.0 54.019 47.765
13006.0 47.765 48.178
8886.0 48.178 53.633
6177.0 53.633 61.425
4349.0 61.425 83.124
4176.0 83.124 100.0
4725.0 100.0 100.0
6405.0 100.0 94.38
8841.0 94.38 85.924
11953.0 85.924 76.61
14529.0 76.61 65.515
16195.0 65.515 54.913
15311.0 54.913 49.84
12290.0 49.84 50.635
9025.0 50.635 55.789
6447.0 55.789 63.264
5246.0 63.264 71.878
4714.0 71.878 94.041
4705.0 94.041 100.0
6036.0 100.0 95.856
8304.0 95.856 93.934
11704.0 93.934 83.632
15496.0 83.632 67.865
18254.0 67.865 52.464
17710.0 52.464 44.561
13608.0 44.561 45.064
8820.0 45.064 50.766
5472.0 50.766 59.778
4176.0 59.778 80.701
4176.0 80.701 100.0
4552.0 100.0 100.0
6148.0 100.0 95.408
8500.0 95.408 92.841
11808.0 92.841 82.395
15300.0 82.395 66.935
17808.0 66.935 52.339
16716.0 52.339 46.073
12824.0 46.073 47.111
8483.0 47.111 52.861
5603.0 52.861 62.652
4331.0 62.652 83.34
4257.0 83.34 100.0
4870.0 100.0 100.0
6550.0 100.0 93.8
9238.0 93.8 89.407
12148.0 89.407 79.501
15636.0 79.501 64.635
17840.0 64.635 51.224
16616.0 51.224 45.416
12320.0 45.416 47.403
8174.0 47.403 53.061
5530.0 53.061 61.337
4235.0 61.337 82.028
4176.0 82.028 98.433
4854.0 98.433 100.0
6392.0 100.0 94.432
8996.0 94.432 90.266
12182.0 90.266 80.047
15623.0 80.047 65.002
17450.0 65.002 52.319
16622.0 52.319 46.164
12646.0 46.164 47.533
8390.0 47.533 53.95
5690.0 53.95 62.663
4286.0 62.663 83.996
4244.0 83.996 100.0
4648.0 100.0 100.0
6412.0 100.0 94.352
8848.0 94.352 91.186
11792.0 91.186 81.452
15380.0 81.452 66.438
17654.0 66.438 52.748
16758.0 52.748 46.23
12810.0 46.23 47.426
8372.0 47.426 54.02
5876.0 54.02 62.243
4484.0 62.243 82.092
4389.0 82.092 98.51
4941.0 98.51 100.0
6730.0 100.0 93.08
9250.0 93.08 88.424
12328.0 88.424 78.291
15434.0 78.291 64.21
17223.0 64.21 52.377
16143.0 52.377 46.94
11978.0 46.94 49.224
8301.0 49.224 54.98
5970.0 54.98 62.817
4554.0 62.817 84.617
4217.0 84.617 100.0
4748.0 100.0 100.0
6596.0 100.0 93.616
9200.0 93.616 89.373
12362.0 89.373 78.707
15662.0 78.707 64.071
17657.0 64.071 51.233
16268.0 51.233 46.053
12300.0 46.053 47.728
8172.0 47.728 53.403
5397.0 53.403 62.581
4176.0 62.581 84.366
4184.0 84.366 100.0
5036.0 100.0 99.856
6548.0 99.856 98.702
9236.0 98.702 93.506
12823.0 93.506 81.504
17005.0 81.504 62.385
19227.0 62.385 47.546
17058.0 47.546 42.797
11565.0 42.797 46.301
7418.0 46.301 53.645
4828.0 53.645 74.217
4176.0 74.217 95.204
4442.0 95.204 100.0
5666.0 100.0 97.336
7346.0 97.336 98.733
9778.0 98.733 93.616
13274.0 93.616 80.341
16838.0 80.341 63.533
18245.0 63.533 50.899
15773.0 50.899 47.456
11105.0 47.456 51.197
7451.0 51.197 58.493
4985.0 58.493 80.721
4200.0 80.721 100.0
4664.0 100.0 100.0
6008.0 100.0 95.968
8108.0 95.968 89.803
10424.0 89.803 84.677
12506.0 84.677 75.888
14717.0 75.888 64.656
15578.0 64.656 56.083
13754.0 56.083 53.721
10622.0 53.721 56.914
8262.0 56.914 62.23
6358.0 62.23 70.229
5422.0 70.229 78.092
4942.0 78.092 100.0
5350.0 100.0 100.0
7030.0 100.0 100.0
8962.0 100.0 97.687
12070.0 97.687 87.332
15484.0 87.332 71.175
18244.0 71.175 55.455
17510.0 55.455 47.702
13234.0 47.702 48.782
8443.0 48.782 56.187
5594.0 56.187 66.098
4176.0 66.098 87.476
4364.0 87.476 100.0
4652.0 100.0 100.0
6164.0 100.0 95.344
8096.0 95.344 89.414
10668.0 89.414 82.7
12804.0 82.7 74.296
14484.0 74.296 64.81
14943.0 64.81 57.817
13601.0 57.817 55.233
10797.0 55.233 57.485
8001.0 57.485 63.652
6607.0 63.652 71.453
5503.0 71.453 80.547
5249.0 80.547 88.648
5741.0 88.648 95.635
6666.0 95.635 99.797
8462.0 99.797 98.619
11234.0 98.619 90.459
14629.0 90.459 75.098
17323.0 75.098 58.892
17603.0 58.892 49.435
14151.0 49.435 48.764
9447.0 48.764 54.214
6484.0 54.214 62.573
4594.0 62.573 84.735
4176.0 84.735 100.0
4549.0 100.0 100.0
5977.0 100.0 96.092
8245.0 96.092 94.61
10564.0 94.61 88.677
13413.0 88.677 76.42
15883.0 76.42 63.135
16649.0 63.135 53.527
14423.0 53.527 51.2
10479.0 51.2 54.989
7647.0 54.989 61.414
5625.0 61.414 70.803
4575.0 70.803 93.243
4225.0 93.243 100.0
5119.0 100.0 99.524
7135.0 99.524 96.119
9571.0 96.119 91.464
12598.0 91.464 80.498
15786.0 80.498 65.449
17534.0 65.449 53.289
15866.0 53.289 48.709
11752.0 48.709 51.439
8220.0 51.439 57.491
5736.0 57.491 66.762
4432.0 66.762 89.844
4176.0 89.844 100.0
5100.0 100.0 99.6
6948.0 99.6 100.0
9300.0 100.0 96.462
12828.0 96.462 83.262
16752.0 83.262 64.822
19306.0 64.822 48.823
17240.0 48.823 43.47
11784.0 43.47 47.059
7342.0 47.059 54.791
4696.0 54.791 75.951
4200.0 75.951 95.453
4233.0 95.453 100.0
5465.0 100.0 98.14
7061.0 98.14 95.413
9415.0 95.413 91.284
12011.0 91.284 81.909
14827.0 81.909 68.565
16627.0 68.565 56.508
15691.0 56.508 50.939
12161.0 50.939 52.712
8771.0 52.712 58.354
6187.0 58.354 66.751
4783.0 66.751 88.49
4363.0 88.49 100.0
5033.0 100.0 99.868
6797.0 99.868 97.716
8981.0 97.716 95.27
11879.0 95.27 85.282
15371.0 85.282 69.532
17651.0 69.532 54.825
16701.0 54.825 48.253
12599.0 48.253 50.112
8651.0 50.112 56.084
5963.0 56.084 64.868
4583.0 64.868 86.006
4221.0 86.006 100.0
4710.0 100.0 100.0
6306.0 100.0 94.776
8574.0 94.776 92.318
11197.0 92.318 85.227
14361.0 85.227 72.124
16539.0 72.124 59.294
16641.0 59.294 51.335
13829.0 51.335 50.311
9969.0 50.311 54.66
6837.0 54.66 61.781
5115.0 61.781 71.583
4315.0 71.583 94.439
4608.0 94.439 100.0
5860.0 100.0 96.56
7792.0 96.56 96.893
10462.0 96.893 90.352
13879.0 90.352 76.412
17485.0 76.412 58.571
18559.0 58.571 46.769
15271.0 46.769 44.815
10303.0 44.815 49.369
6347.0 49.369 57.8
4217.0 57.8 79.037
4340.0 79.037 100.0
4296.0 100.0 100.0
5640.0 100.0 97.44
7656.0 97.44 92.584
10164.0 92.584 86.727
12908.0 86.727 76.203
15450.0 76.203 63.704
16404.0 63.704 53.979
14604.0 53.979 51.029
10944.0 51.029 54.305
8037.0 54.305 60.505
6025.0 60.505 68.465
4865.0 68.465 90.477
4481.0 90.477 100.0
5300.0 100.0 98.8
7148.0 98.8 95.548
9919.0 95.548 90.301
12827.0 90.301 79.301
16037.0 79.301 63.973
17649.0 63.973 52.0
15585.0 52.0 48.089
11463.0 48.089 51.046
7809.0 51.046 58.481
5601.0 58.481 67.77
4269.0 67.77 90.786
4312.0 90.786 100.0
5065.0 100.0 99.74
6913.0 99.74 97.16
9601.0 97.16 91.877
13073.0 91.877 79.673
16685.0 79.673 62.443
18249.0 62.443 49.632
16185.0 49.632 45.292
11373.0 45.292 48.627
7317.0 48.627 55.736
5170.0 55.736 65.5
4334.0 65.5 85.555
4216.0 85.555 100.0
5112.0 100.0 99.552
6708.0 99.552 97.84
9312.0 97.84 93.059
12622.0 93.059 80.96
16312.0 80.96 64.268
18296.0 64.268 50.444
16420.0 50.444 45.564
12067.0 45.564 47.95
7585.0 47.95 56.097
5049.0 56.097 66.559
4176.0 66.559 88.969
4259.0 88.969 100.0
4898.0 100.0 100.0
6746.0 100.0 93.016
9266.0 93.016 88.616
11924.0 88.616 80.449
15074.0 80.449 66.935
16670.0 66.935 55.811
15704.0 55.811 50.47
12432.0 50.47 51.453
8979.0 51.453 57.083
6343.0 57.083 65.196
4999.0 65.196 87.875
4420.0 87.875 100.0
5116.0 100.0 99.536
7132.0 99.536 96.14
9484.0 96.14 91.494
12766.0 91.494 79.524
15938.0 79.524 64.395
17320.0 64.395 52.464
15857.0 52.464 47.793
11342.0 47.793 51.095
7462.0 51.095 57.957
5248.0 57.957 68.095
4251.0 68.095 89.337
4176.0 89.337 100.0
4932.0 100.0 100.0
6612.0 100.0 93.552
9048.0 93.552 89.94
11718.0 89.94 81.279
14700.0 81.279 68.461
16603.0 68.461 56.406
15706.0 56.406 50.862
12344.0 50.862 52.218
9134.0 52.218 57.639
6677.0 57.639 65.299
5253.0 65.299 75.24
4668.0 75.24 98.958
4584.0 98.958 100.0
6126.0 100.0 95.496
8394.0 95.496 93.613
11118.0 93.613 85.894
14238.0 85.894 71.768
16982.0 71.768 56.787
16952.0 56.787 48.46
13960.0 48.46 47.65
9526.0 47.65 53.075
6352.0 53.075 61.216
4696.0 61.216 83.453
4176.0 83.453 100.0
4372.0 100.0 100.0
5884.0 100.0 96.464
8236.0 96.464 95.031
11059.0 95.031 86.616
14503.0 86.616 72.421
17425.0 72.421 56.798
17801.0 56.798 47.178
14089.0 47.178 46.755
9608.0 46.755 52.069
6272.0 52.069 60.931
4574.0 60.931 81.104
4176.0 81.104 100.0
4628.0 100.0 100.0
5972.0 100.0 96.112
8408.0 96.112 93.925
11225.0 93.925 86.054
14286.0 86.054 72.689
17030.0 72.689 58.102
17030.0 58.102 49.629
13948.0 49.629 48.959
9750.0 48.959 53.951
6750.0 53.951 61.518
4926.0 61.518 82.093
4194.0 82.093 100.0
4452.0 100.0 100.0
6048.0 100.0 95.808
7980.0 95.808 90.182
10556.0 90.182 83.924
13478.0 83.924 72.612
15938.0 72.612 60.43
16142.0 60.43 52.257
13739.0 52.257 50.819
10141.0 50.819 54.773
7409.0 54.773 61.843
5659.0 61.843 70.192
4987.0 70.192 93.197
4735.0 93.197 100.0
5845.0 100.0 96.62
7693.0 96.62 91.86
10114.0 91.86 86.184
13110.0 86.184 74.664
15434.0 74.664 62.782
16081.0 62.782 54.154
14231.0 54.154 51.637
10807.0 51.637 54.928
7866.0 54.928 60.895
6042.0 60.895 68.939
4926.0 68.939 92.179
4712.0 92.179 100.0
5944.0 100.0 100.0
7624.0 100.0 100.0
10312.0 100.0 93.951
13756.0 93.951 80.194
17097.0 80.194 63.144
18546.0 63.144 49.894
15802.0 49.894 46.675
10836.0 46.675 51.244
6912.0 51.244 58.795
4816.0 58.795 81.001
4494.0 81.001 100.0
4343.0 100.0 100.0
5603.0 100.0 97.588
7451.0 97.588 93.488
9797.0 93.488 88.614
12335.0 88.614 79.052
14685.0 79.052 67.878
15827.0 67.878 58.327
14487.0 58.327 54.496
11619.0 54.496 56.133
8646.0 56.133 61.636
6582.0 61.636 69.665
5329.0 69.665 78.006
5008.0 78.006 86.339
5056.0 86.339 95.213
5963.0 95.213 100.0
7455.0 100.0 100.0
9891.0 100.0 94.879
12915.0 94.879 83.017
16301.0 83.017 66.444
17999.0 66.444 53.109
16261.0 53.109 48.181
11644.0 48.181 51.172
7563.0 51.172 58.838
5265.0 58.838 67.442
4176.0 67.442 90.612
4176.0 90.612 100.0
5049.0 100.0 99.804
6729.0 99.804 97.941
8913.0 97.941 94.639
11813.0 94.639 85.445
14928.0 85.445 70.987
17406.0 70.987 56.965
16545.0 56.965 50.184
13073.0 50.184 50.747
8789.0 50.747 56.955
6291.0 56.955 65.223
4631.0 65.223 86.484
4187.0 86.484 100.0
4439.0 100.0 100.0
5783.0 100.0 96.868
8219.0 96.868 95.27
10706.0 95.27 88.764
13830.0 88.764 75.802
16508.0 75.802 61.517
17105.0 61.517 51.678
14260.0 51.678 50.083
10248.0 50.083 54.518
6972.0 54.518 63.17
5180.0 63.17 73.582
4445.0 73.582 97.651
4460.0 97.651 100.0
5532.0 100.0 97.872
7464.0 97.872 93.64
9978.0 93.64 88.311
12672.0 88.311 78.559
15398.0 78.559 65.13
16706.0 65.13 54.404
14804.0 54.404 51.038
11432.0 51.038 53.265
8030.0 53.265 59.052
5768.0 59.052 68.229
4525.0 68.229 91.104
4426.0 91.104 100.0
5210.0 100.0 99.16
6974.0 99.16 96.497
9411.0 96.497 92.191
12696.0 92.191 80.069
15748.0 80.069 65.706
17554.0 65.706 52.643
16018.0 52.643 47.712
11618.0 47.712 50.409
7916.0 50.409 57.906
5444.0 57.906 68.168
4386.0 68.168 89.851
4272.0 89.851 100.0
4988.0 100.0 100.0
6668.0 100.0 93.328
9104.0 93.328 89.793
11852.0 89.793 80.682
14530.0 80.682 68.448
16434.0 68.448 56.332
15660.0 56.332 50.372
12466.0 50.372 51.234
8929.0 51.234 56.28
6461.0 56.28 63.414
4985.0 63.414 84.504
4215.0 84.504 100.0
4920.0 100.0 100.0
6516.0 100.0 93.936
9036.0 93.936 90.481
11802.0 90.481 81.703
15111.0 81.703 67.32
17190.0 67.32 54.225
16320.0 54.225 48.005
12658.0 48.005 49.119
8703.0 49.119 55.366
6030.0 55.366 63.316
4654.0 63.316 85.474
4232.0 85.474 100.0
4792.0 100.0 100.0
6304.0 100.0 94.784
8824.0 94.784 91.818
11768.0 91.818 82.241
15028.0 82.241 67.96
17236.0 67.96 54.219
16800.0 54.219 47.167
12757.0 47.167 48.305
8689.0 48.305 54.226
6289.0 54.226 62.565
4638.0 62.565 84.419
4209.0 84.419 100.0
4865.0 100.0 100.0
6545.0 100.0 93.82
9317.0 93.82 89.147
12137.0 89.147 79.808
15373.0 79.808 65.515
17578.0 65.515 51.938
16546.0 51.938 46.055
12628.0 46.055 47.421
8386.0 47.421 53.867
5722.0 53.867 61.8
4402.0 61.8 82.849
4275.0 82.849 99.418
4720.0 99.418 100.0
6568.0 100.0 93.728
9256.0 93.728 89.496
12166.0 89.496 79.695
15570.0 79.695 64.897
17628.0 64.897 51.866
16328.0 51.866 46.297
12482.0 46.297 47.881
8492.0 47.881 54.043
5832.0 54.043 62.575
4356.0 62.575 84.346
4242.0 84.346 100.0
5150.0 100.0 99.4
6746.0 99.4 97.577
9602.0 97.577 92.179
13158.0 92.179 78.556
16931.0 78.556 61.073
18818.0 61.073 47.327
16544.0 47.327 43.239
11666.0 43.239 46.153
7106.0 46.153 53.208
4589.0 53.208 73.995
4176.0 73.995 94.189
4408.0 94.189 100.0
5670.0 100.0 97.32
7602.0 97.32 92.709
10280.0 92.709 86.158
13101.0 86.158 74.821
15761.0 74.821 61.24
16769.0 61.24 51.351
14702.0 51.351 48.614
10862.0 48.614 51.594
7607.0 51.594 57.557
5490.0 57.557 66.643
4646.0 66.643 87.706
4302.0 87.706 100.0
5106.0 100.0 99.576
7122.0 99.576 96.208
10146.0 96.208 88.938
13575.0 88.938 75.534
17417.0 75.534 58.153
18722.0 58.153 46.131
15832.0 46.131 43.266
10831.0 43.266 47.479
6715.0 47.479 54.802
4525.0 54.802 73.341
4220.0 73.341 91.965
4251.0 91.965 100.0
5266.0 100.0 98.936
7198.0 98.936 95.448
9885.0 95.448 89.78
13213.0 89.78 77.613
16507.0 77.613 62.263
18043.0 62.263 49.437
16249.0 49.437 44.811
11437.0 44.811 47.933
7277.0 47.933 55.473
4841.0 55.473 76.848
4176.0 76.848 98.969
4484.0 98.969 100.0
5775.0 100.0 96.9
7791.0 96.9 96.603
10377.0 96.603 90.319
13797.0 90.319 76.544
16992.0 76.544 60.297
17834.0 60.297 49.781
15202.0 49.781 47.264
10492.0 47.264 51.613
7214.0 51.613 59.924
5003.0 59.924 68.762
4176.0 68.762 90.065
4204.0 90.065 100.0
5050.0 100.0 99.8
6982.0 99.8 96.928
9670.0 96.928 91.842
12694.0 91.842 80.925
16334.0 80.925 63.967
18298.0 63.967 50.184
16414.0 50.184 45.59
11626.0 45.59 48.773
7447.0 48.773 56.449
4875.0 56.449 78.173
4176.0 78.173 100.0
4774.0 100.0 100.0
6202.0 100.0 95.192
8050.0 95.192 94.759
10454.0 94.759 88.238
13728.0 88.238 75.711
16249.0 75.711 61.356
16900.0 61.356 51.516
14528.0 51.516 49.201
10274.0 49.201 53.345
7319.0 53.345 60.389
5101.0 60.389 70.38
4494.0 70.38 91.998
4353.0 91.998 100.0
5445.0 100.0 98.22
7293.0 98.22 94.559
9895.0 94.559 88.996
12947.0 88.996 78.191
16019.0 78.191 63.59
17231.0 63.59 52.573
15395.0 52.573 48.67
11467.0 48.67 51.121
7772.0 51.121 58.341
5564.0 58.341 66.391
4568.0 66.391 87.253
4258.0 87.253 100.0
4978.0 100.0 100.0
6826.0 100.0 92.696
9598.0 92.696 88.075
12384.0 88.075 78.292
15479.0 78.292 64.285
16848.0 64.285 53.217
15741.0 53.217 48.106
11953.0 48.106 50.082
8110.0 50.082 56.221
5758.0 56.221 65.109
4444.0 65.109 86.986
4176.0 86.986 100.0
5039.0 100.0 99.844
6719.0 99.844 98.01
9407.0 98.01 92.934
13051.0 92.934 79.549
16879.0 79.549 62.003
18903.0 62.003 47.836
16463.0 47.836 43.793
11511.0 43.793 46.991
7215.0 46.991 55.053
4748.0 55.053 74.398
4206.0 74.398 93.632
4228.0 93.632 100.0
5290.0 100.0 98.84
6970.0 98.84 96.28
9576.0 96.28 91.926
12687.0 91.926 81.183
15991.0 81.183 65.316
17615.0 65.316 52.748
16070.0 52.748 47.944
11838.0 47.944 50.323
7850.0 50.323 57.888
5378.0 57.888 67.869
4176.0 67.869 91.167
4241.0 91.167 100.0
5209.0 100.0 99.164
6889.0 99.164 96.837
9327.0 96.837 92.592
12363.0 92.592 82.031
15695.0 82.031 66.389
17879.0 66.389 52.43
16268.0 52.43 47.503
12026.0 47.503 49.926
8306.0 49.926 56.145
5820.0 56.145 65.343
4254.0 65.343 87.929
4254.0 87.929 100.0
4974.0 100.0 100.0
6486.0 100.0 94.056
9090.0 94.056 90.431
11935.0 90.431 80.812
14974.0 80.812 67.787
16882.0 67.787 55.11
16106.0 55.11 49.112
12656.0 49.112 50.149
8916.0 50.149 55.774
6060.0 55.774 63.698
4741.0 63.698 86.057
4295.0 86.057 100.0
5023.0 100.0 99.908
6703.0 99.908 98.121
8971.0 98.121 94.042
12121.0 94.042 83.437
15804.0 83.437 67.107
18259.0 67.107 52.72
17104.0 52.72 46.288
12500.0 46.288 48.477
8342.0 48.477 54.424
5786.0 54.424 63.402
4348.0 63.402 84.91
4176.0 84.91 100.0
4767.0 100.0 100.0
6447.0 100.0 94.212
8715.0 94.212 91.624
11753.0 91.624 81.966
15013.0 81.966 67.939
16943.0 67.939 55.247
16251.0 55.247 48.665
12839.0 48.665 49.312
8936.0 49.312 54.904
6257.0 54.904 63.251
4856.0 63.251 85.185
4176.0 85.185 100.0
4791.0 100.0 100.0
6303.0 100.0 94.788
8907.0 94.788 90.763
12014.0 90.763 81.28
15128.0 81.28 67.091
17207.0 67.091 54.045
16337.0 54.045 47.859
12725.0 47.859 48.791
8781.0 48.791 54.182
6006.0 54.182 63.307
4581.0 63.307 84.615
4214.0 84.615 100.0
4913.0 100.0 100.0
6593.0 100.0 93.628
9029.0 93.628 89.894
12119.0 89.894 80.076
15224.0 80.076 66.207
17135.0 66.207 53.757
16034.0 53.757 48.246
12547.0 48.246 49.263
8599.0 49.263 54.737
5842.0 54.737 63.717
4526.0 63.717 84.909
4318.0 84.909 100.0
4666.0 100.0 100.0
6262.0 100.0 94.952
8698.0 94.952 91.774
11746.0 91.774 82.781
14838.0 82.781 69.24
17082.0 69.24 56.014
16512.0 56.014 49.02
13302.0 49.02 48.958
9126.0 48.958 54.112
6306.0 54.112 61.68
4614.0 61.68 83.069
4176.0 83.069 100.0
4707.0 100.0 100.0
6135.0 100.0 95.46
8571.0 95.46 92.843
11539.0 92.843 83.458
14881.0 83.458 69.576
17405.0 69.576 55.251
16865.0 55.251 47.976
13349.0 47.976 48.221
9129.0 48.221 53.978
6238.0 53.978 62.59
4618.0 62.59 84.343
4194.0 84.343 100.0
4698.0 100.0 100.0
6294.0 100.0 94.824
8646.0 94.824 91.913
11516.0 91.913 82.739
14827.0 82.739 69.087
17071.0 69.087 55.681
16707.0 55.681 48.58
13134.0 48.58 49.085
9226.0 49.085 54.622
6322.0 54.622 62.007
4642.0 62.007 83.045
4208.0 83.045 100.0
4640.0 100.0 100.0
6320.0 100.0 94.72
8672.0 94.72 91.755
11542.0 91.755 82.779
14818.0 82.779 68.344
17230.0 68.344 54.865
16687.0 54.865 47.824
12961.0 47.824 48.791
9093.0 48.791 54.547
6224.0 54.547 63.167
4698.0 63.167 85.561
4176.0 85.561 100.0
4998.0 100.0 100.0
6510.0 100.0 93.96
8946.0 93.96 90.5
11885.0 90.5 80.907
15101.0 80.907 67.215
17305.0 67.215 53.925
16058.0 53.925 48.361
12590.0 48.361 49.408
8624.0 49.408 55.422
6086.0 55.422 63.633
4642.0 63.633 84.159
4464.0 84.159 100.0
4752.0 100.0 100.0
6516.0 100.0 93.936
8952.0 93.936 90.156
12059.0 90.156 80.6
15341.0 80.6 66.425
17505.0 66.425 52.827
16527.0 52.827 46.744
12507.0 46.744 48.326
8475.0 48.326 54.477
5997.0 54.477 63.096
4572.0 63.096 84.685
4176.0 84.685 100.0
4713.0 100.0 100.0
6477.0 100.0 94.092
8997.0 94.092 85.143
11847.0 85.143 76.342
14499.0 76.342 64.948
16107.0 64.948 54.41
15191.0 54.41 49.703
11858.0 49.703 51.369
8679.0 51.369 57.029
6623.0 57.029 64.322
5423.0 64.322 72.678
4961.0 72.678 95.222
4929.0 95.222 100.0
6381.0 100.0 94.476
8901.0 94.476 90.966
12092.0 90.966 80.408
15740.0 80.408 64.635
17966.0 64.635 51.183
16864.0 51.183 45.227
12385.0 45.227 47.269
8323.0 47.269 53.694
5585.0 53.694 61.891
4217.0 61.891 82.873
4176.0 82.873 99.448
4890.0 99.448 100.0
6654.0 100.0 93.384
9258.0 93.384 89.76
12336.0 89.76 79.086
15552.0 79.086 64.923
17358.0 64.923 52.421
16066.0 52.421 47.321
12230.0 47.321 49.104
8516.0 49.104 54.426
5796.0 54.426 63.345
4526.0 63.345 85.271
4176.0 85.271 100.0
4791.0 100.0 100.0
6639.0 100.0 93.444
9411.0 93.444 88.266
12393.0 88.266 77.881
15572.0 77.881 63.531
17048.0 63.531 52.232
15932.0 52.232 46.988
11921.0 46.988 49.255
8328.0 49.255 55.469
5577.0 55.469 64.606
4573.0 64.606 86.688
4290.0 86.688 100.0
4965.0 100.0 100.0
6477.0 100.0 94.092
9417.0 94.092 89.407
12583.0 89.407 78.099
15947.0 78.099 63.423
17519.0 63.423 51.497
15923.0 51.497 46.913
11779.0 46.913 49.559
7963.0 49.559 56.363
5517.0 56.363 64.32
4391.0 64.32 85.94
4176.0 85.94 100.0
4960.0 100.0 100.0
6640.0 100.0 93.44
9412.0 93.44 88.927
12394.0 88.927 79.052
15442.0 79.052 64.975
17354.0 64.975 52.549
16062.0 52.549 47.338
12166.0 47.338 49.103
8116.0 49.103 55.596
5656.0 55.596 64.79
4370.0 64.79 85.552
4374.0 85.552 100.0
5004.0 100.0 99.984
6684.0 99.984 98.252
9036.0 98.252 94.578
12373.0 94.578 83.364
16125.0 83.364 66.637
18949.0 66.637 50.431
17395.0 50.431 44.453
12544.0 44.453 46.649
8046.0 46.649 52.636
5109.0 52.636 60.907
4176.0 60.907 79.428
4548.0 79.428 95.313
4610.0 95.313 100.0
5994.0 100.0 96.024
8178.0 96.024 94.775
10920.0 94.775 87.195
14505.0 87.195 72.788
17553.0 72.788 56.84
17813.0 56.84 47.512
14353.0 47.512 46.678
9667.0 46.678 52.028
6331.0 52.028 60.418
4555.0 60.418 80.726
4237.0 80.726 100.0
4257.0 100.0 100.0
5685.0 100.0 97.26
7617.0 97.26 98.052
10211.0 98.052 91.631
13585.0 91.631 78.858
16685.0 78.858 63.276
17969.0 63.276 51.306
15757.0 51.306 47.469
11189.0 47.469 50.681
6917.0 50.681 58.686
5069.0 58.686 69.235
4226.0 69.235 90.826
4319.0 90.826 100.0
5324.0 100.0 98.704
7004.0 98.704 100.0
9525.0 100.0 95.085
12885.0 95.085 82.519
16581.0 82.519 65.076
18519.0 65.076 50.857
16827.0 50.857 45.366
11739.0 45.366 48.848
7647.0 48.848 55.865
4947.0 55.865 77.326
4176.0 77.326 98.51
4298.0 98.51 100.0
5675.0 100.0 97.3
7355.0 97.3 93.656
9703.0 93.656 89.786
12247.0 89.786 80.44
14969.0 80.44 67.123
16502.0 67.123 56.274
15165.0 56.274 51.698
11709.0 51.698 53.719
8457.0 53.719 59.632
6195.0 59.632 68.02
4947.0 68.02 91.352
4523.0 91.352 100.0
5215.0 100.0 99.14
6811.0 99.14 97.128
9250.0 97.128 92.568
12226.0 92.568 82.563
15061.0 82.563 68.671
16597.0 68.671 56.979
15784.0 56.979 51.194
12212.0 51.194 52.724
8489.0 52.724 59.127
6233.0 59.127 67.797
4773.0 67.797 90.563
4389.0 90.563 100.0
5133.0 100.0 99.468
6561.0 99.468 98.363
9081.0 98.363 94.301
12082.0 94.301 84.174
15182.0 84.174 69.373
17286.0 69.373 55.596
16447.0 55.596 49.084
12672.0 49.084 50.232
8596.0 50.232 56.822
5992.0 56.822 64.938
4460.0 64.938 87.517
4229.0 87.517 100.0
4697.0 100.0 100.0
6209.0 100.0 95.164
8225.0 95.164 93.962
10789.0 93.962 87.628
13959.0 87.628 74.942
16491.0 74.942 60.685
17135.0 60.685 50.853
14347.0 50.853 49.206
10237.0 49.206 53.21
6865.0 53.21 61.297
4953.0 61.297 84.003
4252.0 84.003 100.0
4524.0 100.0 100.0
5952.0 100.0 96.192
7968.0 96.192 95.694
10716.0 95.694 88.58
13840.0 88.58 75.254
16686.0 75.254 60.625
17470.0 60.625 50.404
14488.0 50.404 48.791
10123.0 48.791 53.354
7056.0 53.354 61.559
5238.0 61.559 71.175
4347.0 71.175 93.489
4224.0 93.489 100.0
5370.0 100.0 98.52
7134.0 98.52 95.401
9738.0 95.401 90.886
12822.0 90.886 79.021
16070.0 79.021 63.594
17766.0 63.594 50.984
15990.0 50.984 46.562
11409.0 46.562 49.971
7469.0 49.971 57.028
5156.0 57.028 66.672
4176.0 66.672 87.131
4218.0 87.131 100.0
5034.0 100.0 99.864
6798.0 99.864 97.709
9318.0 97.709 93.891
12712.0 93.891 81.703
16449.0 81.703 64.535
18617.0 64.535 50.341
16865.0 50.341 44.948
12178.0 44.948 47.601
7480.0 47.601 56.065
4993.0 56.065 77.047
4176.0 77.047 98.915
4341.0 98.915 100.0
5717.0 100.0 97.132
7565.0 97.132 97.621
10077.0 97.621 91.658
13201.0 91.658 79.459
16249.0 79.459 63.648
17565.0 63.648 52.115
15333.0 52.115 48.796
11031.0 48.796 52.369
7519.0 52.369 58.871
5412.0 58.871 68.664
4346.0 68.664 90.348
4315.0 90.348 100.0
5068.0 100.0 99.728
6664.0 99.728 98.144
9184.0 98.144 93.927
12246.0 93.927 83.499
16092.0 83.499 66.019
18244.0 66.019 51.996
16840.0 51.996 46.203
12340.0 46.203 48.196
8028.0 48.196 55.724
5606.0 55.724 63.274
4176.0 63.274 84.317
4267.0 84.317 100.0
4839.0 100.0 100.0
6519.0 100.0 93.924
8787.0 93.924 91.639
11568.0 91.639 83.355
14172.0 83.355 71.806
16227.0 71.806 59.312
15840.0 59.312 52.647
12788.0 52.647 52.978
9648.0 52.978 57.154
6669.0 57.154 65.54
5115.0 65.54 75.077
4447.0 75.077 98.227
4503.0 98.227 100.0
5741.0 100.0 97.036
7841.0 97.036 91.58
10424.0 91.58 85.464
13124.0 85.464 75.361
15364.0 75.361 63.42
16036.0 63.42 54.592
14055.0 54.592 52.23
10891.0 52.23 55.029
8175.0 55.029 60.268
5961.0 60.268 68.746
4897.0 68.746 91.486
4599.0 91.486 100.0
5543.0 100.0 100.0
7139.0 100.0 96.987
9743.0 96.987 91.996
12599.0 91.996 81.88
15658.0 81.88 66.698
17203.0 66.698 54.732
15649.0 54.732 50.035
11617.0 50.035 52.749
8257.0 52.749 58.835
5901.0 58.835 67.076
4347.0 67.076 88.769
4176.0 88.769 100.0
4978.0 100.0 100.0
6574.0 100.0 93.704
8758.0 93.704 91.83
11278.0 91.83 83.877
14274.0 83.877 71.514
16354.0 71.514 58.742
15828.0 58.742 52.251
12723.0 52.251 52.678
9083.0 52.678 57.664
6431.0 57.664 66.186
4985.0 66.186 89.006
4273.0 89.006 100.0
4905.0 100.0 100.0
6417.0 100.0 94.332
8601.0 94.332 92.081
10972.0 92.081 84.913
13737.0 84.913 73.622
15600.0 73.622 61.716
15522.0 61.716 54.631
13238.0 54.631 53.71
10158.0 53.71 57.624
7177.0 57.624 65.292
5841.0 65.292 73.691
5031.0 73.691 82.458
4857.0 82.458 100.0
5253.0 100.0 98.988
6681.0 98.988 100.0
8870.0 100.0 97.602
11810.0 97.602 87.702
15398.0 87.702 71.174
18002.0 71.174 55.461
17168.0 55.461 47.972
13012.0 47.972 49.255
8640.0 49.255 55.812
5547.0 55.812 65.413
4244.0 65.413 86.085
4224.0 86.085 100.0
4700.0 100.0 100.0
6212.0 100.0 95.152
8228.0 95.152 94.25
10792.0 94.25 86.865
14046.0 86.865 73.673
16529.0 73.673 59.784
16463.0 59.784 51.508
13910.0 51.508 50.261
9882.0 50.261 54.896
6942.0 54.896 62.911
5196.0 62.911 72.495
4176.0 72.495 95.716
4176.0 95.716 100.0
5260.0 100.0 98.96
6940.0 98.96 96.486
9294.0 96.486 92.686
12081.0 92.686 83.552
14846.0 83.552 69.892
16463.0 69.892 58.223
15779.0 58.223 52.305
12490.0 52.305 53.226
9004.0 53.226 58.705
6214.0 58.705 68.099
4962.0 68.099 91.291
4330.0 91.291 100.0
5122.0 100.0 100.0
6802.0 100.0 97.914
9154.0 97.914 94.875
11712.0 94.875 86.161
14832.0 86.161 71.49
16988.0 71.49 58.103
16292.0 58.103 51.567
12675.0 51.567 52.525
8613.0 52.525 58.313
5937.0 58.313 67.484
4593.0 67.484 89.939
4261.0 89.939 100.0
4771.0 100.0 100.0
6199.0 100.0 95.204
8299.0 95.204 94.205
10355.0 94.205 88.688
13046.0 88.688 77.723
15308.0 77.723 65.237
16184.0 65.237 55.8
14042.0 55.8 53.558
10667.0 53.558 56.611
7803.0 56.611 63.246
5702.0 63.246 73.063
4939.0 73.063 96.859
4530.0 96.859 100.0
5547.0 100.0 97.812
7311.0 97.812 99.178
9575.0 99.178 95.429
12318.0 95.429 85.262
15454.0 85.262 70.315
17467.0 70.315 56.259
16075.0 56.259 50.679
12055.0 50.679 52.934
8253.0 52.934 59.458
5865.0 59.458 68.955
4521.0 68.955 91.105
4215.0 91.105 100.0
4939.0 100.0 100.0
6535.0 100.0 93.86
8635.0 93.86 91.991
10831.0 91.991 86.012
13435.0 86.012 75.453
15367.0 75.453 63.585
15730.0 63.585 55.277
13666.0 55.277 53.55
10318.0 53.55 57.25
7600.0 57.25 64.38
5836.0 64.38 72.724
4981.0 72.724 96.476
4865.0 96.476 100.0
6041.0 100.0 95.836
7637.0 95.836 96.443
9809.0 96.443 91.918
12578.0 91.918 81.447
15469.0 81.447 67.155
16800.0 67.155 56.017
15045.0 56.017 52.204
11487.0 52.204 54.471
7959.0 54.471 61.577
5779.0 61.577 70.057
4676.0 70.057 93.518
4280.0 93.518 100.0
4916.0 100.0 100.0
6512.0 100.0 93.952
8780.0 93.952 91.752
11057.0 91.752 85.041
13533.0 85.041 74.209
15594.0 74.209 62.667
15624.0 62.667 55.288
13050.0 55.288 54.733
9554.0 54.733 59.956
6908.0 59.956 67.645
5620.0 67.645 76.162
4872.0 76.162 100.0
4710.0 100.0 100.0
5970.0 100.0 96.12
7818.0 96.12 96.089
9984.0 96.089 91.701
12663.0 91.701 81.696
15003.0 81.696 69.149
16345.0 69.149 58.503
14949.0 58.503 54.272
11733.0 54.272 55.957
8437.0 55.957 61.434
6187.0 61.434 69.173
4925.0 69.173 92.429
4459.0 92.429 100.0
5124.0 100.0 99.504
6636.0 99.504 98.091
8736.0 98.091 95.443
11304.0 95.443 87.004
14316.0 87.004 73.393
16424.0 73.393 60.593
15855.0 60.593 53.999
13142.0 53.999 53.677
9374.0 53.677 58.525
6674.0 58.525 65.679
5282.0 65.679 74.432
4442.0 74.432 97.797
4374.0 97.797 100.0
5364.0 100.0 98.544
7212.0 98.544 100.0
9479.0 100.0 95.977
12671.0 95.977 84.429
16127.0 84.429 67.97
17735.0 67.97 54.894
15587.0 54.894 50.72
10985.0 50.72 55.357
7255.0 55.357 64.652
5167.0 64.652 75.383
4214.0 75.383 99.428
4176.0 99.428 100.0
5184.0 100.0 99.264
6528.0 99.264 100.0
8215.0 100.0 99.467
10735.0 99.467 92.355
13591.0 92.355 79.838
16237.0 79.838 65.271
16594.0 65.271 55.314
14233.0 55.314 53.258
10193.0 53.258 57.94
7063.0 57.94 65.263
5082.0 65.263 75.581
4290.0 75.581 99.264
4176.0 99.264 100.0
5138.0 100.0 99.448
6734.0 99.448 100.0
8666.0 100.0 98.05
11270.0 98.05 90.352
14114.0 90.352 77.743
16442.0 77.743 63.869
16634.0 63.869 54.901
13646.0 54.901 54.252
9956.0 54.252 58.861
6937.0 58.861 66.419
5222.0 66.419 75.419
4424.0 75.419 98.356
4176.0 98.356 100.0
5218.0 100.0 99.128
6814.0 99.128 97.108
8917.0 97.108 94.288
11481.0 94.288 86.504
14280.0 86.504 73.955
16472.0 73.955 60.844
15734.0 60.844 54.402
12884.0 54.402 54.501
9272.0 54.501 59.501
6692.0 59.501 66.776
5384.0 66.776 75.181
4586.0 75.181 99.294
4614.0 99.294 100.0
5399.0 100.0 98.404
6659.0 98.404 97.187
8092.0 97.187 97.719
9834.0 97.719 94.626
11788.0 94.626 86.245
13895.0 86.245 74.901
14795.0 74.901 65.863
14095.0 65.863 61.365
11479.0 61.365 62.714
8875.0 62.714 67.827
6785.0 67.827 75.878
5845.0 75.878 84.038
5422.0 84.038 92.663
5718.0 92.663 100.0
6453.0 100.0 100.0
7881.0 100.0 100.0
9897.0 100.0 95.946
12249.0 95.946 86.594
14545.0 86.594 74.158
15787.0 74.158 63.326
14667.0 63.326 58.752
11748.0 58.752 60.2
8615.0 60.2 65.656
6487.0 65.656 73.843
5335.0 73.843 82.931
4765.0 82.931 100.0
5041.0 100.0 100.0
5965.0 100.0 100.0
7645.0 100.0 100.0
9745.0 100.0 96.25
12265.0 96.25 86.47
14866.0 86.47 73.112
16308.0 73.112 61.23
15266.0 61.23 55.897
11850.0 55.897 57.761
8405.0 57.761 64.171
6069.0 64.171 73.384
4952.0 73.384 97.808
4344.0 97.808 100.0
5166.0 100.0 99.336
6678.0 99.336 100.0
8279.0 100.0 99.833
10547.0 99.833 93.719
13403.0 93.719 80.556
15701.0 80.556 66.453
16209.0 66.453 57.125
13897.0 57.125 55.356
10180.0 55.356 59.697
7304.0 59.697 67.202
5516.0 67.202 75.876
4763.0 75.876 99.676
4526.0 99.676 100.0
5534.0 100.0 97.864
7298.0 97.864 99.184
9312.0 99.184 95.984
11974.0 95.984 86.609
14786.0 86.609 72.435
16745.0 72.435 59.237
15465.0 59.237 54.083
11663.0 54.083 56.828
7775.0 56.828 64.443
5643.0 64.443 73.34
4499.0 73.34 96.761
4242.0 96.761 100.0
5019.0 100.0 99.924
6279.0 99.924 99.827
8043.0 99.827 93.944
10563.0 93.944 86.932
12824.0 86.932 77.138
14623.0 77.138 67.043
14944.0 67.043 59.811
13138.0 59.811 58.102
10468.0 58.102 60.953
7947.0 60.953 66.873
6411.0 66.873 74.528
5529.0 74.528 82.953
5368.0 82.953 91.099
5794.0 91.099 98.199
7054.0 98.199 100.0
8904.0 100.0 98.376
11424.0 98.376 90.17
14733.0 90.17 75.652
17250.0 75.652 60.796
17070.0 60.796 52.408
13482.0 52.408 52.538
9282.0 52.538 57.887
6226.0 57.887 67.269
4779.0 67.269 90.359
4190.0 90.359 100.0
4647.0 100.0 100.0
5823.0 100.0 96.708
7671.0 96.708 97.568
9924.0 97.568 93.202
12800.0 93.202 82.605
15806.0 82.605 67.693
16964.0 67.693 55.917
15180.0 55.917 51.904
11437.0 51.904 54.599
7831.0 54.599 61.666
5689.0 61.666 70.316
4429.0 70.316 93.227
4204.0 93.227 100.0
4930.0 100.0 100.0
6106.0 100.0 95.576
7534.0 95.576 97.193
8954.0 97.193 95.605
10928.0 95.605 89.787
12696.0 89.787 81.419
13520.0 81.419 74.131
13364.0 74.131 69.431
11845.0 69.431 69.016
9899.0 69.016 72.057
7539.0 72.057 79.644
6150.0 79.644 88.432
5440.0 88.432 98.312
5558.0 98.312 100.0
6080.0 100.0 100.0
6920.0 100.0 100.0
7844.0 100.0 100.0
9020.0 100.0 99.286
10448.0 99.286 95.298
11837.0 95.298 88.916
12893.0 88.916 81.472
13077.0 81.472 75.944
12260.0 75.944 73.748
10775.0 73.748 74.894
9101.0 74.894 78.977
7897.0 78.977 85.189
7087.0 85.189 91.899
6847.0 91.899 98.668
7323.0 98.668 100.0
8328.0 100.0 100.0
9588.0 100.0 97.762
10848.0 97.762 93.246
12358.0 93.246 85.946
13210.0 85.946 78.386
13168.0 78.386 73.232
11828.0 73.232 72.519
9895.0 72.519 76.207
8403.0 76.207 82.071
7409.0 82.071 88.813
6935.0 88.813 95.496
6972.0 95.496 100.0
7744.0 100.0 100.0
8920.0 100.0 99.61
10180.0 99.61 95.506
11692.0 95.506 88.236
12924.0 88.236 79.908
13181.0 79.908 73.616
12131.0 73.616 71.925
10181.0 71.925 75.029
8033.0 75.029 81.945
6689.0 81.945 90.083
6126.0 90.083 98.326
6036.0 98.326 100.0
6636.0 100.0 100.0
7392.0 100.0 100.0
8148.0 100.0 100.0
9156.0 100.0 99.08
10248.0 99.08 95.872
11303.0 95.872 90.794
12131.0 90.794 85.141
12296.0 85.141 80.816
11765.0 80.816 78.803
10661.0 78.803 79.71
9369.0 79.71 83.308
8487.0 83.308 87.765
7882.0 87.765 92.658
7726.0 92.658 97.493
8055.0 97.493 100.0
8707.0 100.0 100.0
9799.0 100.0 98.016
10975.0 98.016 93.493
12063.0 93.493 87.403
12597.0 87.403 81.807
12273.0 81.807 78.583
11337.0 78.583 77.99
9991.0 77.99 80.354
8683.0 80.354 85.565
7780.0 85.565 91.736
7416.0 91.736 97.679
7608.0 97.679 100.0
8270.0 100.0 100.0
9362.0 100.0 99.028
10454.0 99.028 95.685
11591.0 95.685 90.313
12407.0 90.313 83.792
12545.0 83.792 78.831
11789.0 78.831 77.179
10412.0 77.179 79.013
9020.0 79.013 83.355
7968.0 83.355 89.057
7465.0 89.057 94.749
7421.0 94.749 99.85
7841.0 99.85 100.0
8849.0 100.0 100.0
9941.0 100.0 97.684
11201.0 97.684 92.526
12283.0 92.526 86.046
12766.0 86.046 80.288
12192.0 80.288 77.518
10995.0 77.518 77.972
9639.0 77.972 81.053
8403.0 81.053 85.82
7623.0 85.82 92.109
7371.0 92.109 97.881
7644.0 97.881 100.0
8306.0 100.0 100.0
9314.0 100.0 99.079
10490.0 99.079 95.594
11542.0 95.594 90.454
12442.0 90.454 84.36
12580.0 84.36 79.655
11992.0 79.655 77.425
10660.0 77.425 78.737
9218.0 78.737 82.755
8225.0 82.755 87.643
7607.0 87.643 93.618
7403.0 93.618 99.118
7829.0 99.118 100.0
8576.0 100.0 100.0
9668.0 100.0 98.402
10928.0 98.402 93.924
12059.0 93.924 87.595
12807.0 87.595 81.271
12627.0 81.271 77.273
11634.0 77.273 76.361
10051.0 76.361 79.198
8583.0 79.198 84.454
7641.0 84.454 90.691
7249.0 90.691 96.611
7387.0 96.611 100.0
7888.0 100.0 100.0
8476.0 100.0 100.0
9232.0 100.0 99.836
10072.0 99.836 97.743
10912.0 97.743 94.152
11582.0 94.152 89.405
11935.0 89.405 85.0
11673.0 85.0 82.518
10743.0 82.518 82.947
9675.0 82.947 85.584
8715.0 85.584 89.665
8225.0 89.665 93.879
7933.0 93.879 98.579
8155.0 98.579 100.0
8815.0 100.0 100.0
9571.0 100.0 98.983
10411.0 98.983 96.319
11212.0 96.319 92.236
11833.0 92.236 87.665
11924.0 87.665 84.159
11348.0 84.159 82.869
10448.0 82.869 83.752
9436.0 83.752 87.12
8672.0 87.12 91.663
8252.0 91.663 96.27
8204.0 96.27 100.0
8675.0 100.0 100.0
9347.0 100.0 99.701
10187.0 99.701 97.241
11111.0 97.241 92.898
11775.0 92.898 87.977
11997.0 87.977 83.925
11421.0 83.925 82.491
10421.0 82.491 83.569
9407.0 83.569 86.453
8565.0 86.453 90.409
7996.0 90.409 95.788
7978.0 95.788 100.0
8202.0 100.0 100.0
8958.0 100.0 100.0
9798.0 100.0 98.542
10638.0 98.542 95.375
11520.0 95.375 90.707
12004.0 90.707 86.055
11842.0 86.055 83.129
11072.0 83.129 82.607
10042.0 82.607 84.51
9016.0 84.51 88.126
8308.0 88.126 92.532
8096.0 92.532 96.6
8145.0 96.6 100.0
8619.0 100.0 100.0
9291.0 100.0 99.842
10215.0 99.842 97.452
11139.0 97.452 92.633
11887.0 92.633 87.031
11978.0 87.031 82.901
11374.0 82.901 81.632
10377.0 81.632 82.958
9298.0 82.958 86.357
8473.0 86.357 90.749
8001.0 90.749 95.398
7974.0 95.398 99.418
8282.0 99.418 100.0
9038.0 100.0 100.0
9878.0 100.0 97.871
10886.0 97.871 93.438
11724.0 93.438 87.993
11946.0 87.993 83.601
11538.0 83.601 81.616
10507.0 81.616 82.593
9474.0 82.593 85.441
8556.0 85.441 89.652
8080.0 89.652 94.068
7892.0 94.068 98.688
8203.0 98.688 100.0
8946.0 100.0 100.0
9786.0 100.0 98.096
10794.0 98.096 93.878
11634.0 93.878 88.569
12155.0 88.569 83.281
11755.0 83.281 80.724
10858.0 80.724 80.945
9682.0 80.945 83.641
8642.0 83.641 87.884
7936.0 87.884 92.807
7612.0 92.807 98.197
7780.0 98.197 100.0
8438.0 100.0 100.0
9278.0 100.0 99.61
10286.0 99.61 96.962
11378.0 96.962 91.491
12077.0 91.491 85.817
12281.0 85.817 81.245
11693.0 81.245 79.407
10535.0 79.407 80.565
9259.0 80.565 84.165
8299.0 84.165 88.891
7727.0 88.891 93.981
7497.0 93.981 99.402
7912.0 99.402 100.0
8668.0 100.0 100.0
9676.0 100.0 98.587
10768.0 98.587 94.239
11733.0 94.239 88.376
12417.0 88.376 82.335
12152.0 82.335 78.974
11168.0 78.974 78.792
9844.0 78.792 81.455
8652.0 81.455 85.885
7812.0 85.885 91.698
7448.0 91.698 97.573
7640.0 97.573 100.0
8218.0 100.0 100.0
9226.0 100.0 99.371
10234.0 99.371 96.68
11289.0 96.68 91.491
12159.0 91.491 85.334
12439.0 85.334 80.369
11837.0 80.369 78.343
10640.0 78.343 79.318
9348.0 79.318 82.566
8230.0 82.566 88.181
7612.0 88.181 94.187
7477.0 94.187 99.574
7892.0 99.574 100.0
8816.0 100.0 100.0
9824.0 100.0 97.888
11000.0 97.888 93.183
12004.0 93.183 87.125
12544.0 87.125 81.509
12316.0 81.509 77.971
11212.0 77.971 77.774
9808.0 77.774 80.32
8548.0 80.32 85.891
7666.0 85.891 92.379
7316.0 92.379 98.635
7589.0 98.635 100.0
8339.0 100.0 100.0
9347.0 100.0 98.982
10523.0 98.982 95.22
11575.0 95.22 89.97
12475.0 89.97 83.776
12604.0 83.776 79.115
11832.0 79.115 77.437
10544.0 77.437 78.764
9127.0 78.764 82.536
8073.0 82.536 88.581
7473.0 88.581 95.025
7360.0 95.025 100.0
7864.0 100.0 100.0
8788.0 100.0 100.0
9880.0 100.0 97.472
11056.0 97.472 92.475
12142.0 92.475 85.936
12548.0 85.936 80.492
12170.0 80.492 77.556
10986.0 77.556 77.956
9630.0 77.956 80.909
8478.0 80.909 85.485
7678.0 85.485 91.256
7412.0 91.256 96.712
7604.0 96.712 100.0
8264.0 100.0 100.0
9272.0 100.0 99.238
10448.0 99.238 95.433
11669.0 95.433 89.472
12565.0 89.472 82.972
12653.0 82.972 78.22
11939.0 78.22 76.295
10367.0 76.295 78.211
8989.0 78.211 82.758
7897.0 82.758 88.759
7417.0 88.759 94.624
7388.0 94.624 99.705
7808.0 99.705 100.0
8816.0 100.0 100.0
