4344.0 1.0 1.0
4344.0 1.0 1.4
4344.0 1.4 1.68
4344.0 1.68 2.016
4260.0 2.016 2.419
4176.0 2.419 2.903
4202.0 2.903 3.484
4176.0 3.484 4.18
4237.0 4.18 5.016
4176.0 5.016 6.02
4256.0 6.02 7.224
4860.0 7.224 8.668
6827.0 8.668 8.035
9871.0 8.035 7.58
13725.0 7.58 6.407
17807.0 6.407 4.859
19263.0 4.859 3.785
15879.0 3.785 3.588
9867.0 3.588 4.029
5405.0 4.029 4.721
4303.0 4.721 6.178
4444.0 6.178 7.414
4940.0 7.414 8.897
6973.0 8.897 8.194
10637.0 8.194 7.467
15603.0 7.467 5.873
20433.0 5.873 4.172
20787.0 4.172 3.338
15239.0 3.338 3.306
8442.0 3.306 3.858
4205.0 3.858 5.282
4230.0 5.282 6.339
4358.0 6.339 7.606
4597.0 7.606 9.128
6187.0 9.128 8.694
9456.0 8.694 8.224
13606.0 8.224 6.916
18380.0 6.916 5.098
21020.0 5.098 3.923
17623.0 3.923 3.511
11014.0 3.511 3.914
5793.0 3.914 4.622
4367.0 4.622 6.127
4201.0 6.127 7.353
4682.0 7.353 8.823
5998.0 8.823 8.471
9211.0 8.471 8.044
13605.0 8.044 6.75
18267.0 6.75 4.966
21006.0 4.966 3.792
17961.0 3.792 3.343
10929.0 3.343 3.764
5686.0 3.764 4.487
4176.0 4.487 5.949
4358.0 5.949 7.139
4847.0 7.139 8.567
6744.0 8.567 7.97
9838.0 7.97 7.471
14190.0 7.471 6.2
18820.0 6.2 4.478
20752.0 4.478 3.456
16516.0 3.456 3.247
10328.0 3.247 3.636
5800.0 3.636 4.312
4176.0 4.312 5.726
4245.0 5.726 6.872
4356.0 6.872 8.246
5656.0 8.246 8.03
8248.0 8.03 7.886
12096.0 7.886 6.918
17052.0 6.918 5.238
20958.0 5.238 3.887
19558.0 3.887 3.179
12948.0 3.179 3.424
7559.0 3.424 4.056
4176.0 4.056 5.431
4374.0 5.431 6.517
4445.0 6.517 7.821
5477.0 7.821 7.672
7985.0 7.672 7.587
11777.0 7.587 6.725
16250.0 6.725 5.249
20166.0 5.249 3.774
19241.0 3.774 3.123
13463.0 3.123 3.287
8422.0 3.287 3.757
4176.0 3.757 5.16
4257.0 5.16 6.193
4407.0 6.193 7.431
4939.0 7.431 8.917
6987.0 8.917 8.655
10331.0 8.655 8.0
14547.0 8.0 6.584
19265.0 6.584 4.741
20493.0 4.741 3.712
15753.0 3.712 3.601
10076.0 3.601 4.029
5234.0 4.029 4.798
4176.0 4.798 6.258
4321.0 6.258 7.51
4895.0 7.51 9.012
6667.0 9.012 8.411
10259.0 8.411 7.762
14839.0 7.762 6.274
19347.0 6.274 4.509
20577.0 4.509 3.543
16186.0 3.543 3.375
9746.0 3.375 3.86
5614.0 3.86 4.531
4213.0 4.531 5.942
4176.0 5.942 7.13
4361.0 7.13 8.556
5337.0 8.556 8.441
7983.0 8.441 8.325
11743.0 8.325 7.374
16711.0 7.374 5.605
20704.0 5.605 4.063
20018.0 4.063 3.251
14012.0 3.251 3.379
7748.0 3.379 4.002
4243.0 4.002 5.545
4176.0 5.545 6.654
4306.0 6.654 7.985
4942.0 7.985 9.582
7301.0 9.582 8.7
10796.0 8.7 7.912
15620.0 7.912 6.248
19775.0 6.248 4.514
20243.0 4.514 3.586
14950.0 3.586 3.593
8545.0 3.593 4.163
5021.0 4.163 4.842
4176.0 4.842 6.053
4217.0 6.053 7.264
5130.0 7.264 7.226
7211.0 7.226 6.958
11040.0 6.958 6.253
15868.0 6.253 4.927
20320.0 4.927 3.521
20080.0 3.521 2.817
14617.0 2.817 2.86
8615.0 2.86 3.311
5048.0 3.311 3.898
4264.0 3.898 5.103
4230.0 5.103 6.124
4533.0 6.124 7.348
5653.0 7.348 7.156
8308.0 7.156 7.012
12140.0 7.012 6.193
17040.0 6.193 4.71
20140.0 4.71 3.471
18448.0 3.471 2.993
12340.0 2.993 3.223
6378.0 3.223 3.86
4326.0 3.86 5.098
4176.0 5.098 6.375
4386.0 6.375 7.65
5218.0 7.65 7.584
7510.0 7.584 7.218
11311.0 7.218 6.432
15991.0 6.432 4.982
20090.0 4.982 3.494
19994.0 3.494 2.782
14192.0 2.782 2.872
8420.0 2.872 3.403
4721.0 3.403 4.693
4221.0 4.693 5.632
4354.0 5.632 6.758
4793.0 6.758 8.11
6177.0 8.11 7.728
9339.0 7.728 7.347
14034.0 7.347 6.059
19425.0 6.059 4.246
21749.0 4.246 3.335
17846.0 3.335 2.955
10434.0 2.955 3.356
5806.0 3.356 3.955
4297.0 3.955 5.199
4317.0 5.199 6.239
5157.0 6.239 6.2
6965.0 6.2 6.355
10805.0 6.355 5.752
15896.0 5.752 4.475
19992.0 4.475 3.181
20151.0 3.181 2.534
14535.0 2.534 2.581
8365.0 2.581 2.986
4295.0 2.986 4.05
4299.0 4.05 4.86
4292.0 4.86 5.832
5630.0 5.832 5.685
8070.0 5.685 5.307
12846.0 5.307 4.452
18267.0 4.452 3.152
21473.0 3.152 2.367
17849.0 2.367 2.097
9959.0 2.097 2.407
5351.0 2.407 2.85
4176.0 2.85 3.572
4471.0 3.572 4.287
5119.0 4.287 4.266
7357.0 4.266 4.298
10777.0 4.298 3.944
15199.0 3.944 3.192
19063.0 3.192 2.377
18475.0 2.377 2.001
12781.0 2.001 2.12
6061.0 2.12 2.577
4289.0 2.577 3.497
4303.0 3.497 4.196
5034.0 4.196 4.191
7563.0 4.191 4.192
11431.0 4.192 3.75
16813.0 3.75 2.821
20973.0 2.821 2.072
19449.0 2.072 1.703
13260.0 1.703 1.812
6864.0 1.812 2.147
4271.0 2.147 2.862
4307.0 2.862 3.434
5543.0 3.434 3.359
8495.0 3.359 3.245
12803.0 3.245 2.785
17344.0 2.785 2.119
20482.0 2.119 1.585
17482.0 1.585 1.428
10114.0 1.428 1.614
5256.0 1.614 1.928
4321.0 1.928 2.415
4865.0 2.415 2.898
7109.0 2.898 2.8
11048.0 2.8 2.532
16032.0 2.532 1.965
20016.0 1.965 1.393
20030.0 1.393 1.114
12662.0 1.114 1.218
6482.0 1.218 1.467
4264.0 1.467 2.013
4460.0 2.013 2.416
5308.0 2.416 2.386
8396.0 2.386 2.189
13064.0 2.189 1.846
17872.0 1.846 1.38
19812.0 1.38 1.052
15656.0 1.052 1.022
9758.0 1.022 1.155
4181.0 1.155 1.564
4414.0 1.564 1.877
5061.0 1.877 1.872
9247.0 1.872 1.743
14695.0 1.743 1.391
19423.0 1.391 1.012
18055.0 1.012 1.0
10054.0 1.0 1.152
4186.0 1.152 1.591
4310.0 1.591 1.909
5301.0 1.909 1.887
9053.0 1.887 1.796
15023.0 1.796 1.407
20147.0 1.407 1.0
19815.0 1.0 1.0
12702.0 1.0 1.077
5636.0 1.077 1.307
4267.0 1.307 1.765
4709.0 1.765 2.118
5972.0 2.118 2.036
9756.0 2.036 1.884
15453.0 1.884 1.455
20949.0 1.455 1.04
20573.0 1.04 1.0
13421.0 1.0 1.063
6523.0 1.063 1.284
4317.0 1.284 1.71
4351.0 1.71 2.053
4998.0 2.053 2.463
8444.0 2.463 2.255
12857.0 2.255 1.913
18033.0 1.913 1.404
20738.0 1.404 1.077
15906.0 1.077 1.038
6486.0 1.038 1.292
4176.0 1.292 1.71
4468.0 1.71 2.052
4966.0 2.052 2.462
7988.0 2.462 2.306
12059.0 2.306 2.032
16387.0 2.032 1.589
18575.0 1.589 1.245
16383.0 1.245 1.141
9978.0 1.141 1.3
5086.0 1.3 1.53
4296.0 1.53 1.992
4582.0 1.992 2.391
7778.0 2.391 2.246
13307.0 2.246 1.839
19519.0 1.839 1.236
22426.0 1.236 1.0
16098.0 1.0 1.0
9536.0 1.0 1.14
4176.0 1.14 1.546
4296.0 1.546 1.855
5720.0 1.855 1.802
10642.0 1.802 1.604
17158.0 1.604 1.168
22046.0 1.168 1.0
17990.0 1.0 1.0
8861.0 1.0 1.179
4263.0 1.179 1.519
4871.0 1.519 1.823
6618.0 1.823 1.705
10538.0 1.705 1.55
16421.0 1.55 1.168
20245.0 1.168 1.0
17614.0 1.0 1.0
9073.0 1.0 1.166
4242.0 1.166 1.61
4777.0 1.61 1.932
6672.0 1.932 1.803
10782.0 1.803 1.627
16470.0 1.627 1.226
18126.0 1.226 1.0
13833.0 1.0 1.008
8027.0 1.008 1.16
4941.0 1.16 1.579
4300.0 1.579 1.894
5122.0 1.894 1.885
8972.0 1.885 1.777
14765.0 1.777 1.419
19949.0 1.419 1.0
18989.0 1.0 1.0
10448.0 1.0 1.167
4176.0 1.167 1.607
4205.0 1.607 1.928
5260.0 1.928 1.908
9350.0 1.908 1.773
16061.0 1.773 1.34
21865.0 1.34 1.0
20753.0 1.0 1.0
12716.0 1.0 1.09
5902.0 1.09 1.33
4211.0 1.33 1.803
4458.0 1.803 2.164
5317.0 2.164 2.136
8849.0 2.136 2.029
13871.0 2.029 1.684
18303.0 1.684 1.239
19239.0 1.239 1.0
14499.0 1.0 1.005
8105.0 1.005 1.196
5162.0 1.196 1.409
4370.0 1.409 1.88
4431.0 1.88 2.256
6405.0 2.256 2.129
10591.0 2.129 1.918
16159.0 1.918 1.464
18203.0 1.464 1.142
15283.0 1.142 1.092
7711.0 1.092 1.293
5015.0 1.293 1.537
4241.0 1.537 2.003
4539.0 2.003 2.403
7275.0 2.403 2.185
10674.0 2.185 2.008
13353.0 2.008 1.768
15425.0 1.768 1.506
14629.0 1.506 1.392
11575.0 1.392 1.437
8507.0 1.437 1.587
6073.0 1.587 1.779
5005.0 1.779 1.984
6007.0 1.984 2.108
8245.0 2.108 2.097
12100.0 2.097 1.858
15732.0 1.858 1.518
17208.0 1.518 1.248
14192.0 1.248 1.22
7910.0 1.22 1.41
4414.0 1.41 1.92
4241.0 1.92 2.303
5132.0 2.303 2.291
7878.0 2.291 2.273
11937.0 2.273 2.01
16389.0 2.01 1.567
18229.0 1.567 1.241
15645.0 1.241 1.167
9174.0 1.167 1.325
4360.0 1.325 1.831
4277.0 1.831 2.198
5461.0 2.198 2.157
7939.0 2.157 2.021
11815.0 2.021 1.798
15658.0 1.798 1.444
18118.0 1.444 1.129
15374.0 1.129 1.069
8126.0 1.069 1.258
4301.0 1.258 1.681
5358.0 1.681 1.657
8496.0 1.657 1.606
11656.0 1.606 1.454
14941.0 1.454 1.213
16156.0 1.213 1.036
13657.0 1.036 1.015
9533.0 1.015 1.12
5145.0 1.12 1.312
4491.0 1.312 1.642
6118.0 1.642 1.569
9858.0 1.569 1.461
13116.0 1.461 1.259
16683.0 1.259 1.004
16968.0 1.004 1.0
11292.0 1.0 1.08
6074.0 1.08 1.278
4219.0 1.278 1.691
4729.0 1.691 2.029
6369.0 2.029 1.918
9383.0 1.918 1.822
13559.0 1.822 1.534
16871.0 1.534 1.208
17355.0 1.208 1.015
12843.0 1.015 1.046
6949.0 1.046 1.237
4588.0 1.237 1.685
4299.0 1.685 2.022
5082.0 2.022 2.015
8150.0 2.015 1.864
11024.0 1.864 1.702
14564.0 1.702 1.419
16811.0 1.419 1.16
15914.0 1.16 1.044
11294.0 1.044 1.118
6196.0 1.118 1.307
4605.0 1.307 1.743
4459.0 1.743 2.091
5743.0 2.091 2.029
8667.0 2.029 1.972
12726.0 1.972 1.709
15669.0 1.709 1.402
16985.0 1.402 1.174
14201.0 1.174 1.14
10391.0 1.14 1.228
6067.0 1.228 1.43
4479.0 1.43 1.93
4399.0 1.93 2.422
7237.0 2.422 2.205
10885.0 2.205 2.0
14347.0 2.0 1.686
16943.0 1.686 1.36
15719.0 1.36 1.238
11531.0 1.238 1.313
7293.0 1.313 1.493
4421.0 1.493 1.988
4640.0 1.988 2.386
7652.0 2.386 2.133
11396.0 2.133 1.916
14804.0 1.916 1.601
16908.0 1.601 1.308
15036.0 1.308 1.23
9864.0 1.23 1.354
5866.0 1.354 1.552
4583.0 1.552 2.073
4561.0 2.073 2.487
6827.0 2.487 2.306
10751.0 2.306 2.101
13619.0 2.101 1.813
16271.0 1.813 1.498
15867.0 1.498 1.335
12393.0 1.335 1.371
8981.0 1.371 1.494
5729.0 1.494 1.739
4538.0 1.739 2.186
5560.0 2.186 2.137
8836.0 2.137 2.043
13528.0 2.043 1.696
18492.0 1.696 1.233
19568.0 1.233 1.0
14801.0 1.0 1.0
8239.0 1.0 1.169
4916.0 1.169 1.632
4209.0 1.632 2.04
4323.0 2.04 2.448
7045.0 2.448 2.248
10807.0 2.248 2.04
14569.0 2.04 1.672
17581.0 1.672 1.307
16437.0 1.307 1.166
11826.0 1.166 1.23
7074.0 1.23 1.413
4247.0 1.413 1.873
5491.0 1.873 1.836
8817.0 1.836 1.761
11879.0 1.761 1.578
15629.0 1.578 1.286
17381.0 1.286 1.039
15560.0 1.039 1.0
11396.0 1.0 1.069
6094.0 1.069 1.245
4227.0 1.245 1.659
4847.0 1.659 1.991
6392.0 1.991 1.88
9500.0 1.88 1.768
13832.0 1.768 1.483
16886.0 1.483 1.182
17192.0 1.182 1.0
13640.0 1.0 1.0
8086.0 1.0 1.149
5437.0 1.149 1.335
4176.0 1.335 1.768
4885.0 1.768 2.122
8099.0 2.122 1.982
11864.0 1.982 1.765
14621.0 1.765 1.494
16057.0 1.494 1.277
13960.0 1.277 1.228
9325.0 1.228 1.358
5819.0 1.358 1.567
4891.0 1.567 2.1
4455.0 2.1 2.52
6827.0 2.52 2.336
10631.0 2.336 2.137
13979.0 2.137 1.821
17235.0 1.821 1.441
17159.0 1.441 1.236
13514.0 1.236 1.247
9256.0 1.247 1.372
4868.0 1.372 1.915
4176.0 1.915 2.299
4638.0 2.299 2.758
7368.0 2.758 2.497
10782.0 2.497 2.28
14638.0 2.28 1.889
16954.0 1.889 1.54
16034.0 1.54 1.382
12431.0 1.382 1.413
6941.0 1.413 1.653
4475.0 1.653 2.211
4571.0 2.211 2.654
7095.0 2.654 2.431
10650.0 2.431 2.226
14730.0 2.226 1.831
17106.0 1.831 1.48
16550.0 1.48 1.298
12695.0 1.298 1.328
8669.0 1.328 1.494
5023.0 1.494 1.766
4248.0 1.766 2.307
4733.0 2.307 2.769
7155.0 2.769 2.53
10602.0 2.53 2.321
14466.0 2.321 1.91
17046.0 1.91 1.538
16998.0 1.538 1.325
12170.0 1.325 1.389
8240.0 1.389 1.565
4730.0 1.565 2.155
4251.0 2.155 2.586
5794.0 2.586 2.504
8334.0 2.504 2.464
11823.0 2.464 2.19
15415.0 2.19 1.803
17371.0 1.803 1.466
16019.0 1.466 1.322
11582.0 1.322 1.397
7540.0 1.397 1.6
4352.0 1.6 2.163
4401.0 2.163 2.595
6501.0 2.595 2.439
9147.0 2.439 2.337
12534.0 2.337 2.06
15882.0 2.06 1.664
17206.0 1.664 1.369
14622.0 1.369 1.312
9210.0 1.312 1.482
5316.0 1.482 1.76
4176.0 1.76 2.359
4494.0 2.359 2.831
6490.0 2.831 2.663
9889.0 2.663 2.501
13749.0 2.501 2.109
16856.0 2.109 1.68
17164.0 1.68 1.437
12596.0 1.437 1.491
6722.0 1.491 1.766
4259.0 1.766 2.33
4461.0 2.33 2.795
6449.0 2.795 2.633
10151.0 2.633 2.429
14123.0 2.429 2.048
17565.0 2.048 1.598
16853.0 1.598 1.407
11585.0 1.407 1.498
7641.0 1.498 1.724
4427.0 1.724 2.342
4199.0 2.342 2.81
5889.0 2.81 2.71
8109.0 2.71 2.533
11358.0 2.533 2.292
15070.0 2.292 1.892
17388.0 1.892 1.522
15656.0 1.522 1.402
11687.0 1.402 1.479
7619.0 1.479 1.694
4597.0 1.694 2.324
4364.0 2.324 2.912
5664.0 2.912 2.834
7674.0 2.834 2.692
10998.0 2.692 2.44
14826.0 2.44 1.998
17256.0 1.998 1.614
15772.0 1.614 1.476
10376.0 1.476 1.634
6406.0 1.634 1.903
4214.0 1.903 2.547
4540.0 2.547 3.056
6308.0 3.056 2.896
9356.0 2.896 2.736
12812.0 2.736 2.39
16272.0 2.39 1.918
16998.0 1.918 1.618
14414.0 1.618 1.562
10010.0 1.562 1.714
6668.0 1.714 1.962
4624.0 1.962 2.6
5169.0 2.6 2.582
7659.0 2.582 2.441
11118.0 2.441 2.21
14830.0 2.21 1.822
16766.0 1.822 1.499
15858.0 1.499 1.349
11973.0 1.349 1.399
8183.0 1.399 1.558
4843.0 1.558 2.132
4186.0 2.132 2.559
5693.0 2.559 2.488
8163.0 2.488 2.444
11922.0 2.444 2.161
15822.0 2.161 1.749
17440.0 1.749 1.421
14840.0 1.421 1.359
9947.0 1.359 1.493
5749.0 1.493 1.762
4290.0 1.762 2.215
5039.0 2.215 2.212
8081.0 2.212 2.051
12248.0 2.051 1.786
15431.0 1.786 1.463
17339.0 1.463 1.191
14323.0 1.191 1.16
8002.0 1.16 1.353
4466.0 1.353 1.824
4774.0 1.824 2.189
7608.0 2.189 2.083
10390.0 2.083 1.929
14101.0 1.929 1.634
17337.0 1.634 1.294
16233.0 1.294 1.16
11268.0 1.16 1.247
6704.0 1.247 1.459
4718.0 1.459 1.982
4364.0 1.982 2.502
5988.0 2.502 2.403
8728.0 2.403 2.331
12631.0 2.331 2.014
16867.0 2.014 1.56
18577.0 1.56 1.235
14981.0 1.235 1.203
7979.0 1.203 1.391
4354.0 1.391 1.881
4408.0 1.881 2.257
5544.0 2.257 2.208
8558.0 2.208 2.016
12116.0 2.016 1.78
15254.0 1.78 1.479
16938.0 1.479 1.223
14841.0 1.223 1.155
9324.0 1.155 1.297
5276.0 1.297 1.524
4200.0 1.524 1.989
4957.0 1.989 2.387
8057.0 2.387 2.095
11720.0 2.095 1.868
15164.0 1.868 1.544
17152.0 1.544 1.258
14920.0 1.258 1.189
9310.0 1.189 1.338
5516.0 1.338 1.559
4270.0 1.559 2.041
4886.0 2.041 2.45
7866.0 2.45 2.169
11550.0 2.169 1.934
14481.0 1.934 1.621
16077.0 1.621 1.373
14217.0 1.373 1.308
9954.0 1.308 1.422
6448.0 1.422 1.609
4646.0 1.609 2.119
4941.0 2.119 2.543
7637.0 2.543 2.275
11366.0 2.275 2.036
15750.0 2.036 1.631
18226.0 1.631 1.279
16330.0 1.279 1.167
10801.0 1.167 1.287
5485.0 1.287 1.514
4230.0 1.514 2.015
4461.0 2.015 2.418
6911.0 2.418 2.233
9499.0 2.233 2.118
13522.0 2.118 1.806
16970.0 1.806 1.433
17166.0 1.433 1.218
13593.0 1.218 1.218
9377.0 1.218 1.347
5003.0 1.347 1.599
4392.0 1.599 2.084
4516.0 2.084 2.501
7584.0 2.501 2.243
11061.0 2.243 2.049
14631.0 2.049 1.705
17379.0 1.705 1.353
16543.0 1.353 1.199
12088.0 1.199 1.257
7410.0 1.257 1.448
4215.0 1.448 1.946
4814.0 1.946 2.336
7726.0 2.336 2.081
11659.0 2.081 1.858
14854.0 1.858 1.531
17754.0 1.531 1.207
15506.0 1.207 1.124
9293.0 1.124 1.285
4683.0 1.285 1.77
4373.0 1.77 2.124
4976.0 2.124 2.548
7688.0 2.548 2.274
11351.0 2.274 2.04
15395.0 2.04 1.664
17563.0 1.664 1.335
15647.0 1.335 1.236
10355.0 1.236 1.346
6013.0 1.346 1.592
4611.0 1.592 2.133
4470.0 2.133 2.56
6128.0 2.56 2.445
8602.0 2.445 2.385
12265.0 2.385 2.098
15653.0 2.098 1.712
17185.0 1.712 1.411
14921.0 1.411 1.335
10061.0 1.335 1.462
6307.0 1.462 1.678
4264.0 1.678 2.12
4859.0 2.12 2.544
7893.0 2.544 2.383
11457.0 2.383 2.149
15509.0 2.149 1.732
17677.0 1.732 1.388
16145.0 1.388 1.259
11165.0 1.259 1.365
6823.0 1.365 1.567
4301.0 1.567 2.068
4979.0 2.068 2.481
7729.0 2.481 2.345
11629.0 2.345 2.079
16117.0 2.079 1.632
19017.0 1.632 1.237
17209.0 1.237 1.1
10918.0 1.1 1.216
5300.0 1.216 1.474
4410.0 1.474 1.965
4729.0 1.965 2.359
7725.0 2.359 2.101
11178.0 2.101 1.91
14910.0 1.91 1.567
17802.0 1.567 1.236
16318.0 1.236 1.116
10594.0 1.116 1.226
5792.0 1.226 1.46
4235.0 1.46 1.929
4790.0 1.929 2.315
7540.0 2.315 2.08
10621.0 2.08 1.937
13303.0 1.937 1.7
15015.0 1.7 1.478
14043.0 1.478 1.392
10425.0 1.392 1.475
7445.0 1.475 1.638
5403.0 1.638 1.842
5169.0 1.842 2.024
7841.0 2.024 2.003
10415.0 2.003 1.875
14567.0 1.875 1.552
18047.0 1.552 1.203
17107.0 1.203 1.056
11329.0 1.056 1.137
5663.0 1.137 1.368
4206.0 1.368 1.841
4414.0 1.841 2.209
5621.0 2.209 2.154
8305.0 2.154 2.1
11575.0 2.1 1.909
13702.0 1.909 1.675
14982.0 1.675 1.467
13797.0 1.467 1.391
10725.0 1.391 1.464
7907.0 1.464 1.625
6027.0 1.625 1.822
5545.0 1.822 1.992
6691.0 1.992 2.082
9045.0 2.082 2.011
13083.0 2.011 1.729
17031.0 1.729 1.353
17643.0 1.353 1.124
14121.0 1.124 1.11
9337.0 1.11 1.231
4613.0 1.231 1.716
4420.0 1.716 2.059
5461.0 2.059 2.021
8175.0 2.021 1.983
10567.0 1.983 1.867
14083.0 1.867 1.588
16399.0 1.588 1.309
14943.0 1.309 1.219
10458.0 1.219 1.317
6510.0 1.317 1.527
4178.0 1.527 2.015
5038.0 2.015 2.012
8076.0 2.012 1.974
10934.0 1.974 1.802
14477.0 1.802 1.488
17233.0 1.488 1.202
15181.0 1.202 1.127
9055.0 1.127 1.296
4979.0 1.296 1.789
4176.0 1.789 2.269
4937.0 2.269 2.723
7403.0 2.723 2.461
10949.0 2.461 2.232
15617.0 2.232 1.774
18789.0 1.774 1.36
17469.0 1.36 1.185
12027.0 1.185 1.276
6757.0 1.276 1.509
4189.0 1.509 1.992
5099.0 1.992 1.984
7705.0 1.984 1.87
10445.0 1.87 1.749
13949.0 1.749 1.491
16262.0 1.491 1.217
15899.0 1.217 1.072
11957.0 1.072 1.112
7529.0 1.112 1.262
5727.0 1.262 1.442
4664.0 1.442 1.9
5105.0 1.9 1.892
8139.0 1.892 1.855
11137.0 1.855 1.704
14950.0 1.704 1.404
17630.0 1.404 1.113
15878.0 1.113 1.02
9404.0 1.02 1.149
4594.0 1.149 1.585
4176.0 1.585 1.998
5397.0 1.998 1.966
8533.0 1.966 1.895
11113.0 1.895 1.739
14794.0 1.739 1.453
16782.0 1.453 1.203
15306.0 1.203 1.11
10455.0 1.11 1.195
6067.0 1.195 1.393
4708.0 1.393 1.84
4645.0 1.84 2.208
7305.0 2.208 2.004
10237.0 2.004 1.876
14140.0 1.876 1.57
17804.0 1.57 1.208
17108.0 1.208 1.056
11747.0 1.056 1.135
6077.0 1.135 1.337
4332.0 1.337 1.804
4334.0 1.804 2.165
5783.0 2.165 2.097
8479.0 2.097 2.056
12184.0 2.056 1.809
14899.0 1.809 1.526
16547.0 1.526 1.27
14726.0 1.27 1.192
9815.0 1.192 1.3
6063.0 1.3 1.478
4856.0 1.478 1.952
4769.0 1.952 2.343
7037.0 2.343 2.152
9823.0 2.152 2.033
13336.0 2.033 1.76
16452.0 1.76 1.418
16656.0 1.418 1.218
13488.0 1.218 1.216
9360.0 1.216 1.341
5210.0 1.341 1.56
4257.0 1.56 2.069
4681.0 2.069 2.483
7437.0 2.483 2.241
11094.0 2.241 2.041
14739.0 2.041 1.689
17671.0 1.689 1.326
16987.0 1.326 1.158
12325.0 1.158 1.215
7229.0 1.215 1.394
4176.0 1.394 1.893
4768.0 1.893 2.271
7770.0 2.271 2.02
11985.0 2.02 1.765
15651.0 1.765 1.429
18351.0 1.429 1.119
15039.0 1.119 1.08
10271.0 1.08 1.181
4955.0 1.181 1.628
4215.0 1.628 2.057
4746.0 2.057 2.468
7536.0 2.468 2.218
10875.0 2.218 2.021
13896.0 2.021 1.724
16412.0 1.724 1.418
15800.0 1.418 1.274
11867.0 1.274 1.331
8099.0 1.331 1.491
4903.0 1.491 2.005
4614.0 2.005 2.511
6938.0 2.511 2.316
10706.0 2.316 2.104
13877.0 2.104 1.782
16717.0 1.782 1.442
16317.0 1.442 1.273
12774.0 1.273 1.294
8990.0 1.294 1.458
5008.0 1.458 1.735
4229.0 1.735 2.291
4605.0 2.291 2.749
6807.0 2.749 2.55
9852.0 2.55 2.408
12768.0 2.408 2.13
15620.0 2.13 1.764
16472.0 1.764 1.506
13868.0 1.506 1.467
9386.0 1.467 1.616
6270.0 1.616 1.859
4718.0 1.859 2.456
5880.0 2.456 2.37
8494.0 2.37 2.31
11830.0 2.31 2.077
15598.0 2.077 1.684
17306.0 1.684 1.372
15222.0 1.372 1.282
9936.0 1.282 1.42
5826.0 1.42 1.675
4415.0 1.675 2.245
4256.0 2.245 2.694
5970.0 2.694 2.589
8602.0 2.589 2.51
11836.0 2.51 2.238
15508.0 2.238 1.824
17890.0 1.824 1.456
15826.0 1.456 1.344
10936.0 1.344 1.448
6852.0 1.448 1.678
4206.0 1.678 2.225
4457.0 2.225 2.67
7113.0 2.67 2.445
10224.0 2.445 2.275
13467.0 2.275 1.936
16507.0 1.936 1.57
17119.0 1.57 1.326
13483.0 1.326 1.331
7639.0 1.331 1.555
4185.0 1.555 2.124
4303.0 2.124 2.549
6935.0 2.549 2.482
10352.0 2.482 2.299
13792.0 2.299 1.965
15980.0 1.965 1.638
15752.0 1.638 1.456
11924.0 1.456 1.51
7115.0 1.51 1.735
4995.0 1.735 2.314
5591.0 2.314 2.259
8035.0 2.259 2.225
11350.0 2.225 2.01
14242.0 2.01 1.713
15910.0 1.713 1.448
14666.0 1.448 1.351
10685.0 1.351 1.441
7669.0 1.441 1.605
4931.0 1.605 2.169
4709.0 2.169 2.603
6663.0 2.603 2.561
10029.0 2.561 2.372
14393.0 2.372 1.972
17751.0 1.972 1.53
17331.0 1.53 1.318
11547.0 1.318 1.418
6879.0 1.418 1.657
4463.0 1.657 2.199
4461.0 2.199 2.639
6773.0 2.639 2.59
10022.0 2.59 2.438
13270.0 2.438 2.123
15118.0 2.123 1.788
15502.0 1.788 1.574
12906.0 1.574 1.568
8898.0 1.568 1.723
6608.0 1.723 1.939
5038.0 1.939 2.193
5564.0 2.193 2.366
7184.0 2.366 2.415
10835.0 2.415 2.211
14819.0 2.211 1.831
17511.0 1.831 1.429
17119.0 1.429 1.227
13492.0 1.227 1.239
9126.0 1.239 1.397
4816.0 1.397 1.937
4260.0 1.937 2.422
4559.0 2.422 2.906
6907.0 2.906 2.831
9865.0 2.831 2.663
13305.0 2.663 2.288
16681.0 2.288 1.822
16869.0 1.822 1.554
13445.0 1.554 1.557
8474.0 1.557 1.787
5684.0 1.787 2.077
4278.0 2.077 2.716
6226.0 2.716 2.583
9664.0 2.583 2.434
12454.0 2.434 2.165
15710.0 2.165 1.768
17032.0 1.768 1.479
14304.0 1.479 1.433
9429.0 1.433 1.588
5955.0 1.588 1.843
4316.0 1.843 2.321
5192.0 2.321 2.303
7574.0 2.303 2.313
10850.0 2.313 2.119
13502.0 2.119 1.847
15866.0 1.847 1.533
15466.0 1.533 1.381
12541.0 1.381 1.4
7384.0 1.4 1.597
4554.0 1.597 2.152
4558.0 2.152 2.583
6704.0 2.583 2.407
10082.0 2.407 2.245
13244.0 2.245 1.959
16424.0 1.959 1.58
17072.0 1.58 1.336
13240.0 1.336 1.353
7294.0 1.353 1.588
4298.0 1.588 2.132
4470.0 2.132 2.558
6792.0 2.558 2.375
10158.0 2.375 2.215
12927.0 2.215 1.936
15815.0 1.936 1.598
15915.0 1.598 1.398
12415.0 1.398 1.43
7312.0 1.43 1.632
4902.0 1.632 2.183
4519.0 2.183 2.73
6693.0 2.73 2.545
10263.0 2.545 2.355
14039.0 2.355 1.973
16491.0 1.973 1.613
16503.0 1.613 1.39
12863.0 1.39 1.419
7481.0 1.419 1.637
4399.0 1.637 2.201
4479.0 2.201 2.641
6463.0 2.641 2.486
10138.0 2.486 2.308
13300.0 2.308 1.999
16132.0 1.999 1.645
17116.0 1.645 1.372
13792.0 1.372 1.358
8335.0 1.358 1.559
4799.0 1.559 2.149
4181.0 2.149 2.579
6149.0 2.579 2.461
8755.0 2.461 2.38
12064.0 2.38 2.107
15760.0 2.107 1.696
17528.0 1.696 1.376
15500.0 1.376 1.281
10607.0 1.281 1.406
6151.0 1.406 1.641
4292.0 1.641 2.07
5025.0 2.07 2.068
8205.0 2.068 1.907
12249.0 1.907 1.679
15846.0 1.679 1.358
17390.0 1.358 1.118
15029.0 1.118 1.06
10753.0 1.06 1.149
5741.0 1.149 1.336
4246.0 1.336 1.789
4636.0 1.789 2.147
6130.0 2.147 2.05
9516.0 2.05 1.929
13953.0 1.929 1.604
17861.0 1.604 1.217
17545.0 1.217 1.042
12604.0 1.042 1.093
6886.0 1.093 1.278
4452.0 1.278 1.751
4349.0 1.751 2.101
5320.0 2.101 2.074
8114.0 2.074 1.926
10888.0 1.926 1.782
14278.0 1.782 1.503
16486.0 1.503 1.254
15412.0 1.254 1.145
10651.0 1.145 1.239
6315.0 1.239 1.438
4702.0 1.438 1.926
4404.0 1.926 2.311
6552.0 2.311 2.168
9490.0 2.168 2.051
13843.0 2.051 1.729
17699.0 1.729 1.334
18059.0 1.334 1.108
14186.0 1.108 1.108
9020.0 1.108 1.258
4176.0 1.258 1.703
4303.0 1.703 2.043
5642.0 2.043 1.991
8798.0 1.991 1.905
13037.0 1.905 1.622
16448.0 1.622 1.275
17716.0 1.275 1.053
14554.0 1.053 1.028
9426.0 1.028 1.152
4328.0 1.152 1.587
4577.0 1.587 1.904
6310.0 1.904 1.804
9702.0 1.804 1.705
13971.0 1.705 1.425
17334.0 1.425 1.11
17613.0 1.11 1.0
12933.0 1.0 1.038
7547.0 1.038 1.19
5120.0 1.19 1.392
4256.0 1.392 1.846
4749.0 1.846 2.215
7861.0 2.215 1.962
11962.0 1.962 1.738
15592.0 1.738 1.405
18160.0 1.405 1.114
14528.0 1.114 1.095
9782.0 1.095 1.224
4854.0 1.224 1.716
4631.0 1.716 2.059
5924.0 2.059 1.983
8640.0 1.983 1.916
12408.0 1.916 1.689
15312.0 1.689 1.395
16720.0 1.395 1.173
14428.0 1.173 1.124
8281.0 1.124 1.288
4425.0 1.288 1.766
4639.0 1.766 2.12
5821.0 2.12 2.05
8519.0 2.05 1.985
12455.0 1.985 1.729
15734.0 1.729 1.406
17102.0 1.406 1.17
14786.0 1.17 1.114
8576.0 1.114 1.257
4494.0 1.257 1.695
4471.0 1.695 2.034
5704.0 2.034 1.977
8740.0 1.977 1.902
12637.0 1.902 1.668
15361.0 1.668 1.395
16529.0 1.395 1.187
13730.0 1.187 1.168
9834.0 1.168 1.275
5530.0 1.275 1.477
4366.0 1.477 1.959
4665.0 1.959 2.46
7635.0 2.46 2.334
11697.0 2.334 2.056
16201.0 2.056 1.621
18497.0 1.621 1.26
16805.0 1.26 1.128
10472.0 1.128 1.257
5156.0 1.257 1.531
4287.0 1.531 2.047
4525.0 2.047 2.457
7025.0 2.457 2.388
10739.0 2.388 2.189
14899.0 2.189 1.807
17023.0 1.807 1.454
16471.0 1.454 1.286
12397.0 1.286 1.335
8411.0 1.335 1.501
4827.0 1.501 2.033
4176.0 2.033 2.439
6114.0 2.439 2.331
8680.0 2.331 2.25
12088.0 2.25 1.997
15972.0 1.997 1.605
17788.0 1.605 1.293
14792.0 1.293 1.248
9134.0 1.248 1.412
5090.0 1.412 1.664
4253.0 1.664 2.167
4758.0 2.167 2.601
7378.0 2.601 2.353
10654.0 2.353 2.166
13492.0 2.166 1.867
16372.0 1.867 1.525
16080.0 1.525 1.336
13404.0 1.336 1.325
7956.0 1.325 1.5
4694.0 1.5 2.03
4376.0 2.03 2.54
6722.0 2.54 2.492
10436.0 2.492 2.294
14688.0 2.294 1.873
17516.0 1.873 1.474
17536.0 1.474 1.25
12496.0 1.25 1.308
8136.0 1.308 1.487
4376.0 1.487 1.998
4484.0 1.998 2.398
6782.0 2.398 2.227
9312.0 2.227 2.129
12633.0 2.129 1.857
16081.0 1.857 1.515
16621.0 1.515 1.29
14173.0 1.29 1.246
8557.0 1.246 1.405
4909.0 1.405 1.946
4315.0 1.946 2.461
4929.0 2.461 2.953
7305.0 2.953 2.681
10653.0 2.681 2.462
13925.0 2.462 2.096
16930.0 2.096 1.674
16179.0 1.674 1.493
11195.0 1.493 1.606
7355.0 1.606 1.848
4813.0 1.848 2.503
4663.0 2.503 3.004
6985.0 3.004 2.765
9973.0 2.765 2.584
13629.0 2.584 2.213
16693.0 2.213 1.782
16261.0 1.782 1.567
12673.0 1.567 1.6
7417.0 1.6 1.835
4841.0 1.835 2.486
4413.0 2.486 3.113
6857.0 3.113 2.882
9638.0 2.882 2.726
13286.0 2.726 2.337
16444.0 2.337 1.896
16686.0 1.896 1.63
13730.0 1.63 1.608
9269.0 1.608 1.806
6071.0 1.806 2.061
4193.0 2.061 2.746
5628.0 2.746 2.677
7960.0 2.677 2.649
11095.0 2.649 2.426
14971.0 2.426 2.008
17138.0 2.008 1.626
15591.0 1.626 1.494
10263.0 1.494 1.634
6519.0 1.634 1.881
4176.0 1.881 2.525
4355.0 2.525 3.159
6317.0 3.159 2.993
9383.0 2.993 2.842
12879.0 2.842 2.484
15827.0 2.484 2.03
16971.0 2.03 1.701
13895.0 1.701 1.672
9581.0 1.672 1.853
6449.0 1.853 2.14
4471.0 2.14 2.831
5073.0 2.831 2.823
7253.0 2.823 2.712
10457.0 2.712 2.507
13957.0 2.507 2.124
17183.0 2.124 1.685
16119.0 1.685 1.513
11607.0 1.513 1.598
6447.0 1.598 1.881
4240.0 1.881 2.378
5058.0 2.378 2.373
7110.0 2.373 2.413
9818.0 2.413 2.275
12923.0 2.275 1.98
15883.0 1.98 1.625
16883.0 1.625 1.368
13647.0 1.368 1.353
8145.0 1.353 1.556
4897.0 1.556 2.132
4461.0 2.132 2.669
5607.0 2.669 2.604
8265.0 2.604 2.41
11553.0 2.41 2.167
15341.0 2.167 1.782
17385.0 1.782 1.43
15897.0 1.43 1.3
11454.0 1.3 1.387
7280.0 1.387 1.611
4311.0 1.611 2.149
4533.0 2.149 2.579
6835.0 2.579 2.389
10447.0 2.389 2.179
13450.0 2.179 1.88
15586.0 1.88 1.577
15422.0 1.577 1.414
12623.0 1.414 1.419
8060.0 1.419 1.604
5476.0 1.604 1.825
4936.0 1.825 2.29
7860.0 2.29 2.147
12084.0 2.147 1.875
16256.0 1.875 1.489
17720.0 1.489 1.214
14184.0 1.214 1.198
7680.0 1.198 1.387
4205.0 1.387 1.876
4897.0 1.876 2.251
8073.0 2.251 2.093
11937.0 2.093 1.857
15030.0 1.857 1.531
17326.0 1.531 1.245
14662.0 1.245 1.194
9169.0 1.194 1.335
5015.0 1.335 1.59
4176.0 1.59 2.097
4735.0 2.097 2.516
7849.0 2.516 2.229
11470.0 2.229 2.004
15466.0 2.004 1.623
17174.0 1.623 1.324
14830.0 1.324 1.26
9466.0 1.26 1.411
5378.0 1.411 1.646
4265.0 1.646 2.179
4454.0 2.179 2.615
6696.0 2.615 2.437
10443.0 2.437 2.243
14387.0 2.243 1.872
16879.0 1.872 1.513
16467.0 1.513 1.331
12909.0 1.331 1.359
7053.0 1.359 1.572
4257.0 1.572 2.089
4530.0 2.089 2.506
7110.0 2.506 2.295
10776.0 2.295 2.097
13845.0 2.097 1.796
16881.0 1.796 1.43
16385.0 1.43 1.255
13025.0 1.255 1.265
8721.0 1.265 1.405
4855.0 1.405 1.942
4221.0 1.942 2.453
4461.0 2.453 2.944
6899.0 2.944 2.72
10220.0 2.72 2.523
14432.0 2.523 2.064
18104.0 2.064 1.569
17720.0 1.569 1.319
12476.0 1.319 1.4
8072.0 1.4 1.597
4208.0 1.597 2.137
4335.0 2.137 2.564
5417.0 2.564 2.521
7901.0 2.521 2.365
11291.0 2.365 2.139
15571.0 2.139 1.726
17755.0 1.726 1.368
16407.0 1.368 1.23
11829.0 1.23 1.3
7243.0 1.3 1.505
4224.0 1.505 2.043
4575.0 2.043 2.452
7309.0 2.452 2.225
10834.0 2.225 2.037
14146.0 2.037 1.721
17298.0 1.721 1.349
16894.0 1.349 1.177
12889.0 1.177 1.201
8445.0 1.201 1.357
4357.0 1.357 1.854
4297.0 1.854 2.225
5453.0 2.225 2.185
8109.0 2.185 2.156
11964.0 2.156 1.915
16624.0 1.915 1.5
18468.0 1.5 1.19
15520.0 1.19 1.129
8089.0 1.129 1.326
4176.0 1.326 1.698
4749.0 1.698 2.038
6327.0 2.038 1.93
9209.0 1.93 1.858
12878.0 1.858 1.624
15281.0 1.624 1.363
16139.0 1.363 1.162
14006.0 1.162 1.123
10388.0 1.123 1.204
6258.0 1.204 1.407
4869.0 1.407 1.864
4663.0 1.864 2.342
7193.0 2.342 2.137
9557.0 2.137 2.05
12902.0 2.05 1.8
15910.0 1.8 1.472
16034.0 1.472 1.291
13013.0 1.291 1.296
9507.0 1.296 1.421
5959.0 1.421 1.652
4567.0 1.652 2.081
5838.0 2.081 2.011
8892.0 2.011 1.935
12756.0 1.935 1.691
15870.0 1.691 1.376
17142.0 1.376 1.145
14517.0 1.145 1.102
10261.0 1.102 1.194
5593.0 1.194 1.401
4281.0 1.401 1.877
4457.0 1.877 2.252
5836.0 2.252 2.177
8498.0 2.177 2.134
12143.0 2.134 1.895
15799.0 1.895 1.538
17035.0 1.538 1.279
13887.0 1.279 1.261
8265.0 1.261 1.439
4611.0 1.439 1.983
4488.0 1.983 2.379
6972.0 2.379 2.316
9532.0 2.316 2.201
12955.0 2.201 1.912
16335.0 1.912 1.537
17479.0 1.537 1.266
13479.0 1.266 1.276
7662.0 1.276 1.47
4252.0 1.47 1.964
4346.0 1.964 2.357
7086.0 2.357 2.16
9578.0 2.16 2.047
13220.0 2.047 1.753
16960.0 1.753 1.38
16920.0 1.38 1.187
13512.0 1.187 1.191
9026.0 1.191 1.341
4668.0 1.341 1.861
4374.0 1.861 2.234
4876.0 2.234 2.681
7310.0 2.681 2.433
11129.0 2.433 2.178
15469.0 2.178 1.757
18269.0 1.757 1.349
17353.0 1.349 1.167
12679.0 1.167 1.218
7521.0 1.218 1.398
4364.0 1.398 1.857
5124.0 1.857 1.848
8124.0 1.848 1.811
11162.0 1.811 1.662
15059.0 1.662 1.366
17114.0 1.366 1.106
16289.0 1.106 1.0
10763.0 1.0 1.086
5545.0 1.086 1.28
4176.0 1.28 1.706
4888.0 1.706 2.047
6571.0 2.047 1.918
9657.0 1.918 1.82
13917.0 1.82 1.525
16959.0 1.525 1.209
17227.0 1.209 1.031
12808.0 1.031 1.064
7334.0 1.064 1.227
4774.0 1.227 1.683
4193.0 1.683 2.106
5054.0 2.106 2.101
7532.0 2.101 2.107
10244.0 2.107 1.981
13337.0 1.981 1.723
16021.0 1.723 1.421
15393.0 1.421 1.285
11757.0 1.285 1.326
7845.0 1.326 1.49
4933.0 1.49 2.017
4639.0 2.017 2.421
6009.0 2.421 2.323
8439.0 2.323 2.264
11727.0 2.264 2.028
14859.0 2.028 1.697
16007.0 1.697 1.446
13903.0 1.446 1.393
9736.0 1.393 1.519
6678.0 1.519 1.723
4876.0 1.723 2.282
5348.0 2.282 2.371
7268.0 2.371 2.283
10862.0 2.283 2.084
13958.0 2.084 1.779
16646.0 1.779 1.443
16390.0 1.443 1.261
12850.0 1.261 1.281
8778.0 1.281 1.417
5164.0 1.417 1.655
4219.0 1.655 2.157
4799.0 2.157 2.589
7131.0 2.589 2.368
10278.0 2.368 2.209
13269.0 2.209 1.92
16033.0 1.92 1.58
15825.0 1.58 1.399
13224.0 1.399 1.386
8049.0 1.386 1.576
4847.0 1.576 2.163
4275.0 2.163 2.596
6041.0 2.596 2.488
8185.0 2.488 2.456
11020.0 2.456 2.276
14060.0 2.276 1.94
15516.0 1.94 1.656
14728.0 1.656 1.529
11857.0 1.529 1.563
7714.0 1.563 1.751
5220.0 1.751 2.008
4894.0 2.008 2.621
6476.0 2.621 2.466
9659.0 2.466 2.334
12908.0 2.334 2.035
16408.0 2.035 1.621
17692.0 1.621 1.325
14912.0 1.325 1.27
9062.0 1.27 1.444
4748.0 1.444 1.994
4396.0 1.994 2.526
5752.0 2.526 2.45
8136.0 2.45 2.283
11484.0 2.283 2.049
14744.0 2.049 1.707
16568.0 1.707 1.415
14840.0 1.415 1.329
10451.0 1.329 1.434
6645.0 1.434 1.622
4293.0 1.622 2.165
4942.0 2.165 2.598
7050.0 2.598 2.385
10230.0 2.385 2.219
13044.0 2.219 1.953
15792.0 1.953 1.617
16300.0 1.617 1.395
12792.0 1.395 1.415
7647.0 1.415 1.609
4863.0 1.609 2.181
4402.0 2.181 2.617
6398.0 2.617 2.47
8510.0 2.47 2.427
11609.0 2.427 2.191
14993.0 2.191 1.831
16873.0 1.831 1.51
15473.0 1.51 1.386
11123.0 1.386 1.487
7331.0 1.487 1.706
4449.0 1.706 2.273
4378.0 2.273 2.728
5934.0 2.728 2.626
7806.0 2.626 2.636
10503.0 2.636 2.462
13475.0 2.462 2.141
15543.0 2.141 1.796
15635.0 1.796 1.585
12535.0 1.585 1.595
8224.0 1.595 1.778
5696.0 1.778 2.013
4678.0 2.013 2.642
6452.0 2.642 2.488
9209.0 2.488 2.407
12383.0 2.407 2.149
15735.0 2.149 1.761
17080.0 1.761 1.47
14352.0 1.47 1.42
9459.0 1.42 1.584
5797.0 1.584 1.814
4331.0 1.814 2.282
5218.0 2.282 2.262
7558.0 2.262 2.273
10633.0 2.273 2.112
13258.0 2.112 1.829
15574.0 1.829 1.546
15242.0 1.546 1.394
12536.0 1.394 1.405
7631.0 1.405 1.598
5271.0 1.598 1.827
4773.0 1.827 2.398
6697.0 2.398 2.357
8639.0 2.357 2.317
11750.0 2.317 2.102
15146.0 2.102 1.739
16798.0 1.739 1.439
14590.0 1.439 1.37
10249.0 1.37 1.484
6571.0 1.484 1.695
4341.0 1.695 2.235
4901.0 2.235 2.682
7003.0 2.682 2.467
9904.0 2.467 2.333
12403.0 2.333 2.086
15055.0 2.086 1.766
15571.0 1.766 1.539
13155.0 1.539 1.516
8781.0 1.516 1.681
6123.0 1.681 1.912
4811.0 1.912 2.518
6141.0 2.518 2.403
8253.0 2.403 2.381
11064.0 2.381 2.178
14432.0 2.178 1.841
16224.0 1.841 1.538
15088.0 1.538 1.411
11803.0 1.411 1.459
8485.0 1.459 1.621
5555.0 1.621 1.849
4795.0 1.849 2.321
6913.0 2.321 2.144
9379.0 2.144 2.059
12592.0 2.059 1.806
15920.0 1.806 1.474
16116.0 1.474 1.288
13203.0 1.288 1.282
7731.0 1.282 1.466
4799.0 1.466 1.986
4414.0 1.986 2.491
6322.0 2.491 2.36
8614.0 2.36 2.315
12238.0 2.315 2.053
16206.0 2.053 1.632
17894.0 1.632 1.318
14826.0 1.318 1.271
8868.0 1.271 1.451
4810.0 1.451 1.997
4261.0 1.997 2.518
5799.0 2.518 2.438
7575.0 2.438 2.471
10620.0 2.471 2.286
14000.0 2.286 1.951
16440.0 1.951 1.606
16008.0 1.606 1.425
11688.0 1.425 1.499
8150.0 1.499 1.678
5194.0 1.678 1.92
4553.0 1.92 2.404
6759.0 2.404 2.358
8803.0 2.358 2.31
11917.0 2.31 2.084
15097.0 2.084 1.732
16605.0 1.732 1.434
14825.0 1.434 1.347
10508.0 1.347 1.448
6788.0 1.448 1.64
4358.0 1.64 2.188
4365.0 2.188 2.626
6473.0 2.626 2.471
9341.0 2.471 2.354
12023.0 2.354 2.126
14975.0 2.126 1.78
16299.0 1.78 1.499
14115.0 1.499 1.441
10065.0 1.441 1.568
6739.0 1.568 1.762
4865.0 1.762 2.351
5271.0 2.351 2.326
6737.0 2.326 2.412
8461.0 2.412 2.39
10639.0 2.39 2.251
13219.0 2.251 1.984
14755.0 1.984 1.727
14019.0 1.727 1.609
11523.0 1.609 1.647
8037.0 1.647 1.814
6013.0 1.814 2.054
5437.0 2.054 2.261
6201.0 2.261 2.404
7717.0 2.404 2.437
10450.0 2.437 2.278
13386.0 2.278 1.978
15270.0 1.978 1.682
14990.0 1.682 1.516
12443.0 1.516 1.523
8579.0 1.523 1.674
5973.0 1.674 1.897
4951.0 1.897 2.491
6207.0 2.491 2.496
7995.0 2.496 2.5
10524.0 2.5 2.339
13896.0 2.339 2.008
15832.0 2.008 1.688
15468.0 1.688 1.506
11916.0 1.506 1.557
7272.0 1.557 1.779
4822.0 1.779 2.372
5406.0 2.372 2.334
7188.0 2.334 2.379
9020.0 2.379 2.327
11894.0 2.327 2.096
15098.0 2.096 1.744
16282.0 1.744 1.474
13874.0 1.474 1.427
9449.0 1.427 1.575
6181.0 1.575 1.787
4443.0 1.787 2.366
5007.0 2.366 2.365
7021.0 2.365 2.417
8949.0 2.417 2.365
11988.0 2.365 2.136
15004.0 2.136 1.787
16488.0 1.787 1.498
14292.0 1.498 1.436
9381.0 1.436 1.595
5931.0 1.595 1.828
4218.0 1.828 2.396
4973.0 2.396 2.875
6827.0 2.875 2.813
9269.0 2.813 2.712
12209.0 2.712 2.421
14365.0 2.421 2.098
14812.0 2.098 1.881
12988.0 1.881 1.839
10102.0 1.839 1.944
7075.0 1.944 2.196
5693.0 2.196 2.466
5645.0 2.466 2.685
6353.0 2.685 2.839
8423.0 2.839 2.809
11090.0 2.809 2.584
14518.0 2.584 2.157
17157.0 2.157 1.739
16477.0 1.739 1.539
11829.0 1.539 1.614
6537.0 1.614 1.898
4221.0 1.898 2.52
4507.0 2.52 3.024
5951.0 3.024 2.909
8576.0 2.909 2.832
11036.0 2.832 2.611
14144.0 2.611 2.213
16449.0 2.213 1.805
15760.0 1.805 1.616
11572.0 1.616 1.699
6895.0 1.699 1.944
4593.0 1.944 2.592
4738.0 2.592 3.25
6202.0 3.25 3.093
8065.0 3.093 3.101
9703.0 3.101 3.01
11743.0 3.01 2.772
13169.0 2.772 2.504
13469.0 2.504 2.319
12157.0 2.319 2.278
9853.0 2.278 2.4
7465.0 2.4 2.638
5728.0 2.638 2.956
5538.0 2.956 3.251
5956.0 3.251 3.484
6982.0 3.484 3.627
7942.0 3.627 3.705
9294.0 3.705 3.653
10830.0 3.653 3.47
12374.0 3.47 3.185
13058.0 3.185 2.928
12566.0 2.928 2.805
11082.0 2.805 2.839
9370.0 2.839 2.993
7718.0 2.993 3.213
7061.0 3.213 3.449
6986.0 3.449 3.671
7787.0 3.671 3.778
8999.0 3.778 3.754
10755.0 3.754 3.554
12105.0 3.554 3.287
13215.0 3.287 3.011
12837.0 3.011 2.865
11412.0 2.865 2.864
9448.0 2.864 3.01
7816.0 3.01 3.242
6958.0 3.242 3.509
7039.0 3.509 3.721
7546.0 3.721 3.862
8882.0 3.862 3.85
10463.0 3.85 3.687
11925.0 3.687 3.43
13047.0 3.43 3.147
12717.0 3.147 2.995
11225.0 2.995 3.015
9017.0 3.015 3.234
6965.0 3.234 3.601
6188.0 3.601 3.987
6041.0 3.987 4.312
6656.0 4.312 4.547
7556.0 4.547 4.686
8598.0 4.686 4.704
9668.0 4.704 4.62
10994.0 4.62 4.392
11974.0 4.392 4.118
12373.0 4.118 3.881
11708.0 3.881 3.797
10496.0 3.797 3.853
9204.0 3.853 4.021
8240.0 4.021 4.246
7816.0 4.246 4.486
7840.0 4.486 4.683
8505.0 4.683 4.758
9486.0 4.758 4.704
10764.0 4.704 4.505
11922.0 4.505 4.223
12489.0 4.223 3.96
12433.0 3.96 3.776
11227.0 3.776 3.769
9649.0 3.769 3.921
8356.0 3.921 4.156
7636.0 4.156 4.426
7572.0 4.426 4.646
8088.0 4.646 4.769
9078.0 4.769 4.735
10296.0 4.735 4.557
11436.0 4.557 4.285
12409.0 4.285 4.002
12388.0 4.002 3.812
11566.0 3.812 3.762
10036.0 3.762 3.882
8555.0 3.882 4.124
7831.0 4.124 4.382
7535.0 4.382 4.63
7723.0 4.63 4.82
8599.0 4.82 4.864
9583.0 4.864 4.782
10927.0 4.782 4.545
12089.0 4.545 4.234
12691.0 4.234 3.942
12166.0 3.942 3.816
10822.0 3.816 3.857
9417.0 3.857 4.017
8127.0 4.017 4.28
7527.0 4.28 4.555
7447.0 4.555 4.794
8089.0 4.794 4.914
9023.0 4.914 4.909
10301.0 4.909 4.749
11489.0 4.749 4.482
12392.0 4.482 4.181
12644.0 4.181 3.941
11860.0 3.941 3.853
10342.0 3.853 3.955
8958.0 3.955 4.157
7770.0 4.157 4.452
7370.0 4.452 4.741
7510.0 4.741 4.975
8344.0 4.975 5.051
9262.0 5.051 5.007
10570.0 5.007 4.785
11949.0 4.785 4.423
12782.0 4.423 4.064
12600.0 4.064 3.846
11410.0 3.846 3.83
9742.0 3.83 3.986
8293.0 3.986 4.25
7461.0 4.25 4.548
7325.0 4.548 4.828
7625.0 4.828 5.027
8288.0 5.027 5.121
8960.0 5.121 5.132
9902.0 5.132 5.027
10896.0 5.027 4.808
11652.0 4.808 4.577
11869.0 4.577 4.383
11554.0 4.383 4.277
10576.0 4.277 4.317
9478.0 4.317 4.464
8513.0 4.464 4.691
8041.0 4.691 4.929
8113.0 4.929 5.115
8452.0 5.115 5.233
9382.0 5.233 5.194
10198.0 5.194 5.076
11164.0 5.076 4.849
11864.0 4.849 4.59
11934.0 4.59 4.398
11318.0 4.398 4.336
10466.0 4.336 4.37
9362.0 4.37 4.519
8606.0 4.519 4.718
8249.0 4.718 4.918
8287.0 4.918 5.083
8858.0 5.083 5.136
9722.0 5.136 5.067
10610.0 5.067 4.896
11541.0 4.896 4.633
11898.0 4.633 4.404
11569.0 4.404 4.29
10659.0 4.29 4.314
9429.0 4.314 4.502
8543.0 4.502 4.77
8067.0 4.77 5.001
7948.0 5.001 5.214
8407.0 5.214 5.334
9271.0 5.334 5.309
10105.0 5.309 5.192
11148.0 5.192 4.949
11771.0 4.949 4.687
11918.0 4.687 4.481
11400.0 4.481 4.406
10301.0 4.406 4.496
9215.0 4.496 4.699
8472.0 4.699 4.944
8055.0 4.944 5.198
8083.0 5.198 5.405
8526.0 5.405 5.519
9396.0 5.519 5.494
10362.0 5.494 5.343
11279.0 5.343 5.098
11987.0 5.098 4.818
11759.0 4.818 4.67
10912.0 4.67 4.668
9680.0 4.668 4.822
8654.0 4.822 5.062
8131.0 5.062 5.313
7939.0 5.313 5.57
8137.0 5.57 5.759
9037.0 5.759 5.752
9947.0 5.752 5.653
10927.0 5.653 5.434
11743.0 5.434 5.153
11911.0 5.153 4.938
11315.0 4.938 4.869
10181.0 4.869 4.972
9179.0 4.972 5.17
8399.0 5.17 5.431
8003.0 5.431 5.7
8165.0 5.7 5.897
8849.0 5.897 5.943
9829.0 5.943 5.853
10802.0 5.853 5.643
11690.0 5.643 5.351
12062.0 5.351 5.088
11618.0 5.088 4.973
10666.0 4.973 5.008
9364.0 5.008 5.212
8320.0 5.212 5.513
7756.0 5.513 5.84
7720.0 5.84 6.118
8284.0 6.118 6.255
9208.0 6.255 6.214
10258.0 6.214 6.01
11398.0 6.01 5.707
12193.0 5.707 5.364
12229.0 5.364 5.115
11397.0 5.115 5.06
10172.0 5.06 5.182
8821.0 5.182 5.463
8029.0 5.463 5.788
7573.0 5.788 6.138
7807.0 6.138 6.386
8623.0 6.386 6.443
9617.0 6.443 6.323
10805.0 6.323 6.075
11885.0 6.075 5.712
12395.0 5.712 5.372
11945.0 5.372 5.212
10793.0 5.212 5.261
9365.0 5.261 5.497
8387.0 5.497 5.809
7655.0 5.809 6.195
7499.0 6.195 6.533
8057.0 6.533 6.711
9002.0 6.711 6.689
10194.0 6.689 6.468
11343.0 6.468 6.148
12189.0 6.148 5.772
12348.0 5.772 5.481
11697.0 5.481 5.371
10373.0 5.371 5.481
9029.0 5.481 5.749
8015.0 5.749 6.114
7601.0 6.114 6.467
7631.0 6.467 6.763
8279.0 6.763 6.898
9280.0 6.898 6.833
10492.0 6.833 6.568
11632.0 6.568 6.16
12380.0 6.16 5.736
12362.0 5.736 5.47
11294.0 5.47 5.455
9778.0 5.455 5.7
8434.0 5.7 6.034
7612.0 6.034 6.428
7360.0 6.428 6.804
7792.0 6.804 7.042
8681.0 7.042 7.088
9925.0 7.088 6.898
11134.0 6.898 6.535
12166.0 6.535 6.077
12602.0 6.077 5.672
12058.0 5.672 5.493
10753.0 5.493 5.588
9318.0 5.588 5.888
8065.0 5.888 6.252
7441.0 6.252 6.651
7399.0 6.651 7.004
8095.0 7.004 7.171
9061.0 7.171 7.151
10137.0 7.151 6.958
11436.0 6.958 6.559
12316.0 6.559 6.115
12382.0 6.115 5.805
11713.0 5.805 5.693
10294.0 5.693 5.848
8985.0 5.848 6.16
7949.0 6.16 6.58
7451.0 6.58 7.029
7565.0 7.029 7.372
8062.0 7.372 7.577
9234.0 7.577 7.502
10464.0 7.502 7.25
11720.0 7.25 6.818
12513.0 6.818 6.363
12492.0 6.363 6.052
11402.0 6.052 6.024
9851.0 6.024 6.261
8379.0 6.261 6.702
7504.0 6.702 7.195
7336.0 7.195 7.625
7686.0 7.625 7.925
8505.0 7.925 8.009
4269.0 8.009 10.945
4176.0 10.945 13.926
4176.0 13.926 16.711
4176.0 16.711 20.053
4176.0 20.053 24.064
4176.0 24.064 28.876
4176.0 28.876 34.652
4176.0 34.652 41.582
4176.0 41.582 49.898
4225.0 49.898 59.878
4180.0 59.878 71.854
4176.0 71.854 86.224
4584.0 86.224 100.0
6060.0 100.0 95.76
9336.0 95.76 84.954
13948.0 84.954 68.186
18553.0 68.186 47.812
20140.0 47.812 35.186
15524.0 35.186 34.177
8996.0 34.177 40.652
5065.0 40.652 49.88
4176.0 49.88 66.308
4259.0 66.308 79.569
4645.0 79.569 95.483
6113.0 95.483 91.232
9697.0 91.232 79.668
14897.0 79.668 61.365
20111.0 61.365 40.52
21140.0 40.52 30.999
15380.0 30.999 30.527
8528.0 30.527 37.0
4592.0 37.0 52.423
4176.0 52.423 66.513
4188.0 66.513 79.815
4617.0 79.815 95.778
6213.0 95.778 91.131
9541.0 91.131 85.067
14085.0 85.067 68.889
19080.0 68.889 47.94
21010.0 47.94 36.364
16354.0 36.364 34.395
9626.0 34.395 40.204
5202.0 40.204 48.836
4234.0 48.836 64.603
4186.0 64.603 77.524
4470.0 77.524 93.029
5730.0 93.029 90.312
8538.0 90.312 87.229
12330.0 87.229 75.322
17082.0 75.322 56.044
20274.0 56.044 40.31
18102.0 40.31 34.953
11679.0 34.953 38.833
6506.0 38.833 46.748
4241.0 46.748 63.117
4236.0 63.117 75.741
4302.0 75.741 90.889
5349.0 90.889 89.62
8069.0 89.62 83.412
12249.0 83.412 71.667
17315.0 71.667 52.756
20831.0 52.756 38.383
18519.0 38.383 32.975
11831.0 32.975 36.667
6351.0 36.667 44.303
4176.0 44.303 59.492
4176.0 59.492 71.39
4294.0 71.39 85.668
5304.0 85.668 84.627
7810.0 84.627 79.603
11833.0 79.603 69.334
16677.0 69.334 52.244
20475.0 52.244 37.402
18935.0 37.402 31.332
12494.0 31.332 34.139
6823.0 34.139 41.005
4217.0 41.005 55.475
4176.0 55.475 66.571
4321.0 66.571 79.885
5203.0 79.885 79.236
7681.0 79.236 74.861
11619.0 74.861 65.771
16519.0 65.771 49.839
20375.0 49.839 35.571
19078.0 35.571 29.579
12733.0 29.579 31.988
6964.0 31.988 38.33
4176.0 38.33 51.945
4176.0 51.945 62.334
4237.0 62.334 74.801
5125.0 74.801 74.427
7449.0 74.427 70.95
11331.0 70.95 63.068
16287.0 63.068 48.378
20592.0 48.378 34.661
19794.0 34.661 28.015
13224.0 28.015 29.947
7120.0 29.947 35.724
4176.0 35.724 48.266
4188.0 48.266 57.919
4246.0 57.919 69.503
5020.0 69.503 69.448
7162.0 69.448 66.928
10906.0 66.928 60.302
15652.0 60.302 47.21
20048.0 47.21 33.182
20010.0 33.182 26.368
13888.0 26.368 27.541
7536.0 27.541 32.76
4176.0 32.76 44.588
4206.0 44.588 53.506
4307.0 53.506 64.207
5119.0 64.207 63.902
7439.0 63.902 60.939
11339.0 60.939 53.99
16265.0 53.99 41.224
20465.0 41.224 29.28
19517.0 29.28 23.896
13121.0 23.896 25.576
7015.0 25.576 30.751
4176.0 30.751 41.674
4176.0 41.674 50.008
4326.0 50.008 60.01
5250.0 60.01 59.41
7658.0 59.41 56.213
11750.0 56.213 49.038
16868.0 49.038 36.57
20840.0 36.57 26.348
19307.0 26.348 21.809
12555.0 21.809 23.79
6756.0 23.79 28.66
4227.0 28.66 38.71
4209.0 38.71 46.452
4381.0 46.452 55.743
5484.0 55.743 54.664
8129.0 54.664 50.82
12315.0 50.82 43.35
17337.0 43.35 31.614
20793.0 31.614 22.771
18447.0 22.771 19.541
11959.0 19.541 21.615
6583.0 21.615 26.181
4221.0 26.181 35.46
4185.0 35.46 42.552
4484.0 42.552 51.062
5642.0 51.062 49.751
8351.0 49.751 45.889
12249.0 45.889 39.436
16469.0 39.436 30.063
19143.0 30.063 22.212
17226.0 22.212 19.633
11674.0 19.633 21.562
6774.0 21.562 25.832
4272.0 25.832 35.177
4232.0 35.177 44.172
4351.0 44.172 53.007
5502.0 53.007 51.942
8169.0 51.942 48.216
12171.0 48.216 41.28
16973.0 41.28 30.417
20417.0 30.417 21.49
18315.0 21.49 18.323
12108.0 18.323 20.134
6717.0 20.134 24.545
4176.0 24.545 33.586
4231.0 33.586 42.186
4218.0 42.186 50.624
5194.0 50.624 50.231
7610.0 50.231 47.596
11306.0 47.596 41.819
16022.0 41.819 31.532
20274.0 31.532 21.454
19806.0 21.454 16.661
13791.0 16.661 17.434
7575.0 17.434 21.393
4283.0 21.393 30.001
4245.0 30.001 38.071
4176.0 38.071 45.685
4849.0 45.685 54.822
6853.0 54.822 50.758
10591.0 50.758 42.885
15087.0 42.885 33.177
19063.0 33.177 23.163
18995.0 23.163 18.199
13731.0 18.199 18.812
7959.0 18.812 22.718
4749.0 22.718 32.098
4176.0 32.098 40.968
4206.0 40.968 49.162
5008.0 49.162 49.146
7270.0 49.146 47.145
10501.0 47.145 42.584
14976.0 42.584 33.192
19668.0 33.192 22.189
20520.0 22.189 16.572
14952.0 16.572 16.547
8418.0 16.547 19.231
4704.0 19.231 26.308
4176.0 26.308 31.569
4258.0 31.569 37.883
5278.0 37.883 37.462
7234.0 37.462 38.009
9973.0 38.009 35.879
13339.0 35.879 30.953
16576.0 30.953 24.754
17624.0 24.754 20.411
14592.0 20.411 19.813
9636.0 19.813 22.024
6138.0 22.024 25.379
4331.0 25.379 33.649
4257.0 33.649 40.378
5114.0 40.378 40.194
7197.0 40.194 38.718
10011.0 38.718 36.247
13087.0 36.247 31.437
15934.0 31.437 25.602
16738.0 25.602 21.565
14239.0 21.565 20.871
10104.0 20.871 22.819
6824.0 22.819 26.07
5002.0 26.07 29.863
4354.0 29.863 38.973
4553.0 38.973 46.767
6101.0 46.767 44.707
8885.0 44.707 42.813
12629.0 42.813 36.714
16792.0 36.714 27.946
19176.0 27.946 20.918
16732.0 20.918 18.997
11146.0 18.997 21.099
6406.0 21.099 25.258
4176.0 25.258 34.073
4176.0 34.073 42.607
4394.0 42.607 51.128
5636.0 51.128 49.828
8345.0 49.828 45.969
12243.0 45.969 39.461
16614.0 39.461 29.839
19410.0 29.839 21.768
17439.0 21.768 19.14
11739.0 19.14 21.063
6804.0 21.063 25.263
4355.0 25.263 34.4
4176.0 34.4 43.154
4337.0 43.154 51.785
5396.0 51.785 50.965
8002.0 50.965 47.595
11845.0 47.595 41.243
16618.0 41.243 30.732
20218.0 30.732 21.475
18674.0 21.475 17.922
12578.0 17.922 19.42
7085.0 19.42 23.569
4176.0 23.569 32.437
4176.0 32.437 40.822
4256.0 40.822 48.986
5054.0 48.986 48.88
7286.0 48.88 46.881
10726.0 46.881 42.126
15298.0 42.126 32.703
19722.0 32.703 22.295
19932.0 22.295 17.059
14514.0 17.059 17.379
8148.0 17.379 21.053
4674.0 21.053 29.681
4176.0 29.681 37.677
4176.0 37.677 45.212
4792.0 45.212 54.255
6592.0 54.255 50.8
9923.0 50.8 46.729
14243.0 46.729 37.457
18827.0 37.457 26.099
20087.0 26.099 19.343
15446.0 19.343 18.919
9074.0 18.919 22.49
5000.0 22.49 27.717
4219.0 27.717 36.858
4176.0 36.858 44.23
4804.0 44.23 53.076
6558.0 53.076 49.768
10128.0 49.768 42.823
14436.0 42.823 33.865
18674.0 33.865 23.693
19487.0 23.693 17.842
14859.0 17.842 17.621
8711.0 17.621 21.057
5070.0 21.057 24.679
4246.0 24.679 32.123
4247.0 32.123 38.548
4833.0 38.548 46.257
6684.0 46.257 43.141
9778.0 43.141 40.512
13273.0 40.512 34.789
16257.0 34.789 28.16
16937.0 28.16 23.79
13949.0 23.79 23.387
9493.0 23.387 25.875
6298.0 25.875 29.647
4734.0 29.647 39.468
4228.0 39.468 47.362
5240.0 47.362 46.907
7628.0 46.907 44.434
11060.0 44.434 40.039
14970.0 40.039 32.434
18162.0 32.434 24.631
17770.0 24.631 20.833
13174.0 20.833 21.597
8125.0 21.597 24.99
5122.0 24.99 29.283
4176.0 29.283 38.34
4291.0 38.34 46.008
5183.0 46.008 45.671
7436.0 45.671 43.588
10644.0 43.588 39.651
14620.0 39.651 32.167
18067.0 32.167 24.078
18301.0 24.078 19.62
14031.0 19.62 19.851
8745.0 19.851 22.988
5364.0 22.988 27.252
4176.0 27.252 36.023
4215.0 36.023 43.227
5061.0 43.227 43.122
7047.0 43.122 41.773
10080.0 41.773 38.56
13924.0 38.56 31.773
17884.0 31.773 23.404
19016.0 23.404 18.097
15224.0 18.097 17.569
9590.0 17.569 20.268
5786.0 20.268 24.257
4235.0 24.257 32.419
4252.0 32.419 38.903
4872.0 38.903 46.683
6601.0 46.683 43.694
9685.0 43.694 40.68
13534.0 40.68 33.754
17428.0 33.754 25.182
18744.0 25.182 19.452
15524.0 19.452 18.47
10148.0 18.47 20.953
6105.0 20.953 25.099
4239.0 25.099 33.832
4222.0 33.832 42.431
4525.0 42.431 50.917
5996.0 50.917 48.888
8963.0 48.888 44.07
13035.0 44.07 36.692
17412.0 36.692 26.821
19504.0 26.821 19.65
16438.0 19.65 18.057
10459.0 18.057 20.611
6018.0 20.611 25.144
4176.0 25.144 34.088
4246.0 34.088 42.792
4419.0 42.792 51.35
5684.0 51.35 49.945
8512.0 49.945 45.768
12493.0 45.768 38.665
17285.0 38.665 27.962
20593.0 27.962 19.682
18067.0 19.682 16.868
11548.0 16.868 18.871
6352.0 18.871 23.333
4258.0 23.333 32.015
4176.0 32.015 40.345
4285.0 40.345 48.414
5188.0 48.414 48.05
7696.0 48.05 45.361
11168.0 45.361 40.045
16034.0 40.045 29.933
20612.0 29.933 20.134
20324.0 20.134 16.107
14073.0 16.107 16.705
7485.0 16.705 19.76
4176.0 19.76 26.68
4176.0 26.68 32.015
4300.0 32.015 38.419
5205.0 38.419 38.103
7257.0 38.103 38.555
9960.0 38.555 36.348
13494.0 36.348 31.057
17026.0 31.057 24.326
17950.0 24.326 19.934
14606.0 19.934 19.5
9461.0 19.5 21.878
5899.0 21.878 25.397
4247.0 25.397 33.57
4258.0 33.57 40.284
4947.0 40.284 48.341
6987.0 48.341 44.499
10269.0 44.499 41.084
13986.0 41.084 34.38
16977.0 34.38 27.225
17131.0 27.225 23.14
13379.0 23.14 23.422
8862.0 23.422 26.366
5826.0 26.366 30.436
4282.0 30.436 40.239
4303.0 40.239 48.287
5290.0 48.287 47.727
7708.0 47.727 45.082
11176.0 45.082 40.415
15160.0 40.415 32.483
18299.0 32.483 24.582
17731.0 24.582 20.883
12999.0 20.883 21.816
7899.0 21.816 25.404
4980.0 25.404 34.901
4217.0 34.901 43.9
4330.0 43.9 52.68
5458.0 52.68 51.715
8006.0 51.715 48.32
11952.0 48.32 41.92
16494.0 41.92 31.849
19803.0 31.849 22.82
18156.0 22.82 19.644
12004.0 19.644 21.615
6768.0 21.615 25.943
4176.0 25.943 35.184
4176.0 35.184 43.981
4272.0 43.981 52.777
5148.0 52.777 52.465
7512.0 52.465 49.894
11285.0 49.894 44.126
16090.0 44.126 33.618
20183.0 33.618 23.408
19424.0 23.408 18.94
13508.0 18.94 19.962
7494.0 19.962 24.045
4332.0 24.045 33.086
4176.0 33.086 41.545
4254.0 41.545 49.853
4863.0 49.853 59.824
6850.0 59.824 55.397
10693.0 55.397 49.669
15609.0 49.669 38.153
20045.0 38.153 26.192
19926.0 26.192 20.552
14158.0 20.552 21.229
7921.0 21.229 25.475
4517.0 25.475 35.303
4176.0 35.303 44.395
4236.0 44.395 53.274
4822.0 53.274 63.929
6644.0 63.929 59.725
10328.0 59.725 54.257
15098.0 54.257 42.407
19732.0 42.407 29.141
20160.0 29.141 22.524
14714.0 22.524 22.782
8282.0 22.782 27.286
4644.0 27.286 38.111
4176.0 38.111 48.067
4233.0 48.067 57.681
4814.0 57.681 69.217
6632.0 69.217 64.698
10170.0 64.698 59.133
14852.0 59.133 46.637
19514.0 46.637 32.203
20210.0 32.203 24.721
14894.0 24.721 24.826
8626.0 24.826 29.473
4826.0 29.473 41.354
4176.0 41.354 52.277
4224.0 52.277 62.732
4833.0 62.732 75.279
6595.0 75.279 70.476
10235.0 70.476 64.164
15086.0 64.164 50.028
19798.0 50.028 34.139
20386.0 34.139 26.352
14837.0 26.352 26.524
8449.0 26.524 31.701
4735.0 31.701 44.424
4176.0 44.424 56.13
4234.0 56.13 67.356
4756.0 67.356 80.827
6517.0 80.827 75.922
10129.0 75.922 69.423
14869.0 69.423 54.731
19642.0 54.731 37.604
20510.0 37.604 28.992
15190.0 28.992 28.772
8587.0 28.772 34.287
4753.0 34.287 48.094
4176.0 48.094 60.764
4237.0 60.764 72.917
4800.0 72.917 87.5
6522.0 87.5 82.173
10242.0 82.173 74.877
15060.0 74.877 58.741
20016.0 58.741 39.928
20744.0 39.928 31.182
14975.0 31.182 31.213
8423.0 31.213 37.195
4655.0 37.195 51.853
4176.0 51.853 65.269
4185.0 65.269 78.323
4716.0 78.323 93.988
6453.0 93.988 88.525
10204.0 88.525 80.83
15232.0 80.83 63.118
20272.0 63.118 43.335
21091.0 43.335 34.133
15233.0 34.133 33.815
8571.0 33.815 40.031
4728.0 40.031 55.69
4176.0 55.69 69.977
4193.0 69.977 83.972
4697.0 83.972 100.0
6297.0 100.0 94.812
9993.0 94.812 87.395
14888.0 87.395 69.556
20072.0 69.556 47.758
21406.0 47.758 37.801
15642.0 37.801 36.83
8881.0 36.83 43.15
4906.0 43.15 59.977
4176.0 59.977 75.294
4204.0 75.294 90.353
4652.0 90.353 100.0
6293.0 100.0 94.828
9485.0 94.828 89.589
13570.0 89.589 75.671
17916.0 75.671 56.93
19842.0 56.93 43.437
16242.0 43.437 41.126
10026.0 41.126 46.329
5777.0 46.329 57.059
4176.0 57.059 77.575
4176.0 77.575 97.582
4500.0 97.582 100.0
5990.0 100.0 96.04
8594.0 96.04 87.986
11825.0 87.986 77.149
15041.0 77.149 62.346
16967.0 62.346 49.636
15581.0 49.636 44.756
11533.0 44.756 47.577
7689.0 47.577 55.013
5445.0 55.013 64.17
4389.0 64.17 85.062
4195.0 85.062 100.0
5146.0 100.0 99.416
7582.0 99.416 94.264
11278.0 94.264 83.179
15851.0 83.179 63.658
19650.0 63.658 44.456
18882.0 44.456 36.112
12902.0 36.112 38.673
7162.0 38.673 46.991
4336.0 46.991 64.912
4176.0 64.912 81.845
4188.0 81.845 98.214
5089.0 98.214 97.864
7489.0 97.864 93.101
11009.0 93.101 83.153
15563.0 83.153 64.412
19564.0 64.412 45.039
19150.0 45.039 36.111
13413.0 36.111 38.074
7627.0 38.074 45.776
4428.0 45.776 63.462
4213.0 63.462 80.089
4231.0 80.089 96.107
5050.0 96.107 95.915
7309.0 95.915 91.9
10753.0 91.9 82.929
15128.0 82.929 65.561
19130.0 65.561 46.723
19250.0 46.723 37.035
14018.0 37.035 38.099
8114.0 38.099 45.223
4725.0 45.223 62.935
4225.0 62.935 79.446
4228.0 79.446 95.335
5028.0 95.335 95.228
7232.0 95.228 91.514
10680.0 91.514 82.864
15036.0 82.864 65.861
19139.0 65.861 46.986
19343.0 46.986 37.19
14112.0 37.19 38.169
8127.0 38.169 45.234
4822.0 45.234 62.828
4176.0 62.828 79.304
4176.0 79.304 95.165
5060.0 95.165 94.937
7264.0 94.937 91.143
10712.0 91.143 82.516
15068.0 82.516 65.681
19124.0 65.681 47.153
19328.0 47.153 37.468
14192.0 37.468 38.318
8192.0 38.318 45.201
4788.0 45.201 62.623
4176.0 62.623 78.911
4210.0 78.911 94.694
5054.0 94.694 94.489
7205.0 94.489 90.931
10580.0 90.931 82.799
14868.0 82.799 66.507
18960.0 66.507 48.013
19398.0 48.013 37.909
14505.0 37.909 38.33
8505.0 38.33 44.865
4965.0 44.865 62.37
4176.0 62.37 78.533
4242.0 78.533 94.24
5002.0 94.24 94.233
7069.0 94.233 91.147
10449.0 91.147 83.69
14745.0 83.69 67.891
19013.0 67.891 49.218
19741.0 49.218 38.572
14773.0 38.572 38.791
8533.0 38.791 45.205
4893.0 45.205 62.406
4176.0 62.406 78.258
4200.0 78.258 93.91
4876.0 93.91 100.0
6785.0 100.0 92.86
10397.0 92.86 85.218
14825.0 85.218 69.231
18791.0 69.231 51.325
19117.0 51.325 41.505
14293.0 41.505 41.98
8448.0 41.98 48.318
5013.0 48.318 56.587
4242.0 56.587 73.632
4176.0 73.632 92.05
4607.0 92.05 100.0
6182.0 100.0 95.272
9290.0 95.272 84.813
13402.0 84.813 69.542
17494.0 69.542 50.74
18933.0 50.74 38.268
15131.0 38.268 36.777
9359.0 36.777 42.833
5598.0 42.833 52.157
4193.0 52.157 70.161
4176.0 70.161 87.94
4602.0 87.94 100.0
6210.0 100.0 95.16
9738.0 95.16 83.035
14670.0 83.035 64.44
19580.0 64.44 42.999
20510.0 42.999 32.225
14714.0 32.225 32.585
7928.0 32.585 40.071
4351.0 40.071 56.734
4176.0 56.734 72.185
4196.0 72.185 86.622
4869.0 86.622 100.0
6726.0 100.0 93.096
10338.0 93.096 84.233
14940.0 84.233 65.613
19596.0 65.613 44.422
20128.0 44.422 33.531
14436.0 33.531 34.273
7858.0 34.273 41.916
4438.0 41.916 59.079
4194.0 59.079 74.999
4240.0 74.999 89.999
4856.0 89.999 100.0
6815.0 100.0 92.74
10343.0 92.74 84.178
14585.0 84.178 67.141
18717.0 67.141 47.882
19287.0 47.882 37.142
14375.0 37.142 37.539
8415.0 37.539 44.611
4989.0 44.611 62.826
4183.0 62.826 79.843
4228.0 79.843 95.811
5131.0 95.811 95.309
7499.0 95.309 90.672
10935.0 90.672 81.024
15333.0 81.024 63.144
19261.0 63.144 44.411
19044.0 44.411 35.323
13462.0 35.323 36.993
7735.0 36.993 44.501
4603.0 44.501 62.101
4176.0 62.101 78.589
4245.0 78.589 94.307
5089.0 94.307 93.971
7403.0 93.971 89.721
11015.0 89.721 80.037
15463.0 80.037 62.327
19411.0 62.327 43.905
19123.0 43.905 35.154
13615.0 35.154 36.729
7747.0 36.729 44.035
4547.0 44.035 61.154
4176.0 61.154 77.158
4260.0 77.158 92.59
5024.0 92.59 92.501
7236.0 92.501 88.875
10624.0 88.875 80.711
14852.0 80.711 64.661
18964.0 64.661 46.399
19472.0 46.399 36.319
14446.0 36.319 36.843
8398.0 36.843 43.443
4881.0 43.443 60.559
4176.0 60.559 76.468
4205.0 76.468 91.761
5039.0 91.761 91.618
7119.0 91.618 88.469
10443.0 88.469 80.802
14693.0 80.802 65.064
18909.0 65.064 46.723
19602.0 46.723 36.296
14682.0 36.296 36.542
8570.0 36.542 42.964
4916.0 42.964 59.997
4176.0 59.997 75.803
4204.0 75.803 90.963
4942.0 90.963 100.0
7030.0 100.0 91.88
10894.0 91.88 82.162
15598.0 82.162 63.816
19732.0 63.816 44.896
19336.0 44.896 36.21
13412.0 36.21 38.263
7542.0 38.263 45.611
4378.0 45.611 62.512
4176.0 62.512 78.354
4242.0 78.354 94.025
5002.0 94.025 94.018
7153.0 94.018 90.623
10528.0 90.623 82.735
14878.0 82.735 66.491
18970.0 66.491 48.168
19324.0 48.168 38.271
14431.0 38.271 38.741
8479.0 38.741 45.224
5017.0 45.224 53.627
4255.0 53.627 70.169
4187.0 70.169 84.202
4607.0 84.202 100.0
6123.0 100.0 95.508
9567.0 95.508 89.417
14255.0 89.417 72.793
19539.0 72.793 50.568
21523.0 50.568 39.549
16528.0 39.549 37.132
9742.0 37.132 42.735
5357.0 42.735 50.873
4192.0 50.873 66.764
4249.0 66.764 80.117
4333.0 80.117 96.141
5383.0 96.141 94.668
8053.0 94.668 93.08
11714.0 93.08 82.585
16556.0 82.585 63.202
20594.0 63.202 45.742
19467.0 45.742 37.569
13067.0 37.569 40.241
7075.0 40.241 47.789
4176.0 47.789 64.409
4176.0 64.409 77.291
4176.0 77.291 92.75
4881.0 92.75 100.0
6771.0 100.0 92.916
10635.0 92.916 78.264
15465.0 78.264 59.221
19438.0 59.221 40.58
18800.0 40.58 32.424
12724.0 32.424 34.82
7040.0 34.82 42.889
4176.0 42.889 59.797
4176.0 59.797 75.799
4176.0 75.799 90.959
5166.0 90.959 90.355
7566.0 90.355 85.749
11112.0 85.749 75.778
15732.0 75.778 57.568
19710.0 57.568 39.29
19152.0 39.29 31.08
12990.0 31.08 33.27
7122.0 33.27 41.051
4176.0 41.051 57.322
4176.0 57.322 72.61
4215.0 72.61 87.133
5047.0 87.133 86.969
7267.0 86.969 83.472
10492.0 83.472 75.699
14772.0 75.699 60.03
18882.0 60.03 42.393
19386.0 42.393 32.653
14332.0 32.653 33.08
8368.0 33.08 39.503
4909.0 39.503 55.811
4210.0 55.811 71.09
4246.0 71.09 85.308
5038.0 85.308 85.178
7213.0 85.178 81.93
10486.0 81.93 74.369
14764.0 74.369 59.106
18861.0 59.106 41.886
19463.0 41.886 32.223
14498.0 32.223 32.527
8478.0 32.527 38.754
4887.0 38.754 54.751
4176.0 54.751 69.628
4243.0 69.628 83.554
5011.0 83.554 83.517
7185.0 83.517 80.403
10413.0 80.403 73.142
14613.0 73.142 58.459
18793.0 58.459 41.404
19501.0 41.404 31.703
14617.0 31.703 31.827
8555.0 31.827 37.9
4934.0 37.9 53.657
4176.0 53.657 68.39
4240.0 68.39 82.068
4975.0 82.068 98.482
7117.0 98.482 90.142
11485.0 90.142 78.071
17173.0 78.071 55.434
22069.0 55.434 38.897
20373.0 38.897 30.634
13583.0 30.634 32.37
7141.0 32.37 40.01
4176.0 40.01 55.448
4176.0 55.448 69.812
4192.0 69.812 83.774
4829.0 83.774 100.0
6649.0 100.0 93.404
10429.0 93.404 84.307
15277.0 84.307 65.1
20137.0 65.1 43.879
20716.0 43.879 33.869
14764.0 33.869 34.188
8140.0 34.188 41.394
4525.0 41.394 58.042
4227.0 58.042 73.389
4244.0 73.389 88.066
4777.0 88.066 100.0
6652.0 100.0 93.392
10180.0 93.392 85.343
14620.0 85.343 68.047
19072.0 68.047 47.855
19800.0 47.855 36.596
14696.0 36.596 36.892
8544.0 36.892 43.745
4836.0 43.745 61.414
4176.0 61.414 77.722
4207.0 77.722 93.267
4951.0 93.267 100.0
6967.0 100.0 92.132
10495.0 92.132 83.697
14639.0 83.697 67.514
18503.0 67.514 49.454
18694.0 49.454 39.811
14022.0 39.811 40.439
8470.0 40.439 47.186
5234.0 47.186 55.929
4176.0 55.929 73.7
4197.0 73.7 88.44
4776.0 88.44 100.0
6567.0 100.0 93.732
10095.0 93.732 86.091
14625.0 86.091 69.022
19077.0 69.022 49.001
19999.0 49.001 37.458
14995.0 37.458 37.465
8656.0 37.465 44.149
4921.0 44.149 61.731
4176.0 61.731 77.868
4236.0 77.868 93.442
4872.0 93.442 100.0
6810.0 100.0 92.76
10254.0 92.76 85.101
14335.0 85.101 69.638
18124.0 69.638 52.028
18790.0 52.028 41.563
14614.0 41.563 41.274
9070.0 41.274 47.28
5518.0 47.28 55.684
4176.0 55.684 73.457
4176.0 73.457 88.149
4625.0 88.149 100.0
6270.0 100.0 94.92
9630.0 94.92 88.756
14041.0 88.756 72.987
18713.0 72.987 52.66
20464.0 52.66 40.278
16196.0 40.278 38.352
9638.0 38.352 44.108
5418.0 44.108 52.41
4176.0 52.41 68.868
4183.0 68.868 82.642
4396.0 82.642 99.17
5536.0 99.17 97.044
8326.0 97.044 94.725
12238.0 94.725 82.826
17260.0 82.826 62.166
21241.0 62.166 46.102
19315.0 46.102 38.145
12685.0 38.145 41.254
6839.0 41.254 48.895
4176.0 48.895 65.475
4176.0 65.475 78.569
4198.0 78.569 94.283
4958.0 94.283 100.0
6946.0 100.0 92.216
10726.0 92.216 83.777
15276.0 83.777 67.232
19380.0 67.232 49.057
19368.0 49.057 39.855
13792.0 39.855 41.279
7762.0 41.279 50.406
4510.0 50.406 71.322
4184.0 71.322 91.06
4226.0 91.06 100.0
5286.0 100.0 98.856
7386.0 98.856 94.647
10239.0 94.647 86.989
13775.0 86.989 72.109
17124.0 72.109 54.873
17733.0 54.873 44.194
14181.0 44.194 43.449
9180.0 43.449 49.866
5916.0 49.866 59.297
4200.0 59.297 79.775
4194.0 79.775 100.0
4785.0 100.0 100.0
6801.0 100.0 92.796
9741.0 92.796 86.273
13017.0 86.273 73.444
16386.0 73.444 57.28
17413.0 57.28 46.18
14704.0 46.18 44.047
10126.0 44.047 48.933
6616.0 48.933 57.318
4780.0 57.318 77.766
4253.0 77.766 97.985
4721.0 97.985 100.0
6627.0 100.0 93.492
9567.0 93.492 87.611
13125.0 87.611 74.252
16689.0 74.252 57.341
18025.0 57.341 45.335
15232.0 45.335 42.851
10312.0 42.851 47.667
6507.0 47.667 56.067
4578.0 56.067 75.736
4176.0 75.736 95.074
4578.0 95.074 100.0
6298.0 100.0 94.808
9154.0 94.808 90.092
12587.0 90.092 77.915
16403.0 77.915 60.637
18467.0 60.637 46.792
16276.0 46.792 42.65
11068.0 42.65 46.756
6952.0 46.756 54.599
4720.0 54.599 74.039
4224.0 74.039 92.935
4446.0 92.935 100.0
5910.0 100.0 96.36
8514.0 96.36 93.458
11832.0 93.458 82.711
15744.0 82.711 65.519
18498.0 65.519 49.687
17326.0 49.687 43.115
12418.0 43.115 45.64
7666.0 45.64 53.056
4936.0 53.056 72.757
4176.0 72.757 91.519
4368.0 91.519 100.0
5580.0 100.0 97.68
7848.0 97.68 96.905
10856.0 96.905 88.522
14681.0 88.522 72.483
18184.0 72.483 54.58
18368.0 54.58 44.699
14000.0 44.699 45.139
8720.0 45.139 51.794
5475.0 51.794 60.713
4176.0 60.713 80.005
4176.0 80.005 96.006
4764.0 96.006 100.0
6531.0 100.0 93.876
9639.0 93.876 88.231
13378.0 88.231 74.959
17035.0 74.959 58.273
18379.0 58.273 46.522
15403.0 46.522 44.238
10169.0 44.238 49.1
6377.0 49.1 56.91
4377.0 56.91 75.959
4200.0 75.959 91.151
4605.0 91.151 100.0
6129.0 100.0 95.484
9237.0 95.484 90.841
13185.0 90.841 77.648
17745.0 77.648 58.317
20085.0 58.317 43.856
16809.0 43.856 40.672
10413.0 40.672 45.648
5904.0 45.648 53.638
4176.0 53.638 73.118
4187.0 73.118 92.112
4351.0 92.112 100.0
5611.0 100.0 97.556
8047.0 97.556 91.14
11387.0 91.14 80.477
15183.0 80.477 63.618
17975.0 63.618 47.721
17027.0 47.721 40.762
12290.0 40.762 43.16
7598.0 43.16 51.116
5033.0 51.116 60.895
4176.0 60.895 80.532
4212.0 80.532 96.639
5240.0 96.639 95.711
7829.0 95.711 89.896
11589.0 89.896 78.216
16344.0 78.216 58.334
20172.0 58.334 40.019
18852.0 40.019 32.66
12378.0 32.66 35.711
6798.0 35.711 44.006
4176.0 44.006 60.849
4176.0 60.849 76.754
4206.0 76.754 92.105
5124.0 92.105 91.648
7413.0 91.648 87.498
10797.0 87.498 78.545
15153.0 78.545 61.566
19195.0 61.566 43.187
19114.0 43.187 34.104
13669.0 34.104 35.451
7901.0 35.451 42.624
4597.0 42.624 59.723
4234.0 59.723 75.734
4230.0 75.734 90.88
5109.0 90.88 90.484
7517.0 90.484 85.997
10988.0 85.997 76.677
15454.0 76.677 59.331
19432.0 59.331 41.318
19130.0 41.318 32.79
13478.0 32.79 34.416
7669.0 34.416 41.62
4449.0 41.62 58.09
4176.0 58.09 73.605
4199.0 73.605 88.327
5105.0 88.327 87.956
7367.0 87.956 84.118
10643.0 84.118 76.028
14979.0 76.028 60.059
18978.0 60.059 42.622
19258.0 42.622 33.378
14134.0 33.378 34.127
8282.0 34.127 40.611
4840.0 40.611 57.027
4176.0 57.027 72.394
4196.0 72.394 86.873
5112.0 86.873 86.484
7363.0 86.484 82.73
10743.0 82.73 74.45
15135.0 74.45 58.384
19145.0 58.384 41.155
19229.0 41.155 32.336
13987.0 32.336 33.283
8125.0 33.283 39.802
4648.0 39.802 55.8
4176.0 55.8 70.783
4177.0 70.783 84.94
5017.0 84.94 84.882
7276.0 84.882 81.413
10618.0 81.413 73.565
15026.0 73.565 57.969
19214.0 57.969 40.653
19417.0 40.653 31.736
14155.0 31.736 32.566
8107.0 32.566 39.03
4691.0 39.03 54.712
4176.0 54.712 69.35
4176.0 69.35 83.22
4981.0 83.22 99.864
7155.0 99.864 91.256
11607.0 91.256 78.782
17311.0 78.782 55.862
22069.0 55.862 39.568
20200.0 39.568 31.368
13321.0 31.368 33.474
7011.0 33.474 41.256
4176.0 41.256 56.904
4176.0 56.904 71.439
4216.0 71.439 85.727
4840.0 85.727 100.0
6660.0 100.0 93.36
10356.0 93.36 84.673
15120.0 84.673 66.13
19881.0 66.13 45.018
20438.0 45.018 34.799
14652.0 34.799 35.283
8122.0 35.283 42.434
4616.0 42.434 59.196
4225.0 59.196 74.622
4245.0 74.622 89.547
4823.0 89.547 100.0
6655.0 100.0 93.38
10183.0 93.38 85.614
14539.0 85.614 69.039
18837.0 69.039 49.625
19583.0 49.625 38.561
14815.0 38.561 38.579
8659.0 38.579 45.255
5063.0 45.255 54.041
4176.0 54.041 70.934
4176.0 70.934 85.12
4596.0 85.12 100.0
6159.0 100.0 95.364
9435.0 95.364 89.53
13791.0 89.53 73.805
18705.0 73.805 52.479
20727.0 52.479 39.766
16559.0 39.766 37.287
9891.0 37.287 43.038
5575.0 43.038 51.494
4176.0 51.494 68.08
4176.0 68.08 81.696
4412.0 81.696 98.035
5527.0 98.035 95.969
8253.0 95.969 93.626
11993.0 93.626 81.989
16817.0 81.989 61.872
20505.0 61.872 44.669
18953.0 44.669 37.462
12548.0 37.462 40.714
6920.0 40.714 48.572
4195.0 48.572 65.63
4176.0 65.63 78.755
4209.0 78.755 94.507
5053.0 94.507 94.306
7288.0 94.306 90.441
10910.0 90.441 81.769
15476.0 81.769 64.8
19831.0 64.8 45.973
19849.0 45.973 36.667
13930.0 36.667 38.181
7712.0 38.181 45.029
4429.0 45.029 61.318
4191.0 61.318 73.581
4176.0 73.581 88.298
4914.0 88.298 100.0
6778.0 100.0 92.888
10894.0 92.888 77.285
16378.0 77.285 55.872
20919.0 55.872 37.718
19586.0 37.718 29.512
12898.0 29.512 31.871
6630.0 31.871 40.099
4176.0 40.099 55.822
4176.0 55.822 70.578
4240.0 70.578 84.694
4912.0 84.694 100.0
7018.0 100.0 91.928
11806.0 91.928 73.353
18288.0 73.353 48.288
23240.0 48.288 33.988
20000.0 33.988 26.684
12512.0 26.684 29.34
6172.0 29.34 37.42
4258.0 37.42 51.763
4176.0 51.763 65.211
4176.0 65.211 78.253
4791.0 78.253 93.903
6528.0 93.903 88.164
10778.0 88.164 73.543
16748.0 73.543 52.037
22082.0 52.037 35.505
21056.0 35.505 27.493
14243.0 27.493 28.326
7542.0 28.326 35.145
4248.0 35.145 49.489
4176.0 49.489 62.78
4176.0 62.78 75.336
4760.0 75.336 90.404
6412.0 90.404 85.298
10411.0 85.298 72.305
16129.0 72.305 52.549
21645.0 52.549 35.336
21473.0 35.336 27.14
14999.0 27.14 27.141
7992.0 27.141 33.391
4274.0 33.391 47.429
4176.0 47.429 60.445
4176.0 60.445 72.534
4739.0 72.534 87.04
6367.0 87.04 82.281
10297.0 82.281 70.086
15787.0 70.086 51.88
21115.0 51.88 34.753
21229.0 34.753 26.712
14965.0 26.712 26.749
8113.0 26.749 32.771
4375.0 32.771 46.439
4176.0 46.439 59.078
4209.0 59.078 70.893
4752.0 70.893 85.072
6460.0 85.072 80.103
10510.0 80.103 67.623
16285.0 67.623 48.838
21841.0 48.838 32.966
21501.0 32.966 25.405
14949.0 25.405 25.457
8077.0 25.457 31.221
4254.0 31.221 44.327
4240.0 44.327 56.455
4176.0 56.455 67.746
4735.0 67.746 81.296
6367.0 81.296 76.85
10313.0 76.85 65.411
15918.0 65.411 47.983
21426.0 47.983 32.071
21542.0 32.071 24.579
15180.0 24.579 24.402
8229.0 24.402 29.834
4461.0 29.834 42.497
4176.0 42.497 54.264
4199.0 54.264 65.117
4740.0 65.117 78.141
6351.0 78.141 73.918
10311.0 73.918 62.909
15813.0 62.909 46.338
21371.0 46.338 30.829
21735.0 30.829 23.544
15439.0 23.544 23.131
8423.0 23.131 28.161
4367.0 28.161 40.318
4176.0 40.318 51.625
4248.0 51.625 61.95
4719.0 61.95 74.34
6343.0 74.34 70.347
10234.0 70.347 60.081
15706.0 60.081 44.405
21306.0 44.405 29.423
21844.0 29.423 22.358
15453.0 22.358 21.953
8648.0 21.953 26.533
4604.0 26.533 38.159
4233.0 38.159 48.946
4200.0 48.946 58.736
4688.0 58.736 70.483
6353.0 70.483 66.668
10259.0 66.668 56.879
15803.0 56.879 41.739
21387.0 41.739 27.599
21899.0 27.599 20.924
15575.0 20.924 20.443
8594.0 20.443 24.777
4625.0 24.777 35.702
4184.0 35.702 45.903
4176.0 45.903 55.084
4664.0 55.084 66.101
6221.0 66.101 62.873
9994.0 62.873 54.224
15232.0 54.224 40.91
20887.0 40.91 26.776
22051.0 26.776 20.219
16066.0 20.219 19.357
9043.0 19.357 23.208
4843.0 23.208 33.608
4176.0 33.608 43.32
4177.0 43.32 51.983
4688.0 51.983 62.38
6206.0 62.38 59.371
9992.0 59.371 54.882
15198.0 54.882 43.422
20562.0 43.422 30.576
21250.0 30.576 24.46
14866.0 24.46 24.592
7834.0 24.592 29.1
4229.0 29.1 41.526
4176.0 41.526 53.112
4176.0 53.112 63.734
4755.0 63.734 76.481
6507.0 76.481 71.871
10575.0 71.871 65.15
16224.0 65.15 49.648
21642.0 49.648 35.923
21386.0 35.923 28.738
14634.0 28.738 29.159
7880.0 29.159 34.382
4176.0 34.382 46.677
4176.0 46.677 56.012
4179.0 56.012 67.215
4767.0 67.215 80.658
6528.0 80.658 75.728
10644.0 75.728 68.43
16284.0 68.43 52.002
21765.0 52.002 37.692
21567.0 37.692 30.153
14791.0 30.153 30.405
8015.0 30.405 35.793
4350.0 35.793 48.681
4214.0 48.681 58.417
4245.0 58.417 70.1
4797.0 70.1 84.121
6465.0 84.121 79.191
10549.0 79.191 71.826
16161.0 71.826 54.87
21570.0 54.87 39.619
21585.0 39.619 31.695
14979.0 31.695 31.722
8133.0 31.722 37.293
4339.0 37.293 53.37
4176.0 53.37 68.39
4256.0 68.39 82.067
4823.0 82.067 98.481
6731.0 98.481 91.662
11103.0 91.662 81.515
16939.0 81.515 60.578
22456.0 60.578 44.691
21610.0 44.691 35.753
14827.0 35.753 36.001
8023.0 36.001 42.395
4285.0 42.395 60.562
4176.0 60.562 77.607
4184.0 77.607 93.129
4860.0 93.129 100.0
6720.0 100.0 93.12
10332.0 93.12 79.517
14850.0 79.517 61.831
18636.0 61.831 43.844
18432.0 43.844 35.087
13272.0 35.087 36.522
7728.0 36.522 44.038
4662.0 44.038 61.91
4176.0 61.91 78.885
4240.0 78.885 94.662
5252.0 94.662 93.708
7892.0 93.708 87.789
11648.0 87.789 76.231
16400.0 76.231 56.648
20312.0 56.648 38.867
18883.0 38.867 31.673
12387.0 31.673 34.63
6689.0 34.63 42.87
4176.0 42.87 59.279
4236.0 59.279 74.762
4228.0 74.762 89.714
5096.0 89.714 89.369
7402.0 89.369 85.337
10812.0 85.337 76.482
15306.0 76.482 59.364
19310.0 59.364 41.411
19234.0 41.411 32.538
13630.0 32.538 33.941
7715.0 33.941 41.101
4483.0 41.101 57.538
4236.0 57.538 72.99
4232.0 72.99 87.588
5101.0 87.588 87.235
7393.0 87.235 83.334
10825.0 83.334 74.635
15289.0 74.635 58.027
19325.0 58.027 40.446
19215.0 40.446 31.837
13647.0 31.837 33.195
7763.0 33.195 40.146
4509.0 40.146 56.213
4176.0 56.213 71.323
4194.0 71.323 85.587
5070.0 85.587 85.348
7366.0 85.348 81.597
10754.0 81.597 73.258
15227.0 73.258 57.039
19336.0 57.039 39.663
19352.0 39.663 30.974
13792.0 30.974 32.167
7900.0 32.167 38.809
4566.0 38.809 54.459
4176.0 54.459 69.117
4219.0 69.117 82.94
4989.0 82.94 99.528
7247.0 99.528 90.582
11783.0 90.582 77.432
17528.0 77.432 54.03
22239.0 54.03 38.088
20091.0 38.088 29.977
13168.0 29.977 32.173
6933.0 32.173 39.946
4176.0 39.946 55.316
4176.0 55.316 69.704
4238.0 69.704 83.645
4838.0 83.645 100.0
6658.0 100.0 93.368
10438.0 93.368 84.173
15370.0 84.173 64.551
20298.0 64.551 43.396
20720.0 43.396 33.409
14746.0 33.409 33.748
8026.0 33.748 41.15
4396.0 41.15 57.866
4176.0 57.866 73.311
4199.0 73.311 87.973
4824.0 87.973 100.0
6564.0 100.0 93.744
10008.0 93.744 86.082
14376.0 86.082 69.05
18786.0 69.05 48.825
19822.0 48.825 36.861
15047.0 36.861 36.561
8837.0 36.561 43.201
4952.0 43.201 61.159
4176.0 61.159 77.817
4176.0 77.817 93.381
4920.0 93.381 100.0
6942.0 100.0 92.232
10470.0 92.232 83.638
14698.0 83.638 66.916
18432.0 66.916 48.981
18558.0 48.981 39.452
13926.0 39.452 40.135
8454.0 40.135 46.951
5136.0 46.951 56.035
4217.0 56.035 73.949
4176.0 73.949 88.739
4830.0 88.739 100.0
6705.0 100.0 93.18
10317.0 93.18 84.819
14919.0 84.819 67.021
19458.0 67.021 46.657
19920.0 46.657 35.984
14445.0 35.984 36.754
8253.0 36.754 43.715
4652.0 43.715 60.906
4258.0 60.906 76.782
4176.0 76.782 92.138
4868.0 92.138 100.0
6758.0 100.0 92.968
10286.0 92.968 85.081
14636.0 85.081 68.599
18716.0 68.599 49.939
19217.0 49.939 39.55
14399.0 39.55 39.977
8651.0 39.977 46.46
5124.0 46.46 55.177
4176.0 55.177 72.429
4191.0 72.429 86.915
4689.0 86.915 100.0
6320.0 100.0 94.72
9680.0 94.72 88.29
14091.0 88.29 72.112
18836.0 72.112 51.32
20411.0 51.32 39.029
15955.0 39.029 37.538
9463.0 37.538 43.534
5248.0 43.534 52.231
4176.0 52.231 68.77
4190.0 68.77 82.524
4480.0 82.524 99.029
5788.0 99.029 95.907
8743.0 95.907 92.093
12795.0 92.093 78.496
17772.0 78.496 57.353
20903.0 57.353 42.397
18026.0 42.397 37.265
11341.0 37.265 41.764
6199.0 41.764 50.114
4176.0 50.114 66.995
4176.0 66.995 80.394
4344.0 80.394 96.473
5310.0 96.473 95.276
7896.0 95.276 89.299
12072.0 89.299 77.262
16998.0 77.262 57.716
20658.0 57.716 41.785
18658.0 41.785 35.595
12136.0 35.595 39.126
6616.0 39.126 46.884
4176.0 46.884 63.134
4176.0 63.134 75.761
4323.0 75.761 90.914
5202.0 90.914 90.179
7602.0 90.179 85.484
11568.0 85.484 75.316
16370.0 75.316 57.6
20318.0 57.6 41.156
19114.0 41.156 34.186
12780.0 34.186 36.905
6992.0 36.905 44.092
4176.0 44.092 59.69
4188.0 59.69 71.628
4254.0 71.628 85.954
5133.0 85.954 85.496
7331.0 85.496 81.913
11153.0 81.913 73.38
15802.0 73.38 57.515
20008.0 57.515 40.773
19600.0 40.773 33.092
13459.0 33.092 34.999
7336.0 34.999 41.541
4233.0 41.541 56.236
4176.0 56.236 67.484
4194.0 67.484 80.981
4900.0 80.981 97.177
6964.0 97.177 89.542
11674.0 89.542 78.009
18068.0 78.009 55.342
23612.0 55.342 42.071
21236.0 42.071 33.657
14032.0 33.657 34.96
7368.0 34.96 43.546
4176.0 43.546 61.649
4176.0 61.649 78.568
4230.0 78.568 94.282
4906.0 94.282 100.0
6810.0 100.0 92.76
10002.0 92.76 85.169
13600.0 85.169 70.472
17074.0 70.472 53.31
18082.0 53.31 41.936
14528.0 41.936 40.798
9347.0 40.798 46.898
5789.0 46.898 56.406
4176.0 56.406 75.954
4207.0 75.954 95.391
4716.0 95.391 100.0
6684.0 100.0 93.264
10296.0 93.264 79.741
14898.0 79.741 62.073
18804.0 62.073 43.874
18632.0 43.874 35.038
13340.0 35.038 36.539
7740.0 36.539 43.968
4590.0 43.968 61.605
4176.0 61.605 78.312
4235.0 78.312 93.974
5247.0 93.974 93.046
7808.0 93.046 87.477
11570.0 87.477 76.165
16334.0 76.165 56.773
20272.0 56.773 38.892
18980.0 38.892 31.524
12484.0 31.524 34.375
6823.0 34.375 42.422
4176.0 42.422 58.682
4176.0 58.682 74.102
4176.0 74.102 88.922
4998.0 88.922 100.0
7187.0 100.0 91.252
11303.0 91.252 79.831
16283.0 79.831 59.402
20567.0 59.402 40.911
19465.0 40.911 32.62
13083.0 32.62 34.947
7065.0 34.947 42.895
4176.0 42.895 59.262
4176.0 59.262 74.684
4176.0 74.684 89.621
4951.0 89.621 100.0
6941.0 100.0 92.236
10721.0 92.236 82.804
15355.0 82.804 64.499
19525.0 64.499 45.191
19467.0 45.191 35.757
13881.0 35.757 37.166
7853.0 37.166 44.463
4528.0 44.463 61.58
4176.0 61.58 77.517
4185.0 77.517 93.021
4929.0 93.021 100.0
6951.0 100.0 92.196
10647.0 92.196 83.442
15036.0 83.442 66.634
18887.0 66.634 48.729
18971.0 48.729 39.4
13885.0 39.4 40.488
8207.0 40.488 47.269
4927.0 47.269 65.27
4176.0 65.27 82.105
4209.0 82.105 98.526
5049.0 98.526 98.333
7341.0 98.333 94.09
11034.0 94.09 84.544
15706.0 84.544 66.165
19873.0 66.165 46.817
19674.0 46.817 37.603
13650.0 37.603 39.511
7630.0 39.511 46.702
4414.0 46.702 63.682
4176.0 63.682 76.419
4188.0 76.419 91.703
4938.0 91.703 100.0
6942.0 100.0 92.232
10890.0 92.232 82.933
15762.0 82.933 64.799
20065.0 64.799 45.94
19571.0 45.94 37.366
13514.0 37.366 39.402
7346.0 39.402 46.666
4224.0 46.666 63.156
4176.0 63.156 75.787
4197.0 75.787 90.944
4935.0 90.944 100.0
6855.0 100.0 92.58
10887.0 92.58 83.423
15843.0 83.423 65.282
20314.0 65.282 46.748
20008.0 46.748 37.399
13792.0 37.399 39.206
7402.0 39.206 46.259
4176.0 46.259 62.408
4176.0 62.408 79.509
4176.0 79.509 95.411
4892.0 95.411 100.0
6852.0 100.0 92.592
10548.0 92.592 78.388
14944.0 78.388 61.015
18528.0 61.015 43.763
18042.0 43.763 35.737
12836.0 35.737 37.635
7584.0 37.635 45.209
4672.0 45.209 63.24
4176.0 63.24 80.471
4281.0 80.471 96.565
5457.0 96.565 94.8
8292.0 94.8 87.49
12442.0 87.49 73.741
17434.0 73.741 52.707
20824.0 52.707 37.168
18008.0 37.168 31.961
11272.0 31.961 36.091
6136.0 36.091 44.726
4176.0 44.726 61.102
4185.0 61.102 76.689
4217.0 76.689 92.026
5219.0 92.026 91.22
7753.0 91.22 85.936
11525.0 85.936 75.085
16257.0 75.085 56.365
20065.0 56.365 38.772
18934.0 38.772 31.62
12522.0 31.62 34.417
6945.0 34.417 42.128
4176.0 42.128 58.109
4210.0 58.109 73.154
4199.0 73.154 87.785
5068.0 87.785 87.546
7288.0 87.546 83.971
10660.0 83.971 75.877
14996.0 75.877 60.012
19136.0 60.012 42.405
19360.0 42.405 33.247
14138.0 33.247 34.1
8230.0 34.1 40.573
4788.0 40.573 56.79
4179.0 56.79 71.871
4176.0 71.871 86.246
5004.0 86.246 86.232
7184.0 86.232 83.014
10577.0 83.014 75.206
14924.0 75.206 59.693
18984.0 59.693 42.529
19353.0 42.529 33.293
14313.0 33.293 33.894
8376.0 33.894 40.174
4866.0 40.174 56.273
4243.0 56.273 71.223
4230.0 71.223 85.467
5022.0 85.467 85.392
7234.0 85.392 82.05
10566.0 82.05 74.433
14910.0 74.433 59.095
18978.0 59.095 42.132
19354.0 42.132 33.004
14318.0 33.004 33.597
8351.0 33.597 39.843
4857.0 39.843 55.756
4176.0 55.756 70.602
4188.0 70.602 84.722
5028.0 84.722 84.627
7203.0 84.627 81.425
10560.0 81.425 73.897
14903.0 73.897 58.745
18953.0 58.745 41.975
19338.0 41.975 32.9
14289.0 32.9 33.503
8437.0 33.503 39.572
4993.0 39.572 55.406
4191.0 55.406 70.154
4239.0 70.154 84.185
5043.0 84.185 84.04
7251.0 84.04 80.712
10619.0 80.712 73.07
15027.0 73.07 57.746
19198.0 57.746 40.741
19414.0 40.741 31.949
14236.0 31.949 32.712
8212.0 32.712 38.977
4828.0 38.977 54.431
4231.0 54.431 68.844
4228.0 68.844 82.613
4998.0 82.613 99.136
7056.0 99.136 90.983
11508.0 90.983 78.972
17220.0 78.972 56.528
22118.0 56.528 40.309
20497.0 40.309 32.168
13498.0 32.168 34.1
7182.0 34.1 41.647
4176.0 41.647 57.238
4176.0 57.238 71.723
4176.0 71.723 86.067
4752.0 86.067 100.0
6502.0 100.0 93.992
10114.0 93.992 86.168
14920.0 86.168 68.087
19666.0 68.087 47.139
20530.0 47.139 36.583
15065.0 36.583 36.488
8537.0 36.488 43.223
4778.0 43.223 60.271
4176.0 60.271 75.994
4204.0 75.994 91.193
4774.0 91.193 100.0
6542.0 100.0 93.832
9902.0 93.832 87.185
14024.0 87.185 72.141
18308.0 72.141 53.175
19511.0 53.175 41.218
15375.0 41.218 40.2
9363.0 40.2 46.055
5457.0 46.055 54.421
4176.0 54.421 71.638
4199.0 71.638 85.965
4533.0 85.965 100.0
5891.0 100.0 96.436
8999.0 96.436 92.153
13223.0 92.153 77.987
18249.0 77.987 56.839
20997.0 56.839 43.127
17453.0 43.127 38.895
10907.0 38.895 43.526
5972.0 43.526 51.596
4176.0 51.596 68.215
4181.0 68.215 81.859
4234.0 81.859 98.23
5200.0 98.23 97.444
7682.0 97.444 97.031
11198.0 97.031 87.681
15935.0 87.681 68.716
20327.0 68.716 49.126
20197.0 49.126 39.301
14044.0 39.301 40.803
7648.0 40.803 48.102
4357.0 48.102 68.157
4176.0 68.157 87.162
4176.0 87.162 100.0
4992.0 100.0 100.0
6924.0 100.0 92.304
9612.0 92.304 86.514
12398.0 86.514 75.64
15102.0 75.64 62.115
16107.0 62.115 51.929
14203.0 51.929 49.158
10615.0 49.158 52.915
7486.0 52.915 60.417
5650.0 60.417 69.303
4823.0 69.303 91.901
4771.0 91.901 100.0
6164.0 100.0 95.344
8516.0 95.344 92.648
11404.0 92.648 83.105
14806.0 83.105 67.78
17263.0 67.78 52.997
16451.0 52.997 46.176
12431.0 46.176 48.014
8189.0 48.014 55.23
5592.0 55.23 64.564
4420.0 64.564 85.75
4256.0 85.75 100.0
4984.0 100.0 100.0
7084.0 100.0 91.664
10192.0 91.664 84.397
13420.0 84.397 71.666
16216.0 71.666 57.45
16837.0 57.45 48.062
13960.0 48.062 46.959
9788.0 46.959 51.898
6663.0 51.898 59.78
4983.0 59.78 80.588
4275.0 80.588 100.0
4947.0 100.0 100.0
6963.0 100.0 92.148
10155.0 92.148 85.042
13655.0 85.042 71.657
16709.0 71.657 56.565
17366.0 56.565 46.826
14213.0 46.826 45.854
9737.0 45.854 50.907
6453.0 50.907 58.765
4725.0 58.765 78.805
4176.0 78.805 98.73
4684.0 98.73 100.0
6644.0 100.0 93.424
9668.0 93.424 87.515
13220.0 87.515 74.52
16772.0 74.52 58.035
18079.0 58.035 46.377
15158.0 46.377 44.166
10202.0 44.166 49.014
6524.0 49.014 56.958
4608.0 56.958 76.467
4217.0 76.467 95.711
4474.0 95.711 100.0
6118.0 100.0 95.528
8806.0 95.528 92.226
12266.0 92.226 81.104
16193.0 81.104 64.063
18701.0 64.063 49.214
17020.0 49.214 43.804
11848.0 43.804 46.946
7252.0 46.946 54.309
4785.0 54.309 73.407
4232.0 73.407 91.823
4221.0 91.823 100.0
5365.0 100.0 98.54
7549.0 98.54 93.78
10568.0 93.78 84.941
14312.0 84.941 68.733
17597.0 68.733 51.28
17799.0 51.28 41.42
13615.0 41.42 41.834
8463.0 41.834 49.119
5280.0 49.119 59.293
4176.0 59.293 79.235
4249.0 79.235 99.229
4859.0 99.229 100.0
6985.0 100.0 92.06
10093.0 92.06 84.401
13684.0 84.401 69.739
16868.0 69.739 53.488
17484.0 53.488 43.312
14096.0 43.312 42.513
9185.0 42.513 48.682
6011.0 48.682 57.734
4408.0 57.734 77.837
4176.0 77.837 97.907
4859.0 97.907 100.0
7013.0 100.0 91.948
10205.0 91.948 83.917
14034.0 83.917 68.353
17490.0 68.353 51.15
17961.0 51.15 41.017
14004.0 41.017 40.881
8847.0 40.881 47.491
5617.0 47.491 56.777
4231.0 56.777 75.979
4176.0 75.979 95.074
4746.0 95.074 100.0
6714.0 100.0 93.144
9822.0 93.144 86.295
13698.0 86.295 71.267
17564.0 71.267 53.074
18630.0 53.074 41.407
14904.0 41.407 40.234
9384.0 40.234 46.308
5775.0 46.308 55.268
4176.0 55.268 73.923
4224.0 73.923 92.479
4608.0 92.479 100.0
6267.0 100.0 94.932
9123.0 94.932 90.157
12823.0 90.157 76.812
16957.0 76.812 58.11
19189.0 58.11 43.522
16452.0 43.522 39.88
10714.0 39.88 44.637
6421.0 44.637 53.102
4279.0 53.102 71.715
4185.0 71.715 89.851
4395.0 89.851 100.0
5689.0 100.0 97.244
8461.0 97.244 89.314
12547.0 89.314 76.04
17003.0 76.04 56.981
19649.0 56.981 41.714
17101.0 41.714 37.49
11103.0 37.49 41.801
6405.0 41.801 49.997
4176.0 49.997 67.422
4200.0 67.422 80.906
4419.0 80.906 97.087
5659.0 97.087 94.528
8485.0 94.528 91.497
12373.0 91.497 78.922
17257.0 78.922 58.499
20587.0 58.499 42.502
18391.0 42.502 36.609
11905.0 36.609 40.469
6581.0 40.469 48.525
4176.0 48.525 65.414
4176.0 65.414 78.497
4275.0 78.497 94.196
5203.0 94.196 93.431
7680.0 93.431 88.277
11616.0 88.277 77.689
16395.0 77.689 59.402
20307.0 59.402 42.404
19179.0 42.404 35.111
12812.0 35.111 37.886
6992.0 37.886 45.298
4244.0 45.298 61.281
4176.0 61.281 73.537
4216.0 73.537 88.244
5038.0 88.244 88.11
7300.0 88.11 84.443
10989.0 84.443 76.071
15529.0 76.071 60.221
19813.0 60.221 42.791
19673.0 42.791 34.399
13833.0 34.399 35.892
7680.0 35.892 42.37
4377.0 42.37 57.667
4176.0 57.667 69.201
4220.0 69.201 83.041
4906.0 83.041 99.649
6929.0 99.649 91.96
11717.0 91.96 79.843
18122.0 79.843 56.342
23645.0 56.342 42.723
21374.0 42.723 34.179
14181.0 34.179 35.298
7415.0 35.298 42.026
4176.0 42.026 56.756
4206.0 56.756 68.107
4177.0 68.107 81.728
4665.0 81.728 98.074
6311.0 98.074 92.931
10111.0 92.931 85.549
15397.0 85.549 67.012
20913.0 67.012 47.222
21921.0 47.222 37.778
15809.0 37.778 36.555
8964.0 36.555 42.438
4827.0 42.438 61.439
4176.0 61.439 79.421
4176.0 79.421 95.306
4892.0 95.306 100.0
6768.0 100.0 92.928
10212.0 92.928 79.844
14484.0 79.844 63.239
17970.0 63.239 46.207
17942.0 46.207 37.403
13280.0 37.403 38.487
8096.0 38.487 45.65
5033.0 45.65 55.168
4176.0 55.168 73.247
4181.0 73.247 87.897
5050.0 87.897 87.721
7270.0 87.721 84.186
10474.0 84.186 76.342
14758.0 76.342 60.433
18976.0 60.433 42.294
19505.0 42.294 32.375
14336.0 32.375 32.886
8260.0 32.886 39.515
4684.0 39.515 55.901
4214.0 55.901 71.19
4176.0 71.19 85.428
5052.0 85.428 85.25
7264.0 85.25 81.836
10438.0 81.836 74.357
14632.0 74.357 59.273
18758.0 59.273 41.961
19276.0 41.961 32.376
14428.0 32.376 32.602
8436.0 32.602 38.906
4929.0 38.906 55.095
4176.0 55.095 70.266
4221.0 70.266 84.319
5025.0 84.319 84.235
7317.0 84.235 80.661
10669.0 80.661 72.614
15077.0 72.614 56.813
19317.0 56.813 39.343
19585.0 39.343 30.265
14093.0 30.265 31.128
7928.0 31.128 37.728
4502.0 37.728 53.114
4208.0 53.114 67.477
4209.0 67.477 80.972
4923.0 80.972 97.167
7071.0 97.167 89.118
11357.0 89.118 77.575
16867.0 77.575 55.812
21751.0 55.812 38.841
20436.0 38.841 30.447
13597.0 30.447 32.156
7223.0 32.156 39.734
4176.0 39.734 55.224
4249.0 55.224 69.639
4177.0 69.639 83.567
4814.0 83.567 100.0
6686.0 100.0 93.256
10466.0 93.256 83.95
15476.0 83.95 63.967
20472.0 63.967 43.078
20796.0 43.078 33.2
14692.0 33.2 33.609
8024.0 33.609 40.97
4444.0 40.97 57.583
4176.0 57.583 72.965
4176.0 72.965 87.558
4793.0 87.558 100.0
6545.0 100.0 93.82
9989.0 93.82 86.366
14279.0 86.366 69.962
18739.0 69.962 49.934
19975.0 49.934 37.674
15320.0 37.674 37.12
8852.0 37.12 43.782
5123.0 43.782 52.649
4176.0 52.649 69.335
4184.0 69.335 83.202
4598.0 83.202 99.843
6084.0 99.843 95.514
9276.0 95.514 89.926
13640.0 89.926 73.994
18701.0 73.994 51.967
20891.0 51.967 38.967
16793.0 38.967 36.172
10025.0 36.172 41.954
5485.0 41.954 50.889
4218.0 50.889 67.636
4176.0 67.636 81.163
4412.0 81.163 97.395
5652.0 97.395 94.855
8628.0 94.855 86.451
13099.0 86.451 71.923
18219.0 71.923 51.142
21051.0 51.142 37.862
17487.0 37.862 34.096
10622.0 34.096 39.103
5718.0 39.103 47.532
4176.0 47.532 63.422
4176.0 63.422 76.106
4435.0 76.106 91.327
5539.0 91.327 89.358
8411.0 89.358 82.116
12803.0 82.116 68.884
17927.0 68.884 49.245
20993.0 49.245 35.999
17852.0 35.999 31.844
11006.0 31.844 36.247
5924.0 36.247 44.187
4238.0 44.187 59.262
4176.0 59.262 71.115
4349.0 71.115 85.338
5443.0 85.338 83.825
8187.0 83.825 77.702
12419.0 77.702 66.119
17471.0 66.119 48.111
20861.0 48.111 34.839
18257.0 34.839 30.167
11541.0 30.167 33.815
6249.0 33.815 41.1
4176.0 41.1 55.411
4176.0 55.411 66.493
4348.0 66.493 79.792
5447.0 79.792 78.365
8219.0 78.365 72.543
12412.0 72.543 61.743
17472.0 61.743 44.823
20844.0 44.823 32.391
18288.0 32.391 27.978
11672.0 27.978 31.224
6401.0 31.224 37.871
4176.0 37.871 51.192
4195.0 51.192 61.431
4386.0 61.431 73.717
5493.0 73.717 72.263
8307.0 72.263 66.674
