4512.0 1.0 1.0
4512.0 1.0 1.4
4512.0 1.4 1.68
4512.0 1.68 2.016
4428.0 2.016 2.419
4344.0 2.419 2.903
4370.0 2.903 3.484
4344.0 3.484 4.18
4405.0 4.18 5.016
4344.0 5.016 6.02
4424.0 6.02 7.224
5028.0 7.224 7.216
6995.0 7.216 7.003
9551.0 7.003 6.673
13343.0 6.673 5.725
16984.0 5.725 4.434
18856.0 4.434 3.451
16942.0 3.451 3.1
11657.0 3.1 3.332
6684.0 3.332 3.895
4287.0 3.895 5.245
4361.0 5.245 6.583
4553.0 6.583 7.899
5301.0 7.899 7.804
7264.0 7.804 7.91
11030.0 7.91 7.142
16009.0 7.142 5.544
20461.0 5.544 3.975
20643.0 3.975 3.18
15269.0 3.18 3.146
8489.0 3.146 3.678
4301.0 3.678 5.035
4298.0 5.035 6.042
4361.0 6.042 7.251
4756.0 7.251 8.701
6491.0 8.701 8.182
9529.0 8.182 7.738
14161.0 7.738 6.354
18794.0 6.354 4.612
20951.0 4.612 3.559
17039.0 3.559 3.269
10235.0 3.269 3.69
5779.0 3.69 4.42
4296.0 4.42 5.818
4408.0 5.818 6.981
4651.0 6.981 8.378
5943.0 8.378 8.062
8883.0 8.062 7.767
13068.0 7.767 6.624
18089.0 6.624 4.87
20888.0 4.87 3.696
17918.0 3.696 3.264
11642.0 3.264 3.564
6178.0 3.564 4.243
4424.0 4.243 5.662
4259.0 5.662 6.794
4658.0 6.794 8.153
5398.0 8.153 8.023
8170.0 8.023 7.873
11766.0 7.873 6.991
16270.0 6.991 5.384
20274.0 5.384 3.854
19617.0 3.854 3.135
14337.0 3.135 3.206
8163.0 3.206 3.771
4350.0 3.771 5.054
4176.0 5.054 6.356
4209.0 6.356 7.628
5025.0 7.628 7.62
7218.0 7.62 7.713
10634.0 7.713 7.065
15476.0 7.065 5.602
20185.0 5.602 3.963
20997.0 3.963 3.165
16151.0 3.165 3.019
8556.0 3.019 3.546
4176.0 3.546 4.804
4176.0 4.804 5.765
4403.0 5.765 6.918
5011.0 6.918 6.915
7390.0 6.915 6.947
10939.0 6.947 6.316
15589.0 6.316 4.989
19705.0 4.989 3.578
19885.0 3.578 2.831
14521.0 2.831 2.881
8678.0 2.881 3.314
5006.0 3.314 3.936
4176.0 3.936 5.125
4234.0 5.125 6.15
4348.0 6.15 7.38
5744.0 7.38 7.16
8624.0 7.16 6.952
12464.0 6.952 6.078
17411.0 6.078 4.581
20690.0 4.581 3.438
18218.0 3.438 2.996
11674.0 2.996 3.297
5895.0 3.297 4.0
4313.0 4.0 5.272
4307.0 5.272 6.326
4787.0 6.326 7.592
6419.0 7.592 7.161
9827.0 7.161 6.693
14084.0 6.693 5.547
19016.0 5.547 4.015
20902.0 4.015 3.125
16662.0 3.125 2.917
9753.0 2.917 3.321
4889.0 3.321 4.596
4176.0 4.596 5.766
4416.0 5.766 6.919
4604.0 6.919 8.303
6192.0 8.303 7.907
9573.0 7.907 7.388
13905.0 7.388 6.173
19206.0 6.173 4.389
21198.0 4.389 3.42
16842.0 3.42 3.168
10556.0 3.168 3.552
5856.0 3.552 4.183
4278.0 4.183 5.511
4494.0 5.511 6.614
4602.0 6.614 7.936
5710.0 7.936 7.711
8314.0 7.711 7.566
12406.0 7.566 6.58
17410.0 6.58 4.956
20448.0 4.956 3.677
18204.0 3.677 3.206
12428.0 3.206 3.474
7149.0 3.474 4.127
4308.0 4.127 5.576
4229.0 5.576 6.973
4420.0 6.973 8.368
5288.0 8.368 8.271
7634.0 8.271 8.261
11226.0 8.261 7.43
15608.0 7.43 5.85
20032.0 5.85 4.106
20396.0 4.106 3.274
15534.0 3.274 3.204
8394.0 3.204 3.732
4230.0 3.732 5.182
4330.0 5.182 6.219
4504.0 6.219 7.462
5120.0 7.462 7.427
7104.0 7.427 7.566
10401.0 7.566 7.015
14697.0 7.015 5.765
18953.0 5.765 4.245
20068.0 4.245 3.286
15146.0 3.286 3.266
9302.0 3.266 3.738
5342.0 3.738 4.41
4311.0 4.41 5.527
4320.0 5.527 6.632
4795.0 6.632 7.959
6423.0 7.959 7.506
10084.0 7.506 6.922
14491.0 6.922 5.595
19003.0 5.595 4.057
21226.0 4.057 3.161
16468.0 3.161 2.975
9524.0 2.975 3.412
4804.0 3.412 4.788
4198.0 4.788 6.009
4221.0 6.009 7.211
4800.0 7.211 8.653
6925.0 8.653 7.986
10961.0 7.986 7.179
15966.0 7.179 5.586
20670.0 5.586 4.004
20838.0 4.004 3.204
15540.0 3.204 3.134
9546.0 3.134 3.632
4982.0 3.632 5.08
4226.0 5.08 6.096
4480.0 6.096 7.315
5072.0 7.315 7.294
7366.0 7.294 6.974
11356.0 6.974 6.2
16214.0 6.2 4.734
20282.0 4.734 3.414
19790.0 3.414 2.759
14614.0 2.759 2.796
8465.0 2.796 3.242
4778.0 3.242 4.475
4176.0 4.475 5.608
4236.0 5.608 6.729
4867.0 6.729 8.075
6315.0 8.075 7.65
10081.0 7.65 7.066
15001.0 7.066 5.653
19962.0 5.653 3.969
21138.0 3.969 3.172
16070.0 3.172 3.036
8853.0 3.036 3.502
4361.0 3.502 4.824
4199.0 4.824 6.044
4252.0 6.044 7.252
5048.0 7.252 7.238
7208.0 7.238 7.331
10967.0 7.331 6.649
14987.0 6.649 5.375
18815.0 5.375 3.975
19031.0 3.975 3.229
14942.0 3.229 3.18
9158.0 3.18 3.617
5170.0 3.617 4.282
4251.0 4.282 5.359
4275.0 5.359 6.431
5427.0 6.431 6.322
8690.0 6.322 6.086
12862.0 6.086 5.217
18302.0 5.217 3.781
21638.0 3.781 2.875
18366.0 2.875 2.488
11324.0 2.488 2.786
5556.0 2.786 3.359
4205.0 3.359 4.448
4279.0 4.448 5.338
4830.0 5.338 6.405
6650.0 6.405 5.983
10334.0 5.983 5.516
15082.0 5.516 4.422
19344.0 4.422 3.192
19838.0 3.192 2.53
15050.0 2.53 2.521
8939.0 2.521 2.944
4850.0 2.944 4.038
4176.0 4.038 5.061
4410.0 5.061 6.073
5053.0 6.073 6.06
7133.0 6.06 6.164
10781.0 6.164 5.646
15613.0 5.646 4.422
20073.0 4.422 3.104
20147.0 3.104 2.483
14339.0 2.483 2.547
7577.0 2.547 3.003
4279.0 3.003 4.025
4354.0 4.025 4.83
4864.0 4.83 5.796
6589.0 5.796 5.428
9804.0 5.428 5.046
14200.0 5.046 4.156
18538.0 4.156 3.065
19890.0 3.065 2.38
14986.0 2.38 2.367
7993.0 2.367 2.835
4364.0 2.835 3.818
4240.0 3.818 4.582
4656.0 4.582 5.498
6183.0 5.498 5.238
9675.0 5.238 4.882
14099.0 4.882 3.993
18437.0 3.993 2.983
19898.0 2.983 2.303
15134.0 2.303 2.281
8134.0 2.281 2.695
4180.0 2.695 3.638
4374.0 3.638 4.366
4930.0 4.366 5.239
6433.0 5.239 4.939
9561.0 4.939 4.671
14001.0 4.671 3.863
18941.0 3.863 2.78
21023.0 2.78 2.152
17481.0 2.152 1.939
10540.0 1.939 2.216
5365.0 2.216 2.699
4384.0 2.699 3.384
4609.0 3.384 4.06
6085.0 4.06 3.884
9253.0 3.884 3.46
14427.0 3.46 2.768
19605.0 2.768 1.926
21768.0 1.926 1.524
17063.0 1.524 1.398
8747.0 1.398 1.642
4176.0 1.642 2.243
4372.0 2.243 2.692
5283.0 2.692 2.661
7575.0 2.661 2.528
11997.0 2.528 2.195
17029.0 2.195 1.64
20548.0 1.64 1.207
18680.0 1.207 1.029
11798.0 1.029 1.133
5132.0 1.133 1.364
4200.0 1.364 1.833
4623.0 1.833 2.2
7419.0 2.2 2.097
10491.0 2.097 1.924
14871.0 1.924 1.569
18479.0 1.569 1.197
17443.0 1.197 1.048
11983.0 1.048 1.116
6187.0 1.116 1.336
4177.0 1.336 1.761
4313.0 1.761 2.113
5397.0 2.113 2.08
9331.0 2.08 1.94
15376.0 1.94 1.495
21144.0 1.495 1.068
21552.0 1.068 1.0
15132.0 1.0 1.0
8570.0 1.0 1.164
4260.0 1.164 1.497
5080.0 1.497 1.492
7418.0 1.492 1.424
13234.0 1.424 1.182
20299.0 1.182 1.0
22300.0 1.0 1.0
16447.0 1.0 1.0
9885.0 1.0 1.158
4286.0 1.158 1.619
4505.0 1.619 1.943
5671.0 1.943 1.89
9491.0 1.89 1.762
14903.0 1.762 1.395
19667.0 1.395 1.0
18887.0 1.0 1.0
11018.0 1.0 1.139
4624.0 1.139 1.582
4271.0 1.582 1.994
5080.0 1.994 1.987
8282.0 1.987 1.934
12212.0 1.934 1.684
17336.0 1.684 1.263
18020.0 1.263 1.036
13664.0 1.036 1.045
7772.0 1.045 1.217
4982.0 1.217 1.652
4263.0 1.652 2.122
4820.0 2.122 2.547
8368.0 2.547 2.343
12868.0 2.343 1.985
17764.0 1.985 1.478
20093.0 1.478 1.125
15793.0 1.125 1.087
7285.0 1.087 1.332
4557.0 1.332 1.792
4381.0 1.792 2.304
4600.0 2.304 2.765
7094.0 2.765 2.533
12293.0 2.533 2.147
18273.0 2.147 1.527
22034.0 1.527 1.156
19818.0 1.156 1.0
12927.0 1.0 1.081
5945.0 1.081 1.289
4247.0 1.289 1.691
4409.0 1.691 2.029
5377.0 2.029 1.998
9147.0 1.998 1.891
14190.0 1.891 1.539
19002.0 1.539 1.131
18474.0 1.131 1.0
12027.0 1.0 1.094
5465.0 1.094 1.326
4316.0 1.326 1.73
4204.0 1.73 2.077
5959.0 2.077 1.997
10675.0 1.997 1.791
16381.0 1.791 1.343
18593.0 1.343 1.051
15605.0 1.051 1.0
10701.0 1.0 1.11
4811.0 1.11 1.536
4385.0 1.536 1.843
5352.0 1.843 1.817
8196.0 1.817 1.792
11162.0 1.792 1.634
13904.0 1.634 1.412
15536.0 1.412 1.206
14306.0 1.206 1.131
10178.0 1.131 1.21
6490.0 1.21 1.37
5305.0 1.37 1.534
4850.0 1.534 2.007
5222.0 2.007 2.095
6884.0 2.095 2.152
9154.0 2.152 2.088
12667.0 2.088 1.829
16559.0 1.829 1.462
17403.0 1.462 1.221
12935.0 1.221 1.254
8257.0 1.254 1.427
4527.0 1.427 1.929
4202.0 1.929 2.414
4856.0 2.414 2.897
6930.0 2.897 2.673
10194.0 2.673 2.494
14102.0 2.494 2.106
17579.0 2.106 1.627
17180.0 1.627 1.402
12200.0 1.402 1.477
5969.0 1.477 1.757
4348.0 1.757 2.213
5504.0 2.213 2.168
8202.0 2.168 2.122
11973.0 2.122 1.886
16461.0 1.886 1.478
18453.0 1.478 1.174
14657.0 1.174 1.153
7436.0 1.153 1.387
4341.0 1.387 1.88
5098.0 1.88 1.872
8208.0 1.872 1.832
10862.0 1.832 1.697
14168.0 1.697 1.446
16124.0 1.446 1.21
15395.0 1.21 1.095
11087.0 1.095 1.163
6667.0 1.163 1.353
5453.0 1.353 1.526
4501.0 1.526 2.014
5267.0 2.014 1.993
8387.0 1.993 1.942
11081.0 1.942 1.786
14999.0 1.786 1.462
17671.0 1.462 1.167
15047.0 1.167 1.108
8621.0 1.108 1.283
4455.0 1.283 1.761
4486.0 1.761 2.114
5570.0 2.114 2.065
8498.0 2.065 2.0
12692.0 2.0 1.722
16716.0 1.722 1.359
17508.0 1.359 1.131
14313.0 1.131 1.108
9371.0 1.108 1.257
4625.0 1.257 1.74
4446.0 1.74 2.088
5304.0 2.088 2.063
8302.0 2.063 2.005
12061.0 2.005 1.76
15295.0 1.76 1.46
16923.0 1.46 1.217
14856.0 1.217 1.149
9489.0 1.149 1.287
5121.0 1.287 1.533
4186.0 1.533 2.018
4910.0 2.018 2.421
7878.0 2.421 2.143
11442.0 2.143 1.922
14652.0 1.922 1.609
16984.0 1.609 1.318
15304.0 1.318 1.224
10363.0 1.224 1.333
6221.0 1.333 1.52
4670.0 1.52 2.012
4436.0 2.012 2.415
6626.0 2.415 2.258
9374.0 2.258 2.154
12683.0 2.154 1.893
16063.0 1.893 1.531
16863.0 1.531 1.295
13195.0 1.295 1.306
7402.0 1.306 1.524
4380.0 1.524 2.053
4883.0 2.053 2.464
7575.0 2.464 2.336
11235.0 2.336 2.098
15331.0 2.098 1.69
17203.0 1.69 1.383
15179.0 1.383 1.29
10292.0 1.29 1.416
6432.0 1.416 1.627
4200.0 1.627 2.175
4973.0 2.175 2.61
8041.0 2.61 2.292
11521.0 2.292 2.042
15009.0 2.042 1.698
16693.0 1.698 1.402
14933.0 1.402 1.314
10043.0 1.314 1.427
6177.0 1.427 1.648
4229.0 1.648 2.185
4962.0 2.185 2.622
7898.0 2.622 2.449
11840.0 2.449 2.139
16608.0 2.139 1.657
19543.0 1.657 1.241
16795.0 1.241 1.138
9811.0 1.138 1.293
4283.0 1.293 1.769
4292.0 1.769 2.122
4950.0 2.122 2.547
7490.0 2.547 2.293
11231.0 2.293 2.064
15479.0 2.064 1.661
17587.0 1.661 1.331
15891.0 1.331 1.219
10704.0 1.219 1.335
6084.0 1.335 1.561
4376.0 1.561 2.112
4410.0 2.112 2.641
6490.0 2.641 2.484
10000.0 2.484 2.31
13153.0 2.31 1.993
16421.0 1.993 1.598
17357.0 1.598 1.334
14105.0 1.334 1.313
7958.0 1.313 1.541
4330.0 1.541 2.11
4478.0 2.11 2.532
6300.0 2.532 2.4
8868.0 2.4 2.329
12255.0 2.329 2.062
15727.0 2.062 1.677
17487.0 1.677 1.36
15235.0 1.36 1.281
9796.0 1.281 1.436
5592.0 1.436 1.677
4255.0 1.677 2.254
4275.0 2.254 2.827
6187.0 2.827 2.693
9403.0 2.693 2.55
12256.0 2.55 2.278
14880.0 2.278 1.919
16080.0 1.919 1.65
13932.0 1.65 1.589
10161.0 1.589 1.697
7173.0 1.697 1.929
4779.0 1.929 2.606
4421.0 2.606 3.267
6759.0 3.267 3.037
9672.0 3.037 2.86
13416.0 2.86 2.427
16879.0 2.427 1.914
17786.0 1.914 1.578
13534.0 1.578 1.599
8398.0 1.599 1.813
4974.0 1.813 2.501
4479.0 2.501 3.001
6461.0 3.001 2.826
9527.0 2.826 2.669
13195.0 2.669 2.292
16107.0 2.292 1.877
16330.0 1.877 1.629
12862.0 1.629 1.648
8560.0 1.648 1.838
5614.0 1.838 2.107
4318.0 2.107 2.764
6716.0 2.764 2.574
10232.0 2.574 2.375
14076.0 2.375 2.005
16564.0 2.005 1.636
16764.0 1.636 1.408
12992.0 1.408 1.425
7841.0 1.425 1.616
4555.0 1.616 2.205
4185.0 2.205 2.646
6017.0 2.646 2.539
8621.0 2.539 2.324
11912.0 2.324 2.075
15768.0 2.075 1.68
17380.0 1.68 1.363
15492.0 1.363 1.265
10260.0 1.265 1.381
6148.0 1.381 1.626
4355.0 1.626 2.051
5459.0 2.051 2.013
8729.0 2.013 1.93
12605.0 1.93 1.687
15770.0 1.687 1.377
17074.0 1.377 1.15
14374.0 1.15 1.111
10264.0 1.111 1.212
5644.0 1.212 1.425
4232.0 1.425 1.871
4880.0 1.871 2.245
8114.0 2.245 1.965
11945.0 1.965 1.752
15347.0 1.752 1.437
17227.0 1.437 1.177
15388.0 1.177 1.092
9235.0 1.092 1.237
4855.0 1.237 1.714
4262.0 1.714 2.057
5131.0 2.057 2.047
8091.0 2.047 1.899
10925.0 1.899 1.737
14966.0 1.737 1.437
17526.0 1.437 1.152
16014.0 1.152 1.049
10479.0 1.049 1.155
5207.0 1.155 1.38
4248.0 1.38 1.798
5042.0 1.798 1.795
8668.0 1.795 1.718
11774.0 1.718 1.536
15920.0 1.536 1.22
17816.0 1.22 1.0
15608.0 1.0 1.0
10978.0 1.0 1.085
5592.0 1.085 1.272
4239.0 1.272 1.689
5162.0 1.689 1.678
8764.0 1.678 1.602
12218.0 1.602 1.425
15887.0 1.425 1.153
17342.0 1.153 1.0
14009.0 1.0 1.0
9043.0 1.0 1.122
4176.0 1.122 1.512
4661.0 1.512 1.814
6466.0 1.814 1.708
10174.0 1.708 1.579
14656.0 1.579 1.306
17173.0 1.306 1.051
16417.0 1.051 1.0
10444.0 1.0 1.101
5310.0 1.101 1.318
4331.0 1.318 1.651
5564.0 1.651 1.614
9276.0 1.614 1.52
12500.0 1.52 1.34
16244.0 1.34 1.08
16814.0 1.08 1.0
12665.0 1.0 1.027
7531.0 1.027 1.174
5185.0 1.174 1.373
4287.0 1.373 1.789
5443.0 1.789 1.757
9187.0 1.757 1.665
12257.0 1.665 1.488
15680.0 1.488 1.213
16709.0 1.213 1.024
13796.0 1.024 1.007
9226.0 1.007 1.134
4872.0 1.134 1.569
4394.0 1.569 1.882
5813.0 1.882 1.821
9439.0 1.821 1.715
13921.0 1.715 1.434
16702.0 1.434 1.154
17173.0 1.154 1.0
13183.0 1.0 1.016
7461.0 1.016 1.183
5359.0 1.183 1.343
4246.0 1.343 1.752
5232.0 1.752 1.736
8860.0 1.736 1.649
12314.0 1.649 1.462
15758.0 1.462 1.192
17237.0 1.192 1.0
14369.0 1.0 1.0
9319.0 1.0 1.126
4437.0 1.126 1.544
4437.0 1.544 1.853
5938.0 1.853 1.783
9504.0 1.783 1.676
13773.0 1.676 1.415
16884.0 1.415 1.123
16872.0 1.123 1.0
12543.0 1.0 1.032
7073.0 1.032 1.209
4769.0 1.209 1.618
4463.0 1.618 1.941
5373.0 1.941 1.912
8765.0 1.912 1.841
12193.0 1.841 1.614
16408.0 1.614 1.264
18748.0 1.264 1.0
16003.0 1.0 1.0
10617.0 1.0 1.11
4727.0 1.11 1.536
4330.0 1.536 1.843
5052.0 1.843 1.839
8316.0 1.839 1.688
11310.0 1.688 1.533
15114.0 1.533 1.257
16806.0 1.257 1.042
14871.0 1.042 1.0
10591.0 1.0 1.082
5541.0 1.082 1.29
4209.0 1.29 1.691
5108.0 1.691 1.683
8724.0 1.683 1.614
12212.0 1.614 1.422
15914.0 1.422 1.155
16904.0 1.155 1.0
13862.0 1.0 1.0
9064.0 1.0 1.124
4461.0 1.124 1.539
4747.0 1.539 1.847
6819.0 1.847 1.713
10189.0 1.713 1.584
14293.0 1.584 1.337
16273.0 1.337 1.11
15121.0 1.11 1.018
11825.0 1.018 1.05
7499.0 1.05 1.18
5588.0 1.18 1.356
4728.0 1.356 1.775
5051.0 1.775 1.771
8383.0 1.771 1.728
12031.0 1.728 1.533
16348.0 1.533 1.196
18214.0 1.196 1.0
15925.0 1.0 1.0
11043.0 1.0 1.081
5321.0 1.081 1.304
4177.0 1.304 1.634
5254.0 1.634 1.617
9194.0 1.617 1.534
12692.0 1.534 1.331
16673.0 1.331 1.053
17366.0 1.053 1.0
12452.0 1.0 1.046
6982.0 1.046 1.211
4618.0 1.211 1.638
4342.0 1.638 1.965
5400.0 1.965 1.934
8900.0 1.934 1.736
13100.0 1.736 1.49
16481.0 1.49 1.186
17363.0 1.186 1.0
14060.0 1.0 1.0
8842.0 1.0 1.133
4258.0 1.133 1.539
4779.0 1.539 1.847
6684.0 1.847 1.723
10138.0 1.723 1.595
14665.0 1.595 1.315
17425.0 1.315 1.045
16552.0 1.045 1.0
10519.0 1.0 1.1
5133.0 1.1 1.323
4193.0 1.323 1.656
5316.0 1.656 1.635
8890.0 1.635 1.572
12502.0 1.572 1.385
16378.0 1.385 1.103
17314.0 1.103 1.0
13243.0 1.0 1.019
8109.0 1.019 1.154
5530.0 1.154 1.343
4244.0 1.343 1.759
4726.0 1.759 2.111
6560.0 2.111 1.979
9478.0 1.979 1.869
13390.0 1.869 1.607
16129.0 1.607 1.307
16517.0 1.307 1.13
12920.0 1.13 1.145
8386.0 1.145 1.298
4548.0 1.298 1.744
4613.0 1.744 2.093
5903.0 2.093 2.018
8921.0 2.018 1.932
13163.0 1.932 1.656
16839.0 1.656 1.312
16683.0 1.312 1.144
12903.0 1.144 1.166
8129.0 1.166 1.342
4257.0 1.342 1.815
4537.0 1.815 2.177
6014.0 2.177 2.089
8924.0 2.089 2.009
13679.0 2.009 1.676
17691.0 1.676 1.284
18367.0 1.284 1.05
14086.0 1.05 1.061
8418.0 1.061 1.221
4176.0 1.221 1.568
5153.0 1.568 1.558
6821.0 1.558 1.525
10511.0 1.525 1.405
13965.0 1.405 1.184
17346.0 1.184 1.0
16773.0 1.0 1.0
12815.0 1.0 1.023
7261.0 1.023 1.175
4884.0 1.175 1.621
4579.0 1.621 1.945
5835.0 1.945 1.88
8571.0 1.88 1.832
11175.0 1.832 1.695
13725.0 1.695 1.476
15240.0 1.476 1.271
14202.0 1.271 1.187
10386.0 1.187 1.266
6820.0 1.266 1.431
5156.0 1.431 1.619
5134.0 1.619 1.777
6721.0 1.777 1.838
9561.0 1.838 1.755
13998.0 1.755 1.465
17031.0 1.465 1.146
17961.0 1.146 1.0
13914.0 1.0 1.002
8444.0 1.002 1.136
4277.0 1.136 1.518
5242.0 1.518 1.503
7067.0 1.503 1.457
10525.0 1.457 1.346
12961.0 1.346 1.2
14962.0 1.2 1.039
13591.0 1.039 1.0
10683.0 1.0 1.044
6893.0 1.044 1.175
5439.0 1.175 1.331
5557.0 1.331 1.454
6096.0 1.454 1.55
8842.0 1.55 1.509
12302.0 1.509 1.331
16592.0 1.331 1.04
17801.0 1.04 1.0
13010.0 1.0 1.034
7456.0 1.034 1.214
4911.0 1.214 1.679
4286.0 1.679 2.015
4968.0 2.015 2.418
7588.0 2.418 2.168
10801.0 2.168 2.003
13981.0 2.003 1.709
16517.0 1.709 1.405
15641.0 1.405 1.268
11717.0 1.268 1.328
7887.0 1.328 1.493
4825.0 1.493 2.049
4374.0 2.049 2.563
5963.0 2.563 2.464
8611.0 2.464 2.39
11851.0 2.39 2.136
15771.0 2.136 1.726
17591.0 1.726 1.389
15407.0 1.389 1.299
10775.0 1.299 1.408
6589.0 1.408 1.624
4203.0 1.624 2.056
4870.0 2.056 2.467
7656.0 2.467 2.34
11580.0 2.34 2.08
16208.0 2.08 1.625
18696.0 1.625 1.244
17136.0 1.244 1.106
11124.0 1.106 1.218
5342.0 1.218 1.483
4198.0 1.483 1.859
4517.0 1.859 2.231
5769.0 2.231 2.162
8359.0 2.162 2.129
11842.0 2.129 1.913
14809.0 1.913 1.603
16633.0 1.603 1.329
14541.0 1.329 1.266
9588.0 1.266 1.393
6072.0 1.393 1.615
4862.0 1.615 2.036
6267.0 2.036 1.933
9057.0 1.933 1.872
12999.0 1.872 1.625
16260.0 1.625 1.301
17144.0 1.301 1.093
13706.0 1.093 1.089
8912.0 1.089 1.215
4398.0 1.215 1.68
4465.0 1.68 2.016
5654.0 2.016 1.964
8616.0 1.964 1.914
12426.0 1.914 1.677
15486.0 1.677 1.375
16590.0 1.375 1.157
14208.0 1.157 1.118
10448.0 1.118 1.206
6088.0 1.206 1.405
4541.0 1.405 1.899
4365.0 1.899 2.279
5377.0 2.279 2.244
7959.0 2.244 2.231
11787.0 2.231 1.993
16131.0 1.993 1.576
18415.0 1.576 1.23
15879.0 1.23 1.148
9225.0 1.148 1.33
4252.0 1.33 1.804
4177.0 1.804 2.164
5324.0 2.164 2.136
7766.0 2.136 2.134
10358.0 2.134 2.006
13436.0 2.006 1.749
16080.0 1.749 1.447
15404.0 1.447 1.305
12089.0 1.305 1.335
8637.0 1.335 1.471
5391.0 1.471 1.71
4687.0 1.71 2.262
4954.0 2.262 2.714
7230.0 2.714 2.616
10494.0 2.616 2.432
14210.0 2.432 2.04
16832.0 2.04 1.642
15946.0 1.642 1.478
10910.0 1.478 1.594
7458.0 1.594 1.826
4758.0 1.826 2.444
4761.0 2.444 2.933
6921.0 2.933 2.856
10461.0 2.856 2.626
14253.0 2.626 2.187
17493.0 2.187 1.71
17167.0 1.71 1.473
12867.0 1.473 1.516
7173.0 1.516 1.766
4176.0 1.766 2.398
4212.0 2.398 2.999
5654.0 2.999 2.92
9047.0 2.92 2.785
12851.0 2.785 2.403
16922.0 2.403 1.87
17827.0 1.87 1.525
15379.0 1.525 1.443
10273.0 1.443 1.578
6293.0 1.578 1.856
4178.0 1.856 2.445
4420.0 2.445 2.934
6666.0 2.934 2.739
9873.0 2.739 2.558
13329.0 2.558 2.196
16055.0 2.196 1.819
15972.0 1.819 1.606
12512.0 1.606 1.638
7994.0 1.638 1.87
5576.0 1.87 2.15
4772.0 2.15 2.7
6996.0 2.7 2.485
10380.0 2.485 2.286
14172.0 2.286 1.931
16780.0 1.931 1.563
16336.0 1.563 1.366
11936.0 1.366 1.435
7970.0 1.435 1.619
4934.0 1.619 2.231
4302.0 2.231 2.83
5512.0 2.83 2.772
7774.0 2.772 2.617
10897.0 2.617 2.39
14033.0 2.39 2.045
16189.0 2.045 1.676
16301.0 1.676 1.457
12601.0 1.457 1.484
7555.0 1.484 1.704
4907.0 1.704 2.275
4571.0 2.275 2.85
5797.0 2.85 2.759
8103.0 2.759 2.723
11184.0 2.723 2.498
14400.0 2.498 2.096
16983.0 2.096 1.691
15644.0 1.691 1.547
10868.0 1.547 1.687
7340.0 1.687 1.919
4468.0 1.919 2.617
4414.0 2.617 3.14
7030.0 3.14 2.885
9796.0 2.885 2.722
13624.0 2.722 2.304
17256.0 2.304 1.811
17658.0 1.811 1.494
14126.0 1.494 1.477
8753.0 1.477 1.691
5041.0 1.691 2.017
4479.0 2.017 2.522
7025.0 2.522 2.318
10334.0 2.318 2.151
13766.0 2.151 1.825
16874.0 1.825 1.464
17010.0 1.464 1.257
13899.0 1.257 1.237
7602.0 1.237 1.449
4364.0 1.449 1.932
4671.0 1.932 2.319
7605.0 2.319 2.077
11292.0 2.077 1.866
14298.0 1.866 1.581
16098.0 1.581 1.334
14546.0 1.334 1.253
9746.0 1.253 1.38
6260.0 1.38 1.597
4604.0 1.597 2.117
5782.0 2.117 2.051
8470.0 2.051 2.004
11989.0 2.004 1.777
14548.0 1.777 1.524
16196.0 1.524 1.292
14348.0 1.292 1.224
9512.0 1.224 1.348
6044.0 1.348 1.543
4986.0 1.543 2.038
4802.0 2.038 2.445
7264.0 2.445 2.224
10678.0 2.224 2.033
14233.0 2.033 1.719
17777.0 1.719 1.325
17605.0 1.325 1.127
13432.0 1.127 1.144
8518.0 1.144 1.291
4176.0 1.291 1.74
4648.0 1.74 2.088
6092.0 2.088 1.996
8752.0 1.996 1.935
12271.0 1.935 1.709
14551.0 1.709 1.472
15766.0 1.472 1.265
14344.0 1.265 1.191
9937.0 1.191 1.288
6501.0 1.288 1.45
5237.0 1.45 1.627
4957.0 1.627 2.125
5308.0 2.125 2.099
6934.0 2.099 2.156
9470.0 2.156 2.051
13172.0 2.051 1.778
16776.0 1.778 1.398
17512.0 1.398 1.17
14512.0 1.17 1.136
7633.0 1.136 1.313
4376.0 1.313 1.744
5124.0 1.744 1.736
8290.0 1.736 1.69
11408.0 1.69 1.523
15227.0 1.523 1.249
17318.0 1.249 1.009
15341.0 1.009 1.0
10947.0 1.0 1.069
5813.0 1.069 1.267
4292.0 1.267 1.668
4919.0 1.668 2.002
6576.0 2.002 1.876
9478.0 1.876 1.783
13357.0 1.783 1.526
16195.0 1.526 1.25
17233.0 1.25 1.042
13924.0 1.042 1.028
9302.0 1.028 1.147
4966.0 1.147 1.574
4581.0 1.574 1.889
6102.0 1.889 1.806
9170.0 1.806 1.726
11826.0 1.726 1.57
15033.0 1.57 1.309
16530.0 1.309 1.094
14397.0 1.094 1.042
10627.0 1.042 1.11
5835.0 1.11 1.302
4692.0 1.302 1.713
4755.0 1.713 2.056
6208.0 2.056 1.956
9330.0 1.956 1.857
13008.0 1.857 1.604
16161.0 1.604 1.3
16681.0 1.3 1.116
13315.0 1.116 1.122
8595.0 1.122 1.278
4453.0 1.278 1.741
4507.0 1.741 2.089
5787.0 2.089 2.023
8619.0 2.023 1.974
12222.0 1.974 1.753
15174.0 1.753 1.457
16314.0 1.457 1.242
13956.0 1.242 1.199
8751.0 1.199 1.341
5077.0 1.341 1.549
4245.0 1.549 1.938
5261.0 1.938 1.918
8471.0 1.918 1.752
11589.0 1.752 1.578
15186.0 1.578 1.304
17184.0 1.304 1.056
15555.0 1.056 1.0
11485.0 1.0 1.059
6267.0 1.059 1.236
4504.0 1.236 1.666
4592.0 1.666 1.999
6073.0 1.999 1.913
9213.0 1.913 1.827
13521.0 1.827 1.558
16119.0 1.558 1.272
16992.0 1.272 1.065
14211.0 1.065 1.038
9527.0 1.038 1.145
4927.0 1.145 1.582
4531.0 1.582 1.898
5742.0 1.898 1.842
9272.0 1.842 1.742
13403.0 1.742 1.489
16577.0 1.489 1.193
17195.0 1.193 1.004
13679.0 1.004 1.0
8351.0 1.0 1.154
5868.0 1.154 1.322
4177.0 1.322 1.739
4582.0 1.739 2.087
5941.0 2.087 2.008
9185.0 2.008 1.907
13115.0 1.907 1.63
16208.0 1.63 1.315
17068.0 1.315 1.103
13921.0 1.103 1.089
9275.0 1.089 1.21
4763.0 1.21 1.67
4472.0 1.67 2.004
5294.0 2.004 1.98
8708.0 1.98 1.904
13385.0 1.904 1.598
17893.0 1.598 1.206
17833.0 1.206 1.015
12859.0 1.015 1.063
6971.0 1.063 1.24
4482.0 1.24 1.675
4176.0 1.675 2.01
5517.0 2.01 1.969
8285.0 1.969 1.923
11211.0 1.923 1.765
14499.0 1.765 1.49
16607.0 1.49 1.234
15221.0 1.234 1.138
10139.0 1.138 1.246
6043.0 1.246 1.448
4556.0 1.448 1.916
4299.0 1.916 2.299
5435.0 2.299 2.259
8421.0 2.259 2.073
12915.0 2.073 1.761
17195.0 1.761 1.35
18667.0 1.35 1.076
15436.0 1.076 1.029
10154.0 1.029 1.139
4578.0 1.139 1.559
4193.0 1.559 1.871
5217.0 1.871 1.855
8535.0 1.855 1.789
11689.0 1.789 1.611
15754.0 1.611 1.287
18130.0 1.287 1.02
15235.0 1.02 1.0
10345.0 1.0 1.112
4707.0 1.112 1.553
4442.0 1.553 1.864
5807.0 1.864 1.804
8839.0 1.804 1.732
11989.0 1.732 1.538
15922.0 1.538 1.228
17674.0 1.228 1.0
15691.0 1.0 1.0
10893.0 1.0 1.085
5591.0 1.085 1.289
4176.0 1.289 1.723
4634.0 1.723 2.067
6451.0 2.067 1.947
9367.0 1.947 1.843
13576.0 1.843 1.55
16963.0 1.55 1.213
17335.0 1.213 1.026
12985.0 1.026 1.054
7347.0 1.054 1.215
4877.0 1.215 1.665
4514.0 1.665 1.998
5489.0 1.998 1.959
8291.0 1.959 1.912
11091.0 1.912 1.751
14301.0 1.751 1.484
16713.0 1.484 1.209
16182.0 1.209 1.067
11676.0 1.067 1.127
7104.0 1.127 1.28
5071.0 1.28 1.462
4189.0 1.462 1.924
4924.0 1.924 2.309
7986.0 2.309 2.155
11541.0 2.155 1.944
14817.0 1.944 1.616
16925.0 1.616 1.326
15501.0 1.326 1.219
10416.0 1.219 1.331
6298.0 1.331 1.556
4740.0 1.556 2.094
4320.0 2.094 2.513
5924.0 2.513 2.42
8274.0 2.42 2.373
11832.0 2.373 2.121
15572.0 2.121 1.724
16944.0 1.724 1.436
14816.0 1.436 1.356
10274.0 1.356 1.469
6554.0 1.469 1.703
4219.0 1.703 2.275
4846.0 2.275 2.73
7246.0 2.73 2.484
11065.0 2.484 2.236
15273.0 2.236 1.797
18559.0 1.797 1.388
17059.0 1.388 1.231
11989.0 1.231 1.305
6833.0 1.305 1.516
4447.0 1.516 2.024
5052.0 2.024 2.02
7624.0 2.02 1.91
10598.0 1.91 1.755
14297.0 1.755 1.468
17081.0 1.468 1.167
16790.0 1.167 1.009
12377.0 1.009 1.047
6979.0 1.047 1.217
4792.0 1.217 1.661
4254.0 1.661 1.993
5216.0 1.993 1.976
7994.0 1.976 1.943
11120.0 1.943 1.774
14795.0 1.774 1.477
17923.0 1.477 1.152
15367.0 1.152 1.087
8746.0 1.087 1.252
4456.0 1.252 1.688
4484.0 1.688 2.026
5781.0 2.026 1.963
8783.0 1.963 1.902
12674.0 1.902 1.659
15563.0 1.659 1.369
16707.0 1.369 1.159
13728.0 1.159 1.14
9730.0 1.14 1.243
5496.0 1.243 1.467
4330.0 1.467 1.918
5145.0 1.918 1.907
8013.0 1.907 1.88
11083.0 1.88 1.718
15328.0 1.718 1.395
18092.0 1.395 1.101
16811.0 1.101 1.0
10247.0 1.0 1.118
4609.0 1.118 1.542
4356.0 1.542 1.85
5512.0 1.85 1.812
8728.0 1.812 1.758
11752.0 1.758 1.59
15400.0 1.59 1.296
16768.0 1.296 1.08
14944.0 1.08 1.014
10970.0 1.014 1.081
6150.0 1.081 1.26
4387.0 1.26 1.678
4777.0 1.678 2.014
6379.0 2.014 1.903
9497.0 1.903 1.805
13484.0 1.805 1.537
16412.0 1.537 1.239
16643.0 1.239 1.053
13409.0 1.053 1.052
8877.0 1.052 1.185
4413.0 1.185 1.599
4597.0 1.599 1.918
6369.0 1.918 1.813
9741.0 1.813 1.704
13656.0 1.704 1.45
16260.0 1.45 1.187
16593.0 1.187 1.022
12717.0 1.022 1.044
7445.0 1.044 1.207
5066.0 1.207 1.409
4412.0 1.409 1.834
5052.0 1.834 1.83
8274.0 1.83 1.777
11476.0 1.777 1.608
15190.0 1.608 1.32
16900.0 1.32 1.085
15586.0 1.085 1.0
9526.0 1.0 1.122
4644.0 1.122 1.549
4309.0 1.549 1.858
5826.0 1.858 1.797
9250.0 1.797 1.7
12112.0 1.7 1.53
15772.0 1.53 1.239
17098.0 1.239 1.031
14791.0 1.031 1.0
10241.0 1.0 1.093
5107.0 1.093 1.306
4498.0 1.306 1.634
5759.0 1.634 1.584
9533.0 1.584 1.489
12815.0 1.489 1.3
16370.0 1.3 1.046
16706.0 1.046 1.0
11723.0 1.0 1.065
6505.0 1.065 1.231
4618.0 1.231 1.653
4654.0 1.653 1.984
6013.0 1.984 1.904
9341.0 1.904 1.813
13499.0 1.813 1.53
16319.0 1.53 1.247
17060.0 1.247 1.051
13958.0 1.051 1.033
9228.0 1.033 1.147
4638.0 1.147 1.587
4729.0 1.587 1.904
6378.0 1.904 1.799
9602.0 1.799 1.702
13493.0 1.702 1.455
16163.0 1.455 1.185
16466.0 1.185 1.02
12641.0 1.02 1.046
7747.0 1.046 1.182
5465.0 1.182 1.346
4219.0 1.346 1.758
5018.0 1.758 1.757
8764.0 1.757 1.684
11830.0 1.684 1.502
15601.0 1.502 1.222
17212.0 1.222 1.006
14962.0 1.006 1.0
10440.0 1.0 1.086
5222.0 1.086 1.299
4222.0 1.299 1.626
5704.0 1.626 1.58
9428.0 1.58 1.487
12766.0 1.487 1.301
15631.0 1.301 1.089
15394.0 1.089 1.0
12642.0 1.0 1.004
8264.0 1.004 1.124
6235.0 1.124 1.262
4770.0 1.262 1.677
4882.0 1.677 2.11
5978.0 2.11 2.028
9060.0 2.028 1.94
13194.0 1.94 1.655
17114.0 1.655 1.287
17190.0 1.287 1.103
12792.0 1.103 1.136
7718.0 1.136 1.299
4401.0 1.299 1.738
5016.0 1.738 1.737
8400.0 1.737 1.682
11862.0 1.682 1.488
15696.0 1.488 1.211
17229.0 1.211 1.0
14622.0 1.0 1.0
9992.0 1.0 1.105
4942.0 1.105 1.535
4291.0 1.535 1.843
5426.0 1.843 1.811
8858.0 1.811 1.723
12046.0 1.723 1.532
15736.0 1.532 1.239
17167.0 1.239 1.024
14692.0 1.024 1.0
10370.0 1.0 1.084
5320.0 1.084 1.286
4189.0 1.286 1.68
5766.0 1.68 1.629
9654.0 1.629 1.525
12972.0 1.525 1.328
16344.0 1.328 1.069
16833.0 1.069 1.0
12366.0 1.0 1.035
6896.0 1.035 1.212
4783.0 1.212 1.657
4447.0 1.657 1.989
5314.0 1.989 1.964
8664.0 1.964 1.887
12645.0 1.887 1.637
15933.0 1.637 1.333
16877.0 1.333 1.124
13658.0 1.124 1.113
9468.0 1.113 1.22
4878.0 1.22 1.687
4226.0 1.687 2.024
5099.0 2.024 2.016
8009.0 2.016 1.876
11223.0 1.876 1.712
15525.0 1.712 1.368
18721.0 1.368 1.05
15697.0 1.05 1.0
10699.0 1.0 1.094
4725.0 1.094 1.551
4327.0 1.551 1.861
4844.0 1.861 2.233
7778.0 2.233 2.104
11801.0 2.104 1.855
15047.0 1.855 1.532
17667.0 1.532 1.225
15775.0 1.225 1.131
9871.0 1.131 1.274
5265.0 1.274 1.509
4247.0 1.509 1.89
4780.0 1.89 2.268
7854.0 2.268 2.133
11298.0 2.133 1.937
14955.0 1.937 1.599
17507.0 1.599 1.283
16035.0 1.283 1.164
11229.0 1.164 1.254
6295.0 1.254 1.456
4349.0 1.456 1.974
4176.0 1.974 2.493
4866.0 2.493 2.991
7078.0 2.991 2.902
10030.0 2.902 2.712
13842.0 2.712 2.278
17419.0 2.278 1.779
17868.0 1.779 1.482
14252.0 1.482 1.467
8573.0 1.467 1.693
4873.0 1.693 2.305
4245.0 2.305 2.952
5422.0 2.952 2.902
7260.0 2.902 2.797
9954.0 2.797 2.652
13082.0 2.652 2.303
15637.0 2.303 1.927
15861.0 1.927 1.694
12861.0 1.694 1.704
8823.0 1.704 1.874
6129.0 1.874 2.114
4843.0 2.114 2.787
5921.0 2.787 2.684
7839.0 2.684 2.675
10914.0 2.675 2.449
14246.0 2.449 2.062
16741.0 2.062 1.675
15161.0 1.675 1.55
10437.0 1.55 1.683
7347.0 1.683 1.904
4703.0 1.904 2.546
5155.0 2.546 2.531
6921.0 2.531 2.467
10515.0 2.467 2.269
14375.0 2.269 1.905
16871.0 1.905 1.539
16687.0 1.539 1.329
11703.0 1.329 1.413
7811.0 1.413 1.608
4507.0 1.608 2.209
4243.0 2.209 2.65
5667.0 2.65 2.58
7945.0 2.58 2.556
11143.0 2.556 2.323
14555.0 2.323 1.947
16866.0 1.947 1.585
15978.0 1.585 1.421
12420.0 1.421 1.464
6846.0 1.464 1.69
4292.0 1.69 2.252
4536.0 2.252 2.703
6862.0 2.703 2.501
10255.0 2.501 2.325
14219.0 2.325 1.956
16823.0 1.956 1.57
16771.0 1.57 1.357
12551.0 1.357 1.403
6977.0 1.403 1.637
4423.0 1.637 2.164
4429.0 2.164 2.597
6871.0 2.597 2.403
10216.0 2.403 2.226
13612.0 2.226 1.895
16492.0 1.895 1.538
17140.0 1.538 1.299
12980.0 1.299 1.327
9046.0 1.327 1.475
4964.0 1.475 2.038
4321.0 2.038 2.551
5525.0 2.551 2.498
7891.0 2.498 2.347
11689.0 2.347 2.08
16025.0 2.08 1.639
18593.0 1.639 1.261
16789.0 1.261 1.135
10882.0 1.135 1.238
5406.0 1.238 1.495
4176.0 1.495 1.874
4908.0 1.874 2.249
7822.0 2.249 2.126
11506.0 2.126 1.901
14704.0 1.901 1.6
17256.0 1.6 1.284
15792.0 1.284 1.176
10671.0 1.176 1.281
6215.0 1.281 1.492
4661.0 1.492 1.974
4235.0 1.974 2.368
4995.0 2.368 2.842
7355.0 2.842 2.574
10703.0 2.574 2.36
14883.0 2.36 1.922
17988.0 1.922 1.487
16598.0 1.487 1.336
11816.0 1.336 1.418
7652.0 1.418 1.624
4192.0 1.624 2.196
4480.0 2.196 2.635
6028.0 2.635 2.527
8522.0 2.527 2.475
11597.0 2.475 2.25
14745.0 2.25 1.899
16029.0 1.899 1.616
14865.0 1.616 1.496
11700.0 1.496 1.55
7113.0 1.55 1.781
4949.0 1.781 2.373
5373.0 2.373 2.337
7745.0 2.337 2.326
11015.0 2.326 2.138
14383.0 2.138 1.819
16051.0 1.819 1.531
14867.0 1.531 1.416
11330.0 1.416 1.477
8222.0 1.477 1.625
5602.0 1.625 1.843
5114.0 1.843 1.938
7708.0 1.938 1.928
10414.0 1.928 1.794
13990.0 1.794 1.531
16498.0 1.531 1.246
16573.0 1.246 1.073
12949.0 1.073 1.088
8285.0 1.088 1.227
4431.0 1.227 1.669
4801.0 1.669 2.002
6291.0 2.002 1.899
9193.0 1.899 1.814
12985.0 1.814 1.573
15817.0 1.573 1.296
16171.0 1.296 1.123
13075.0 1.123 1.122
9207.0 1.122 1.229
5157.0 1.229 1.439
4501.0 1.439 1.892
5601.0 1.892 1.846
8515.0 1.846 1.802
11041.0 1.802 1.667
14365.0 1.667 1.41
15628.0 1.41 1.21
14713.0 1.21 1.117
10231.0 1.117 1.21
6359.0 1.21 1.382
5008.0 1.382 1.578
4944.0 1.578 2.067
5304.0 2.067 2.041
7630.0 2.041 2.042
10274.0 2.042 1.909
14078.0 1.909 1.606
17634.0 1.606 1.249
17006.0 1.249 1.092
11591.0 1.092 1.177
6445.0 1.177 1.403
4310.0 1.403 1.901
4290.0 1.901 2.281
5055.0 2.281 2.276
7311.0 2.276 2.181
9885.0 2.181 2.058
13218.0 2.058 1.777
16370.0 1.777 1.434
16342.0 1.434 1.256
12862.0 1.256 1.273
9076.0 1.273 1.405
5380.0 1.405 1.64
4176.0 1.64 2.141
4631.0 2.141 2.569
6905.0 2.569 2.374
9980.0 2.374 2.225
12911.0 2.225 1.962
15699.0 1.962 1.626
16287.0 1.626 1.402
13063.0 1.402 1.403
7843.0 1.403 1.601
4953.0 1.601 2.17
4382.0 2.17 2.603
6172.0 2.603 2.481
8168.0 2.481 2.446
11396.0 2.446 2.194
14968.0 2.194 1.826
16788.0 1.826 1.509
15592.0 1.509 1.38
