4596.0 1.0 1.0
4596.0 1.0 1.4
4596.0 1.4 1.68
4596.0 1.68 2.016
4512.0 2.016 2.419
4428.0 2.419 2.903
4454.0 2.903 3.484
4428.0 3.484 4.18
4489.0 4.18 5.016
4428.0 5.016 6.02
4508.0 6.02 7.224
5112.0 7.224 7.191
7079.0 7.191 7.323
10033.0 7.323 6.91
13684.0 6.91 5.891
17836.0 5.891 4.483
19102.0 4.483 3.549
15682.0 3.549 3.394
10026.0 3.394 3.788
5477.0 3.788 4.469
4176.0 4.469 5.835
4315.0 5.835 7.001
4846.0 7.001 8.402
6964.0 8.402 8.166
10429.0 8.166 7.498
15435.0 7.498 5.934
20083.0 5.934 4.174
21166.0 4.174 3.339
15534.0 3.339 3.268
8408.0 3.268 3.828
4284.0 3.828 5.287
4375.0 5.287 6.628
4510.0 6.628 7.954
4729.0 7.954 9.544
5719.0 9.544 9.27
8596.0 9.27 8.972
12506.0 8.972 7.8
17476.0 7.8 5.845
20905.0 5.845 4.375
18718.0 4.375 3.725
12522.0 3.725 4.034
6642.0 4.034 4.817
4417.0 4.817 6.482
4206.0 6.482 7.778
4739.0 7.778 9.333
5609.0 9.333 9.106
8178.0 9.106 8.972
11931.0 8.972 7.91
16750.0 7.91 6.034
20662.0 6.034 4.417
19738.0 4.417 3.58
13658.0 3.58 3.751
7988.0 3.751 4.348
4272.0 4.348 5.891
4236.0 5.891 7.069
4267.0 7.069 8.483
4812.0 8.483 10.18
6221.0 10.18 9.683
9165.0 9.683 9.276
13349.0 9.276 7.894
18095.0 7.894 5.847
20989.0 5.847 4.436
17893.0 4.436 3.923
11453.0 3.923 4.298
5843.0 4.298 5.229
4323.0 5.229 6.972
4195.0 6.972 8.366
4238.0 8.366 10.039
4989.0 10.039 12.047
6831.0 12.047 11.164
9985.0 11.164 10.398
14521.0 10.398 8.471
19309.0 8.471 6.047
21209.0 6.047 4.741
16917.0 4.741 4.377
10027.0 4.377 4.992
5341.0 4.992 6.005
4176.0 6.005 7.841
4176.0 7.841 9.409
4520.0 9.409 11.291
5354.0 11.291 11.131
7770.0 11.131 11.076
11192.0 11.076 10.025
15638.0 10.025 7.978
19716.0 7.978 5.773
19942.0 5.773 4.599
14748.0 4.599 4.642
8463.0 4.642 5.384
4492.0 5.384 7.406
4176.0 7.406 9.357
4179.0 9.357 11.229
4727.0 11.229 13.475
5847.0 13.475 13.018
8659.0 13.018 12.625
12523.0 12.625 10.995
17200.0 10.995 8.346
20452.0 8.346 6.199
18856.0 6.199 5.243
12976.0 5.243 5.589
7129.0 5.589 6.557
4177.0 6.557 8.818
4362.0 8.818 10.581
4331.0 10.581 12.697
5081.0 12.697 12.656
6649.0 12.656 12.465
9891.0 12.465 11.685
14352.0 11.685 9.617
18896.0 9.617 7.024
20664.0 7.024 5.441
16584.0 5.441 5.096
10684.0 5.096 5.677
5721.0 5.677 6.673
4234.0 6.673 8.843
4182.0 8.843 11.062
4508.0 11.062 13.275
5222.0 13.275 13.157
7562.0 13.157 12.496
11114.0 12.496 11.252
16086.0 11.252 8.611
20250.0 8.611 6.148
20397.0 6.148 4.919
15327.0 4.919 4.854
9282.0 4.854 5.568
4890.0 5.568 7.794
4176.0 7.794 9.745
4219.0 9.745 11.694
4341.0 11.694 14.033
5419.0 14.033 13.798
7883.0 13.798 13.709
11603.0 13.709 12.222
16195.0 12.222 9.529
20275.0 9.529 6.817
19889.0 6.817 5.483
14282.0 5.483 5.634
7954.0 5.634 6.545
4252.0 6.545 8.905
4334.0 8.905 11.134
4195.0 11.134 13.36
4964.0 13.36 16.032
6292.0 16.032 15.204
9388.0 15.204 14.423
13477.0 14.423 12.157
18421.0 12.157 8.915
21019.0 8.915 6.847
17970.0 6.847 6.033
11571.0 6.033 6.697
6195.0 6.697 8.045
4284.0 8.045 10.706
4176.0 10.706 12.847
4296.0 12.847 15.417
5073.0 15.417 15.372
7247.0 15.372 14.77
10565.0 14.77 13.602
14752.0 13.602 11.12
18916.0 11.12 8.142
19933.0 8.142 6.32
15909.0 6.32 6.086
10041.0 6.086 6.837
5489.0 6.837 8.139
4252.0 8.139 10.725
4181.0 10.725 12.869
4709.0 12.869 15.443
5929.0 15.443 14.869
8648.0 14.869 14.445
12664.0 14.445 12.452
17624.0 12.452 9.296
20912.0 9.296 6.837
19112.0 6.837 5.713
12876.0 5.713 6.095
7218.0 6.095 7.118
4220.0 7.118 9.731
4176.0 9.731 11.677
4232.0 11.677 14.013
4706.0 14.013 16.815
6358.0 16.815 15.902
9744.0 15.902 14.878
14355.0 14.878 12.131
19353.0 12.131 8.61
21789.0 8.61 6.783
17454.0 6.783 6.117
10623.0 6.117 6.989
6127.0 6.989 8.279
4273.0 8.279 11.302
4176.0 11.302 14.344
4539.0 14.344 17.213
5463.0 17.213 16.894
8235.0 16.894 15.631
12167.0 15.631 13.635
17051.0 13.635 10.308
20551.0 10.308 7.614
19249.0 7.614 6.32
13399.0 6.32 6.647
7439.0 6.647 8.017
4349.0 8.017 10.895
4200.0 10.895 13.659
4343.0 13.659 16.391
4884.0 16.391 19.669
6370.0 19.669 18.591
9931.0 18.591 17.194
14475.0 17.194 14.062
19401.0 14.062 10.003
21189.0 10.003 7.779
16885.0 7.779 7.192
10513.0 7.192 8.077
6247.0 8.077 9.617
4176.0 9.617 12.796
4176.0 12.796 15.355
4463.0 15.355 18.426
5057.0 18.426 18.384
7205.0 18.384 17.692
10445.0 17.692 16.347
14315.0 16.347 13.453
18347.0 13.453 10.083
19277.0 10.083 7.982
15317.0 7.982 7.77
9863.0 7.77 8.648
5629.0 8.648 10.389
4176.0 10.389 14.106
4314.0 14.106 16.927
4828.0 16.927 20.313
6054.0 20.313 19.456
9153.0 19.456 18.504
13465.0 18.504 15.401
18349.0 15.401 11.232
21641.0 11.232 8.609
18481.0 8.609 7.411
12106.0 7.411 8.109
6969.0 8.109 9.783
4176.0 9.783 13.383
4176.0 13.383 16.06
4363.0 16.06 19.271
4799.0 19.271 23.126
6533.0 23.126 21.708
9455.0 21.708 20.437
13758.0 20.437 17.168
18364.0 17.168 12.66
20836.0 12.66 9.709
17552.0 9.709 8.718
10958.0 8.718 9.691
6302.0 9.691 11.432
4276.0 11.432 15.148
4221.0 15.148 18.178
4490.0 18.178 21.813
5478.0 21.813 21.396
8073.0 21.396 21.08
11643.0 21.08 18.816
16107.0 18.816 14.781
20475.0 14.781 10.574
19827.0 10.574 8.532
14493.0 8.532 8.691
8547.0 8.691 10.012
4923.0 10.012 13.691
4200.0 13.691 16.43
4369.0 16.43 19.715
4699.0 19.715 23.658
5787.0 23.658 22.914
8538.0 22.914 20.997
12390.0 20.997 18.164
16476.0 18.164 13.906
19644.0 13.906 10.202
18345.0 10.202 8.713
12657.0 8.713 9.328
7323.0 9.328 11.155
4302.0 11.155 14.974
4234.0 14.974 17.969
4264.0 17.969 21.563
5024.0 21.563 21.542
6997.0 21.542 20.904
10189.0 20.904 19.327
14301.0 19.327 16.023
18528.0 16.023 11.817
19716.0 11.817 9.176
15936.0 9.176 8.778
9876.0 8.778 10.05
6014.0 10.05 11.914
4241.0 11.914 15.736
4294.0 15.736 18.883
4586.0 18.883 22.66
5969.0 22.66 21.781
9053.0 21.781 20.753
13037.0 20.753 17.829
18170.0 17.829 13.05
21395.0 13.05 9.82
18717.0 9.82 8.36
12565.0 8.36 8.973
7163.0 8.973 10.575
4176.0 10.575 14.223
4344.0 14.223 18.381
4571.0 18.381 22.058
5525.0 22.058 21.595
7859.0 21.595 21.405
12248.0 21.405 18.489
17028.0 18.489 13.951
21456.0 13.951 10.261
20088.0 10.261 8.209
13793.0 8.209 8.605
8123.0 8.605 9.958
4418.0 9.958 13.939
4238.0 13.939 16.726
4331.0 16.726 20.071
4951.0 20.071 24.086
6715.0 24.086 22.433
10215.0 22.433 20.619
14303.0 20.619 16.975
18972.0 16.975 12.28
20757.0 12.28 9.456
16428.0 9.456 8.916
10045.0 8.916 10.253
5928.0 10.253 12.15
4333.0 12.15 16.089
4201.0 16.089 19.306
4742.0 19.306 23.168
5815.0 23.168 22.412
8391.0 22.412 20.676
11839.0 20.676 18.216
15643.0 18.216 14.712
18801.0 14.712 11.033
18003.0 11.033 9.407
13251.0 9.407 9.719
8433.0 9.719 11.018
5539.0 11.018 12.727
4213.0 12.727 16.755
4269.0 16.755 20.106
4857.0 20.106 24.127
6957.0 24.127 22.239
10877.0 22.239 19.896
16098.0 19.896 15.183
21070.0 15.183 10.922
21698.0 10.922 8.737
16081.0 8.737 8.36
9571.0 8.36 9.758
5603.0 9.758 11.676
4303.0 11.676 15.83
4222.0 15.83 18.996
4296.0 18.996 22.795
5568.0 22.795 22.277
8384.0 22.277 20.502
12855.0 20.502 17.215
18571.0 17.215 12.122
22211.0 12.122 9.223
19595.0 9.223 7.528
13135.0 7.528 8.059
7567.0 8.059 9.5
4475.0 9.5 13.194
4213.0 13.194 17.012
4399.0 17.012 20.414
5227.0 20.414 20.229
7502.0 20.229 19.262
10328.0 19.262 17.88
15020.0 17.88 14.257
19236.0 14.257 10.205
20448.0 10.205 7.948
15817.0 7.948 7.688
10051.0 7.688 8.757
5791.0 8.757 10.43
4176.0 10.43 13.683
4219.0 13.683 16.42
5012.0 16.42 16.412
6844.0 16.412 16.024
10232.0 16.024 14.736
14812.0 14.736 11.854
