4680.0 1.0 1.0
4680.0 1.0 1.4
4680.0 1.4 1.68
4680.0 1.68 2.016
4596.0 2.016 2.419
4512.0 2.419 2.903
4538.0 2.903 3.484
4512.0 3.484 4.18
4573.0 4.18 5.016
4512.0 5.016 6.02
4592.0 6.02 7.224
5196.0 7.224 7.167
7163.0 7.167 7.286
10173.0 7.286 6.816
13854.0 6.816 5.779
17886.0 5.779 4.414
19305.0 4.414 3.462
15398.0 3.462 3.357
9490.0 3.357 3.794
5726.0 3.794 4.418
4264.0 4.418 5.8
4258.0 5.8 6.96
4678.0 6.96 8.351
6126.0 8.351 7.975
9297.0 7.975 7.584
13878.0 7.584 6.296
18897.0 6.296 4.506
21546.0 4.506 3.519
17454.0 3.519 3.174
10602.0 3.174 3.585
6006.0 3.585 4.265
4359.0 4.265 5.682
4348.0 5.682 6.819
4546.0 6.819 8.182
5474.0 8.182 8.027
8018.0 8.027 7.925
11446.0 7.925 7.127
16184.0 7.127 5.551
20258.0 5.551 3.986
19880.0 3.986 3.208
14062.0 3.208 3.325
7924.0 3.325 3.884
4247.0 3.884 5.232
4176.0 5.232 6.278
4336.0 6.278 7.534
5172.0 7.534 7.482
7211.0 7.482 7.207
10900.0 7.207 6.539
15728.0 6.539 5.131
19848.0 5.131 3.679
19954.0 3.679 2.94
14923.0 2.94 2.948
8101.0 2.948 3.471
4546.0 3.471 4.766
4349.0 4.766 6.002
4490.0 6.002 7.202
5027.0 7.202 7.194
6638.0 7.194 7.085
10178.0 7.085 6.562
14318.0 6.562 5.428
19370.0 5.428 3.868
20394.0 3.868 3.032
15942.0 3.032 2.917
9726.0 2.917 3.319
4866.0 3.319 4.64
4338.0 4.64 5.844
4347.0 5.844 7.013
4699.0 7.013 8.415
6015.0 8.415 8.074
8901.0 8.074 7.756
13179.0 7.756 6.534
18258.0 6.534 4.731
21138.0 4.731 3.568
18450.0 3.568 3.076
11946.0 3.076 3.383
6280.0 3.383 4.006
4437.0 4.006 5.316
4305.0 5.316 6.379
4526.0 6.379 7.655
5614.0 7.655 7.467
8488.0 7.467 7.277
12040.0 7.277 6.446
16836.0 6.446 4.932
20302.0 4.932 3.6
18910.0 3.6 3.037
12664.0 3.037 3.241
6907.0 3.241 3.841
4176.0 3.841 5.128
4338.0 5.128 6.154
4350.0 6.154 7.385
5246.0 7.385 7.312
7343.0 7.312 7.011
10766.0 7.011 6.419
15293.0 6.419 5.146
19577.0 5.146 3.708
20129.0 3.708 2.925
15671.0 2.925 2.846
9095.0 2.846 3.273
4388.0 3.273 4.49
4176.0 4.49 5.617
4399.0 5.617 6.741
4924.0 6.741 8.089
6548.0 8.089 7.588
9992.0 7.588 7.074
14423.0 7.074 5.814
19229.0 5.814 4.163
20657.0 4.163 3.257
15726.0 3.257 3.162
8999.0 3.162 3.657
4615.0 3.657 5.036
4228.0 5.036 6.315
4334.0 6.315 7.578
4614.0 7.578 9.094
6268.0 9.094 8.633
9600.0 8.633 8.115
14016.0 8.115 6.743
19182.0 6.743 4.801
21410.0 4.801 3.754
17191.0 3.754 3.425
10699.0 3.425 3.839
5509.0 3.839 4.559
4188.0 4.559 5.985
4507.0 5.985 7.182
4659.0 7.182 8.619
6003.0 8.619 8.273
9307.0 8.273 7.847
13377.0 7.847 6.644
18121.0 6.644 4.917
20644.0 4.917 3.735
17126.0 3.735 3.417
10798.0 3.417 3.817
5746.0 3.817 4.559
4176.0 4.559 6.035
4378.0 6.035 7.242
4624.0 7.242 8.69
6008.0 8.69 8.34
9368.0 8.34 7.88
13696.0 7.88 6.617
18576.0 6.617 4.822
21108.0 4.822 3.713
17400.0 3.713 3.356
10876.0 3.356 3.764
5851.0 3.764 4.474
4193.0 4.474 5.904
4233.0 5.904 7.084
4395.0 7.084 8.501
5591.0 8.501 8.3
8537.0 8.3 8.059
11984.0 8.059 7.169
16628.0 7.169 5.545
20210.0 5.545 4.064
18460.0 4.064 3.502
12946.0 3.502 3.705
7126.0 3.705 4.344
4321.0 4.344 5.824
4176.0 5.824 6.989
4386.0 6.989 8.387
5266.0 8.387 8.297
8044.0 8.297 7.724
11828.0 7.724 6.846
16521.0 6.846 5.275
20595.0 5.275 3.825
19606.0 3.825 3.12
14266.0 3.12 3.2
7768.0 3.2 3.756
4636.0 3.756 5.115
4373.0 5.115 6.584
4596.0 6.584 7.9
5176.0 7.9 7.845
7643.0 7.845 7.819
11719.0 7.819 6.879
16639.0 6.879 5.236
20951.0 5.236 3.782
20562.0 3.782 3.026
14108.0 3.026 3.134
7016.0 3.134 3.759
4236.0 3.759 5.092
4176.0 5.092 6.597
4192.0 6.597 7.917
5213.0 7.917 7.849
6766.0 7.849 7.704
10574.0 7.704 7.051
15154.0 7.051 5.666
19656.0 5.666 4.054
20286.0 4.054 3.213
15490.0 3.213 3.15
9544.0 3.15 3.56
5372.0 3.56 4.183
4212.0 4.183 5.244
4233.0 5.244 6.293
5280.0 6.293 6.222
7220.0 6.222 6.314
11342.0 6.314 5.555
16445.0 5.555 4.237
20809.0 4.237 3.08
20054.0 3.08 2.464
13734.0 2.464 2.588
6753.0 2.588 3.134
4176.0 3.134 4.147
4176.0 4.147 4.976
4923.0 4.976 5.971
6972.0 5.971 5.5
10066.0 5.5 5.103
14021.0 5.103 4.263
18194.0 4.263 3.182
19216.0 3.182 2.53
15036.0 2.53 2.486
9177.0 2.486 2.845
5115.0 2.845 3.355
4307.0 3.355 4.507
4223.0 4.507 5.408
5254.0 5.408 5.353
7742.0 5.353 5.331
11780.0 5.331 4.713
16916.0 4.713 3.56
20920.0 3.56 2.625
19732.0 2.625 2.128
12914.0 2.128 2.288
6446.0 2.288 2.744
4447.0 2.744 3.662
4348.0 3.662 4.394
4525.0 4.394 5.273
6151.0 5.273 5.03
9151.0 5.03 4.817
13441.0 4.817 4.068
18401.0 4.068 2.984
20801.0 2.984 2.281
17061.0 2.281 2.093
10385.0 2.093 2.365
5582.0 2.365 2.815
4176.0 2.815 3.715
4210.0 3.715 4.458
5208.0 4.458 4.421
7590.0 4.421 4.193
10702.0 4.193 3.847
15838.0 3.847 3.003
20370.0 3.003 2.158
19538.0 2.158 1.766
13991.0 1.766 1.827
7958.0 1.827 2.174
4342.0 2.174 3.026
4387.0 3.026 3.632
4601.0 3.632 4.358
5913.0 4.358 4.199
9501.0 4.199 3.959
13721.0 3.959 3.317
18278.0 3.317 2.442
19834.0 2.442 1.873
15964.0 1.873 1.794
9096.0 1.794 2.066
5392.0 2.066 2.423
4210.0 2.423 3.162
4720.0 3.162 3.795
6434.0 3.795 3.577
9332.0 3.577 3.399
13328.0 3.399 2.888
17990.0 2.888 2.126
19691.0 2.126 1.63
16038.0 1.63 1.554
8746.0 1.554 1.797
4510.0 1.797 2.51
4475.0 2.51 3.247
4590.0 3.247 3.896
5520.0 3.896 3.815
8844.0 3.815 3.647
12840.0 3.647 3.107
18096.0 3.107 2.282
21246.0 2.282 1.741
18696.0 1.741 1.483
12304.0 1.483 1.606
5215.0 1.606 1.958
4245.0 1.958 2.58
4397.0 2.58 3.096
5325.0 3.096 3.056
7513.0 3.056 3.066
11821.0 3.066 2.67
17450.0 2.67 1.951
21320.0 1.951 1.453
19751.0 1.453 1.177
12039.0 1.177 1.313
6169.0 1.313 1.559
4176.0 1.559 2.103
4570.0 2.103 2.524
5313.0 2.524 2.492
8363.0 2.492 2.422
12641.0 2.422 2.087
17677.0 2.087 1.541
20621.0 1.541 1.147
17177.0 1.147 1.047
9371.0 1.047 1.21
4251.0 1.21 1.645
4525.0 1.645 1.974
5354.0 1.974 1.946
8808.0 1.946 1.854
13932.0 1.854 1.533
18472.0 1.533 1.149
18096.0 1.149 1.0
12420.0 1.0 1.068
6110.0 1.068 1.288
4264.0 1.288 1.712
4501.0 1.712 2.054
5531.0 2.054 2.011
9825.0 2.011 1.859
15954.0 1.859 1.42
21466.0 1.42 1.016
20778.0 1.016 1.0
13314.0 1.0 1.067
6332.0 1.067 1.277
4177.0 1.277 1.685
4215.0 1.685 2.022
5012.0 2.022 2.021
8754.0 2.021 1.922
14865.0 1.922 1.507
20889.0 1.507 1.05
21481.0 1.05 1.0
15229.0 1.0 1.0
8583.0 1.0 1.19
4405.0 1.19 1.634
4999.0 1.634 1.961
6634.0 1.961 1.833
10282.0 1.833 1.694
15607.0 1.694 1.332
19771.0 1.332 1.0
17675.0 1.0 1.0
9050.0 1.0 1.191
4387.0 1.191 1.645
4825.0 1.645 1.974
6662.0 1.974 1.843
10452.0 1.843 1.676
16356.0 1.676 1.257
18124.0 1.257 1.0
14422.0 1.0 1.0
8450.0 1.0 1.165
4247.0 1.165 1.557
5269.0 1.557 1.54
7738.0 1.54 1.534
12978.0 1.534 1.287
18126.0 1.287 1.0
20031.0 1.0 1.0
14850.0 1.0 1.005
8372.0 1.005 1.159
5088.0 1.159 1.349
4303.0 1.349 1.807
4739.0 1.807 2.169
8747.0 2.169 1.844
14870.0 1.844 1.413
21578.0 1.413 1.0
21774.0 1.0 1.0
14577.0 1.0 1.017
7763.0 1.017 1.232
4580.0 1.232 1.714
4255.0 1.714 2.203
4868.0 2.203 2.643
7110.0 2.643 2.556
11466.0 2.556 2.273
16054.0 2.273 1.768
19151.0 1.768 1.347
16518.0 1.347 1.248
10308.0 1.248 1.396
5086.0 1.396 1.651
4176.0 1.651 2.222
4302.0 2.222 2.666
6787.0 2.666 2.476
11983.0 2.476 2.128
17319.0 2.128 1.565
18385.0 1.565 1.271
13765.0 1.271 1.293
6685.0 1.293 1.557
4246.0 1.557 1.972
5288.0 1.972 1.949
7978.0 1.949 1.922
10736.0 1.922 1.774
13511.0 1.774 1.547
15353.0 1.547 1.323
14927.0 1.323 1.204
11729.0 1.204 1.24
8365.0 1.24 1.365
5413.0 1.365 1.548
4851.0 1.548 2.025
4854.0 2.025 2.43
6506.0 2.43 2.42
8626.0 2.42 2.377
11596.0 2.377 2.161
15356.0 2.161 1.778
17028.0 1.778 1.451
15920.0 1.451 1.311
11387.0 1.311 1.395
7323.0 1.395 1.605
4303.0 1.605 2.173
4248.0 2.173 2.608
6242.0 2.608 2.478
8752.0 2.478 2.398
12385.0 2.398 2.104
16437.0 2.104 1.653
17955.0 1.653 1.34
14991.0 1.34 1.291
9018.0 1.291 1.487
4588.0 1.487 2.026
4190.0 2.026 2.609
5846.0 2.609 2.521
8274.0 2.521 2.477
11745.0 2.477 2.195
15657.0 2.195 1.777
18341.0 1.777 1.397
16205.0 1.397 1.279
10667.0 1.279 1.4
6027.0 1.4 1.655
4279.0 1.655 2.251
4349.0 2.251 2.702
5878.0 2.702 2.607
7772.0 2.607 2.471
10988.0 2.471 2.274
14028.0 2.274 1.955
15968.0 1.955 1.633
15228.0 1.633 1.482
12645.0 1.482 1.482
7977.0 1.482 1.673
5231.0 1.673 1.942
4961.0 1.942 2.431
7599.0 2.431 2.304
11289.0 2.304 2.093
15441.0 2.093 1.687
17353.0 1.687 1.365
15801.0 1.365 1.252
10926.0 1.252 1.365
6416.0 1.365 1.607
4240.0 1.607 2.031
5061.0 2.031 2.026
8083.0 2.026 1.879
10749.0 1.879 1.733
14649.0 1.733 1.429
18161.0 1.429 1.106
15261.0 1.106 1.056
10905.0 1.056 1.143
5403.0 1.143 1.394
4258.0 1.394 1.842
4625.0 1.842 2.21
7715.0 2.21 1.97
11705.0 1.97 1.753
15137.0 1.753 1.449
16949.0 1.449 1.189
15089.0 1.189 1.113
9485.0 1.113 1.231
5229.0 1.231 1.434
4348.0 1.434 1.872
5011.0 1.872 1.872
8253.0 1.872 1.722
11659.0 1.722 1.541
15421.0 1.541 1.262
17203.0 1.262 1.026
15100.0 1.026 1.0
10814.0 1.0 1.074
5932.0 1.074 1.262
4369.0 1.262 1.66
5014.0 1.66 1.66
6731.0 1.66 1.628
10495.0 1.628 1.489
14836.0 1.489 1.217
17131.0 1.217 1.0
15211.0 1.0 1.0
11169.0 1.0 1.062
5867.0 1.062 1.238
4299.0 1.238 1.628
5032.0 1.628 1.626
6732.0 1.626 1.595
10622.0 1.595 1.454
15065.0 1.454 1.189
17039.0 1.189 1.0
14534.0 1.0 1.0
10240.0 1.0 1.088
5358.0 1.088 1.282
4190.0 1.282 1.69
5837.0 1.69 1.634
9617.0 1.634 1.535
12799.0 1.535 1.337
16117.0 1.337 1.087
16150.0 1.087 1.0
11743.0 1.0 1.049
6945.0 1.049 1.216
4776.0 1.216 1.654
4334.0 1.654 1.985
5359.0 1.985 1.956
8775.0 1.956 1.872
14133.0 1.872 1.518
18845.0 1.518 1.116
18433.0 1.116 1.0
12097.0 1.0 1.085
5535.0 1.085 1.315
4198.0 1.315 1.651
4395.0 1.651 1.981
5914.0 1.981 1.909
9146.0 1.909 1.804
13763.0 1.804 1.507
16937.0 1.507 1.199
17109.0 1.199 1.026
12264.0 1.026 1.08
6888.0 1.08 1.246
4610.0 1.246 1.695
4619.0 1.695 2.034
5684.0 2.034 1.979
8636.0 1.979 1.903
12881.0 1.903 1.643
16028.0 1.643 1.328
17388.0 1.328 1.101
14103.0 1.101 1.082
9597.0 1.082 1.195
4567.0 1.195 1.657
4221.0 1.657 2.089
5173.0 2.089 2.075
8007.0 2.075 1.933
10869.0 1.933 1.772
14811.0 1.772 1.468
17583.0 1.468 1.172
15067.0 1.172 1.11
8980.0 1.11 1.253
4348.0 1.253 1.695
4349.0 1.695 2.034
5665.0 2.034 1.98
8531.0 1.98 1.915
11253.0 1.915 1.757
14400.0 1.757 1.495
15852.0 1.495 1.266
15030.0 1.266 1.159
10884.0 1.159 1.237
7142.0 1.237 1.39
4654.0 1.39 1.85
5131.0 1.85 1.84
8347.0 1.84 1.688
11599.0 1.688 1.499
15823.0 1.499 1.203
17563.0 1.203 1.0
15232.0 1.0 1.0
10350.0 1.0 1.102
4964.0 1.102 1.527
4273.0 1.527 1.924
5629.0 1.924 1.876
9029.0 1.876 1.792
12989.0 1.792 1.547
15905.0 1.547 1.267
16409.0 1.267 1.083
13376.0 1.083 1.078
8952.0 1.078 1.223
4872.0 1.223 1.656
4434.0 1.656 1.987
5801.0 1.987 1.923
9143.0 1.923 1.821
13355.0 1.821 1.557
16325.0 1.557 1.253
16549.0 1.253 1.086
12958.0 1.086 1.1
7906.0 1.1 1.26
4227.0 1.26 1.678
4721.0 1.678 2.014
6323.0 2.014 1.907
9777.0 1.907 1.779
13794.0 1.779 1.497
16689.0 1.497 1.196
17148.0 1.196 1.005
13425.0 1.005 1.006
8115.0 1.006 1.156
5846.0 1.156 1.332
4255.0 1.332 1.793
4818.0 1.793 2.151
7994.0 2.151 2.004
12176.0 2.004 1.768
15491.0 1.768 1.45
17123.0 1.45 1.194
15353.0 1.194 1.109
9497.0 1.109 1.25
5101.0 1.25 1.493
4258.0 1.493 1.947
5234.0 1.947 1.929
8572.0 1.929 1.853
11492.0 1.853 1.668
15206.0 1.668 1.373
17206.0 1.373 1.122
15211.0 1.122 1.051
8752.0 1.051 1.213
4276.0 1.213 1.658
4552.0 1.658 1.99
6010.0 1.99 1.91
9448.0 1.91 1.795
13483.0 1.795 1.531
16582.0 1.531 1.232
16938.0 1.232 1.055
12744.0 1.055 1.083
7484.0 1.083 1.258
5063.0 1.258 1.466
4281.0 1.466 1.91
5013.0 1.91 1.909
7843.0 1.909 1.787
11339.0 1.787 1.606
15473.0 1.606 1.307
17918.0 1.307 1.027
16760.0 1.027 1.0
9716.0 1.0 1.135
4666.0 1.135 1.57
4584.0 1.57 1.884
5754.0 1.884 1.827
9216.0 1.827 1.742
12232.0 1.742 1.551
15829.0 1.551 1.262
17302.0 1.262 1.031
15025.0 1.031 1.0
10487.0 1.0 1.085
5269.0 1.085 1.29
4335.0 1.29 1.685
5348.0 1.685 1.661
9096.0 1.661 1.584
12366.0 1.584 1.402
16191.0 1.402 1.116
17100.0 1.116 1.0
13371.0 1.0 1.005
8321.0 1.005 1.148
5716.0 1.148 1.31
4323.0 1.31 1.753
4657.0 1.753 2.103
6557.0 2.103 1.972
9697.0 1.972 1.855
13396.0 1.855 1.596
15949.0 1.596 1.319
16781.0 1.319 1.122
13280.0 1.122 1.128
8894.0 1.128 1.252
4496.0 1.252 1.724
4550.0 1.724 2.069
6034.0 2.069 1.983
9040.0 1.983 1.899
12895.0 1.899 1.649
15847.0 1.649 1.349
16279.0 1.349 1.164
13450.0 1.164 1.149
9262.0 1.149 1.266
5056.0 1.266 1.491
4239.0 1.491 1.865
4980.0 1.865 2.238
8354.0 2.238 2.072
12404.0 2.072 1.825
16260.0 1.825 1.471
17404.0 1.471 1.224
13168.0 1.224 1.25
9106.0 1.25 1.396
5086.0 1.396 1.623
4246.0 1.623 2.116
4696.0 2.116 2.54
7550.0 2.54 2.281
11432.0 2.281 2.036
15348.0 2.036 1.669
17396.0 1.669 1.356
15548.0 1.356 1.256
10466.0 1.256 1.382
6170.0 1.382 1.63
4215.0 1.63 2.057
5249.0 2.057 2.036
8459.0 2.036 1.971
12479.0 1.971 1.711
15665.0 1.711 1.406
17425.0 1.406 1.153
14938.0 1.153 1.093
8752.0 1.093 1.235
4388.0 1.235 1.68
4649.0 1.68 2.016
6173.0 2.016 1.921
9469.0 1.921 1.826
14089.0 1.826 1.511
18181.0 1.511 1.14
17653.0 1.14 1.0
11560.0 1.0 1.09
5502.0 1.09 1.321
4384.0 1.321 1.765
4873.0 1.765 2.118
7901.0 2.118 1.872
10677.0 1.872 1.726
14445.0 1.726 1.443
16644.0 1.443 1.178
16131.0 1.178 1.043
11328.0 1.043 1.112
6382.0 1.112 1.297
4581.0 1.297 1.741
4176.0 1.741 2.192
5371.0 2.192 2.159
8331.0 2.159 2.102
12303.0 2.102 1.847
16055.0 1.847 1.483
17247.0 1.483 1.227
13275.0 1.227 1.24
9251.0 1.24 1.376
5453.0 1.376 1.609
4299.0 1.609 2.107
4664.0 2.107 2.529
7398.0 2.529 2.286
11235.0 2.286 2.048
14515.0 2.048 1.743
16075.0 1.743 1.478
14331.0 1.478 1.402
10371.0 1.402 1.511
7143.0 1.511 1.715
5033.0 1.715 1.964
5175.0 1.964 2.049
8251.0 2.049 2.0
13021.0 2.0 1.702
17209.0 1.702 1.312
18021.0 1.312 1.075
14325.0 1.075 1.062
9439.0 1.062 1.178
4179.0 1.178 1.638
4368.0 1.638 1.965
5930.0 1.965 1.892
9346.0 1.892 1.775
13678.0 1.775 1.493
16873.0 1.493 1.178
17290.0 1.178 1.0
13246.0 1.0 1.015
7944.0 1.015 1.171
5331.0 1.171 1.379
4285.0 1.379 1.729
4911.0 1.729 2.074
8747.0 2.074 1.874
12743.0 1.874 1.616
15935.0 1.616 1.312
17543.0 1.312 1.078
14099.0 1.078 1.061
9601.0 1.061 1.187
4603.0 1.187 1.636
4334.0 1.636 2.055
5555.0 2.055 2.009
8589.0 2.009 1.952
12774.0 1.952 1.685
16254.0 1.685 1.343
17366.0 1.343 1.113
14453.0 1.113 1.08
10275.0 1.08 1.187
5215.0 1.187 1.398
4246.0 1.398 1.842
4871.0 1.842 2.211
8217.0 2.211 2.046
12042.0 2.046 1.803
15699.0 1.803 1.469
17543.0 1.469 1.191
14615.0 1.191 1.149
8117.0 1.149 1.326
4176.0 1.326 1.804
4565.0 1.804 2.165
6016.0 2.165 2.077
9134.0 2.077 1.993
12812.0 1.993 1.729
16436.0 1.729 1.386
16464.0 1.386 1.202
13128.0 1.202 1.208
8978.0 1.208 1.337
4898.0 1.337 1.82
4225.0 1.82 2.299
4792.0 2.299 2.758
7522.0 2.758 2.48
10936.0 2.48 2.259
14784.0 2.259 1.867
17380.0 1.867 1.494
16924.0 1.494 1.297
12898.0 1.297 1.331
8946.0 1.331 1.47
5158.0 1.47 1.74
4310.0 1.74 2.266
4684.0 2.266 2.719
6890.0 2.719 2.514
10676.0 2.514 2.284
15212.0 2.284 1.833
18641.0 1.833 1.393
17021.0 1.393 1.25
11258.0 1.25 1.375
6064.0 1.375 1.629
4287.0 1.629 2.162
4824.0 2.162 2.594
5746.0 2.594 2.517
8054.0 2.517 2.354
11342.0 2.354 2.138
15638.0 2.138 1.717
17810.0 1.717 1.362
16530.0 1.362 1.213
11616.0 1.213 1.289
6840.0 1.289 1.509
4311.0 1.509 1.914
5433.0 1.914 1.881
8367.0 1.881 1.824
10809.0 1.824 1.706
13713.0 1.706 1.482
14982.0 1.482 1.291
14259.0 1.291 1.199
10503.0 1.199 1.27
6991.0 1.27 1.435
5029.0 1.435 1.63
5189.0 1.63 1.783
7595.0 1.783 1.781
10971.0 1.781 1.636
15141.0 1.636 1.327
17877.0 1.327 1.037
17346.0 1.037 1.0
11043.0 1.0 1.103
5321.0 1.103 1.304
4474.0 1.304 1.702
4966.0 1.702 2.043
8062.0 2.043 1.896
10712.0 1.896 1.769
13391.0 1.769 1.545
14690.0 1.545 1.352
14336.0 1.352 1.245
11465.0 1.245 1.281
8313.0 1.281 1.407
5965.0 1.407 1.582
5421.0 1.582 1.765
6249.0 1.765 1.865
8521.0 1.865 1.843
11389.0 1.843 1.682
15277.0 1.682 1.367
17865.0 1.367 1.088
15876.0 1.088 1.002
9207.0 1.002 1.134
4275.0 1.134 1.538
4587.0 1.538 1.846
6571.0 1.846 1.73
9515.0 1.73 1.644
12265.0 1.644 1.465
15496.0 1.465 1.207
16594.0 1.207 1.021
13744.0 1.021 1.002
9370.0 1.002 1.099
4938.0 1.099 1.497
4483.0 1.497 1.797
5730.0 1.797 1.745
9348.0 1.745 1.648
12432.0 1.648 1.448
15951.0 1.448 1.164
17094.0 1.164 1.0
13887.0 1.0 1.0
8837.0 1.0 1.131
4459.0 1.131 1.557
4828.0 1.557 1.868
6373.0 1.868 1.765
9929.0 1.765 1.646
14810.0 1.646 1.323
18149.0 1.323 1.011
18152.0 1.011 1.0
11987.0 1.0 1.077
5677.0 1.077 1.306
4210.0 1.306 1.761
4598.0 1.761 2.113
6016.0 2.113 2.027
8772.0 2.027 1.959
12567.0 1.959 1.723
15504.0 1.723 1.415
16308.0 1.415 1.212
13854.0 1.212 1.182
10504.0 1.182 1.26
6380.0 1.26 1.47
4802.0 1.47 1.994
4430.0 1.994 2.502
6624.0 2.502 2.467
8860.0 2.467 2.381
12280.0 2.381 2.105
15644.0 2.105 1.711
17652.0 1.711 1.369
15296.0 1.369 1.287
10139.0 1.287 1.428
6081.0 1.428 1.68
4246.0 1.68 2.118
5057.0 2.118 2.113
7749.0 2.113 1.988
10589.0 1.988 1.841
14051.0 1.841 1.558
16951.0 1.558 1.252
15423.0 1.252 1.152
10467.0 1.152 1.253
6303.0 1.253 1.465
4687.0 1.465 1.977
4234.0 1.977 2.484
5020.0 2.484 2.482
7374.0 2.482 2.371
11106.0 2.371 2.144
15166.0 2.144 1.748
18058.0 1.748 1.364
17118.0 1.364 1.195
12402.0 1.195 1.258
7670.0 1.258 1.435
4393.0 1.435 1.951
4742.0 1.951 2.342
7592.0 2.342 2.099
11051.0 2.099 1.909
14015.0 1.909 1.64
16223.0 1.64 1.371
14775.0 1.371 1.278
10566.0 1.278 1.368
6918.0 1.368 1.567
4652.0 1.567 2.081
5058.0 2.081 2.077
7694.0 2.077 1.958
10226.0 1.958 1.831
13913.0 1.831 1.549
17133.0 1.549 1.235
15897.0 1.235 1.117
10410.0 1.117 1.23
5700.0 1.23 1.456
4206.0 1.456 1.912
4467.0 1.912 2.294
7221.0 2.294 2.09
10273.0 2.09 1.949
14026.0 1.949 1.644
17610.0 1.644 1.275
17218.0 1.275 1.101
12457.0 1.101 1.159
7197.0 1.159 1.351
5117.0 1.351 1.577
4256.0 1.577 2.087
4540.0 2.087 2.504
7280.0 2.504 2.275
11018.0 2.275 2.073
14582.0 2.073 1.704
17682.0 1.704 1.34
17086.0 1.34 1.163
12541.0 1.163 1.215
7597.0 1.215 1.388
4306.0 1.388 1.847
4526.0 1.847 2.216
6000.0 2.216 2.127
8792.0 2.127 2.048
12419.0 2.048 1.79
15575.0 1.79 1.487
16275.0 1.487 1.288
13593.0 1.288 1.269
8442.0 1.269 1.434
5122.0 1.434 1.647
4439.0 1.647 2.06
5609.0 2.06 2.01
8497.0 2.01 1.948
12691.0 1.948 1.688
15976.0 1.688 1.377
17048.0 1.377 1.152
14435.0 1.152 1.113
10021.0 1.113 1.226
5261.0 1.226 1.427
4176.0 1.427 1.888
4727.0 1.888 2.266
7625.0 2.266 2.028
11312.0 2.028 1.829
14609.0 1.829 1.526
16465.0 1.526 1.273
15478.0 1.273 1.161
10864.0 1.161 1.241
6640.0 1.241 1.429
5291.0 1.429 1.603
4589.0 1.603 2.103
5283.0 2.103 2.079
7833.0 2.079 1.953
10291.0 1.953 1.805
14287.0 1.805 1.521
16907.0 1.521 1.233
15443.0 1.233 1.139
9845.0 1.139 1.275
5429.0 1.275 1.473
4176.0 1.473 1.928
4841.0 1.928 2.314
7925.0 2.314 2.043
11675.0 2.043 1.819
15401.0 1.819 1.49
17821.0 1.49 1.189
15389.0 1.189 1.117
8855.0 1.117 1.293
4235.0 1.293 1.744
4444.0 1.744 2.194
5732.0 2.194 2.129
8530.0 2.129 2.074
12505.0 2.074 1.812
16041.0 1.812 1.463
17297.0 1.463 1.212
14678.0 1.212 1.16
8813.0 1.16 1.315
4835.0 1.315 1.817
4280.0 1.817 2.18
5276.0 2.18 2.156
8194.0 2.156 2.106
11644.0 2.106 1.905
14398.0 1.905 1.626
16062.0 1.626 1.373
14090.0 1.373 1.315
9740.0 1.315 1.43
6302.0 1.43 1.634
4648.0 1.634 2.168
5441.0 2.168 2.13
8149.0 2.13 2.097
11959.0 2.097 1.856
14404.0 1.856 1.59
16020.0 1.59 1.353
13756.0 1.353 1.313
9217.0 1.313 1.442
6097.0 1.442 1.625
4961.0 1.625 2.048
6061.0 2.048 1.962
8901.0 1.962 1.88
13371.0 1.88 1.579
16857.0 1.579 1.234
18217.0 1.234 1.001
14563.0 1.001 1.0
9017.0 1.0 1.149
4223.0 1.149 1.586
5241.0 1.586 1.571
6635.0 1.571 1.631
10159.0 1.631 1.51
12403.0 1.51 1.368
15355.0 1.368 1.153
14977.0 1.153 1.046
11473.0 1.046 1.087
7333.0 1.087 1.226
5777.0 1.226 1.382
5017.0 1.382 1.561
5205.0 1.561 1.627
6094.0 1.627 1.722
9316.0 1.722 1.648
12358.0 1.648 1.461
16300.0 1.461 1.17
17941.0 1.17 1.0
14929.0 1.0 1.0
9879.0 1.0 1.098
4745.0 1.098 1.532
4431.0 1.532 1.838
5552.0 1.838 1.797
8624.0 1.797 1.738
11740.0 1.738 1.555
15304.0 1.555 1.274
17233.0 1.274 1.033
15316.0 1.033 1.0
10892.0 1.0 1.083
5842.0 1.083 1.259
4255.0 1.259 1.658
4755.0 1.658 1.99
6381.0 1.99 1.88
9399.0 1.88 1.791
13224.0 1.791 1.533
16041.0 1.533 1.259
17067.0 1.259 1.051
13908.0 1.051 1.034
9344.0 1.034 1.146
4852.0 1.146 1.59
4379.0 1.59 1.908
5618.0 1.908 1.861
8692.0 1.861 1.793
11458.0 1.793 1.627
14797.0 1.627 1.356
16195.0 1.356 1.141
14812.0 1.141 1.064
9409.0 1.064 1.19
5367.0 1.19 1.369
4486.0 1.369 1.803
5709.0 1.803 1.752
8771.0 1.752 1.683
12063.0 1.683 1.504
16071.0 1.504 1.199
17364.0 1.199 1.0
14874.0 1.0 1.0
9656.0 1.0 1.111
4774.0 1.111 1.553
4509.0 1.553 1.864
5539.0 1.864 1.824
8825.0 1.824 1.752
11575.0 1.752 1.584
14998.0 1.584 1.32
16300.0 1.32 1.118
14404.0 1.118 1.062
10962.0 1.062 1.121
6476.0 1.121 1.294
4986.0 1.294 1.733
4594.0 1.733 2.079
5851.0 2.079 2.009
8731.0 2.009 1.932
12745.0 1.932 1.685
15673.0 1.685 1.385
17125.0 1.385 1.149
14200.0 1.149 1.12
10162.0 1.12 1.212
5668.0 1.212 1.438
4256.0 1.438 1.916
4705.0 1.916 2.299
7817.0 2.299 2.04
11750.0 2.04 1.796
15038.0 1.796 1.497
17058.0 1.497 1.214
14566.0 1.214 1.167
8644.0 1.167 1.317
4668.0 1.317 1.805
4400.0 1.805 2.166
5431.0 2.166 2.128
8549.0 2.128 2.052
12434.0 2.052 1.794
16294.0 1.794 1.444
17278.0 1.444 1.209
14509.0 1.209 1.17
8338.0 1.17 1.353
4396.0 1.353 1.851
4193.0 1.851 2.221
5341.0 2.221 2.191
8403.0 2.191 2.13
12375.0 2.13 1.856
16171.0 1.856 1.489
17283.0 1.489 1.234
13747.0 1.234 1.227
7498.0 1.227 1.411
4176.0 1.411 1.895
4847.0 1.895 2.274
7943.0 2.274 2.124
12254.0 2.124 1.854
17098.0 1.854 1.428
18694.0 1.428 1.121
14598.0 1.121 1.113
9610.0 1.113 1.258
4516.0 1.258 1.718
4396.0 1.718 2.061
5610.0 2.061 2.011
8334.0 2.011 1.966
11188.0 1.966 1.803
14428.0 1.803 1.531
16520.0 1.531 1.265
15338.0 1.265 1.156
10676.0 1.156 1.241
6398.0 1.241 1.431
4716.0 1.431 1.911
4222.0 1.911 2.392
4842.0 2.392 2.87
7524.0 2.87 2.581
11043.0 2.581 2.337
15339.0 2.337 1.877
18269.0 1.877 1.442
16512.0 1.442 1.307
11451.0 1.307 1.411
6677.0 1.411 1.644
4257.0 1.644 2.218
4554.0 2.218 2.662
7018.0 2.662 2.447
10519.0 2.447 2.237
14855.0 2.237 1.835
17387.0 1.835 1.462
17199.0 1.462 1.253
13470.0 1.253 1.271
9310.0 1.271 1.408
4756.0 1.408 1.924
4324.0 1.924 2.413
4637.0 2.413 2.896
7213.0 2.896 2.639
10054.0 2.639 2.469
14306.0 2.469 2.038
17361.0 2.038 1.606
16796.0 1.606 1.4
11892.0 1.4 1.488
7890.0 1.488 1.718
4772.0 1.718 2.342
4326.0 2.342 2.956
5270.0 2.956 2.924
7116.0 2.924 2.978
10377.0 2.978 2.752
13901.0 2.752 2.331
16947.0 2.331 1.857
17475.0 1.857 1.538
13899.0 1.538 1.539
8766.0 1.539 1.756
4844.0 1.756 2.393
4842.0 2.393 2.871
7022.0 2.871 2.783
9788.0 2.783 2.653
13188.0 2.653 2.273
16336.0 2.273 1.854
16483.0 1.854 1.602
13291.0 1.602 1.605
8563.0 1.605 1.808
5681.0 1.808 2.093
4278.0 2.093 2.739
5874.0 2.739 2.644
8276.0 2.644 2.452
11291.0 2.452 2.226
15071.0 2.226 1.825
16859.0 1.825 1.5
16071.0 1.5 1.34
12195.0 1.34 1.393
8241.0 1.393 1.58
4845.0 1.58 2.161
4247.0 2.161 2.703
5599.0 2.703 2.638
7833.0 2.638 2.487
11079.0 2.487 2.255
14627.0 2.255 1.884
16531.0 1.884 1.553
15735.0 1.553 1.392
12522.0 1.392 1.419
6996.0 1.419 1.642
4416.0 1.642 2.176
4616.0 2.176 2.611
7014.0 2.611 2.4
10833.0 2.4 2.185
15405.0 2.185 1.754
18253.0 1.754 1.351
17385.0 1.351 1.169
12660.0 1.169 1.222
7534.0 1.222 1.404
4268.0 1.404 1.863
4931.0 1.863 2.235
7873.0 2.235 1.978
11488.0 1.978 1.774
15226.0 1.774 1.449
17510.0 1.449 1.172
14594.0 1.172 1.135
8252.0 1.135 1.307
4180.0 1.307 1.757
4647.0 1.757 2.108
6139.0 2.108 2.012
8963.0 2.012 1.944
12833.0 1.944 1.69
16262.0 1.69 1.354
17262.0 1.354 1.13
14583.0 1.13 1.093
10049.0 1.093 1.2
5263.0 1.2 1.407
4290.0 1.407 1.834
4959.0 1.834 2.201
8013.0 2.201 2.059
11874.0 2.059 1.826
15024.0 1.826 1.528
16760.0 1.528 1.267
14224.0 1.267 1.224
8929.0 1.224 1.368
4951.0 1.368 1.896
4176.0 1.896 2.379
5096.0 2.379 2.37
7066.0 2.37 2.295
10018.0 2.295 2.147
13507.0 2.147 1.84
17091.0 1.84 1.45
17707.0 1.45 1.212
13135.0 1.212 1.244
8347.0 1.244 1.411
4511.0 1.411 1.899
4313.0 1.899 2.279
5073.0 2.279 2.272
7655.0 2.272 2.26
11369.0 2.26 2.028
15065.0 2.028 1.68
16881.0 1.68 1.394
14833.0 1.394 1.314
10090.0 1.314 1.428
6226.0 1.428 1.63
4435.0 1.63 2.058
5301.0 2.058 2.033
8263.0 2.033 1.875
11041.0 1.875 1.717
14917.0 1.717 1.426
16993.0 1.426 1.171
15439.0 1.171 1.081
9760.0 1.081 1.205
5050.0 1.205 1.436
4176.0 1.436 1.796
5265.0 1.796 1.776
8791.0 1.776 1.691
11881.0 1.691 1.524
15460.0 1.524 1.248
16978.0 1.248 1.032
14398.0 1.032 1.0
10034.0 1.0 1.1
5152.0 1.1 1.286
4406.0 1.286 1.697
5481.0 1.697 1.665
9219.0 1.665 1.581
12341.0 1.581 1.4
15722.0 1.4 1.146
16862.0 1.146 1.0
13481.0 1.0 1.0
8431.0 1.0 1.124
5948.0 1.124 1.281
4315.0 1.281 1.712
4662.0 1.712 2.055
6196.0 2.055 1.956
9482.0 1.956 1.841
13160.0 1.841 1.578
16445.0 1.578 1.269
17125.0 1.269 1.075
13114.0 1.075 1.091
8142.0 1.091 1.244
4349.0 1.244 1.659
4916.0 1.659 1.991
6713.0 1.991 1.855
9821.0 1.855 1.728
13967.0 1.728 1.453
16526.0 1.453 1.172
16559.0 1.172 1.01
12413.0 1.01 1.046
7607.0 1.046 1.188
5582.0 1.188 1.365
4224.0 1.365 1.714
5480.0 1.714 1.681
8978.0 1.681 1.606
12452.0 1.606 1.412
15989.0 1.412 1.14
16937.0 1.14 1.0
13694.0 1.0 1.0
8560.0 1.0 1.121
4350.0 1.121 1.521
5111.0 1.521 1.514
7284.0 1.514 1.529
11160.0 1.529 1.38
15339.0 1.38 1.127
16884.0 1.127 1.0
13809.0 1.0 1.0
8927.0 1.0 1.118
4549.0 1.118 1.522
4342.0 1.522 1.827
6017.0 1.827 1.752
9957.0 1.752 1.625
14226.0 1.625 1.35
17028.0 1.35 1.088
16656.0 1.088 1.0
11334.0 1.0 1.072
6116.0 1.072 1.258
4176.0 1.258 1.673
4776.0 1.673 2.007
6362.0 2.007 1.898
9622.0 1.898 1.776
13408.0 1.776 1.523
15520.0 1.523 1.283
15592.0 1.283 1.137
12394.0 1.137 1.153
8450.0 1.153 1.274
5220.0 1.274 1.455
4721.0 1.455 1.901
5466.0 1.901 1.865
8924.0 1.865 1.793
12130.0 1.793 1.602
16060.0 1.602 1.271
17640.0 1.271 1.04
14508.0 1.04 1.012
9764.0 1.012 1.122
4402.0 1.122 1.553
4545.0 1.553 1.863
6076.0 1.863 1.783
9608.0 1.783 1.67
13706.0 1.67 1.406
16589.0 1.406 1.131
16622.0 1.131 1.0
12368.0 1.0 1.036
6814.0 1.036 1.211
4875.0 1.211 1.649
4390.0 1.649 1.979
5148.0 1.979 1.967
8540.0 1.967 1.9
11544.0 1.9 1.714
15090.0 1.714 1.413
17134.0 1.413 1.163
15163.0 1.163 1.088
9163.0 1.088 1.233
5063.0 1.233 1.458
4376.0 1.458 1.898
5637.0 1.898 1.849
9081.0 1.849 1.751
12209.0 1.751 1.556
15968.0 1.556 1.259
17321.0 1.259 1.04
15086.0 1.04 1.0
10608.0 1.0 1.086
5390.0 1.086 1.271
4309.0 1.271 1.683
5238.0 1.683 1.667
9060.0 1.667 1.589
12282.0 1.589 1.41
16071.0 1.41 1.141
17160.0 1.141 1.0
13521.0 1.0 1.0
8471.0 1.0 1.127
4176.0 1.127 1.512
5219.0 1.512 1.499
6941.0 1.499 1.461
11463.0 1.461 1.302
14767.0 1.302 1.085
18565.0 1.085 1.0
16459.0 1.0 1.0
11409.0 1.0 1.084
5519.0 1.084 1.3
4176.0 1.3 1.74
4688.0 1.74 2.088
5714.0 2.088 2.029
8712.0 2.029 1.969
12852.0 1.969 1.69
16194.0 1.69 1.364
17874.0 1.364 1.102
15423.0 1.102 1.035
8223.0 1.035 1.214
4318.0 1.214 1.62
5338.0 1.62 1.598
8770.0 1.598 1.545
12312.0 1.545 1.363
16323.0 1.363 1.084
17889.0 1.084 1.0
13914.0 1.0 1.0
8696.0 1.0 1.132
4197.0 1.132 1.514
5018.0 1.514 1.513
6830.0 1.513 1.478
10614.0 1.478 1.358
14470.0 1.358 1.116
17992.0 1.116 1.0
17047.0 1.0 1.0
9262.0 1.0 1.153
4192.0 1.153 1.583
4632.0 1.583 1.899
6519.0 1.899 1.784
9551.0 1.784 1.691
13151.0 1.691 1.469
15632.0 1.469 1.224
15854.0 1.224 1.073
12374.0 1.073 1.097
8050.0 1.097 1.245
4740.0 1.245 1.67
5178.0 1.67 1.749
8082.0 1.749 1.718
11192.0 1.718 1.563
15005.0 1.563 1.286
16604.0 1.286 1.076
14879.0 1.076 1.009
11107.0 1.009 1.062
6289.0 1.062 1.227
4718.0 1.227 1.627
4806.0 1.627 1.952
6333.0 1.952 1.848
9355.0 1.848 1.767
13618.0 1.767 1.481
16324.0 1.481 1.206
16858.0 1.206 1.023
13240.0 1.023 1.033
8310.0 1.033 1.163
4176.0 1.163 1.59
5050.0 1.59 1.587
6625.0 1.587 1.564
10173.0 1.564 1.464
13313.0 1.464 1.266
16751.0 1.266 1.01
16304.0 1.01 1.0
13272.0 1.0 1.004
8306.0 1.004 1.132
5686.0 1.132 1.32
4187.0 1.32 1.749
5130.0 1.749 1.74
8490.0 1.74 1.69
11548.0 1.69 1.521
15283.0 1.521 1.253
17017.0 1.253 1.03
15355.0 1.03 1.0
11047.0 1.0 1.068
5829.0 1.068 1.26
4306.0 1.26 1.682
4952.0 1.682 2.018
6397.0 2.018 1.905
9365.0 1.905 1.822
13535.0 1.822 1.555
16598.0 1.555 1.241
17050.0 1.241 1.059
12589.0 1.059 1.1
7391.0 1.1 1.268
5171.0 1.268 1.447
4261.0 1.447 1.887
4809.0 1.887 2.264
7783.0 2.264 2.012
11881.0 2.012 1.785
15667.0 1.785 1.434
18583.0 1.434 1.116
15523.0 1.116 1.059
8182.0 1.059 1.237
4365.0 1.237 1.586
5600.0 1.586 1.548
9142.0 1.548 1.475
12590.0 1.475 1.296
16499.0 1.296 1.035
17099.0 1.035 1.0
12179.0 1.0 1.055
6877.0 1.055 1.246
4834.0 1.246 1.69
4215.0 1.69 2.028
5098.0 2.028 2.021
7942.0 2.021 1.886
10920.0 1.886 1.728
15039.0 1.728 1.407
18247.0 1.407 1.1
15323.0 1.1 1.044
10797.0 1.044 1.135
5445.0 1.135 1.328
4183.0 1.328 1.778
4913.0 1.778 2.133
8095.0 2.133 1.99
11758.0 1.99 1.783
14647.0 1.783 1.505
15851.0 1.505 1.293
14558.0 1.293 1.212
9740.0 1.212 1.325
6136.0 1.325 1.522
5053.0 1.522 1.73
4709.0 1.73 2.252
5453.0 2.252 2.211
8117.0 2.211 2.056
11525.0 2.056 1.85
14237.0 1.85 1.581
15961.0 1.581 1.341
14803.0 1.341 1.243
10936.0 1.243 1.307
7340.0 1.307 1.481
4826.0 1.481 1.999
4917.0 1.999 2.505
7469.0 2.505 2.384
10709.0 2.384 2.189
14593.0 2.189 1.822
16877.0 1.822 1.487
16225.0 1.487 1.322
12703.0 1.322 1.344
8657.0 1.344 1.491
5157.0 1.491 1.733
4194.0 1.733 2.263
4643.0 2.263 2.715
6753.0 2.715 2.525
9936.0 2.525 2.365
12669.0 2.365 2.109
15685.0 2.109 1.738
16041.0 1.738 1.5
13237.0 1.5 1.491
8773.0 1.491 1.671
5671.0 1.671 1.932
4549.0 1.932 2.541
6557.0 2.541 2.383
8813.0 2.383 2.329
11789.0 2.329 2.111
14501.0 2.111 1.799
15629.0 1.799 1.552
13897.0 1.552 1.485
10258.0 1.485 1.598
7282.0 1.598 1.778
5108.0 1.778 2.013
4846.0 2.013 2.625
6954.0 2.625 2.42
10152.0 2.42 2.257
13458.0 2.257 1.941
16798.0 1.941 1.536
17614.0 1.536 1.271
13850.0 1.271 1.273
7106.0 1.273 1.508
4371.0 1.508 1.916
4649.0 1.916 2.3
7509.0 2.3 2.185
11022.0 2.185 1.991
14127.0 1.991 1.7
16559.0 1.7 1.393
15587.0 1.393 1.264
11177.0 1.264 1.347
7303.0 1.347 1.519
4417.0 1.519 2.044
4230.0 2.044 2.453
6634.0 2.453 2.293
8904.0 2.293 2.228
12216.0 2.228 1.99
15444.0 1.99 1.647
16524.0 1.647 1.393
13820.0 1.393 1.36
9068.0 1.36 1.513
5800.0 1.513 1.739
5054.0 1.739 1.837
7774.0 1.837 1.821
10588.0 1.821 1.687
14395.0 1.687 1.413
16930.0 1.413 1.135
16294.0 1.135 1.001
10756.0 1.001 1.088
5722.0 1.088 1.268
4330.0 1.268 1.658
5083.0 1.658 1.652
6287.0 1.652 1.651
9417.0 1.651 1.572
12121.0 1.572 1.415
15238.0 1.415 1.183
15724.0 1.183 1.037
12361.0 1.037 1.057
8163.0 1.057 1.186
4859.0 1.186 1.587
5210.0 1.587 1.574
6608.0 1.574 1.555
9986.0 1.555 1.456
13062.0 1.456 1.276
16569.0 1.276 1.02
16701.0 1.02 1.0
11181.0 1.0 1.078
5879.0 1.078 1.269
4258.0 1.269 1.695
4873.0 1.695 2.034
6442.0 2.034 1.917
8974.0 1.917 1.865
12304.0 1.865 1.658
14677.0 1.658 1.413
15769.0 1.413 1.216
13957.0 1.216 1.164
9154.0 1.164 1.294
5726.0 1.294 1.473
4994.0 1.473 1.939
5140.0 1.939 2.025
7600.0 2.025 1.919
10094.0 1.919 1.82
13352.0 1.82 1.571
15893.0 1.571 1.301
16310.0 1.301 1.12
13217.0 1.12 1.117
8887.0 1.117 1.254
5019.0 1.254 1.455
4247.0 1.455 1.893
5497.0 1.893 1.855
8247.0 1.855 1.829
10815.0 1.829 1.696
13845.0 1.696 1.459
15534.0 1.459 1.25
14709.0 1.25 1.154
10647.0 1.154 1.226
6845.0 1.226 1.4
5416.0 1.4 1.591
4840.0 1.591 2.093
5327.0 2.093 2.175
7671.0 2.175 2.182
9733.0 2.182 2.086
12736.0 2.086 1.852
15604.0 1.852 1.544
15668.0 1.544 1.365
13283.0 1.365 1.351
8582.0 1.351 1.513
5400.0 1.513 1.747
4689.0 1.747 2.303
4810.0 2.303 2.892
6714.0 2.892 2.842
9459.0 2.842 2.722
12687.0 2.722 2.398
15820.0 2.398 1.974
16181.0 1.974 1.711
13433.0 1.711 1.685
9545.0 1.685 1.84
6743.0 1.84 2.113
4867.0 2.113 2.837
4433.0 2.837 3.404
5955.0 3.404 3.274
8508.0 3.274 3.202
11712.0 3.202 2.879
15574.0 2.879 2.33
17626.0 2.33 1.868
