4848 1.0
97416 1.0
1754413 1.0
346877 1.0
62663 1.0
8527 1.667
4176 2.778
4260 4.63
4176 7.716
6016 12.86
14996 21.433
59354 20.792
231596 17.718
708912 5.906
769912 1.969
298840 1.0
59428 1.0
5460 1.667
4227 2.778
4253 4.63
5111 7.716
9889 12.86
33245 21.433
132979 19.765
463939 6.588
680507 2.196
364829 1.0
83293 1.0
15623 1.667
4176 2.043
4176 3.404
4415 5.674
5999 9.457
14196 15.761
53148 15.33
206593 13.34
583150 4.447
475798 1.482
96790 1.0
6934 1.667
4176 2.778
4176 4.63
4246 7.716
4208 12.86
4666 21.433
7582 35.722
21382 59.537
82438 56.799
