4176 1.0
83976 1.0
1679976 1.0
446155 1.0
87504 1.0
13067 1.667
4236 2.08
4188 3.467
4728 5.778
9548 9.631
31149 16.051
124413 14.895
437901 4.965
786543 1.655
562171 1.0
167078 1.0
31738 1.0
4922 1.451
4298 2.419
4247 4.031
4569 6.718
7437 11.197
19721 18.662
77533 17.898
294913 14.449
653345 4.816
531495 1.605
167055 1.0
32135 1.0
5823 1.45
4224 2.416
4212 4.027
4305 6.712
5825 11.186
13141 18.644
48775 18.189
190943 16.029
570422 5.343
497465 1.781
111254 1.0
6520 1.0
4294 1.667
4294 2.778
4210 4.63
4371 7.716
4457 12.86
6753 21.433
17805 35.722
68917 34.406
218143 28.544
320555 9.515
94633 3.172
8341 5.286
4176 8.81
4176 14.683
4185 24.472
4176 40.787
4176 67.979
4184 100.0
5192 100.0
7208 100.0
11996 100.0
24428 98.404
51440 94.326
103234 85.833
187766 28.611
153235 9.537
44857 3.179
4728 4.327
4266 7.212
4208 12.021
4235 20.034
4176 33.391
4254 55.651
6343 92.752
15009 100.0
43233 97.111
125807 87.975
324107 29.325
408815 9.775
198947 3.258
35483 1.086
4176 1.678
4176 2.797
4180 4.661
4200 7.768
5312 12.947
11288 21.578
25065 21.148
54528 20.177
112414 18.195
200254 6.065
144790 2.022
37872 1.0
4176 1.356
4176 2.261
4195 3.768
4176 6.28
4404 10.466
7206 17.443
14478 29.072
33158 28.368
73646 26.601
152749 23.011
252382 7.67
143128 2.557
25724 1.0
4176 1.391
4176 2.319
4176 3.865
4237 6.441
6889 10.736
14095 17.893
30679 17.463
65035 16.498
130287 14.608
211927 4.869
120865 1.623
19993 1.0
4176 1.336
4202 2.227
4194 3.712
4273 6.186
5701 10.31
11224 17.184
24459 16.868
52459 16.124
107240 14.619
196142 4.873
242012 1.624
110424 1.0
11318 1.0
4176 1.33
4176 2.217
4176 3.695
4245 6.159
5481 10.265
10815 17.108
23489 16.804
50379 16.094
103375 14.652
190543 4.884
210892 1.628
86595 1.0
7622 1.414
4176 2.357
4176 3.929
4211 6.548
4253 10.913
4267 18.188
7019 30.314
15163 50.523
37850 49.152
92036 45.435
204950 37.228
359404 12.409
216404 4.136
44220 1.379
4176 2.17
4176 3.617
4199 6.028
4255 10.047
4519 16.745
7711 27.909
17415 46.515
43034 45.01
102149 41.166
219178 13.722
249775 4.574
102123 1.525
12151 1.0
4176 1.3
4227 2.167
4193 3.611
4634 6.018
7590 10.03
15214 16.717
33327 16.292
70385 15.308
138625 13.417
233724 4.472
169124 1.491
44588 1.0
4176 1.415
4176 2.359
4176 3.931
4258 6.551
4426 10.919
7012 18.199
15128 30.331
35118 29.51
78564 27.544
163722 23.555
239158 7.852
133161 2.617
26691 1.0
4176 1.355
4176 2.258
4330 3.764
4321 6.273
7589 10.454
15301 17.424
33245 16.976
69582 15.961
136506 14.028
197000 4.676
105524 1.559
17536 1.0
4202 1.293
4190 2.155
4220 3.592
4470 5.987
8490 9.979
18588 16.632
40317 16.072
84060 14.908
161930 12.734
256535 4.245
150185 1.415
27389 1.0
4176 1.409
4176 2.349
4295 3.915
4176 6.525
4780 10.874
8672 18.124
18634 30.207
42613 29.204
93417 26.869
186661 22.319
225805 7.44
103428 2.48
15482 1.0
4176 1.293
4176 2.155
4191 3.592
4205 5.987
4678 9.978
7750 16.63
16354 27.717
37066 26.922
81635 25.063
165728 21.34
254768 7.113
135643 2.371
21925 1.0
4176 1.379
4176 2.298
4176 3.831
4302 6.385
5551 10.641
10500 17.735
23240 17.442
50176 16.702
102576 15.202
189657 5.067
160563 1.689
49374 1.0
4992 1.371
4176 2.284
4207 3.807
4176 6.346
4247 10.576
4238 17.626
5303 29.377
10686 48.962
26394 48.084
64649 45.566
148915 39.756
277499 13.252
204475 4.417
55835 1.472
4429 2.202
4176 3.67
4176 6.117
4176 10.194
4249 16.991
4840 28.318
8762 47.196
20190 78.66
53139 75.663
134034 67.353
283661 22.451
220701 7.484
60765 2.495
6033 3.824
4176 6.374
4176 10.624
4176 17.706
4210 29.51
4536 49.183
7647 81.972
19494 100.0
55110 96.051
148464 84.648
320676 28.216
281501 9.405
89745 3.135
8565 5.139
4176 8.565
4176 14.275
4176 23.792
4252 39.653
4176 66.088
4457 100.0
7313 100.0
14789 100.0
34193 97.508
77329 91.201
163169 78.088
273737 26.029
163253 8.676
33389 2.892
4176 4.144
4176 6.907
4209 11.511
4176 19.186
4187 31.976
4196 53.293
6566 88.822
13524 100.0
30912 97.681
69336 92.019
146490 80.233
267702 26.744
182820 8.915
44966 2.972
4176 4.337
4176 7.228
4176 12.047
4176 20.079
4176 33.465
4176 55.775
4227 92.959
6633 100.0
13605 100.0
31077 97.676
70001 91.987
147855 80.052
264006 26.684
175138 8.895
41573 2.965
4243 4.285
4176 7.142
4176 11.903
4176 19.838
4176 33.063
4176 55.104
4775 91.841
9192 100.0
22464 100.0
56232 95.576
133476 84.818
278385 28.273
255703 9.424
85379 3.141
9747 4.925
4176 8.208
4250 13.68
4176 22.801
4176 38.001
4208 63.335
4596 100.0
7956 100.0
17868 100.0
47520 96.696
123915 87.139
289023 29.046
272557 9.682
96557 3.227
12832 5.121
4176 6.55
4176 10.916
4176 18.194
4176 30.323
4176 50.539
5630 84.232
12782 100.0
37310 97.616
109102 89.635
287164 29.878
377218 9.959
190706 3.32
35690 1.107
4176 1.678
4176 2.797
4234 4.662
4176 7.77
5094 12.951
9874 21.584
22220 35.974
51650 34.494
114330 31.11
226768 10.37
204790 3.457
76270 1.152
7641 1.646
4176 2.743
4176 4.572
4176 7.62
4176 12.699
4271 21.165
6770 35.276
15379 58.793
39835 57.106
100042 52.45
228128 17.483
301901 5.828
138920 1.943
22212 1.0
4176 1.389
4176 2.315
4226 3.858
4195 6.431
5235 10.718
9295 17.863
19511 29.772
44252 28.758
96904 26.386
192052 21.755
235108 7.252
111616 2.417
19548 1.0
4176 1.307
4176 2.178
4304 3.63
4447 6.05
8019 10.084
16953 16.807
36761 16.306
76675 15.23
149609 13.203
250352 4.401
180319 1.467
47555 1.0
4176 1.443
4176 2.404
4208 4.007
4176 6.678
4255 11.131
4301 18.551
6135 30.919
13380 51.531
33787 50.287
82542 46.866
186150 39.25
279176 13.083
149327 4.361
26633 1.454
4176 2.048
4176 3.414
4234 5.689
4214 9.482
4559 15.804
7985 26.34
17877 43.9
43509 42.453
101757 38.826
215360 12.942
189304 4.314
59858 1.438
4176 2.058
4197 3.431
4194 5.718
4176 9.53
4248 15.883
5292 26.472
9865 44.12
23285 73.533
63335 70.244
162347 60.866
317105 20.289
217845 6.763
51182 2.254
4176 3.507
4176 5.844
4176 9.741
4205 16.235
4176 27.058
4370 45.096
7442 75.16
19678 100.0
58906 95.921
167610 83.379
395002 27.793
317242 9.264
85907 3.088
6451 5.147
4176 8.578
4176 14.297
4223 23.828
4249 39.713
4228 66.189
5370 100.0
10662 100.0
23010 98.236
49703 94.193
102432 85.812
190856 28.604
155475 9.535
46915 3.178
4531 4.328
4176 7.214
4229 12.023
4176 20.038
4176 33.397
4176 55.662
4658 92.77
8662 100.0
20170 100.0
52258 96.164
129667 85.878
279551 28.626
257855 9.542
85283 3.181
8051 5.01
4176 8.351
4176 13.918
4242 23.196
4176 38.66
4240 64.433
5377 100.0
11173 100.0
29989 98.068
79271 91.917
196563 76.818
396323 25.606
281194 8.535
68461 2.845
4176 4.742
4176 7.903
4176 13.172
4232 21.953
4239 36.588
4292 60.98
6344 100.0
15500 100.0
45404 96.948
131198 87.284
326390 29.095
336270 9.698
123933 3.233
14973 1.078
4176 1.469
4176 2.448
4176 4.08
4176 6.801
4265 11.335
4982 18.891
7682 31.485
14190 52.475
34222 51.337
82182 47.909
183194 40.25
281301 13.417
168601 4.472
38155 1.491
4176 2.139
4176 3.565
4176 5.941
4176 9.902
4176 16.504
4176 27.507
4178 45.845
5994 76.408
13132 100.0
35308 97.621
98830 90.405
254239 71.262
379629 23.754
194071 7.918
33181 2.639
4176 4.055
4176 6.758
4223 11.263
4179 18.772
4211 31.287
5233 52.145
8539 86.909
17798 100.0
41570 96.914
94232 89.234
196594 73.57
247828 24.523
108584 8.174
16138 2.725
4176 3.564
4176 5.941
4178 9.901
4176 16.502
4254 27.504
4813 45.839
7741 76.399
15387 100.0
35043 97.451
77403 91.066
158783 78.208
241751 26.069
128663 8.69
23495 2.897
4176 3.912
4176 6.52
4176 10.867
4176 18.111
4221 30.185
4263 50.309
6725 83.848
14373 100.0
35709 97.451
87461 90.52
197600 74.905
332980 24.968
198288 8.323
41600 2.774
4176 4.223
4176 7.039
4212 11.731
4176 19.552
4176 32.587
4176 54.311
4670 90.518
8411 100.0
18575 100.0
40919 96.612
51686 89.416
60634 86.207
68792 83.636
75090 81.362
80204 79.654
83374 78.296
85762 77.468
86751 76.852
87515 76.598
87651 76.403
87761 76.369
87761 76.341
87845 76.341
87819 76.319
87877 76.326
87851 76.311
87909 76.318
87941 76.303
87973 76.295
88005 76.287
88011 76.279
88017 76.277
88023 76.276
88029 76.274
88119 76.272
88099 76.25
88105 76.255
88111 76.253
88175 76.252
88155 76.235
88219 76.24
88199 76.224
88263 76.229
88301 76.213
88339 76.203
88351 76.194
88363 76.191
88375 76.188
88387 76.185
88399 76.182
88411 76.178
88507 76.175
88493 76.151
88479 76.155
88549 76.158
88535 76.14
88521 76.144
88507 76.147
88409 76.151
88505 76.176
88491 76.152
88477 76.155
88547 76.159
88449 76.141
88435 76.166
88447 76.169
88433 76.166
88445 76.17
88515 76.167
88501 76.149
88487 76.153
88473 76.156
88543 76.16
88529 76.142
88515 76.145
88501 76.149
88403 76.153
88499 76.177
88485 76.153
88471 76.157
88541 76.16
88443 76.142
88429 76.167
88441 76.171
88427 76.168
88439 76.171
88535 76.168
88521 76.144
88507 76.147
88493 76.151
88563 76.155
88523 76.137
88509 76.147
88495 76.15
88481 76.154
88467 76.158
88453 76.161
88523 76.165
88509 76.147
88579 76.15
88539 76.133
88525 76.143
88511 76.146
88497 76.15
88483 76.154
88469 76.157
88455 76.161
88525 76.164
88511 76.146
88497 76.15
88483 76.154
88469 76.157
88455 76.161
88441 76.164
88511 76.168
88497 76.15
88567 76.154
88527 76.136
88513 76.146
88499 76.149
88569 76.153
88529 76.135
88515 76.145
88417 76.149
