5772 1.0
115896 1.0
1754413 1.0
346877 1.0
62663 1.0
8611 1.667
4260 2.778
4344 4.63
4344 7.716
6940 12.86
18456 21.433
73354 20.611
280042 16.839
762535 5.613
723160 1.871
242701 1.0
46458 1.0
6108 1.654
4176 2.757
4176 4.595
4585 7.658
9150 12.763
27952 21.272
112157 19.939
412415 6.646
684276 2.215
413904 1.0
101762 1.0
13875 1.0
4176 1.293
4176 2.155
4400 3.592
6752 5.986
17169 9.977
67779 9.63
260277 8.006
617176 2.669
401716 1.0
65560 1.0
5460 1.667
4176 2.778
4176 4.63
4176 7.716
4485 12.86
5292 21.433
11032 35.722
38328 35.039
140384 31.851
