4260 1.0
85656 1.0
1711812 1.0
417407 1.0
79057 1.0
11387 1.667
4176 2.043
4352 3.404
5498 5.674
12482 9.457
46180 9.236
182098 8.199
589972 2.733
783563 1.0
414884 1.0
103162 1.0
15191 1.0
4176 1.293
4176 2.155
4176 3.592
6530 5.987
16443 9.979
63951 9.649
247421 8.121
616881 2.707
579393 1.0
209490 1.0
42583 1.0
4176 1.556
4212 2.594
4235 4.323
4627 7.205
7583 12.009
20514 20.015
81232 19.152
306919 15.276
626931 5.092
349101 1.697
48570 1.0
4176 1.667
4249 2.778
4241 4.63
4288 7.716
4228 12.86
4384 21.433
6628 35.722
16668 59.537
64317 57.545
207999 48.405
328923 16.135
101848 5.378
10718 1.793
4176 2.337
4176 3.896
4176 6.493
4247 10.821
4431 18.035
5631 30.059
8382 50.098
14766 83.496
31419 81.72
65421 77.183
127844 68.435
197996 22.812
115680 7.604
23049 2.535
4176 3.317
4176 5.529
4176 9.215
4176 15.358
4187 25.596
4938 42.66
9648 71.101
26012 100.0
77672 94.545
216527 78.265
442555 26.088
307246 8.696
72183 2.899
5213 4.831
4176 8.052
4176 13.42
4230 22.366
4193 37.277
4233 62.129
5205 100.0
10329 100.0
22845 98.292
49876 94.191
103771 85.704
195373 28.568
157960 9.523
46647 3.174
4176 4.352
4176 7.253
4176 12.089
4176 20.148
4176 33.58
4176 55.967
4176 93.279
6246 100.0
12126 100.0
27162 98.04
60886 93.126
129484 82.658
242116 27.553
177256 9.184
48273 3.061
4176 4.378
4176 7.296
4176 12.16
4222 20.267
4176 33.778
4260 56.297
4222 93.828
6460 100.0
12844 100.0
27880 97.872
59402 92.967
120788 83.198
218392 27.733
133040 9.244
26958 3.081
4176 4.171
4176 6.952
4176 11.586
4176 19.31
4176 32.184
4176 53.64
4809 89.4
8909 100.0
19241 100.0
41837 96.556
87602 89.283
169170 75.663
266931 25.221
145807 8.407
27363 2.802
4176 3.909
4176 6.515
4176 10.858
4233 18.096
4176 30.16
4232 50.267
4904 83.778
9060 100.0
19560 100.0
42156 96.5
87741 89.232
167945 75.673
234839 25.224
113691 8.408
18639 2.803
4176 3.691
4176 6.151
4176 10.252
4238 17.087
4210 28.478
4176 47.463
6480 79.105
13684 100.0
34096 97.599
83450 90.958
189922 75.994
358738 25.331
236224 8.444
53236 2.815
4176 4.531
4176 7.552
4176 12.587
4176 20.979
4176 34.964
4265 58.274
4733 97.124
9241 100.0
21337 100.0
52417 95.968
122189 86.026
245767 28.675
223759 9.558
73733 3.186
8241 4.779
4176 7.966
4176 13.276
4176 22.127
4176 36.879
4176 61.465
4176 100.0
6024 100.0
10392 100.0
21312 98.544
45673 94.957
94077 87.246
176733 73.169
237446 24.39
111800 8.13
18152 2.71
4176 3.556
4176 5.927
4176 9.878
4176 16.463
4176 27.438
4206 45.729
4932 76.216
9222 100.0
20562 100.0
47022 96.22
103359 87.733
205683 29.244
220179 9.748
83685 3.249
9258 4.728
4176 7.88
4176 13.133
4176 21.888
4200 36.48
4257 60.8
4206 100.0
6558 100.0
12354 100.0
26634 98.068
56590 93.4
114892 84.074
209656 28.025
132579 9.342
28335 3.114
4176 4.196
4176 6.993
4176 11.655
4176 19.425
4176 32.375
4184 53.959
5180 89.931
9800 100.0
20720 100.0
44660 96.36
92426 88.67
174879 74.552
257919 24.851
130644 8.284
21873 2.761
4176 3.762
4176 6.271
4176 10.451
4176 17.418
4176 29.03
4272 48.384
5718 80.64
11002 100.0
24526 98.239
55569 93.81
119565 84.103
229117 28.034
190687 9.345
58323 3.115
5463 4.489
4176 7.482
4176 12.47
4176 20.784
4176 34.639
4176 57.732
4282 96.221
6400 100.0
12364 100.0
27400 98.012
61118 93.1
129110 82.636
239798 27.545
189230 9.182
56242 3.061
4918 4.417
4176 7.362
4176 12.27
4176 20.451
4176 34.084
4199 56.807
4436 94.679
7378 100.0
15274 100.0
33082 97.368
69692 91.588
137212 80.411
208129 26.804
109534 8.935
20074 2.978
4176 3.866
4176 6.444
4176 10.74
4176 17.9
4176 29.833
4277 49.721
6183 82.868
13445 100.0
33521 97.579
81125 91.049
181925 76.602
288609 25.534
160635 8.511
31179 2.837
4176 4.061
4176 6.769
4176 11.282
4203 18.803
4258 31.338
5432 52.229
10038 87.049
24394 85.713
63916 81.611
158125 70.86
292882 23.62
190633 7.873
42993 2.624
4176 3.916
4176 6.527
4176 10.878
4176 18.13
4180 30.216
5421 50.36
11250 83.933
31198 82.303
86842 76.83
223745 62.58
346129 20.86
191337 6.953
37493 2.318
4176 3.506
4176 5.844
4176 9.74
4176 16.233
4176 27.055
4252 45.092
6251 75.153
12075 100.0
27531 98.059
62925 93.007
136257 82.034
257949 27.345
202285 9.115
58459 3.038
4176 4.495
4176 7.492
4176 12.486
4176 20.81
4176 34.683
4176 57.805
4370 96.341
7325 100.0
15389 100.0
35297 97.312
78659 90.854
163211 77.722
276107 25.907
158073 8.636
30297 2.879
4176 4.105
4176 6.841
4176 11.402
4176 19.003
4254 31.672
4513 52.786
7349 87.977
15665 100.0
36077 97.228
80597 90.613
166622 77.166
268677 25.722
148229 8.574
27466 2.858
4176 4.008
4203 6.681
4195 11.135
4209 18.558
4176 30.929
4345 51.549
6496 85.915
14630 100.0
36890 97.289
90128 90.07
202190 74.086
306218 24.695
164594 8.232
30824 2.744
4176 3.967
4242 6.612
4176 11.021
4176 18.368
4251 30.613
5311 51.022
10030 85.036
24376 83.699
65496 79.696
165804 68.772
324964 22.924
220488 7.641
51232 2.547
4176 3.984
4176 6.64
4176 11.067
4176 18.445
4226 30.742
4560 51.237
8116 85.395
21990 100.0
65586 95.375
185914 81.515
396311 27.172
294241 9.057
76001 3.019
4713 5.032
4176 8.386
4176 13.977
4176 23.295
4176 38.826
4176 64.71
5789 100.0
12341 100.0
27965 97.816
64693 92.722
140944 81.37
262941 27.123
168171 9.041
36245 3.014
4176 4.339
4176 7.232
4176 12.053
4176 20.088
4214 33.48
4225 55.8
4852 93.0
9316 100.0
22588 100.0
57952 95.576
140912 84.31
280304 28.103
250124 9.368
82134 3.123
8107 4.871
4176 8.119
4176 13.531
4176 22.551
4176 37.586
4232 62.643
4262 100.0
6530 100.0
12578 100.0
27950 97.984
62748 92.963
134076 82.18
251274 27.393
184746 9.131
48214 3.044
4176 4.429
4176 7.382
4176 12.303
4176 20.504
4176 34.174
4176 56.956
4716 94.927
8700 100.0
18276 100.0
39444 96.808
82098 89.977
158739 77.184
260326 25.728
166634 8.576
38496 2.859
4176 4.08
4176 6.799
4233 11.332
4222 18.887
4176 31.479
4244 52.465
5527 87.442
11383 100.0
28435 98.048
70109 92.475
161816 79.629
281774 26.543
178796 8.848
39848 2.949
4176 4.315
4176 7.192
4214 11.987
4176 19.978
4176 33.296
4259 55.494
5479 92.489
11184 100.0
26388 98.098
63070 93.127
142444 81.74
233179 27.247
135157 9.082
27097 3.027
4176 4.118
4176 6.863
4176 11.439
4176 19.064
4287 31.774
4834 52.956
8725 88.26
20145 100.0
54333 96.193
141834 85.231
310767 28.41
242988 9.47
65496 3.157
5316 5.024
4176 8.374
4176 13.957
4213 23.261
4213 38.768
4435 64.613
7613 100.0
20297 100.0
60701 95.772
172097 82.873
397901 27.624
311768 9.208
82728 3.069
5060 5.116
4202 8.526
4176 14.21
4176 23.684
4187 39.473
4311 65.788
6595 100.0
13903 100.0
30283 97.564
64605 92.237
129439 81.684
204676 27.228
114930 9.076
22038 3.025
4176 3.962
4176 6.604
4176 11.006
4228 18.343
4176 30.572
4248 50.953
6174 84.922
13209 100.0
33621 97.655
85507 91.011
200959 75.27
306015 25.09
166659 8.363
31591 2.788
4176 4.043
4176 6.738
4176 11.23
4242 18.717
4176 31.195
5100 51.992
10080 86.654
26620 85.215
70633 80.517
177321 68.704
375665 22.901
306117 7.634
92743 2.545
10647 4.241
4176 5.402
4176 9.003
4294 15.004
4187 25.007
4304 41.679
5824 69.465
13419 100.0
39039 97.468
113899 89.145
300859 29.715
354719 9.905
150719 3.302
22981 1.101
4176 1.569
4176 2.615
4176 4.359
4176 7.265
4176 12.108
4176 20.179
5456 33.632
8418 56.054
16332 93.424
40188 90.959
95912 83.726
210080 68.174
286856 22.725
133178 7.575
20714 2.525
4176 3.472
4176 5.786
4176 9.643
4176 16.072
4176 26.786
4248 44.644
4201 74.407
6207 100.0
13515 100.0
36531 97.564
101957 90.079
260840 30.026
376867 10.009
187171 3.336
31891 1.112
4188 1.688
4176 2.813
4176 4.688
4275 7.813
5411 13.022
9491 21.704
20262 36.173
47535 34.875
106793 31.704
217757 10.568
231386 3.523
85552 1.174
10396 1.745
4176 2.182
4215 3.637
4250 6.062
4250 10.103
6458 16.838
11789 28.063
26377 27.565
59395 26.224
125993 23.338
232995 7.779
175112 2.593
47786 1.0
4176 1.424
4176 2.374
4177 3.957
4176 6.595
4197 10.991
4506 18.318
7792 30.53
17344 50.884
43342 49.264
104572 44.994
227492 14.998
323717 4.999
162473 1.666
23756 1.0
4176 1.462
4241 2.437
4185 4.062
4176 6.77
4346 11.284
6578 18.806
13787 31.344
32055 30.591
47475 28.728
57219 27.251
65641 26.366
72717 25.626
78303 25.022
82270 24.556
84886 24.231
86410 24.02
87241 23.898
87645 23.832
87717 23.8
87789 23.794
87781 23.788
87857 23.789
87849 23.783
87841 23.783
87917 23.784
87909 23.778
87901 23.779
87977 23.779
87969 23.773
88045 23.774
88018 23.768
88010 23.77
88086 23.771
88059 23.765
88116 23.767
88173 23.762
88146 23.758
88203 23.76
88176 23.755
88233 23.757
88290 23.753
88263 23.748
88320 23.751
88293 23.746
88350 23.748
88407 23.744
88361 23.739
88418 23.743
88456 23.738
88494 23.735
88448 23.732
88486 23.736
88524 23.733
88562 23.73
88538 23.727
88514 23.729
88406 23.731
88444 23.739
88482 23.736
88520 23.733
88558 23.73
88534 23.727
88426 23.729
88402 23.738
88440 23.74
88478 23.737
88516 23.734
88554 23.73
88508 23.727
88484 23.731
88522 23.733
88560 23.73
88536 23.727
88512 23.729
88404 23.731
88442 23.739
88480 23.736
88518 23.733
88556 23.73
88532 23.727
88424 23.729
88400 23.738
88438 23.74
88476 23.737
88514 23.734
88552 23.731
88506 23.728
88482 23.731
88520 23.733
88558 23.73
88534 23.727
88510 23.729
88402 23.731
88440 23.74
88478 23.737
88516 23.733
88554 23.73
88508 23.727
88484 23.731
88522 23.733
88560 23.73
88536 23.727
88512 23.729
88488 23.731
88442 23.733
88480 23.736
88518 23.733
88556 23.73
88532 23.727
88508 23.729
88400 23.731
88438 23.74
88476 23.737
88514 23.734
88552 23.731
88506 23.728
88482 23.731
88520 23.733
88558 23.73
88534 23.727
88510 23.729
88486 23.731
46608 23.733
10836 27.046
4176 30.271
4176 50.451
4176 84.085
4176 100.0
4176 100.0
4176 100.0
4176 100.0
4176 100.0
4176 100.0
4176 100.0
4176 100.0
4176 100.0
4176 100.0
4176 100.0
4176 100.0
4176 100.0
4176 100.0
4176 100.0
4176 100.0
4176 100.0
4176 100.0
4176 100.0
4176 100.0
4176 100.0
4176 100.0
4176 100.0
4176 100.0
4176 100.0
4176 100.0
4176 100.0
4176 100.0
4176 100.0
4176 100.0
4176 100.0
4176 100.0
4176 100.0
4176 100.0
4176 100.0
4176 100.0
4176 100.0
4176 100.0
4176 100.0
4176 100.0
4176 100.0
4176 100.0
4176 100.0
4176 100.0
4176 100.0
4176 100.0
4176 100.0
4176 100.0
4176 100.0
4176 100.0
4176 100.0
4176 100.0
4176 100.0
4176 100.0
4176 100.0
4176 100.0
4176 100.0
4176 100.0
4176 100.0
4176 100.0
4176 100.0
4176 100.0
4176 100.0
4176 100.0
4176 100.0
4176 100.0
4176 100.0
4176 100.0
4176 100.0
4176 100.0
4176 100.0
4176 100.0
4176 100.0
4176 100.0
4176 100.0
4176 100.0
4176 100.0
4176 100.0
4176 100.0
4176 100.0
4176 100.0
4176 100.0
4176 100.0
4176 100.0
4176 100.0
4176 100.0
4176 100.0
4176 100.0
4176 100.0
4176 100.0
4176 100.0
4176 100.0
4176 100.0
4176 100.0
4176 100.0
4176 100.0
4176 100.0
4176 100.0
4176 100.0
4176 100.0
4176 100.0
4176 100.0
4176 100.0
4176 100.0
4176 100.0
4176 100.0
4176 100.0
4176 100.0
4176 100.0
4176 100.0
4176 100.0
4176 100.0
4176 100.0
4176 100.0
4176 100.0
4176 100.0
4176 100.0
4176 100.0
4176 100.0
4176 100.0
4176 100.0
4176 100.0
4176 100.0
4176 100.0
4176 100.0
4176 100.0
4176 100.0
4176 100.0
4176 100.0
4176 100.0
4176 100.0
4176 100.0
4176 100.0
4176 100.0
4176 100.0
4176 100.0
4176 100.0
4176 100.0
4176 100.0
4176 100.0
4176 100.0
4176 100.0
4176 100.0
4176 100.0
4176 100.0
4176 100.0
4176 100.0
4176 100.0
4176 100.0
4176 100.0
4176 100.0
4176 100.0
4176 100.0
4176 100.0
4176 100.0
4176 100.0
4176 100.0
4176 100.0
4176 100.0
4176 100.0
4176 100.0
4176 100.0
4176 100.0
4176 100.0
4176 100.0
4176 100.0
4176 100.0
4176 100.0
4176 100.0
4176 100.0
4176 100.0
4176 100.0
4176 100.0
4176 100.0
4176 100.0
4176 100.0
4176 100.0
4176 100.0
4176 100.0
4176 100.0
4176 100.0
4176 100.0
4176 100.0
4176 100.0
4176 100.0
4176 100.0
4176 100.0
4176 100.0
4176 100.0
4176 100.0
4176 100.0
4176 100.0
4176 100.0
4176 100.0
4176 100.0
4176 100.0
4176 100.0
4176 100.0
4176 100.0
4176 100.0
4176 100.0
4176 100.0
4176 100.0
4176 100.0
4176 100.0
4176 100.0
4176 100.0
4176 100.0
4176 100.0
4176 100.0
