4512 1.0
90696 1.0
1754077 1.0
346541 1.0
62327 1.0
8275 1.667
4176 2.778
4176 4.63
4512 7.716
8786 12.86
28246 21.433
112438 20.043
403818 6.681
784738 2.227
598843 1.0
185250 1.0
36376 1.0
4176 1.496
4176 2.494
4363 4.156
5030 6.927
11283 11.545
39739 11.304
158665 10.232
513352 3.411
663792 1.137
312528 1.0
71725 1.0
10990 1.667
4176 2.004
4176 3.34
4303 5.567
4762 9.278
8878 15.464
27484 25.773
109981 24.174
401301 8.058
613705 2.686
249201 1.0
29055 1.0
4176 1.667
4176 2.778
4176 4.63
4253 7.716
4423 12.86
6719 21.433
17519 35.722
68195 34.436
216476 28.619
