4596 1.0
92376 1.0
1754077 1.0
346541 1.0
62327 1.0
8275 1.667
4176 2.778
4176 4.63
4596 7.716
8954 12.86
28582 21.433
113976 20.031
407873 6.677
785266 2.226
594757 1.0
180240 1.0
31366 1.0
4550 1.496
4199 2.494
4176 4.156
4351 6.927
7119 11.545
18961 19.242
74657 18.482
284553 15.051
648045 5.017
541299 1.672
174795 1.0
33276 1.0
6796 1.472
4176 2.453
4370 4.088
5450 6.814
11855 11.356
41463 11.113
163715 10.017
529286 3.339
536426 1.113
141764 1.0
15133 1.0
4176 1.422
4176 2.37
4245 3.95
4285 6.584
4573 10.973
6931 18.288
18455 30.481
71632 29.31
223528 24.114
