4932 1.0
99096 1.0
1754413 1.0
346877 1.0
62663 1.0
8611 1.667
4260 2.778
4260 4.63
4176 7.716
6100 12.86
15080 21.433
59690 20.792
232954 17.7
711853 5.9
768907 1.967
294679 1.0
61530 1.0
7646 1.667
4176 2.778
4230 4.63
4525 7.716
7203 12.86
18803 21.433
72887 20.605
277947 16.89
643219 5.63
548743 1.877
183749 1.0
35883 1.0
4243 1.493
4234 2.488
4176 4.147
4945 6.912
10259 11.519
33345 11.315
132495 10.444
462403 3.481
587289 1.16
193998 1.0
23573 1.0
4176 1.568
4176 2.613
4176 4.356
4176 7.26
4386 12.099
6136 20.166
14482 33.609
54524 32.674
