5520 1.0
110856 1.0
1754413 1.0
346877 1.0
62663 1.0
8611 1.667
4260 2.778
4344 4.63
4176 7.716
6688 12.86
17868 21.433
71648 20.635
274260 16.936
759474 5.645
728626 1.882
247827 1.0
44901 1.0
4551 1.667
4176 2.778
4327 4.63
4207 7.716
5398 12.86
11590 21.433
40762 20.991
161374 18.95
517783 6.317
662207 2.106
309535 1.0
68312 1.0
7745 1.667
4176 2.778
4176 4.63
4319 7.716
5151 12.86
10403 21.433
34625 21.058
137750 19.358
474154 6.453
579175 2.151
184963 1.0
21809 1.0
4176 1.544
4217 2.573
4176 4.288
4255 7.147
