4428 1.0
89016 1.0
1770192 1.0
368801 1.0
71053 1.0
10150 1.667
4192 2.005
4176 3.342
4276 5.569
7036 9.282
18824 15.471
75566 14.863
287322 12.052
764946 4.017
715414 1.339
238810 1.0
42567 1.0
4216 1.654
4216 2.757
4300 4.595
4709 7.658
9190 12.763
28076 21.272
112197 19.933
412539 6.644
684316 2.215
413848 1.0
108473 1.0
20502 1.0
4176 1.293
4205 2.155
4515 3.592
6953 5.987
17706 9.979
68316 9.621
261156 7.998
618012 2.666
400200 1.0
63624 1.0
4176 1.667
4257 2.778
4176 4.63
4176 7.716
4236 12.86
4392 21.433
6636 35.722
16256 59.537
62564 57.628
203966 48.733
