[6913, 100.0, 50.0]
[43160, 50.0, 25.029]
[22825, 25.029, 25.644]
[23240, 25.644, 26.259]
[23240, 26.259, 26.874]
[23240, 26.874, 27.489]
[24568, 27.489, 28.104]
[24900, 28.104, 28.719]
[24900, 28.719, 29.334]
[26394, 29.334, 29.949]
[26560, 29.949, 30.564]
[26560, 30.564, 31.179]
[26975, 31.179, 23.307]
[21580, 23.307, 23.922]
[21580, 23.922, 24.537]
[21580, 24.537, 25.152]
[22410, 25.152, 25.767]
[23240, 25.767, 26.382]
[23240, 26.382, 26.997]
[24402, 26.997, 27.612]
[24900, 27.612, 28.227]
[24900, 28.227, 28.842]
[24900, 28.842, 29.457]
[26394, 29.457, 30.072]
[26560, 30.072, 30.687]
[26560, 30.687, 31.302]
[26975, 31.302, 28.021]
[24900, 28.021, 28.636]
[24900, 28.636, 29.251]
[26311, 29.251, 29.866]
[26560, 29.866, 30.481]
[26560, 30.481, 31.096]
[26560, 31.096, 28.839]
[27224, 28.839, 29.454]
[27390, 29.454, 27.581]
[27971, 27.581, 28.196]
[26809, 28.196, 28.811]
[27058, 28.811, 29.426]
[27224, 29.426, 27.445]
[27805, 27.445, 28.06]
[27058, 28.06, 28.675]
[27722, 28.675, 29.29]
[27473, 29.29, 29.905]
[27971, 29.905, 30.52]
[27141, 30.52, 31.135]
[27224, 31.135, 31.75]
[27639, 31.75, 32.365]
[27722, 32.365, 32.98]
[27805, 32.98, 31.354]
[27722, 31.354, 29.829]
[28054, 29.829, 30.444]
[27722, 30.444, 31.059]
[27473, 31.059, 31.674]
[27639, 31.674, 29.996]
[26809, 29.996, 30.611]
[27390, 30.611, 31.226]
[27722, 31.226, 31.841]
[27722, 31.841, 32.456]
[27639, 32.456, 33.071]
[27639, 33.071, 31.749]
[27722, 31.749, 32.364]
[27805, 32.364, 31.004]
[27224, 31.004, 31.619]
[27639, 31.619, 32.234]
[27591, 32.234, 31.014]
[28021, 31.014, 29.685]
[27805, 29.685, 30.3]
[27805, 30.3, 28.926]
[28054, 28.926, 29.541]
[27971, 29.541, 30.156]
[27971, 30.156, 28.347]
[27224, 28.347, 28.962]
[27805, 28.962, 27.321]
[27888, 27.321, 27.936]
[27722, 27.936, 28.551]
[27684, 28.551, 26.816]
[27888, 26.816, 27.431]
[27556, 27.431, 28.046]
[27722, 28.046, 26.436]
[26809, 26.436, 27.051]
[27307, 27.051, 27.666]
[27805, 27.666, 26.286]
[27805, 26.286, 26.901]
[27556, 26.901, 27.516]
[27556, 27.516, 25.934]
[27058, 25.934, 26.549]
[27473, 26.549, 27.164]
[27639, 27.164, 25.77]
[27224, 25.77, 26.385]
[27805, 26.385, 27.0]
[27805, 27.0, 27.615]
[27639, 27.615, 28.23]
[27805, 28.23, 28.845]
[27639, 28.845, 29.46]
[27805, 29.46, 30.075]
[27805, 30.075, 30.69]
[27722, 30.69, 31.305]
[27805, 31.305, 31.92]
[27971, 31.92, 32.535]
[27888, 32.535, 33.15]
[27390, 33.15, 33.765]
[27971, 33.765, 34.38]
[27888, 34.38, 34.995]
[27556, 34.995, 35.61]
[27888, 35.61, 36.225]
[27888, 36.225, 36.84]
[27722, 36.84, 36.236]
[27805, 36.236, 36.851]
[27805, 36.851, 35.593]
[27722, 35.593, 36.208]
[27639, 36.208, 35.078]
[28054, 35.078, 35.693]
[27722, 35.693, 36.308]
[27722, 36.308, 34.632]
[27805, 34.632, 35.247]
[27971, 35.247, 35.862]
[27888, 35.862, 36.477]
[27971, 36.477, 37.092]
[27805, 37.092, 35.65]
[27888, 35.65, 36.265]
[27888, 36.265, 36.88]
[27722, 36.88, 37.495]
[27556, 37.495, 38.11]
[27888, 38.11, 38.725]
[27805, 38.725, 39.34]
[27722, 39.34, 39.955]
[27390, 39.955, 40.57]
[27888, 40.57, 41.185]
[27473, 41.185, 41.8]
[27722, 41.8, 40.691]
[27556, 40.691, 41.306]
[27805, 41.306, 41.921]
[27556, 41.921, 42.536]
[27639, 42.536, 43.151]
[27805, 43.151, 42.228]
[27556, 42.228, 42.843]
[27722, 42.843, 41.822]
[27888, 41.822, 42.437]
[27805, 42.437, 43.052]
[27556, 43.052, 43.667]
[27224, 43.667, 44.282]
[27888, 44.282, 44.897]
[27390, 44.897, 45.512]
[27805, 45.512, 46.127]
[27888, 46.127, 45.092]
[27971, 45.092, 45.707]
[27805, 45.707, 46.322]
[27805, 46.322, 44.617]
[27971, 44.617, 45.232]
[27888, 45.232, 45.847]
[27556, 45.847, 46.462]
[27639, 46.462, 44.842]
[27722, 44.842, 42.668]
[27722, 42.668, 43.283]
[27639, 43.283, 43.898]
[27390, 43.898, 44.513]
[27639, 44.513, 42.277]
[27805, 42.277, 42.892]
[27473, 42.892, 43.507]
[27556, 43.507, 41.446]
[27971, 41.446, 42.061]
[27722, 42.061, 42.676]
[27722, 42.676, 43.291]
[27556, 43.291, 43.906]
[27805, 43.906, 44.521]
[27888, 44.521, 42.958]
[27556, 42.958, 43.573]
[27722, 43.573, 41.562]
[28054, 41.562, 42.177]
[27639, 42.177, 42.792]
[27722, 42.792, 40.391]
[27805, 40.391, 37.158]
[27639, 37.158, 37.773]
[27473, 37.773, 38.388]
[27390, 38.388, 39.003]
[27639, 39.003, 39.618]
[27307, 39.618, 40.233]
[27805, 40.233, 40.848]
[27224, 40.848, 41.463]
[27473, 41.463, 42.078]
[27639, 42.078, 42.693]
[27639, 42.693, 40.42]
[27971, 40.42, 41.035]
[27971, 41.035, 38.568]
[27971, 38.568, 39.183]
[27639, 39.183, 39.798]
[27971, 39.798, 40.413]
[27805, 40.413, 41.028]
[27807, 41.028, 38.791]
[27722, 38.791, 39.406]
[27556, 39.406, 40.021]
[27888, 40.021, 40.636]
[27845, 40.636, 38.259]
[27639, 38.259, 38.874]
[27503, 38.874, 36.171]
[27805, 36.171, 33.36]
[27722, 33.36, 33.975]
[27637, 33.975, 30.869]
[27805, 30.869, 31.484]
[27556, 31.484, 32.099]
[27733, 32.099, 29.143]
[27888, 29.143, 29.758]
[27473, 29.758, 30.373]
[27805, 30.373, 30.988]
[27888, 30.988, 31.603]
[27888, 31.603, 32.218]
[27888, 32.218, 30.074]
[27888, 30.074, 30.689]
[27805, 30.689, 31.304]
[27805, 31.304, 28.981]
[27971, 28.981, 26.172]
[27390, 26.172, 26.787]
[27722, 26.787, 27.402]
[27473, 27.402, 28.017]
[27525, 28.017, 25.334]
[27722, 25.334, 25.949]
[27473, 25.949, 26.564]
[27888, 26.564, 27.179]
[27722, 27.179, 27.794]
[27639, 27.794, 28.409]
[27805, 28.409, 29.024]
[27473, 29.024, 29.639]
[27888, 29.639, 30.254]
[27971, 30.254, 30.869]
[27639, 30.869, 31.484]
[27888, 31.484, 32.099]
[28054, 32.099, 30.353]
[27888, 30.353, 30.968]
[27390, 30.968, 31.583]
[27722, 31.583, 32.198]
[27888, 32.198, 30.779]
[28137, 30.779, 28.828]
[27639, 28.828, 29.443]
[27639, 29.443, 27.477]
[27722, 27.477, 28.092]
[27556, 28.092, 28.707]
[27556, 28.707, 27.075]
[27805, 27.075, 27.69]
[27639, 27.69, 28.305]
[27639, 28.305, 28.92]
[27639, 28.92, 27.551]
[27888, 27.551, 28.166]
[27639, 28.166, 28.781]
[27722, 28.781, 26.973]
[27971, 26.973, 27.588]
[27805, 27.588, 28.203]
[27888, 28.203, 28.818]
[27639, 28.818, 29.433]
[27805, 29.433, 30.048]
[27888, 30.048, 28.241]
[27639, 28.241, 28.856]
[27639, 28.856, 26.802]
[27556, 26.802, 27.417]
[27616, 27.417, 25.273]
[27971, 25.273, 25.888]
[27805, 25.888, 26.503]
[27639, 26.503, 27.118]
[27971, 27.118, 27.733]
[28003, 27.733, 25.828]
[26809, 25.828, 26.443]
[26892, 26.443, 27.058]
[27556, 27.058, 27.673]
[27722, 27.673, 25.73]
[27888, 25.73, 26.345]
[27888, 26.345, 24.668]
[27639, 24.668, 25.283]
[26311, 25.283, 25.898]
[26975, 25.898, 26.513]
[27141, 26.513, 27.128]
[27473, 27.128, 27.743]
[26975, 27.743, 28.358]
[27141, 28.358, 28.973]
[27307, 28.973, 27.456]
[27639, 27.456, 28.071]
[27722, 28.071, 26.361]
[27722, 26.361, 26.976]
[27805, 26.976, 25.208]
[27722, 25.208, 25.823]
[27639, 25.823, 26.438]
[27888, 26.438, 27.053]
[27805, 27.053, 27.668]
[27971, 27.668, 28.283]
[27805, 28.283, 28.898]
[27971, 28.898, 29.513]
[28097, 29.513, 28.115]
[27556, 28.115, 28.73]
