[5419, 100.0, 50.0]
[43160, 50.0, 25.0]
[22825, 25.0, 25.615]
[22825, 25.615, 26.23]
[23240, 26.23, 26.845]
[23240, 26.845, 27.46]
[23240, 27.46, 28.075]
[24900, 28.075, 28.69]
[24900, 28.69, 29.305]
[24900, 29.305, 29.92]
[26560, 29.92, 30.535]
[26560, 30.535, 31.15]
[26560, 31.15, 31.765]
[26975, 31.765, 23.736]
[21580, 23.736, 24.351]
[21580, 24.351, 24.966]
[21580, 24.966, 25.581]
[22825, 25.581, 26.196]
[23240, 26.196, 26.811]
[23240, 26.811, 27.426]
[24485, 27.426, 28.041]
[24900, 28.041, 28.656]
[24900, 28.656, 29.271]
[24900, 29.271, 29.886]
[26560, 29.886, 30.501]
[26560, 30.501, 31.116]
[26560, 31.116, 31.731]
[26975, 31.731, 28.431]
[24900, 28.431, 29.046]
[24900, 29.046, 29.661]
[26560, 29.661, 30.276]
[26560, 30.276, 30.891]
[26560, 30.891, 31.506]
[26682, 31.506, 29.072]
[27224, 29.072, 29.687]
[27473, 29.687, 27.307]
[26975, 27.307, 27.922]
[26809, 27.922, 28.537]
[27058, 28.537, 29.152]
[27224, 29.152, 27.099]
[27556, 27.099, 27.714]
[27307, 27.714, 28.329]
[27888, 28.329, 28.944]
[27556, 28.944, 29.559]
[27605, 29.559, 27.855]
[27141, 27.855, 28.47]
[27307, 28.47, 29.085]
[27639, 29.085, 29.7]
[27805, 29.7, 30.315]
[27772, 30.315, 28.775]
[27722, 28.775, 26.957]
[27888, 26.957, 27.572]
[27722, 27.572, 28.187]
[27556, 28.187, 28.802]
[27639, 28.802, 27.091]
[26726, 27.091, 27.706]
[27390, 27.706, 28.321]
[27805, 28.321, 28.936]
[27722, 28.936, 29.551]
[27639, 29.551, 28.212]
[28137, 28.212, 28.827]
[27722, 28.827, 29.442]
[27805, 29.442, 27.731]
[27224, 27.731, 28.346]
[27639, 28.346, 28.961]
[27593, 28.961, 27.468]
[28014, 27.468, 25.511]
[27722, 25.511, 26.126]
[27805, 26.126, 24.103]
[27722, 24.103, 24.718]
[27888, 24.718, 25.333]
[27971, 25.333, 23.185]
[27224, 23.185, 23.8]
[27805, 23.8, 24.415]
[27888, 24.415, 25.03]
[27722, 25.03, 25.645]
[27716, 25.645, 23.975]
[27805, 23.975, 24.59]
[27556, 24.59, 25.205]
[27722, 25.205, 23.457]
[26809, 23.457, 24.072]
[27307, 24.072, 24.687]
[27805, 24.687, 23.208]
[27805, 23.208, 23.823]
[27556, 23.823, 24.438]
[27556, 24.438, 23.04]
[27058, 23.04, 23.655]
[27473, 23.655, 24.27]
[27639, 24.27, 23.075]
[27224, 23.075, 23.69]
[27805, 23.69, 24.305]
[27805, 24.305, 24.92]
[27639, 24.92, 25.535]
[27639, 25.535, 24.578]
[27639, 24.578, 25.193]
[27888, 25.193, 25.808]
[27805, 25.808, 26.423]
[27722, 26.423, 27.038]
[27805, 27.038, 27.653]
[27971, 27.653, 28.268]
[27888, 28.268, 28.883]
[27473, 28.883, 29.498]
[27971, 29.498, 30.113]
[27888, 30.113, 30.728]
[27556, 30.728, 31.343]
[27888, 31.343, 31.958]
[27888, 31.958, 32.573]
[27805, 32.573, 32.017]
[27805, 32.017, 32.632]
[27805, 32.632, 31.69]
[27722, 31.69, 32.305]
[27639, 32.305, 31.269]
[27722, 31.269, 31.884]
[27556, 31.884, 32.499]
[27722, 32.499, 33.114]
[27805, 33.114, 33.729]
[27888, 33.729, 32.484]
[27888, 32.484, 33.099]
[27888, 33.099, 31.864]
[27805, 31.864, 30.651]
[27805, 30.651, 31.266]
[27888, 31.266, 31.881]
[27722, 31.881, 32.496]
[27556, 32.496, 33.111]
[27888, 33.111, 33.726]
[27805, 33.726, 34.341]
[27722, 34.341, 34.956]
[27390, 34.956, 35.571]
[27888, 35.571, 36.186]
[27473, 36.186, 36.801]
[27639, 36.801, 35.952]
[27556, 35.952, 36.567]
[27888, 36.567, 37.182]
[27556, 37.182, 37.797]
[27722, 37.797, 38.412]
[27805, 38.412, 37.576]
[27556, 37.576, 38.191]
[27722, 38.191, 37.183]
[27805, 37.183, 37.798]
[27722, 37.798, 38.413]
[27556, 38.413, 39.028]
[27224, 39.028, 39.643]
[27888, 39.643, 40.258]
[27390, 40.258, 40.873]
[27805, 40.873, 41.488]
[27888, 41.488, 40.694]
[27888, 40.694, 41.309]
[27805, 41.309, 41.924]
[27805, 41.924, 40.604]
[27971, 40.604, 41.219]
[27888, 41.219, 41.834]
[27556, 41.834, 42.449]
[27639, 42.449, 41.069]
[27722, 41.069, 39.221]
[27639, 39.221, 39.836]
[27722, 39.836, 40.451]
[27390, 40.451, 41.066]
[27639, 41.066, 39.287]
[27805, 39.287, 39.902]
[27390, 39.902, 40.517]
[27473, 40.517, 38.717]
[27971, 38.717, 39.332]
[27722, 39.332, 39.947]
[27722, 39.947, 40.562]
[27556, 40.562, 41.177]
[27888, 41.177, 41.792]
[27888, 41.792, 40.261]
[27722, 40.261, 40.876]
[27722, 40.876, 38.961]
[28054, 38.961, 39.576]
[27639, 39.576, 40.191]
[27722, 40.191, 37.708]
[27805, 37.708, 34.545]
[27473, 34.545, 35.16]
[27390, 35.16, 35.775]
[27390, 35.775, 36.39]
[27888, 36.39, 37.005]
[27307, 37.005, 37.62]
[27888, 37.62, 38.235]
[27473, 38.235, 38.85]
[27639, 38.85, 39.465]
[27639, 39.465, 40.08]
[27639, 40.08, 37.863]
[27971, 37.863, 38.478]
[27971, 38.478, 36.016]
[27971, 36.016, 36.631]
[27639, 36.631, 37.246]
[27971, 37.246, 37.861]
[27888, 37.861, 38.476]
[27888, 38.476, 36.137]
[27722, 36.137, 36.752]
[27556, 36.752, 37.367]
[27888, 37.367, 34.976]
[27971, 34.976, 35.591]
[27556, 35.591, 36.206]
[27557, 36.206, 33.48]
[27805, 33.48, 30.567]
[27639, 30.567, 31.182]
[27589, 31.182, 28.239]
[27722, 28.239, 28.854]
[27639, 28.854, 29.469]
[27853, 29.469, 26.671]
[27971, 26.671, 27.286]
[27473, 27.286, 27.901]
[27805, 27.901, 28.516]
[27888, 28.516, 26.287]
[27888, 26.287, 24.371]
[27722, 24.371, 24.986]
[27805, 24.986, 25.601]
[27805, 25.601, 23.5]
[27888, 23.5, 21.062]
[27224, 21.062, 21.677]
[27224, 21.677, 22.292]
[27556, 22.292, 22.907]
[27556, 22.907, 20.603]
[28137, 20.603, 21.218]
[27722, 21.218, 21.833]
[27473, 21.833, 22.448]
[27888, 22.448, 23.063]
[27722, 23.063, 23.678]
[27639, 23.678, 24.293]
[27805, 24.293, 22.176]
[27473, 22.176, 22.791]
[27888, 22.791, 23.406]
[27971, 23.406, 24.021]
[27722, 24.021, 24.636]
[27888, 24.636, 25.251]
[28054, 25.251, 23.67]
[27888, 23.67, 24.285]
[27390, 24.285, 24.9]
[27805, 24.9, 25.515]
[27888, 25.515, 24.249]
[27722, 24.249, 24.864]
[27556, 24.864, 25.479]
[27805, 25.479, 26.094]
[27805, 26.094, 26.709]
[27556, 26.709, 27.324]
[27556, 27.324, 25.965]
[27805, 25.965, 26.58]
[27639, 26.58, 27.195]
[27722, 27.195, 27.81]
[27663, 27.81, 26.588]
[27888, 26.588, 27.203]
[27639, 27.203, 27.818]
[27722, 27.818, 26.098]
[27722, 26.098, 26.713]
[27805, 26.713, 27.328]
[27888, 27.328, 27.943]
[27639, 27.943, 28.558]
[27805, 28.558, 29.173]
[27888, 29.173, 27.319]
[27722, 27.319, 27.934]
[27691, 27.934, 25.883]
[27639, 25.883, 26.498]
[27565, 26.498, 24.167]
[27971, 24.167, 24.782]
[27888, 24.782, 25.397]
[27639, 25.397, 26.012]
[27888, 26.012, 23.862]
[27888, 23.862, 21.906]
[26809, 21.906, 22.521]
[26892, 22.521, 23.136]
[27556, 23.136, 23.751]
[28054, 23.751, 24.366]
[27888, 24.366, 24.981]
[27876, 24.981, 23.113]
[27639, 23.113, 23.728]
[26311, 23.728, 24.343]
[26975, 24.343, 24.958]
[27141, 24.958, 25.573]
[27473, 25.573, 26.188]
[26975, 26.188, 26.803]
[27141, 26.803, 27.418]
[27390, 27.418, 25.777]
[27473, 25.777, 26.392]
[27639, 26.392, 24.738]
[27556, 24.738, 25.353]
[27722, 25.353, 23.737]
[27639, 23.737, 24.352]
[27639, 24.352, 24.967]
[27888, 24.967, 25.582]
[27805, 25.582, 26.197]
[27971, 26.197, 26.812]
[27805, 26.812, 27.427]
[27805, 27.427, 26.107]
[27971, 26.107, 26.722]
[27556, 26.722, 27.337]
[26726, 27.337, 27.952]
[27141, 27.952, 28.567]
[27473, 28.567, 29.182]
[27722, 29.182, 29.797]
[27141, 29.797, 30.412]
[26643, 30.412, 31.027]
[26726, 31.027, 31.642]
[27556, 31.642, 32.257]
[27888, 32.257, 32.872]
[27556, 32.872, 33.487]
[26892, 33.487, 34.102]
[27058, 34.102, 34.717]
[27390, 34.717, 35.332]
[27888, 35.332, 35.947]
[27473, 35.947, 36.562]
[25564, 36.562, 37.177]
[26145, 37.177, 37.792]
[26560, 37.792, 38.407]
[26643, 38.407, 39.022]
[27141, 39.022, 39.637]
[27473, 39.637, 40.252]
[27722, 40.252, 40.867]
[26726, 40.867, 41.482]
