[5502, 100.0, 50.0]
[43160, 50.0, 25.0]
[22825, 25.0, 25.615]
[22825, 25.615, 26.23]
[23240, 26.23, 26.845]
[23240, 26.845, 27.46]
[23240, 27.46, 28.075]
[24900, 28.075, 28.69]
[24900, 28.69, 29.305]
[24900, 29.305, 29.92]
[26560, 29.92, 30.535]
[26560, 30.535, 31.15]
[26560, 31.15, 31.765]
[26975, 31.765, 23.736]
[21580, 23.736, 24.351]
[21580, 24.351, 24.966]
[21580, 24.966, 25.581]
[22825, 25.581, 26.196]
[23240, 26.196, 26.811]
[23240, 26.811, 27.426]
[24485, 27.426, 28.041]
[24900, 28.041, 28.656]
[24900, 28.656, 29.271]
[24900, 29.271, 29.886]
[26560, 29.886, 30.501]
[26560, 30.501, 31.116]
[26560, 31.116, 31.731]
[26892, 31.731, 28.431]
[24900, 28.431, 29.046]
[24900, 29.046, 29.661]
[26560, 29.661, 30.276]
[26560, 30.276, 30.891]
[26560, 30.891, 31.506]
[26682, 31.506, 29.03]
[27224, 29.03, 29.645]
[27473, 29.645, 27.236]
[26975, 27.236, 27.851]
[26809, 27.851, 28.466]
[27058, 28.466, 29.081]
[27224, 29.081, 27.055]
[27556, 27.055, 27.67]
[27307, 27.67, 28.285]
[27888, 28.285, 28.9]
[27556, 28.9, 29.515]
[27722, 29.515, 27.831]
[27141, 27.831, 28.446]
[27307, 28.446, 29.061]
[27639, 29.061, 29.676]
[27805, 29.676, 30.291]
[27805, 30.291, 28.811]
[27722, 28.811, 27.092]
[27888, 27.092, 27.707]
[27722, 27.707, 28.322]
[27556, 28.322, 28.937]
[27639, 28.937, 27.249]
[26809, 27.249, 27.864]
[27390, 27.864, 28.479]
[27722, 28.479, 29.094]
[27722, 29.094, 29.709]
[27639, 29.709, 30.324]
[27606, 30.324, 29.032]
[27639, 29.032, 29.647]
[27805, 29.647, 27.94]
[27224, 27.94, 28.555]
[27639, 28.555, 27.042]
[28054, 27.042, 25.079]
[27722, 25.079, 25.694]
[27722, 25.694, 26.309]
[27805, 26.309, 24.244]
[27805, 24.244, 24.859]
[27888, 24.859, 25.474]
[27971, 25.474, 23.289]
[27141, 23.289, 23.904]
[27805, 23.904, 24.519]
[27888, 24.519, 25.134]
[27722, 25.134, 25.749]
[27719, 25.749, 24.055]
[27888, 24.055, 24.67]
[27556, 24.67, 25.285]
[27722, 25.285, 23.467]
[26809, 23.467, 24.082]
[27307, 24.082, 24.697]
[27805, 24.697, 23.217]
[27805, 23.217, 23.832]
[27556, 23.832, 24.447]
[27971, 24.447, 25.062]
[27058, 25.062, 25.677]
[27473, 25.677, 26.292]
[27639, 26.292, 25.054]
[27224, 25.054, 25.669]
[27805, 25.669, 26.284]
[27805, 26.284, 26.899]
[27639, 26.899, 27.514]
[27556, 27.514, 26.48]
[27639, 26.48, 27.095]
[27805, 27.095, 27.71]
[27805, 27.71, 28.325]
[27722, 28.325, 28.94]
[27722, 28.94, 28.103]
[27971, 28.103, 28.718]
[27888, 28.718, 29.333]
[27390, 29.333, 29.948]
[27722, 29.948, 29.176]
[27888, 29.176, 29.791]
[27639, 29.791, 30.406]
[27888, 30.406, 31.021]
[27888, 31.021, 31.636]
[27722, 31.636, 30.98]
[27805, 30.98, 31.595]
[27805, 31.595, 30.632]
[27722, 30.632, 31.247]
[27639, 31.247, 30.199]
[27556, 30.199, 30.814]
[27473, 30.814, 31.429]
[27639, 31.429, 32.044]
[27805, 32.044, 32.659]
[27888, 32.659, 31.367]
[27888, 31.367, 31.982]
[27888, 31.982, 30.706]
[27805, 30.706, 29.41]
[27805, 29.41, 30.025]
[27888, 30.025, 30.64]
[27722, 30.64, 31.255]
[27556, 31.255, 31.87]
[27888, 31.87, 32.485]
[27805, 32.485, 33.1]
[27722, 33.1, 33.715]
[27390, 33.715, 34.33]
[27888, 34.33, 34.945]
[27473, 34.945, 35.56]
[27639, 35.56, 34.695]
[27556, 34.695, 35.31]
[27888, 35.31, 35.925]
[27556, 35.925, 36.54]
[27722, 36.54, 37.155]
[27888, 37.155, 36.217]
[27556, 36.217, 36.832]
[27722, 36.832, 35.686]
[27805, 35.686, 36.301]
[27805, 36.301, 36.916]
[27556, 36.916, 37.531]
[27307, 37.531, 38.146]
[27888, 38.146, 38.761]
[27390, 38.761, 39.376]
[27888, 39.376, 39.991]
[27888, 39.991, 39.149]
[27888, 39.149, 39.764]
[27805, 39.764, 40.379]
[27805, 40.379, 39.125]
[27971, 39.125, 39.74]
[27888, 39.74, 40.355]
[27556, 40.355, 40.97]
[27639, 40.97, 39.586]
[27722, 39.586, 37.732]
[27556, 37.732, 38.347]
[27639, 38.347, 38.962]
[27473, 38.962, 39.577]
[27639, 39.577, 37.792]
[27805, 37.792, 38.407]
[27473, 38.407, 39.022]
[27473, 39.022, 37.163]
[27971, 37.163, 37.778]
[27722, 37.778, 38.393]
[27805, 38.393, 39.008]
[27722, 39.008, 39.623]
[27888, 39.623, 40.238]
[27888, 40.238, 38.618]
[27722, 38.618, 39.233]
[27722, 39.233, 37.242]
[27971, 37.242, 37.857]
[27722, 37.857, 38.472]
[27722, 38.472, 35.841]
[27805, 35.841, 32.684]
[27307, 32.684, 33.299]
[27390, 33.299, 33.914]
[27473, 33.914, 34.529]
[27888, 34.529, 35.144]
[27473, 35.144, 35.759]
[27888, 35.759, 36.374]
[27473, 36.374, 36.989]
[27722, 36.989, 37.604]
[27639, 37.604, 38.219]
[27583, 38.219, 36.073]
[27971, 36.073, 36.688]
[27971, 36.688, 34.233]
[27971, 34.233, 34.848]
[27639, 34.848, 35.463]
[27971, 35.463, 36.078]
[27888, 36.078, 33.674]
[27639, 33.674, 34.289]
[27722, 34.289, 34.904]
[27556, 34.904, 35.519]
[27888, 35.519, 33.103]
[27639, 33.103, 33.718]
[27473, 33.718, 34.333]
[27556, 34.333, 31.645]
[27971, 31.645, 28.773]
[27639, 28.773, 26.021]
[27556, 26.021, 26.636]
[27556, 26.636, 27.251]
[27473, 27.251, 27.866]
[27830, 27.866, 25.262]
[27888, 25.262, 25.877]
[27473, 25.877, 26.492]
[27722, 26.492, 27.107]
[27888, 27.107, 24.964]
[27888, 24.964, 23.065]
[27639, 23.065, 23.68]
[27722, 23.68, 24.295]
[27805, 24.295, 22.252]
[27805, 22.252, 20.016]
[27307, 20.016, 20.631]
[27141, 20.631, 21.246]
[27639, 21.246, 21.861]
[27556, 21.861, 22.476]
[27505, 22.476, 20.394]
[27639, 20.394, 21.009]
[27473, 21.009, 21.624]
[27805, 21.624, 22.239]
[27722, 22.239, 22.854]
[27639, 22.854, 23.469]
[27805, 23.469, 21.55]
[27556, 21.55, 22.165]
[27888, 22.165, 22.78]
[27888, 22.78, 21.142]
[27639, 21.142, 21.757]
[27722, 21.757, 20.275]
[27971, 20.275, 20.89]
[27888, 20.89, 21.505]
[27473, 21.505, 22.12]
[27805, 22.12, 22.735]
[27888, 22.735, 21.527]
[27805, 21.527, 22.142]
[27556, 22.142, 22.757]
[27888, 22.757, 23.372]
[27805, 23.372, 23.987]
[27390, 23.987, 24.602]
[27556, 24.602, 23.26]
[27805, 23.26, 23.875]
[27639, 23.875, 24.49]
[27722, 24.49, 25.105]
[27639, 25.105, 23.948]
[27888, 23.948, 24.563]
[27639, 24.563, 25.178]
[27722, 25.178, 23.69]
[27888, 23.69, 24.305]
[27722, 24.305, 24.92]
[27888, 24.92, 25.535]
[27639, 25.535, 26.15]
[27805, 26.15, 26.765]
[27888, 26.765, 25.15]
[27639, 25.15, 25.765]
[27722, 25.765, 23.968]
[27639, 23.968, 24.583]
[27639, 24.583, 22.715]
[27971, 22.715, 23.33]
[27888, 23.33, 23.945]
[27556, 23.945, 24.56]
[27971, 24.56, 25.175]
[28054, 25.175, 23.416]
[26809, 23.416, 24.031]
[26892, 24.031, 24.646]
[27556, 24.646, 25.261]
[27971, 25.261, 25.876]
[27888, 25.876, 26.491]
[27888, 26.491, 24.774]
[27639, 24.774, 25.389]
[26311, 25.389, 26.004]
[26975, 26.004, 26.619]
[27141, 26.619, 27.234]
[27473, 27.234, 27.849]
[26975, 27.849, 28.464]
[27141, 28.464, 29.079]
[27307, 29.079, 27.498]
[27639, 27.498, 28.113]
[27722, 28.113, 26.403]
[27722, 26.403, 27.018]
[27805, 27.018, 25.25]
[27722, 25.25, 25.865]
[27639, 25.865, 26.48]
[27888, 26.48, 27.095]
[27805, 27.095, 27.71]
[27971, 27.71, 28.325]
[27805, 28.325, 28.94]
[27971, 28.94, 27.469]
[27971, 27.469, 28.084]
[27473, 28.084, 28.699]
[26809, 28.699, 29.314]
[27058, 29.314, 29.929]
[27473, 29.929, 30.544]
[27722, 30.544, 31.159]
[27141, 31.159, 31.774]
[26643, 31.774, 32.389]
[26726, 32.389, 33.004]
[27556, 33.004, 33.619]
[27888, 33.619, 34.234]
[27639, 34.234, 34.849]
[26892, 34.849, 35.464]
[27058, 35.464, 36.079]
[27307, 36.079, 36.694]
[27888, 36.694, 37.309]
[27473, 37.309, 37.924]
[25564, 37.924, 38.539]
[26145, 38.539, 39.154]
[26560, 39.154, 39.769]
[26643, 39.769, 40.384]
[27141, 40.384, 40.999]
[27473, 40.999, 41.614]
[27722, 41.614, 42.229]
[26726, 42.229, 42.844]
[23489, 42.844, 43.459]
[21746, 43.459, 44.074]
[20833, 44.074, 44.689]
