[5917, 100.0, 50.0]
[43160, 50.0, 25.029]
[22825, 25.029, 25.644]
[23240, 25.644, 26.259]
[23240, 26.259, 26.874]
[23240, 26.874, 27.489]
[23738, 27.489, 28.104]
[24900, 28.104, 28.719]
[24900, 28.719, 29.334]
[25398, 29.334, 29.949]
[26560, 29.949, 30.564]
[26560, 30.564, 31.179]
[26975, 31.179, 23.287]
[21580, 23.287, 23.902]
[21580, 23.902, 24.517]
[21580, 24.517, 25.132]
[21663, 25.132, 25.747]
[23240, 25.747, 26.362]
[23240, 26.362, 26.977]
[23323, 26.977, 27.592]
[24900, 27.592, 28.207]
[24900, 28.207, 28.822]
[24900, 28.822, 29.437]
[25398, 29.437, 30.052]
[26560, 30.052, 30.667]
[26560, 30.667, 31.282]
[26975, 31.282, 27.995]
[24817, 27.995, 28.61]
[24900, 28.61, 29.225]
[25398, 29.225, 29.84]
[26560, 29.84, 30.455]
[26560, 30.455, 31.07]
[26975, 31.07, 31.685]
[27224, 31.685, 32.3]
[27307, 32.3, 32.915]
[27473, 32.915, 30.942]
[26809, 30.942, 31.557]
[26975, 31.557, 32.172]
[27224, 32.172, 32.787]
[27639, 32.787, 33.402]
[27307, 33.402, 34.017]
[27722, 34.017, 34.632]
[27805, 34.632, 33.267]
[27722, 33.267, 31.981]
[27058, 31.981, 32.596]
[27141, 32.596, 33.211]
[27307, 33.211, 33.826]
[27556, 33.826, 32.718]
[27971, 32.718, 33.333]
[27556, 33.333, 33.948]
[27805, 33.948, 34.563]
[27639, 34.563, 35.178]
[27888, 35.178, 35.793]
[27639, 35.793, 34.953]
[26809, 34.953, 35.568]
[26809, 35.568, 36.183]
[27556, 36.183, 36.798]
[27805, 36.798, 37.413]
[28054, 37.413, 36.681]
[27805, 36.681, 35.837]
[27639, 35.837, 36.452]
[27805, 36.452, 35.661]
[27224, 35.661, 36.276]
[27224, 36.276, 36.891]
[27722, 36.891, 37.506]
[27805, 37.506, 38.121]
[27390, 38.121, 38.736]
[27390, 38.736, 38.027]
[27971, 38.027, 38.642]
[27556, 38.642, 39.257]
[27722, 39.257, 38.504]
[27141, 38.504, 39.119]
[27307, 39.119, 39.734]
[27971, 39.734, 40.349]
[27971, 40.349, 39.206]
[27971, 39.206, 39.821]
[27639, 39.821, 40.436]
[27556, 40.436, 39.387]
[27722, 39.387, 38.37]
[26809, 38.37, 38.985]
[26809, 38.985, 39.6]
[27556, 39.6, 40.215]
[27888, 40.215, 40.83]
[27888, 40.83, 39.879]
[27556, 39.879, 38.949]
[27058, 38.949, 39.564]
[27058, 39.564, 40.179]
[27639, 40.179, 39.249]
[27141, 39.249, 39.864]
[27058, 39.864, 40.479]
[27307, 40.479, 39.548]
[27971, 39.548, 40.163]
[27639, 40.163, 38.948]
[27390, 38.948, 39.563]
[27556, 39.563, 38.231]
[27473, 38.231, 38.846]
[27556, 38.846, 37.298]
[27722, 37.298, 35.847]
[27639, 35.847, 36.462]
[27805, 36.462, 37.077]
[28054, 37.077, 35.449]
[27722, 35.449, 33.757]
[27556, 33.757, 34.372]
[27722, 34.372, 34.987]
[27639, 34.987, 33.221]
[27639, 33.221, 33.836]
[27639, 33.836, 31.734]
[27722, 31.734, 32.349]
[27722, 32.349, 30.535]
[27390, 30.535, 31.15]
[27556, 31.15, 31.765]
[27722, 31.765, 32.38]
[27473, 32.38, 32.995]
[27538, 32.995, 31.515]
[27805, 31.515, 32.13]
[27888, 32.13, 30.625]
[27556, 30.625, 31.24]
[27722, 31.24, 29.623]
[27722, 29.623, 30.238]
[27722, 30.238, 30.853]
[27639, 30.853, 31.468]
[27971, 31.468, 29.872]
[27805, 29.872, 28.122]
[27639, 28.122, 28.737]
[27507, 28.737, 26.941]
[27888, 26.941, 27.556]
[27888, 27.556, 25.882]
[27473, 25.882, 26.497]
[27399, 26.497, 24.771]
[27805, 24.771, 23.138]
[27805, 23.138, 23.753]
[27556, 23.753, 24.368]
[27599, 24.368, 22.846]
[27556, 22.846, 23.461]
[27888, 23.461, 22.144]
[27473, 22.144, 22.759]
[27473, 22.759, 21.524]
[27971, 21.524, 22.139]
[27805, 22.139, 22.754]
[27888, 22.754, 23.369]
[27888, 23.369, 23.984]
[27390, 23.984, 24.599]
[27971, 24.599, 25.214]
[27556, 25.214, 25.829]
[27805, 25.829, 24.71]
[27888, 24.71, 25.325]
[27888, 25.325, 25.94]
[27971, 25.94, 24.86]
[27888, 24.86, 25.475]
[27971, 25.475, 26.09]
[27888, 26.09, 26.705]
[27639, 26.705, 27.32]
[27639, 27.32, 27.935]
[27722, 27.935, 28.55]
[27556, 28.55, 29.165]
[27805, 29.165, 29.78]
[27805, 29.78, 30.395]
[27556, 30.395, 31.01]
[27805, 31.01, 31.625]
[27722, 31.625, 32.24]
[27722, 32.24, 32.855]
[27722, 32.855, 32.238]
[27888, 32.238, 32.853]
[27805, 32.853, 33.468]
[27805, 33.468, 34.083]
[27805, 34.083, 33.537]
[27888, 33.537, 34.152]
[27888, 34.152, 34.767]
[27639, 34.767, 35.382]
[27971, 35.382, 35.997]
[27805, 35.997, 36.612]
[27639, 36.612, 37.227]
[27805, 37.227, 37.842]
[27473, 37.842, 38.457]
[27971, 38.457, 39.072]
[27556, 39.072, 39.687]
[27565, 39.687, 38.796]
[27722, 38.796, 39.411]
[27888, 39.411, 40.026]
[27639, 40.026, 40.641]
[27639, 40.641, 39.238]
[27639, 39.238, 39.853]
[27722, 39.853, 40.468]
[27707, 40.468, 39.159]
[27556, 39.159, 39.774]
[27556, 39.774, 38.033]
[27888, 38.033, 38.648]
[27809, 38.648, 36.837]
[27888, 36.837, 37.452]
[27556, 37.452, 38.067]
[27888, 38.067, 38.682]
[27805, 38.682, 39.297]
[27971, 39.297, 39.912]
[27639, 39.912, 40.527]
[27639, 40.527, 41.142]
[27805, 41.142, 41.757]
[27473, 41.757, 42.372]
[27722, 42.372, 42.987]
[27722, 42.987, 43.602]
[27888, 43.602, 44.217]
[27888, 44.217, 44.832]
[27722, 44.832, 45.447]
[27804, 45.447, 44.293]
[27556, 44.293, 44.908]
[27533, 44.908, 43.138]
[27722, 43.138, 43.753]
[27888, 43.753, 44.368]
[27722, 44.368, 44.983]
[27971, 44.983, 43.188]
[27888, 43.188, 43.803]
[27639, 43.803, 44.418]
[27141, 44.418, 45.033]
[27639, 45.033, 45.648]
[27888, 45.648, 46.263]
[27805, 46.263, 46.878]
[27805, 46.878, 47.493]
[27888, 47.493, 48.108]
[27722, 48.108, 48.723]
[27805, 48.723, 47.219]
[27888, 47.219, 47.834]
[27805, 47.834, 48.449]
[27722, 48.449, 49.064]
[27556, 49.064, 49.679]
[27888, 49.679, 50.294]
[27722, 50.294, 50.909]
[27805, 50.909, 51.524]
[27473, 51.524, 50.242]
[27473, 50.242, 50.857]
[27888, 50.857, 51.472]
[27639, 51.472, 52.087]
[27639, 52.087, 51.02]
[27971, 51.02, 51.635]
[27805, 51.635, 52.25]
[27639, 52.25, 51.063]
[27639, 51.063, 51.678]
[27888, 51.678, 52.293]
[27639, 52.293, 52.908]
[27639, 52.908, 53.523]
[27722, 53.523, 54.138]
[27805, 54.138, 53.107]
[27722, 53.107, 53.722]
[27639, 53.722, 54.337]
[27639, 54.337, 53.378]
[27722, 53.378, 53.993]
[27473, 53.993, 54.608]
[27556, 54.608, 55.223]
[27722, 55.223, 54.013]
[27971, 54.013, 54.628]
[27722, 54.628, 55.243]
[27722, 55.243, 53.932]
[27722, 53.932, 54.547]
[27639, 54.547, 55.162]
[27390, 55.162, 55.777]
[27556, 55.777, 56.392]
[27639, 56.392, 57.007]
[27639, 57.007, 55.288]
[27971, 55.288, 55.903]
[27971, 55.903, 53.493]
[27722, 53.493, 54.108]
[26975, 54.108, 54.723]
[26228, 54.723, 55.338]
[26726, 55.338, 55.953]
[27639, 55.953, 53.804]
[27556, 53.804, 54.419]
[27722, 54.419, 55.034]
[27390, 55.034, 55.649]
[27556, 55.649, 56.264]
[26560, 56.264, 56.879]
[27058, 56.879, 57.494]
[27141, 57.494, 58.109]
[27307, 58.109, 58.724]
[26892, 58.724, 59.339]
[27058, 59.339, 59.954]
[27473, 59.954, 60.569]
[27556, 60.569, 61.184]
[27722, 61.184, 61.799]
[27556, 61.799, 62.414]
[27639, 62.414, 61.163]
[27556, 61.163, 61.778]
[27639, 61.778, 62.393]
[27722, 62.393, 60.686]
[27805, 60.686, 58.383]
[27971, 58.383, 58.998]
[27805, 58.998, 59.613]
[27805, 59.613, 57.084]
[27888, 57.084, 57.699]
[26809, 57.699, 58.314]
[26394, 58.314, 58.929]
[27141, 58.929, 59.544]
[27473, 59.544, 60.159]
[27722, 60.159, 60.774]
[27307, 60.774, 61.389]
[26643, 61.389, 62.004]
[26892, 62.004, 62.619]
[27722, 62.619, 63.234]
[27888, 63.234, 63.849]
[27556, 63.849, 64.464]
[26975, 64.464, 65.079]
[27141, 65.079, 65.694]
[27556, 65.694, 66.309]
[27971, 66.309, 66.924]
[27556, 66.924, 67.539]
[25730, 67.539, 68.154]
[26228, 68.154, 68.769]
[26643, 68.769, 69.384]
[26726, 69.384, 69.999]
[27224, 69.999, 70.614]
[27639, 70.614, 71.229]
[27473, 71.229, 71.844]
[25149, 71.844, 72.459]
[22244, 72.459, 73.074]
[21248, 73.074, 73.689]
[20667, 73.689, 74.304]
[19007, 74.304, 74.919]
[15687, 74.919, 75.534]
[15023, 75.534, 76.149]
[15438, 76.149, 76.764]
[15604, 76.764, 77.379]
[15687, 77.379, 77.994]
[16019, 77.994, 78.609]
[16102, 78.609, 79.224]
[15521, 79.224, 79.839]
[14276, 79.839, 80.454]
[14193, 80.454, 81.069]
[14359, 81.069, 81.684]
[13031, 81.684, 82.299]
[11786, 82.299, 82.914]
[11869, 82.914, 83.529]
[12201, 83.529, 84.144]
[12533, 84.144, 84.759]
[12616, 84.759, 85.374]
[11205, 85.374, 85.989]
[10209, 85.989, 86.604]
[10292, 86.604, 87.219]
[10375, 87.219, 87.834]
[10541, 87.834, 88.449]
[10541, 88.449, 89.064]
[10541, 89.064, 89.679]
[10790, 89.679, 90.294]
[10790, 90.294, 90.909]
[10790, 90.909, 91.524]
[11039, 91.524, 92.139]
[11039, 92.139, 92.754]
[11039, 92.754, 93.369]
[11288, 93.369, 93.984]
[11288, 93.984, 94.599]
[11288, 94.599, 95.214]
[11454, 95.214, 95.829]
[11537, 95.829, 96.444]
[11537, 96.444, 97.059]
[11620, 97.059, 97.674]
[11786, 97.674, 98.289]
[11786, 98.289, 98.904]
[11869, 98.904, 99.519]
[12035, 99.519, 100.0]
