0b000d01 0b000101 10000 100 5000000 2000000000 8714468 423360
0b001001 0b000101 10000 100 5000000 2000000000 8957732 423360
0b000f01 0b000101 10000 100 5000000 2000000000 8981252 423360
0b000b01 0b000101 10000 100 5000000 2000000000 9098886 423360
0b000801 0b000101 10000 100 5000000 2000000000 9099558 423360
0b001501 0b000101 10000 100 5000000 2000000000 9103506 423360
0b000601 0b000101 10000 100 5000000 2000000000 9110898 423360
0b001401 0b000101 10000 100 5000000 2000000000 9131478 423360
0b000c01 0b000101 10000 100 5000000 2000000000 9147186 423360
0b001101 0b000101 10000 100 5000000 2000000000 9188682 423360
0b000a01 0b000101 10000 100 5000000 2000000000 9191202 423360
0b000901 0b000101 10000 100 5000000 2000000000 9194814 423360
0b000501 0b000101 10000 100 5000000 2000000000 9202542 423360
0b001201 0b000101 10000 100 5000000 2000000000 9228330 423360
0b000e01 0b000101 10000 100 5000000 2000000000 9238662 423360
0b001301 0b000101 10000 100 5000000 2000000000 9258316 423360
0b000701 0b000101 10000 100 5000000 2000000000 9311307 423360
0b000401 0b000101 10000 100 150000000 2000000000 50135490 12580160
0b000201 0b000101 10000 100 200000000 2000000000 59731136 16772160
0b000301 0b000101 10000 100 200000000 2000000000 59986197 16772160