0.5064773576288147 2.2615924067468716 0.0 0.5338678550402477
0.3858912926906997 0.5064773576288147 2.2615924067468716 0.3858912926906997
0.28659419339889053 0.3858912926906997 0.5064773576288147 0.28659419339889053
0.21684599416141795 0.28659419339889053 0.3858912926906997 0.2385753869143004
0.1821681425146613 0.21684599416141795 0.28659419339889053 0.24438751843648557
0.1437600716237721 0.18639928310205817 0.1821681425146613 0.1628227394841683
0.12615016838671195 0.1437600716237721 0.18639928310205817 0.18153460289753384
0.1401396434145351 0.12615016838671195 0.1437600716237721 0.1401396434145351
0.1090551254529279 0.1401396434145351 0.12615016838671195 0.12638411178812992
0.0986146250707272 0.1090551254529279 0.1401396434145351 -0.12110829994341824
-0.09929164850452711 0.0986146250707272 0.1090551254529279 -0.09929164850452711
-0.08104269128704868 -0.09929164850452711 0.0986146250707272 -0.08104269128704868
0.009833282110032945 0.012321893802012445 0.015449960445479178 0.08196423083217816
0.05095361319566094 0.0645138195463106 0.009833282110032945 0.05095361319566094
0.04562625426122739 0.040351677800044894 0.05095361319566094 0.09705049627407464
0.032351791434479166 0.040769480727445614 0.0021981862279722764 0.0484822881756429
0.03268952041181175 0.038033853701771356 0.038413357051243865 0.035828394334036104
0.0118931246005171 0.008703334436554695 0.007792420488591931 0.03045997092346237
0.009511312216068168 0.024220426044158052 0.0118931246005171 0.02178500598161307
0.006819334249994754 0.014559851633237782 0.01222317974652184 0.0008084725529798597
0.0046444286809931784 0.0028187955944194236 -0.002465220629383853 0.0016544155003949844
0.0007203818546605171 0.0068940565225277094 0.0026286842244551702 0.0037165506626086024
-0.00472065864210989 -0.00654280897640386 -0.0021902467553359967 -0.005370365907810986
0.008737156919532503 -0.01005351095101538 0.005418519598318713 -0.006229269740994686
0.001745866296838016 0.0021832858023222786 0.002730597671684959 0.0047361524648882785
-0.001113361097505751 -0.0043901389956732505 0.006500491270526737 -0.001113361097505751
-0.0019856114471722124 0.00946555508878131 0.0028790032544195447 -0.02290208066833926
6.714149216291962e-05 0.0060724547905816086 -0.001394338050382297 -0.00292707150631661
-0.0026575006969915224 -0.00032663634173352597 -0.003401051723322676 0.0008787909536360268
-0.002478428200438927 -0.009101561953773039 0.0006324985347698816 -0.002478428200438927
-0.010109357231383337 -0.0006364136481984838 0.008179501191093862 -0.037106374761436516
-0.029907048237128316 -0.010109357231383337 -0.0006364136481984838 -0.020840758968316428
-0.002736824298544154 -0.0095139898080943 0.00637823769056047 0.012511848112793092
0.011203567702024148 0.007971676247319629 0.009984493596761306 0.005148456518179692
0.011956807636606486 -0.003576085112429957 -0.01064955387821878 0.024297744315101687
-0.15082918314604782 -0.14332711882863106 -0.043350854991419656 -0.17404869766939807
-0.14426063320228244 -0.15082918314604782 -0.14332711882863106 -0.192374493182877
-0.16005780226441807 -0.14426063320228244 -0.15082918314604782 -0.31374935333943943
-0.26780415901400273 -0.16005780226441807 -0.14426063320228244 -0.30212583906022134
-0.2572447270488685 -0.26780415901400273 -0.16005780226441807 -0.24100963911551046
-0.20257207587259518 -0.2572447270488685 -0.26780415901400273 -0.19830775542271603
-0.13287847972813724 -0.16519822206154233 -0.20257207587259518 -0.11452670152132532
-0.09376917610581458 -0.13287847972813724 -0.16519822206154233 -0.08907367960895352
-0.07255142822168069 -0.09376917610581458 -0.13287847972813724 -0.10123540466843284
-0.08266198768963769 -0.07255142822168069 -0.09376917610581458 -0.16073330788626428
-0.13285757377100285 -0.08266198768963769 -0.07255142822168069 -0.1429406252387819
-0.11771783230120313 -0.13285757377100285 -0.08266198768963769 -0.10214814698887142
-0.08342281478037943 -0.11771783230120313 -0.13285757377100285 -0.15759669104092677
-0.13018055786419316 -0.08342281478037943 -0.11771783230120313 -0.2286506833890015
-0.15450924919438433 -0.19168639159826426 -0.13018055786419316 -0.12473844810967954
-0.10234400495810429 -0.15450924919438433 -0.19168639159826426 -0.0901309982228404
-0.0443034277420283 -0.07342843419261644 -0.10234400495810429 -0.13232811202894673
-0.14115563509141923 -0.17717471598642456 -0.1087403712283523 -0.13417316057996734
-0.11029834394678922 -0.14115563509141923 -0.17717471598642456 -0.09594831723625356
-0.05757294479927813 -0.07826044539741112 -0.11029834394678922 -0.05757294479927813
0.01741761777097881 0.006728467084080199 0.008424755277243757 0.024954044569282356
0.02137532181106453 0.01947520053560519 0.02446310664642227 0.02872334570898586
0.023978177870008926 0.022847425665995638 0.02137532181106453 0.031240434450647288
0.024837162809181898 0.023978177870008926 0.022847425665995638 0.03205432592755642
0.02091968959331463 0.026287091439952122 0.0259515701141598 0.02796051503878576
0.020257649107090017 0.018522232843028785 0.023260500153759293 0.027151281871327114
0.019136424348799114 0.017208615448928436 0.021603711803333845 0.02593066717779111
0.008479098736411152 0.010621388370692084 0.013312083666025142 0.008479098736411152
0.5012141254219188 2.245307988450434 0.0 0.5285089277023173
0.38238804322377673 0.5012141254219188 2.245307988450434 0.38238804322377673
0.2841772389154949 0.38238804322377673 0.5012141254219188 0.2841772389154949
0.21511559969840707 0.2841772389154949 0.38238804322377673 0.2411537911205158
0.18466718181484212 0.18404633844484772 0.21511559969840707 0.18466718181484212
0.14247177327992042 0.18466718181484212 0.18404633844484772 0.1653212087455188
0.13872248852908206 0.12802395209468082 0.14247177327992042 0.13872248852908206
0.10798208219163068 0.13872248852908206 0.12802395209468082 0.1252943022258749
0.09778505961810657 0.10798208219163068 0.13872248852908206 -0.12177195230551474
-0.09984933144982082 0.09778505961810657 0.10798208219163068 -0.09984933144982082
-0.08150715208874469 -0.09984933144982082 0.09778505961810657 -0.08150715208874469
0.012164805342714882 0.011639394436875448 0.014591702691878488 0.08060299502780949
0.050131254291262486 0.0634593926009904 0.012164805342714882 0.050131254291262486
0.04782216595225076 0.039706892171298996 0.050131254291262486 0.09576174217228837
0.03557568272263255 0.0384780277050444 0.03243293846590125 0.041909478947235804
0.02439849634998417 0.012114383055304923 0.008979873187992432 0.012093409306741116
0.019897036029247448 0.00965138381841441 0.02439849634998417 0.026004203909662106
0.007250529917365245 -3.856892950383989e-05 -0.006126944978498165 0.02241996560889183
0.017855906724179235 0.007250529917365245 -3.856892950383989e-05 0.002754187039844233
0.0003785347775964288 0.009486485445390729 0.002851597524865612 -0.029662862663172234
-0.02387191197985089 0.0003785347775964288 0.009486485445390729 -0.02387191197985089
-0.010238375380516931 -0.012765295254481569 0.005096150797483887 0.007867020191790686
0.0013226272280264595 -0.004344096245577808 -0.00242851931104154 -0.03165506408786663
7.14846079595564e-05 -0.009029998485291641 -0.008229135555494212 0.024389332258001127
0.002607533167244163 0.0033704507177974683 0.004216616371665941 0.011749851098860372
0.002701711325809181 -0.005606065645880983 0.00795707823128966 0.005694850762602641
0.002143629761765374 -0.006298258646494465 0.0011046699202545793 -0.0008478437599115374
0.0035456489287960784 0.004435993279700144 -0.0004342756856645031 0.0005589059260318042
-0.002964055111094149 0.005273329311267923 0.0006086942831070399 -0.002964055111094149
-0.0016311166038800477 0.003937755297441135 -0.0010546641024962826 -0.0016311166038800477
-0.0009225091832089916 0.013935454622005938 0.0023391423128066814 0.0051142128156840055
-0.004802473474687132 -0.009035660975128909 -0.02340078746786049 -0.023062978548546085
-0.005626741015518553 0.014103612237973762 0.005576515500078205 -0.02980602998778558
0.014306037936689896 -0.009482968329949212 -0.0239878203286399 0.020379726786610194
0.008950886974558887 -0.007006364837545102 -0.01480537864259209 0.021070417148427462
0.001359344351931765 0.01678559780915693 0.008950886974558887 -0.06197965032093139
0.006174108430530145 0.019981597534949398 0.009710465570386694 -0.08251601054966856
-0.06712051181188872 0.006174108430530145 0.019981597534949398 -0.1541892640427791
-0.12727634028184662 -0.06712051181188872 0.006174108430530145 -0.1593617689479552
-0.131686576307786 -0.12727634028184662 -0.06712051181188872 -0.18471335027372274
-0.1951492227034556 -0.153439131424687 -0.131686576307786 -0.3034251120258607
-0.2584224625505696 -0.1951492227034556 -0.153439131424687 -0.29300379849380725
-0.16252036111781004 -0.19521869807042397 -0.24899429355821356 -0.1536110032573612
-0.1267838824829014 -0.16252036111781004 -0.19521869807042397 -0.10840038527201512
-0.08864207523905701 -0.1267838824829014 -0.16252036111781004 -0.08864207523905701
-0.0721935371821808 -0.08864207523905701 -0.1267838824829014 -0.10088858242396902
-0.08237296425798485 -0.0721935371821808 -0.08864207523905701 -0.15558788732250733
-0.12846792032027543 -0.08237296425798485 -0.0721935371821808 -0.12343016263426547
-0.10124342868096073 -0.12846792032027543 -0.08237296425798485 -0.09607816102970188
-0.07836842770713981 -0.10124342868096073 -0.12846792032027543 -0.18896421638228303
-0.1571089676994164 -0.07836842770713981 -0.10124342868096073 -0.18447555965722756
-0.1532340345834453 -0.1571089676994164 -0.07836842770713981 -0.14755104152695836
-0.12163016471863267 -0.1532340345834453 -0.1571089676994164 -0.11577436581675687
-0.09481492010236915 -0.12163016471863267 -0.1532340345834453 -0.08282571374610914
-0.0673766752402093 -0.09481492010236915 -0.12163016471863267 -0.09785456167026782
-0.07984631455863861 -0.0673766752402093 -0.09481492010236915 -0.24149493497401292
-0.15794806653444346 -0.20300067493797572 -0.07984631455863861 -0.15115732513552768
-0.12469559049139714 -0.15794806653444346 -0.20300067493797572 -0.12469559049139714
-0.10230794224721289 -0.12469559049139714 -0.15794806653444346 -0.08794486932316829
0.018601570205523995 0.01589081331909482 0.01994274325138814 0.02603661816322855
0.020721391538721916 0.018601570205523995 0.01589081331909482 0.028117923361466277
0.01882177554710915 0.023638448828419017 0.022368547269606198 0.033376372340639275
0.02134263775042937 0.026821407081863 0.026524042608098083 0.03562715016651929
0.025413336255002115 0.017929379804396205 0.022512634147502292 0.025413336255002115
0.4959875418483262 2.2291853714012095 0.0 0.5231873153364777
0.2817693482310965 0.37890246009489503 0.4959875418483262 0.2817693482310965
0.18276270740402276 0.21339011960108648 0.2817693482310965 0.24066018259163224
0.18368692050749993 0.18276270740402276 0.21339011960108648 0.18368692050749993
0.12746611129491076 0.14174229526154822 0.18368692050749993 0.17904952815154068
0.13828755811527862 0.12746611129491076 0.14174229526154822 0.13828755811527862
0.10765264228691965 0.13828755811527862 0.12746611129491076 0.12495971482265278
0.09753030015922926 0.10765264228691965 0.13828755811527862 -0.12197575987261661
-0.10002062627670044 0.09753030015922926 0.10765264228691965 -0.10002062627670044
-0.08164983453854728 -0.10002062627670044 0.09753030015922926 -0.08164983453854728
-0.06640424678334121 -0.08164983453854728 -0.10002062627670044 -0.06281349388635406
0.0121122661550933 0.011573555177807138 0.014508923930178053 0.08054690336842701
0.04780098650318555 0.039680305179650224 0.050097351018842794 0.09573959372882149
-0.013541217418744221 -0.020146515628279557 0.05972071519906021 0.0061879582328808955
0.038135721082849745 0.03200345124021869 0.04032696456127405 0.04771851235438375
0.03251590619468267 0.03781392503372902 0.038135721082849745 0.03879259863355612
0.004699812286667649 0.0307951540963016 0.03251590619468267 0.01092086375593494
0.014371292309069247 0.008717650150834092 0.004699812286667649 0.02983426932597579
-0.02403181981657762 0.00017490752535817713 0.009229622741796931 -0.02403181981657762
0.0013419543124737867 -0.004320066048885372 -0.0023984562431243472 -0.03163637352416457
-0.025470256126647408 0.0013419543124737867 -0.004320066048885372 -0.025470256126647408
-0.000697841540728402 0.011165535172200695 0.013995987136912653 -0.018757519103245357
0.007287849391859064 -0.0120864283338071 -0.015062522392901897 -0.010861481227814072
0.0013929003921591531 0.0017417320049971077 -0.0008224198450250187 -0.010599828953854728
0.0007013167650942587 0.0038555996840099033 0.0018424755680046148 -0.00823351642030837
-0.006273294625587464 0.007112989882871532 -0.009055660924643985 -0.0059487358961503286
0.0009158819568782753 -0.0018523258194466726 -0.002314335548435533 0.00037429988381885776
0.0068961016139275294 -0.00034393271126791005 0.005555570900057299 0.003908279353945549
0.0032771601819468386 0.007097122023432025 -0.00012075030511737606 0.0032771601819468386
0.0014031557197932243 -0.0012357519897789155 0.004434564246960555 -0.010553896885816247
-0.0026276876016744933 -0.003282453186707637 0.001881680956654493 0.006357648546058169
0.007883165977393244 0.00987341591584874 0.00035602059758240015 -0.0010890877256696033
0.006863419044517922 0.0055652090250452495 0.013032264841899888 0.003839805173513364
-0.05193330705543424 0.002335199919609575 0.01802493249208224 -0.0335836291274749
-0.059960636899123045 0.011741520595744265 0.020851349197481706 -0.1685460418777722
-0.13954063794351343 -0.059960636899123045 0.011741520595744265 -0.17806866908037103
-0.1477156407753406 -0.13954063794351343 -0.059960636899123045 -0.1710202912228899
-0.141661635820954 -0.1477156407753406 -0.13954063794351343 -0.21060447631726292
-0.1758923231759498 -0.141661635820954 -0.1477156407753406 -0.31984126235919
-0.27335932842347704 -0.1758923231759498 -0.141661635820954 -0.30411660552724523
-0.15958774474249018 -0.20042874402497843 -0.25904953763136696 -0.1551174667889928
-0.12806706104900073 -0.15958774474249018 -0.20042874402497843 -0.1096134538754346
-0.08965626977875518 -0.12806706104900073 -0.15958774474249018 -0.08493946288641713
-0.06912587321766629 -0.08965626977875518 -0.12806706104900073 -0.10271411490568863
-0.08389472643883499 -0.06912587321766629 -0.08965626977875518 -0.15737910667101399
-0.12999498423493253 -0.08389472643883499 -0.06912587321766629 -0.13505315293124104
-0.11104183225567095 -0.12999498423493253 -0.08389472643883499 -0.1006446607031057
-0.08216971722451079 -0.11104183225567095 -0.12999498423493253 -0.16705575493785083
-0.1846218483806227 -0.13826416897611246 -0.08216971722451079 -0.17887974872133133
-0.14841343040459395 -0.1846218483806227 -0.13826416897611246 -0.12459282705926791
-0.046136805705995015 -0.06321726224802744 -0.10222147413719815 -0.15281887348887715
-0.12610948054162963 -0.046136805705995015 -0.06321726224802744 -0.2037886378268181
-0.16995801263810914 -0.12610948054162963 -0.046136805705995015 -0.16320970379776856
-0.1349735620549174 -0.16995801263810914 -0.12610948054162963 -0.12799754239406994
-0.10508824123784798 -0.1349735620549174 -0.16995801263810914 -0.09076965309765354
-0.048628071540032916 -0.06005499971936861 -0.07395835736648841 -0.02615471889924629
-0.021033801753847968 -0.048628071540032916 -0.06005499971936861 -0.021033801753847968
0.021081874175286987 0.019159882317773057 0.024065124133807955 0.0356687580920768
0.022538592679324083 0.028332886697330084 0.021081874175286987 0.029739568684108056
0.490797225451648 2.213222156045265 0.0 0.5179026295507689
0.3754344100072915 0.490797225451648 2.213222156045265 0.3754344100072915
0.2793704704560107 0.3754344100072915 0.490797225451648 0.2793704704560107
0.2116695329637512 0.2793704704560107 0.3754344100072915 0.23763388009868874
0.1814818565319126 0.2116695329637512 0.2793704704560107 0.23931663272578246
0.18270828010734413 0.1814818565319126 0.2116695329637512 0.18270828010734413
0.14101374820468185 0.18270828010734413 0.1814818565319126 0.1638340231687755
0.12690882195957112 0.14101374820468185 0.18270828010734413 0.17846674191850576
0.13785295981442394 0.12690882195957112 0.14101374820468185 0.13785295981442394
0.10732339823084623 0.13785295981442394 0.12690882195957112 0.1246253263282032
0.09727565891533953 0.10732339823084623 0.13785295981442394 -0.12217947286772839
-0.10019185592263612 0.09727565891533953 0.10732339823084623 -0.10019185592263612
-0.0817924726654801 -0.10019185592263612 0.09727565891533953 -0.0817924726654801
0.011507724488048958 0.014426158674924132 -0.05098724996316341 0.015120252075506276
0.012059732421569595 0.011507724488048958 0.014426158674924132 0.08049081753192483
0.04777980791029632 0.039653719547711845 0.05006344993547284 0.09571744618070203
0.001891929367335824 -0.01406619921315557 -0.017521135072352277 0.051165302942778566
0.04051762306251977 0.001891929367335824 -0.01406619921315557 0.04051762306251977
0.04078499841565217 0.03215354143561307 0.04051762306251977 0.04397759043533209
0.03487532578949174 0.04078499841565217 0.03215354143561307 0.041204838485451936
0.011895069958338984 0.008705765698401442 0.007795463444263115 0.030461951975923184
0.012082170321625394 0.018187836174329192 0.019785391909437813 -0.009129132649187115
-0.005861909990878141 -0.0073166650805638256 0.012082170321625394 0.00021844529969752797
0.010810719873593489 0.013550021212895292 0.004888013004989816 -0.0012227410772826246
0.0026976730374054696 0.0003881337962838114 0.000485214327374619 0.0056818923023977475
0.003628988046605479 0.0045403542811100935 0.0026976730374054696 0.0006508604856363235
0.00033313475841151877 0.00041645313176772613 0.0005206206182313237 -0.008598411087645728
0.0033569042712560883 -0.00479317793068884 -0.005984301457941417 0.006351999507886704
-0.0018317189300328743 0.0007075296841354319 0.0008845685697993879 -0.0018317189300328743
-0.029303245680716065 -0.003340831096649181 -0.0011730736620650546 -0.03535120053628793
0.48564280005102956 2.197415990043265 0.0 0.5126544873246847
0.37198376100184577 0.48564280005102956 2.197415990043265 0.37198376100184577
0.27698055508080904 0.37198376100184577 0.48564280005102956 0.27698055508080904
0.2099538189991056 0.27698055508080904 0.37198376100184577 0.2358814008348007
0.14028613032831516 0.18173125659732942 0.180203776806092 0.16309185293488146
0.12635208327132463 0.14028613032831516 0.18173125659732942 0.17788453152556824
0.1374186932462611 0.12635208327132463 0.14028613032831516 0.1374186932462611
0.10699434984881728 0.1374186932462611 0.12635208327132463 0.12429113656520506
0.09702113580417442 0.10699434984881728 0.1374186932462611 -0.12238309135666046
-0.1003630204248248 0.09702113580417442 0.10699434984881728 -0.1003630204248248
-0.0819350664901928 -0.1003630204248248 0.09702113580417442 -0.0819350664901928
0.012007204141294367 0.011441902365928007 0.014343406922811526 0.08043473751739612
0.0633290194033287 0.012007204141294367 0.011441902365928007 0.0633290194033287
0.03962713527537923 0.05002955104094062 0.0633290194033287 0.060419677980886814
0.04775863017353082 0.03962713527537923 0.05002955104094062 0.09569529952787537
-0.0013876982194676415 0.010257161728729198 0.0038379064713574256 -0.03137605563029444
-0.025259352272654027 -0.0013876982194676415 0.010257161728729198 -0.01922380646629275
-0.007694163543294882 0.008408046648595797 0.010532197111902083 -0.008599882634620826
0.0028922287342235497 -0.008365595468019614 -0.0014663047052249647 0.0028922287342235497
0.004111789675977453 -0.0038294832488425697 -0.007770917464795066 -0.004853494160415203
-0.0008333214718990005 -0.001041434877362626 -0.004291570156546203 -0.003824838473480141
-0.0025393001866048253 -0.00017863435477632447 -0.00022328297196796528 -0.0025393001866048253
-0.0037032311565115723 -0.0016266391084240864 -0.0020324723607729345 -0.03671306385915727
0.012233971311622429 0.015339379521779956 0.003944013051628804 0.018313454622803343
0.003191706334528113 0.0009868523708633653 0.004240578193376523 0.009198842300603131
0.003739516369625832 -0.0013193126603849008 0.007345559711403559 -0.029219094615645463
0.4805238946502655 2.181764567114886 0.0 0.507442510916634
0.2745995519727728 0.36855038244034427 0.4805238946502655 0.2745995519727728
0.20824295703742568 0.2745995519727728 0.36855038244034427 0.23844903096336134
0.1820760530866596 0.20824295703742568 0.2745995519727728 0.23561956768640377
0.1800127489328053 0.1820760530866596 0.20824295703742568 0.1800127489328053
0.12821976367133034 0.1390056416134433 0.1800127489328053 0.17599454193754302
0.1360082902032292 0.12821976367133034 0.1390056416134433 0.1360082902032292
0.10592528868199896 0.1360082902032292 0.12821976367133034 0.12320537131765519
0.09619397419234632 0.10592528868199896 0.1360082902032292 -0.12304482064612293
-0.10091937786676532 0.09619397419234632 0.10592528868199896 -0.10091937786676532
-0.08239862590611655 -0.10091937786676532 0.09619397419234632 -0.08239862590611655
-0.06702342840572303 -0.08239862590611655 -0.10091937786676532 -0.06343505697651428
0.06258516379129431 0.014706446248452151 0.011227838592970213 0.06258516379129431
0.0528002596088281 0.039171935310943685 0.0494491741009451 0.09381845154163958
0.025451659820251413 0.032018304524005926 0.034040705684154696 0.006807084187155934
0.012350612345753027 0.009294092778971851 0.005438263606085115 0.03704209069564944
0.012425790454330956 0.003490392808725649 -0.013784405781532113 0.009412618458931162
-0.0012056313068402682 0.007515945821070502 0.012425790454330956 -0.022264548719045443
0.005200875948434849 0.0005184304613608708 0.000648122078258068 0.008192545222090904
0.0015183608773674591 0.0018986718139597089 0.0023744668507704194 0.007497574972157713
0.0005312516604488907 0.0024307093294707793 4.608419054615448e-05 -0.003686292526187243
-0.0018960343240634378 -0.002368920016663626 0.0030288344706775557 0.001101274882170606
-0.001945685738126573 -0.002430924718769307 -4.2926881684624034e-05 0.0010514743647619357
-0.005683241344552103 -0.025312431711594183 -0.028424257997059627 0.021683274948717104
0.006540436377328003 0.017271718474868178 -0.005683241344552103 0.007341619111880672
0.00400323360744356 -0.0009909989466328776 0.007759410015491784 -0.031961061327748445
0.01709497915021787 -0.00606394274109496 -0.025890267900239204 0.02318536824692576
-0.048430278978245714 0.00367160110259162 0.007619602645845262 -0.03007202069486782
0.012626409180620645 -0.0026928396754303946 -0.009534907134746888 0.024937976465491413
-0.12778384063864803 -0.0646702140780642 0.006071493158069866 -0.15985061120340363
-0.13210386569753976 -0.12778384063864803 -0.0646702140780642 -0.18179257567668825
-0.15092133622887344 -0.13210386569753976 -0.12778384063864803 -0.23342290679772784
0.47544014334878704 2.1662656259170143 0.0 0.5022663277733104
0.2722274113723905 0.36513414498899427 0.47544014334878704 0.2722274113723905
0.1839412153501773 0.20653692652573058 0.2722274113723905 0.23327209932310133
0.13772802553223393 0.17829923221708566 0.1839412153501773 0.17185986629820096
0.13395808543274293 0.13291919792189652 0.13772802553223393 0.13395808543274293
0.10437022134079348 0.13395808543274293 0.13291919792189652 0.12162600604924338
0.09499015031990911 0.10437022134079348 0.13395808543274293 -0.12400787974407271
-0.10172935204625719 0.09499015031990911 0.10437022134079348 -0.10172935204625719
-0.08307368813011977 -0.10172935204625719 0.09499015031990911 -0.08307368813011977
0.037197873640626614 0.04693380145478056 0.05936379394816719 0.07522846234078293
0.0592907002307331 0.037197873640626614 0.04693380145478056 0.08994541502840704
0.056981191616940104 0.055759551846435156 0.07068477768962868 -0.02432505389205529
0.002486374972833902 0.006113224870866416 0.0016373873992942658 0.002486374972833902
-0.0008096463006174005 0.0019881113402112727 0.002486374972833902 -0.030815362627926186
0.005726476633266891 -0.0018510599822449578 0.009707573540554874 -0.01528870347548794
-0.005111884992677602 0.008627639258973484 0.01381621738257697 0.006910932107108771
-0.0035938287146591095 -0.0028286462306366367 0.008436260691964329 0.0010644685381154702
-0.0018167308542308563 0.009714863528300768 0.00015921995577263735 -0.0018167308542308563
0.0074155253151432406 0.003261031162055502 -0.0019508933071487552 0.013429946361800813
-0.0034135612468372076 0.004707287492896038 0.005891042073288042 -0.00042080917850939126
-0.0007014604340900628 -0.006859446225296002 0.0033854355058386388 -0.0007014604340900628
0.002904572430986605 0.0036333538736065805 -0.007413057340685787 0.002904572430986605
-0.0004179509991274503 -0.0035148321177616805 7.703729201915938e-05 0.008560330878125896
4.0687337687584105e-05 0.00908746384326618 0.00836613515716311 -0.02104450787726366
0.0015374834529874053 0.00794014641802601 0.0009006411587851996 -0.0014701366174419864
0.008615919657837541 -0.001348511637120232 -0.025960206502224397 0.008615919657837541
0.00688087870664762 0.008615919657837541 -0.001348511637120232 -0.02940311692242076
0.20483570702695691 0.2698640838898878 0.36173492060218215 0.24356256903853768
0.17659068473937062 0.18579930406605027 0.20483570702695691 0.17659068473937062
0.13645327242886812 0.17659068473937062 0.18579930406605027 0.17812322575125994
0.1319152675226328 0.1375967453732562 0.13645327242886812 0.1319152675226328
0.1028195210918307 0.1319152675226328 0.1375967453732562 0.12005107610889056
0.09378896758985177 0.1028195210918307 0.1319152675226328 -0.12496882592811859
-0.10253786814145692 0.09378896758985177 0.1028195210918307 -0.10253786814145692
-0.08374775782292349 -0.10253786814145692 0.09378896758985177 -0.08374775782292349
0.00827504993930488 0.010365255676219815 -0.03765928020551429 0.0334819261877875
0.05844079772822286 0.03614222956069531 0.04558971544113932 0.08907091727662803
0.07000957048898315 0.05844079772822286 0.03614222956069531 0.07000957048898315
0.05523427087513831 0.07000957048898315 0.05844079772822286 0.07172230635756235
0.03602443312016245 0.0160367832248855 -0.015954979940270928 0.03602443312016245
-0.0012568688199951232 0.01042255351801952 0.0010377498625725211 -0.0012568688199951232
-0.003875430513188445 0.004152814000883598 -0.0008047601768674698 -0.0008027571060764193
0.0018763055696069766 -0.003745822899340395 -0.00456985172472779 -0.0011143699694067756
0.009179776492115944 -0.00046931236532768336 0.002405684138217717 0.006194037508411459
-0.007083286690688561 9.092623788580532e-05 0.0030901891321689677 -0.001119822947089093
-0.00457674660254531 -0.005714394918799018 0.0018119457817636281 -0.0015874875833337342
-0.007402977519381479 -0.0032501416273589146 0.0011655350670590214 0.0015933701163945199
0.005196133039502524 0.006503614711197315 0.0020142303261288293 0.020472670015786756
0.016189015321098052 0.011235549256407922 -0.00413308085835575 -0.06221132413987687
-0.01221671614147283 0.0215896440860636 0.017880050783662952 -0.13838218230408844
-0.1387802932085545 -0.11385689907617837 -0.01221671614147283 -0.16170249072771845
-0.13368544651735548 -0.1387802932085545 -0.11385689907617837 -0.17429394121185443
-0.14447124552432758 -0.13368544651735548 -0.1387802932085545 -0.22511534942982128
-0.23861769212318254 -0.27755421928342633 -0.18858285877372122 -0.22197545588543788
-0.1858303186482046 -0.23861769212318254 -0.27755421928342633 -0.1858303186482046
-0.1544027991934213 -0.1858303186482046 -0.23861769212318254 -0.1408370686991981
-0.11593525114540319 -0.1544027991934213 -0.1858303186482046 -0.09732336169583274
-0.06454849918111447 -0.07940426740401695 -0.11593525114540319 -0.08865807394448781
-0.072206802360179 -0.06454849918111447 -0.07940426740401695 -0.15075014184291516
-0.12434924679274542 -0.072206802360179 -0.06454849918111447 -0.11928768174530464
-0.0977625182284548 -0.12434924679274542 -0.072206802360179 -0.09257724534471029
-0.07545895267073902 -0.0977625182284548 -0.12434924679274542 -0.18112078665122597
-0.15034266569662383 -0.07545895267073902 -0.0977625182284548 -0.18323262702449644
-0.1521623220191401 -0.15034266569662383 -0.07545895267073902 -0.14647213626087927
-0.12071395518725903 -0.1521623220191401 -0.15034266569662383 -0.10899014125642248
-0.08913508204166265 -0.12071395518725903 -0.1521623220191401 -0.08314254968667359
0.4653766643982489 2.1357163615228134 0.0 0.49201987647821704
0.3583525825064762 0.4653766643982489 2.1357163615228134 0.3583525825064762
0.20313927821914518 0.26750952050180304 0.3583525825064762 0.24610853815554323
0.18765035939730776 0.20313927821914518 0.26750952050180304 0.22860382006618044
0.17488708491460114 0.18765035939730776 0.20313927821914518 0.17488708491460114
0.13518137269075287 0.17488708491460114 0.18765035939730776 0.18058862759838298
0.13051847161294144 0.13943483305069915 0.13518137269075287 0.13051847161294144
0.10175850439685397 0.13051847161294144 0.13943483305069915 0.11897348102805481
0.09296667112575943 0.10175850439685397 0.13051847161294144 -0.1289896374720871
-0.10592433837906699 0.09296667112575943 0.10175850439685397 -0.10247230879751898
-0.083693091909693 -0.10592433837906699 0.09296667112575943 -0.083693091909693
-0.06809427765542225 -0.083693091909693 -0.10592433837906699 -0.046588760985931996
0.008300226983754868 0.010396857799607187 -0.03762155713540557 0.03350773265834874
0.036152393816695286 0.04560265354336571 0.05766068701243223 0.0775984895693631
0.06113007141369632 0.036152393816695286 0.04560265354336571 0.08833853478327829
0.05479410705381683 0.06944391311970025 0.06113007141369632 0.07127526497653272
0.009804589939605184 0.00920899516680966 0.011537806860415362 0.028220479117835068
-0.00553420720564551 -0.015991357849679394 -0.0018156253399219217 0.009625332318658674
0.002616043387605357 0.0002593648727949403 0.006350276675204104 0.002616043387605357
0.004076660809460686 0.0020917402934115727 0.002616043387605357 -0.010954426927207887
-0.0022305166226335403 0.009191947543308555 -0.000489730401620649 -0.0052268213775205265
-0.005281055820372587 0.005376147882793061 -0.002259424645718503 -0.0025015029570458597
-0.009292649454479926 0.0033417924883779953 -0.001796532873878852 -0.003306502321274367
0.004266587681669166 0.005338929354640976 0.006682581150468407 -0.004673470962381301
-0.002910440268101412 0.008297104939910337 -0.004553702108216349 -0.002910440268101412
-0.030774276309523067 -0.002329708309856639 -0.002910440268101412 -0.030774276309523067
0.0019306731576660171 0.008435014401641515 0.010566049196336781 0.010957075618545892
0.008746493297145979 0.0019306731576660171 0.008435014401641515 -0.0002601718215785381
-0.03052173361889374 -0.013582200458416665 0.007278588143352356 -0.03052173361889374
0.02089386835981704 0.020127582447961336 -0.0024237336566365537 0.014798979593489773
0.011583379592619346 -0.000711776336621697 -0.010027767352893667 0.023734531299437596
0.46039622965042626 2.1206617306802413 0.0 0.4869488883713431
0.26516367254759465 0.3549870051848661 0.46039622965042626 0.26516367254759465
0.18949442120349744 0.20144761989462934 0.26516367254759465 0.22628290845721385
0.17318841128255102 0.18949442120349744 0.20144761989462934 0.17318841128255102
0.14126706824013077 0.1339123167482807 0.17318841128255102 0.1667906128972583
0.12912511877753916 0.14126706824013077 0.1339123167482807 0.12912511877753916
0.10069952733640031 0.12912511877753916 0.14126706824013077 0.11789795745103157
0.09214561011665856 0.10069952733640031 0.12912511877753916 -0.12628351190667317
-0.1036445285360268 0.09214561011665856 0.10069952733640031 -0.1036445285360268
-0.08467075492379476 -0.1036445285360268 0.09214561011665856 -0.08467075492379476
-0.06890342494034267 -0.08467075492379476 -0.1036445285360268 -0.047416580900504414
0.029103016899189982 0.00784968861522667 0.009831404134309534 0.07198230926998957
0.05676858070930452 0.029103016899189982 0.00784968861522667 0.05676858070930452
0.03560425849406528 0.04490502565283821 0.05676858070930452 0.08048044302880811
0.06336443486500534 0.03560425849406528 0.04490502565283821 0.0871457481047978
0.055652150184237935 0.054076757375505276 0.068522312840959 -0.02555186136839575
0.031054941053331533 0.05496269304552069 0.02790202921514181 0.03734186142560794
0.009789675300634643 0.008782548509985813 0.01141100871309817 0.02820529247936962
-0.0002109078819553712 0.0027385903959808973 0.003425583312366091 -0.033236973987956844
0.008310785010711882 -0.0016544880214944392 0.003962550141229342 -0.015768278511931983
-0.002551007285628915 -0.015196525238932723 0.00799601211492113 -0.002551007285628915
-0.0010632125090918934 -0.004327675499328627 0.000587795729753514 -0.03406112440819096
0.005280672553905786 0.006609566431394203 -0.009891495890626151 0.0022618116753655285
-0.0029490786565571185 -0.01579690139610176 0.001446381752705377 0.009173120995034891
0.011119727242875561 0.004912248949558239 -0.0059018138406909315 0.011119727242875561
0.0016556105209696043 -0.003912139589301461 0.0010912678874332605 -0.0002536772818576349
0.006945721647393787 -0.006313121571086094 -0.016871000279160487 0.012939446181009227
-0.00610534434378472 0.0007710277122484628 0.0015402928650194853 -0.009099002945158863
0.006920135502506971 -0.006300198063733705 -0.001886133440945688 0.006920135502506971
0.0030945426114635795 0.0034753674533511206 0.0013588561160624518 -0.0032694035529949694
-0.008498082435897891 -0.0016327121007937502 0.006923654639723816 0.0034838138488646722
-0.026458811208059464 0.0030748596037837245 -0.002146582229516382 -0.029472870616084047
0.0002859508216406163 0.009369693487475923 0.011739616010264147 -0.047775836605225
-0.006362604098946146 0.004011898236650259 0.008011038312946962 -0.03030567387969443
-0.024392384634531958 -0.006362604098946146 0.004011898236650259 -0.02138125001920644
-0.01511706955894517 0.008345803180193904 -0.0016471804285489945 -0.030269114642653708
0.013656357717102163 -0.00406125914129905 -0.014143721871995056 -0.004444648670703232
-0.003558882533066622 0.013656357717102163 -0.00406125914129905 -0.07602732743975268
-0.061760966191733074 -0.003558882533066622 0.013656357717102163 -0.04029798175821063
-0.013133751102576884 0.023472287232701426 0.017184043099226394 -0.13303338881908625
-0.10933577272830897 -0.013133751102576884 0.023472287232701426 -0.15671152949807976
-0.12942572423883666 -0.10933577272830897 -0.013133751102576884 -0.1881161248519488
-0.15637627983793426 -0.12942572423883666 -0.10933577272830897 -0.1597643269068582
-0.13203020488856576 -0.15637627983793426 -0.12942572423883666 -0.32802338442985735
-0.28084334440944303 -0.13203020488856576 -0.15637627983793426 -0.34826428087105776
-0.2994703929020901 -0.28084334440944303 -0.13203020488856576 -0.2753141995538863
-0.16949956125345597 -0.23308572140639752 -0.2994703929020901 -0.16505838243662954
-0.1365546023033989 -0.16949956125345597 -0.23308572140639752 -0.12277621829760206
-0.10069352877201539 -0.1365546023033989 -0.16949956125345597 -0.08656829623963866
-0.07047481390522715 -0.10069352877201539 -0.1365546023033989 -0.07047481390522715
-0.062254332276034906 -0.05718588403120262 -0.07047481390522715 -0.1461578920197581
-0.12044717464497555 -0.062254332276034906 -0.05718588403120262 -0.11536305426720084
-0.09447011562894689 -0.12044717464497555 -0.062254332276034906 -0.08406172615341753
0.35163806436123607 0.45544953463874255 2.105750964250763 0.35163806436123607
0.26282649172629124 0.35163806436123607 0.45544953463874255 0.26282649172629124
0.19133152904354522 0.19976071195923467 0.26282649172629124 0.223970749017341
0.17149464250692534 0.19133152904354522 0.19976071195923467 0.17149464250692534
0.13264609507458902 0.17149464250692534 0.19133152904354522 0.1855029128447365
0.14309347884868562 0.13264609507458902 0.17149464250692534 0.1649360293999344
0.12773519630143162 0.14309347884868562 0.13264609507458902 0.12773519630143162
0.09964258403481159 0.12773519630143162 0.14309347884868562 0.11682449941035551
0.09132578178033494 0.09964258403481159 0.12773519630143162 -0.12693937457573204
-0.10419683589689002 0.09132578178033494 0.09964258403481159 -0.10419683589689002
-0.0851315564815837 -0.10419683589689002 0.09132578178033494 -0.0851315564815837
0.03176609276977295 0.007637142510295182 0.009564689862756139 0.0710374665430169
0.035152573775681054 0.04433029823944125 0.05603387236769427 0.08000918530596056
0.0629992445977373 0.035152573775681054 0.04433029823944125 0.08677239064305411
-0.02067892225837801 0.05547464800547533 0.05385209500272603 -0.02067892225837801
0.03398130619355082 0.023287316609845884 -0.01661184079959511 0.03398130619355082
0.0008198985249493316 -0.004969078903030599 -0.00021691698410307813 -0.03214123585760888
-0.025879347528638984 0.0008198985249493316 -0.004969078903030599 -0.007784227049294816
0.002380494455210191 -1.6572374061650527e-05 0.00896113448008929 0.002380494455210191
0.0019034893150161106 0.002380494455210191 -1.6572374061650527e-05 0.0019034893150161106
-0.0059839923621309125 0.004525517419837412 -0.0033426359167377452 0.003025216166308989
0.007586280479469572 0.009500869664856085 0.002896311825263684 0.001606539942499426
0.0001568000889883909 -0.005793189856720138 -0.004240746632573086 0.0031512815263805716
0.0005062311380911275 -0.0023630377763499046 4.208471108647488e-05 -0.00248929650004687
-0.007761924806731589 -0.009683615135280111 0.0028932704615633933 0.0012584213313890321
0.011171609848808713 0.008003601626096582 0.0010064837489873412 0.008179977867007504
0.00639070328896968 0.0018734957343113647 -0.0160486470217756 0.00639070328896968
0.005106036398454757 0.00639070328896968 0.0018734957343113647 0.02038120412487504
0.0030952996198913966 0.0008665157161265206 0.010102148519674961 0.0030952996198913966
0.0005334627938892736 -0.020559350509346475 -0.025567773930189407 0.012661141130784901
-0.0027557841369804112 -0.012529510317483524 0.01156334657223409 0.015431040468424202
-0.014688446290083285 0.024656281993760232 0.01866406639475692 -0.13785239050382286
-0.11340864290881324 -0.014688446290083285 0.024656281993760232 -0.1514054153555784
-0.12490664064599817 -0.11340864290881324 -0.014688446290083285 -0.17062047285105797
-0.14131875276473446 -0.12490664064599817 -0.11340864290881324 -0.1751251010810835
0.45053623766805906 2.090982009854475 0.0 0.4769096238074783
0.34830563698506817 0.45053623766805906 2.090982009854475 0.34830563698506817
0.26049793009317557 0.34830563698506817 0.45053623766805906 0.26049793009317557
0.19316172217858474 0.19807853443148216 0.26049793009317557 0.22166729233302193
0.16980575737446638 0.19316172217858474 0.19807853443148216 0.16980575737446638
0.13138269818532122 0.16980575737446638 0.19316172217858474 0.18795183309458727
0.14491409260634935 0.13138269818532122 0.16980575737446638 0.16308733217152951
0.12634869153215503 0.14491409260634935 0.13138269818532122 0.12634869153215503
0.098587668638976 0.12634869153215503 0.14491409260634935 0.11575310096146
0.09050718334292178 0.098587668638976 0.12634869153215503 -0.12759425332566257
-0.10474846304641364 0.09050718334292178 0.098587668638976 -0.10474846304641364
-0.08559189431283099 -0.10474846304641364 0.09050718334292178 -0.08559189431283099
0.03414904193622965 0.04305386447616547 0.05440289430483484 0.0893036575061619
0.0701892938728062 0.03414904193622965 0.04305386447616547 0.08373599379524678
0.06588539916112673 0.0701892938728062 0.03414904193622965 0.06588539916112673
-0.021758009385590804 0.054028764560943486 0.052022810600521455 -0.021758009385590804
-0.017482484320056488 -0.021758009385590804 0.054028764560943486 0.031643391463940684
0.026124189342171353 0.03286991162646172 0.025155512028235454 0.07743039880927992
0.06099967324214887 0.026124189342171353 0.03286991162646172 0.03573777626019294
0.010568394530333267 0.007067162898674618 0.0026603277129184995 0.010568394530333267
0.009187955144948134 0.008436882763137187 0.010568394530333267 0.02759259870382257
-0.0014548484405912045 0.002131031807269557 0.001695409897810636 -0.00741631203199066
-0.0029723509853701643 0.0022710277435354503 0.0006403159019638306 2.172603869779319e-05
0.0030073836365407934 -0.00522685591892137 -0.0005402546386693731 -0.008968823929268649
-0.005758640679088063 -0.0071879526397424995 0.0030073836365407934 0.0002488599814612535
-0.004210548967570712 -0.002270437550533243 0.006120121999625148 -0.001220190255761615
0.005447702385200107 0.0038313216170561006 0.0018032860444227102 -0.012453443651331646
-0.0007462876116685474 -0.003923905006162844 0.0010765017286380027 -0.033655841013679466
0.0016096623320234183 0.00803098335551824 0.007043823690593515 -0.052531400496734604
-0.04247133615118566 0.0016096623320234183 0.00803098335551824 -0.03031224200707373
-0.0006452440308741029 0.0021851725767089774 0.005726191430086585 -0.03655020532317803
0.010518069581737803 -0.001985149018406937 -0.023704030796165072 -0.025787968846348583
0.00568075300853387 -0.014382183144007191 -0.02403224088486318 0.027143452005667215
0.021597515380101483 0.00568075300853387 -0.014382183144007191 0.024647060202131636
0.0161885246731033 0.01123493645594193 -0.004133837342119957 -0.05015019207113489
-0.04052663738669598 0.0161885246731033 0.01123493645594193 -0.05575637330119287
-0.005135008207069124 0.021189176752946487 0.01737862815383221 -0.14331070151164285
-0.1180315994735329 -0.005135008207069124 0.021189176752946487 -0.16861043247863494
0.4456560016416825 2.076352853965901 0.0 0.47194065621698583
0.3449896012163707 0.4456560016416825 2.076352853965901 0.3449896012163707
0.2581779400565049 0.3449896012163707 0.4456560016416825 0.2581779400565049
0.1949850395747546 0.19640106744179933 0.2581779400565049 0.2193724893619945
0.1301221166383909 0.16812173479406928 0.1949850395747546 0.19039529619243845
0.14672893706736242 0.1301221166383909 0.16812173479406928 0.1612444932327721
0.12496559187939246 0.14672893706736242 0.1301221166383909 0.12496559187939246
0.0975347753182209 0.12496559187939246 0.14672893706736242 0.1146837561825681
0.0896898120388693 0.0975347753182209 0.12496559187939246 -0.12824815036890455
-0.10529941124042755 0.0896898120388693 0.0975347753182209 -0.10529941124042755
-0.08605176911718945 -0.10529941124042755 0.0896898120388693 -0.08605176911718945
0.006285650967141136 0.007869429831233924 -0.03342337256786838 0.049412178865732896
0.03914291574179435 0.006285650967141136 0.007869429831233924 0.06761258466622706
0.05336839273847553 0.03914291574179435 0.006285650967141136 0.05336839273847553
0.04224381726466977 0.05336839273847553 0.03914291574179435 0.04224381726466977
0.03351191953076654 0.04224381726466977 0.05336839273847553 0.0886325552390741
0.06967102008402724 0.03351191953076654 0.04224381726466977 0.08321115957876175
0.025624282821872443 0.0322368651649096 0.027615681390934912 0.08011057284678441
0.021386957076598736 0.026877402810809765 0.02755842885080168 0.0028162851297514847
0.0038497695192527665 -0.0072530242085349006 -0.027121909363515103 0.008861935957751152
-0.0023490585309147724 -0.002934599776983132 0.008302420772474796 -0.0023490585309147724
0.0038675489719586934 0.0018485224891544897 0.0023117214287055507 -0.0021078531052553463
0.005209081334651228 0.006519842265476493 0.011163593818195554 0.002217387640202861
-0.00013875770705381338 -0.009153919191041538 0.006503673633072043 -0.006125950774676246
-0.026939721614989566 0.002459628808210586 8.216973461239837e-05 -0.023927151093673747
-0.00023676724080753781 0.008710401335371522 0.01091176312824525 -0.04827343908509306
0.006832156347648131 -0.003633166123134772 -0.01671424974551213 -0.02054394458023354
0.008744960891801809 0.011901364096718572 0.011526471375399767 0.00366110997834732
-0.015133591745528007 0.008324738134212886 -0.0016733051559211446 -0.030285382641750652
-0.0008973820199387322 0.013967323530458205 -0.003678007808396948 -0.07032143100344752
-0.005275985736522118 -0.00968104161615292 -0.03368300758529011 0.01021815778783112
-0.013647233367081476 0.02280888940561482 0.016355164284004985 -0.1304117353360874
-0.10712341844785359 -0.013647233367081476 0.02280888940561482 -0.16075911415946662
-0.13287961310613214 -0.10712341844785359 -0.013647233367081476 -0.18503723036290615
-0.153718513903984 -0.13287961310613214 -0.10712341844785359 -0.1740292695702884
-0.14424394949017227 -0.153718513903984 -0.13287961310613214 -0.3301253866910775
-0.2827702360575041 -0.14424394949017227 -0.153718513903984 -0.3428523105238912
-0.2944740715856141 -0.2827702360575041 -0.14424394949017227 -0.27431618791663165
-0.23219174098378498 -0.2944740715856141 -0.2827702360575041 -0.20233253091093217
-0.16869241748373945 -0.23219174098378498 -0.2944740715856141 -0.1642469223900696
-0.13586047075112323 -0.16869241748373945 -0.23219174098378498 -0.11287803646258927
-0.09238814771128444 -0.13586047075112323 -0.16869241748373945 -0.08768549562688695
0.4408084939842695 2.0618615209988653 0.0 0.4670050120567108
0.3416898364108297 0.4408084939842695 2.0618615209988653 0.3416898364108297
0.2558664743742717 0.3416898364108297 0.4408084939842695 0.2558664743742717
0.19472829123173904 0.2558664743742717 0.3416898364108297 0.25873159254772504
0.19680151990596342 0.19472829123173904 0.2558664743742717 0.2170862914297933
0.1664425537959033 0.19680151990596342 0.19472829123173904 0.1664425537959033
0.14853803961160902 0.12886434103374605 0.1664425537959033 0.15940748478143496
0.12358588481459154 0.14853803961160902 0.12886434103374605 0.12358588481459154
0.09648389826420464 0.12358588481459154 0.14853803961160902 0.11361645917458284
0.08887366511091237 0.09648389826420464 0.12358588481459154 -0.1289010679112701
-0.10584968173167224 0.08887366511091237 0.09648389826420464 -0.10584968173167224
-0.08651118159290584 -0.10584968173167224 0.08887366511091237 -0.08651118159290584
0.04140716464298946 0.005611263798691586 0.007023933033653526 0.06628719929316326
0.05233591913416318 0.04140716464298946 0.005611263798691586 0.05233591913416318
0.032875581683453774 0.041435027260128925 0.05233591913416318 0.0914051979788495
0.07181137185084763 0.032875581683453774 0.041435027260128925 0.08195469713650233
-0.017994798559582536 -0.02239275989858613 0.053178616139480946 0.03437881218390639
0.025435116558296385 0.031997359842156306 0.02731523666888546 0.07670687238621121
0.027955062169090883 0.06043829144711414 0.025435116558296385 0.03422308084085363
0.00619749059427675 0.01077612681610083 0.010481152908756763 0.00619749059427675
0.004197025406272734 -0.003831808298037109 -0.0229349908149899 0.01024640507739486
0.00818036020504793 0.004197025406272734 -0.003831808298037109 0.002143352060107523
-0.026962673922906556 -0.0005620596688103777 -0.006686293387387814 -0.008887677153672622
0.0027444842604278127 -0.0012085643459214005 0.000144368424822997 -0.0032242329077890194
0.0045717868837164225 0.008714490788089274 0.004917390476503635 0.0045717868837164225
0.0032411064592159345 0.004880962214543496 -0.002847800086516646 0.0010873041696942173
-0.006463773824259751 0.0008696542200234492 0.0032411064592159345 -0.012430958365855789
-0.00529550991790798 -0.009602772365003322 0.005935106012030787 0.0066888815288642135
0.004847100002709625 -0.0011993483559354938 -0.00020426937873007828 -0.013043352816329715
0.010037939959510444 0.0005958084061429821 -0.0022513706722655357 -0.03478622897360392
-0.0015736957374823846 -0.02011241249944354 -0.028023952705998452 0.019605044049904354
-0.007261804768775976 0.00884773313241266 0.008092810565659327 -0.031183207063504265
-0.012981500021941187 0.007968576835379802 -0.0021149722475904765 -0.031147484684114046
-0.01524258438995053 -0.025074187320397023 -0.012981500021941187 0.009223438358125233
0.4359933865662742 2.047506072417105 0.0 0.46210235723111553
0.3384062231051763 0.4359933865662742 2.047506072417105 0.3384062231051763
0.25356348615099317 0.3384062231051763 0.4359933865662742 0.25356348615099317
0.19861120155662376 0.19306018615320147 0.25356348615099317 0.21480865022630785
0.16476819353054178 0.19861120155662376 0.19306018615320147 0.16476819353054178
0.1276093620131356 0.16476819353054178 0.19861120155662376 0.19526592373392374
0.12220955787058757 0.15034142744599527 0.1276093620131356 0.12220955787058757
0.0954350316908102 0.12220955787058757 0.15034142744599527 0.11255120406097911
0.08805873981004078 0.0954350316908102 0.12220955787058757 -0.12955300815196738
-0.10639927576980779 0.08805873981004078 0.0954350316908102 -0.10639927576980779
-0.08697013243682265 -0.10639927576980779 0.08805873981004078 -0.08697013243682265
0.051305467534531496 0.043665798620851654 0.004937779939282447 0.051305467534531496
0.04062749153800261 0.051305467534531496 0.043665798620851654 0.04062749153800261
0.03224002694601515 0.04062749153800261 0.051305467534531496 0.09417442856277607
0.07394676400144043 0.03224002694601515 0.04062749153800261 0.0807011461649715
-0.018356020202258055 -0.022840211407318317 0.05257948647687074 0.037270471986280654
0.02959576794103284 -0.018356020202258055 -0.022840211407318317 0.03933957647044324
0.03122597782783011 0.02959576794103284 -0.018356020202258055 0.03122597782783011
0.024825740656802275 0.03122597782783011 0.02959576794103284 0.024825740656802275
-0.0038637457651002063 -0.00785909159851134 0.020476604187613188 0.011321258110431803
-0.002341180041447126 -0.02407484398305299 0.0001201231497373151 0.009751654139868667
0.00034259370747324517 0.002168721618950732 -0.012343368711642405 0.015932725101558763
-0.0015111438920466696 0.007130865857471499 0.008929501090452013 -0.0015111438920466696
-0.00785388489764381 0.00820555278575841 -0.013776213493500784 0.007178631997846435
-0.002401490170594428 -0.006003073421432026 0.004501450040536359 0.012622583772619511
-0.0072002609757337134 -0.004083664935402306 0.002315854386292998 0.003701295988427593
-0.0014919428954077501 0.001133171417986478 0.007413373838007593 0.004505102492607819
0.5279045918135108 2.328397803689309 0.0 0.5279045918135108
0.38199254928915044 0.5279045918135108 2.328397803689309 0.40711968654895314
0.30117305341823775 0.38199254928915044 0.5279045918135108 0.30117305341823775
0.227250120215592 0.30117305341823775 0.38199254928915044 0.227250120215592
0.17389649623746664 0.227250120215592 0.30117305341823775 0.25774624596871426
0.1960887680087921 0.17389649623746664 0.227250120215592 0.1960887680087921
0.1509510531968342 0.1960887680087921 0.17389649623746664 0.1509510531968342
0.11722188903592816 0.1509510531968342 0.1960887680087921 0.19170334830499003
0.14769977053298172 0.11722188903592816 0.1509510531968342 0.14769977053298172
0.11476952978373801 0.14769977053298172 0.11722188903592816 0.11476952978373801
0.08975538711210765 0.11476952978373801 0.14769977053298172 0.10678281503573434
0.0836399893266165 0.08975538711210765 0.11476952978373801 -0.1330880085387068
-0.10938189042431982 0.0836399893266165 0.08975538711210765 -0.10938189042431982
-0.08946263067251434 -0.10938189042431982 0.0836399893266165 -0.08946263067251434
0.0014896980442364197 0.0018628163137504837 -0.015569137652888603 0.0551409318680348
0.03839732116063862 0.04846185278212713 0.04363156842605258 0.03839732116063862
0.03048375799929451 0.03839732116063862 0.04846185278212713 0.09918267519924748
0.02312977564111075 0.029080375189813438 0.03661667565382104 0.027829392833438143
0.03403067138014663 0.022140284133829655 0.02312977564111075 0.04348826898423333
0.009442540794170257 0.02105752836449055 0.014094209829324848 0.030920041662131324
-0.0026206643255608313 0.0027306897887713977 0.009424171245968244 0.0003834902999645879
0.006872766079597886 -0.003401467321376087 -0.0012489692604159678 -0.005113814468968755
-0.00448751541996229 0.00038723445502070327 0.003479551279955523 -0.01648164174020371
-0.008416689847280914 0.00449367177825919 -0.0003803146744507025 -0.005411891937727219
0.0007683669955803365 -0.003841599186749223 -0.002993769458507087 -0.002227945480454335
-0.0011683597308499332 0.007508898741773576 0.006408512996926337 0.0048126680551928815
-0.0019458319282353762 0.0035423591447272243 0.001442493176392388 -0.007922204192138158
0.002771474016479673 0.009457590754620921 0.005844962022038804 0.002771474016479673
0.011351699090100056 -0.016319089059484766 -0.02335847373237876 0.02353665932010126
