[6498, 100.0, 50.0]
[43160, 50.0, 25.029]
[22825, 25.029, 25.644]
[23240, 25.644, 26.259]
[23240, 26.259, 26.874]
[23240, 26.874, 27.489]
[24153, 27.489, 28.104]
[24900, 28.104, 28.719]
[24900, 28.719, 29.334]
[25979, 29.334, 29.949]
[26560, 29.949, 30.564]
[26560, 30.564, 31.179]
[26975, 31.179, 23.307]
[21580, 23.307, 23.922]
[21580, 23.922, 24.537]
[21580, 24.537, 25.152]
[22078, 25.152, 25.767]
[23240, 25.767, 26.382]
[23240, 26.382, 26.997]
[23904, 26.997, 27.612]
[24900, 27.612, 28.227]
[24900, 28.227, 28.842]
[24900, 28.842, 29.457]
[25979, 29.457, 30.072]
[26560, 30.072, 30.687]
[26560, 30.687, 31.302]
[26975, 31.302, 28.021]
[24900, 28.021, 28.636]
[24900, 28.636, 29.251]
[25896, 29.251, 29.866]
[26560, 29.866, 30.481]
[26560, 30.481, 31.096]
[27639, 31.096, 31.711]
[27224, 31.711, 32.326]
[27390, 32.326, 32.941]
[27390, 32.941, 30.971]
[26892, 30.971, 31.586]
[27058, 31.586, 32.201]
[27224, 32.201, 32.816]
[27213, 32.816, 31.2]
[27307, 31.2, 31.815]
[27805, 31.815, 30.312]
[27639, 30.312, 30.927]
[27722, 30.927, 29.103]
[27058, 29.103, 29.718]
[27058, 29.718, 30.333]
[27639, 30.333, 28.842]
[27805, 28.842, 29.457]
[27971, 29.457, 30.072]
[27722, 30.072, 30.687]
[27722, 30.687, 29.234]
[27722, 29.234, 27.906]
[27722, 27.906, 28.521]
[27639, 28.521, 26.806]
[26726, 26.806, 27.421]
[27058, 27.421, 28.036]
[27556, 28.036, 26.579]
[27888, 26.579, 24.896]
[27473, 24.896, 25.511]
[27639, 25.511, 26.126]
[27473, 26.126, 26.741]
[27805, 26.741, 25.346]
[27141, 25.346, 25.961]
[27224, 25.961, 26.576]
[27971, 26.576, 27.191]
[27888, 27.191, 27.806]
[27639, 27.806, 26.673]
[27556, 26.673, 27.288]
[27805, 27.288, 26.133]
[27888, 26.133, 26.748]
[27971, 26.748, 25.696]
[27224, 25.696, 26.311]
[27556, 26.311, 26.926]
[27556, 26.926, 25.895]
[27722, 25.895, 26.51]
[27971, 26.51, 27.125]
[27722, 27.125, 26.063]
[27556, 26.063, 26.678]
[27639, 26.678, 25.643]
[26726, 25.643, 26.258]
[27141, 26.258, 26.873]
[27639, 26.873, 27.488]
[27639, 27.488, 26.512]
[27556, 26.512, 27.127]
[27556, 27.127, 26.05]
[26975, 26.05, 26.665]
[27307, 26.665, 27.28]
[27639, 27.28, 26.227]
[27224, 26.227, 26.842]
[27556, 26.842, 27.457]
[27639, 27.457, 28.072]
[27722, 28.072, 27.08]
[27639, 27.08, 25.958]
[27556, 25.958, 26.573]
[27473, 26.573, 25.501]
[27722, 25.501, 26.116]
[27556, 26.116, 26.731]
[27722, 26.731, 25.79]
[27805, 25.79, 26.405]
[27722, 26.405, 27.02]
[27307, 27.02, 27.635]
[27722, 27.635, 26.832]
[27722, 26.832, 27.447]
[27722, 27.447, 26.693]
[27805, 26.693, 27.308]
[27639, 27.308, 27.923]
[27639, 27.923, 28.538]
[27971, 28.538, 29.153]
[27888, 29.153, 29.768]
[27639, 29.768, 30.383]
[27607, 30.383, 29.391]
[27971, 29.391, 30.006]
[27722, 30.006, 30.621]
[27556, 30.621, 31.236]
[27722, 31.236, 29.996]
[27971, 29.996, 30.611]
[27722, 30.611, 29.498]
[27805, 29.498, 30.113]
[27805, 30.113, 30.728]
[27971, 30.728, 29.641]
[27971, 29.641, 30.256]
[27639, 30.256, 30.871]
[27307, 30.871, 31.486]
[27722, 31.486, 32.101]
[27722, 32.101, 32.716]
[27805, 32.716, 31.385]
[27307, 31.385, 32.0]
[27639, 32.0, 32.615]
[27390, 32.615, 33.23]
[27805, 33.23, 33.845]
[27888, 33.845, 32.751]
[27556, 32.751, 33.366]
[27556, 33.366, 33.981]
[27556, 33.981, 34.596]
[27476, 34.596, 33.188]
[27390, 33.188, 33.803]
[27722, 33.803, 34.418]
[27971, 34.418, 35.033]
[27971, 35.033, 33.431]
[28137, 33.431, 31.127]
[27805, 31.127, 28.413]
[27722, 28.413, 29.028]
[27676, 29.028, 26.503]
[27805, 26.503, 27.118]
[27639, 27.118, 27.733]
[27805, 27.733, 28.348]
[27752, 28.348, 25.86]
[27888, 25.86, 26.475]
[27805, 26.475, 27.09]
[27888, 27.09, 24.783]
[27224, 24.783, 25.398]
[27473, 25.398, 26.013]
[27888, 26.013, 26.628]
[28054, 26.628, 24.828]
[27639, 24.828, 25.443]
[27634, 25.443, 23.452]
[27888, 23.452, 24.067]
[27639, 24.067, 24.682]
[27639, 24.682, 22.621]
[27805, 22.621, 23.236]
[27805, 23.236, 23.851]
[27722, 23.851, 24.466]
[27722, 24.466, 22.403]
[27971, 22.403, 23.018]
[27888, 23.018, 23.633]
[27805, 23.633, 24.248]
[27888, 24.248, 22.381]
[27971, 22.381, 22.996]
[27888, 22.996, 23.611]
[27639, 23.611, 24.226]
[27888, 24.226, 24.841]
[27971, 24.841, 25.456]
[27971, 25.456, 26.071]
[27639, 26.071, 26.686]
[27639, 26.686, 25.255]
[27722, 25.255, 25.87]
[27641, 25.87, 24.056]
[27805, 24.056, 24.671]
[27789, 24.671, 22.531]
[27556, 22.531, 23.146]
[27473, 23.146, 23.761]
[27722, 23.761, 24.376]
[27971, 24.376, 24.991]
[27971, 24.991, 25.606]
[27722, 25.606, 26.221]
[27556, 26.221, 26.836]
[27971, 26.836, 27.451]
[27971, 27.451, 25.685]
[27888, 25.685, 26.3]
[27722, 26.3, 26.915]
[27722, 26.915, 24.961]
[27805, 24.961, 25.576]
[27805, 25.576, 26.191]
[27639, 26.191, 26.806]
[27888, 26.806, 27.421]
[27971, 27.421, 28.036]
[27722, 28.036, 28.651]
[27971, 28.651, 29.266]
[27722, 29.266, 27.588]
[27888, 27.588, 28.203]
[27805, 28.203, 28.818]
[27888, 28.818, 26.951]
[27722, 26.951, 27.566]
[27473, 27.566, 28.181]
[27805, 28.181, 28.796]
[27805, 28.796, 29.411]
[27888, 29.411, 30.026]
[27899, 30.026, 28.278]
[27722, 28.278, 28.893]
[27888, 28.893, 29.508]
[28054, 29.508, 27.486]
[27473, 27.486, 28.101]
[27722, 28.101, 26.407]
[27722, 26.407, 27.022]
[27805, 27.022, 25.108]
[27971, 25.108, 23.179]
[27556, 23.179, 23.794]
[27639, 23.794, 24.409]
[27722, 24.409, 22.614]
[27722, 22.614, 23.229]
[27722, 23.229, 21.248]
[27556, 21.248, 21.863]
[27639, 21.863, 22.478]
[27888, 22.478, 20.412]
[27805, 20.412, 21.027]
[27805, 21.027, 21.642]
[27639, 21.642, 22.257]
[27888, 22.257, 20.19]
[27390, 20.19, 20.805]
[27556, 20.805, 21.42]
[27639, 21.42, 22.035]
[27829, 22.035, 20.096]
[27888, 20.096, 18.333]
[27971, 18.333, 18.948]
[27722, 18.948, 17.189]
[27473, 17.189, 17.804]
[27805, 17.804, 18.419]
[27722, 18.419, 16.901]
[27639, 16.901, 17.516]
[27556, 17.516, 18.131]
[27971, 18.131, 18.746]
[27805, 18.746, 19.361]
[27556, 19.361, 19.976]
[27971, 19.976, 20.591]
[28054, 20.591, 19.207]
[27805, 19.207, 19.822]
[27722, 19.822, 18.562]
[27722, 18.562, 19.177]
[27722, 19.177, 19.792]
[27888, 19.792, 18.497]
[27805, 18.497, 19.112]
[27805, 19.112, 19.727]
[27390, 19.727, 20.342]
[27639, 20.342, 18.889]
[27971, 18.889, 19.504]
[27639, 19.504, 20.119]
[27639, 20.119, 20.734]
[27639, 20.734, 21.349]
[27805, 21.349, 21.964]
[26809, 21.964, 22.579]
[26726, 22.579, 23.194]
[27307, 23.194, 23.809]
[27971, 23.809, 24.424]
[27888, 24.424, 25.039]
[27888, 25.039, 24.122]
[27639, 24.122, 24.737]
[26311, 24.737, 25.352]
[26726, 25.352, 25.967]
[27141, 25.967, 26.582]
[27473, 26.582, 27.197]
[26726, 27.197, 27.812]
[27141, 27.812, 28.427]
[27307, 28.427, 29.042]
[27307, 29.042, 28.406]
[27722, 28.406, 29.021]
[27722, 29.021, 28.065]
[27805, 28.065, 28.68]
[27741, 28.68, 27.458]
[27639, 27.458, 28.073]
[27888, 28.073, 28.688]
[27805, 28.688, 29.303]
[27805, 29.303, 29.918]
[27722, 29.918, 30.533]
[27971, 30.533, 31.148]
[27888, 31.148, 31.763]
[27556, 31.763, 32.378]
[26892, 32.378, 32.993]
[26975, 32.993, 33.608]
[27390, 33.608, 34.223]
[27722, 34.223, 34.838]
[26975, 34.838, 35.453]
[26560, 35.453, 36.068]
[26726, 36.068, 36.683]
[27390, 36.683, 37.298]
[27805, 37.298, 37.913]
[27971, 37.913, 38.528]
[27971, 38.528, 39.143]
[27058, 39.143, 39.758]
[27307, 39.758, 40.373]
[27888, 40.373, 40.988]
[27390, 40.988, 41.603]
[25398, 41.603, 42.218]
[25979, 42.218, 42.833]
[26477, 42.833, 43.448]
[26643, 43.448, 44.063]
[27058, 44.063, 44.678]
[27390, 44.678, 45.293]
[27722, 45.293, 45.908]
[26643, 45.908, 46.523]
[23406, 46.523, 47.138]
[22161, 47.138, 47.753]
[20667, 47.753, 48.368]
[20584, 48.368, 48.983]
[15936, 48.983, 49.598]
[14442, 49.598, 50.213]
[14940, 50.213, 50.828]
[15521, 50.828, 51.443]
[15604, 51.443, 52.058]
[15853, 52.058, 52.673]
[16102, 52.673, 53.288]
[16102, 53.288, 53.903]
[15770, 53.903, 54.518]
[14359, 54.518, 55.133]
[14442, 55.133, 55.748]
[14608, 55.748, 56.363]
