[6664, 100.0, 50.0]
[43160, 50.0, 25.029]
[22825, 25.029, 25.644]
[23240, 25.644, 26.259]
[23240, 26.259, 26.874]
[23240, 26.874, 27.489]
[24319, 27.489, 28.104]
[24900, 28.104, 28.719]
[24900, 28.719, 29.334]
[26145, 29.334, 29.949]
[26560, 29.949, 30.564]
[26560, 30.564, 31.179]
[26975, 31.179, 23.307]
[21580, 23.307, 23.922]
[21580, 23.922, 24.537]
[21580, 24.537, 25.152]
[22161, 25.152, 25.767]
[23240, 25.767, 26.382]
[23240, 26.382, 26.997]
[24153, 26.997, 27.612]
[24900, 27.612, 28.227]
[24900, 28.227, 28.842]
[24900, 28.842, 29.457]
[26228, 29.457, 30.072]
[26560, 30.072, 30.687]
[26560, 30.687, 31.302]
[26975, 31.302, 28.021]
[24900, 28.021, 28.636]
[24900, 28.636, 29.251]
[26145, 29.251, 29.866]
[26560, 29.866, 30.481]
[26560, 30.481, 31.096]
[27888, 31.096, 31.711]
[27224, 31.711, 32.326]
[27390, 32.326, 32.941]
[27390, 32.941, 30.971]
[26892, 30.971, 31.586]
[27058, 31.586, 32.201]
[27224, 32.201, 32.816]
[27224, 32.816, 31.151]
[27307, 31.151, 31.766]
[27805, 31.766, 30.02]
[27473, 30.02, 30.635]
[27722, 30.635, 29.0]
[27141, 29.0, 29.615]
[27141, 29.615, 30.23]
[27639, 30.23, 30.845]
[27722, 30.845, 31.46]
[27971, 31.46, 30.197]
[27722, 30.197, 30.812]
[27722, 30.812, 29.672]
[27639, 29.672, 28.54]
[27473, 28.54, 29.155]
[27639, 29.155, 27.941]
[26809, 27.941, 28.556]
[27224, 28.556, 29.171]
[27556, 29.171, 28.022]
[27805, 28.022, 28.637]
[27473, 28.637, 29.252]
[27888, 29.252, 29.867]
[27639, 29.867, 30.482]
[27805, 30.482, 29.457]
[27224, 29.457, 30.072]
[27639, 30.072, 30.687]
[27971, 30.687, 31.302]
[28054, 31.302, 30.438]
[27805, 30.438, 31.053]
[27556, 31.053, 31.668]
[27785, 31.668, 30.893]
[27971, 30.893, 31.508]
[27971, 31.508, 30.56]
[27224, 30.56, 31.175]
[27556, 31.175, 31.79]
[27601, 31.79, 30.847]
[27722, 30.847, 31.462]
[27971, 31.462, 32.077]
[27888, 32.077, 32.692]
[27556, 32.692, 33.307]
[27722, 33.307, 32.024]
[26809, 32.024, 32.639]
[27307, 32.639, 33.254]
[27639, 33.254, 33.869]
[27701, 33.869, 32.759]
[27556, 32.759, 33.374]
[27556, 33.374, 31.923]
[27058, 31.923, 32.538]
[27390, 32.538, 33.153]
[27639, 33.153, 31.865]
[27224, 31.865, 32.48]
[27639, 32.48, 33.095]
[27722, 33.095, 31.99]
[27805, 31.99, 32.605]
[27639, 32.605, 33.22]
[27473, 33.22, 33.835]
[27722, 33.835, 34.45]
[27722, 34.45, 35.065]
[27556, 35.065, 35.68]
[27805, 35.68, 36.295]
[27888, 36.295, 36.91]
[27722, 36.91, 37.525]
[27390, 37.525, 38.14]
[27888, 38.14, 38.755]
[27722, 38.755, 37.602]
[27722, 37.602, 38.217]
[27639, 38.217, 38.832]
[27556, 38.832, 39.447]
[27639, 39.447, 40.062]
[27722, 40.062, 38.798]
[27971, 38.798, 39.413]
[27639, 39.413, 38.174]
[27639, 38.174, 38.789]
[27639, 38.789, 37.3]
[27556, 37.3, 37.915]
[27473, 37.915, 38.53]
[27722, 38.53, 37.259]
[27888, 37.259, 37.874]
[27722, 37.874, 38.489]
[27805, 38.489, 39.104]
[27805, 39.104, 39.719]
[27805, 39.719, 38.482]
[27805, 38.482, 39.097]
[27722, 39.097, 39.712]
[27473, 39.712, 40.327]
[27722, 40.327, 40.942]
[27722, 40.942, 41.557]
[27805, 41.557, 40.135]
[27390, 40.135, 40.75]
[27639, 40.75, 41.365]
[27473, 41.365, 41.98]
[27971, 41.98, 40.235]
[27722, 40.235, 40.85]
[27473, 40.85, 41.465]
[27390, 41.465, 42.08]
[27556, 42.08, 40.324]
[27805, 40.324, 40.939]
[27307, 40.939, 41.554]
[27722, 41.554, 42.169]
[27722, 42.169, 40.72]
[27722, 40.72, 38.539]
[27390, 38.539, 36.385]
[27224, 36.385, 37.0]
[27473, 37.0, 37.615]
[27496, 37.615, 35.557]
[27639, 35.557, 36.172]
[27722, 36.172, 36.787]
[27888, 36.787, 37.402]
[27910, 37.402, 35.725]
[27971, 35.725, 36.34]
[27888, 36.34, 36.955]
[27805, 36.955, 37.57]
[27307, 37.57, 38.185]
[27722, 38.185, 38.8]
[27752, 38.8, 37.267]
[27805, 37.267, 35.422]
[27722, 35.422, 32.94]
[27556, 32.94, 33.555]
[27971, 33.555, 34.17]
[27639, 34.17, 31.792]
[27639, 31.792, 32.407]
[27722, 32.407, 33.022]
[27805, 33.022, 33.637]
[27639, 33.637, 31.433]
[27971, 31.433, 32.048]
[27805, 32.048, 29.468]
[27888, 29.468, 30.083]
[27888, 30.083, 30.698]
[27830, 30.698, 28.364]
[27971, 28.364, 28.979]
[27888, 28.979, 29.594]
[27722, 29.594, 30.209]
[27888, 30.209, 30.824]
[27915, 30.824, 28.661]
[27805, 28.661, 26.553]
[27639, 26.553, 24.517]
[27639, 24.517, 25.132]
[27556, 25.132, 23.115]
[27556, 23.115, 23.73]
[27722, 23.73, 21.652]
[27390, 21.652, 22.267]
[27307, 22.267, 22.882]
[27473, 22.882, 23.497]
[27722, 23.497, 24.112]
[27971, 24.112, 24.727]
[27971, 24.727, 25.342]
[27805, 25.342, 25.957]
[27639, 25.957, 26.572]
[27971, 26.572, 25.02]
[27805, 25.02, 25.635]
[27888, 25.635, 23.773]
[27722, 23.773, 22.149]
[27556, 22.149, 22.764]
[27722, 22.764, 23.379]
[27888, 23.379, 21.66]
[27639, 21.66, 22.275]
[27888, 22.275, 22.89]
[27971, 22.89, 21.45]
[27722, 21.45, 22.065]
[27689, 22.065, 20.683]
[27805, 20.683, 19.436]
[27722, 19.436, 20.051]
[27805, 20.051, 20.666]
[27888, 20.666, 19.425]
[27556, 19.425, 20.04]
[27390, 20.04, 20.655]
[27805, 20.655, 21.27]
[27805, 21.27, 21.885]
[27888, 21.885, 20.819]
[27888, 20.819, 21.434]
[27639, 21.434, 22.049]
[27971, 22.049, 22.664]
[28054, 22.664, 21.318]
[27473, 21.318, 21.933]
[27722, 21.933, 20.702]
[27556, 20.702, 21.317]
[27722, 21.317, 21.932]
[27744, 21.932, 20.636]
[27805, 20.636, 19.278]
[27639, 19.278, 19.893]
[27722, 19.893, 20.508]
[27722, 20.508, 19.294]
[27722, 19.294, 17.926]
[27556, 17.926, 18.541]
[27639, 18.541, 19.156]
[27805, 19.156, 17.691]
[27888, 17.691, 18.306]
[27722, 18.306, 18.921]
[27556, 18.921, 19.536]
[27805, 19.536, 17.968]
[27473, 17.968, 18.583]
[27473, 18.583, 19.198]
[27639, 19.198, 19.813]
[27888, 19.813, 18.206]
[28054, 18.206, 18.821]
[27971, 18.821, 19.436]
[27722, 19.436, 17.787]
[27639, 17.787, 18.402]
[27722, 18.402, 19.017]
[27722, 19.017, 19.632]
[27697, 19.632, 18.113]
[27473, 18.113, 18.728]
[27805, 18.728, 19.343]
[27805, 19.343, 19.958]
[27556, 19.958, 20.573]
[27722, 20.573, 21.188]
[27971, 21.188, 19.835]
[27805, 19.835, 20.45]
[27639, 20.45, 19.265]
[27888, 19.265, 19.88]
[27639, 19.88, 20.495]
[27805, 20.495, 21.11]
[27888, 21.11, 19.785]
[27971, 19.785, 20.4]
[27473, 20.4, 21.015]
[27888, 21.015, 21.63]
[27888, 21.63, 22.245]
[27639, 22.245, 20.92]
[27805, 20.92, 21.535]
[27639, 21.535, 22.15]
[27722, 22.15, 22.765]
[26809, 22.765, 23.38]
[26726, 23.38, 23.995]
[27224, 23.995, 24.61]
[27971, 24.61, 25.225]
[27722, 25.225, 25.84]
[27805, 25.84, 26.455]
[27639, 26.455, 27.07]
[26145, 27.07, 27.685]
[26477, 27.685, 28.3]
[27141, 28.3, 28.915]
[27307, 28.915, 29.53]
[26643, 29.53, 30.145]
[27141, 30.145, 30.76]
[27307, 30.76, 31.375]
[27307, 31.375, 30.634]
[27722, 30.634, 31.249]
[27722, 31.249, 30.372]
[27805, 30.372, 30.987]
[27805, 30.987, 29.996]
[27639, 29.996, 30.611]
[27888, 30.611, 31.226]
[27639, 31.226, 31.841]
[27722, 31.841, 30.9]
[27888, 30.9, 31.515]
[27888, 31.515, 32.13]
[27805, 32.13, 30.874]
[27722, 30.874, 31.489]
[26726, 31.489, 32.104]
[26726, 32.104, 32.719]
[27307, 32.719, 33.334]
[27722, 33.334, 33.949]
[26726, 33.949, 34.564]
[26477, 34.564, 35.179]
[26643, 35.179, 35.794]
[27224, 35.794, 36.409]
[27805, 36.409, 37.024]
[27888, 37.024, 37.639]
[27805, 37.639, 38.254]
[27058, 38.254, 38.869]
[27224, 38.869, 39.484]
[27722, 39.484, 38.603]
[27971, 38.603, 39.218]
[26145, 39.218, 39.833]
[25730, 39.833, 40.448]
[26311, 40.448, 41.063]
[26643, 41.063, 41.678]
[26892, 41.678, 42.293]
[27390, 42.293, 42.908]
[27639, 42.908, 43.523]
[26892, 43.523, 44.138]
[23157, 44.138, 44.753]
[21829, 44.753, 45.368]
