[6747, 100.0, 50.0]
[43160, 50.0, 25.029]
[22825, 25.029, 25.644]
[23240, 25.644, 26.259]
[23240, 26.259, 26.874]
[23240, 26.874, 27.489]
[24402, 27.489, 28.104]
[24900, 28.104, 28.719]
[24900, 28.719, 29.334]
[26228, 29.334, 29.949]
[26560, 29.949, 30.564]
[26560, 30.564, 31.179]
[26975, 31.179, 23.307]
[21580, 23.307, 23.922]
[21580, 23.922, 24.537]
[21580, 24.537, 25.152]
[22244, 25.152, 25.767]
[23240, 25.767, 26.382]
[23240, 26.382, 26.997]
[24236, 26.997, 27.612]
[24900, 27.612, 28.227]
[24900, 28.227, 28.842]
[24900, 28.842, 29.457]
[26228, 29.457, 30.072]
[26560, 30.072, 30.687]
[26560, 30.687, 31.302]
[26975, 31.302, 28.021]
[24900, 28.021, 28.636]
[24900, 28.636, 29.251]
[26228, 29.251, 29.866]
[26560, 29.866, 30.481]
[26560, 30.481, 31.096]
[27971, 31.096, 31.711]
[27224, 31.711, 32.326]
[27390, 32.326, 32.941]
[27390, 32.941, 30.971]
[26892, 30.971, 31.586]
[27058, 31.586, 32.201]
[27224, 32.201, 30.313]
[28137, 30.313, 30.928]
[27224, 30.928, 31.543]
[27722, 31.543, 32.158]
[27390, 32.158, 32.773]
[27722, 32.773, 30.792]
[27141, 30.792, 31.407]
[27141, 31.407, 32.022]
[27639, 32.022, 32.637]
[27722, 32.637, 33.252]
[27805, 33.252, 31.749]
[27722, 31.749, 32.364]
[27722, 32.364, 30.967]
[27722, 30.967, 29.308]
[27473, 29.308, 29.923]
[27639, 29.923, 28.366]
[26809, 28.366, 28.981]
[27224, 28.981, 29.596]
[27556, 29.596, 28.252]
[27722, 28.252, 28.867]
[27473, 28.867, 29.482]
[27971, 29.482, 30.097]
[27722, 30.097, 30.712]
[27805, 30.712, 29.636]
[27224, 29.636, 30.251]
[27639, 30.251, 30.866]
[27971, 30.866, 31.481]
[28032, 31.481, 30.527]
[27805, 30.527, 31.142]
[27556, 31.142, 31.757]
[27805, 31.757, 30.913]
[27971, 30.913, 31.528]
[27971, 31.528, 30.411]
[27224, 30.411, 31.026]
[27556, 31.026, 29.909]
[28054, 29.909, 30.524]
[27639, 30.524, 31.139]
[27971, 31.139, 31.754]
[27888, 31.754, 32.369]
[27556, 32.369, 32.984]
[27722, 32.984, 31.516]
[26809, 31.516, 32.131]
[27307, 32.131, 32.746]
[27639, 32.746, 33.361]
[27777, 33.361, 32.112]
[27556, 32.112, 32.727]
[27556, 32.727, 31.011]
[27058, 31.011, 31.626]
[27390, 31.626, 32.241]
[27639, 32.241, 30.745]
[27224, 30.745, 31.36]
[27639, 31.36, 31.975]
[27722, 31.975, 30.721]
[27556, 30.721, 31.336]
[27556, 31.336, 31.951]
[27473, 31.951, 32.566]
[27805, 32.566, 33.181]
[27722, 33.181, 33.796]
[27639, 33.796, 34.411]
[27805, 34.411, 35.026]
[27888, 35.026, 35.641]
[27722, 35.641, 36.256]
[27390, 36.256, 36.871]
[27888, 36.871, 37.486]
[27722, 37.486, 36.377]
[27639, 36.377, 36.992]
[27722, 36.992, 37.607]
[27639, 37.607, 38.222]
[27639, 38.222, 38.837]
[27722, 38.837, 37.699]
[27971, 37.699, 38.314]
[27639, 38.314, 37.067]
[27639, 37.067, 37.682]
[27639, 37.682, 36.237]
[27556, 36.237, 36.852]
[27473, 36.852, 37.467]
[27661, 37.467, 36.129]
[27971, 36.129, 36.744]
[27722, 36.744, 37.359]
[27805, 37.359, 37.974]
[27805, 37.974, 38.589]
[27805, 38.589, 36.986]
[27888, 36.986, 37.601]
[27722, 37.601, 38.216]
[27473, 38.216, 38.831]
[27722, 38.831, 39.446]
[27722, 39.446, 40.061]
[27805, 40.061, 38.332]
[27390, 38.332, 38.947]
[27639, 38.947, 39.562]
[27473, 39.562, 40.177]
[27971, 40.177, 38.4]
[27639, 38.4, 39.015]
[27556, 39.015, 39.63]
[27556, 39.63, 40.245]
[27556, 40.245, 40.86]
[27805, 40.86, 41.475]
[27473, 41.475, 42.09]
[27722, 42.09, 42.705]
[27722, 42.705, 41.201]
[27805, 41.201, 38.795]
[27390, 38.795, 36.451]
[27224, 36.451, 37.066]
[27390, 37.066, 34.674]
[27224, 34.674, 35.289]
[27556, 35.289, 35.904]
[27639, 35.904, 36.519]
[27888, 36.519, 34.327]
[27971, 34.327, 34.942]
[27888, 34.942, 35.557]
[27888, 35.557, 36.172]
[27805, 36.172, 36.787]
[27307, 36.787, 37.402]
[27722, 37.402, 38.017]
[27805, 38.017, 36.331]
[27805, 36.331, 34.366]
[27722, 34.366, 31.878]
[27639, 31.878, 32.493]
[27888, 32.493, 33.108]
[27639, 33.108, 30.668]
[27639, 30.668, 31.283]
[27556, 31.283, 31.898]
[27888, 31.898, 32.513]
[27722, 32.513, 33.128]
[27722, 33.128, 30.816]
[27805, 30.816, 28.289]
[27888, 28.289, 28.904]
[27888, 28.904, 29.519]
[27889, 29.519, 27.287]
[27888, 27.287, 27.902]
[27888, 27.902, 28.517]
[27722, 28.517, 29.132]
[27888, 29.132, 29.747]
[27933, 29.747, 27.758]
[28054, 27.758, 25.856]
[27639, 25.856, 23.989]
[27722, 23.989, 24.604]
[27639, 24.604, 22.674]
[27639, 22.674, 23.289]
[27722, 23.289, 21.255]
[27556, 21.255, 21.87]
[27307, 21.87, 22.485]
[27473, 22.485, 23.1]
[27722, 23.1, 23.715]
[27971, 23.715, 24.33]
[27971, 24.33, 24.945]
[27805, 24.945, 25.56]
[27556, 25.56, 26.175]
[27971, 26.175, 24.613]
[27805, 24.613, 25.228]
[27880, 25.228, 23.309]
[27722, 23.309, 21.643]
[27556, 21.643, 22.258]
[27722, 22.258, 22.873]
[27888, 22.873, 21.075]
[27639, 21.075, 21.69]
[27888, 21.69, 22.305]
[27971, 22.305, 20.809]
[27722, 20.809, 21.424]
[27652, 21.424, 20.004]
[27805, 20.004, 18.729]
[27722, 18.729, 19.344]
[27805, 19.344, 19.959]
[27888, 19.959, 18.655]
[27390, 18.655, 19.27]
[27307, 19.27, 19.885]
[27722, 19.885, 20.5]
[27805, 20.5, 21.115]
[27888, 21.115, 19.95]
[27888, 19.95, 20.565]
[27722, 20.565, 21.18]
[27730, 21.18, 19.773]
[27971, 19.773, 18.429]
[27473, 18.429, 19.044]
[27722, 19.044, 17.823]
[27556, 17.823, 18.438]
[27805, 18.438, 19.053]
[27971, 19.053, 17.868]
[27556, 17.868, 18.483]
[27639, 18.483, 19.098]
[27722, 19.098, 17.822]
[27722, 17.822, 18.437]
[27722, 18.437, 16.973]
[27556, 16.973, 17.588]
[27556, 17.588, 18.203]
[27805, 18.203, 16.655]
[27805, 16.655, 17.27]
[27805, 17.27, 17.885]
[27556, 17.885, 18.5]
[27805, 18.5, 16.893]
[27390, 16.893, 17.508]
[27473, 17.508, 18.123]
[27722, 18.123, 18.738]
[27888, 18.738, 17.14]
[27888, 17.14, 15.662]
[27971, 15.662, 16.277]
[27722, 16.277, 14.767]
[27473, 14.767, 15.382]
[27722, 15.382, 15.997]
[27722, 15.997, 16.612]
[27696, 16.612, 15.291]
[27473, 15.291, 15.906]
[27971, 15.906, 16.521]
[27805, 16.521, 17.136]
[27556, 17.136, 17.751]
[27805, 17.751, 18.366]
[27971, 18.366, 17.097]
[27805, 17.097, 17.712]
[27722, 17.712, 16.545]
[27805, 16.545, 17.16]
[27639, 17.16, 17.775]
[27888, 17.775, 16.504]
[27888, 16.504, 17.119]
[27888, 17.119, 17.734]
[27473, 17.734, 18.349]
[27572, 18.349, 16.915]
[27971, 16.915, 17.53]
[27639, 17.53, 16.244]
[27639, 16.244, 16.859]
[27722, 16.859, 17.474]
[27805, 17.474, 18.089]
[26809, 18.089, 18.704]
[26892, 18.704, 19.319]
[27307, 19.319, 19.934]
[27971, 19.934, 20.549]
[27888, 20.549, 21.164]
[27888, 21.164, 20.238]
[27639, 20.238, 20.853]
[26311, 20.853, 21.468]
[26809, 21.468, 22.083]
[27141, 22.083, 22.698]
[27473, 22.698, 23.313]
[26726, 23.313, 23.928]
[27141, 23.928, 24.543]
[27307, 24.543, 25.158]
[27298, 25.158, 24.499]
[27722, 24.499, 25.114]
[27712, 25.114, 24.254]
[27805, 24.254, 24.869]
[27779, 24.869, 23.671]
[27639, 23.671, 24.286]
[27888, 24.286, 24.901]
[27805, 24.901, 25.516]
[27805, 25.516, 26.131]
[27722, 26.131, 26.746]
[27971, 26.746, 27.361]
[27888, 27.361, 27.976]
[27556, 27.976, 28.591]
[26892, 28.591, 29.206]
[26975, 29.206, 29.821]
[27390, 29.821, 30.436]
[27722, 30.436, 31.051]
[26975, 31.051, 31.666]
[26560, 31.666, 32.281]
[26726, 32.281, 32.896]
[27390, 32.896, 33.511]
[27805, 33.511, 34.126]
[27971, 34.126, 34.741]
[27888, 34.741, 34.067]
[27058, 34.067, 34.682]
[27307, 34.682, 35.297]
[27888, 35.297, 35.912]
[27473, 35.912, 36.527]
[25564, 36.527, 37.142]
[25979, 37.142, 37.757]
[26560, 37.757, 38.372]
[26643, 38.372, 38.987]
[27058, 38.987, 39.602]
[27390, 39.602, 40.217]
[27722, 40.217, 40.832]
[26643, 40.832, 41.447]
[23489, 41.447, 42.062]
[22078, 42.062, 42.677]
[20750, 42.677, 43.292]
[20252, 43.292, 43.907]
[15853, 43.907, 44.522]
[14525, 44.522, 45.137]
[14940, 45.137, 45.752]
[15521, 45.752, 46.367]
[15604, 46.367, 46.982]
[16019, 46.982, 47.597]
[16102, 47.597, 48.212]
[16102, 48.212, 48.827]
