[5585, 100.0, 50.0]
[43160, 50.0, 25.0]
[22825, 25.0, 25.615]
[22825, 25.615, 26.23]
[23240, 26.23, 26.845]
[23240, 26.845, 27.46]
[23240, 27.46, 28.075]
[24900, 28.075, 28.69]
[24900, 28.69, 29.305]
[24900, 29.305, 29.92]
[26560, 29.92, 30.535]
[26560, 30.535, 31.15]
[26560, 31.15, 31.765]
[26975, 31.765, 23.736]
[21580, 23.736, 24.351]
[21580, 24.351, 24.966]
[21580, 24.966, 25.581]
[22825, 25.581, 26.196]
[23240, 26.196, 26.811]
[23240, 26.811, 27.426]
[24485, 27.426, 28.041]
[24900, 28.041, 28.656]
[24900, 28.656, 29.271]
[24900, 29.271, 29.886]
[26560, 29.886, 30.501]
[26560, 30.501, 31.116]
[26560, 31.116, 31.731]
[26749, 31.731, 28.431]
[24900, 28.431, 29.046]
[24900, 29.046, 29.661]
[26560, 29.661, 30.276]
[26560, 30.276, 30.891]
[26560, 30.891, 28.361]
[27805, 28.361, 28.976]
[27224, 28.976, 29.591]
[27473, 29.591, 27.107]
[26892, 27.107, 27.722]
[26892, 27.722, 28.337]
[27058, 28.337, 28.952]
[27390, 28.952, 26.921]
[27307, 26.921, 27.536]
[27307, 27.536, 28.151]
[27888, 28.151, 28.766]
[27556, 28.766, 29.381]
[27639, 29.381, 27.788]
[27141, 27.788, 28.403]
[27307, 28.403, 29.018]
[27639, 29.018, 29.633]
[27805, 29.633, 27.983]
[27805, 27.983, 28.598]
[27722, 28.598, 26.668]
[27722, 26.668, 27.283]
[27722, 27.283, 27.898]
[27556, 27.898, 28.513]
[27639, 28.513, 26.77]
[26809, 26.77, 27.385]
[27473, 27.385, 28.0]
[27805, 28.0, 28.615]
[27888, 28.615, 29.23]
[27722, 29.23, 27.868]
[27971, 27.868, 28.483]
[27722, 28.483, 29.098]
[27805, 29.098, 27.32]
[27141, 27.32, 27.935]
[27639, 27.935, 26.369]
[27888, 26.369, 24.378]
[27307, 24.378, 24.993]
[27639, 24.993, 25.608]
[27805, 25.608, 23.602]
[27639, 23.602, 24.217]
[27888, 24.217, 24.832]
[27971, 24.832, 22.81]
[27058, 22.81, 23.425]
[27805, 23.425, 24.04]
[27888, 24.04, 24.655]
[27722, 24.655, 23.096]
[27888, 23.096, 23.711]
[27888, 23.711, 24.326]
[27556, 24.326, 24.941]
[27698, 24.941, 23.168]
[26809, 23.168, 23.783]
[27307, 23.783, 24.398]
[27805, 24.398, 25.013]
[27722, 25.013, 25.628]
[27556, 25.628, 26.243]
[27556, 26.243, 24.839]
[26892, 24.839, 25.454]
[27473, 25.454, 26.069]
[27639, 26.069, 24.818]
[27224, 24.818, 25.433]
[27805, 25.433, 26.048]
[27805, 26.048, 26.663]
[27639, 26.663, 27.278]
[27639, 27.278, 26.094]
[27639, 26.094, 26.709]
[27484, 26.709, 25.411]
[27805, 25.411, 26.026]
[27722, 26.026, 26.641]
[27722, 26.641, 25.47]
[27971, 25.47, 26.085]
[27888, 26.085, 26.7]
[27639, 26.7, 27.315]
[27722, 27.315, 26.136]
[27888, 26.136, 26.751]
[27639, 26.751, 27.366]
[27639, 27.366, 26.178]
[27971, 26.178, 26.793]
[27805, 26.793, 25.67]
[27805, 25.67, 26.285]
[27805, 26.285, 25.134]
[27722, 25.134, 25.749]
[27722, 25.749, 24.46]
[27473, 24.46, 25.075]
[27888, 25.075, 25.69]
[27722, 25.69, 26.305]
[27888, 26.305, 26.92]
[27888, 26.92, 25.73]
[27888, 25.73, 26.345]
[27729, 26.345, 25.102]
[27888, 25.102, 25.717]
[27722, 25.717, 26.332]
[27971, 26.332, 26.947]
[27888, 26.947, 27.562]
[27639, 27.562, 28.177]
[27971, 28.177, 28.792]
[27888, 28.792, 29.407]
[27888, 29.407, 30.022]
[27473, 30.022, 30.637]
[27971, 30.637, 31.252]
[27639, 31.252, 31.867]
[27710, 31.867, 30.998]
[27556, 30.998, 31.613]
[27971, 31.613, 32.228]
[27556, 32.228, 32.843]
[27805, 32.843, 33.458]
[27852, 33.458, 32.228]
[27556, 32.228, 32.843]
[27971, 32.843, 33.458]
[27805, 33.458, 34.073]
[27888, 34.073, 34.688]
[27722, 34.688, 35.303]
[27390, 35.303, 35.918]
[27971, 35.918, 36.533]
[27556, 36.533, 37.148]
[27888, 37.148, 37.763]
[27888, 37.763, 38.378]
[27888, 38.378, 38.993]
[27805, 38.993, 39.608]
[27839, 39.608, 38.598]
[27971, 38.598, 39.213]
[27888, 39.213, 39.828]
[27639, 39.828, 40.443]
[27639, 40.443, 38.804]
[27722, 38.804, 39.419]
[27556, 39.419, 40.034]
[27722, 40.034, 40.649]
[27639, 40.649, 38.647]
[27722, 38.647, 39.262]
[27639, 39.262, 39.877]
[27556, 39.877, 37.354]
[27888, 37.354, 37.969]
[27888, 37.969, 38.584]
[27722, 38.584, 39.199]
[27805, 39.199, 39.814]
[27805, 39.814, 40.429]
[27971, 40.429, 41.044]
[27888, 41.044, 41.659]
[27722, 41.659, 39.316]
[27722, 39.316, 39.931]
[27888, 39.931, 40.546]
[27639, 40.546, 37.747]
[27556, 37.747, 38.362]
[27639, 38.362, 38.977]
[27307, 38.977, 39.592]
[27888, 39.592, 40.207]
[27556, 40.207, 40.822]
[27971, 40.822, 41.437]
[27722, 41.437, 42.052]
[27888, 42.052, 42.667]
[27473, 42.667, 43.282]
[27888, 43.282, 43.897]
[27639, 43.897, 41.922]
[27639, 41.922, 42.537]
[27971, 42.537, 40.632]
[27556, 40.632, 41.247]
[27971, 41.247, 41.862]
[27805, 41.862, 42.477]
[27971, 42.477, 43.092]
[27888, 43.092, 43.707]
[27556, 43.707, 44.322]
[27722, 44.322, 44.937]
[27722, 44.937, 45.552]
[27888, 45.552, 46.167]
[27556, 46.167, 46.782]
[27639, 46.782, 45.626]
[27639, 45.626, 46.241]
[27224, 46.241, 46.856]
[27639, 46.856, 47.471]
[27556, 47.471, 48.086]
[27805, 48.086, 48.701]
[27805, 48.701, 47.694]
[27888, 47.694, 48.309]
[27888, 48.309, 48.924]
[27390, 48.924, 49.539]
[27888, 49.539, 50.154]
[27876, 50.154, 48.757]
[27888, 48.757, 49.372]
[27473, 49.372, 49.987]
[27805, 49.987, 50.602]
[27971, 50.602, 48.861]
[27722, 48.861, 46.932]
[26892, 46.932, 47.547]
[27224, 47.547, 48.162]
[27722, 48.162, 48.777]
[27639, 48.777, 47.231]
[27722, 47.231, 47.846]
[27805, 47.846, 48.461]
[27556, 48.461, 49.076]
[27971, 49.076, 49.691]
[27888, 49.691, 50.306]
[27722, 50.306, 50.921]
[27805, 50.921, 49.382]
[27556, 49.382, 49.997]
[27888, 49.997, 50.612]
[27804, 50.612, 48.734]
[27722, 48.734, 49.349]
[27722, 49.349, 46.961]
[27888, 46.961, 44.097]
[27888, 44.097, 44.712]
[27556, 44.712, 45.327]
[27888, 45.327, 45.942]
[27971, 45.942, 46.557]
[27639, 46.557, 47.172]
[27639, 47.172, 47.787]
[27639, 47.787, 45.242]
[27888, 45.242, 45.857]
[27556, 45.857, 46.472]
[27524, 46.472, 43.77]
[27805, 43.77, 44.385]
[27639, 44.385, 45.0]
[27805, 45.0, 41.954]
[27888, 41.954, 42.569]
[27888, 42.569, 43.184]
[27722, 43.184, 39.679]
[27805, 39.679, 40.294]
[27639, 40.294, 40.909]
[27888, 40.909, 41.524]
[27971, 41.524, 42.139]
[27722, 42.139, 42.754]
[27690, 42.754, 39.433]
[27805, 39.433, 40.048]
[27556, 40.048, 37.112]
[27556, 37.112, 37.727]
[27473, 37.727, 38.342]
[27473, 38.342, 38.957]
[27639, 38.957, 36.298]
[27971, 36.298, 36.913]
[27805, 36.913, 37.528]
[27871, 37.528, 35.315]
[27888, 35.315, 32.534]
[26643, 32.534, 33.149]
[26892, 33.149, 33.764]
[27639, 33.764, 34.379]
[27640, 34.379, 32.055]
[27888, 32.055, 29.466]
[27473, 29.466, 30.081]
[27473, 30.081, 30.696]
[26394, 30.696, 31.311]
[26975, 31.311, 31.926]
[27141, 31.926, 32.541]
