[5751, 100.0, 50.0]
[43160, 50.0, 25.03]
[22825, 25.03, 25.645]
[23240, 25.645, 26.26]
[23240, 26.26, 26.875]
[23240, 26.875, 27.49]
[23655, 27.49, 28.105]
[24900, 28.105, 28.72]
[24900, 28.72, 29.335]
[25315, 29.335, 29.95]
[26560, 29.95, 30.565]
[26560, 30.565, 31.18]
[26975, 31.18, 23.268]
[21580, 23.268, 23.883]
[21580, 23.883, 24.498]
[21580, 24.498, 25.113]
[21580, 25.113, 25.728]
[23240, 25.728, 26.343]
[23240, 26.343, 26.958]
[23240, 26.958, 27.573]
[24900, 27.573, 28.188]
[24900, 28.188, 28.803]
[24900, 28.803, 29.418]
[25315, 29.418, 30.033]
[26560, 30.033, 30.648]
[26560, 30.648, 31.263]
[26975, 31.263, 27.997]
[24900, 27.997, 28.612]
[24900, 28.612, 29.227]
[25315, 29.227, 29.842]
[26560, 29.842, 30.457]
[26560, 30.457, 31.072]
[26975, 31.072, 28.824]
[27224, 28.824, 29.439]
[27307, 29.439, 30.054]
[27390, 30.054, 28.21]
[26892, 28.21, 28.825]
[26975, 28.825, 29.44]
[27141, 29.44, 30.055]
[27639, 30.055, 30.67]
[27307, 30.67, 31.285]
[27639, 31.285, 31.9]
[27888, 31.9, 32.515]
[27722, 32.515, 33.13]
[27058, 33.13, 33.745]
[27141, 33.745, 34.36]
[27307, 34.36, 34.975]
[27888, 34.975, 35.59]
[27971, 35.59, 36.205]
[27556, 36.205, 36.82]
[27722, 36.82, 37.435]
[27639, 37.435, 38.05]
[27888, 38.05, 38.665]
[27639, 38.665, 37.898]
[26809, 37.898, 38.513]
[26809, 38.513, 39.128]
[27556, 39.128, 39.743]
[27805, 39.743, 40.358]
[27971, 40.358, 40.973]
[27805, 40.973, 41.588]
[27639, 41.588, 42.203]
[27805, 42.203, 41.596]
[27307, 41.596, 42.211]
[27224, 42.211, 42.826]
[27639, 42.826, 43.441]
[27805, 43.441, 44.056]
[27390, 44.056, 44.671]
[27888, 44.671, 45.286]
[27971, 45.286, 45.901]
[27556, 45.901, 46.516]
[27722, 46.516, 45.57]
[27224, 45.57, 46.185]
[27224, 46.185, 46.8]
[27971, 46.8, 47.415]
[27971, 47.415, 48.03]
[27971, 48.03, 48.645]
[27556, 48.645, 49.26]
[27888, 49.26, 49.875]
[27722, 49.875, 48.616]
[26809, 48.616, 49.231]
[26809, 49.231, 49.846]
[27556, 49.846, 50.461]
[27805, 50.461, 51.076]
[27805, 51.076, 51.691]
[27556, 51.691, 50.431]
[27224, 50.431, 51.046]
[27141, 51.046, 51.661]
[27556, 51.661, 49.849]
[27639, 49.849, 50.464]
[27058, 50.464, 51.079]
[27971, 51.079, 51.694]
[27890, 51.694, 49.38]
[27639, 49.38, 47.023]
[27805, 47.023, 47.638]
[27556, 47.638, 44.822]
[27556, 44.822, 45.437]
[27722, 45.437, 46.052]
[27639, 46.052, 43.041]
[27639, 43.041, 43.656]
[27805, 43.656, 44.271]
[28054, 44.271, 40.971]
[27722, 40.971, 38.123]
[27556, 38.123, 38.738]
[27805, 38.738, 39.353]
[27639, 39.353, 36.353]
[27805, 36.353, 36.968]
[27888, 36.968, 37.583]
[27805, 37.583, 38.198]
[27805, 38.198, 35.187]
[27556, 35.187, 35.802]
[27639, 35.802, 36.417]
[27722, 36.417, 37.032]
[27390, 37.032, 37.647]
[27556, 37.647, 35.112]
[27722, 35.112, 35.727]
[27888, 35.727, 33.637]
[27722, 33.637, 34.252]
[27805, 34.252, 32.008]
[27805, 32.008, 32.623]
[27805, 32.623, 33.238]
[27722, 33.238, 33.853]
[27971, 33.853, 34.468]
[28054, 34.468, 32.33]
[27639, 32.33, 32.945]
[27971, 32.945, 33.56]
[27888, 33.56, 34.175]
[27888, 34.175, 32.489]
[27473, 32.489, 33.104]
[27971, 33.104, 33.719]
[27722, 33.719, 32.278]
[27722, 32.278, 32.893]
[27556, 32.893, 33.508]
[27574, 33.508, 32.032]
[27556, 32.032, 32.647]
[27888, 32.647, 31.252]
[27556, 31.252, 31.867]
[27556, 31.867, 32.482]
[27542, 32.482, 31.207]
[27722, 31.207, 31.822]
[27888, 31.822, 32.437]
[27888, 32.437, 33.052]
[27390, 33.052, 33.667]
[27971, 33.667, 34.282]
[27556, 34.282, 34.897]
[27805, 34.897, 33.807]
[27888, 33.807, 34.422]
[27888, 34.422, 35.037]
[27971, 35.037, 35.652]
[27888, 35.652, 36.267]
[27971, 36.267, 36.882]
[27989, 36.882, 36.053]
[27639, 36.053, 36.668]
[27639, 36.668, 37.283]
[27722, 37.283, 37.898]
[27556, 37.898, 38.513]
[27805, 38.513, 39.128]
[27805, 39.128, 39.743]
[27556, 39.743, 40.358]
[27722, 40.358, 40.973]
[27556, 40.973, 40.392]
[27639, 40.392, 41.007]
[27722, 41.007, 40.462]
[27805, 40.462, 41.077]
[27805, 41.077, 41.692]
[27805, 41.692, 42.307]
[27805, 42.307, 41.773]
[27888, 41.773, 42.388]
[27722, 42.388, 43.003]
[27639, 43.003, 43.618]
[27722, 43.618, 42.427]
[27805, 42.427, 43.042]
[27473, 43.042, 43.657]
[27805, 43.657, 44.272]
[27390, 44.272, 44.887]
[27888, 44.887, 45.502]
[27556, 45.502, 46.117]
[27556, 46.117, 45.23]
[27722, 45.23, 45.845]
[27888, 45.845, 46.46]
[27556, 46.46, 47.075]
[27639, 47.075, 45.72]
[27639, 45.72, 46.335]
[27639, 46.335, 46.95]
[27722, 46.95, 45.578]
[27556, 45.578, 46.193]
[27556, 46.193, 44.411]
[27888, 44.411, 45.026]
[27888, 45.026, 43.005]
[27888, 43.005, 43.62]
[27556, 43.62, 44.235]
[27805, 44.235, 44.85]
[27805, 44.85, 45.465]
[27868, 45.465, 43.438]
[27639, 43.438, 44.053]
[27639, 44.053, 44.668]
[27639, 44.668, 45.283]
[27473, 45.283, 45.898]
[27722, 45.898, 46.513]
[27556, 46.513, 47.128]
[27888, 47.128, 47.743]
[27888, 47.743, 48.358]
[27639, 48.358, 48.973]
[27805, 48.973, 47.793]
[27556, 47.793, 48.408]
[27556, 48.408, 47.0]
[27722, 47.0, 47.615]
[27888, 47.615, 48.23]
[27639, 48.23, 48.845]
[27805, 48.845, 46.856]
[28054, 46.856, 47.471]
[27722, 47.471, 48.086]
[27141, 48.086, 48.701]
[27639, 48.701, 49.316]
[27888, 49.316, 49.931]
[27805, 49.931, 50.546]
[27722, 50.546, 51.161]
[27888, 51.161, 51.776]
[27722, 51.776, 52.391]
[27805, 52.391, 50.807]
[27888, 50.807, 51.422]
[27805, 51.422, 49.663]
[27722, 49.663, 50.278]
[27556, 50.278, 50.893]
[27888, 50.893, 48.985]
[27722, 48.985, 49.6]
[27805, 49.6, 47.422]
[27556, 47.422, 44.786]
[27473, 44.786, 45.401]
[27805, 45.401, 46.016]
[27639, 46.016, 46.631]
[27639, 46.631, 43.88]
[27888, 43.88, 44.495]
[27722, 44.495, 45.11]
[27639, 45.11, 42.705]
[27805, 42.705, 43.32]
[27888, 43.32, 43.935]
[27639, 43.935, 41.292]
[27722, 41.292, 41.907]
[27639, 41.907, 42.522]
[27737, 42.522, 39.841]
[27805, 39.841, 37.52]
[27556, 37.52, 38.135]
[27639, 38.135, 35.939]
[27639, 35.939, 33.903]
[27307, 33.903, 34.518]
[27473, 34.518, 35.133]
[27722, 35.133, 33.221]
[27971, 33.221, 33.836]
[27722, 33.836, 34.451]
[27722, 34.451, 32.749]
[27722, 32.749, 33.364]
[27722, 33.364, 33.979]
[27390, 33.979, 34.594]
[27556, 34.594, 35.209]
[27556, 35.209, 35.824]
[27639, 35.824, 34.397]
[27971, 34.397, 35.012]
[27971, 35.012, 33.354]
[27722, 33.354, 33.969]
[27390, 33.969, 34.584]
[26643, 34.584, 35.199]
[26892, 35.199, 35.814]
[27722, 35.814, 34.085]
[27805, 34.085, 34.7]
[27722, 34.7, 35.315]
[27473, 35.315, 35.93]
[27556, 35.93, 36.545]
[26560, 36.545, 37.16]
[27058, 37.16, 37.775]
[27141, 37.775, 38.39]
[27473, 38.39, 39.005]
[26975, 39.005, 39.62]
[27141, 39.62, 40.235]
[27556, 40.235, 40.85]
[27556, 40.85, 41.465]
[27722, 41.465, 42.08]
[27556, 42.08, 42.695]
[27639, 42.695, 41.586]
[27473, 41.586, 42.201]
[27639, 42.201, 42.816]
[27722, 42.816, 41.74]
[27805, 41.74, 40.578]
[27971, 40.578, 41.193]
[27805, 41.193, 41.808]
[27805, 41.808, 40.693]
[27888, 40.693, 41.308]
[26892, 41.308, 41.923]
[26145, 41.923, 42.538]
[26809, 42.538, 43.153]
[27307, 43.153, 43.768]
[27556, 43.768, 44.383]
[27141, 44.383, 44.998]
[26643, 44.998, 45.613]
[26726, 45.613, 46.228]
[27556, 46.228, 46.843]
[27888, 46.843, 47.458]
[27556, 47.458, 48.073]
[26975, 48.073, 48.688]
[27058, 48.688, 49.303]
[27473, 49.303, 49.918]
[27971, 49.918, 50.533]
[27473, 50.533, 51.148]
[25730, 51.148, 51.763]
[26228, 51.763, 52.378]
[26560, 52.378, 52.993]
[26726, 52.993, 53.608]
[27224, 53.608, 54.223]
[27556, 54.223, 54.838]
[27805, 54.838, 55.453]
[25730, 55.453, 56.068]
[22244, 56.068, 56.683]
[21248, 56.683, 57.298]
[20667, 57.298, 57.913]
[19505, 57.913, 58.528]
[15936, 58.528, 59.143]
[15189, 59.143, 59.758]
[15521, 59.758, 60.373]
[15604, 60.373, 60.988]
[15687, 60.988, 61.603]
[16019, 61.603, 62.218]
[16102, 62.218, 62.833]
[15604, 62.833, 63.448]
[14276, 63.448, 64.063]
[14110, 64.063, 64.678]
[14359, 64.678, 65.293]
[13197, 65.293, 65.908]
[11703, 65.908, 66.523]
[11786, 66.523, 67.138]
[12201, 67.138, 67.753]
[12367, 67.753, 68.368]
[12616, 68.368, 68.983]
[11454, 68.983, 69.598]
[10126, 69.598, 70.213]
[10209, 70.213, 70.828]
[10292, 70.828, 71.443]
[10458, 71.443, 72.058]
[10541, 72.058, 72.673]
[10541, 72.673, 73.288]
[10707, 73.288, 73.903]
[10790, 73.903, 74.518]
[10790, 74.518, 75.133]
[10956, 75.133, 75.748]
[11039, 75.748, 76.363]
[11039, 76.363, 76.978]
[11205, 76.978, 77.593]
[11288, 77.593, 78.208]
[11288, 78.208, 78.823]
[11454, 78.823, 79.438]
[11454, 79.438, 80.053]
[11537, 80.053, 80.668]
[11620, 80.668, 81.283]
[11703, 81.283, 81.898]
[11786, 81.898, 82.513]
[11869, 82.513, 83.128]
[11952, 83.128, 83.743]
[12035, 83.743, 84.358]
[12035, 84.358, 84.973]
[12118, 84.973, 85.588]
[12201, 85.588, 86.203]
[12201, 86.203, 86.818]
[12284, 86.818, 87.433]
[12367, 87.433, 88.048]
[12367, 88.048, 88.663]
[12450, 88.663, 89.278]
[12533, 89.278, 89.893]
[12533, 89.893, 90.508]
[12533, 90.508, 91.123]
[12616, 91.123, 91.738]
[12616, 91.738, 92.353]
[12616, 92.353, 92.968]
[12699, 92.968, 93.583]
[12699, 93.583, 94.198]
[12699, 94.198, 94.813]
[12699, 94.813, 95.428]
[12782, 95.428, 96.043]
[12782, 96.043, 96.658]
[12782, 96.658, 97.273]
[12865, 97.273, 97.888]
[12865, 97.888, 98.503]
[12865, 98.503, 99.118]
[12948, 99.118, 99.733]
[12948, 99.733, 100.0]
