[5668, 100.0, 50.0]
[43160, 50.0, 25.0]
[22825, 25.0, 25.615]
[22825, 25.615, 26.23]
[23240, 26.23, 26.845]
[23240, 26.845, 27.46]
[23240, 27.46, 28.075]
[24900, 28.075, 28.69]
[24900, 28.69, 29.305]
[24900, 29.305, 29.92]
[26560, 29.92, 30.535]
[26560, 30.535, 31.15]
[26560, 31.15, 31.765]
[26975, 31.765, 23.736]
[21580, 23.736, 24.351]
[21580, 24.351, 24.966]
[21580, 24.966, 25.581]
[22825, 25.581, 26.196]
[23240, 26.196, 26.811]
[23240, 26.811, 27.426]
[24485, 27.426, 28.041]
[24900, 28.041, 28.656]
[24900, 28.656, 29.271]
[24900, 29.271, 29.886]
[26560, 29.886, 30.501]
[26560, 30.501, 31.116]
[26560, 31.116, 31.731]
[26623, 31.731, 28.431]
[24900, 28.431, 29.046]
[24900, 29.046, 29.661]
[26560, 29.661, 30.276]
[26560, 30.276, 30.891]
[26560, 30.891, 31.506]
[26682, 31.506, 28.904]
[27224, 28.904, 29.519]
[27473, 29.519, 27.023]
[26975, 27.023, 27.638]
[26809, 27.638, 28.253]
[27058, 28.253, 28.868]
[27307, 28.868, 26.83]
[27390, 26.83, 27.445]
[27307, 27.445, 28.06]
[27888, 28.06, 28.675]
[27556, 28.675, 29.29]
[27722, 29.29, 27.598]
[27141, 27.598, 28.213]
[27307, 28.213, 28.828]
[27639, 28.828, 29.443]
[27805, 29.443, 27.818]
[27805, 27.818, 28.433]
[27722, 28.433, 26.526]
[27722, 26.526, 27.141]
[27639, 27.141, 27.756]
[27473, 27.756, 28.371]
[27639, 28.371, 26.596]
[26809, 26.596, 27.211]
[27390, 27.211, 27.826]
[27805, 27.826, 28.441]
[27722, 28.441, 29.056]
[27639, 29.056, 27.673]
[28054, 27.673, 28.288]
[27722, 28.288, 28.903]
[27805, 28.903, 27.112]
[27141, 27.112, 27.727]
[27556, 27.727, 26.152]
[27888, 26.152, 24.16]
[27473, 24.16, 24.775]
[27639, 24.775, 25.39]
[27722, 25.39, 23.337]
[27639, 23.337, 23.952]
[27805, 23.952, 24.567]
[27971, 24.567, 22.41]
[27141, 22.41, 23.025]
[27805, 23.025, 23.64]
[27805, 23.64, 24.255]
[27722, 24.255, 24.87]
[27722, 24.87, 23.242]
[27888, 23.242, 23.857]
[27556, 23.857, 24.472]
[27722, 24.472, 22.635]
[26809, 22.635, 23.25]
[27307, 23.25, 23.865]
[27805, 23.865, 22.377]
[27722, 22.377, 22.992]
[27473, 22.992, 23.607]
[27971, 23.607, 24.222]
[26975, 24.222, 24.837]
[27390, 24.837, 25.452]
[27639, 25.452, 24.255]
[27224, 24.255, 24.87]
[27805, 24.87, 25.485]
[27805, 25.485, 26.1]
[27639, 26.1, 26.715]
[27556, 26.715, 25.756]
[27639, 25.756, 26.371]
[27473, 26.371, 25.483]
[27805, 25.483, 26.098]
[27722, 26.098, 26.713]
[27650, 26.713, 25.92]
[27971, 25.92, 26.535]
[27888, 26.535, 27.15]
[27473, 27.15, 27.765]
[27746, 27.765, 27.026]
[27888, 27.026, 27.641]
[27556, 27.641, 28.256]
[27639, 28.256, 27.533]
[27888, 27.533, 28.148]
[27805, 28.148, 27.393]
[27805, 27.393, 28.008]
[27805, 28.008, 27.07]
[27722, 27.07, 27.685]
[27639, 27.685, 26.508]
[27556, 26.508, 27.123]
[27556, 27.123, 27.738]
[27639, 27.738, 28.353]
[27805, 28.353, 28.968]
[27888, 28.968, 27.769]
[27888, 27.769, 28.384]
[27888, 28.384, 27.129]
[27805, 27.129, 25.754]
[27722, 25.754, 26.369]
[27888, 26.369, 26.984]
[27722, 26.984, 27.599]
[27639, 27.599, 28.214]
[27888, 28.214, 28.829]
[27888, 28.829, 29.444]
[27722, 29.444, 30.059]
[27390, 30.059, 30.674]
[27971, 30.674, 31.289]
[27556, 31.289, 31.904]
[27722, 31.904, 31.055]
[27556, 31.055, 31.67]
[27888, 31.67, 32.285]
[27556, 32.285, 32.9]
[27722, 32.9, 33.515]
[27805, 33.515, 32.537]
[27556, 32.537, 33.152]
[27805, 33.152, 33.767]
[27805, 33.767, 34.382]
[27888, 34.382, 34.997]
[27639, 34.997, 35.612]
[27390, 35.612, 36.227]
[27971, 36.227, 36.842]
[27473, 36.842, 37.457]
[27888, 37.457, 38.072]
[27888, 38.072, 37.188]
[27888, 37.188, 37.803]
[27805, 37.803, 38.418]
[27805, 38.418, 37.297]
[27971, 37.297, 37.912]
[27888, 37.912, 38.527]
[27556, 38.527, 39.142]
[27639, 39.142, 37.806]
[27722, 37.806, 38.421]
[27556, 38.421, 39.036]
[27722, 39.036, 39.651]
[27639, 39.651, 40.266]
[27625, 40.266, 38.901]
[27805, 38.901, 39.516]
[27556, 39.516, 40.131]
[27510, 40.131, 38.537]
[27971, 38.537, 39.152]
[27722, 39.152, 39.767]
[27805, 39.767, 40.382]
[27805, 40.382, 40.997]
[27888, 40.997, 41.612]
[27940, 41.612, 39.907]
[27722, 39.907, 40.522]
[27673, 40.522, 38.793]
[27971, 38.793, 39.408]
[27722, 39.408, 40.023]
[27667, 40.023, 37.492]
[27722, 37.492, 38.107]
[27224, 38.107, 38.722]
[27639, 38.722, 39.337]
[27556, 39.337, 39.952]
[27971, 39.952, 40.567]
[27639, 40.567, 41.182]
[27888, 41.182, 41.797]
[27473, 41.797, 42.412]
[27805, 42.412, 43.027]
[27639, 43.027, 41.127]
[27722, 41.127, 41.742]
[27971, 41.742, 39.372]
[27639, 39.372, 39.987]
[27971, 39.987, 40.602]
[27722, 40.602, 41.217]
[27971, 41.217, 41.832]
[27888, 41.832, 39.501]
[27556, 39.501, 40.116]
[27722, 40.116, 40.731]
[27639, 40.731, 41.346]
[27888, 41.346, 39.314]
[27556, 39.314, 39.929]
[27639, 39.929, 37.879]
[27722, 37.879, 35.493]
[27307, 35.493, 36.108]
[27556, 36.108, 33.996]
[27390, 33.996, 34.611]
[27556, 34.611, 35.226]
[27473, 35.226, 35.841]
[27755, 35.841, 33.855]
[27888, 33.855, 34.47]
[27390, 34.47, 35.085]
[27805, 35.085, 35.7]
[27827, 35.7, 33.639]
[27888, 33.639, 31.615]
[27556, 31.615, 32.23]
[27722, 32.23, 32.845]
[27722, 32.845, 30.905]
[27639, 30.905, 28.819]
[26892, 28.819, 29.434]
[27141, 29.434, 30.049]
[27639, 30.049, 30.664]
[27473, 30.664, 28.819]
[27805, 28.819, 29.434]
[27556, 29.434, 30.049]
[27390, 30.049, 30.664]
[27888, 30.664, 31.279]
[27722, 31.279, 31.894]
[27639, 31.894, 32.509]
[27805, 32.509, 30.813]
[27556, 30.813, 31.428]
[27888, 31.428, 32.043]
[27871, 32.043, 30.407]
[27639, 30.407, 31.022]
[27722, 31.022, 29.363]
[27639, 29.363, 27.718]
[27888, 27.718, 28.333]
[27473, 28.333, 28.948]
[27805, 28.948, 29.563]
[27888, 29.563, 27.994]
[27639, 27.994, 28.609]
[27556, 28.609, 29.224]
[27595, 29.224, 27.486]
[27805, 27.486, 28.101]
[27556, 28.101, 28.716]
[27556, 28.716, 27.046]
[27805, 27.046, 27.661]
[27639, 27.661, 28.276]
[27722, 28.276, 28.891]
[27722, 28.891, 27.296]
[27888, 27.296, 27.911]
[27639, 27.911, 28.526]
[27722, 28.526, 26.549]
[27722, 26.549, 27.164]
[27805, 27.164, 27.779]
[27971, 27.779, 28.394]
[27722, 28.394, 29.009]
[27888, 29.009, 26.977]
[27971, 26.977, 27.592]
[27639, 27.592, 28.207]
[27697, 28.207, 26.006]
[27639, 26.006, 23.656]
[27556, 23.656, 24.271]
[27805, 24.271, 24.886]
[27971, 24.886, 25.501]
[27722, 25.501, 26.116]
[27888, 26.116, 24.005]
[27722, 24.005, 21.918]
[26726, 21.918, 22.533]
[26892, 22.533, 23.148]
[27556, 23.148, 23.763]
[27641, 23.763, 21.743]
[27888, 21.743, 20.014]
[27639, 20.014, 20.629]
[27473, 20.629, 21.244]
[26145, 21.244, 21.859]
[26892, 21.859, 22.474]
[27141, 22.474, 23.089]
[27473, 23.089, 23.704]
[26975, 23.704, 24.319]
[27141, 24.319, 24.934]
[27390, 24.934, 23.454]
[27473, 23.454, 24.069]
[27639, 24.069, 22.647]
[27556, 22.647, 23.262]
[27805, 23.262, 21.889]
[27556, 21.889, 22.504]
[27556, 22.504, 23.119]
[27805, 23.119, 23.734]
[27722, 23.734, 24.349]
[27971, 24.349, 24.964]
[27805, 24.964, 25.579]
[27805, 25.579, 24.465]
[27971, 24.465, 25.08]
[27556, 25.08, 25.695]
[26726, 25.695, 26.31]
[27141, 26.31, 26.925]
[27473, 26.925, 27.54]
[27722, 27.54, 28.155]
[27141, 28.155, 28.77]
[26643, 28.77, 29.385]
[26726, 29.385, 30.0]
[27556, 30.0, 30.615]
[27888, 30.615, 31.23]
[27556, 31.23, 31.845]
[26892, 31.845, 32.46]
[27058, 32.46, 33.075]
[27390, 33.075, 33.69]
[27971, 33.69, 34.305]
[27473, 34.305, 34.92]
[25564, 34.92, 35.535]
[26145, 35.535, 36.15]
[26560, 36.15, 36.765]
[26643, 36.765, 37.38]
[27141, 37.38, 37.995]
[27473, 37.995, 38.61]
[27722, 38.61, 39.225]
