[5834, 100.0, 50.0]
[43160, 50.0, 25.029]
[22825, 25.029, 25.644]
[23240, 25.644, 26.259]
[23240, 26.259, 26.874]
[23240, 26.874, 27.489]
[23738, 27.489, 28.104]
[24900, 28.104, 28.719]
[24900, 28.719, 29.334]
[25398, 29.334, 29.949]
[26560, 29.949, 30.564]
[26560, 30.564, 31.179]
[26975, 31.179, 23.287]
[21580, 23.287, 23.902]
[21580, 23.902, 24.517]
[21580, 24.517, 25.132]
[21663, 25.132, 25.747]
[23240, 25.747, 26.362]
[23240, 26.362, 26.977]
[23323, 26.977, 27.592]
[24900, 27.592, 28.207]
[24900, 28.207, 28.822]
[24900, 28.822, 29.437]
[25398, 29.437, 30.052]
[26560, 30.052, 30.667]
[26560, 30.667, 31.282]
[26975, 31.282, 28.022]
[24817, 28.022, 28.637]
[24900, 28.637, 29.252]
[25315, 29.252, 29.867]
[26560, 29.867, 30.482]
[26560, 30.482, 31.097]
[26975, 31.097, 28.852]
[27141, 28.852, 29.467]
[27307, 29.467, 30.082]
[27390, 30.082, 28.241]
[26892, 28.241, 28.856]
[26975, 28.856, 29.471]
[27141, 29.471, 30.086]
[27639, 30.086, 30.701]
[27307, 30.701, 31.316]
[27722, 31.316, 31.931]
[27888, 31.931, 32.546]
[27722, 32.546, 31.317]
[27141, 31.317, 31.932]
[27141, 31.932, 32.547]
[27307, 32.547, 33.162]
[27556, 33.162, 32.145]
[27971, 32.145, 32.76]
[27556, 32.76, 33.375]
[27722, 33.375, 33.99]
[27639, 33.99, 34.605]
[27888, 34.605, 35.22]
[27639, 35.22, 34.393]
[26809, 34.393, 35.008]
[26809, 35.008, 35.623]
[27556, 35.623, 36.238]
[27805, 36.238, 36.853]
[28054, 36.853, 36.127]
[27805, 36.127, 35.281]
[27639, 35.281, 35.896]
[27805, 35.896, 35.103]
[27224, 35.103, 35.718]
[27224, 35.718, 36.333]
[27722, 36.333, 36.948]
[27805, 36.948, 37.563]
[27390, 37.563, 38.178]
[27473, 38.178, 37.42]
[27971, 37.42, 38.035]
[27556, 38.035, 38.65]
[27722, 38.65, 37.911]
[27224, 37.911, 38.526]
[27224, 38.526, 39.141]
[27971, 39.141, 39.756]
[27971, 39.756, 38.709]
[27971, 38.709, 37.638]
[27639, 37.638, 38.253]
[27556, 38.253, 37.269]
[27722, 37.269, 36.312]
[26809, 36.312, 36.927]
[26809, 36.927, 37.542]
[27556, 37.542, 38.157]
[27888, 38.157, 38.772]
[27888, 38.772, 37.911]
[27556, 37.911, 37.003]
[27058, 37.003, 37.618]
[27058, 37.618, 38.233]
[27556, 38.233, 37.373]
[27141, 37.373, 37.988]
[27058, 37.988, 38.603]
[27307, 38.603, 37.782]
[27971, 37.782, 38.397]
[27639, 38.397, 36.918]
[27390, 36.918, 37.533]
[27556, 37.533, 35.98]
[27473, 35.98, 36.595]
[27556, 36.595, 34.863]
[27639, 34.863, 33.201]
[27639, 33.201, 33.816]
[27636, 33.816, 32.001]
[27888, 32.001, 32.616]
[27722, 32.616, 30.84]
[27556, 30.84, 31.455]
[27805, 31.455, 32.07]
[27556, 32.07, 30.312]
[27639, 30.312, 30.927]
[27639, 30.927, 28.997]
[27722, 28.997, 29.612]
[27805, 29.612, 27.981]
[27473, 27.981, 28.596]
[27556, 28.596, 29.211]
[27722, 29.211, 29.826]
[27473, 29.826, 30.441]
[27524, 30.441, 29.048]
[27722, 29.048, 29.663]
[27888, 29.663, 28.231]
[27556, 28.231, 28.846]
[27805, 28.846, 27.352]
[27722, 27.352, 27.967]
[27722, 27.967, 28.582]
[27639, 28.582, 29.197]
[27971, 29.197, 27.79]
[27805, 27.79, 26.187]
[27639, 26.187, 26.802]
[27556, 26.802, 25.077]
[27888, 25.077, 25.692]
[27888, 25.692, 24.023]
[27473, 24.023, 24.638]
[27227, 24.638, 22.923]
[27805, 22.923, 21.408]
[27805, 21.408, 22.023]
[27556, 22.023, 22.638]
[27639, 22.638, 21.213]
[27556, 21.213, 21.828]
[27888, 21.828, 20.54]
[27473, 20.54, 21.155]
[27473, 21.155, 19.997]
[27971, 19.997, 20.612]
[27805, 20.612, 21.227]
[27888, 21.227, 21.842]
[27888, 21.842, 22.457]
[27390, 22.457, 23.072]
[27971, 23.072, 23.687]
[27556, 23.687, 24.302]
[27805, 24.302, 23.314]
[27888, 23.314, 23.929]
[27888, 23.929, 24.544]
[27971, 24.544, 23.567]
[27888, 23.567, 24.182]
[27842, 24.182, 23.282]
[27943, 23.282, 22.413]
[27639, 22.413, 23.028]
[27722, 23.028, 23.643]
[27722, 23.643, 24.258]
[27556, 24.258, 24.873]
[27888, 24.873, 25.488]
[27805, 25.488, 26.103]
[27556, 26.103, 26.718]
[27805, 26.718, 27.333]
[27722, 27.333, 27.948]
[27722, 27.948, 28.563]
[27722, 28.563, 27.966]
[27888, 27.966, 28.581]
[27888, 28.581, 29.196]
[27805, 29.196, 29.811]
[27850, 29.811, 29.177]
[27888, 29.177, 29.792]
[27888, 29.792, 30.407]
[27639, 30.407, 31.022]
[27696, 31.022, 29.764]
[27805, 29.764, 30.379]
[27639, 30.379, 30.994]
[27805, 30.994, 31.609]
[27473, 31.609, 32.224]
[27971, 32.224, 32.839]
[27556, 32.839, 33.454]
[27633, 33.454, 32.457]
[27722, 32.457, 33.072]
[27888, 33.072, 33.687]
[27639, 33.687, 34.302]
[27639, 34.302, 32.923]
[27639, 32.923, 33.538]
[27722, 33.538, 34.153]
[27722, 34.153, 32.814]
[27556, 32.814, 33.429]
[27514, 33.429, 31.678]
[27888, 31.678, 29.749]
[27888, 29.749, 30.364]
[27805, 30.364, 30.979]
[27473, 30.979, 31.594]
[27888, 31.594, 32.209]
[27805, 32.209, 32.824]
[27971, 32.824, 33.439]
[27639, 33.439, 34.054]
[27639, 34.054, 34.669]
[27805, 34.669, 35.284]
[27473, 35.284, 35.899]
[27722, 35.899, 36.514]
[27722, 36.514, 37.129]
[27888, 37.129, 37.744]
[27888, 37.744, 38.359]
[27805, 38.359, 38.974]
[27805, 38.974, 37.783]
[27556, 37.783, 38.398]
[27556, 38.398, 36.86]
[27722, 36.86, 37.475]
[27888, 37.475, 38.09]
[27722, 38.09, 38.705]
[27805, 38.705, 37.158]
[27888, 37.158, 37.773]
[27722, 37.773, 38.388]
[27307, 38.388, 39.003]
[27639, 39.003, 39.618]
[27888, 39.618, 40.233]
[27888, 40.233, 40.848]
[27805, 40.848, 41.463]
[27888, 41.463, 42.078]
[27722, 42.078, 42.693]
[27805, 42.693, 41.326]
[27888, 41.326, 41.941]
[27805, 41.941, 42.556]
[27722, 42.556, 43.171]
[27639, 43.171, 43.786]
[27888, 43.786, 44.401]
[27805, 44.401, 45.016]
[27805, 45.016, 45.631]
[27556, 45.631, 46.246]
[27556, 46.246, 46.861]
[27888, 46.861, 47.476]
[27639, 47.476, 48.091]
[27639, 48.091, 47.045]
[27971, 47.045, 47.66]
[27805, 47.66, 48.275]
[27722, 48.275, 48.89]
[27722, 48.89, 49.505]
[27888, 49.505, 50.12]
[27722, 50.12, 50.735]
[27722, 50.735, 51.35]
[27805, 51.35, 51.965]
[27805, 51.965, 51.023]
[27805, 51.023, 51.638]
[27556, 51.638, 52.253]
[27639, 52.253, 51.366]
[27639, 51.366, 51.981]
[27556, 51.981, 52.596]
[27722, 52.596, 53.211]
[27722, 53.211, 51.955]
[27971, 51.955, 52.57]
[27722, 52.57, 50.973]
[27971, 50.973, 51.588]
[27805, 51.588, 52.203]
[27722, 52.203, 52.818]
[27473, 52.818, 53.433]
[27722, 53.433, 54.048]
[27639, 54.048, 51.956]
[27639, 51.956, 52.571]
[27888, 52.571, 53.186]
[27951, 53.186, 50.409]
[27639, 50.409, 51.024]
[26809, 51.024, 51.639]
[26477, 51.639, 52.254]
[26975, 52.254, 52.869]
[27888, 52.869, 50.423]
[27473, 50.423, 51.038]
[27888, 51.038, 51.653]
[27473, 51.653, 52.268]
[27639, 52.268, 52.883]
[26726, 52.883, 53.498]
[27058, 53.498, 54.113]
[27141, 54.113, 54.728]
[26643, 54.728, 55.343]
[26809, 55.343, 55.958]
[27141, 55.958, 56.573]
[27639, 56.573, 57.188]
[27556, 57.188, 57.803]
[27722, 57.803, 58.418]
[27639, 58.418, 59.033]
[27639, 59.033, 57.898]
[27556, 57.898, 58.513]
[27722, 58.513, 59.128]
[27722, 59.128, 56.987]
[27805, 56.987, 53.673]
[27971, 53.673, 54.288]
[27805, 54.288, 50.384]
[27888, 50.384, 50.999]
[27805, 50.999, 51.614]
[26892, 51.614, 52.229]
[26560, 52.229, 52.844]
[27307, 52.844, 53.459]
[27556, 53.459, 54.074]
[27888, 54.074, 54.689]
[27307, 54.689, 55.304]
[26643, 55.304, 55.919]
[26975, 55.919, 56.534]
[27722, 56.534, 57.149]
[27888, 57.149, 57.764]
[27639, 57.764, 58.379]
[26975, 58.379, 58.994]
[27141, 58.994, 59.609]
[27639, 59.609, 60.224]
[27971, 60.224, 60.839]
[27556, 60.839, 61.454]
[25813, 61.454, 62.069]
[26228, 62.069, 62.684]
[26643, 62.684, 63.299]
[26809, 63.299, 63.914]
[27224, 63.914, 64.529]
[27639, 64.529, 65.144]
[27307, 65.144, 65.759]
[24900, 65.759, 66.374]
[22576, 66.374, 66.989]
[21746, 66.989, 67.604]
[20418, 67.604, 68.219]
[18509, 68.219, 68.834]
[16019, 68.834, 69.449]
[15272, 69.449, 70.064]
[15604, 70.064, 70.679]
[15604, 70.679, 71.294]
[15770, 71.294, 71.909]
[16102, 71.909, 72.524]
[16102, 72.524, 73.139]
[15604, 73.139, 73.754]
[14359, 73.754, 74.369]
[14442, 74.369, 74.984]
[14525, 74.984, 75.599]
[12782, 75.599, 76.214]
[12367, 76.214, 76.829]
[12450, 76.829, 77.444]
[12533, 77.444, 78.059]
[12699, 78.059, 78.674]
[12284, 78.674, 79.289]
[10126, 79.289, 79.904]
[10292, 79.904, 80.519]
[10375, 80.519, 81.134]
[10375, 81.134, 81.749]
[10541, 81.749, 82.364]
[10541, 82.364, 82.979]
[10624, 82.979, 83.594]
[10790, 83.594, 84.209]
[10790, 84.209, 84.824]
[10873, 84.824, 85.439]
[11039, 85.439, 86.054]
[11039, 86.054, 86.669]
[11122, 86.669, 87.284]
[11288, 87.284, 87.899]
[11288, 87.899, 88.514]
[11371, 88.514, 89.129]
[11454, 89.129, 89.744]
[11537, 89.744, 90.359]
[11620, 90.359, 90.974]
[11620, 90.974, 91.589]
[11786, 91.589, 92.204]
[11869, 92.204, 92.819]
[11869, 92.819, 93.434]
[12035, 93.434, 94.049]
[12035, 94.049, 94.664]
[12035, 94.664, 95.279]
[12201, 95.279, 95.894]
[12201, 95.894, 96.509]
[12201, 96.509, 97.124]
[12367, 97.124, 97.739]
[12367, 97.739, 98.354]
[12367, 98.354, 98.969]
[12533, 98.969, 99.584]
[12533, 99.584, 100.0]
