[6083, 100.0, 50.0]
[43160, 50.0, 25.029]
[22825, 25.029, 25.644]
[23240, 25.644, 26.259]
[23240, 26.259, 26.874]
[23240, 26.874, 27.489]
[23738, 27.489, 28.104]
[24900, 28.104, 28.719]
[24900, 28.719, 29.334]
[25398, 29.334, 29.949]
[26560, 29.949, 30.564]
[26560, 30.564, 31.179]
[26975, 31.179, 23.287]
[21580, 23.287, 23.902]
[21580, 23.902, 24.517]
[21580, 24.517, 25.132]
[21663, 25.132, 25.747]
[23240, 25.747, 26.362]
[23240, 26.362, 26.977]
[23323, 26.977, 27.592]
[24900, 27.592, 28.207]
[24900, 28.207, 28.822]
[24900, 28.822, 29.437]
[25398, 29.437, 30.052]
[26560, 30.052, 30.667]
[26560, 30.667, 31.282]
[26975, 31.282, 27.995]
[24900, 27.995, 28.61]
[24900, 28.61, 29.225]
[25398, 29.225, 29.84]
[26560, 29.84, 30.455]
[26560, 30.455, 31.07]
[27058, 31.07, 31.685]
[27224, 31.685, 32.3]
[27307, 32.3, 32.915]
[27390, 32.915, 30.942]
[26892, 30.942, 31.557]
[27058, 31.557, 32.172]
[27224, 32.172, 32.787]
[27805, 32.787, 33.402]
[27307, 33.402, 34.017]
[27805, 34.017, 34.632]
[27805, 34.632, 33.267]
[27722, 33.267, 31.981]
[27141, 31.981, 32.596]
[27141, 32.596, 33.211]
[27473, 33.211, 33.826]
[27556, 33.826, 32.718]
[27971, 32.718, 33.333]
[27639, 33.333, 33.948]
[27805, 33.948, 34.563]
[27722, 34.563, 35.178]
[27971, 35.178, 35.793]
[27639, 35.793, 34.953]
[26809, 34.953, 35.568]
[26975, 35.568, 36.183]
[27556, 36.183, 36.798]
[27971, 36.798, 37.413]
[28047, 37.413, 36.681]
[27805, 36.681, 35.78]
[27639, 35.78, 36.395]
[27805, 36.395, 35.555]
[27224, 35.555, 36.17]
[27224, 36.17, 36.785]
[27888, 36.785, 37.4]
[27888, 37.4, 38.015]
[27390, 38.015, 38.63]
[27365, 38.63, 37.979]
[27971, 37.979, 38.594]
[27722, 38.594, 39.209]
[27754, 39.209, 38.288]
[27224, 38.288, 38.903]
[27390, 38.903, 39.518]
[27971, 39.518, 40.133]
[27953, 40.133, 38.519]
[27971, 38.519, 39.134]
[27639, 39.134, 39.749]
[27626, 39.749, 38.119]
[27722, 38.119, 36.258]
[26809, 36.258, 36.873]
[27058, 36.873, 37.488]
[27556, 37.488, 38.103]
[27888, 38.103, 38.718]
[27888, 38.718, 37.161]
[27556, 37.161, 35.47]
[27058, 35.47, 36.085]
[27141, 36.085, 36.7]
[27639, 36.7, 35.173]
[27224, 35.173, 35.788]
[27307, 35.788, 36.403]
[27254, 36.403, 35.05]
[27971, 35.05, 35.665]
[27639, 35.665, 33.729]
[27473, 33.729, 34.344]
[27639, 34.344, 34.959]
[27556, 34.959, 35.574]
[27533, 35.574, 34.035]
[27722, 34.035, 34.65]
[27556, 34.65, 35.265]
[27596, 35.265, 33.345]
[27888, 33.345, 30.875]
[27722, 30.875, 31.49]
[27473, 31.49, 32.105]
[27971, 32.105, 32.72]
[27722, 32.72, 33.335]
[27639, 33.335, 33.95]
[27552, 33.95, 31.602]
[27805, 31.602, 32.217]
[27888, 32.217, 32.832]
[27473, 32.832, 33.447]
[27805, 33.447, 34.062]
[27888, 34.062, 34.677]
[27556, 34.677, 32.478]
[27722, 32.478, 33.093]
[27722, 33.093, 33.708]
[27888, 33.708, 34.323]
[27473, 34.323, 34.938]
[27722, 34.938, 32.752]
[27722, 32.752, 33.367]
[27888, 33.367, 33.982]
[27971, 33.982, 31.893]
[27722, 31.893, 29.5]
[27722, 29.5, 30.115]
[27473, 30.115, 27.759]
[27805, 27.759, 28.374]
[27805, 28.374, 25.897]
[27556, 25.897, 26.512]
[27307, 26.512, 27.127]
[27272, 27.127, 24.78]
[27556, 24.78, 25.395]
[27722, 25.395, 26.01]
[27556, 26.01, 23.927]
[27805, 23.927, 24.542]
[27473, 24.542, 25.157]
[27556, 25.157, 23.07]
[27473, 23.07, 23.685]
[27639, 23.685, 24.3]
[27805, 24.3, 24.915]
[27805, 24.915, 25.53]
[28137, 25.53, 23.854]
[27971, 23.854, 24.469]
[27473, 24.469, 25.084]
[27722, 25.084, 23.622]
[27805, 23.622, 22.301]
[27805, 22.301, 22.916]
[27805, 22.916, 23.531]
[27971, 23.531, 24.146]
[27947, 24.146, 22.574]
[27722, 22.574, 23.189]
[27805, 23.189, 21.34]
[27971, 21.34, 19.412]
[27473, 19.412, 20.027]
[27805, 20.027, 20.642]
[27888, 20.642, 21.257]
[27556, 21.257, 21.872]
[27639, 21.872, 20.088]
[27888, 20.088, 20.703]
[27556, 20.703, 21.318]
[27888, 21.318, 21.933]
[27805, 21.933, 22.548]
[27722, 22.548, 21.198]
[27971, 21.198, 21.813]
[27888, 21.813, 22.428]
[27888, 22.428, 23.043]
[27888, 23.043, 21.572]
[27971, 21.572, 22.187]
[27888, 22.187, 22.802]
[27888, 22.802, 23.417]
[27722, 23.417, 24.032]
[27753, 24.032, 22.537]
[27722, 22.537, 23.152]
[27722, 23.152, 23.767]
[27888, 23.767, 24.382]
[27473, 24.382, 24.997]
[27639, 24.997, 23.546]
[27722, 23.546, 24.161]
[27971, 24.161, 24.776]
[27722, 24.776, 25.391]
[27805, 25.391, 24.152]
[27639, 24.152, 22.895]
[27639, 22.895, 23.51]
[27556, 23.51, 24.125]
[27722, 24.125, 24.74]
[27888, 24.74, 25.355]
[27556, 25.355, 24.055]
[27473, 24.055, 24.67]
[27805, 24.67, 25.285]
[27971, 25.285, 23.988]
[27888, 23.988, 24.603]
[27639, 24.603, 25.218]
[27722, 25.218, 24.098]
[27888, 24.098, 24.713]
[27858, 24.713, 23.637]
[27556, 23.637, 24.252]
[27722, 24.252, 24.867]
[27888, 24.867, 25.482]
[27473, 25.482, 26.097]
[27805, 26.097, 26.712]
[27722, 26.712, 27.327]
[27722, 27.327, 26.258]
[27888, 26.258, 26.873]
[27805, 26.873, 27.488]
[27888, 27.488, 26.44]
[27556, 26.44, 27.055]
[27556, 27.055, 26.035]
[27722, 26.035, 26.65]
[27888, 26.65, 27.265]
[27805, 27.265, 27.88]
[27855, 27.88, 26.966]
[27888, 26.966, 27.581]
[27722, 27.581, 28.196]
[27307, 28.196, 28.811]
[27722, 28.811, 29.426]
[27722, 29.426, 28.253]
[27888, 28.253, 28.868]
[27888, 28.868, 29.483]
[28054, 29.483, 28.461]
[27805, 28.461, 27.483]
[27805, 27.483, 28.098]
[27888, 28.098, 28.713]
[27805, 28.713, 29.328]
[27888, 29.328, 29.943]
[27639, 29.943, 30.558]
[27888, 30.558, 31.173]
[27888, 31.173, 31.788]
[27805, 31.788, 32.403]
[27556, 32.403, 33.018]
[27639, 33.018, 33.633]
[27888, 33.633, 34.248]
[27639, 34.248, 33.54]
[27722, 33.54, 34.155]
[27971, 34.155, 34.77]
[27805, 34.77, 35.385]
[27805, 35.385, 36.0]
[27722, 36.0, 36.615]
[27722, 36.615, 35.675]
[27805, 35.675, 36.29]
[27722, 36.29, 36.905]
[27805, 36.905, 37.52]
[27827, 37.52, 36.623]
[27805, 36.623, 37.238]
[27639, 37.238, 35.781]
[27722, 35.781, 36.396]
[27722, 36.396, 37.011]
[27639, 37.011, 37.626]
[27722, 37.626, 35.946]
[27722, 35.946, 36.561]
[27971, 36.561, 37.176]
[27722, 37.176, 37.791]
[27888, 37.791, 38.406]
[27805, 38.406, 39.021]
[27805, 39.021, 39.636]
[27473, 39.636, 40.251]
[27722, 40.251, 40.866]
[27722, 40.866, 41.481]
[27639, 41.481, 42.096]
[27639, 42.096, 40.816]
[27639, 40.816, 41.431]
[27556, 41.431, 42.046]
[26643, 42.046, 42.661]
[26477, 42.661, 43.276]
[27141, 43.276, 43.891]
[27888, 43.891, 44.506]
[27390, 44.506, 45.121]
[27639, 45.121, 43.668]
[27556, 43.668, 44.283]
[27722, 44.283, 44.898]
[26643, 44.898, 45.513]
[26975, 45.513, 46.128]
[27224, 46.128, 46.743]
[26477, 46.743, 47.358]
[27058, 47.358, 47.973]
[27224, 47.973, 48.588]
[27639, 48.588, 49.203]
[27639, 49.203, 49.818]
[27805, 49.818, 50.433]
[27639, 50.433, 49.278]
[27971, 49.278, 49.893]
[27473, 49.893, 50.508]
[27722, 50.508, 48.517]
[27722, 48.517, 46.219]
[27639, 46.219, 46.834]
[27722, 46.834, 44.248]
[27888, 44.248, 41.835]
[27639, 41.835, 42.45]
[27805, 42.45, 40.28]
[26892, 40.28, 40.895]
[26643, 40.895, 41.51]
[27307, 41.51, 42.125]
[27556, 42.125, 42.74]
[27722, 42.74, 41.017]
