[6249, 100.0, 50.0]
[43160, 50.0, 25.029]
[22825, 25.029, 25.644]
[23240, 25.644, 26.259]
[23240, 26.259, 26.874]
[23240, 26.874, 27.489]
[23904, 27.489, 28.104]
[24900, 28.104, 28.719]
[24900, 28.719, 29.334]
[25647, 29.334, 29.949]
[26560, 29.949, 30.564]
[26560, 30.564, 31.179]
[26975, 31.179, 23.287]
[21580, 23.287, 23.902]
[21580, 23.902, 24.517]
[21580, 24.517, 25.132]
[21829, 25.132, 25.747]
[23240, 25.747, 26.362]
[23240, 26.362, 26.977]
[23738, 26.977, 27.592]
[24900, 27.592, 28.207]
[24900, 28.207, 28.822]
[24900, 28.822, 29.437]
[25813, 29.437, 30.052]
[26560, 30.052, 30.667]
[26560, 30.667, 31.282]
[26975, 31.282, 27.995]
[24900, 27.995, 28.61]
[24900, 28.61, 29.225]
[25813, 29.225, 29.84]
[26560, 29.84, 30.455]
[26560, 30.455, 31.07]
[27473, 31.07, 31.685]
[27224, 31.685, 32.3]
[27390, 32.3, 32.915]
[27473, 32.915, 30.942]
[26809, 30.942, 31.557]
[27058, 31.557, 32.172]
[27224, 32.172, 32.787]
[27971, 32.787, 33.402]
[27307, 33.402, 34.017]
[27805, 34.017, 34.632]
[27805, 34.632, 33.267]
[27722, 33.267, 31.403]
[27141, 31.403, 32.018]
[27141, 32.018, 32.633]
[27556, 32.633, 31.114]
[27888, 31.114, 31.729]
[27971, 31.729, 32.344]
[27639, 32.344, 32.959]
[27805, 32.959, 33.574]
[27722, 33.574, 34.189]
[27722, 34.189, 32.551]
[27639, 32.551, 30.749]
[26809, 30.749, 31.364]
[26975, 31.364, 31.979]
[27556, 31.979, 32.594]
[27556, 32.594, 31.102]
[27971, 31.102, 29.424]
[27888, 29.424, 30.039]
[27556, 30.039, 30.654]
[27805, 30.654, 28.747]
[27224, 28.747, 29.362]
[27224, 29.362, 29.977]
[27971, 29.977, 30.592]
[27888, 30.592, 31.207]
[27473, 31.207, 29.739]
[27805, 29.739, 30.354]
[27888, 30.354, 30.969]
[27805, 30.969, 29.259]
[27722, 29.259, 29.874]
[27224, 29.874, 30.489]
[27473, 30.489, 31.104]
[27971, 31.104, 29.574]
[27722, 29.574, 30.189]
[27971, 30.189, 28.354]
[27639, 28.354, 28.969]
[27593, 28.969, 27.367]
[27722, 27.367, 25.55]
[26643, 25.55, 26.165]
[27058, 26.165, 26.78]
[27473, 26.78, 27.395]
[27888, 27.395, 25.929]
[27556, 25.929, 26.544]
[27556, 26.544, 24.769]
[26975, 24.769, 25.384]
[27141, 25.384, 25.999]
[27639, 25.999, 26.614]
[27224, 26.614, 27.229]
[27307, 27.229, 25.888]
[27722, 25.888, 26.503]
[27805, 26.503, 27.118]
[27556, 27.118, 27.733]
[27390, 27.733, 28.348]
[27639, 28.348, 28.963]
[27556, 28.963, 27.672]
[27639, 27.672, 28.287]
[27639, 28.287, 28.902]
[27556, 28.902, 27.384]
[27722, 27.384, 25.554]
[27307, 25.554, 26.169]
[27722, 26.169, 26.784]
[27556, 26.784, 27.399]
[27722, 27.399, 25.689]
[27805, 25.689, 26.304]
[27639, 26.304, 24.738]
[27639, 24.738, 25.353]
[27639, 25.353, 25.968]
[27805, 25.968, 26.583]
[27473, 26.583, 27.198]
[27639, 27.198, 25.648]
[27971, 25.648, 26.263]
[27639, 26.263, 24.867]
[27639, 24.867, 25.482]
[27805, 25.482, 26.097]
[27888, 26.097, 26.712]
[27722, 26.712, 27.327]
[27722, 27.327, 25.954]
[27722, 25.954, 26.569]
[27888, 26.569, 27.184]
[27971, 27.184, 25.845]
[27722, 25.845, 24.114]
[27473, 24.114, 24.729]
[27473, 24.729, 23.109]
[27639, 23.109, 23.724]
[27805, 23.724, 22.035]
[27307, 22.035, 22.65]
[27307, 22.65, 23.265]
[27307, 23.265, 21.704]
[27473, 21.704, 22.319]
[27888, 22.319, 20.839]
[27639, 20.839, 21.454]
[27639, 21.454, 20.099]
[27390, 20.099, 20.714]
[27471, 20.714, 19.399]
[27473, 19.399, 20.014]
[27639, 20.014, 20.629]
[27805, 20.629, 21.244]
[27971, 21.244, 20.003]
[28054, 20.003, 20.618]
[27971, 20.618, 21.233]
[27556, 21.233, 21.848]
[27722, 21.848, 20.702]
[27805, 20.702, 19.587]
[27805, 19.587, 20.202]
[27805, 20.202, 20.817]
[27888, 20.817, 19.722]
[27971, 19.722, 20.337]
[27888, 20.337, 20.952]
[27888, 20.952, 19.659]
[27805, 19.659, 18.243]
[27556, 18.243, 18.858]
[27805, 18.858, 19.473]
[27888, 19.473, 20.088]
[27556, 20.088, 20.703]
[27639, 20.703, 19.396]
[27888, 19.396, 20.011]
[27556, 20.011, 20.626]
[27639, 20.626, 19.501]
[27805, 19.501, 20.116]
[27722, 20.116, 19.055]
[27805, 19.055, 19.67]
[27805, 19.67, 20.285]
[27888, 20.285, 20.9]
[27888, 20.9, 19.695]
[27888, 19.695, 20.31]
[27888, 20.31, 20.925]
[27888, 20.925, 21.54]
[27722, 21.54, 20.268]
[27722, 20.268, 20.883]
[27805, 20.883, 21.498]
[27722, 21.498, 22.113]
[27888, 22.113, 22.728]
[27473, 22.728, 23.343]
[27639, 23.343, 22.11]
[27722, 22.11, 22.725]
[27722, 22.725, 21.558]
[27722, 21.558, 22.173]
[27805, 22.173, 21.011]
[27639, 21.011, 19.829]
[27556, 19.829, 20.444]
[27556, 20.444, 21.059]
[27639, 21.059, 21.674]
[27888, 21.674, 22.289]
[27556, 22.289, 21.127]
[27473, 21.127, 21.742]
[27888, 21.742, 22.357]
[27888, 22.357, 22.972]
[27888, 22.972, 23.587]
[27639, 23.587, 24.202]
[27722, 24.202, 23.192]
[27888, 23.192, 23.807]
[27888, 23.807, 22.825]
[27639, 22.825, 23.44]
[27722, 23.44, 24.055]
[27888, 24.055, 24.67]
[27473, 24.67, 25.285]
[27805, 25.285, 25.9]
[27722, 25.9, 26.515]
[27722, 26.515, 25.517]
[27888, 25.517, 26.132]
[27805, 26.132, 26.747]
[27888, 26.747, 25.655]
[27556, 25.655, 24.515]
[27722, 24.515, 25.13]
[27722, 25.13, 25.745]
[27888, 25.745, 26.36]
[27971, 26.36, 25.396]
[27805, 25.396, 26.011]
[27888, 26.011, 26.626]
[27722, 26.626, 27.241]
[27307, 27.241, 27.856]
[27722, 27.856, 28.471]
[27722, 28.471, 27.521]
[27805, 27.521, 28.136]
[27888, 28.136, 26.982]
[28054, 26.982, 25.888]
[27722, 25.888, 24.705]
[27639, 24.705, 25.32]
[27888, 25.32, 25.935]
[27805, 25.935, 26.55]
[27888, 26.55, 27.165]
[27556, 27.165, 27.78]
[27888, 27.78, 28.395]
[27888, 28.395, 27.514]
[27888, 27.514, 28.129]
[27556, 28.129, 28.744]
[27722, 28.744, 29.359]
[27763, 29.359, 28.555]
[27639, 28.555, 27.585]
[27722, 27.585, 28.2]
[27971, 28.2, 28.815]
[27971, 28.815, 29.43]
[27888, 29.43, 30.045]
[27722, 30.045, 30.66]
[27722, 30.66, 29.807]
[27805, 29.807, 30.422]
[27722, 30.422, 31.037]
[27722, 31.037, 30.006]
[27639, 30.006, 30.621]
[27805, 30.621, 31.236]
[27639, 31.236, 29.954]
[27556, 29.954, 30.569]
[27722, 30.569, 31.184]
[27639, 31.184, 31.799]
[27805, 31.799, 32.414]
[27639, 32.414, 33.029]
[27639, 33.029, 32.001]
[27722, 32.001, 32.616]
[27888, 32.616, 33.231]
[27888, 33.231, 33.846]
[27971, 33.846, 34.461]
[27473, 34.461, 35.076]
[27805, 35.076, 35.691]
[27888, 35.691, 36.306]
[27639, 36.306, 36.921]
[27639, 36.921, 36.116]
[27722, 36.116, 36.731]
[27722, 36.731, 37.346]
[26726, 37.346, 37.961]
[26726, 37.961, 38.576]
[27141, 38.576, 39.191]
[27888, 39.191, 39.806]
[27722, 39.806, 38.895]
[27805, 38.895, 39.51]
[27556, 39.51, 40.125]
[26975, 40.125, 40.74]
[26311, 40.74, 41.355]
[26892, 41.355, 41.97]
[27141, 41.97, 42.585]
[26394, 42.585, 43.2]
[27058, 43.2, 43.815]
[27224, 43.815, 44.43]
[27639, 44.43, 45.045]
[27639, 45.045, 45.66]
[27888, 45.66, 46.275]
[27722, 46.275, 45.472]
[27805, 45.472, 46.087]
[27556, 46.087, 46.702]
[27805, 46.702, 47.317]
[27639, 47.317, 47.932]
[27556, 47.932, 48.547]
[27722, 48.547, 47.562]
[27888, 47.562, 48.177]
[27639, 48.177, 48.792]
[27797, 48.792, 47.6]
[26892, 47.6, 48.215]
[26643, 48.215, 48.83]
[27307, 48.83, 49.445]
[27639, 49.445, 50.06]
[27639, 50.06, 48.803]
[26643, 48.803, 49.418]
[26560, 49.418, 50.033]
[26975, 50.033, 50.648]
[27722, 50.648, 51.263]
[27888, 51.263, 51.878]
[27722, 51.878, 52.493]
[26975, 52.493, 53.108]
[27224, 53.108, 53.723]
[27639, 53.723, 54.338]
[27566, 54.338, 53.477]
[27556, 53.477, 54.092]
[25813, 54.092, 54.707]
[26311, 54.707, 55.322]
[26643, 55.322, 55.937]
[26809, 55.937, 56.552]
[27307, 56.552, 57.167]
[27639, 57.167, 57.782]
[27307, 57.782, 58.397]
