[6332, 100.0, 50.0]
[43160, 50.0, 25.029]
[22825, 25.029, 25.644]
[23240, 25.644, 26.259]
[23240, 26.259, 26.874]
[23240, 26.874, 27.489]
[23987, 27.489, 28.104]
[24900, 28.104, 28.719]
[24900, 28.719, 29.334]
[25813, 29.334, 29.949]
[26560, 29.949, 30.564]
[26560, 30.564, 31.179]
[26975, 31.179, 23.287]
[21580, 23.287, 23.902]
[21580, 23.902, 24.517]
[21580, 24.517, 25.132]
[22078, 25.132, 25.747]
[23240, 25.747, 26.362]
[23240, 26.362, 26.977]
[23821, 26.977, 27.592]
[24900, 27.592, 28.207]
[24900, 28.207, 28.822]
[24900, 28.822, 29.437]
[25813, 29.437, 30.052]
[26560, 30.052, 30.667]
[26560, 30.667, 31.282]
[26975, 31.282, 27.995]
[24900, 27.995, 28.61]
[24900, 28.61, 29.225]
[25813, 29.225, 29.84]
[26560, 29.84, 30.455]
[26560, 30.455, 31.07]
[27473, 31.07, 31.685]
[27224, 31.685, 32.3]
[27390, 32.3, 32.915]
[27390, 32.915, 30.942]
[26892, 30.942, 31.557]
[27058, 31.557, 32.172]
[27224, 32.172, 32.787]
[27224, 32.787, 31.219]
[27307, 31.219, 31.834]
[27805, 31.834, 30.47]
[27722, 30.47, 31.085]
[27722, 31.085, 29.264]
[27058, 29.264, 29.879]
[27141, 29.879, 30.494]
[27556, 30.494, 28.957]
[27888, 28.957, 29.572]
[27971, 29.572, 30.187]
[27722, 30.187, 30.802]
[27805, 30.802, 31.417]
[27722, 31.417, 32.032]
[27705, 32.032, 30.428]
[27639, 30.428, 28.663]
[26726, 28.663, 29.278]
[26975, 29.278, 29.893]
[27556, 29.893, 30.508]
[27556, 30.508, 28.995]
[27971, 28.995, 27.136]
[27888, 27.136, 27.751]
[27556, 27.751, 28.366]
[27805, 28.366, 26.479]
[27141, 26.479, 27.094]
[27224, 27.094, 27.709]
[27971, 27.709, 28.324]
[27888, 28.324, 28.939]
[27473, 28.939, 27.483]
[27722, 27.483, 28.098]
[27888, 28.098, 28.713]
[27805, 28.713, 27.119]
[27639, 27.119, 27.734]
[27224, 27.734, 28.349]
[27556, 28.349, 28.964]
[27971, 28.964, 27.562]
[27722, 27.562, 28.177]
[27888, 28.177, 28.792]
[27556, 28.792, 27.287]
[27722, 27.287, 27.902]
[27722, 27.902, 26.244]
[26726, 26.244, 26.859]
[27058, 26.859, 27.474]
[27556, 27.474, 28.089]
[27888, 28.089, 26.686]
[27556, 26.686, 27.301]
[27556, 27.301, 25.624]
[26892, 25.624, 26.239]
[27141, 26.239, 26.854]
[27639, 26.854, 25.39]
[27224, 25.39, 26.005]
[27307, 26.005, 24.728]
[27639, 24.728, 25.343]
[27632, 25.343, 23.893]
[27639, 23.893, 22.554]
[27390, 22.554, 23.169]
[27556, 23.169, 23.784]
[27556, 23.784, 22.65]
[27556, 22.65, 23.265]
[27639, 23.265, 23.88]
[27556, 23.88, 22.683]
[27722, 22.683, 21.235]
[27307, 21.235, 21.85]
[27639, 21.85, 22.465]
[27473, 22.465, 23.08]
[27722, 23.08, 21.761]
[27722, 21.761, 22.376]
[27639, 22.376, 21.058]
[27639, 21.058, 21.673]
[27639, 21.673, 22.288]
[27805, 22.288, 22.903]
[27390, 22.903, 23.518]
[27639, 23.518, 22.146]
[27971, 22.146, 22.761]
[27639, 22.761, 21.451]
[27639, 21.451, 22.066]
[27639, 22.066, 22.681]
[27805, 22.681, 23.296]
[27556, 23.296, 23.911]
[27641, 23.911, 22.694]
[27722, 22.694, 23.309]
[27888, 23.309, 23.924]
[27971, 23.924, 22.618]
[27722, 22.618, 21.034]
[27556, 21.034, 21.649]
[27390, 21.649, 20.044]
[27722, 20.044, 20.659]
[27722, 20.659, 19.001]
[27307, 19.001, 19.616]
[27307, 19.616, 20.231]
[27295, 20.231, 18.751]
[27639, 18.751, 19.366]
[27888, 19.366, 17.966]
[27639, 17.966, 16.662]
[27556, 16.662, 17.277]
[27390, 17.277, 17.892]
[27486, 17.892, 16.542]
[27390, 16.542, 17.157]
[27639, 17.157, 17.772]
[27888, 17.772, 18.387]
[27971, 18.387, 17.052]
[28054, 17.052, 17.667]
[27971, 17.667, 18.282]
[27639, 18.282, 18.897]
[27636, 18.897, 17.673]
[27805, 17.673, 16.509]
[27722, 16.509, 17.124]
[27888, 17.124, 17.739]
[27888, 17.739, 16.555]
[27888, 16.555, 17.17]
[27888, 17.17, 15.838]
[27971, 15.838, 14.577]
[27639, 14.577, 15.192]
[27473, 15.192, 15.807]
[27722, 15.807, 16.422]
[27888, 16.422, 17.037]
[27639, 17.037, 17.652]
[27639, 17.652, 16.491]
[27888, 16.491, 17.106]
[27556, 17.106, 17.721]
[27639, 17.721, 16.599]
[27805, 16.599, 17.214]
[27805, 17.214, 16.099]
[27722, 16.099, 16.714]
[28054, 16.714, 17.329]
[27971, 17.329, 17.944]
[27888, 17.944, 16.835]
[27805, 16.835, 17.45]
[27971, 17.45, 18.065]
[27971, 18.065, 18.68]
[27888, 18.68, 17.634]
[27639, 17.634, 18.249]
[27805, 18.249, 18.864]
[27805, 18.864, 19.479]
[27888, 19.479, 20.094]
[27639, 20.094, 20.709]
[27639, 20.709, 19.77]
[27722, 19.77, 20.385]
[27612, 20.385, 19.192]
[27805, 19.192, 19.807]
[27784, 19.807, 18.577]
[27639, 18.577, 19.192]
[27473, 19.192, 19.807]
[27722, 19.807, 20.422]
[27888, 20.422, 21.037]
[27971, 21.037, 21.652]
[27639, 21.652, 22.267]
[27556, 22.267, 22.882]
[27971, 22.882, 23.497]
[27937, 23.497, 22.462]
[27971, 22.462, 23.077]
[27722, 23.077, 23.692]
[27722, 23.692, 22.506]
[27888, 22.506, 23.121]
[27805, 23.121, 23.736]
[27639, 23.736, 24.351]
[27888, 24.351, 24.966]
[27971, 24.966, 25.581]
[27639, 25.581, 26.196]
[27971, 26.196, 26.811]
[27722, 26.811, 27.426]
[27722, 27.426, 26.445]
[27888, 26.445, 27.06]
[27888, 27.06, 27.675]
[27943, 27.675, 26.371]
[27556, 26.371, 26.986]
[27722, 26.986, 27.601]
[27805, 27.601, 28.216]
[27888, 28.216, 28.831]
[27827, 28.831, 27.476]
[27722, 27.476, 28.091]
[27888, 28.091, 28.706]
[27971, 28.706, 29.321]
[27390, 29.321, 29.936]
[27722, 29.936, 28.651]
[28054, 28.651, 29.266]
[27805, 29.266, 29.881]
[27887, 29.881, 28.098]
[27805, 28.098, 26.251]
[27805, 26.251, 26.866]
[27722, 26.866, 27.481]
[27616, 27.481, 25.49]
[27722, 25.49, 26.105]
[27655, 26.105, 23.896]
[27639, 23.896, 24.511]
[27888, 24.511, 25.126]
[27848, 25.126, 22.93]
[27805, 22.93, 23.545]
[27556, 23.545, 24.16]
[27805, 24.16, 22.088]
[27722, 22.088, 22.703]
[27556, 22.703, 23.318]
[27639, 23.318, 23.933]
[27888, 23.933, 24.548]
[28018, 24.548, 22.436]
[27971, 22.436, 23.051]
[27722, 23.051, 21.065]
[27805, 21.065, 21.68]
[27722, 21.68, 22.295]
[27639, 22.295, 22.91]
[27678, 22.91, 21.073]
[27556, 21.073, 21.688]
[27888, 21.688, 22.303]
[27805, 22.303, 22.918]
[27556, 22.918, 23.533]
[27722, 23.533, 24.148]
[27971, 24.148, 24.763]
[27805, 24.763, 25.378]
[27639, 25.378, 23.785]
[27888, 23.785, 24.4]
[27639, 24.4, 25.015]
[27888, 25.015, 25.63]
[27950, 25.63, 23.851]
[27971, 23.851, 24.466]
[27473, 24.466, 25.081]
[27971, 25.081, 25.696]
[27888, 25.696, 26.311]
[27639, 26.311, 24.757]
[27722, 24.757, 25.372]
[27639, 25.372, 25.987]
[27805, 25.987, 26.602]
[26809, 26.602, 27.217]
[26726, 27.217, 27.832]
[27224, 27.832, 28.447]
[27971, 28.447, 29.062]
[27722, 29.062, 29.677]
[27805, 29.677, 30.292]
[27639, 30.292, 30.907]
[26228, 30.907, 31.522]
[26560, 31.522, 32.137]
[27058, 32.137, 32.752]
[27307, 32.752, 33.367]
[26643, 33.367, 33.982]
[27141, 33.982, 34.597]
[27307, 34.597, 35.212]
[27307, 35.212, 34.406]
[27722, 34.406, 35.021]
[27722, 35.021, 34.032]
[27805, 34.032, 34.647]
[27639, 34.647, 33.448]
[27639, 33.448, 34.063]
[27888, 34.063, 34.678]
[27639, 34.678, 35.293]
[27722, 35.293, 34.114]
[27805, 34.114, 34.729]
[27888, 34.729, 35.344]
[27805, 35.344, 33.904]
[27556, 33.904, 34.519]
[26809, 34.519, 35.134]
[26809, 35.134, 35.749]
[27307, 35.749, 36.364]
[27722, 36.364, 36.979]
[26726, 36.979, 37.594]
[26477, 37.594, 38.209]
[26643, 38.209, 38.824]
[27224, 38.824, 39.439]
[27805, 39.439, 40.054]
[27888, 40.054, 40.669]
[27805, 40.669, 41.284]
[27058, 41.284, 41.899]
[27224, 41.899, 42.514]
[27722, 42.514, 43.129]
[27971, 43.129, 43.744]
[25813, 43.744, 44.359]
[25730, 44.359, 44.974]
[26394, 44.974, 45.589]
[26643, 45.589, 46.204]
[26892, 46.204, 46.819]
[27390, 46.819, 47.434]
[27639, 47.434, 48.049]
[26643, 48.049, 48.664]
[23240, 48.664, 49.279]
[21829, 49.279, 49.894]
[21248, 49.894, 50.509]
[20252, 50.509, 51.124]
[18343, 51.124, 51.739]
[15272, 51.739, 52.354]
[15189, 52.354, 52.969]
[15521, 52.969, 53.584]
[15521, 53.584, 54.199]
[15770, 54.199, 54.814]
[16102, 54.814, 55.429]
[16102, 55.429, 56.044]
[15687, 56.044, 56.659]
[14359, 56.659, 57.274]
[14442, 57.274, 57.889]
[14525, 57.889, 58.504]
[12865, 58.504, 59.119]
[12367, 59.119, 59.734]
[12450, 59.734, 60.349]
[12616, 60.349, 60.964]
[12699, 60.964, 61.579]
