-0.8891613866331439 -0.8580135923237561 -0.8825340246273493 -0.8911657015222371
-0.8675606138241159 -0.8891613866331439 -0.8580135923237561 -0.8618288908496531
-0.7942519710074841 -0.8330529290526169 -0.8675606138241159 -0.8089987181498661
-0.7721292967896498 -0.7942519710074841 -0.8330529290526169 -0.7750264046668041
-0.7337573948607674 -0.7721292967896498 -0.7942519710074841 -0.7356898511378258
-0.690090378472238 -0.7337573948607674 -0.7721292967896498 -0.683804475771439
-0.6337103793680953 -0.690090378472238 -0.7337573948607674 -0.6313395727620634
-0.5780623907738461 -0.6337103793680953 -0.690090378472238 -0.594149125530746
-0.5394182803359812 -0.5780623907738461 -0.6337103793680953 -0.510164522592278
-0.4545062064383968 -0.5394182803359812 -0.5780623907738461 -0.469325413672558
-0.41435367270814516 -0.4545062064383968 -0.5394182803359812 -0.4048925042543188
-0.35245530567385686 -0.41435367270814516 -0.4545062064383968 -0.3818691005558075
-0.2799920479060672 -0.33075641108550363 -0.35245530567385686 -0.2786290418443655
-0.23605774196841317 -0.2799920479060672 -0.33075641108550363 -0.2219841717921109
-0.18583795430863734 -0.23605774196841317 -0.2799920479060672 -0.19848843136367472
-0.1464202169080151 -0.1653549541858523 -0.18583795430863734 -0.12889207427527616
-0.10584210100916586 -0.1464202169080151 -0.1653549541858523 -0.09454483228069019
-0.0345045764858918 -0.07709362662437444 -0.10584210100916586 -0.08461828414434296
-0.0329718813302723 -0.018365385925827225 -0.05657718071411063 -0.05364736051168409
-0.023009215382670378 0.01832185731423877 0.0019572247143911734 0.009977108881080025
-0.02510545005001003 -0.022946696095159567 0.018358881961062896 0.03546560278175169
-0.022036325869758133 -0.004177009163011423 -0.012104901982119307 0.042914700466946655
-0.01624170046352517 -0.022312080576306185 -0.012941066204506134 -0.0225433550513033
0.014227524064631058 0.008657387777990725 0.008082077106450392 0.04605091590322783
0.0298769785810686 -0.028830892090933473 0.011809504480564994 0.09997572405467403
0.03777496889338547 -0.027590729433862825 -0.008501913743989871 -0.043819690290303845
-0.005751847325589335 -0.012383421483660373 0.00847783491511157 -0.03248869372841077
0.018739590187348706 -0.002053623034012058 -0.007727686217061584 0.09093925380383741
0.0030807773175118933 -0.018106095060744728 -0.0074139289220632905 0.012885150751846429
0.0021749995563073213 -0.02701753539191177 0.01260817648599865 0.08483818302295361
-0.035337873138487685 -0.002915798534262812 0.03445998377266604 0.006583928936200765
0.031156867829561306 0.023668777449153973 -0.034554826439194844 -0.0311445614505489
-0.009115884099687369 0.010742470622582802 0.023064044767365663 -0.02053949622673732
0.0016658757579314804 -0.01649937475047608 -0.009115884099687369 0.09178828628285526
0.024076866079281826 -0.00036800111150752654 -0.01683435712237576 -0.026150337161663876
0.03788391624625869 -0.027767411488255764 0.02159451314161371 -0.002251503499957698
0.02265775837108127 0.012209342147578031 0.0022032004850836184 -0.03158617889041134
0.046978349801557566 -0.003517396103726921 -0.0008864002697855506 0.09345419969336699
0.014005140872766029 0.018485077444402535 0.020449426120138857 0.05124778124281129
0.02392389242829882 0.010444333518426607 0.025831403227449867 0.03334086855875199
-0.022395873624936273 -0.014375424367369145 -0.024381301498160063 0.04319790849335239
-0.008816615376963263 0.009457594619998986 -0.015409130028413919 0.04289730034249952
0.007129369750070493 -0.021054330009153615 -0.010689624027692383 0.04401800596068123
-0.015517165890862177 -0.009547299336483548 0.006899658669687227 0.09802309452134499
0.00706162374249563 0.0017445647550728886 0.021423545277643424 -0.03865156843828039
0.05004582169282528 -0.024680402581093306 -0.015385208791240694 0.08638117864146005
0.014766797827753175 -0.010554092382790788 -0.009474792478332243 0.03661199288636105
-0.032412869703401265 -0.015900059364895577 0.0489422325083081 0.01473068489477739
0.020866051396273358 -0.0010233803200573755 0.002644896283354256 -0.01197620852491159
-0.020629395293013324 0.0131732126708547 0.005979904747686064 -0.03210818812830384
-0.02988068498532327 0.014547806062892835 -0.010153548595080471 -0.0387766768229843
-0.007923247369944741 -0.03126380273335735 -0.02988068498532327 -0.02151333987172632
0.023595084345256697 -0.013665780471904152 0.008324885833675591 0.08446761909588953
-0.024168792778259444 0.00222600302135494 -0.007820100100892142 0.022884350942883866
-0.008144311930589338 -0.02349862988610834 0.012181796895431035 0.023196852934057467
0.02080300810513504 -0.010254930947925225 -0.002649731520327211 0.0019950300654273468
0.00580590620499518 -0.00859269114680138 -0.006938347668713913 -0.0003400288270447432
0.01397871786683388 0.0021961424951810163 -0.011183630424815669 0.02079814801946333
0.007109818553257948 0.0055998605859691195 -0.010474808057330124 0.000515086345706212
-0.0017592609318298658 -0.004323101597623905 -0.0016243575294423549 -0.009318111771910663
0.0033739948471489026 -3.512186976490323e-05 0.0016112630249436972 0.010461637852897542
-0.007139668813252588 -0.007962083686708695 0.004710335879855891 0.024390995954616898
-0.0020153543272364337 -0.009612391392018733 0.0026400651199378635 0.01099772189656679
-0.005222100157062764 -0.006519114329337669 0.0015745953624083857 0.029694889164071852
0.003901752459631352 0.0027479418636447406 0.005572766492693815 0.0024804663542142245
0.0008105625370361576 6.659991373933722e-05 -0.0008635731016022956 0.022109439488640144
-0.011176451222750619 0.003727179918896172 0.00890538906681261 -0.010704233673191283
-0.004655328419334136 -0.005812395871246658 -0.007254952674815025 0.01887359290026613
0.007467709379955775 -0.009335228553354197 -0.006213920004060238 -0.008115339323835433
-0.009075526400363545 0.0028457610010418034 -0.003763795341559232 -0.006709422117651902
-0.006703260996281075 0.0020532652196882163 0.004936916445536401 0.008238881925694639
-0.0050719473452484265 -0.005857374322611304 0.004534918573888062 -0.0050719473452484265
-0.0032519841021269673 -0.004061677999588108 -0.0050719473452484265 0.02816414247345069
0.010684902114638323 0.0034659536436784447 0.0045727363439779425 -0.005342750250985606
0.010876531271504699 -0.00792384036729259 -0.004920459301945435 0.0068604291374510466
0.004985588341323187 -0.00960467074677487 0.00548082315019339 -0.010839096598481432
-0.007864059852617603 0.006715976554972395 -0.007199493962251041 0.009404877589146564
-0.008251526445445165 -0.0050941414665366825 0.008509625783234937 0.005956904407771952
0.007535423048859821 -0.0050547436689246834 -0.0029886658434258 0.0032672099128561788
0.012313035434170573 0.009055385187653045 -0.00761187852387176 -0.012906404563840195
-0.006003477508716036 0.005304266175670724 0.002130380504662056 -6.987840119882103e-05
0.011777238603547966 -0.004955301299294574 -0.003813459961812571 0.005617976556324306
-0.007006302118043 -0.008742564385710567 -0.0014574227951782567 0.02429149351720493
-0.006331068392092262 -0.007190657125658178 -0.006844000990789968 -0.006331068392092262
0.0009229257920230327 -0.002865825379682013 -0.0007442786935411357 0.02550865660977702
-0.011887711781260307 -0.0037593369837825657 0.011991586311221079 -0.010236139188726597
-0.005667824633088181 -0.007074756172034151 0.002532307940600039 -0.0032935835266724414
-0.007771524174471277 -6.104530527028843e-07 0.006856644801164069 0.005496096323673328
-0.004260524229268778 -0.00531998880128914 0.0018977479748151411 0.006676442314535814
-0.005376923737284306 -0.006712132016114182 -0.008376109631735315 -0.005376923737284306
-0.013755982176294583 0.016424016413662052 -0.012612458117382578 -0.00810415399392378
0.007527956401319177 0.010848083742116144 -0.005867880064943521 0.010127113887345095
-0.010081909693968306 0.0072344692027537915 0.002918192064807106 0.09108450450158603
0.07156393057003722 -0.010081909693968306 0.0072344692027537915 0.1107957989119645
0.007229528255081838 -0.002851555568523795 0.003813830440615967 -0.004653783781905913
0.011756650526416855 -0.003814464921350492 -0.0047635385639997 0.005827462466604286
-0.0019976617571372916 -0.002495830740016264 -0.0031178430229057137 -0.0019976617571372916
-0.001081755116502156 0.0014953510830190574 0.002819302612860877 -0.0060656665307462655
0.008452905456673428 -0.0039198233955591005 -0.002518895898319605 -0.0060247662855852395
0.0010753421101710235 0.005827467053023523 0.008003825052782694 -0.006236942433989038
0.004921680632730852 0.005922880613569834 0.00409447513754725 0.00350263377846011
-0.00514954904575252 0.010890038007981393 -0.0037162682055347984 0.01005351419710131
0.004505871561833232 0.003982734814029475 0.011850608953507046 0.00852294985318848
-0.004118700388141587 0.0022191939153771933 0.0008745359856164825 -0.004118700388141587
-0.005865152041760467 -0.0013949697921130974 0.008208661526037565 0.009564352523016413
-0.005711585615507588 0.007332281593922897 -0.0050684473941752135 0.011857025335889842
-0.006560234745602367 0.007680249064689416 -0.003906077934912714 -0.0018160142811592074
0.01080125615167407 -0.0004531570126698864 -0.006968447980613294 -0.007882248582996555
0.004535104789789587 -0.005485662002775041 -0.0044762626178131105 -0.004478433340555633
-0.005990923256601423 0.009320900496648701 -0.005159251950557069 -0.007649579642108882
-0.008594197295468687 0.008150676923178071 4.5603536617857074e-05 0.0008612705414844004
0.0013408697294092233 0.001912615434474857 0.004516625010820894 0.0039356281668705894
0.005060938667017388 -0.0038860226510963425 0.012955833076565034 -0.005858476349204341
-0.000632333941807276 -0.0007902924950670026 -0.0009876704816914876 -0.000632333941807276
-1.8754527804432374e-12 -2.3443159755529476e-12 -2.9304492611480253e-12 -1.8754527804432374e-12
-2.171668342342235e-16 -2.171668342342235e-16 -2.171668342342235e-16 -2.171668342342235e-16
-2.171668342342235e-16 -2.171668342342235e-16 -2.171668342342235e-16 -2.171668342342235e-16
-2.171668342342235e-16 -2.171668342342235e-16 -2.171668342342235e-16 -2.171668342342235e-16
-0.8822474929149757 -0.717864382769822 0.0 -0.9180369679938417
-0.8996034121775524 -0.8822474929149757 -0.717864382769822 -0.9124040278405073
-0.892851479505183 -0.8996034121775524 -0.8822474929149757 -0.8960773497377735
-0.8733861976472849 -0.892851479505183 -0.8996034121775524 -0.8573327284378074
-0.8278074701514792 -0.8733861976472849 -0.892851479505183 -0.8276250241567255
-0.7934330245468458 -0.8278074701514792 -0.8733861976472849 -0.8083877039721165
-0.7714336602535236 -0.7934330245468458 -0.8278074701514792 -0.7763367264187835
-0.7352259648866682 -0.7714336602535236 -0.7934330245468458 -0.7266430379088806
-0.6801613292359326 -0.7352259648866682 -0.7714336602535236 -0.6959112344147369
-0.6467443143637006 -0.6801613292359326 -0.7352259648866682 -0.6476675295079153
-0.5952371827280819 -0.6467443143637006 -0.6801613292359326 -0.5887771758778632
-0.5338902153463841 -0.5952371827280819 -0.6467443143637006 -0.48044878868856045
-0.4252181389037949 -0.5338902153463841 -0.5952371827280819 -0.46729304165126634
-0.41237436785148035 -0.4252181389037949 -0.5338902153463841 -0.4075730689959773
-0.35499580079927046 -0.41237436785148035 -0.4252181389037949 -0.3873766959865201
-0.2865067182797315 -0.33592744991723955 -0.35499580079927046 -0.2935910487365285
-0.24952446910310389 -0.2865067182797315 -0.33592744991723955 -0.24952446910310389
-0.21010483475197975 -0.24952446910310389 -0.2865067182797315 -0.19652497517751522
-0.16365233433041781 -0.21010483475197975 -0.24952446910310389 -0.17248699277058946
-0.14291996107501534 -0.16365233433041781 -0.21010483475197975 -0.10408193321388318
-0.08503568221043109 -0.14291996107501534 -0.16365233433041781 -0.11369321190969585
-0.009133613971791247 -0.004938547572439951 0.01063616775601889 -0.03269267489833607
-0.006386687798762031 0.012194449660110804 -0.026326275189882165 0.02240023993790935
0.009707916619413372 -0.002246057903144831 0.021197985424893373 -0.03889497292633466
-0.005627013057165736 0.012137610904815799 0.01590461378990914 0.08094945421858299
-0.008650138181381781 -0.026527834755504145 0.013733163387416602 0.11683425003665109
0.040383826151012985 -0.0034945541915724888 -0.007132597513916014 0.09957965457217123
-0.0279868396434773 0.0062853539111317165 0.01571778568543211 0.11684033611164929
-0.018873222618225393 -0.03286374569589572 -0.00011391198102380833 0.11724748331334493
0.003386567231902912 -0.00685463654194353 0.010823164211759028 0.08696363518817278
-0.01896128564256698 -0.00040088551906424647 -0.012882237286399737 0.05387580590068721
0.05498430728852915 0.031643551670395204 0.00787385022164219 0.08790221170534339
-0.0003776280973317955 -0.017311488528962856 -0.012588435403331882 0.022692355099129508
0.06011515294068873 -0.04094055288870857 -0.0009888569756184974 -0.03311387619056489
0.024424408781459853 0.015436354590188101 -0.0005501125005044123 -0.038596167815408
0.006352946359770497 -0.01687716354073929 0.0037188337639163615 -0.02073410830958464
-0.005880215959128844 -0.017783652453813772 -0.011040032475425399 0.1324179536701249
0.009078850775272974 -0.03300835195897331 0.023395875666064353 -0.0391036318674754
0.014314812838811846 -0.031529489000146585 0.009078850775272974 0.08159784903802426
-0.006838371766763394 -0.015773768415279478 -0.02568849651603579 0.047206465953349125
0.018641198158409394 -0.03074545797545689 -0.014023240340942699 0.004359028487260282
-0.015306490542333212 -0.016074408471146377 -0.016123749023907678 -0.03098412075612889
-0.015053184676435247 -0.01687152351999597 -0.02286736340775167 0.12864368833280498
0.028252348236452316 0.02954590929822334 0.0008139812063896339 0.0013503972651497836
0.009510541582600578 -0.012949697662143175 0.029306049356354842 -0.009783857846964485
0.06079253583067401 -0.0076122619654569075 -0.006707759790532794 0.08556347504574704
0.02652233266042453 0.04863116348614208 0.008748402151258822 -0.045637346519539206
-0.019979126921803078 -0.009714936539099103 0.009255488070975116 0.027056258820488607
0.030332727917950327 -0.027291906254855298 0.01663671333028942 0.04093570453634534
-0.014510084576516997 0.014033948462973697 -0.01508518874807897 0.08921331702294745
0.013800129543750353 -0.007109348854734562 -0.002717778074401529 -0.005100828359652123
0.01051417169605721 0.0049132625250713725 -0.0025979359349533136 -0.011151478221453223
-0.005837709386261011 -0.007286502611653997 -0.0027031886824101306 -0.0008526549204328066
0.0007734018337321176 0.007125278204526361 -0.005077138492657593 0.003615162558295484
0.0022240723789817276 0.013868613577333211 -0.0031980221742007615 0.0055247397544947235
0.011472494745220215 -0.00739207841784314 0.00046265327647001267 0.005808626365872272
0.003118926810089958 -0.009344881498908879 0.0027418055174988016 0.000518948441826294
0.007840785783768558 -0.0031837749181713674 -0.00043282685151923986 0.019875410011109273
-0.001997514990564748 0.015837373151908838 0.007840785783768558 -0.004113919883374577
-0.0038916210226475215 -0.006757110265428629 0.0017487107032387894 0.01343819586613864
-0.015340522175149264 -0.000833525935407559 0.01207168642899592 0.0018228354851215353
0.02710711914048098 -0.0037096861521076553 -0.004632811121319101 0.0006438117230128715
0.006184682127909395 -0.00905683293452259 0.005230159092028625 0.021777119089741285
0.015060523993260123 -0.009484722638137615 0.00044171084064711604 -0.011564786872858352
0.0014044013404957362 -0.0013232928495727427 -0.008283953289400946 -0.00830417762733598
-0.004383173117977094 -0.00972914760334908 -0.001989059136484916 -0.0005957577042556563
0.0024393474130318745 0.007310285011672176 -0.007202393695150031 -0.009621140135461786
-0.012397086828041816 0.008530568993939438 -0.0025071033124082543 -0.0008420384170041003
-0.008975753586920246 0.005332739301775976 -0.0037276412165683525 0.00806191254052525
0.013139747636863545 0.006531912809412141 0.008415464319870355 0.003933678168588223
-0.0016513556325886223 -0.006570306460731724 0.006009762528110265 0.008790132447317748
-0.0039551164395076055 -0.004226217553495529 -0.005989238389807575 0.016260694234475646
0.0016820079909045053 0.0006816351023139467 0.012228202614074729 -0.00802926236322817
-0.00704046744277125 0.004942305221555441 -0.00495218648728121 0.006474024762520546
0.0002923785834932492 -0.00223040014876475 0.007827226646712497 -0.011742278483682537
-0.00970083972640308 -0.0007740388092919009 0.0035136632655100243 0.0004669883279819895
-0.0019298854993935893 -0.003590655361316459 0.006828384666155091 0.018602651734362086
0.0018633871628716636 -0.009261416527582292 0.007095518013581187 -0.009722948917133224
-0.009308653403543818 0.021903985410746837 -0.006166572956110755 0.004411522838718469
0.010026572829991299 -0.002611902653957457 0.0010028894906478172 -0.007950480925296603
0.0019146041812304205 0.004527659670963983 -0.0061988773560272565 -0.006851260173157266
0.006537958782110521 0.0029780121587506692 0.0006456500860724357 0.009610274692927013
0.01636145714940425 0.008688411316850017 -0.00407607498197157 0.01942918386009435
-0.007589843998643118 -0.0002451978909876646 0.00324104988819181 0.021556872617442577
-0.0014712902457281927 -0.006346416076419528 0.007714037948712702 -0.0059809278700046755
0.005636682894097438 -0.005043107122067412 -0.00771755420843156 -0.007155868549078359
0.008635552024206263 -0.0032246472564587646 -0.004027562203720952 0.01196046319169835
-0.009505428037696037 0.018819504160806376 -0.007182533511799042 -0.002646702491634238
0.013753869421279213 0.010661409302263346 0.00699051303222553 0.015161209360318473
0.00999582405326849 0.005428936759063697 -0.007891974209347915 0.14969618102512244
0.007812035673629714 -0.0033052007282708376 -0.0034147145751382015 -0.004776707642585788
-0.0042412787309613065 -0.001970802406050493 -0.005785832896874093 -0.0013881018791875566
0.0018662448061941381 0.007792971299720075 -0.004033009699100104 0.002103485214625631
-0.0035819714504611556 -0.0021003319229053567 0.011844437068875509 -0.005244647541008658
0.006431408070345545 -0.0012440892219542125 -0.0020312129065578203 0.002861658455529942
-0.00013339168375273874 -0.002310765351009355 -0.0028867890157535363 0.007966552248282622
-0.0071297456599637155 0.009325972809180086 0.005042933485489115 -0.0019140948491994374
-0.0014005366163281781 -0.0015126620719302553 -0.0018901128144213082 -0.0014005366163281781
0.0003309785492737724 -0.001959140483800574 -0.006479678395904883 0.00934724448496457
0.005936391110276103 -0.0037226118939562717 -0.007019950852955147 0.00949093666190252
0.009518778821104077 -0.0033044044923088082 0.00015315981688669573 -0.005676235723710283
0.006810504295874127 -0.006824644665729475 0.001858345916576631 -0.005214632874872848
-0.003725892990871847 -0.000861234090610929 0.009111952558373609 -0.0006421874215578791
-0.004412592180971007 -0.0014728103567708546 0.0024324052086918493 0.006998151748186918
0.00018290654030736595 -0.0052228394983037515 0.007209255755471213 -0.007401418817344254
0.00803406747875567 -0.0008722216783758098 0.004138611348347721 -0.0021672657529662642
-0.0017840680771963261 0.002043001495635702 0.0016052178730268688 -0.005583177237701764
0.006023252963225206 -0.004581438602713273 -0.0026338957986278455 0.0005647639756917835
-0.0019909847979637375 -0.005337528592031989 -2.1798271864239542e-05 0.0010980907252806603
-0.0023386889767493305 -0.0029216530115137927 -0.0036494006937604004 0.004569662985923609
-0.0006323025576413815 0.008230884849484104 -0.0037255640439344626 -0.0034815333415112565
0.0007544117284200944 -0.003577349560991174 -0.0013774525473354122 -0.0025758858147693236
0.00022190147078343344 0.0005151007326722604 -0.0043485626920211915 -1.5793848007151976e-05
-0.00289338166287674 -0.005039557586555524 -0.006291520363399873 0.0004350619844097945
-0.004483357750891375 0.010785492495818783 -0.002909394505148847 -0.004483357750891375
-0.8967278064249303 -0.8574604078979573 -0.8826221275049149 -0.9067562199904841
-0.8861003827027141 -0.8967278064249303 -0.8574604078979573 -0.8922753619547839
-0.868875536291449 -0.8861003827027141 -0.8967278064249303 -0.8668367015111118
-0.8389087378454493 -0.868875536291449 -0.8861003827027141 -0.8319511856180247
-0.798408293825497 -0.8389087378454493 -0.868875536291449 -0.8085651596349462
-0.7716356717257464 -0.798408293825497 -0.8389087378454493 -0.7773250252329251
-0.7363342240431875 -0.7716356717257464 -0.798408293825497 -0.7223618715912533
-0.6754773077169733 -0.7363342240431875 -0.7716356717257464 -0.6842265153273898
-0.6341635099779056 -0.6754773077169733 -0.7363342240431875 -0.6403297680641704
-0.5875029385237186 -0.6341635099779056 -0.6754773077169733 -0.5768466029759518
-0.5216609519932646 -0.5875029385237186 -0.6341635099779056 -0.5388539992773895
-0.4001282260702058 -0.48315298283455116 -0.5216609519932646 -0.4045837220278207
-0.35216284885194477 -0.4001282260702058 -0.48315298283455116 -0.38477505918184685
-0.333483255196343 -0.35216284885194477 -0.4001282260702058 -0.3164542934738045
-0.2149433733403028 -0.2702689913181353 -0.333483255196343 -0.2160175671282066
-0.1376997624979878 -0.1806173581607679 -0.2149433733403028 -0.1893797093920478
-0.15746801697218513 -0.1376997624979878 -0.1806173581607679 -0.11139833595180079
-0.09114944813037032 -0.15746801697218513 -0.1376997624979878 -0.1100795479202743
-0.09004608479751984 -0.09114944813037032 -0.15746801697218513 -0.1091919359613177
0.006116253804633252 -0.02214852945464435 0.03243367868094159 0.0805162043135083
-0.02272456134750519 -0.020124076856202266 -0.025952660272121748 0.09605127396150147
-0.015034100642358342 -0.02765545846120627 0.01821676380740469 0.026810855866299638
0.025253058299112733 0.0023338111396598877 -0.016637837812547296 0.08191959684562042
-0.025999465576415057 -0.032289454828197194 0.0062632502452801275 0.09307605343621042
0.036038043194052974 0.022619445125872408 0.005699564939239307 0.05089737082150519
-0.026291285753464188 -0.028029877949309147 -0.019884212387670432 -0.026291285753464188
-0.026787485861947718 -0.018488147041317234 -0.01634043294665088 -0.014936044070868284
0.000567861430631019 0.024569446679906206 -0.011984635866589925 -0.004759235979763544
0.012282833676088916 0.024845351299456402 -0.027856631052051595 0.050174545916686616
-0.006623254940699775 0.052799234512618164 -0.03510791040280146 0.09758502390246512
0.015005588284291093 -0.0019695009939565402 -0.015163758777886265 -0.021367939261392282
-0.017749946041730056 0.043089219512620354 -0.006533762076653265 0.026359604951432622
-0.009428773045058802 0.000985782109109682 0.0030866657056205825 -0.02731247397718787
-0.003941199845326476 -0.02812776872977875 -0.007952630153335132 0.0838643566981592
-0.029392374198710457 0.01927823929922202 0.011586885771839299 0.09190480834747868
0.0006645976270241553 -0.015476880733577348 -0.0032586945748497836 0.11270362729615792
-0.018362703217179272 -0.0058160008825831186 -0.022403340732067997 -0.01625316747910731
0.01923101156657802 0.012869441834675184 -0.012165973506044531 0.11656804113767455
-0.012066492975547157 0.018950380891649847 0.0038218682027278805 0.04660655333365157
-0.0007729905042542893 -0.006232560912985736 0.011197082060627835 -0.02138505350095773
0.00846866187053092 -0.023775627290133636 -0.02192254499260517 -0.029088102088785404
-0.02517193212653696 -0.01738946538320926 -0.018648711643004124 0.00043243450815285485
0.01290247646211296 0.015484749521078041 0.00034591768917317046 0.015675652304582812
-0.03296932115866097 0.002867592481965859 0.003587062160578433 0.08317595855891151
0.014498476194652153 -0.012239613960180412 0.015082967609185944 0.051813362675374994
-0.022705973943276732 0.04102555574059074 0.014498476194652153 0.09173724573509964
0.024416973293161996 0.0008637083258014571 0.00013966677821606463 0.03796375497373732
-0.006329725017771753 -0.006004526012589496 0.004568935097114786 0.029260184544628972
-0.010054676583591176 0.00208177239870183 -0.0009350303284065265 -0.0003632347831917576
-0.0018105451958515518 0.012386136598293048 -0.003428971901345815 0.007644244809397308
-0.001514003555142998 -0.006846935550123275 0.004411545515068001 -0.011428048909914628
-0.005832067389815258 -0.007042431360524994 -0.007841076995418911 0.013870878743576655
-0.0018074974030344965 -0.005819170851423446 -0.007263396827504127 0.0024674169549824864
-0.005501747974610236 -0.001176436469921781 -0.007159742198239657 -0.005501747974610236
0.003987058538364588 0.020743182660328582 -0.00466341846621207 -0.01621483360817246
0.0027142846135813923 -0.007462562639277803 -0.013315996922547793 0.0022425300689502083
-0.005260392734319931 0.022046668245510246 -0.004152253806414453 -0.0031293152610061678
-0.00897565562531441 0.004152340858432252 -0.0030764242139102362 -0.002823164471125819
0.0007198530404147758 -0.001697921632848813 0.004960673785713303 -0.011086657731652412
0.012996225909349523 -0.005284760106177128 3.4925687810816896e-05 0.0018851821245795286
0.017141664076884642 -0.0011916439518674436 -0.003144624396504609 0.004421504313069965
0.0010265201695891814 -0.0032118857470218006 -0.002829594221905126 8.037033956121432e-05
0.011777741251260009 -0.00797419349308948 -0.0002554231963305622 -0.003809871008913465
-0.008149568837910556 -0.010166248412073928 0.007127473597106945 -0.0064917481554524325
0.008716314275061565 0.0005289870740107132 0.004912419667690063 -0.005892518120419355
-0.005296356238471199 -0.00495248821446821 0.005653836849869075 0.005621412220853622
0.0015939621724271474 -0.0034536555425122096 0.004678121713520597 0.009169241489259496
0.010469833881280343 -0.0013346008796087565 -0.007827314971465656 -0.00938501197743955
0.0007057236983055547 0.006320603022199856 0.0017558930907202504 0.02600114359807373
0.005444772421447179 0.007286046803184105 0.0015775614037252968 0.003329036402790872
-0.005640250062779644 0.015098657449863554 0.0031050865439743386 -0.006111957724040185
0.007269203038799566 -0.006786472413054732 -0.0027865946629658826 0.00016742252383740674
-0.0011875787062614579 -0.002431841008464359 -0.0013802976970713886 0.007819272743468506
-0.0028199537547331254 -0.004467435231672685 -0.005814044655372019 -0.009912272718070728
0.0005020857167056861 -0.005980232746778129 0.003846818444597382 0.00498546770458715
0.0007331940154242658 -0.00026925967212599125 -0.006502921958841515 0.007847411034491263
-0.0059579804156340895 -0.0010373500362560238 0.004864098199957407 0.024660792393912997
-0.00037780954259041086 -0.0018893172071024111 0.006846269023618036 0.008598004076828673
-0.00025182023467879504 0.007480521712372774 -0.008854887765214911 -0.010646177491218052
-0.008894343570473248 0.00825080998886092 0.00017002022289048005 -0.0079486320662466
0.00261436336855373 -0.001962706499124599 -0.004354082318101604 -0.0009511215651893487
0.004854913736432488 0.004896837225900429 -0.01110857454139575 0.0032060660111265745
-0.006914096262460085 0.0028889458705444043 -0.0006198725806045165 -0.006678656266315575
-0.005625050878945272 0.005941726974807676 -0.003891931499482127 -0.01152568551650197
-0.003990370742582883 -0.004274963251467669 0.013286864127275635 0.02483153978146951
0.004632914438850889 0.0022563165393586454 0.0035306956168385502 -0.003621111853487088
-0.003519414374809518 -0.003447205802931055 -0.007147432155807317 0.01498665364394402
0.003644926120343672 0.018745678835037378 -0.0011613110318040784 -0.009346476783073343
-0.00277011386189188 -0.0058228343299656805 0.01018977732004257 0.01567083709087541
0.016575453256766595 -0.0050707013981212065 -0.0041964872463866485 -0.00635659766553721
-0.00977466771472391 0.005240645942226653 0.009153626563827899 0.004391646051875177
-0.8691551821459702 -0.7530046370776947 0.0 -0.9238898509988237
-0.9066387484403156 -0.8691551821459702 -0.7530046370776947 -0.9178059866445326
-0.8993261796394805 -0.9066387484403156 -0.8691551821459702 -0.8924992061479838
-0.8379066508473676 -0.8691408727018141 -0.8993261796394805 -0.8426491200147153
-0.8107558340302495 -0.8379066508473676 -0.8691408727018141 -0.8162892891755639
-0.6048271354757647 -0.6360765239621192 -0.6888361231315927 -0.5952969398413455
-0.5406011998637685 -0.6048271354757647 -0.6360765239621192 -0.5066470334745904
-0.45101912736347266 -0.5406011998637685 -0.6048271354757647 -0.4960722688868351
-0.44056858680032923 -0.45101912736347266 -0.5406011998637685 -0.4364667954547309
-0.3825691856651868 -0.44056858680032923 -0.45101912736347266 -0.3806845647245076
-0.32964587074301316 -0.3825691856651868 -0.44056858680032923 -0.3283905259316705
-0.2811797756251124 -0.32964587074301316 -0.3825691856651868 -0.2753015728556916
-0.23307440853708733 -0.2811797756251124 -0.32964587074301316 -0.20499231271990537
-0.17100478338226358 -0.23307440853708733 -0.2811797756251124 -0.2017700876430604
-0.16820376791319597 -0.17100478338226358 -0.23307440853708733 -0.15082237462603268
-0.12441068261705605 -0.16820376791319597 -0.17100478338226358 -0.13416821651556965
-0.11029416756326214 -0.12441068261705605 -0.16820376791319597 -0.12257161695291353
-0.049316541904435164 -0.06345202353924866 -0.10052151037538282 -0.09655949114948364
-0.0012639249984240885 -0.019005877853144372 0.019599526332012118 0.12145719382885822
-0.0012371658543743297 -0.018672914148724604 -0.008258659991500623 0.10016712745943745
-0.017695990723089725 -0.011280688103596004 -0.001719505506836725 0.0883215384538834
0.01855971543320008 0.0057640524339455795 -0.016364058854045793 -0.026015196543799878
-0.010432587079431076 -0.04049965669244405 0.02246225806767008 -0.03799713897136893
0.04661579014920423 0.016135612707065188 -0.019722188527792225 0.027628006415349814
0.002488242604752913 -0.02460319061748435 -0.010890268807018506 0.050901884225785794
-0.02560736870664016 0.04574886584661806 0.0555737357237347 -0.026059838003734827
0.05738367896044085 -0.022217608033129426 0.002869362517588367 -0.022509567187468625
-0.0016306819755027313 -0.008520804752661034 -0.018484188732443157 -0.025952904340368673
0.01428111526337837 0.0176844847376515 -0.009566173316904009 -0.03655946683533032
-0.028104257694691825 -0.01944522338362306 0.04438156756425783 -0.020213986625355514
-0.0035210183919929987 -0.009263042034278772 0.01688085329915217 0.09457314246911637
0.022229820082592496 -0.02843072427175328 -0.0034990746579901155 0.033995498445086786
0.02538813091587126 -0.01617873995392274 -0.024096749741890654 0.008909507716453682
-0.024914758521291956 -0.019875816528126818 -0.01071722929403875 -0.00959199044091226
-0.006908451209292235 -0.00792529566757451 -0.002715651188065786 0.09781081194352731
0.0076869349700873476 -0.019958121278798088 -0.015320054832470132 0.1281257518400701
0.019237535727537183 -0.0035669192048370228 0.0008555140940844972 -0.012038706343524429
0.024018201261658562 -0.027609910262533167 -0.001070383265644067 0.08171586867554512
0.031229464820421587 0.031980929437405756 -0.015369782958534712 0.11684182906829807
0.021653315602216505 0.03293214323123864 -0.009000181819037787 -0.01974969117569563
-3.192220899351945e-05 0.022856486097958283 -0.011165151754411271 -0.05058573797580251
0.02045426689090996 0.03227424361751207 -0.0064140861139140165 0.012559505763327764
0.014920083814476624 -0.012710629968066283 0.005356541016377291 0.10909030030270733
-0.002773751457748752 0.01988614179102874 0.0015142770217582454 0.11016733297398336
-0.02200646588506553 0.022434081581964 -0.024158133946362424 -0.02726449563837163
0.023011967974720035 -0.007298576853929819 -0.022872253522175406 0.113646831107419
-0.011908025130657262 -0.014608993401871188 0.0012103013510755963 0.08390131674888363
-0.011264737247080815 -0.0011912068412565846 -0.0218091488385906 0.08550011192755322
0.007660195900013902 0.002916715206823143 0.022081034796069314 -0.03760982886447931
0.005780679122335534 0.002104486597988084 -0.002502528383420472 0.08940162951717538
-0.023222202797713535 0.006499595825056316 -0.04304606483710945 0.026339461330943705
-0.00980158865929701 -0.01872821975154826 0.03498158455954875 0.007435457315582318
0.05565463600557154 -0.02129164139040412 0.0025833840614932265 0.08307722969355735
-0.02305015415607292 -0.010556519376903894 -0.00807173164266456 0.08052332520273883
-0.028892364613157577 -0.0038564727676151434 -0.011025785905120298 0.026062866902286944
-0.9060592213962388 -0.8690220633797008 -0.753199268738574 -0.9168827049673672
-0.8982183353711757 -0.9060592213962388 -0.8690220633797008 -0.8977141091486691
-0.8753306161822574 -0.8982183353711757 -0.9060592213962388 -0.8695068585813817
-0.8211791065958359 -0.8420368501401259 -0.8753306161822574 -0.8211791065958359
-0.7860390550760212 -0.8211791065958359 -0.8420368501401259 -0.7836378696864732
-0.6932699813211647 -0.7434255839198539 -0.7860390550760212 -0.6900000900444031
-0.6403713266448878 -0.6932699813211647 -0.7434255839198539 -0.6393817499238923
-0.5865055946254712 -0.6403713266448878 -0.6932699813211647 -0.6039984976655554
-0.4380895684285923 -0.5495889820281536 -0.5865055946254712 -0.4497836058662644
-0.39539535433623585 -0.4380895684285923 -0.5495889820281536 -0.44653302768450476
-0.17219239106029627 -0.22790246879596499 -0.27319769068169736 -0.2285584632310905
-0.1916053766726976 -0.17219239106029627 -0.22790246879596499 -0.18253313519791653
-0.15155943180974268 -0.1916053766726976 -0.17219239106029627 -0.16097541922531342
-0.1330643533945782 -0.15155943180974268 -0.1916053766726976 -0.08835134010260802
-0.039746119730031594 -0.07195249189868062 -0.1330643533945782 -0.10082609837309031
0.038899558910025715 -0.007266307151400039 -0.00697387485428777 -0.03398948651971854
0.0018166973218131386 -0.009568695784325941 -0.0202704493673249 -0.025798819699566468
0.023158757648134687 -0.02427727079277255 -0.014703358450436901 0.008156429823381977
0.001553727842791326 -0.016513321555120475 0.03963887872794836 0.118244076976674
-0.014547408630784962 -0.01001321197682176 -0.01248526058083177 0.09399182725822999
0.030374610994533008 -0.004769410275125668 -0.01594390080938265 0.02991297362401574
-0.020927324428665055 -0.04248459052629553 0.0033312550049655783 0.006422358292693831
-0.018413240494920245 0.001631907939394804 -0.02992452037721445 0.0823040739282313
0.0002471998549705636 -0.030480404716383795 -0.028392674385789667 0.09376718799230176
-0.021835742147535368 0.0021243960089850893 -0.031241567964582766 0.11720679628209714
-0.0007770419585337634 0.0006476830072189663 -0.010292383749278234 -0.02483240946693943
-0.003030959901566762 -0.009303749514534032 0.033814488807414604 0.08463236903392898
-0.019572514399894905 0.00896734834424591 -0.022154341722643606 0.10426849321291684
-0.0011418541477969408 0.018671010265421634 0.029347050253740646 -0.03931621566951162
0.011013628401196459 -0.021571070907766214 -0.00390177349438599 0.04025782426404099
-0.013353644416030791 0.0444362570067742 -0.008375660177289183 0.029263580842674393
0.025155933668155658 0.02981598469628746 -0.020692882417748283 -0.042506628509720396
-0.009281685284580055 -0.013619793874711277 -0.008816535616808749 -0.03569476837053471
-0.00011167649865997785 -0.01022992612147129 -0.017329603146148374 -0.039556812196419266
0.02442474298918753 0.04508153315526862 0.014336336333967598 -0.01817464911034073
-0.011291885548328284 0.017670387945250027 -0.0128890158775896 -0.02971078096474627
0.03122897423441448 -0.014391695178735224 0.009889126071243764 0.1200882300715339
-0.02775062290714305 0.01647735302247809 -0.021512107013008097 0.09320566194404965
-0.02683793251841986 0.03799211783955072 -0.021499436908120638 0.08895955290299615
-0.0007463727378584689 0.016834477221518433 0.00214593133787004 -0.01099863293548646
-0.02969312114091048 -0.01223502439312048 0.029691520347515134 0.023826670887850187
0.01967734194527112 0.017613317074119995 0.010143316903279298 -0.034145930857029036
-0.03343778592950064 0.013760646517728167 0.021487645192237528 0.09199395177430462
-0.02138920666921191 -0.026594300588636516 -0.02009335253828788 0.10245599879051055
-0.028820477319636047 0.03872018858492048 0.028800305078900485 0.023880970712070907
-0.013324936171407545 -0.009270616750699163 0.008778646803161233 -0.03745744996176445
0.0248717765483606 0.013507462006105166 0.01647823769318693 -0.014819921983733955
-0.8689442256806651 -0.753199268738574 0.0 -0.9230738733807466
-0.8678700752889691 -0.8974520797793629 -0.9056567077374988 -0.874764318541634
-0.8482078466192114 -0.8678700752889691 -0.8974520797793629 -0.8369836542651853
-0.8042088569964038 -0.8482078466192114 -0.8678700752889691 -0.8182000138270257
-0.7826295055070881 -0.8042088569964038 -0.8482078466192114 -0.7768329589872771
-0.7357823656447093 -0.7826295055070881 -0.8042088569964038 -0.7353007659466364
-0.5980172392050608 -0.650134938072627 -0.6896624831831558 -0.6049967615651795
-0.4536599338574017 -0.5506223579308535 -0.5980172392050608 -0.48639493891383556
-0.43104784962890696 -0.4536599338574017 -0.5506223579308535 -0.4380621469002882
-0.38410181024508 -0.43104784962890696 -0.4536599338574017 -0.3796051442341515
-0.3286343752724401 -0.38410181024508 -0.43104784962890696 -0.3262798079657033
-0.23405117830708408 -0.27924633444834945 -0.3286343752724401 -0.24116140176211232
-0.20270609879596255 -0.23405117830708408 -0.27924633444834945 -0.19616937203509555
-0.16334412033023807 -0.20270609879596255 -0.23405117830708408 -0.16042826573101723
-0.13259707638593357 -0.16334412033023807 -0.20270609879596255 -0.11532533491086765
-0.09443849821573597 -0.13259707638593357 -0.16334412033023807 -0.12876966071243792
-0.10573892158117165 -0.09443849821573597 -0.13259707638593357 -0.10827104355876153
0.017768433011560367 -0.0018843337042635337 0.004489819719781851 0.01799566418660202
-0.0341088942540581 0.009814346706146762 -0.0234300606563078 0.08363212555419007
-0.00014280113917108792 0.010394330058159018 0.016252963577425304 -0.025196694168097604
0.03995957008709189 0.02952262101359336 -0.012178638275347299 0.08276937940970483
-0.014730885825884806 0.005141805845798898 -0.017774259509757258 0.039582565225233436
0.0007765598879172118 -0.026685377199447018 0.03520049932983012 0.08628521418063918
-0.013417910749113872 -0.013514925188956107 0.047431202381789286 -0.03911493260867183
0.04231954119133872 -0.021749055684643567 0.005021009808990005 0.0372350556245517
0.002544089971402974 0.01406364120022775 -0.026967368166955 0.0807485447164605
0.00012848491100955376 -0.00893599873966265 -0.0253414167916773 0.11698118335793488
-0.010899935487852635 -0.009645954201633167 -0.024288444012911876 0.14395211974606606
-0.003926993886598969 -0.011663774758082371 0.016607010732555636 0.08730386706218056
0.016644274810517123 -0.014649551466891737 0.0036544919153191943 0.1249217800296858
0.0022461022241831753 -0.013942527498038057 0.0006979951361584769 0.02472210177062939
0.001642683820328815 0.004584638269905924 0.026004121869548317 0.08810219922814416
-0.009830421651268132 0.005759097732105503 0.04489395176122893 -0.0027430845631105033
0.020144563415849807 -0.021647169529169744 -0.0222662893112998 0.014333760480011063
-0.02021370960524551 -0.02881707557307567 0.010782498605484804 0.0837240156841556
-0.0282299843216215 -0.0274366328824109 -0.021933580584338568 0.01098423073321278
-0.019376672034640795 -0.017882307266471487 0.015369886906083083 -0.026323236341361165
0.03705761416093455 -0.02495622783447376 -0.0008859060554912318 0.10787547112794643
-0.004763744010153883 0.0012271702489606595 -0.01281950422632461 0.056873705138460566
-0.020029142813080936 -0.014667207747486793 0.005626756413477696 0.09322441374815804
0.012918993955634981 0.014131880124196545 -0.015266178165310881 0.025294022388577128
0.020133367143007043 0.012918993955634981 0.014131880124196545 0.09355378382160523
-0.023041140658813727 -0.022374099263212256 -0.007976193511625141 0.10502724849551083
-0.011809724331954017 0.014420858402394243 0.08229319326470844 -0.04377521384062464
0.004733809965515171 0.022366168603321586 -0.007479859483912446 -0.03677846095701009
-0.010464151693520999 0.004403620054425061 -0.0024086485343776916 0.08704315254790009
0.024443696383416112 0.021690705034643105 -0.005409523611781583 0.0811906338547785
0.06391465284834975 0.024443696383416112 0.021690705034643105 0.04439328307131582
0.009778108505767618 0.03520207928299087 0.06391465284834975 -0.05194426976475607
0.002675573117556738 -0.017319311386648512 0.0304645017268128 0.09711874790553304
0.03166370394011749 -0.009134206497541786 -0.01605059583080123 0.007111312243293858
0.002346829317647767 -0.013076433222538068 0.005680969964382786 0.056383574165174824
0.04765729934595542 0.016722761991060594 -0.020185337192120754 0.08771275311132484
0.037639830166010094 -0.005916040321410725 -0.004822239341302886 0.08662216015825995
0.006994588543819576 0.0002156200988158257 0.05129898754394944 -0.029422244825354948
-0.013578176298773626 0.004099664744580411 -0.006197521601125271 -0.02794466750607361
-0.02195338813242667 0.03123711839024797 0.034135399655720454 0.09054121175143909
-0.8686951617667934 -0.753199268738574 0.0 -0.9209517378788402
-0.7819137324700515 -0.8138805476943047 -0.840550068466051 -0.7748590452029668
-0.7335698889034478 -0.7819137324700515 -0.8138805476943047 -0.7377741512516801
-0.69238391153612 -0.7335698889034478 -0.7819137324700515 -0.7008387742515725
-0.6520702411011029 -0.69238391153612 -0.7335698889034478 -0.6568229321082004
-0.6049239271997037 -0.6520702411011029 -0.69238391153612 -0.6049239271997037
-0.5505469458818992 -0.6049239271997037 -0.6520702411011029 -0.5374539963588791
-0.4817465150345608 -0.5505469458818992 -0.6049239271997037 -0.4519258968741364
-0.3974657286815362 -0.4817465150345608 -0.5505469458818992 -0.43302556171897955
-0.3792669020341332 -0.3974657286815362 -0.4817465150345608 -0.37738545408040125
-0.32655584871424853 -0.3792669020341332 -0.3974657286815362 -0.3444016490969951
-0.29590323145483083 -0.32655584871424853 -0.3792669020341332 -0.2676586619429902
-0.22623783266900585 -0.29590323145483083 -0.32655584871424853 -0.24435623052661867
-0.20552946551223933 -0.22623783266900585 -0.29590323145483083 -0.18704037690991487
-0.15544728529413962 -0.20552946551223933 -0.22623783266900585 -0.17310276359375673
-0.14344847641516104 -0.15544728529413962 -0.20552946551223933 -0.13360074655695897
-0.10981486688535451 -0.14344847641516104 -0.15544728529413962 -0.09659940677880445
-0.07880197013668444 -0.10981486688535451 -0.14344847641516104 -0.11691324862931533
0.008933665322316922 0.022672460582654944 -0.0035952656105006386 -0.040550819625371645
-0.026127801041383732 0.04142321368234115 0.014199891230011044 -0.047728982199699996
0.03988643865474713 -0.0029090231842150626 0.022299186765128112 -0.02254280787914211
0.013699589491034218 -0.0001235472555978389 0.024997467124595746 0.04244560779556672
-0.015179545229561874 -0.014250742982651481 -0.02933879124666458 0.08731836364768382
0.008580825023431828 -0.021714604860226534 0.0007117955356323739 0.032244566476145604
-0.023947838838232434 0.0026774673041778064 -0.011719706441475974 0.11076041072038782
0.04623745399954955 0.03315695845076181 -0.0032827271238340216 -0.040554491656521675
0.003477604144747418 0.021032046518970154 0.013386130209191917 0.030098117288149023
0.0046983594164203965 -0.00987321436749609 -0.004453989133564613 0.006549484905902516
0.027797901366989234 -0.031604023123225945 0.01609451085795524 -0.01950468301227792
-0.011934906997990245 -0.009094355440721921 -0.014571557226766101 -0.02886256524468039
-0.005406653218274189 -0.023307260857228326 -0.002301262787933123 0.08683668371029629
0.0033471624764823127 0.0030432143479683696 0.01640316802120865 -0.002369263927782058
-0.021225303023625124 -0.009038774871005049 -0.01242724093407132 0.08856121241669068
-0.016200176961586096 0.010974113108684971 -0.0032570669422587978 0.09020701452454216
0.004381457411104517 -0.01763961461277517 -0.013747231778184587 0.06521148192644008
0.00907332701917053 -0.0153771370722182 -0.004891918574390917 0.0626752272482102
-0.014642697329043532 -0.010371402438563597 0.012449737267465996 0.11444746767685934
0.03261463717433751 -0.02105896525374363 -0.0052636023369881475 0.037713968715939176
0.004612627098994776 -0.007510467174641062 -0.008207506085712527 0.09934787715212055
-0.011158453346923846 -0.0104223814255361 -0.019254198946038345 0.032432628506948204
-0.02143564697164034 0.02052823165068108 -0.021630686444842992 0.11548859153710339
0.026230180992298336 -0.005477153238326542 0.026759256431677158 0.04133863335578076
-0.019827275096159395 0.010929437342224398 0.01232658167855283 0.03542924576976472
-0.0005811268599393174 0.014977559063381406 0.015083400578870313 0.09665837986341763
0.041407670925351185 -0.019157152086332913 0.0062907400261180855 0.015057174061539315
0.0009672231536473167 -0.02833985851585909 0.026945423755652523 0.1214433334801873
-0.0025723041809654536 -0.004593267701328881 0.007129797655168288 0.044606440083663546
0.0020330721186535864 -0.011322818829507933 -0.010364063542477486 -0.007127567781165328
0.01796546972132551 -0.012007836771854671 -0.02957150970113605 -0.028523215262589958
-0.014994571345902657 -0.019134581581465866 0.02532684592304557 0.007002493939038397
-0.014606153180654084 0.0023311024760033707 -0.00478479831242109 0.003650549919561826
-0.8685550745126324 -0.753199268738574 0.0 -0.9219290993457007
-0.9042796182849918 -0.8685550745126324 -0.753199268738574 -0.913745823110616
-0.8944581355496539 -0.9042796182849918 -0.8685550745126324 -0.8895899241242006
-0.8656945732448915 -0.8944581355496539 -0.9042796182849918 -0.8697785784025187
-0.8423553990150067 -0.8656945732448915 -0.8944581355496539 -0.8497361610234887
-0.8189707392029713 -0.8423553990150067 -0.8656945732448915 -0.8204598165538282
-0.7304060126589724 -0.7852153878586055 -0.8189707392029713 -0.7279983860696353
-0.6816461713832133 -0.7304060126589724 -0.7852153878586055 -0.6850276681244405
-0.6350239264006443 -0.6816461713832133 -0.7304060126589724 -0.6435136404812377
-0.5908556459268457 -0.6350239264006443 -0.6816461713832133 -0.5691195593353706
-0.5137755955789256 -0.5908556459268457 -0.6350239264006443 -0.5387264456427163
-0.48302480363845646 -0.5137755955789256 -0.5908556459268457 -0.47970706229119003
-0.4244920131519955 -0.48302480363845646 -0.5137755955789256 -0.44611779721711065
-0.3918571252848718 -0.4244920131519955 -0.48302480363845646 -0.37631537647530394
-0.3255545367957504 -0.3918571252848718 -0.4244920131519955 -0.32368712896039026
-0.2768738002668586 -0.3255545367957504 -0.3918571252848718 -0.287855468279373
-0.24435198567584115 -0.2768738002668586 -0.3255545367957504 -0.19244532300964892
-0.16011909250307232 -0.24435198567584115 -0.2768738002668586 -0.18490788185857848
-0.15360693197284145 -0.16011909250307232 -0.24435198567584115 -0.18277975004181088
-0.15177196852761488 -0.15360693197284145 -0.16011909250307232 -0.14840755496367866
-0.1223578086123164 -0.15177196852761488 -0.15360693197284145 -0.10196175489659054
-0.05217505766999064 -0.06395600584735321 -0.08326742242041253 -0.08067623726074154
-0.02532621973130225 -0.03168980350399265 -0.018196712147202636 0.09054571690603637
-0.01517414184668423 -0.009243530821273169 0.02470015707106584 0.08679189921767876
0.013476170488703533 -0.010531838880609292 0.019980035404825344 -0.016163010194371222
0.013199053420394333 -0.00121202035186982 -0.011663182612998311 0.11599069592582245
-0.023515207369684953 -0.012532628203040908 0.009339337209696708 -0.007193828314259439
0.035219001344457254 0.028314584669590335 -0.008299470374403949 0.027124125328582365
0.027897649480652664 -0.029261683984160455 0.03695807341812977 0.015111716923807583
0.03071928731049424 -0.026495781663708532 -0.0033808055565389948 0.02409013243535467
-0.0022746087620446913 -0.01731351255592916 0.013545479254751427 0.09745122037152434
-0.021451777605350584 -0.012959560356396031 -0.010355677622133453 0.08486136499005664
-0.009111700634560911 0.00653220525123936 -0.005610016646460545 0.08057185396105784
-0.019189979099283203 -0.009422160959085447 -0.018493376326089578 0.10282578520092536
0.03406408535622266 0.016227462550605237 -0.023023135773644496 0.0872761155895235
-0.02524181644626268 0.015722959839667955 -0.009548838928379441 0.05078839749142807
0.0038040919954193796 0.01737360643580645 0.008682063185791398 0.1037033351157122
0.006926313240853251 0.03870894711859144 -0.03330237240088228 -0.029323034035817465
-0.023596813260327736 0.006926313240853251 0.03870894711859144 0.027271586970923054
-0.017452999265683014 -0.008986486125883637 0.026911392859134513 -0.01698788825941825
-0.021369753662971128 -0.022859287675036186 -0.006041919316963013 -0.023468317450684558
-0.02531399350415634 -0.005553686025024955 -0.0332480790264497 -0.025779237421338128
-0.01711738358607648 0.03139866402766189 0.035632504010227634 0.017862283399387432
0.014041482602318522 -0.011885731354817962 -0.0034652034548575275 0.04320588041283944
0.013022290488745123 -0.015357556147802999 0.0060388870943254465 -0.03435584194034892
-0.025299597204979606 -0.028187900074654326 0.001067573113606358 0.09805074030250864
-0.016347691641484592 0.01215198112098724 0.0047487572169750076 -0.04419121405905742
0.007141432095695606 -0.024673423630646864 0.004802907645053909 -0.023903725375975883
-0.006725480018173015 -0.03579029249461649 -0.021293950465642978 0.12357405650138405
0.02500721853032267 0.004067790878449647 -0.012103024127481501 0.030312161380502106
-0.030932065314117574 -0.023672957194095658 0.029931808334238013 0.11415045499343932
0.006535317101240748 -0.014994094335599036 0.003955631656092902 0.0824303938849665
0.015993235972371997 -0.01858306683931049 -0.03487160734548098 0.043197048508051575
-0.028038890039493104 -0.017519624507125447 -0.016526407922221997 0.09287604269437129
0.022254900501993843 0.0009830214237799954 0.007920861106259128 -0.0022920641195755768
-0.004683971437094619 0.019995176335784907 -0.00038560475845616094 0.08249359172040575
-0.02837851090380435 -0.01840645599761004 0.06492371528400244 0.08019810249089945
-0.0164388732227473 -0.0331617432892342 0.03215617065001414 -0.003921243987307364
-0.030565024504526698 0.020092770870927326 -0.004023551125457817 0.021649538045992123
0.01675973932105655 -0.03734660166578356 -0.04625141875405816 -0.03817550098444853
-0.0042586938258070365 -0.020884655262874814 -0.006840343254473265 0.08924244608652225
-0.01223127572949572 0.00440182029547003 -0.014851702911820433 0.005850385968016444
-0.8684305592764208 -0.753199268738574 0.0 -0.9214995111901959
-0.9037630508747196 -0.8684305592764208 -0.753199268738574 -0.9135219595825977
-0.8941900096341039 -0.9037630508747196 -0.8684305592764208 -0.8885074880576894
-0.8644135777719799 -0.8941900096341039 -0.9037630508747196 -0.8677959487350875
-0.8400320390465188 -0.8644135777719799 -0.8941900096341039 -0.8510046980356084
-0.8204441182497267 -0.8400320390465188 -0.8644135777719799 -0.814619075436611
-0.7387209826144218 -0.7785375717232625 -0.8204441182497267 -0.7433544428490347
-0.6985354386392206 -0.7387209826144218 -0.7785375717232625 -0.6916084686478123
-0.5936936866407473 -0.6421036376243653 -0.6985354386392206 -0.6006648591862109
-0.4580167069600217 -0.5461414872567312 -0.5936936866407473 -0.46099988228498856
-0.4062567705039511 -0.4580167069600217 -0.5461414872567312 -0.4473994826651783
-0.39309355693443926 -0.4062567705039511 -0.4580167069600217 -0.3775022401287588
-0.32666515787713357 -0.39309355693443926 -0.4062567705039511 -0.3233859297499118
-0.27659834648927384 -0.32666515787713357 -0.39309355693443926 -0.27542968469038737
-0.2331891929286169 -0.27659834648927384 -0.32666515787713357 -0.21799432440139593
-0.1823455170818949 -0.2331891929286169 -0.27659834648927384 -0.22483546987700656
-0.18833735965216297 -0.1823455170818949 -0.2331891929286169 -0.18330799152798669
-0.15222728894068271 -0.18833735965216297 -0.1823455170818949 -0.14700651904784942
-0.12116770370687328 -0.15222728894068271 -0.18833735965216297 -0.08268775853019683
-0.042706325891049876 -0.06470737829426305 -0.044711887035105875 -0.08508765240340413
0.015778989138265528 -0.004484653849741202 -0.014841179282499345 -0.035136673506224535
0.03417514342966131 0.027640644759594896 0.04531296867404034 0.08034367661848547
0.021116901839927874 -0.010441411985924938 -0.018584781194205143 0.01510216703072123
-0.014280146178398387 -0.009104639876107675 -0.022752752698659822 -0.026432542608392545
0.0626785259965276 0.020189080834311954 -0.01275667755468341 -0.002319165858074834
-0.02772322405760772 -0.005364966451762662 0.006427081011312404 0.03379858721859428
-0.03559496799406744 0.013701481244017807 0.003993238751227686 0.11214172887001424
-0.00726979536202956 0.0171232643403184 -0.012326717431861247 0.004679517934297202
0.02457032979334597 0.022021686567198183 -0.01579654078098108 0.11237073438683606
0.023060492286695912 -0.0001077118434914339 0.002658934104199336 0.08740683094183199
-0.0153664583375906 -0.01473190919969846 -0.014191681503575401 0.11582497031764183
-0.006686182642482284 0.019086969527994276 -0.027908816255479554 0.052423147260707986
0.02396687225499981 -0.003083779762332661 -0.036594359012113685 -0.0395928121063112
0.031914368667966514 0.019739908545120487 -0.00980689154326673 0.08084432754911366
0.012033102638215479 -0.030516906433078334 0.010847142177329166 0.021264875524310944
0.01875164235928977 0.008080102616656872 -0.031061622561506956 0.04449046120527228
-0.025917189815772814 -0.03218793208332096 0.01602252833218673 -0.025917189815772814
-0.02765725389198658 0.0325338075619619 -0.013862187082591099 0.035958293489483255
-0.009303223241438783 0.0008132817725718788 0.0019366498073835178 -0.034882972536670304
0.0011528693441319406 -0.004283637930224802 0.04360595361111321 0.09570492400663513
0.015388306402466268 -0.014797912270863932 -0.02554703513237823 0.05510392408449807
0.0037554012501307727 -0.025549328336935958 -0.025722762347783815 0.08651059412763114
-0.026112536018248745 0.026253705367701788 0.0032661976383194023 0.06550915949483864
-0.025167063836844854 0.008920164848236944 0.03372750813094294 0.035832200241627046
-0.007163354188118077 -0.004356300477645224 0.007375870672799436 -0.009917408684128845
0.012648977441810145 0.007809941796832093 0.03974536901991863 -0.0322964934772557
-0.0060019182263947694 0.01645245646924658 -0.007784375443799005 -0.010613368385400128
-0.00012589027738747633 -0.018898550810972994 0.007265453164881518 -0.018867673027577025
-0.8669368730756423 -0.753199268738574 0.0 -0.9214596770946057
-0.9037151570326449 -0.8669368730756423 -0.753199268738574 -0.912413116397346
-0.8928623585299085 -0.9037151570326449 -0.8669368730756423 -0.8905140049481439
-0.8667886991418321 -0.8928623585299085 -0.9037151570326449 -0.8746606735851907
-0.848086040326121 -0.8667886991418321 -0.8928623585299085 -0.8520084524042323
-0.8216105964806684 -0.848086040326121 -0.8667886991418321 -0.8176492272048093
-0.7355232227148321 -0.7819996663343947 -0.8216105964806684 -0.7281682724461312
-0.6818323556607827 -0.7355232227148321 -0.7819996663343947 -0.702507254705225
-0.5835330633158846 -0.6538763845261951 -0.6818323556607827 -0.5938812365788737
-0.539142286866326 -0.5835330633158846 -0.6538763845261951 -0.5438394699513114
-0.43714840282134726 -0.4881686521696016 -0.539142286866326 -0.42917600059502076
-0.3755786708487485 -0.43714840282134726 -0.4881686521696016 -0.38342754230456033
-0.33221836833984375 -0.3755786708487485 -0.43714840282134726 -0.33095899704015463
-0.28353488164301827 -0.33221836833984375 -0.3755786708487485 -0.24071555456944804
-0.20231239156177103 -0.28353488164301827 -0.33221836833984375 -0.2531419527566582
-0.2133132697352651 -0.20231239156177103 -0.28353488164301827 -0.20286639828759492
-0.16915634637749405 -0.2133132697352651 -0.20231239156177103 -0.18043388719427506
-0.1497511460335462 -0.16915634637749405 -0.2133132697352651 -0.10920547114688968
-0.08931511679964059 -0.1497511460335462 -0.16915634637749405 -0.12334206556052359
-0.10116933950972354 -0.08931511679964059 -0.1497511460335462 -0.09842062189354532
0.014925088503081774 -0.036924274251606846 0.007813314075274467 0.08342680440882025
-0.005408578589263032 0.047030289624601984 -0.012303107351557836 -0.040242195191666726
0.007144630969659626 -0.0212872771480159 0.004289260510230495 -0.003601293583251612
-0.0036623200085781193 -0.028014620559035062 -0.005504522586362263 0.0853088460993059
0.029513339322052638 0.02316564880764896 0.017121581699897217 0.025184781356325927
0.014021049613418903 -0.01271529354511014 -0.034290917343309794 -0.021477755033197717
0.02293159583664998 0.005925759586033902 0.025027154670372368 -0.03181491187846643
0.00791532094221885 -0.005986702627250051 0.012840653685951692 0.033119038159574635
-0.0052893860801861824 0.010930248254564798 0.006760263658530674 0.045993882914286334
-0.01852947251093279 -0.006370971695511965 -0.004943439552599866 0.09833442805821137
0.019674824342959293 -0.021517840298601154 0.03227285898173002 -0.02610182321452485
-0.02107639792483345 0.05119369137703418 0.0037633164155860582 0.10194893635706322
-0.016562756814778312 0.07992940551055983 -0.02107639792483345 0.024997292047435924
0.015871919788336603 -0.01874098070140309 -0.01818636252519444 0.024039968764351254
0.020734723167057822 -0.0008934016982218446 -0.017925745558962685 0.08511776631182623
-0.030781484284516547 0.012787791315663757 -0.022486686731239717 0.09313476130838509
-0.03662883028262127 -0.01417948214677659 0.00683999532121868 -0.008828231299601277
0.03064541864158758 0.014043301074071552 -0.005647769306048079 -0.036545829645543544
-0.02504829332547208 -0.005762813339434873 -0.004228189310337676 0.08527156032935428
-0.020957616555588796 -0.025828478472661995 -0.015942596134463062 0.09961525439266289
-0.012040128308950555 0.006110327972281988 -0.024652824796657268 0.09129419042622634
0.05881540652950627 -0.01998657607934069 0.029290104682201255 -0.035075275887105926
-0.028152666469507863 -0.0008407407032953859 -0.004736864796509274 0.08230562645325103
-0.022698701517830787 -0.005473280735355041 -0.012857068226114338 0.04730855482043349
-0.012506639816206418 0.0009778675507739465 -0.021410458123116472 0.10004888299147242
-0.03526866860241257 0.0012079408736175717 0.012683881460142715 -0.03687847058567433
-0.02286507911166237 -0.012450202604683016 -0.01483221454285236 0.03495084013319818
-0.04310754001186756 -0.010360741891652222 0.01616742084459837 0.09695336685841066
-0.006538332943386114 -0.035787445558179656 0.01248184352398991 0.1196045481800976
0.020788185845592822 0.03625384455511227 0.012555600653231021 -0.06186944868963293
-0.004535439778851131 -0.023156494596552946 -0.016256106271630447 0.0774275113442132
-0.010419479095675196 -0.004626023081012705 0.03785490267391447 0.0930112533152288
0.030452772564647623 -0.0015525387185383777 0.0030754568364105934 -0.04197087936170582
-0.024910920257548964 0.003071884609451558 0.06217145295429661 0.016164678701880285
-0.0073569383578818955 -0.01841986559755843 0.006055097364927293 -0.019623220070876128
-0.8653974688462074 -0.753199268738574 0.0 -0.9221235058895396
-0.9045134223376619 -0.8653974688462074 -0.753199268738574 -0.9179696846666929
-0.8318699675599671 -0.8720077779622633 -0.8995226529489785 -0.8506844347635232
-0.7791299523328973 -0.8200720541871259 -0.8318699675599671 -0.7771987370058495
-0.7361925779616554 -0.7791299523328973 -0.8200720541871259 -0.7432932339380525
-0.5904235158951319 -0.6494297361552316 -0.6984678764947704 -0.5874063778906762
-0.5324817358638905 -0.5904235158951319 -0.6494297361552316 -0.5525670726229372
-0.4969761942638866 -0.5324817358638905 -0.5904235158951319 -0.4685099473776739
-0.4135592857422711 -0.4969761942638866 -0.5324817358638905 -0.4184628578162905
-0.3653471268089185 -0.4135592857422711 -0.4969761942638866 -0.37171101159023295
-0.3212513414966762 -0.3653471268089185 -0.4135592857422711 -0.3240638359379883
-0.2772183576231479 -0.3212513414966762 -0.3653471268089185 -0.23327670899968234
-0.19575435346970035 -0.2772183576231479 -0.3212513414966762 -0.25341328084134307
-0.21355411442794517 -0.19575435346970035 -0.2772183576231479 -0.2091234333824688
-0.14556294072682127 -0.17460139536019384 -0.21355411442794517 -0.14436485183791287
-0.11892561729441857 -0.14556294072682127 -0.17460139536019384 -0.11769190754033841
-0.09642317142755025 -0.11892561729441857 -0.14556294072682127 -0.10737306541164893
-0.0357307596802512 0.001026258790814045 0.013577215966643807 -0.010929359833970455
-0.008747541518051289 -0.030811302329276393 -0.030501878296703356 0.0840964098430008
-0.008662297049769757 0.0019518581041399006 -0.005680614825393362 0.04572762616016081
0.04591401072258218 -0.012023645227529042 -0.009591666003563915 0.09496665714677975
-0.016009793946214733 0.024636838830287014 -0.021447853255396134 0.060405490245928575
-0.03135664227389104 0.023642332763266428 -0.029301851924355648 -0.043687321509442635
0.013563249746583798 -0.035278552320549945 -0.012430099546486613 0.12169196789621935
-0.016077805367007675 0.013884832681462081 -0.029530719737458147 -0.02923912623617593
-0.0038872192420304277 0.01129077987637215 -0.017289554230138823 0.04998203530166414
0.02364788470370064 -0.005342747428337635 0.0018579050969102881 0.0853604084565683
-0.002514035537750676 0.016410256462044435 0.01639060113939112 0.08249235648389794
-0.010556156584077703 0.03206968061724999 0.013698458063196256 -0.04078916291067533
0.0011653655802403191 -0.006670113031716732 -0.003590760951942559 -0.029077231125745298
-0.021153187455228914 0.029239516477204 0.000669187545967675 -0.035169538526879394
-0.00035790943812375234 -0.02806442727508562 -0.0034936445904080993 0.1324016159394925
0.025805699415451314 -0.007768399853894651 -0.03346276994484697 0.007196458283838422
-0.021967179435339244 0.030728002367132558 0.0041682034695173665 0.05545754702232828
-0.042905276960355454 -0.04740974794934636 0.0026597041099942144 0.113639585809978
0.017948888126653885 0.03033936411789188 0.014860017178856693 -0.04327424966911435
-0.007718734361113446 0.00852312119701197 0.002847303603260681 0.0021810555280912225
0.013592674886709032 0.00812529064027331 0.005362551514954581 -0.023804220204724103
0.015450946628556008 -0.02306650861908404 -0.028667819149479596 0.053559403206835915
0.04201801983751002 0.0007617705025149491 -0.028916413936498422 -0.04067455109265949
-0.007604498301297877 -0.005045826089149619 -0.013770769834469987 0.0825706888957756
0.0006761235371994462 -0.021582608519062595 -0.011729411590611853 -0.006798581400520064
-0.8639211780871096 -0.753199268738574 0.0 -0.9215562524074501
-0.9038312743201936 -0.8639211780871096 -0.753199268738574 -0.9165571846809172
-0.8742409669690748 -0.8978278635297081 -0.9038312743201936 -0.8634908335996484
-0.8349947251305818 -0.8742409669690748 -0.8978278635297081 -0.8481654864244601
-0.7333255843239513 -0.7830309157665608 -0.8171476812490044 -0.7446375857109317
-0.6999522139035824 -0.7333255843239513 -0.7830309157665608 -0.6914682991223454
-0.5266035448930709 -0.6016863103956973 -0.6419526159981529 -0.539955204840807
-0.4842598939157375 -0.5266035448930709 -0.6016863103956973 -0.4792306196051874
-0.4240257171121919 -0.4842598939157375 -0.5266035448930709 -0.4453482877134651
-0.3911151199659044 -0.4240257171121919 -0.4842598939157375 -0.38457266065321716
-0.3332932206512824 -0.3911151199659044 -0.4240257171121919 -0.3240005913147423
-0.27716050666126235 -0.3332932206512824 -0.3911151199659044 -0.2776657532782279
-0.1336831614359929 -0.1489397118640889 -0.18116884515051357 -0.12728967923256848
-0.10449189124997764 -0.1336831614359929 -0.1489397118640889 -0.1385244796319611
-0.11397731330875774 -0.10449189124997764 -0.1336831614359929 -0.09162643163591822
-0.030381174795689032 -0.02135679498453064 0.05490473865403128 0.08687824465971208
0.01568586239001075 -0.0121298226499459 -0.024608734111113348 0.08022158445942842
-0.002396533264701622 0.006913976343232194 -0.004729780627361382 0.021119887721432057
-0.03208808927277885 0.03605715727928355 0.02450263993053212 -0.0012291323283468662
0.008316744208427738 0.026547403670344145 -0.028528803275194036 -0.02088650015063049
0.004055513663574729 0.047218414956230026 -0.00435814674255791 -0.0264393727441585
-0.020809192239890768 -0.02448127922831374 -0.009146543842064935 0.0883794675557088
-0.002067327538419404 0.01532247803752929 -0.03492615414519764 -0.02090057935472541
0.04251618748791905 -0.006871342632522141 0.01718283761816906 -0.003752021095388244
0.04107814398731069 0.005375794519198462 -0.017938028485364698 0.08437095365191762
0.007451945601043012 0.01353689602576261 0.00361886996272346 0.10117924995920531
0.07933792952679687 0.007451945601043012 0.01353689602576261 0.04368755539887387
0.007480313600033784 0.015540715617613667 -0.03879492113446507 -0.027433500212153118
-0.02671412360100752 0.030979745313120862 0.007966571419955938 0.020169068556110416
0.015318720172752518 0.010393558363829351 -0.024476425511671288 0.02573343236964649
-0.013182070499795225 0.010409761970791851 0.00747996664271418 0.11307121116721122
0.02196957279247997 -0.021008670098350713 -0.020077599083120914 0.10542887138950006
0.0014985545794917437 -0.002075978633378316 0.007624272764274749 0.08209224623976161
0.012421994885513987 -0.01973654990850068 0.005797790632288502 0.022022745345028908
-0.008028266152196976 0.004857779152935507 -0.013232281565503287 0.10141462467138693
-0.01613893852007232 0.03760309214995432 -0.028196652203002773 0.030019215900754688
-0.02376281696429469 0.0022184700255693263 -0.009281854668824063 0.08159993535952069
0.002941034641165298 -0.007273616710077276 -0.01465819106631784 0.008064021119480978
0.013107248007179691 -0.01946633266330714 -0.029055960258442495 0.03111599124887523
0.03577195191352078 -0.019499104054828277 -0.017965023753870192 0.08380169968370421
0.004631857807368037 -0.007033671921842064 0.0008291069525324455 -0.028550743418615646
-0.030529820615274098 -0.023660234024906773 0.03691564065378577 0.08866165247562859
-0.0016230146979072625 0.06969349391307621 -0.030529820615274098 0.02675931943053522
-0.03191395408495241 0.00042191084861387877 0.013328343640315534 -0.03513937165820578
-0.02831045967946288 -0.03191395408495241 0.00042191084861387877 0.10718779522674382
-0.011750403336997143 -0.01693490872945568 0.021333660700346146 0.04658457169261074
0.007528622237774982 0.01612418412726511 -0.01824520064858404 0.025734194323041273
-0.0062937178580002974 0.019072877648260926 -0.010098773679359766 0.02346632054026268
-0.03057441090474168 -0.01472627691638266 -0.009871822293706716 -0.029417026008496147
-0.010085351568012619 -0.015586838489989235 -0.01317681114065363 0.08142717106976378
0.013466941669575015 0.015959537772762777 0.012084091261379349 -0.028519214531430494
0.011375404927050378 0.04015383642446587 -0.0016119408526510358 -0.028507874091043925
-0.02855480988838959 0.05865176485942864 -0.010245832321568433 -0.021458956708969253
-0.8637658311737505 -0.753199268738574 0.0 -0.9194348397927056
-0.8763203591263051 -0.8947635007581626 -0.9012818604234694 -0.864556635908911
-0.8182585829860886 -0.8362408184970301 -0.8763203591263051 -0.8125618929557109
-0.5989364295614887 -0.6445543334871212 -0.6872010555914444 -0.5795967536461485
-0.5244741000715047 -0.5989364295614887 -0.6445543334871212 -0.5091825124007359
-0.45353213646002666 -0.5244741000715047 -0.5989364295614887 -0.48640060596762347
-0.28778342110046057 -0.3267222955750522 -0.390213267840524 -0.2687820894846058
-0.22724135270727874 -0.28778342110046057 -0.3267222955750522 -0.2478505986004286
-0.2086218909931017 -0.22724135270727874 -0.28778342110046057 -0.19954050285695693
-0.16626783579839563 -0.2086218909931017 -0.22724135270727874 -0.1832552010333438
-0.15218178141607813 -0.16626783579839563 -0.2086218909931017 -0.11310720031849725
-0.051426513982708116 -0.09258005440665185 -0.15218178141607813 -0.10250993726647646
-0.08372446780158302 -0.051426513982708116 -0.09258005440665185 -0.10746876664615097
0.01032110593123758 0.012014117121852554 -0.030184399943941485 -0.011946821193354568
0.0028408837801477526 -0.003389777515207016 0.019585208347603324 0.10090466023835408
0.025481785735825345 -0.02255712437255748 0.0007399462626015787 0.1238093020524219
-0.056806346494608 0.053229551094979045 0.05955739987626762 0.02652260570142711
-0.011875921284403332 0.0007121645498806611 0.006679873488127021 0.08356920124253209
0.006454662923443724 -0.012265227161268457 -0.027962415385068978 0.08240043909358431
-0.02166240987873416 0.004464519397740523 -0.009096564900860993 0.10759981057770251
0.014844314484413932 -0.023780383771992573 0.041458747678821815 -0.028080979316128955
-0.011241890477150332 0.007357271298302299 0.004202771178659969 -0.02195704637928866
-0.005579897687021838 0.03727106907832296 -0.011665412696312098 0.05104838827706969
0.02927168141434878 0.006513362941481494 -0.028273171960819046 0.09549827753752403
-0.007007083963965136 -0.020823532655915196 -0.009717297809805093 0.0914311638643083
-0.01760654498416048 -0.030018077418809946 -0.013794871341696036 0.014031037275407165
0.022844567142302236 -0.007130650744349523 0.002256808520771187 0.032797569266565414
0.026019115719571984 0.009581306018464056 0.011773278022556687 0.036601375657486855
0.0020301561839037707 0.0027698240622366513 0.04204170532741632 0.0807067123107081
0.05255408089297096 0.0029803029243624297 0.012426370768650774 -0.027352448087537666
0.01278598042096756 0.0073045204660927765 -0.01984980974335146 0.10163087311898597
0.013354147998509192 -0.003873693041849058 -0.030532487468896117 -0.004197108894810475
-0.04061970933198331 0.01890232011339928 0.02898068719124976 -0.017711870490817683
-0.010162146475408623 0.02641129973362953 0.020809910025341757 0.08653034754944729
-0.02731358895368941 0.030680083220793637 0.00238223143469555 0.09090450637166209
-0.0026571439721283824 -0.037492430549402954 -0.0029333950348684372 -0.02281234701174704
0.020039350372529977 -0.01842462795384459 0.04045263772021084 0.08407872452958125
-0.014567478213869325 0.05912820434609028 0.00809466916654857 -0.027570357860434668
-0.011932284520659251 0.009447404961569789 -0.018398366462276144 0.03778771445432775
-0.9004305406111183 -0.8622284319647918 -0.753199268738574 -0.9151576674859617
-0.8961498074984187 -0.9004305406111183 -0.8622284319647918 -0.8958625317238638
-0.8731311157568545 -0.8961498074984187 -0.9004305406111183 -0.8737435862325111
-0.8470085216393398 -0.8731311157568545 -0.8961498074984187 -0.8441105541582646
-0.8124475544005221 -0.8470085216393398 -0.8731311157568545 -0.8219293488617969
-0.7868984682084152 -0.8124475544005221 -0.8470085216393398 -0.7868984682084152
-0.7470966102008878 -0.7868984682084152 -0.8124475544005221 -0.7306711751423017
-0.6388733138853672 -0.6845770893898347 -0.7470966102008878 -0.6524063375530743
-0.6002459182773626 -0.6388733138853672 -0.6845770893898347 -0.5888324581809872
-0.5339470356532167 -0.6002459182773626 -0.6388733138853672 -0.5047585843417526
-0.4491492559963789 -0.5339470356532167 -0.6002459182773626 -0.4741230591571648
-0.4190330982078102 -0.4491492559963789 -0.5339470356532167 -0.42941219934792396
-0.3389674326046163 -0.37580479192340255 -0.4190330982078102 -0.32789825517889176
-0.2807286939265462 -0.3389674326046163 -0.37580479192340255 -0.29073942887537646
-0.1760744904249352 -0.24695123532393085 -0.2807286939265462 -0.1949387781862498
-0.1622778725909069 -0.1760744904249352 -0.24695123532393085 -0.1540026482677755
-0.1271174019215892 -0.1622778725909069 -0.1760744904249352 -0.1580932175039896
-0.13060409843123194 -0.1271174019215892 -0.1622778725909069 -0.1254779433512274
-0.10296635599798132 -0.13060409843123194 -0.1271174019215892 -0.1191613362062241
-0.018794962234159936 -0.017813774038986454 0.012027884584306946 0.05069151620077836
-0.02343687059478484 0.03636551094740668 -0.02717489940011419 0.10623222185404965
0.020804683357980195 0.03583765052324274 -0.020021169713610416 0.08464803588295623
0.007994555635783324 0.0009620779449588009 -0.022939264937137542 0.09624040253312557
-0.022110266348960902 -0.007441191463936232 0.00336419619749326 -0.023731974033290984
-0.009420260004473676 -0.03185946054361681 -0.0014386242633358294 -0.020542558839511164
-0.016061285783696037 0.019827978614659892 -0.009497023007496642 0.09617506945010289
-0.003848900238728795 0.07548804202323493 -0.016061285783696037 0.08387118277390504
0.018299621457919954 -0.023591702428160437 0.06599001411215352 -0.03529509546091794
0.008316222440133764 -0.0030151485075459177 -0.024130459977235945 -0.009247846527423002
0.020979279350222015 0.02044148164129622 0.024309726048233296 -0.05128439717800537
-0.019227656390315873 0.04119813284208636 -0.022996238046984745 0.029443630324396917
-0.01390524657796698 0.03259836212448084 0.015451806069589291 0.11805334107422888
0.03484751337276496 0.021851810724284184 0.01487051568663102 0.028977959413844394
-0.03337745228274338 -0.0036084386662878884 -0.015254977201748027 0.034480004505430796
0.013423486629397817 0.0008135521359605608 -0.015008417489578372 0.10645756784086571
-0.03324428574220268 0.02688284501005935 0.028574931373131912 -0.036677367113856794
-0.0033602194164319673 -0.029558720902678186 -0.03324428574220268 0.053636776602123556
0.017384071843623474 0.00944909086764424 -0.0005658235691945449 0.10061613256574807
0.003594379710250771 0.007962391722141726 -0.030537185308933523 0.08114905118739986
-0.013534167575063651 -0.022694623091035586 0.00010088513428117145 0.0885543923435863
0.009004576288957242 -0.02459633282468528 0.03983864041861428 -0.0053140970298606455
-0.014323005756219814 -0.003903666864499314 -0.026785839158353253 0.0966487702879741
-0.014286440805507398 0.01042049610572497 -0.01105530472873119 -0.010804994281392165
-0.017468761273970547 -0.004922798261583505 -0.02294346753801651 0.0960806942043958
0.0015298143412192766 -0.006159503889429441 -0.016899075609294125 0.005218690268811245
0.004837060552534616 0.009957529282114515 -0.0029463152311675865 0.08763691877199707
0.0031276216895708524 -0.013965308989497008 -0.024248091818581268 -0.020003859997791397
-0.012055084295906675 0.031454854080652496 -0.02798614051965195 0.08761206898525942
-0.8679014405695533 -0.753199268738574 0.0 -0.9221313754936314
-0.9045228872278902 -0.8679014405695533 -0.753199268738574 -0.9143214414943218
-0.8951477003406079 -0.9045228872278902 -0.8679014405695533 -0.8927494318214086
-0.8694375149527913 -0.8951477003406079 -0.9045228872278902 -0.8732913271232366
-0.846477322582074 -0.8694375149527913 -0.8951477003406079 -0.851854153680582
-0.8214312468655539 -0.846477322582074 -0.8694375149527913 -0.8178070004432932
-0.7352047923600034 -0.7821800672804693 -0.8214312468655539 -0.733273742532182
-0.68743453250489 -0.7352047923600034 -0.7821800672804693 -0.6959204727988748
-0.6467542882521234 -0.68743453250489 -0.7352047923600034 -0.6452755852727137
-0.5927131306775232 -0.6467542882521234 -0.68743453250489 -0.5774327988502326
-0.5222602823989768 -0.5927131306775232 -0.6467542882521234 -0.5285519438584546
-0.47282395968571045 -0.5222602823989768 -0.5927131306775232 -0.474254883115652
-0.41916181390448487 -0.47282395968571045 -0.5222602823989768 -0.4335213880220651
-0.37974240096947587 -0.41916181390448487 -0.47282395968571045 -0.3823388281282083
-0.3311969535202821 -0.37974240096947587 -0.41916181390448487 -0.2916810332121624
-0.24780057194056787 -0.3311969535202821 -0.37974240096947587 -0.2652164352142703
-0.2139280425232032 -0.22405791655338106 -0.24780057194056787 -0.1908625508132033
-0.15874992372736393 -0.2139280425232032 -0.22405791655338106 -0.1474309375243798
-0.12152815189335232 -0.15874992372736393 -0.2139280425232032 -0.12409793902777772
-0.10180511214208714 -0.12152815189335232 -0.15874992372736393 -0.1370761368514703
-0.11275203207703073 -0.10180511214208714 -0.12152815189335232 -0.12713307736401333
0.007733266068341604 -0.024667204256294102 -0.03295191307682291 0.03506947880306903
-0.027388413954629307 0.019740705480372815 0.009962914160429612 0.08501464422253388
-0.0239988047669811 -0.0108644405013196 -0.029911699007701412 0.03274274673095948
-0.003827824690947202 0.011757025326349493 0.007368057493354835 -0.016472521123441525
0.012236018643083537 -0.020042218697593348 -0.009381586087019654 -0.005401947737436361
-0.004499160894786847 0.00362383935687081 0.0015277048947526532 0.1030537875680208
0.012565357638484513 -0.0012780830887797357 -0.02305809061080322 0.08002319216987908
-0.0013338355527139343 -0.031478079095102994 -0.018404157377065234 -0.02005882613610055
0.0029634249520900345 -0.016829177602954118 0.025064535742436354 0.12632256278042198
-0.001966640189393673 0.006726271755796165 -0.029523181787431626 -0.025855125671626827
-0.018678797080791242 0.029134419265456016 0.0017382456754486192 -0.0499353615184104
-0.01423587429723185 -0.022400311578093884 -0.027844458336999292 0.03940955934961556
0.06090810581594448 0.01022362920799607 0.0038595004144541655 -0.021619496039238448
0.012387310969110724 -0.011733472620384872 0.01947370834854617 0.021601302422754508
0.00401316769873268 0.01743484643306472 -0.009511147089197196 0.08737473674599708
-0.01485278683824235 -0.005588856216211838 -0.022859177217181812 0.08070047737871536
-0.0033960715443884393 0.009029083369960387 -0.005255519282377827 0.047634150651491604
-0.00783790089402752 -0.005352383459883087 -0.012031966094083423 0.0829527499063073
-0.014108890885590945 0.0001272413522495923 -0.024530477487462267 0.015107891627282722
-0.014811890454171738 -0.023789923837079254 0.012932621570772537 0.09011938748562062
-0.0017292413285542108 -0.039763020800310564 -0.02083627935766901 0.02487907852573984
-0.013778349030517594 0.011471450783670064 -0.003915350049663225 0.04160392883172543
-0.025838905908867987 0.01829168932410054 -0.021143884534465602 0.08162585661980991
-0.018319618354719187 0.05012379014207934 -0.017802001821329072 0.015206775965798006
0.011201533272826246 -0.014191387902424399 -0.026279117430404515 0.08635525974478273
-0.033266773378634366 0.040258655330744464 -0.010217074983310261 0.03321344850936785
0.03111475608768665 0.02268858604264675 0.01445528023396612 0.02770197556224197
-0.019461898133301375 0.007274888331694308 0.01048156346101576 0.006902815851891596
0.010743883831668986 0.011157971249023398 -0.017027943996389017 0.08210134317756226
-0.016036746349501807 0.0083974542665822 0.0146783657777846 0.09463017959048364
-0.022436328284186697 0.025244465816310856 -0.020784978846171795 -0.024991746627550274
0.019887820548797498 -0.02069388730024294 -0.014029263988424582 0.09563911039374533
-0.8665480427046264 -0.753199268738574 0.0 -0.9207629003558719
-0.90287755074222 -0.8665480427046264 -0.753199268738574 -0.9149027945099709
-0.8958443322038144 -0.90287755074222 -0.8665480427046264 -0.8956285897388742
-0.8728533558144954 -0.8958443322038144 -0.90287755074222 -0.8728533558144954
-0.8459630161619843 -0.8728533558144954 -0.8958443322038144 -0.8489347907697917
-0.8180404286419022 -0.8459630161619843 -0.8728533558144954 -0.8164211162972634
-0.7335495120873908 -0.7805958859555941 -0.8180404286419022 -0.7460855223759733
-0.598047283714903 -0.6446517606061982 -0.7015519717666637 -0.570910038461122
-0.4345974360911699 -0.4746041133471152 -0.5156003092452524 -0.40759155385342666
-0.35501333004944813 -0.4345974360911699 -0.4746041133471152 -0.3515541836631212
-0.30251331094585676 -0.35501333004944813 -0.4345974360911699 -0.2893356340021799
-0.24568562862651955 -0.30251331094585676 -0.35501333004944813 -0.2986719348181122
-0.2541170755813289 -0.24568562862651955 -0.30251331094585676 -0.24729177430204025
-0.20812704046499647 -0.2541170755813289 -0.24568562862651955 -0.20334008465288067
-0.15212927296919368 -0.16956806464622207 -0.20812704046499647 -0.13041453865379005
-0.1071257828322304 -0.15212927296919368 -0.16956806464622207 -0.11633067166901152
-0.04711901496031799 -0.09528136640550808 -0.1071257828322304 -0.11005111470610086
0.009312384221980791 0.018126078242417118 -0.02543460211195835 -0.03625164953906622
-0.038948946474542695 0.029076387858800543 0.020768209214228995 -0.03758768435906754
0.0317058077698089 0.034625337289125264 -0.022182008847058225 0.004150789534247565
0.007050245824616197 -0.0003762705709194915 0.0006801776027135319 -0.033378778642795405
-0.0056180830072373724 0.04181890808450278 -0.025152568058389696 -0.0005435290351100752
-0.007017561774090241 -0.003913380895337485 0.0034075838216153795 -0.015796838798888883
0.01845411273568242 -0.004285472451052562 -0.0346258258289942 0.03545131714308894
0.016619322227097322 -0.0024571462889138944 0.00788317157931528 0.09046238857433737
-0.01134029793062295 -0.025440556487258313 0.024340072061416772 0.02012652151272722
-0.012622837227922918 -0.018485972540016573 -0.00882187574988563 0.0892494097247517
-0.0076622440714721055 -0.0021369883283617252 0.008458003378325878 0.0018660575662491222
-0.004465987434273326 -0.00836958353463941 -0.0060266046073537095 0.08874880774978348
-0.02582328420999503 0.03244127843596655 0.004340796831533087 0.09394125786310498
0.04355169138582171 -0.012600612679258842 0.020062383519058074 0.08740030046722726
-0.020667405348966994 -0.004511151394156187 -0.009501720782848413 -0.022957706084820673
0.0006053807093713065 -0.01592630208152879 -0.028599000403537276 0.12594168794803068
-0.02030566075618241 0.01075318925726117 -0.011445773820820463 0.002575665565527343
0.002089609807311434 -0.010935451931644283 -0.03241128339645768 0.013795191598464178
0.015300229379845147 0.015474772366204285 -0.021470305978549615 0.08184308524465801
0.0014426759242235885 0.004812415957575181 0.018534334215417038 0.08402873166572228
-0.01990692532450165 -0.011360539030328163 0.05015804380295019 0.09444487495785156
0.020828745607944878 -0.021936905098674225 -0.00520633367201947 0.012000458777471072
0.004673221275315985 0.008157999583157053 0.024335938573778058 -0.0015555220023955028
-0.018068355975634286 0.02808907825961264 -0.024059392161567293 0.08673814436534905
0.03441260573549342 0.018876797138567485 0.014878804775993326 0.025242281216561743
-0.03389731642353039 0.011256355087212002 -0.04387813761608771 0.04071850395725683
-0.009204403317365066 -0.01633839183216795 -0.022644449758901612 0.04970525996854066
0.017923198905373756 0.021591479807219833 0.017493513241434007 -0.024584982915819835
0.03861626696616852 -0.01344295497716826 0.005303816587907549 0.087283384960808
