[90480, 100.0, 19.59]
[18792, 19.59, 9.379]
[8231, 9.379, 5.369]
[4911, 5.369, 4.067]
[4413, 4.067, 4.4]
[4650, 4.4, 4.464]
[4534, 4.464, 4.142]
[4223, 4.142, 4.035]
[4360, 4.035, 4.188]
[4342, 4.188, 4.308]
[4265, 4.308, 4.191]
[4363, 4.191, 4.312]
[4313, 4.312, 4.33]
[4239, 4.33, 4.519]
[4542, 4.519, 4.21]
[4517, 4.21, 4.299]
[4204, 4.299, 4.378]
[4312, 4.378, 4.237]
[4333, 4.237, 4.156]
[4340, 4.156, 4.097]
[4426, 4.097, 3.974]
[4196, 3.974, 4.034]
[4222, 4.034, 4.192]
[4248, 4.192, 4.198]
[4434, 4.198, 4.45]
[4491, 4.45, 4.325]
[4327, 4.325, 4.368]
[4382, 4.368, 4.318]
[4188, 4.318, 4.375]
[4335, 4.375, 4.465]
[4330, 4.465, 4.424]
[4524, 4.424, 4.465]
[4342, 4.465, 4.296]
[4597, 4.296, 4.349]
[4203, 4.349, 4.27]
[4275, 4.27, 4.295]
[4198, 4.295, 4.279]
[4356, 4.279, 4.369]
[4260, 4.369, 4.226]
[4262, 4.226, 4.384]
[4450, 4.384, 4.242]
[4264, 4.242, 4.059]
[4304, 4.059, 4.252]
[4409, 4.252, 4.265]
[4188, 4.265, 4.333]
[4271, 4.333, 4.301]
[4216, 4.301, 4.411]
[4363, 4.411, 4.435]
[4415, 4.435, 4.374]
[4407, 4.374, 4.3]
[4238, 4.3, 4.26]
[4288, 4.26, 4.35]
[4250, 4.35, 4.293]
[4220, 4.293, 4.38]
[4409, 4.38, 4.224]
[4542, 4.224, 4.205]
[4188, 4.205, 4.314]
[4570, 4.314, 4.261]
[4524, 4.261, 4.246]
[4592, 4.246, 4.226]
[4797, 4.226, 4.115]
[4188, 4.115, 4.126]
[4188, 4.126, 4.339]
[4337, 4.339, 4.433]
[4395, 4.433, 4.388]
[4622, 4.388, 4.476]
[4318, 4.476, 4.307]
[4188, 4.307, 4.523]
[4496, 4.523, 4.635]
[4492, 4.635, 4.261]
[4380, 4.261, 4.257]
[4272, 4.257, 4.275]
[4316, 4.275, 4.25]
[4354, 4.25, 4.182]
[4366, 4.182, 4.225]
[4305, 4.225, 4.23]
[4194, 4.23, 4.198]
[4392, 4.198, 4.128]
[4374, 4.128, 4.245]
[4443, 4.245, 4.365]
[4421, 4.365, 4.153]
[4245, 4.153, 4.159]
[4249, 4.159, 4.372]
[4313, 4.372, 4.499]
[4251, 4.499, 4.355]
[4327, 4.355, 4.29]
[4223, 4.29, 4.458]
[4256, 4.458, 4.437]
[4241, 4.437, 4.397]
[4423, 4.397, 4.424]
[4485, 4.424, 4.452]
[4469, 4.452, 4.304]
[4341, 4.304, 4.276]
[4269, 4.276, 4.402]
[4280, 4.402, 4.424]
[4231, 4.424, 4.414]
[4255, 4.414, 4.495]
[4414, 4.495, 4.523]
[4388, 4.523, 4.511]
[4340, 4.511, 4.52]
[4342, 4.52, 4.663]
[4464, 4.663, 4.567]
[4607, 4.567, 4.458]
[4287, 4.458, 4.389]
[4337, 4.389, 4.377]
[4299, 4.377, 4.47]
[4246, 4.47, 4.496]
[4287, 4.496, 4.507]
[4264, 4.507, 4.536]
[4336, 4.536, 4.708]
[4344, 4.708, 4.563]
[4337, 4.563, 4.438]
[4188, 4.438, 4.466]
[4352, 4.466, 4.472]
[4232, 4.472, 4.462]
[4355, 4.462, 4.62]
[4449, 4.62, 4.406]
[4376, 4.406, 4.417]
[4569, 4.417, 4.126]
[4417, 4.126, 4.026]
[4599, 4.026, 4.268]
[4260, 4.268, 4.258]
[4249, 4.258, 4.035]
[4254, 4.035, 4.115]
[4317, 4.115, 4.23]
[4188, 4.23, 4.183]
[4370, 4.183, 4.156]
[4579, 4.156, 4.046]
[4468, 4.046, 3.988]
[4358, 3.988, 3.987]
[4527, 3.987, 4.187]
[4306, 4.187, 4.114]
[4188, 4.114, 4.15]
[4326, 4.15, 4.284]
[4246, 4.284, 4.196]
[4425, 4.196, 4.112]
[4353, 4.112, 4.174]
[4421, 4.174, 4.265]
[4253, 4.265, 4.241]
[4426, 4.241, 4.215]
[4320, 4.215, 4.358]
[4531, 4.358, 4.07]
[4443, 4.07, 3.953]
[4205, 3.953, 4.306]
[4301, 4.306, 4.32]
[4504, 4.32, 4.108]
[4279, 4.108, 4.11]
[4281, 4.11, 4.198]
[4354, 4.198, 4.225]
[4321, 4.225, 4.131]
[4430, 4.131, 4.09]
[4258, 4.09, 4.181]
[4222, 4.181, 4.122]
[4417, 4.122, 4.199]
[4188, 4.199, 4.265]
[4188, 4.265, 4.303]
[4329, 4.303, 4.569]
[4390, 4.569, 4.482]
[4188, 4.482, 4.606]
[4224, 4.606, 4.737]
[4553, 4.737, 4.634]
[4455, 4.634, 4.237]
[4423, 4.237, 4.506]
[4411, 4.506, 4.614]
[4390, 4.614, 4.365]
[4614, 4.365, 4.463]
[4284, 4.463, 4.456]
[4188, 4.456, 4.399]
[4301, 4.399, 4.395]
[4629, 4.395, 4.473]
[4402, 4.473, 4.288]
[4345, 4.288, 4.185]
[4438, 4.185, 4.421]
[4546, 4.421, 4.463]
[4351, 4.463, 4.265]
[4188, 4.265, 4.476]
[4299, 4.476, 4.471]
[4465, 4.471, 4.472]
[4725, 4.472, 4.543]
[4436, 4.543, 4.398]
[4559, 4.398, 4.422]
[4188, 4.422, 4.368]
[4367, 4.368, 4.429]
[4287, 4.429, 4.47]
[4255, 4.47, 4.444]
[4615, 4.444, 4.362]
[4559, 4.362, 4.24]
[4267, 4.24, 4.264]
[4215, 4.264, 4.217]
[4266, 4.217, 4.301]
[4459, 4.301, 4.298]
[4334, 4.298, 4.317]
[4188, 4.317, 4.428]
[4276, 4.428, 4.407]
[4510, 4.407, 4.343]
[4188, 4.343, 4.405]
[4297, 4.405, 4.413]
[4204, 4.413, 4.47]
[4240, 4.47, 4.681]
[4320, 4.681, 4.541]
[4351, 4.541, 4.38]
[4243, 4.38, 4.444]
[4246, 4.444, 4.506]
[4270, 4.506, 4.409]
[4276, 4.409, 4.452]
[4295, 4.452, 4.631]
[4288, 4.631, 4.494]
[4268, 4.494, 4.266]
[4219, 4.266, 4.439]
[4453, 4.439, 4.599]
[4406, 4.599, 4.541]
[4272, 4.541, 4.482]
[4233, 4.482, 4.563]
[4338, 4.563, 4.502]
[4319, 4.502, 4.358]
[4615, 4.358, 4.417]
[4341, 4.417, 4.437]
[4296, 4.437, 4.425]
[4240, 4.425, 4.357]
[4230, 4.357, 4.247]
[4274, 4.247, 4.326]
[4188, 4.326, 4.435]
[4352, 4.435, 4.367]
[4425, 4.367, 4.443]
[4459, 4.443, 4.504]
[4533, 4.504, 4.373]
[4190, 4.373, 4.322]
[4336, 4.322, 4.484]
[4345, 4.484, 4.454]
[4390, 4.454, 4.224]
[4260, 4.224, 4.403]
[4337, 4.403, 4.43]
[4331, 4.43, 4.422]
[4279, 4.422, 4.362]
[4299, 4.362, 4.527]
[4487, 4.527, 4.53]
[4505, 4.53, 4.291]
[4256, 4.291, 4.169]
[4188, 4.169, 4.281]
[4244, 4.281, 4.372]
[4299, 4.372, 4.452]
[4468, 4.452, 4.437]
[4351, 4.437, 4.572]
[4314, 4.572, 4.643]
[4313, 4.643, 4.492]
[4364, 4.492, 4.48]
[4188, 4.48, 4.688]
[4236, 4.688, 4.668]
[4199, 4.668, 4.651]
[4317, 4.651, 4.802]
[4190, 4.802, 4.747]
[4336, 4.747, 4.768]
[4317, 4.768, 4.651]
[4243, 4.651, 4.687]
[4291, 4.687, 4.808]
[4591, 4.808, 4.681]
[4347, 4.681, 4.395]
[4381, 4.395, 4.419]
[4188, 4.419, 4.397]
[4309, 4.397, 4.374]
[4416, 4.374, 4.37]
[4332, 4.37, 4.466]
[4294, 4.466, 4.444]
[4222, 4.444, 4.296]
[4188, 4.296, 4.289]
[4439, 4.289, 4.192]
[4319, 4.192, 4.284]
[4195, 4.284, 4.319]
[4238, 4.319, 4.49]
[4188, 4.49, 4.635]
[4200, 4.635, 4.536]
[4343, 4.536, 4.414]
[4373, 4.414, 4.347]
[4188, 4.347, 4.349]
[4470, 4.349, 4.334]
[4358, 4.334, 4.411]
[4259, 4.411, 4.617]
[4298, 4.617, 4.359]
[4188, 4.359, 4.362]
[4245, 4.362, 4.588]
[4188, 4.588, 4.759]
[4432, 4.759, 4.538]
[4188, 4.538, 4.616]
[4335, 4.616, 4.809]
[4232, 4.809, 4.667]
[4441, 4.667, 4.577]
[4435, 4.577, 4.749]
[4320, 4.749, 4.659]
[4300, 4.659, 4.501]
[4379, 4.501, 4.361]
[4474, 4.361, 4.414]
[4336, 4.414, 4.405]
[4362, 4.405, 4.217]
[4321, 4.217, 4.116]
[4280, 4.116, 4.273]
[4329, 4.273, 4.183]
[4413, 4.183, 4.079]
[4358, 4.079, 4.132]
[4417, 4.132, 4.404]
[4244, 4.404, 4.148]
[4347, 4.148, 4.169]
[4406, 4.169, 4.272]
[4700, 4.272, 4.347]
[4535, 4.347, 4.039]
[4441, 4.039, 4.21]
[4503, 4.21, 4.211]
[4325, 4.211, 4.067]
[4303, 4.067, 4.1]
[4456, 4.1, 4.142]
[4200, 4.142, 4.198]
[4394, 4.198, 4.034]
[4226, 4.034, 4.227]
[4291, 4.227, 4.288]
[4265, 4.288, 4.171]
[4231, 4.171, 4.236]
[4221, 4.236, 4.208]
[4587, 4.208, 4.381]
[4204, 4.381, 4.315]
[4333, 4.315, 4.286]
[4188, 4.286, 4.375]
[4360, 4.375, 4.289]
[4271, 4.289, 4.194]
[4520, 4.194, 4.336]
[4325, 4.336, 4.365]
[4188, 4.365, 4.328]
[4316, 4.328, 4.385]
[4235, 4.385, 4.372]
[4292, 4.372, 4.513]
[4198, 4.513, 4.445]
[4438, 4.445, 4.071]
[4410, 4.071, 4.226]
[4316, 4.226, 4.603]
[4292, 4.603, 4.515]
[4366, 4.515, 4.492]
[4188, 4.492, 4.808]
[4188, 4.808, 4.807]
[4421, 4.807, 4.741]
[4311, 4.741, 4.753]
[4331, 4.753, 4.795]
[4355, 4.795, 4.71]
[4248, 4.71, 4.725]
[4188, 4.725, 4.646]
[4465, 4.646, 4.743]
[4525, 4.743, 4.599]
[4188, 4.599, 4.616]
[4320, 4.616, 4.765]
[4237, 4.765, 4.733]
[4259, 4.733, 4.711]
[4188, 4.711, 4.784]
[4223, 4.784, 4.689]
[4353, 4.689, 4.88]
[4188, 4.88, 5.038]
[4292, 5.038, 4.796]
[4502, 4.796, 4.77]
[4334, 4.77, 5.03]
[4224, 5.03, 4.954]
[4339, 4.954, 4.807]
[4292, 4.807, 4.788]
[4221, 4.788, 4.873]
[4544, 4.873, 4.934]
[4273, 4.934, 4.866]
[4333, 4.866, 4.854]
[4523, 4.854, 4.931]
[4439, 4.931, 4.848]
[4323, 4.848, 4.806]
[4399, 4.806, 4.846]
[4477, 4.846, 4.84]
[4515, 4.84, 4.848]
[4295, 4.848, 4.825]
[4239, 4.825, 4.838]
[4467, 4.838, 4.755]
[4272, 4.755, 4.744]
[4487, 4.744, 4.831]
[4434, 4.831, 4.673]
[4295, 4.673, 4.626]
[4447, 4.626, 4.581]
[4343, 4.581, 4.442]
[4256, 4.442, 4.277]
[4303, 4.277, 4.341]
[4349, 4.341, 4.464]
[4544, 4.464, 4.159]
[4427, 4.159, 4.079]
[4259, 4.079, 4.124]
[4378, 4.124, 4.222]
[4369, 4.222, 4.229]
[4569, 4.229, 4.457]
[4408, 4.457, 4.263]
[4302, 4.263, 4.205]
[4195, 4.205, 4.365]
[4274, 4.365, 4.358]
[4378, 4.358, 4.213]
[4188, 4.213, 4.216]
[4351, 4.216, 4.3]
[4299, 4.3, 4.194]
[4329, 4.194, 4.164]
[4418, 4.164, 4.12]
[4268, 4.12, 4.099]
[4188, 4.099, 4.237]
[4188, 4.237, 4.243]
[4515, 4.243, 4.284]
[4377, 4.284, 4.229]
[4345, 4.229, 4.128]
[4371, 4.128, 4.418]
[4314, 4.418, 4.209]
[4188, 4.209, 4.288]
[4453, 4.288, 4.328]
[4488, 4.328, 4.158]
[4423, 4.158, 4.032]
[4320, 4.032, 3.99]
[4255, 3.99, 4.072]
[4619, 4.072, 3.964]
[4586, 3.964, 3.749]
[4400, 3.749, 3.698]
[4188, 3.698, 3.814]
[4306, 3.814, 3.896]
[4386, 3.896, 3.991]
[4476, 3.991, 3.852]
[4447, 3.852, 3.748]
[4342, 3.748, 3.742]
[4639, 3.742, 3.725]
[4336, 3.725, 3.611]
[4375, 3.611, 3.542]
[4278, 3.542, 3.469]
[4321, 3.469, 3.486]
[4475, 3.486, 3.556]
[4414, 3.556, 3.517]
[4472, 3.517, 3.577]
[4217, 3.577, 3.6]
[4863, 3.6, 3.788]
[4524, 3.788, 3.52]
[4188, 3.52, 3.511]
[4265, 3.511, 3.634]
[4393, 3.634, 3.622]
[4295, 3.622, 3.661]
[4377, 3.661, 3.581]
[4383, 3.581, 3.663]
[4551, 3.663, 3.726]
[4233, 3.726, 3.729]
[4300, 3.729, 3.684]
[4294, 3.684, 3.719]
[4452, 3.719, 3.752]
[4375, 3.752, 3.56]
[4188, 3.56, 3.657]
[4192, 3.657, 3.804]
[4607, 3.804, 3.861]
[4248, 3.861, 3.798]
[4188, 3.798, 3.825]
[4369, 3.825, 4.03]
[4373, 4.03, 3.968]
[4323, 3.968, 3.967]
[4216, 3.967, 3.902]
[4361, 3.902, 3.98]
[4414, 3.98, 4.121]
[4267, 4.121, 3.986]
[4188, 3.986, 3.991]
[4245, 3.991, 4.116]
[4603, 4.116, 4.058]
[4531, 4.058, 3.744]
[4188, 3.744, 3.772]
[4202, 3.772, 4.075]
[4302, 4.075, 4.129]
[4283, 4.129, 4.136]
[4188, 4.136, 4.116]
[4250, 4.116, 4.284]
[4188, 4.284, 4.464]
[4554, 4.464, 4.091]
[4363, 4.091, 4.1]
[4309, 4.1, 4.272]
[4308, 4.272, 4.391]
[4419, 4.391, 4.216]
[4188, 4.216, 4.38]
[4407, 4.38, 4.533]
[4528, 4.533, 4.28]
[4387, 4.28, 4.227]
[4322, 4.227, 4.372]
[4447, 4.372, 4.274]
[4344, 4.274, 4.141]
[4213, 4.141, 4.259]
[4600, 4.259, 4.338]
[4322, 4.338, 4.109]
[4252, 4.109, 4.281]
[4311, 4.281, 4.097]
[4188, 4.097, 4.039]
[4599, 4.039, 4.096]
[4285, 4.096, 4.154]
[4410, 4.154, 4.075]
[4314, 4.075, 4.1]
[4445, 4.1, 3.883]
[4253, 3.883, 3.9]
[4260, 3.9, 3.911]
[4269, 3.911, 3.81]
[4209, 3.81, 3.804]
[4394, 3.804, 3.931]
[4188, 3.931, 4.053]
[4191, 4.053, 3.953]
[4205, 3.953, 3.981]
[4349, 3.981, 4.235]
[4237, 4.235, 4.159]
[4288, 4.159, 4.195]
[4188, 4.195, 4.262]
[4373, 4.262, 4.213]
[4411, 4.213, 4.163]
[4789, 4.163, 4.07]
[4539, 4.07, 3.929]
[4188, 3.929, 4.063]
[4325, 4.063, 4.225]
[4291, 4.225, 4.094]
[4636, 4.094, 4.298]
[4248, 4.298, 4.212]
[4478, 4.212, 4.179]
[4555, 4.179, 4.168]
[4394, 4.168, 4.143]
[4234, 4.143, 3.964]
[4195, 3.964, 3.986]
[4634, 3.986, 3.982]
[4470, 3.982, 3.887]
[4214, 3.887, 3.863]
[4506, 3.863, 3.989]
[4546, 3.989, 4.05]
[4271, 4.05, 4.067]
[4490, 4.067, 4.153]
[4326, 4.153, 4.158]
[4330, 4.158, 4.215]
[4188, 4.215, 4.32]
[4442, 4.32, 4.156]
[4630, 4.156, 4.014]
[4398, 4.014, 4.11]
[4264, 4.11, 4.202]
[4596, 4.202, 4.154]
[4339, 4.154, 3.985]
[4348, 3.985, 3.946]
[4266, 3.946, 3.898]
[4489, 3.898, 3.892]
[4188, 3.892, 3.81]
[4408, 3.81, 3.999]
[4293, 3.999, 4.138]
[4255, 4.138, 4.184]
[4547, 4.184, 4.041]
[4217, 4.041, 3.928]
[4386, 3.928, 3.881]
[4241, 3.881, 3.957]
[4301, 3.957, 3.945]
[4344, 3.945, 3.769]
[4485, 3.769, 3.894]
[4298, 3.894, 3.917]
[4264, 3.917, 3.803]
[4262, 3.803, 3.815]
[4188, 3.815, 3.899]
[4437, 3.899, 3.841]
[4318, 3.841, 3.797]
[4258, 3.797, 3.865]
[4258, 3.865, 3.982]
[4204, 3.982, 4.095]
[4326, 4.095, 4.037]
[4188, 4.037, 4.082]
[4188, 4.082, 4.163]
[4455, 4.163, 4.119]
[4307, 4.119, 4.031]
[4295, 4.031, 4.106]
[4420, 4.106, 4.248]
[4698, 4.248, 3.956]
[4499, 3.956, 3.972]
[4371, 3.972, 4.124]
[4431, 4.124, 4.105]
[4188, 4.105, 4.286]
[4239, 4.286, 4.265]
[4496, 4.265, 4.243]
[4443, 4.243, 4.237]
[4250, 4.237, 4.2]
[4322, 4.2, 4.19]
[4309, 4.19, 4.179]
[4220, 4.179, 4.122]
[4188, 4.122, 4.138]
[4486, 4.138, 4.383]
[4611, 4.383, 4.471]
[4308, 4.471, 4.415]
[4593, 4.415, 4.392]
[4266, 4.392, 4.378]
[4404, 4.378, 4.382]
[4502, 4.382, 4.46]
[4498, 4.46, 4.393]
[4369, 4.393, 4.372]
[4261, 4.372, 4.227]
[4242, 4.227, 4.281]
[4456, 4.281, 4.402]
[4430, 4.402, 4.157]
[4188, 4.157, 4.046]
[4254, 4.046, 4.148]
[4565, 4.148, 4.228]
[4269, 4.228, 4.117]
[4188, 4.117, 4.156]
[4365, 4.156, 4.287]
[4279, 4.287, 4.294]
[4188, 4.294, 4.431]
[4188, 4.431, 4.633]
[4304, 4.633, 4.405]
[4229, 4.405, 4.554]
[4497, 4.554, 4.6]
[4354, 4.6, 4.512]
[4341, 4.512, 4.482]
[4229, 4.482, 4.533]
[4539, 4.533, 4.69]
[4384, 4.69, 4.445]
[4297, 4.445, 4.405]
[4270, 4.405, 4.578]
[4252, 4.578, 4.63]
[4233, 4.63, 4.56]
[4797, 4.56, 4.751]
[4296, 4.751, 4.735]
[4339, 4.735, 4.645]
[4360, 4.645, 4.444]
[4252, 4.444, 4.458]
[4486, 4.458, 4.523]
[4457, 4.523, 4.438]
[4262, 4.438, 4.227]
[4188, 4.227, 4.379]
[4407, 4.379, 4.662]
[4472, 4.662, 4.241]
[4257, 4.241, 4.086]
[4210, 4.086, 4.257]
[4341, 4.257, 4.294]
[4442, 4.294, 4.129]
[4188, 4.129, 4.315]
[4253, 4.315, 4.313]
[4313, 4.313, 4.148]
[4203, 4.148, 4.396]
[4377, 4.396, 4.373]
[4461, 4.373, 4.272]
[4207, 4.272, 4.181]
[4244, 4.181, 4.271]
[4485, 4.271, 4.371]
[4397, 4.371, 4.232]
[4473, 4.232, 4.043]
[4397, 4.043, 4.067]
[4528, 4.067, 4.134]
[4270, 4.134, 3.903]
[4271, 3.903, 3.676]
[4237, 3.676, 3.696]
[4371, 3.696, 3.847]
[4619, 3.847, 3.717]
[4485, 3.717, 3.479]
[4248, 3.479, 3.676]
[4401, 3.676, 3.483]
[4376, 3.483, 3.419]
[4674, 3.419, 3.608]
[4227, 3.608, 3.776]
[4321, 3.776, 3.676]
[4552, 3.676, 3.625]
[4405, 3.625, 3.514]
[4329, 3.514, 3.574]
[4300, 3.574, 3.507]
[4219, 3.507, 3.436]
[4503, 3.436, 3.366]
[4188, 3.366, 3.445]
[4333, 3.445, 3.438]
[4385, 3.438, 3.436]
[4197, 3.436, 3.504]
[4421, 3.504, 3.725]
[4302, 3.725, 3.63]
[4558, 3.63, 3.693]
[4286, 3.693, 3.753]
[4463, 3.753, 3.71]
[4392, 3.71, 3.646]
[4576, 3.646, 3.585]
[4490, 3.585, 3.422]
[4269, 3.422, 3.492]
[4255, 3.492, 3.476]
[4491, 3.476, 3.512]
[4610, 3.512, 3.588]
[4436, 3.588, 3.552]
[4237, 3.552, 3.526]
[4381, 3.526, 3.576]
[4527, 3.576, 3.528]
[4246, 3.528, 3.599]
[4390, 3.599, 3.741]
[4381, 3.741, 3.751]
[4296, 3.751, 3.517]
[4237, 3.517, 3.835]
[4353, 3.835, 4.205]
[4496, 4.205, 3.916]
[4571, 3.916, 3.853]
[4419, 3.853, 4.035]
[4235, 4.035, 4.249]
[4269, 4.249, 4.141]
[4359, 4.141, 4.125]
[4316, 4.125, 4.103]
[4259, 4.103, 4.119]
[4332, 4.119, 4.152]
[4368, 4.152, 4.125]
[4307, 4.125, 4.09]
[4224, 4.09, 4.16]
[4232, 4.16, 4.165]
[4286, 4.165, 4.164]
[4471, 4.164, 4.087]
[4188, 4.087, 4.064]
[4188, 4.064, 4.078]
[4325, 4.078, 4.228]
[4235, 4.228, 4.152]
[4383, 4.152, 4.256]
[4471, 4.256, 4.288]
[4683, 4.288, 4.204]
[4188, 4.204, 4.24]
[4216, 4.24, 4.297]
[4188, 4.297, 4.323]
[4274, 4.323, 4.391]
[4413, 4.391, 4.41]
[4642, 4.41, 4.255]
[4188, 4.255, 4.206]
[4367, 4.206, 4.306]
[4330, 4.306, 4.329]
[4278, 4.329, 4.259]
[4444, 4.259, 4.306]
[4439, 4.306, 4.188]
[4331, 4.188, 4.128]
[4269, 4.128, 4.257]
[4403, 4.257, 4.136]
[4428, 4.136, 4.088]
[4402, 4.088, 4.278]
[4222, 4.278, 4.176]
[4216, 4.176, 4.148]
[4345, 4.148, 4.31]
[4453, 4.31, 4.369]
[4232, 4.369, 4.168]
[4433, 4.168, 4.309]
[4599, 4.309, 4.284]
[4509, 4.284, 4.245]
[4477, 4.245, 4.558]
[4478, 4.558, 4.32]
[4307, 4.32, 4.115]
[4188, 4.115, 4.134]
[4188, 4.134, 4.238]
[4188, 4.238, 4.249]
[4508, 4.249, 4.302]
[4433, 4.302, 4.171]
[4201, 4.171, 4.143]
[4369, 4.143, 4.179]
[4338, 4.179, 4.072]
[4324, 4.072, 4.055]
[4288, 4.055, 3.938]
[4287, 3.938, 4.017]
[4553, 4.017, 4.021]
[4257, 4.021, 3.99]
[4441, 3.99, 4.053]
[4188, 4.053, 4.137]
[4461, 4.137, 4.107]
[4441, 4.107, 4.119]
[4321, 4.119, 4.098]
[4188, 4.098, 4.156]
[4536, 4.156, 4.114]
[4262, 4.114, 4.07]
[4331, 4.07, 4.144]
[4283, 4.144, 4.201]
[4269, 4.201, 4.266]
[4293, 4.266, 4.269]
[4188, 4.269, 4.293]
[4407, 4.293, 4.362]
[4440, 4.362, 4.367]
[4225, 4.367, 4.175]
[4188, 4.175, 4.303]
[4210, 4.303, 4.41]
[4188, 4.41, 4.382]
[4450, 4.382, 4.359]
[4378, 4.359, 4.19]
[4485, 4.19, 4.193]
[4257, 4.193, 4.199]
[4188, 4.199, 4.297]
[4343, 4.297, 4.333]
[4266, 4.333, 4.193]
[4567, 4.193, 4.286]
[4191, 4.286, 4.226]
[4336, 4.226, 4.131]
[4272, 4.131, 4.045]
[4302, 4.045, 4.085]
[4206, 4.085, 4.249]
[4513, 4.249, 3.951]
[4408, 3.951, 3.925]
[4374, 3.925, 4.017]
[4561, 4.017, 4.112]
[4212, 4.112, 3.931]
[4524, 3.931, 3.925]
[4188, 3.925, 3.885]
[4414, 3.885, 3.84]
[4375, 3.84, 3.848]
[4188, 3.848, 3.864]
[4437, 3.864, 3.923]
[4426, 3.923, 3.991]
[4276, 3.991, 3.954]
[4403, 3.954, 4.026]
[4484, 4.026, 4.066]
[4483, 4.066, 3.922]
[4221, 3.922, 3.939]
[4188, 3.939, 4.007]
[4321, 4.007, 4.154]
[4188, 4.154, 4.254]
[4226, 4.254, 4.114]
[4348, 4.114, 4.371]
[4274, 4.371, 4.521]
[4458, 4.521, 4.316]
[4399, 4.316, 4.315]
[4400, 4.315, 4.234]
[4188, 4.234, 4.301]
[4385, 4.301, 4.329]
[4425, 4.329, 4.299]
[4435, 4.299, 4.307]
[4378, 4.307, 4.175]
[4299, 4.175, 4.357]
[4188, 4.357, 4.527]
[4366, 4.527, 4.454]
[4433, 4.454, 4.441]
[4545, 4.441, 4.341]
[4306, 4.341, 4.265]
[4361, 4.265, 4.479]
[4252, 4.479, 4.407]
[4478, 4.407, 4.296]
[4274, 4.296, 4.31]
[4361, 4.31, 4.433]
[4188, 4.433, 4.441]
[4461, 4.441, 4.448]
[4335, 4.448, 4.418]
[4502, 4.418, 4.481]
[4403, 4.481, 4.331]
[4351, 4.331, 4.269]
[4271, 4.269, 4.557]
[4302, 4.557, 4.459]
[4432, 4.459, 4.21]
[4188, 4.21, 4.485]
[4188, 4.485, 4.57]
[4188, 4.57, 4.432]
[4188, 4.432, 4.525]
[4378, 4.525, 4.694]
[4541, 4.694, 4.614]
[4386, 4.614, 4.583]
[4437, 4.583, 4.781]
[4454, 4.781, 4.733]
[4268, 4.733, 4.613]
[4269, 4.613, 4.539]
[4188, 4.539, 4.51]
[4188, 4.51, 4.445]
[4392, 4.445, 4.294]
[4492, 4.294, 4.187]
[4326, 4.187, 4.129]
[4262, 4.129, 4.144]
[4455, 4.144, 4.237]
[4489, 4.237, 4.229]
[4569, 4.229, 4.148]
[4441, 4.148, 4.115]
[4360, 4.115, 4.183]
[4705, 4.183, 4.176]
[4371, 4.176, 4.102]
[4188, 4.102, 4.244]
[4546, 4.244, 4.167]
[4501, 4.167, 3.883]
[4188, 3.883, 4.062]
[4393, 4.062, 4.237]
[4432, 4.237, 3.923]
[4412, 3.923, 4.041]
[4406, 4.041, 4.034]
[4311, 4.034, 3.995]
[4268, 3.995, 3.879]
[4296, 3.879, 4.041]
[4560, 4.041, 4.096]
[4369, 4.096, 3.98]
[4378, 3.98, 4.174]
[4188, 4.174, 4.217]
[4315, 4.217, 4.09]
[4522, 4.09, 3.777]
[4229, 3.777, 3.67]
[4249, 3.67, 3.782]
[4324, 3.782, 3.797]
[4188, 3.797, 3.77]
[4361, 3.77, 3.769]
[4392, 3.769, 3.794]
[4410, 3.794, 3.906]
[4353, 3.906, 3.942]
[4205, 3.942, 3.855]
[4338, 3.855, 3.906]
[4269, 3.906, 3.989]
[4467, 3.989, 3.926]
[4246, 3.926, 3.899]
[4453, 3.899, 4.089]
[4381, 4.089, 4.03]
[4373, 4.03, 4.096]
[4516, 4.096, 4.204]
[4288, 4.204, 3.946]
[4336, 3.946, 3.736]
[4254, 3.736, 3.685]
[4262, 3.685, 3.773]
[4301, 3.773, 3.92]
[4297, 3.92, 3.791]
[4235, 3.791, 3.861]
[4257, 3.861, 3.834]
[4269, 3.834, 3.783]
[4368, 3.783, 3.694]
[4261, 3.694, 4.005]
[4517, 4.005, 3.91]
[4479, 3.91, 3.663]
[4188, 3.663, 3.842]
[4193, 3.842, 4.063]
[4415, 4.063, 3.854]
[4455, 3.854, 3.859]
[4319, 3.859, 3.881]
[4188, 3.881, 3.832]
[4521, 3.832, 3.872]
[4255, 3.872, 3.871]
[4504, 3.871, 3.884]
[4295, 3.884, 3.888]
[4244, 3.888, 3.936]
[4465, 3.936, 3.996]
[4338, 3.996, 4.122]
[4320, 4.122, 4.085]
[4278, 4.085, 4.124]
[4392, 4.124, 4.184]
[4271, 4.184, 4.173]
[4382, 4.173, 3.97]
[4333, 3.97, 4.124]
[4369, 4.124, 4.276]
[4352, 4.276, 4.057]
[4382, 4.057, 4.026]
[4282, 4.026, 4.109]
[4384, 4.109, 4.285]
[4522, 4.285, 4.152]
[4485, 4.152, 4.237]
[4334, 4.237, 4.234]
[4217, 4.234, 4.342]
[4188, 4.342, 4.308]
[4265, 4.308, 4.341]
[4274, 4.341, 4.385]
[4256, 4.385, 4.373]
[4237, 4.373, 4.646]
[4561, 4.646, 4.706]
[4280, 4.706, 4.608]
[4426, 4.608, 4.761]
[4342, 4.761, 4.689]
[4482, 4.689, 4.744]
[4239, 4.744, 4.664]
[4224, 4.664, 4.621]
[4188, 4.621, 4.667]
[4566, 4.667, 4.634]
[4188, 4.634, 4.569]
[4269, 4.569, 4.561]
[4193, 4.561, 4.689]
[4359, 4.689, 4.712]
[4289, 4.712, 4.59]
[4229, 4.59, 4.605]
[4230, 4.605, 4.564]
[4228, 4.564, 4.765]
[4372, 4.765, 4.622]
[4328, 4.622, 4.681]
[4340, 4.681, 5.086]
[4534, 5.086, 4.972]
[4247, 4.972, 4.884]
[4338, 4.884, 5.058]
[4569, 5.058, 5.101]
[4336, 5.101, 5.037]
[4461, 5.037, 4.906]
[4588, 4.906, 5.214]
[4282, 5.214, 5.115]
[4320, 5.115, 5.025]
[4274, 5.025, 4.976]
[4235, 4.976, 4.94]
[4258, 4.94, 5.05]
[4647, 5.05, 4.992]
[4188, 4.992, 4.741]
[4432, 4.741, 5.09]
[4287, 5.09, 5.206]
[4360, 5.206, 5.044]
[4239, 5.044, 4.864]
[4270, 4.864, 4.904]
[4242, 4.904, 5.006]
[4478, 5.006, 4.905]
[4188, 4.905, 4.798]
[4462, 4.798, 4.905]
[4255, 4.905, 4.901]
[4327, 4.901, 4.893]
[4296, 4.893, 4.868]
[4313, 4.868, 4.909]
[4569, 4.909, 4.814]
[4326, 4.814, 4.6]
[4204, 4.6, 4.659]
[4319, 4.659, 4.797]
[4198, 4.797, 4.756]
[4448, 4.756, 4.711]
[4188, 4.711, 4.695]
[4188, 4.695, 4.757]
[4484, 4.757, 4.571]
[4420, 4.571, 4.525]
[4188, 4.525, 4.594]
[4237, 4.594, 4.577]
[4264, 4.577, 4.559]
[4378, 4.559, 4.478]
[4323, 4.478, 4.852]
[4443, 4.852, 4.938]
[4447, 4.938, 4.718]
[4398, 4.718, 4.77]
[4315, 4.77, 4.814]
[4327, 4.814, 4.724]
[4396, 4.724, 4.598]
[4310, 4.598, 4.592]
[4312, 4.592, 4.63]
[4501, 4.63, 4.526]
[4400, 4.526, 4.378]
[4463, 4.378, 4.46]
[4492, 4.46, 4.362]
[4295, 4.362, 4.29]
[4188, 4.29, 4.452]
[4427, 4.452, 4.222]
[4361, 4.222, 4.016]
[4633, 4.016, 4.011]
[4515, 4.011, 3.92]
[4380, 3.92, 3.895]
[4245, 3.895, 3.935]
[4205, 3.935, 4.067]
[4318, 4.067, 4.123]
[4261, 4.123, 4.002]
[4511, 4.002, 3.897]
[4264, 3.897, 3.908]
[4190, 3.908, 3.97]
[4466, 3.97, 3.959]
[4492, 3.959, 3.841]
[4188, 3.841, 3.882]
[4188, 3.882, 4.01]
[4578, 4.01, 4.147]
[4389, 4.147, 4.067]
[4234, 4.067, 4.33]
[4275, 4.33, 4.274]
[4413, 4.274, 4.189]
[4538, 4.189, 4.191]
[4287, 4.191, 4.249]
[4335, 4.249, 4.388]
[4394, 4.388, 4.116]
[4481, 4.116, 3.999]
[4373, 3.999, 3.974]
[4332, 3.974, 3.989]
[4267, 3.989, 3.855]
[4301, 3.855, 3.762]
[4451, 3.762, 3.951]
[4359, 3.951, 3.854]
[4267, 3.854, 3.973]
[4292, 3.973, 3.933]
[4270, 3.933, 3.855]
[4188, 3.855, 4.011]
[4368, 4.011, 3.926]
[4521, 3.926, 3.877]
[4410, 3.877, 4.086]
[4526, 4.086, 4.049]
[4192, 4.049, 4.033]
[4417, 4.033, 4.159]
[4392, 4.159, 4.212]
[4309, 4.212, 4.074]
[4365, 4.074, 4.175]
[4386, 4.175, 4.144]
[4550, 4.144, 4.064]
[4498, 4.064, 4.013]
[4502, 4.013, 3.992]
[4375, 3.992, 3.888]
[4360, 3.888, 3.98]
[4449, 3.98, 4.138]
[4423, 4.138, 3.821]
[4432, 3.821, 3.861]
[4295, 3.861, 3.998]
[4393, 3.998, 4.175]
[4504, 4.175, 4.133]
[4266, 4.133, 4.167]
[4562, 4.167, 4.375]
[4277, 4.375, 4.294]
[4456, 4.294, 4.415]
[4460, 4.415, 4.021]
[4299, 4.021, 3.761]
[4479, 3.761, 3.937]
[4520, 3.937, 4.029]
[4384, 4.029, 3.966]
[4285, 3.966, 3.836]
[4188, 3.836, 3.935]
[4445, 3.935, 4.069]
[4538, 4.069, 3.977]
[4435, 3.977, 3.826]
[4286, 3.826, 4.128]
[4188, 4.128, 4.305]
[4357, 4.305, 4.254]
[4353, 4.254, 4.2]
[4299, 4.2, 4.181]
[4188, 4.181, 4.291]
[4541, 4.291, 4.257]
[4441, 4.257, 4.155]
[4229, 4.155, 4.206]
[4523, 4.206, 4.323]
[4219, 4.323, 4.391]
[4330, 4.391, 4.245]
[4422, 4.245, 4.256]
[4307, 4.256, 4.229]
[4188, 4.229, 4.298]
[4336, 4.298, 4.421]
[4514, 4.421, 4.383]
[4465, 4.383, 4.33]
[4290, 4.33, 4.184]
[4335, 4.184, 4.134]
[4296, 4.134, 4.112]
[4248, 4.112, 4.007]
[4353, 4.007, 4.033]
[4295, 4.033, 3.995]
[4562, 3.995, 3.989]
[4348, 3.989, 4.05]
[4373, 4.05, 4.131]
[4786, 4.131, 3.851]
[4432, 3.851, 3.641]
[4305, 3.641, 3.795]
[4282, 3.795, 3.918]
[4277, 3.918, 3.826]
[4280, 3.826, 3.721]
[4188, 3.721, 3.914]
[4391, 3.914, 3.938]
[4450, 3.938, 4.016]
[4346, 4.016, 3.848]
[4348, 3.848, 3.812]
[4338, 3.812, 3.918]
[4508, 3.918, 3.875]
[4239, 3.875, 3.837]
[4188, 3.837, 3.838]
[4448, 3.838, 3.874]
[4449, 3.874, 4.043]
[4280, 4.043, 4.106]
[4481, 4.106, 4.027]
[4313, 4.027, 3.907]
[4197, 3.907, 4.019]
[4327, 4.019, 4.413]
[4489, 4.413, 4.278]
[4282, 4.278, 4.225]
[4252, 4.225, 4.416]
[4188, 4.416, 4.413]
[4217, 4.413, 4.354]
[4188, 4.354, 4.626]
[4398, 4.626, 4.742]
[4251, 4.742, 4.713]
[4252, 4.713, 4.552]
[4268, 4.552, 4.765]
[4329, 4.765, 4.954]
[4258, 4.954, 4.82]
[4410, 4.82, 4.779]
[4188, 4.779, 4.682]
[4274, 4.682, 4.684]
[4448, 4.684, 4.644]
[4265, 4.644, 4.527]
[4439, 4.527, 4.632]
[4453, 4.632, 4.522]
[4188, 4.522, 4.57]
[4243, 4.57, 4.719]
[4295, 4.719, 4.648]
[4266, 4.648, 4.461]
[4188, 4.461, 4.559]
[4263, 4.559, 4.547]
[4188, 4.547, 4.481]
[4263, 4.481, 4.423]
[4238, 4.423, 4.54]
[4470, 4.54, 4.512]
[4433, 4.512, 4.435]
[4295, 4.435, 4.266]
[4251, 4.266, 4.44]
[4601, 4.44, 4.462]
[4463, 4.462, 4.196]
[4417, 4.196, 4.259]
[4197, 4.259, 4.338]
[4327, 4.338, 4.358]
[4188, 4.358, 4.424]
[4221, 4.424, 4.477]
[4608, 4.477, 4.672]
[4193, 4.672, 4.558]
[4276, 4.558, 4.688]
[4629, 4.688, 4.986]
[4443, 4.986, 4.772]
[4332, 4.772, 4.686]
[4188, 4.686, 4.779]
[4334, 4.779, 4.864]
[4271, 4.864, 4.763]
[4269, 4.763, 4.802]
[4248, 4.802, 4.77]
[4384, 4.77, 4.863]
[4661, 4.863, 4.804]
[4451, 4.804, 4.513]
[4314, 4.513, 4.489]
[4281, 4.489, 4.513]
[4275, 4.513, 4.581]
[4411, 4.581, 4.626]
[4302, 4.626, 4.565]
[4311, 4.565, 4.577]
[4323, 4.577, 4.359]
[4269, 4.359, 4.389]
[4506, 4.389, 4.534]
[4279, 4.534, 4.461]
[4638, 4.461, 4.359]
[4532, 4.359, 4.203]
[4218, 4.203, 4.257]
[4376, 4.257, 4.392]
[4450, 4.392, 4.323]
[4535, 4.323, 4.304]
[4208, 4.304, 4.389]
[4331, 4.389, 4.439]
[4472, 4.439, 4.34]
[4463, 4.34, 4.331]
[4374, 4.331, 4.313]
[4440, 4.313, 4.291]
[4495, 4.291, 4.273]
[4199, 4.273, 4.158]
[4368, 4.158, 4.225]
[4217, 4.225, 4.235]
[4464, 4.235, 4.317]
[4439, 4.317, 4.207]
[4244, 4.207, 4.061]
[4275, 4.061, 4.073]
[4423, 4.073, 3.897]
[4596, 3.897, 3.863]
[4343, 3.863, 3.829]
[4332, 3.829, 3.82]
[4630, 3.82, 3.804]
[4188, 3.804, 3.807]
[4252, 3.807, 3.99]
[4343, 3.99, 4.042]
[4214, 4.042, 3.831]
[4188, 3.831, 3.865]
[4318, 3.865, 4.183]
[4674, 4.183, 4.191]
[4331, 4.191, 4.027]
[4188, 4.027, 3.984]
[4314, 3.984, 4.059]
[4480, 4.059, 3.84]
[4232, 3.84, 3.857]
[4244, 3.857, 3.988]
[4323, 3.988, 3.954]
[4347, 3.954, 4.015]
[4233, 4.015, 4.048]
[4188, 4.048, 4.105]
[4409, 4.105, 4.067]
[4283, 4.067, 4.095]
[4367, 4.095, 4.223]
[4188, 4.223, 4.628]
[4531, 4.628, 4.365]
[4225, 4.365, 4.238]
[4644, 4.238, 4.401]
[4220, 4.401, 4.331]
[4243, 4.331, 4.23]
[4188, 4.23, 4.359]
[4188, 4.359, 4.413]
[4302, 4.413, 4.327]
[4613, 4.327, 4.238]
[4297, 4.238, 4.126]
[4472, 4.126, 4.005]
[4268, 4.005, 4.025]
[4188, 4.025, 4.23]
[4309, 4.23, 4.209]
[4384, 4.209, 4.205]
[4188, 4.205, 4.396]
[4498, 4.396, 4.418]
[4346, 4.418, 4.35]
[4444, 4.35, 4.352]
[4338, 4.352, 4.228]
[4307, 4.228, 4.234]
[4582, 4.234, 4.366]
[4482, 4.366, 4.231]
[4352, 4.231, 4.13]
[4373, 4.13, 4.305]
[4466, 4.305, 4.359]
[4282, 4.359, 4.281]
[4223, 4.281, 4.341]
[4214, 4.341, 4.321]
[4287, 4.321, 4.313]
[4444, 4.313, 4.32]
[4420, 4.32, 4.264]
[4188, 4.264, 4.319]
[4407, 4.319, 4.353]
[4291, 4.353, 4.244]
[4201, 4.244, 4.382]
[4264, 4.382, 4.513]
[4314, 4.513, 4.521]
[4442, 4.521, 4.441]
[4188, 4.441, 4.346]
[4582, 4.346, 4.594]
[4385, 4.594, 4.528]
[4249, 4.528, 4.401]
[4351, 4.401, 4.544]
[4353, 4.544, 4.505]
[4210, 4.505, 4.431]
[4237, 4.431, 4.487]
[4300, 4.487, 4.493]
[4388, 4.493, 4.462]
[4345, 4.462, 4.473]
[4425, 4.473, 4.376]
[4423, 4.376, 4.333]
[4215, 4.333, 4.393]
[4292, 4.393, 4.394]
[4473, 4.394, 4.437]
[4286, 4.437, 4.343]
[4236, 4.343, 4.361]
[4424, 4.361, 4.319]
[4430, 4.319, 4.161]
[4224, 4.161, 4.132]
[4274, 4.132, 4.182]
[4611, 4.182, 4.044]
[4527, 4.044, 3.896]
[4602, 3.896, 3.689]
[4335, 3.689, 3.778]
[4476, 3.778, 3.711]
[4274, 3.711, 3.593]
[4436, 3.593, 3.602]
[4434, 3.602, 3.731]
[4328, 3.731, 3.785]
[4437, 3.785, 3.642]
[4331, 3.642, 3.83]
[4303, 3.83, 3.979]
[4400, 3.979, 4.117]
[4398, 4.117, 3.831]
[4335, 3.831, 3.941]
[4188, 3.941, 4.285]
[4404, 4.285, 4.24]
[4387, 4.24, 4.254]
[4343, 4.254, 4.197]
[4403, 4.197, 4.455]
[4259, 4.455, 4.368]
[4261, 4.368, 4.294]
[4217, 4.294, 4.353]
[4398, 4.353, 4.308]
[4233, 4.308, 4.37]
[4259, 4.37, 4.332]
[4360, 4.332, 4.452]
[4492, 4.452, 4.374]
[4394, 4.374, 4.406]
[4219, 4.406, 4.443]
[4483, 4.443, 4.423]
[4576, 4.423, 4.358]
[4426, 4.358, 4.291]
[4289, 4.291, 4.427]
[4305, 4.427, 4.324]
[4264, 4.324, 4.264]
[4502, 4.264, 4.32]
[4653, 4.32, 4.034]
[4384, 4.034, 4.022]
[4252, 4.022, 4.192]
[4188, 4.192, 4.43]
[4394, 4.43, 4.392]
[4385, 4.392, 4.318]
[4470, 4.318, 4.539]
[4392, 4.539, 4.46]
[4295, 4.46, 4.146]
[4276, 4.146, 4.189]
[4241, 4.189, 4.355]
[4408, 4.355, 4.121]
[4188, 4.121, 4.005]
[4420, 4.005, 4.2]
[4344, 4.2, 4.292]
[4388, 4.292, 4.268]
[4385, 4.268, 4.309]
[4188, 4.309, 4.289]
[4196, 4.289, 4.214]
[4365, 4.214, 4.343]
[4188, 4.343, 4.581]
[4510, 4.581, 4.384]
[4188, 4.384, 4.21]
[4244, 4.21, 4.449]
[4288, 4.449, 4.663]
[4379, 4.663, 4.623]
[4474, 4.623, 4.519]
[4364, 4.519, 4.606]
[4280, 4.606, 4.669]
[4188, 4.669, 5.086]
[4212, 5.086, 5.122]
[4328, 5.122, 5.068]
[4274, 5.068, 5.146]
[4274, 5.146, 5.182]
[4386, 5.182, 5.285]
[4472, 5.285, 5.167]
[4532, 5.167, 5.011]
[4274, 5.011, 4.81]
[4307, 4.81, 4.876]
[4188, 4.876, 4.961]
[4266, 4.961, 4.79]
[4484, 4.79, 4.785]
[4270, 4.785, 4.928]
[4324, 4.928, 4.83]
[4420, 4.83, 4.864]
[4414, 4.864, 4.878]
[4471, 4.878, 4.853]
[4452, 4.853, 4.63]
[4225, 4.63, 4.829]
[4390, 4.829, 4.922]
[4293, 4.922, 4.776]
[4269, 4.776, 4.935]
[4323, 4.935, 5.01]
[4352, 5.01, 5.063]
[4556, 5.063, 4.956]
[4267, 4.956, 4.986]
[4215, 4.986, 5.133]
[4364, 5.133, 5.113]
[4387, 5.113, 5.128]
[4520, 5.128, 5.112]
[4279, 5.112, 5.013]
[4503, 5.013, 5.202]
[4399, 5.202, 5.193]
[4492, 5.193, 5.178]
[4273, 5.178, 5.238]
[4467, 5.238, 5.374]
[4568, 5.374, 5.369]
[4391, 5.369, 5.208]
[4494, 5.208, 5.266]
[4244, 5.266, 5.421]
[4251, 5.421, 5.581]
[4605, 5.581, 5.584]
[4237, 5.584, 5.412]
[4284, 5.412, 5.438]
[4402, 5.438, 5.569]
[4346, 5.569, 5.477]
[4326, 5.477, 5.345]
[4314, 5.345, 5.391]
[4264, 5.391, 5.438]
[4448, 5.438, 5.298]
[4236, 5.298, 5.15]
[4451, 5.15, 5.267]
[4462, 5.267, 5.3]
[4299, 5.3, 5.154]
[4354, 5.154, 5.071]
[4348, 5.071, 5.119]
[4538, 5.119, 4.942]
[4389, 4.942, 4.905]
[4418, 4.905, 4.85]
[4306, 4.85, 4.841]
[4355, 4.841, 4.996]
[4342, 4.996, 5.166]
[4577, 5.166, 5.163]
[4484, 5.163, 5.081]
[4354, 5.081, 5.119]
[4273, 5.119, 5.134]
[4390, 5.134, 5.223]
[4264, 5.223, 5.063]
[4272, 5.063, 4.969]
[4200, 4.969, 5.127]
[4377, 5.127, 5.089]
[4515, 5.089, 4.972]
[4188, 4.972, 4.939]
[4563, 4.939, 5.025]
[4276, 5.025, 4.951]
[4188, 4.951, 5.088]
[4188, 5.088, 5.13]
[4511, 5.13, 5.043]
[4381, 5.043, 4.942]
[4416, 4.942, 4.888]
[4220, 4.888, 4.978]
[4395, 4.978, 4.946]
[4188, 4.946, 4.835]
[4188, 4.835, 5.026]
[4286, 5.026, 4.956]
[4227, 4.956, 5.01]
[4252, 5.01, 5.264]
[4201, 5.264, 5.211]
[4323, 5.211, 5.1]
[4499, 5.1, 5.046]
[4261, 5.046, 5.091]
[4427, 5.091, 5.22]
[4464, 5.22, 5.312]
[4380, 5.312, 5.159]
[4188, 5.159, 5.181]
[4294, 5.181, 5.223]
[4582, 5.223, 5.295]
[4471, 5.295, 5.007]
[4526, 5.007, 4.846]
[4188, 4.846, 4.897]
[4228, 4.897, 5.009]
[4306, 5.009, 5.073]
[4299, 5.073, 4.996]
[4348, 4.996, 4.983]
[4325, 4.983, 5.252]
[4205, 5.252, 5.246]
[4440, 5.246, 5.263]
[4251, 5.263, 5.111]
[4515, 5.111, 5.567]
[4212, 5.567, 5.687]
[4261, 5.687, 5.562]
[4329, 5.562, 5.524]
[4491, 5.524, 5.487]
[4306, 5.487, 5.342]
[4217, 5.342, 5.348]
[4301, 5.348, 5.451]
[4355, 5.451, 5.595]
[4328, 5.595, 5.551]
[4333, 5.551, 5.385]
[4265, 5.385, 5.516]
[4454, 5.516, 5.793]
[4372, 5.793, 5.78]
[4198, 5.78, 5.551]
[4206, 5.551, 5.828]
[4418, 5.828, 5.968]
[4502, 5.968, 5.756]
[4188, 5.756, 5.754]
[4378, 5.754, 5.748]
[4188, 5.748, 5.678]
[4281, 5.678, 5.569]
[4271, 5.569, 5.571]
[4378, 5.571, 5.79]
[4450, 5.79, 5.787]
[4259, 5.787, 5.679]
[4449, 5.679, 5.824]
[4252, 5.824, 5.7]
[4277, 5.7, 5.61]
[4407, 5.61, 5.831]
[4197, 5.831, 5.772]
[4400, 5.772, 5.707]
[4405, 5.707, 5.573]
[4188, 5.573, 5.478]
[4486, 5.478, 5.696]
[4252, 5.696, 5.781]
[4200, 5.781, 5.693]
[4529, 5.693, 5.841]
[4272, 5.841, 5.952]
[4338, 5.952, 5.701]
[4499, 5.701, 5.732]
[4294, 5.732, 5.807]
[4321, 5.807, 5.965]
[4608, 5.965, 5.939]
[4373, 5.939, 5.934]
[4267, 5.934, 6.183]
[4462, 6.183, 6.733]
[4331, 6.733, 6.705]
[4329, 6.705, 6.43]
[4224, 6.43, 6.488]
[4304, 6.488, 6.454]
[4287, 6.454, 6.408]
[4399, 6.408, 6.419]
[4286, 6.419, 6.237]
[4323, 6.237, 6.138]
[4188, 6.138, 6.11]
[4188, 6.11, 6.044]
[4325, 6.044, 6.004]
[4188, 6.004, 6.312]
[4395, 6.312, 6.251]
[4290, 6.251, 6.027]
[4239, 6.027, 6.128]
[4304, 6.128, 6.089]
[4424, 6.089, 6.05]
[4252, 6.05, 5.887]
[4199, 5.887, 5.885]
[4303, 5.885, 5.962]
[4384, 5.962, 5.897]
[4398, 5.897, 5.837]
[4256, 5.837, 5.727]
[4188, 5.727, 5.657]
[4408, 5.657, 5.667]
[4233, 5.667, 5.855]
[4289, 5.855, 5.995]
[4326, 5.995, 6.137]
[4294, 6.137, 6.239]
[4275, 6.239, 6.448]
[4349, 6.448, 6.332]
[4386, 6.332, 6.327]
[4246, 6.327, 6.274]
[4397, 6.274, 6.094]
[4551, 6.094, 6.126]
[4238, 6.126, 6.223]
[4305, 6.223, 6.29]
[4464, 6.29, 6.357]
[4304, 6.357, 6.335]
[4297, 6.335, 6.186]
[4188, 6.186, 6.32]
[4188, 6.32, 6.198]
[4230, 6.198, 6.311]
[4191, 6.311, 6.236]
[4188, 6.236, 6.406]
[4565, 6.406, 6.426]
[4411, 6.426, 6.465]
[4353, 6.465, 6.337]
[4267, 6.337, 6.2]
[4292, 6.2, 6.166]
[4425, 6.166, 6.268]
[4306, 6.268, 6.262]
[4354, 6.262, 6.157]
[4232, 6.157, 6.201]
[4308, 6.201, 6.273]
[4375, 6.273, 6.242]
[4188, 6.242, 6.338]
[4392, 6.338, 6.322]
[4303, 6.322, 6.261]
[4377, 6.261, 6.383]
[4225, 6.383, 6.345]
[4557, 6.345, 6.295]
[4245, 6.295, 5.958]
[4188, 5.958, 6.035]
[4319, 6.035, 6.041]
[4221, 6.041, 6.065]
[4224, 6.065, 6.278]
[4188, 6.278, 6.431]
[4409, 6.431, 6.603]
[4283, 6.603, 6.523]
[4262, 6.523, 6.464]
[4403, 6.464, 6.498]
[4340, 6.498, 6.358]
[4374, 6.358, 6.238]
[4254, 6.238, 6.223]
[4267, 6.223, 6.12]
[4389, 6.12, 5.968]
[4250, 5.968, 5.905]
[4301, 5.905, 6.094]
[4506, 6.094, 6.191]
[4454, 6.191, 5.921]
[4353, 5.921, 6.098]
[4306, 6.098, 6.453]
[4396, 6.453, 6.379]
[4196, 6.379, 6.175]
[4291, 6.175, 6.241]
[4358, 6.241, 6.482]
[4235, 6.482, 6.499]
[4337, 6.499, 6.302]
[4326, 6.302, 6.4]
[4604, 6.4, 6.662]
[4235, 6.662, 6.424]
[4200, 6.424, 6.408]
[4410, 6.408, 7.002]
[4327, 7.002, 7.082]
[4292, 7.082, 6.868]
[4415, 6.868, 6.886]
[4311, 6.886, 6.898]
[4291, 6.898, 7.02]
[4369, 7.02, 6.738]
[4314, 6.738, 6.674]
[4393, 6.674, 6.745]
[4314, 6.745, 6.803]
[4188, 6.803, 6.835]
[4356, 6.835, 6.871]
[4237, 6.871, 6.864]
[4258, 6.864, 6.8]
[4290, 6.8, 6.657]
[4188, 6.657, 6.627]
[4207, 6.627, 6.589]
[4387, 6.589, 6.703]
[4287, 6.703, 6.732]
[4425, 6.732, 6.691]
[4337, 6.691, 6.85]
[4310, 6.85, 6.957]
[4244, 6.957, 7.226]
[4273, 7.226, 7.548]
[4392, 7.548, 7.746]
[4454, 7.746, 7.465]
[4367, 7.465, 7.052]
[4188, 7.052, 7.81]
[4467, 7.81, 9.235]
[4343, 9.235, 9.717]
[4524, 9.717, 9.116]
[4256, 9.116, 8.521]
[4399, 8.521, 9.2]
[4263, 9.2, 9.629]
[4243, 9.629, 9.338]
[4275, 9.338, 8.946]
[4225, 8.946, 8.841]
[4262, 8.841, 9.084]
[4188, 9.084, 9.21]
[4249, 9.21, 9.131]
[4195, 9.131, 9.104]
[4246, 9.104, 9.02]
[4201, 9.02, 9.033]
[4449, 9.033, 9.271]
[4416, 9.271, 9.007]
[4395, 9.007, 9.004]
[4267, 9.004, 8.748]
[4273, 8.748, 8.84]
[4467, 8.84, 9.238]
[4269, 9.238, 9.287]
[4266, 9.287, 9.051]
[4264, 9.051, 9.758]
[4201, 9.758, 10.316]
[4362, 10.316, 10.403]
[4189, 10.403, 10.564]
[4253, 10.564, 11.041]
[4358, 11.041, 11.424]
[4314, 11.424, 10.903]
[4229, 10.903, 10.694]
[4320, 10.694, 11.081]
[4188, 11.081, 11.173]
[4268, 11.173, 11.11]
[4188, 11.11, 10.884]
[4188, 10.884, 11.142]
[4188, 11.142, 12.642]
[4414, 12.642, 13.289]
[4276, 13.289, 12.817]
[4378, 12.817, 12.485]
[4348, 12.485, 13.101]
