[90480, 100.0, 19.6]
[18792, 19.6, 9.487]
[8426, 9.487, 5.5]
[4875, 5.5, 4.259]
[4188, 4.259, 4.767]
[4380, 4.767, 4.765]
[4763, 4.765, 4.545]
[4230, 4.545, 4.622]
[4346, 4.622, 4.849]
[4384, 4.849, 4.775]
[4266, 4.775, 4.556]
[4267, 4.556, 4.672]
[4344, 4.672, 4.813]
[4376, 4.813, 4.779]
[4188, 4.779, 4.556]
[4425, 4.556, 4.524]
[4388, 4.524, 4.626]
[4344, 4.626, 4.596]
[4326, 4.596, 4.544]
[4589, 4.544, 4.586]
[4260, 4.586, 4.348]
[4284, 4.348, 4.288]
[4279, 4.288, 4.384]
[4285, 4.384, 4.344]
[4291, 4.344, 4.337]
[4239, 4.337, 4.152]
[4407, 4.152, 4.149]
[4420, 4.149, 4.204]
[4290, 4.204, 4.172]
[4429, 4.172, 4.245]
[4383, 4.245, 4.128]
[4649, 4.128, 4.073]
[4408, 4.073, 3.888]
[4485, 3.888, 3.955]
[4224, 3.955, 4.087]
[4534, 4.087, 4.062]
[4348, 4.062, 4.07]
[4348, 4.07, 4.218]
[4346, 4.218, 4.122]
[4381, 4.122, 4.146]
[4346, 4.146, 4.287]
[4373, 4.287, 4.331]
[4325, 4.331, 4.205]
[4397, 4.205, 4.315]
[4452, 4.315, 4.175]
[4398, 4.175, 4.231]
[4199, 4.231, 4.226]
[4307, 4.226, 4.289]
[4374, 4.289, 4.352]
[4188, 4.352, 4.403]
[4390, 4.403, 4.37]
[4415, 4.37, 4.506]
[4420, 4.506, 4.504]
[4539, 4.504, 4.472]
[4383, 4.472, 4.516]
[4330, 4.516, 4.428]
[4478, 4.428, 4.271]
[4238, 4.271, 4.267]
[4272, 4.267, 4.333]
[4359, 4.333, 4.144]
[4326, 4.144, 4.111]
[4672, 4.111, 4.005]
[4319, 4.005, 3.843]
[4249, 3.843, 4.031]
[4346, 4.031, 4.094]
[4424, 4.094, 3.981]
[4702, 3.981, 3.903]
[4271, 3.903, 3.763]
[4237, 3.763, 3.818]
[4324, 3.818, 4.06]
[4729, 4.06, 3.955]
[4342, 3.955, 3.77]
[4252, 3.77, 3.969]
[4285, 3.969, 4.12]
[4330, 4.12, 4.138]
[4337, 4.138, 3.983]
[4395, 3.983, 4.087]
[4302, 4.087, 4.047]
[4314, 4.047, 3.974]
[4300, 3.974, 3.826]
[4188, 3.826, 3.853]
[4191, 3.853, 4.02]
[4208, 4.02, 4.172]
[4403, 4.172, 4.072]
[4245, 4.072, 3.965]
[4193, 3.965, 4.154]
[4295, 4.154, 4.333]
[4243, 4.333, 4.279]
[4280, 4.279, 4.223]
[4281, 4.223, 4.302]
[4412, 4.302, 4.262]
[4226, 4.262, 4.038]
[4270, 4.038, 4.211]
[4188, 4.211, 4.255]
[4479, 4.255, 4.32]
[4349, 4.32, 4.301]
[4345, 4.301, 4.256]
[4358, 4.256, 4.365]
[4622, 4.365, 4.135]
[4393, 4.135, 3.982]
[4253, 3.982, 4.054]
[4296, 4.054, 3.993]
[4266, 3.993, 3.916]
[4229, 3.916, 3.918]
[4390, 3.918, 3.923]
[4188, 3.923, 3.889]
[4188, 3.889, 4.082]
[4342, 4.082, 4.128]
[4367, 4.128, 4.177]
[4343, 4.177, 4.09]
[4235, 4.09, 4.138]
[4222, 4.138, 4.042]
[4336, 4.042, 3.987]
[4337, 3.987, 4.058]
[4266, 4.058, 4.017]
[4606, 4.017, 4.031]
[4341, 4.031, 3.923]
[4229, 3.923, 3.931]
[4346, 3.931, 3.98]
[4330, 3.98, 4.019]
[4490, 4.019, 3.949]
[4241, 3.949, 3.89]
[4374, 3.89, 3.903]
[4230, 3.903, 4.098]
[4260, 4.098, 4.127]
[4403, 4.127, 4.04]
[4244, 4.04, 4.143]
[4289, 4.143, 4.101]
[4351, 4.101, 4.104]
[4314, 4.104, 4.255]
[4285, 4.255, 4.187]
[4320, 4.187, 4.199]
[4265, 4.199, 4.323]
[4499, 4.323, 4.444]
[4258, 4.444, 4.298]
[4464, 4.298, 4.492]
[4461, 4.492, 4.374]
[4337, 4.374, 4.316]
[4235, 4.316, 4.492]
[4437, 4.492, 4.549]
[4336, 4.549, 4.456]
[4410, 4.456, 4.552]
[4364, 4.552, 4.648]
[4342, 4.648, 4.59]
[4204, 4.59, 4.442]
[4309, 4.442, 4.618]
[4388, 4.618, 4.67]
[4388, 4.67, 4.445]
[4188, 4.445, 4.48]
[4247, 4.48, 4.686]
[4416, 4.686, 4.6]
[4396, 4.6, 4.344]
[4352, 4.344, 4.492]
[4333, 4.492, 4.671]
[4392, 4.671, 4.66]
[4388, 4.66, 4.621]
[4274, 4.621, 4.454]
[4389, 4.454, 4.479]
[4260, 4.479, 4.511]
[4256, 4.511, 4.468]
[4371, 4.468, 4.402]
[4204, 4.402, 4.395]
[4268, 4.395, 4.428]
[4280, 4.428, 4.29]
[4283, 4.29, 4.396]
[4246, 4.396, 4.51]
[4367, 4.51, 4.091]
[4188, 4.091, 4.276]
[4188, 4.276, 4.592]
[4321, 4.592, 4.524]
[4273, 4.524, 4.345]
[4269, 4.345, 4.404]
[4188, 4.404, 4.334]
[4286, 4.334, 4.372]
[4262, 4.372, 4.456]
[4263, 4.456, 4.525]
[4294, 4.525, 4.427]
[4250, 4.427, 4.398]
[4222, 4.398, 4.551]
[4461, 4.551, 4.532]
[4188, 4.532, 4.413]
[4224, 4.413, 4.566]
[4201, 4.566, 4.55]
[4499, 4.55, 4.527]
[4710, 4.527, 4.579]
[4518, 4.579, 4.36]
[4539, 4.36, 4.305]
[4283, 4.305, 4.122]
[4422, 4.122, 4.137]
[4221, 4.137, 4.14]
[4294, 4.14, 4.174]
[4676, 4.174, 4.184]
[4188, 4.184, 4.055]
[4229, 4.055, 3.986]
[4301, 3.986, 3.981]
[4360, 3.981, 4.079]
[4426, 4.079, 3.905]
[4188, 3.905, 3.983]
[4334, 3.983, 3.955]
[4472, 3.955, 4.061]
[4215, 4.061, 3.936]
[4264, 3.936, 3.903]
[4244, 3.903, 4.165]
[4218, 4.165, 4.198]
[4474, 4.198, 4.165]
[4321, 4.165, 4.108]
[4384, 4.108, 4.29]
[4188, 4.29, 4.463]
[4336, 4.463, 4.399]
[4284, 4.399, 4.33]
[4251, 4.33, 4.521]
[4391, 4.521, 4.622]
[4581, 4.622, 4.328]
[4206, 4.328, 4.397]
[4272, 4.397, 4.575]
[4432, 4.575, 4.471]
[4380, 4.471, 4.506]
[4188, 4.506, 4.722]
[4289, 4.722, 4.679]
[4366, 4.679, 4.667]
[4269, 4.667, 4.738]
[4339, 4.738, 4.551]
[4290, 4.551, 4.527]
[4289, 4.527, 4.522]
[4234, 4.522, 4.49]
[4327, 4.49, 4.463]
[4435, 4.463, 4.434]
[4529, 4.434, 4.33]
[4385, 4.33, 4.122]
[4343, 4.122, 4.276]
[4540, 4.276, 4.215]
[4324, 4.215, 4.163]
[4303, 4.163, 4.339]
[4470, 4.339, 4.276]
[4564, 4.276, 4.157]
[4219, 4.157, 4.111]
[4262, 4.111, 4.275]
[4423, 4.275, 4.199]
[4255, 4.199, 4.083]
[4483, 4.083, 4.179]
[4288, 4.179, 4.205]
[4621, 4.205, 4.056]
[4554, 4.056, 3.917]
[4342, 3.917, 4.041]
[4259, 4.041, 4.174]
[4518, 4.174, 4.111]
[4242, 4.111, 3.936]
[4188, 3.936, 3.86]
[4276, 3.86, 4.071]
[4188, 4.071, 4.193]
[4326, 4.193, 4.071]
[4337, 4.071, 4.041]
[4188, 4.041, 4.111]
[4342, 4.111, 4.194]
[4296, 4.194, 4.097]
[4283, 4.097, 4.207]
[4264, 4.207, 4.117]
[4332, 4.117, 3.944]
[4357, 3.944, 3.966]
[4566, 3.966, 3.924]
[4261, 3.924, 3.851]
[4188, 3.851, 3.852]
[4230, 3.852, 4.015]
[4606, 4.015, 4.121]
[4421, 4.121, 3.979]
[4348, 3.979, 4.023]
[4190, 4.023, 4.073]
[4188, 4.073, 4.039]
[4319, 4.039, 3.981]
[4191, 3.981, 3.923]
[4313, 3.923, 4.003]
[4392, 4.003, 4.019]
[4188, 4.019, 4.099]
[4357, 4.099, 4.014]
[4288, 4.014, 4.165]
[4304, 4.165, 4.055]
[4297, 4.055, 4.04]
[4188, 4.04, 4.064]
[4473, 4.064, 4.197]
[4448, 4.197, 4.063]
[4264, 4.063, 4.174]
[4431, 4.174, 4.102]
[4304, 4.102, 3.99]
[4319, 3.99, 4.042]
[4467, 4.042, 4.211]
[4188, 4.211, 4.173]
[4207, 4.173, 4.229]
[4509, 4.229, 4.077]
[4448, 4.077, 4.058]
[4194, 4.058, 4.435]
[4291, 4.435, 4.574]
[4549, 4.574, 4.472]
[4410, 4.472, 4.281]
[4188, 4.281, 4.621]
[4384, 4.621, 4.578]
[4188, 4.578, 4.527]
[4460, 4.527, 4.534]
[4323, 4.534, 4.558]
[4604, 4.558, 4.447]
[4325, 4.447, 4.336]
[4188, 4.336, 4.547]
[4415, 4.547, 4.543]
[4886, 4.543, 4.481]
[4312, 4.481, 4.26]
[4481, 4.26, 4.469]
[4279, 4.469, 4.401]
[4486, 4.401, 4.369]
[4336, 4.369, 4.396]
[4278, 4.396, 4.354]
[4389, 4.354, 4.043]
[4353, 4.043, 3.966]
[4188, 3.966, 4.076]
[4188, 4.076, 4.356]
[4423, 4.356, 4.126]
[4256, 4.126, 4.235]
[4279, 4.235, 4.584]
[4315, 4.584, 4.533]
[4283, 4.533, 4.295]
[4236, 4.295, 4.372]
[4506, 4.372, 4.345]
[4367, 4.345, 4.166]
[4403, 4.166, 4.241]
[4216, 4.241, 4.413]
[4321, 4.413, 4.266]
[4188, 4.266, 4.222]
[4416, 4.222, 4.229]
[4396, 4.229, 4.245]
[4188, 4.245, 4.235]
[4355, 4.235, 4.267]
[4188, 4.267, 4.342]
[4477, 4.342, 4.282]
[4312, 4.282, 4.211]
[4405, 4.211, 4.336]
[4477, 4.336, 4.335]
[4260, 4.335, 4.27]
[4234, 4.27, 4.239]
[4220, 4.239, 4.209]
[4188, 4.209, 4.367]
[4188, 4.367, 4.401]
[4322, 4.401, 4.394]
[4253, 4.394, 4.393]
[4483, 4.393, 4.612]
[4318, 4.612, 4.507]
[4451, 4.507, 4.383]
[4606, 4.383, 4.668]
[4270, 4.668, 4.592]
[4337, 4.592, 4.48]
[4273, 4.48, 4.652]
[4285, 4.652, 4.727]
[4264, 4.727, 4.581]
[4286, 4.581, 4.373]
[4354, 4.373, 4.566]
[4210, 4.566, 4.515]
[4240, 4.515, 4.369]
[4188, 4.369, 4.41]
[4234, 4.41, 4.415]
[4369, 4.415, 4.392]
[4470, 4.392, 4.306]
[4498, 4.306, 4.176]
[4438, 4.176, 4.23]
[4708, 4.23, 4.199]
[4188, 4.199, 4.105]
[4188, 4.105, 4.289]
[4188, 4.289, 4.502]
[4238, 4.502, 4.583]
[4348, 4.583, 4.499]
[4247, 4.499, 4.608]
[4526, 4.608, 4.805]
[4281, 4.805, 4.607]
[4428, 4.607, 4.515]
[4411, 4.515, 4.6]
[4367, 4.6, 4.713]
[4252, 4.713, 4.636]
[4309, 4.636, 4.667]
[4188, 4.667, 4.691]
[4324, 4.691, 4.635]
[4427, 4.635, 4.537]
[4472, 4.537, 4.406]
[4341, 4.406, 4.189]
[4296, 4.189, 4.249]
[4426, 4.249, 4.327]
[4313, 4.327, 4.305]
[4508, 4.305, 4.419]
[4548, 4.419, 4.378]
[4593, 4.378, 4.136]
[4292, 4.136, 4.035]
[4271, 4.035, 4.153]
[4188, 4.153, 4.25]
[4286, 4.25, 4.243]
[4338, 4.243, 4.142]
[4347, 4.142, 4.359]
[4310, 4.359, 4.385]
[4462, 4.385, 4.351]
[4731, 4.351, 4.402]
[4623, 4.402, 4.158]
[4407, 4.158, 4.013]
[4347, 4.013, 4.099]
[4356, 4.099, 4.035]
[4295, 4.035, 3.94]
[4212, 3.94, 3.917]
[4339, 3.917, 3.967]
[4316, 3.967, 3.908]
[4240, 3.908, 3.912]
[4188, 3.912, 3.965]
[4322, 3.965, 3.952]
[4188, 3.952, 3.984]
[4279, 3.984, 4.108]
[4188, 4.108, 4.236]
[4349, 4.236, 4.27]
[4367, 4.27, 4.134]
[4283, 4.134, 4.052]
[4648, 4.052, 4.16]
[4529, 4.16, 3.928]
[4269, 3.928, 3.927]
[4301, 3.927, 3.899]
[4408, 3.899, 4.048]
[4673, 4.048, 4.024]
[4475, 4.024, 4.078]
[4302, 4.078, 4.189]
[4445, 4.189, 4.079]
[4188, 4.079, 4.149]
[4454, 4.149, 4.094]
[4308, 4.094, 4.156]
[4381, 4.156, 4.231]
[4287, 4.231, 4.053]
[4330, 4.053, 4.022]
[4188, 4.022, 4.126]
[4267, 4.126, 4.339]
[4372, 4.339, 4.305]
[4265, 4.305, 4.262]
[4326, 4.262, 4.271]
[4421, 4.271, 4.136]
[4456, 4.136, 4.074]
[4331, 4.074, 4.167]
[4323, 4.167, 4.128]
[4442, 4.128, 3.961]
[4310, 3.961, 4.019]
[4350, 4.019, 4.195]
[4553, 4.195, 4.194]
[4439, 4.194, 4.151]
[4460, 4.151, 4.332]
[4194, 4.332, 4.37]
[4487, 4.37, 4.366]
[4225, 4.366, 4.472]
[4437, 4.472, 4.366]
[4215, 4.366, 4.207]
[4285, 4.207, 4.459]
[4188, 4.459, 4.691]
[4244, 4.691, 4.698]
[4465, 4.698, 4.524]
[4528, 4.524, 4.682]
[4427, 4.682, 4.545]
[4490, 4.545, 4.381]
[4188, 4.381, 4.441]
[4613, 4.441, 4.513]
[4316, 4.513, 4.368]
[4407, 4.368, 4.357]
[4188, 4.357, 4.465]
[4305, 4.465, 4.306]
[4340, 4.306, 4.107]
[4188, 4.107, 4.517]
[4531, 4.517, 4.409]
[4265, 4.409, 4.316]
[4388, 4.316, 4.37]
[4345, 4.37, 4.393]
[4481, 4.393, 4.411]
[4242, 4.411, 4.347]
[4454, 4.347, 4.527]
[4426, 4.527, 4.659]
[4660, 4.659, 4.56]
[4238, 4.56, 4.493]
[4242, 4.493, 4.704]
[4309, 4.704, 4.647]
[4387, 4.647, 4.492]
[4417, 4.492, 4.539]
[4188, 4.539, 4.799]
[4287, 4.799, 4.74]
[4196, 4.74, 4.663]
[4239, 4.663, 4.715]
[4428, 4.715, 4.869]
[4188, 4.869, 4.658]
[4369, 4.658, 4.797]
[4299, 4.797, 4.877]
[4418, 4.877, 4.851]
[4214, 4.851, 4.877]
[4392, 4.877, 4.78]
[4350, 4.78, 4.8]
[4402, 4.8, 4.929]
[4518, 4.929, 4.998]
[4320, 4.998, 4.96]
[4188, 4.96, 4.984]
[4334, 4.984, 4.988]
[4239, 4.988, 4.937]
[4229, 4.937, 4.781]
[4501, 4.781, 4.658]
[4273, 4.658, 4.471]
[4327, 4.471, 4.491]
[4419, 4.491, 4.411]
[4281, 4.411, 4.294]
[4324, 4.294, 4.252]
[4273, 4.252, 4.383]
[4491, 4.383, 4.34]
[4543, 4.34, 4.415]
[4641, 4.415, 4.198]
[4421, 4.198, 4.113]
[4400, 4.113, 4.217]
[4436, 4.217, 4.325]
[4302, 4.325, 4.299]
[4223, 4.299, 4.356]
[4320, 4.356, 4.404]
[4354, 4.404, 4.381]
[4284, 4.381, 4.467]
[4305, 4.467, 4.547]
[4272, 4.547, 4.51]
[4234, 4.51, 4.47]
[4239, 4.47, 4.482]
[4323, 4.482, 4.373]
[4188, 4.373, 4.36]
[4188, 4.36, 4.513]
[4203, 4.513, 4.577]
[4398, 4.577, 4.559]
[4223, 4.559, 4.528]
[4308, 4.528, 4.509]
[4253, 4.509, 4.525]
[4205, 4.525, 4.585]
[4403, 4.585, 4.548]
[4547, 4.548, 4.431]
[4239, 4.431, 4.365]
[4286, 4.365, 4.494]
[4282, 4.494, 4.593]
[4356, 4.593, 4.451]
[4222, 4.451, 4.461]
[4509, 4.461, 4.625]
[4458, 4.625, 4.489]
[4188, 4.489, 4.368]
[4188, 4.368, 4.54]
[4269, 4.54, 4.527]
[4314, 4.527, 4.519]
[4270, 4.519, 4.473]
[4389, 4.473, 4.593]
[4520, 4.593, 4.652]
[4369, 4.652, 4.468]
[4319, 4.468, 4.487]
[4299, 4.487, 4.423]
[4251, 4.423, 4.288]
[4479, 4.288, 4.327]
[4560, 4.327, 4.222]
[4225, 4.222, 4.136]
[4267, 4.136, 4.141]
[4477, 4.141, 4.033]
[4258, 4.033, 3.915]
[4222, 3.915, 3.886]
[4444, 3.886, 3.853]
[4222, 3.853, 3.892]
[4281, 3.892, 3.855]
[4255, 3.855, 3.791]
[4292, 3.791, 3.885]
[4375, 3.885, 4.055]
[4497, 4.055, 3.876]
[4307, 3.876, 3.728]
[4188, 3.728, 3.988]
[4564, 3.988, 4.099]
[4306, 4.099, 4.042]
[4264, 4.042, 4.087]
[4434, 4.087, 4.127]
[4346, 4.127, 4.026]
[4517, 4.026, 3.958]
[4236, 3.958, 3.907]
[4311, 3.907, 3.856]
[4239, 3.856, 3.8]
[4411, 3.8, 3.939]
[4267, 3.939, 3.953]
[4330, 3.953, 3.994]
[4188, 3.994, 3.949]
[4449, 3.949, 4.081]
[4205, 4.081, 4.133]
[4437, 4.133, 4.086]
[4398, 4.086, 4.108]
[4246, 4.108, 4.02]
[4201, 4.02, 3.942]
[4378, 3.942, 3.95]
[4188, 3.95, 4.094]
[4416, 4.094, 4.064]
[4505, 4.064, 3.997]
[4239, 3.997, 3.89]
[4260, 3.89, 3.973]
[4352, 3.973, 3.952]
[4314, 3.952, 4.01]
[4422, 4.01, 3.815]
[4243, 3.815, 4.039]
[4274, 4.039, 4.084]
[4211, 4.084, 4.19]
[4431, 4.19, 4.125]
[4255, 4.125, 4.279]
[4472, 4.279, 4.491]
[4641, 4.491, 4.38]
[4321, 4.38, 4.181]
[4650, 4.181, 4.092]
[4367, 4.092, 3.826]
[4301, 3.826, 3.835]
[4245, 3.835, 4.058]
[4366, 4.058, 4.014]
[4407, 4.014, 3.942]
[4191, 3.942, 3.933]
[4429, 3.933, 4.106]
[4427, 4.106, 3.927]
[4493, 3.927, 3.674]
[4363, 3.674, 3.645]
[4275, 3.645, 3.826]
[4400, 3.826, 3.907]
[4446, 3.907, 3.717]
[4188, 3.717, 3.814]
[4427, 3.814, 3.836]
[4188, 3.836, 4.018]
[4523, 4.018, 3.985]
[4212, 3.985, 3.944]
[4254, 3.944, 4.094]
[4408, 4.094, 4.26]
[4419, 4.26, 4.081]
[4188, 4.081, 4.119]
[4342, 4.119, 4.071]
[4390, 4.071, 4.358]
[4324, 4.358, 4.166]
[4268, 4.166, 4.387]
[4188, 4.387, 4.52]
[4338, 4.52, 4.331]
[4240, 4.331, 4.246]
[4633, 4.246, 4.385]
[4354, 4.385, 4.145]
[4334, 4.145, 4.264]
[4482, 4.264, 4.3]
[4335, 4.3, 4.261]
[4201, 4.261, 4.244]
[4401, 4.244, 4.436]
[4470, 4.436, 4.485]
[4534, 4.485, 4.39]
[4347, 4.39, 4.228]
[4615, 4.228, 4.243]
[4210, 4.243, 4.257]
[4293, 4.257, 4.146]
[4349, 4.146, 4.356]
[4547, 4.356, 4.399]
[4486, 4.399, 4.121]
[4470, 4.121, 3.965]
[4620, 3.965, 3.849]
[4451, 3.849, 3.725]
[4322, 3.725, 3.905]
[4636, 3.905, 3.992]
[4332, 3.992, 3.809]
[4313, 3.809, 3.942]
[4188, 3.942, 4.002]
[4281, 4.002, 4.153]
[4300, 4.153, 4.258]
[4478, 4.258, 4.3]
[4260, 4.3, 4.234]
[4313, 4.234, 4.208]
[4364, 4.208, 4.244]
[4239, 4.244, 4.177]
[4243, 4.177, 4.065]
[4626, 4.065, 4.228]
[4310, 4.228, 4.197]
[4298, 4.197, 4.133]
[4323, 4.133, 4.159]
[4346, 4.159, 3.941]
[4503, 3.941, 3.748]
[4260, 3.748, 3.738]
[4199, 3.738, 3.668]
[4291, 3.668, 3.595]
[4557, 3.595, 3.692]
[4260, 3.692, 3.614]
[4324, 3.614, 3.576]
[4188, 3.576, 3.623]
[4307, 3.623, 3.799]
[4879, 3.799, 3.948]
[4429, 3.948, 3.776]
[4437, 3.776, 3.839]
[4188, 3.839, 4.101]
[4502, 4.101, 4.465]
[4503, 4.465, 4.168]
[4650, 4.168, 4.083]
[4426, 4.083, 4.258]
[4331, 4.258, 4.396]
[4188, 4.396, 4.393]
[4464, 4.393, 4.341]
[4309, 4.341, 4.386]
[4266, 4.386, 4.298]
[4414, 4.298, 4.405]
[4230, 4.405, 4.449]
[4228, 4.449, 4.399]
[4523, 4.399, 4.445]
[4497, 4.445, 4.464]
[4241, 4.464, 4.438]
[4375, 4.438, 4.676]
[4448, 4.676, 4.643]
[4406, 4.643, 4.565]
[4365, 4.565, 4.608]
[4341, 4.608, 4.503]
[4213, 4.503, 4.529]
[4280, 4.529, 4.626]
[4526, 4.626, 4.563]
[4188, 4.563, 4.613]
[4255, 4.613, 4.74]
[4188, 4.74, 4.737]
[4347, 4.737, 4.767]
[4326, 4.767, 4.785]
[4408, 4.785, 4.671]
[4666, 4.671, 4.636]
[4209, 4.636, 4.455]
[4214, 4.455, 4.498]
[4339, 4.498, 4.492]
[4274, 4.492, 4.402]
[4188, 4.402, 4.463]
[4440, 4.463, 4.389]
[4239, 4.389, 4.487]
[4267, 4.487, 4.588]
[4334, 4.588, 4.447]
[4383, 4.447, 4.498]
[4306, 4.498, 4.533]
[4600, 4.533, 4.498]
[4188, 4.498, 4.468]
[4257, 4.468, 4.735]
[4471, 4.735, 4.583]
[4562, 4.583, 4.459]
[4489, 4.459, 4.368]
[4579, 4.368, 4.189]
[4262, 4.189, 4.074]
[4188, 4.074, 4.345]
[4309, 4.345, 4.374]
[4555, 4.374, 4.147]
[4261, 4.147, 4.042]
[4321, 4.042, 4.151]
[4435, 4.151, 4.197]
[4331, 4.197, 3.988]
[4253, 3.988, 3.874]
[4218, 3.874, 3.889]
[4188, 3.889, 3.931]
[4295, 3.931, 3.982]
[4387, 3.982, 3.917]
[4188, 3.917, 4.058]
[4323, 4.058, 4.066]
[4298, 4.066, 3.997]
[4362, 3.997, 4.1]
[4477, 4.1, 3.995]
[4275, 3.995, 4.152]
[4237, 4.152, 4.192]
[4236, 4.192, 4.194]
[4250, 4.194, 4.198]
[4279, 4.198, 4.24]
[4403, 4.24, 4.343]
[4188, 4.343, 4.405]
[4259, 4.405, 4.355]
[4476, 4.355, 4.443]
[4328, 4.443, 4.357]
[4400, 4.357, 4.35]
[4248, 4.35, 4.374]
[4188, 4.374, 4.479]
[4188, 4.479, 4.615]
[4328, 4.615, 4.493]
[4260, 4.493, 4.485]
[4364, 4.485, 4.538]
[4366, 4.538, 4.545]
[4528, 4.545, 4.505]
[4381, 4.505, 4.41]
[4192, 4.41, 4.393]
[4542, 4.393, 4.44]
[4652, 4.44, 4.225]
[4216, 4.225, 4.023]
[4188, 4.023, 4.219]
[4349, 4.219, 4.332]
[4316, 4.332, 4.27]
[4273, 4.27, 4.316]
[4387, 4.316, 4.366]
[4519, 4.366, 4.519]
[4552, 4.519, 4.432]
[4332, 4.432, 4.122]
[4188, 4.122, 4.349]
[4298, 4.349, 4.547]
[4408, 4.547, 4.329]
[4617, 4.329, 4.29]
[4423, 4.29, 4.194]
[4425, 4.194, 4.222]
[4192, 4.222, 4.279]
[4188, 4.279, 4.351]
[4291, 4.351, 4.324]
[4465, 4.324, 4.238]
[4384, 4.238, 4.334]
[4559, 4.334, 4.349]
[4259, 4.349, 4.373]
[4235, 4.373, 4.407]
[4324, 4.407, 4.495]
[4322, 4.495, 4.764]
[4431, 4.764, 4.741]
[4484, 4.741, 4.548]
[4263, 4.548, 4.783]
[4291, 4.783, 4.909]
[4240, 4.909, 4.745]
[4385, 4.745, 4.778]
[4456, 4.778, 4.732]
[4328, 4.732, 4.64]
[4333, 4.64, 4.688]
[4208, 4.688, 4.678]
[4342, 4.678, 4.762]
[4523, 4.762, 4.675]
[4374, 4.675, 4.492]
[4188, 4.492, 4.654]
[4323, 4.654, 4.597]
[4270, 4.597, 4.49]
[4514, 4.49, 4.506]
[4427, 4.506, 4.321]
[4188, 4.321, 4.399]
[4241, 4.399, 4.406]
[4212, 4.406, 4.392]
[4326, 4.392, 4.235]
[4188, 4.235, 4.485]
[4311, 4.485, 4.444]
[4240, 4.444, 4.413]
[4420, 4.413, 4.536]
[4490, 4.536, 4.704]
[4338, 4.704, 4.605]
[4226, 4.605, 4.493]
[4240, 4.493, 4.525]
[4538, 4.525, 4.765]
[4583, 4.765, 4.408]
[4236, 4.408, 4.177]
[4229, 4.177, 4.506]
[4493, 4.506, 4.617]
[4532, 4.617, 4.288]
[4292, 4.288, 4.226]
[4340, 4.226, 4.377]
[4211, 4.377, 4.334]
[4188, 4.334, 4.382]
[4358, 4.382, 4.493]
[4291, 4.493, 4.436]
[4389, 4.436, 4.47]
[4449, 4.47, 4.602]
[4610, 4.602, 4.667]
[4400, 4.667, 4.703]
[4188, 4.703, 4.758]
[4421, 4.758, 4.861]
[4232, 4.861, 4.814]
[4523, 4.814, 4.746]
[4251, 4.746, 4.751]
[4275, 4.751, 4.798]
[4361, 4.798, 4.663]
[4511, 4.663, 4.852]
[4257, 4.852, 4.709]
[4594, 4.709, 4.684]
[4592, 4.684, 4.741]
[4405, 4.741, 4.454]
[4213, 4.454, 4.504]
[4299, 4.504, 4.682]
[4351, 4.682, 4.421]
[4251, 4.421, 4.285]
[4321, 4.285, 4.363]
[4570, 4.363, 4.292]
[4270, 4.292, 4.154]
[4282, 4.154, 4.369]
[4204, 4.369, 4.323]
[4188, 4.323, 4.3]
[4188, 4.3, 4.348]
[4373, 4.348, 4.135]
[4458, 4.135, 3.987]
[4384, 3.987, 4.132]
[4188, 4.132, 4.341]
[4315, 4.341, 4.255]
[4228, 4.255, 4.219]
[4305, 4.219, 4.429]
[4357, 4.429, 4.552]
[4318, 4.552, 4.386]
[4374, 4.386, 4.445]
[4255, 4.445, 4.49]
[4247, 4.49, 4.464]
[4321, 4.464, 4.456]
[4293, 4.456, 4.548]
[4365, 4.548, 4.514]
[4357, 4.514, 4.427]
[4571, 4.427, 4.451]
[4533, 4.451, 4.261]
[4294, 4.261, 4.243]
[4608, 4.243, 4.326]
[4232, 4.326, 4.135]
[4552, 4.135, 4.139]
[4391, 4.139, 4.133]
[4585, 4.133, 3.956]
[4421, 3.956, 3.87]
[4426, 3.87, 3.915]
[4320, 3.915, 3.87]
[4464, 3.87, 3.844]
[4549, 3.844, 4.057]
[4667, 4.057, 3.996]
[4524, 3.996, 3.634]
[4362, 3.634, 3.742]
[4487, 3.742, 3.995]
[4213, 3.995, 3.801]
[4188, 3.801, 3.87]
[4873, 3.87, 3.961]
[4213, 3.961, 3.896]
[4363, 3.896, 4.054]
[4365, 4.054, 4.045]
[4265, 4.045, 4.166]
[4188, 4.166, 4.169]
[4188, 4.169, 4.185]
[4354, 4.185, 4.229]
[4478, 4.229, 4.249]
[4382, 4.249, 4.106]
[4294, 4.106, 4.311]
[4219, 4.311, 4.276]
[4602, 4.276, 4.002]
[4216, 4.002, 3.847]
[4241, 3.847, 4.008]
[4326, 4.008, 4.146]
[4346, 4.146, 4.082]
[4250, 4.082, 4.023]
[4282, 4.023, 4.189]
[4488, 4.189, 4.34]
[4193, 4.34, 4.226]
[4316, 4.226, 4.443]
[4407, 4.443, 4.348]
[4396, 4.348, 4.225]
[4395, 4.225, 4.176]
[4291, 4.176, 4.204]
[4274, 4.204, 4.325]
[4343, 4.325, 4.368]
[4245, 4.368, 4.469]
[4188, 4.469, 4.57]
[4250, 4.57, 4.554]
[4406, 4.554, 4.618]
[4244, 4.618, 4.549]
[4553, 4.549, 4.626]
[4287, 4.626, 4.542]
[4378, 4.542, 4.548]
[4294, 4.548, 4.479]
[4460, 4.479, 4.526]
[4484, 4.526, 4.291]
[4371, 4.291, 4.329]
[4304, 4.329, 4.44]
[4188, 4.44, 4.463]
[4525, 4.463, 4.619]
[4251, 4.619, 4.598]
[4568, 4.598, 4.656]
[4217, 4.656, 4.674]
[4190, 4.674, 4.549]
[4311, 4.549, 4.569]
[4347, 4.569, 4.492]
[4297, 4.492, 4.303]
[4232, 4.303, 4.509]
[4276, 4.509, 4.643]
[4248, 4.643, 4.541]
[4301, 4.541, 4.43]
[4406, 4.43, 4.645]
[4323, 4.645, 4.732]
[4254, 4.732, 4.573]
[4481, 4.573, 4.544]
[4324, 4.544, 4.632]
[4446, 4.632, 4.434]
[4238, 4.434, 4.136]
[4188, 4.136, 4.391]
[4188, 4.391, 4.456]
[4430, 4.456, 4.315]
[4218, 4.315, 4.268]
[4463, 4.268, 4.574]
[4444, 4.574, 4.465]
[4497, 4.465, 4.3]
[4188, 4.3, 4.364]
[4278, 4.364, 4.348]
[4347, 4.348, 4.299]
[4390, 4.299, 4.333]
[4413, 4.333, 4.324]
[4330, 4.324, 4.054]
[4188, 4.054, 4.022]
[4402, 4.022, 4.179]
[4314, 4.179, 4.177]
[4278, 4.177, 4.063]
[4402, 4.063, 4.147]
[4456, 4.147, 4.005]
[4398, 4.005, 3.899]
[4233, 3.899, 4.02]
[4241, 4.02, 4.014]
[4188, 4.014, 4.075]
[4321, 4.075, 4.228]
[4493, 4.228, 3.999]
[4271, 3.999, 3.952]
[4530, 3.952, 4.226]
[4191, 4.226, 4.214]
[4284, 4.214, 4.127]
[4188, 4.127, 4.353]
[4188, 4.353, 4.438]
[4459, 4.438, 4.39]
[4239, 4.39, 4.427]
[4252, 4.427, 4.551]
[4297, 4.551, 4.496]
[4439, 4.496, 4.464]
[4477, 4.464, 4.491]
[4188, 4.491, 4.481]
[4188, 4.481, 4.516]
[4395, 4.516, 4.582]
[4430, 4.582, 4.468]
[4493, 4.468, 4.303]
[4475, 4.303, 4.428]
[4408, 4.428, 4.328]
[4362, 4.328, 4.07]
[4239, 4.07, 4.166]
[4192, 4.166, 4.26]
[4338, 4.26, 4.338]
[4188, 4.338, 4.267]
[4188, 4.267, 4.346]
[4384, 4.346, 4.353]
[4349, 4.353, 4.292]
[4381, 4.292, 4.124]
[4321, 4.124, 4.16]
[4263, 4.16, 4.356]
[4269, 4.356, 4.366]
[4473, 4.366, 4.356]
[4452, 4.356, 4.422]
[4212, 4.422, 4.286]
[4221, 4.286, 4.282]
[4408, 4.282, 4.312]
[4264, 4.312, 4.228]
[4302, 4.228, 4.24]
[4369, 4.24, 4.292]
[4440, 4.292, 4.221]
[4424, 4.221, 4.19]
[4263, 4.19, 4.075]
[4338, 4.075, 4.259]
[4409, 4.259, 4.131]
[4204, 4.131, 4.14]
[4269, 4.14, 4.092]
[4607, 4.092, 4.057]
[4335, 4.057, 4.028]
[4231, 4.028, 4.021]
[4313, 4.021, 3.991]
[4257, 3.991, 3.856]
[4336, 3.856, 3.826]
[4316, 3.826, 3.801]
[4371, 3.801, 3.858]
[4388, 3.858, 3.711]
[4258, 3.711, 3.69]
[4351, 3.69, 3.865]
[4326, 3.865, 3.763]
[4615, 3.763, 3.858]
[4245, 3.858, 3.745]
[4323, 3.745, 3.69]
[4233, 3.69, 3.913]
[4312, 3.913, 3.887]
[4337, 3.887, 3.797]
[4188, 3.797, 3.96]
[4370, 3.96, 4.143]
[4267, 4.143, 3.948]
[4344, 3.948, 4.105]
[4361, 4.105, 4.104]
[4396, 4.104, 4.285]
[4319, 4.285, 4.358]
[4188, 4.358, 4.341]
[4554, 4.341, 4.558]
[4255, 4.558, 4.384]
[4481, 4.384, 4.448]
[4376, 4.448, 4.083]
[4265, 4.083, 3.806]
[4406, 3.806, 3.916]
[4432, 3.916, 3.994]
[4678, 3.994, 3.854]
[4392, 3.854, 3.745]
[4396, 3.745, 3.756]
[4444, 3.756, 3.737]
[4629, 3.737, 3.997]
[4479, 3.997, 3.724]
[4234, 3.724, 3.568]
[4257, 3.568, 3.902]
[4422, 3.902, 4.138]
[4574, 4.138, 3.98]
[4339, 3.98, 3.898]
[4387, 3.898, 4.06]
[4361, 4.06, 4.046]
[4420, 4.046, 3.976]
[4264, 3.976, 3.969]
[4273, 3.969, 4.012]
[4248, 4.012, 4.038]
[4555, 4.038, 3.99]
[4498, 3.99, 3.895]
[4414, 3.895, 4.025]
[4269, 4.025, 4.058]
[4440, 4.058, 4.005]
[4483, 4.005, 3.986]
[4259, 3.986, 4.07]
[4271, 4.07, 4.008]
[4451, 4.008, 4.005]
[4223, 4.005, 4.075]
[4526, 4.075, 4.106]
[4351, 4.106, 4.14]
[4375, 4.14, 4.2]
[4285, 4.2, 4.077]
[4498, 4.077, 4.063]
[4334, 4.063, 3.942]
[4418, 3.942, 4.044]
[4266, 4.044, 4.136]
[4467, 4.136, 3.863]
[4265, 3.863, 4.057]
[4267, 4.057, 4.309]
[4579, 4.309, 4.148]
[4262, 4.148, 3.922]
[4326, 3.922, 4.072]
[4206, 4.072, 4.11]
[4218, 4.11, 4.025]
[4371, 4.025, 4.005]
[4193, 4.005, 3.97]
[4376, 3.97, 4.124]
[4325, 4.124, 4.279]
[4348, 4.279, 4.2]
[4330, 4.2, 4.226]
[4257, 4.226, 4.232]
[4389, 4.232, 4.292]
[4490, 4.292, 4.211]
[4456, 4.211, 4.364]
[4188, 4.364, 4.633]
[4355, 4.633, 4.535]
[4389, 4.535, 4.387]
[4310, 4.387, 4.374]
[4353, 4.374, 4.465]
[4388, 4.465, 4.389]
[4308, 4.389, 4.176]
[4459, 4.176, 4.181]
[4318, 4.181, 4.274]
[4350, 4.274, 4.192]
[4403, 4.192, 4.029]
[4543, 4.029, 4.222]
[4304, 4.222, 4.188]
[4358, 4.188, 4.105]
[4194, 4.105, 4.2]
[4389, 4.2, 4.408]
[4276, 4.408, 4.279]
[4188, 4.279, 4.476]
[4315, 4.476, 4.252]
[4188, 4.252, 4.126]
[4209, 4.126, 4.333]
[4455, 4.333, 4.343]
[4408, 4.343, 4.181]
[4446, 4.181, 4.231]
[4378, 4.231, 4.368]
[4481, 4.368, 4.306]
[4196, 4.306, 4.21]
[4293, 4.21, 4.327]
[4260, 4.327, 4.43]
[4427, 4.43, 4.333]
[4264, 4.333, 4.302]
[4254, 4.302, 4.47]
[4410, 4.47, 4.676]
[4453, 4.676, 4.474]
[4306, 4.474, 4.41]
[4356, 4.41, 4.505]
[4324, 4.505, 4.504]
[4571, 4.504, 4.479]
[4316, 4.479, 4.654]
[4284, 4.654, 4.773]
[4188, 4.773, 4.754]
[4252, 4.754, 4.67]
[4475, 4.67, 4.623]
[4525, 4.623, 4.492]
[4203, 4.492, 4.26]
[4310, 4.26, 4.467]
[4202, 4.467, 4.56]
[4188, 4.56, 4.553]
[4286, 4.553, 4.568]
[4259, 4.568, 4.644]
[4188, 4.644, 4.674]
[4260, 4.674, 4.713]
[4272, 4.713, 4.714]
[4246, 4.714, 4.724]
[4323, 4.724, 4.831]
[4370, 4.831, 4.792]
[4478, 4.792, 4.796]
[4188, 4.796, 4.747]
[4393, 4.747, 4.899]
[4320, 4.899, 4.944]
[4256, 4.944, 4.926]
[4260, 4.926, 4.867]
[4188, 4.867, 4.908]
[4395, 4.908, 4.864]
[4581, 4.864, 4.954]
[4385, 4.954, 4.799]
[4406, 4.799, 4.886]
[4445, 4.886, 4.822]
[4281, 4.822, 4.687]
[4188, 4.687, 4.604]
[4323, 4.604, 4.623]
[4391, 4.623, 4.656]
[4327, 4.656, 4.744]
[4333, 4.744, 4.636]
[4321, 4.636, 4.718]
[4261, 4.718, 4.776]
[4221, 4.776, 4.91]
[4613, 4.91, 5.092]
[4204, 5.092, 4.992]
[4240, 4.992, 5.036]
[4255, 5.036, 5.026]
[4261, 5.026, 4.971]
[4421, 4.971, 4.928]
[4337, 4.928, 4.893]
[4397, 4.893, 4.971]
[4188, 4.971, 5.062]
[4275, 5.062, 5.103]
[4229, 5.103, 5.166]
[4278, 5.166, 5.164]
[4478, 5.164, 5.282]
[4387, 5.282, 5.409]
[4270, 5.409, 5.242]
[4284, 5.242, 5.234]
[4188, 5.234, 5.422]
[4558, 5.422, 5.376]
[4365, 5.376, 5.168]
[4410, 5.168, 5.274]
[4528, 5.274, 5.299]
[4653, 5.299, 5.256]
[4283, 5.256, 5.073]
[4269, 5.073, 5.19]
[4378, 5.19, 5.298]
[4369, 5.298, 5.158]
[4356, 5.158, 5.126]
[4333, 5.126, 5.216]
[4188, 5.216, 5.315]
[4375, 5.315, 5.267]
[4249, 5.267, 5.161]
[4354, 5.161, 5.141]
[4251, 5.141, 5.041]
[4331, 5.041, 5.032]
[4265, 5.032, 5.065]
[4188, 5.065, 5.375]
[4542, 5.375, 5.471]
[4310, 5.471, 5.229]
[4328, 5.229, 5.039]
[4243, 5.039, 5.374]
[4380, 5.374, 5.371]
[4328, 5.371, 5.335]
[4397, 5.335, 5.376]
[4361, 5.376, 5.539]
[4188, 5.539, 5.575]
[4384, 5.575, 5.465]
[4343, 5.465, 5.493]
[4536, 5.493, 5.683]
[4394, 5.683, 5.774]
[4231, 5.774, 5.67]
[4415, 5.67, 5.779]
[4631, 5.779, 5.905]
[4210, 5.905, 5.755]
[4283, 5.755, 5.804]
[4442, 5.804, 5.872]
[4373, 5.872, 5.712]
[4240, 5.712, 5.552]
[4269, 5.552, 5.394]
[4489, 5.394, 5.502]
[4325, 5.502, 5.306]
[4391, 5.306, 5.293]
[4223, 5.293, 5.399]
[4377, 5.399, 5.393]
[4336, 5.393, 5.373]
[4247, 5.373, 5.256]
[4270, 5.256, 5.283]
[4188, 5.283, 5.232]
[4374, 5.232, 5.107]
[4188, 5.107, 4.997]
[4245, 4.997, 5.016]
[4399, 5.016, 5.034]
[4432, 5.034, 4.935]
[4403, 4.935, 4.947]
[4188, 4.947, 5.028]
[4368, 5.028, 5.03]
[4411, 5.03, 5.193]
[4188, 5.193, 5.331]
[4521, 5.331, 5.295]
[4334, 5.295, 5.109]
[4190, 5.109, 5.146]
[4264, 5.146, 5.275]
[4409, 5.275, 5.282]
[4384, 5.282, 5.147]
[4188, 5.147, 5.09]
[4188, 5.09, 5.361]
[4306, 5.361, 5.346]
[4188, 5.346, 5.261]
[4188, 5.261, 5.307]
[4188, 5.307, 5.476]
[4325, 5.476, 5.288]
[4280, 5.288, 5.192]
[4188, 5.192, 5.362]
[4457, 5.362, 5.395]
[4383, 5.395, 5.551]
[4378, 5.551, 5.662]
[4434, 5.662, 5.641]
[4222, 5.641, 5.495]
[4416, 5.495, 5.46]
[4188, 5.46, 5.504]
[4556, 5.504, 5.499]
[4343, 5.499, 5.459]
[4345, 5.459, 5.442]
[4300, 5.442, 5.368]
[4188, 5.368, 5.295]
[4188, 5.295, 5.69]
[4370, 5.69, 5.703]
[4534, 5.703, 5.567]
[4299, 5.567, 5.474]
[4394, 5.474, 5.45]
[4296, 5.45, 5.362]
[4318, 5.362, 5.27]
[4483, 5.27, 5.167]
[4594, 5.167, 5.117]
[4188, 5.117, 5.196]
[4271, 5.196, 5.521]
[4376, 5.521, 5.209]
[4335, 5.209, 5.04]
[4317, 5.04, 5.2]
[4285, 5.2, 5.202]
[4613, 5.202, 4.843]
[4254, 4.843, 4.8]
[4225, 4.8, 4.952]
[4623, 4.952, 4.884]
[4448, 4.884, 4.632]
[4191, 4.632, 4.563]
[4255, 4.563, 4.623]
[4483, 4.623, 4.532]
[4408, 4.532, 4.158]
[4599, 4.158, 4.079]
[4242, 4.079, 4.335]
[4472, 4.335, 4.32]
[4417, 4.32, 4.004]
[4383, 4.004, 3.979]
[4490, 3.979, 4.118]
[4240, 4.118, 4.017]
[4404, 4.017, 4.025]
[4281, 4.025, 4.003]
[4300, 4.003, 4.009]
[4341, 4.009, 3.935]
[4315, 3.935, 3.915]
[4234, 3.915, 3.95]
[4207, 3.95, 3.993]
[4343, 3.993, 4.022]
[4484, 4.022, 4.03]
[4408, 4.03, 3.799]
[4328, 3.799, 3.817]
[4412, 3.817, 3.9]
[4313, 3.9, 3.83]
[4468, 3.83, 3.67]
[4217, 3.67, 3.722]
[4425, 3.722, 3.721]
[4629, 3.721, 3.54]
[4475, 3.54, 3.499]
[4429, 3.499, 3.632]
[4442, 3.632, 3.808]
[4459, 3.808, 3.572]
[4302, 3.572, 3.397]
[4264, 3.397, 3.472]
[4659, 3.472, 3.63]
[4455, 3.63, 3.536]
[4419, 3.536, 3.454]
[4253, 3.454, 3.672]
[4275, 3.672, 3.712]
[4378, 3.712, 3.96]
[4376, 3.96, 3.761]
[4222, 3.761, 3.597]
[4435, 3.597, 3.841]
[4296, 3.841, 3.891]
[4682, 3.891, 3.889]
[4325, 3.889, 3.83]
[4376, 3.83, 3.806]
[4188, 3.806, 3.909]
[4392, 3.909, 3.923]
[4269, 3.923, 3.872]
[4188, 3.872, 3.909]
[4188, 3.909, 4.334]
[4237, 4.334, 4.554]
[4479, 4.554, 4.498]
[4506, 4.498, 4.282]
[4331, 4.282, 4.371]
[4194, 4.371, 4.68]
[4323, 4.68, 4.606]
[4549, 4.606, 4.65]
[4188, 4.65, 4.74]
[4188, 4.74, 4.804]
[4309, 4.804, 5.165]
[4352, 5.165, 5.219]
[4259, 5.219, 5.108]
[4353, 5.108, 5.168]
[4188, 5.168, 5.156]
[4188, 5.156, 5.214]
[4384, 5.214, 5.232]
[4363, 5.232, 5.279]
[4252, 5.279, 5.264]
[4376, 5.264, 5.277]
[4488, 5.277, 5.436]
[4410, 5.436, 5.373]
[4302, 5.373, 5.245]
[4486, 5.245, 5.313]
[4353, 5.313, 5.314]
[4391, 5.314, 5.265]
[4401, 5.265, 5.236]
[4304, 5.236, 5.237]
[4264, 5.237, 5.202]
[4237, 5.202, 5.264]
[4604, 5.264, 5.454]
[4264, 5.454, 5.525]
[4420, 5.525, 5.254]
[4224, 5.254, 5.359]
[4385, 5.359, 5.427]
[4188, 5.427, 5.557]
[4240, 5.557, 5.427]
[4420, 5.427, 5.3]
[4188, 5.3, 5.481]
[4224, 5.481, 5.5]
[4256, 5.5, 5.434]
[4237, 5.434, 5.459]
[4622, 5.459, 5.497]
[4255, 5.497, 5.411]
[4311, 5.411, 5.623]
[4389, 5.623, 5.66]
[4280, 5.66, 5.617]
[4356, 5.617, 5.691]
[4413, 5.691, 5.481]
[4264, 5.481, 5.493]
[4309, 5.493, 5.235]
[4483, 5.235, 5.168]
[4188, 5.168, 5.279]
[4229, 5.279, 5.264]
[4578, 5.264, 5.411]
[4354, 5.411, 5.213]
[4322, 5.213, 5.256]
[4289, 5.256, 5.285]
[4369, 5.285, 5.28]
[4243, 5.28, 5.288]
[4380, 5.288, 5.406]
[4467, 5.406, 5.632]
[4261, 5.632, 5.741]
[4369, 5.741, 5.619]
[4218, 5.619, 5.637]
[4371, 5.637, 5.667]
[4188, 5.667, 5.661]
[4381, 5.661, 5.504]
[4188, 5.504, 5.489]
[4524, 5.489, 5.642]
[4307, 5.642, 5.55]
[4530, 5.55, 5.448]
[4403, 5.448, 5.334]
[4188, 5.334, 5.261]
[4326, 5.261, 5.266]
[4188, 5.266, 5.543]
[4499, 5.543, 5.37]
[4421, 5.37, 5.231]
[4340, 5.231, 5.253]
[4264, 5.253, 5.35]
[4306, 5.35, 5.476]
[4289, 5.476, 5.374]
[4424, 5.374, 5.282]
[4351, 5.282, 5.397]
[4331, 5.397, 5.455]
[4188, 5.455, 5.401]
[4469, 5.401, 5.299]
[4309, 5.299, 5.265]
[4455, 5.265, 5.362]
[4245, 5.362, 5.208]
[4233, 5.208, 5.302]
[4253, 5.302, 5.308]
[4188, 5.308, 5.365]
[4284, 5.365, 5.341]
[4252, 5.341, 5.318]
[4188, 5.318, 5.534]
[4302, 5.534, 5.59]
[4353, 5.59, 5.559]
[4337, 5.559, 5.499]
[4334, 5.499, 5.639]
[4277, 5.639, 5.492]
[4443, 5.492, 5.545]
[4511, 5.545, 5.753]
[4204, 5.753, 5.637]
[4538, 5.637, 5.562]
[4304, 5.562, 5.501]
[4247, 5.501, 5.533]
[4325, 5.533, 5.542]
[4259, 5.542, 5.647]
[4321, 5.647, 5.45]
[4197, 5.45, 5.372]
[4393, 5.372, 5.593]
[4208, 5.593, 5.616]
[4560, 5.616, 5.709]
[4451, 5.709, 5.413]
[4329, 5.413, 5.184]
[4245, 5.184, 5.308]
[4357, 5.308, 5.35]
[4266, 5.35, 5.369]
[4468, 5.369, 5.237]
[4318, 5.237, 5.207]
[4237, 5.207, 5.45]
[4557, 5.45, 5.432]
[4473, 5.432, 5.3]
[4335, 5.3, 5.013]
[4359, 5.013, 5.054]
[4257, 5.054, 5.224]
[4227, 5.224, 5.244]
[4377, 5.244, 5.182]
[4378, 5.182, 5.317]
[4456, 5.317, 5.266]
[4233, 5.266, 5.235]
[4430, 5.235, 5.426]
[4328, 5.426, 5.449]
[4289, 5.449, 5.488]
[4188, 5.488, 5.354]
[4361, 5.354, 5.43]
[4265, 5.43, 5.517]
[4293, 5.517, 5.334]
[4244, 5.334, 5.216]
[4188, 5.216, 5.292]
[4447, 5.292, 5.239]
[4452, 5.239, 5.049]
[4370, 5.049, 4.869]
[4225, 4.869, 5.156]
[4267, 5.156, 5.107]
[4396, 5.107, 4.979]
[4201, 4.979, 5.116]
[4339, 5.116, 5.053]
[4255, 5.053, 4.935]
[4361, 4.935, 4.974]
[4227, 4.974, 4.862]
[4324, 4.862, 4.847]
[4358, 4.847, 4.793]
[4233, 4.793, 4.731]
[4199, 4.731, 4.853]
[4204, 4.853, 4.827]
[4388, 4.827, 4.974]
[4243, 4.974, 4.931]
[4216, 4.931, 4.966]
[4289, 4.966, 5.097]
[4223, 5.097, 5.001]
[4362, 5.001, 5.085]
[4188, 5.085, 5.088]
[4432, 5.088, 5.161]
[4487, 5.161, 5.104]
[4347, 5.104, 5.216]
[4228, 5.216, 5.504]
[4629, 5.504, 5.968]
[4357, 5.968, 5.791]
[4467, 5.791, 5.881]
[4229, 5.881, 5.905]
[4547, 5.905, 6.099]
[4347, 6.099, 6.182]
[4248, 6.182, 6.312]
[4248, 6.312, 6.347]
[4320, 6.347, 6.608]
[4188, 6.608, 6.576]
[4268, 6.576, 6.457]
[4327, 6.457, 6.775]
[4302, 6.775, 6.76]
[4266, 6.76, 6.681]
[4188, 6.681, 6.907]
[4188, 6.907, 6.906]
[4221, 6.906, 6.962]
[4240, 6.962, 7.13]
[4205, 7.13, 6.996]
[4347, 6.996, 7.087]
[4263, 7.087, 7.156]
[4444, 7.156, 7.259]
[4295, 7.259, 7.286]
[4380, 7.286, 7.443]
[4236, 7.443, 7.335]
[4339, 7.335, 7.321]
[4383, 7.321, 7.582]
[4395, 7.582, 7.692]
[4366, 7.692, 7.914]
[4271, 7.914, 7.904]
[4320, 7.904, 8.071]
[4282, 8.071, 8.134]
[4287, 8.134, 7.985]
[4312, 7.985, 7.96]
[4415, 7.96, 7.794]
[4528, 7.794, 7.67]
[4482, 7.67, 7.691]
[4306, 7.691, 7.595]
[4372, 7.595, 7.811]
[4437, 7.811, 7.931]
[4405, 7.931, 7.953]
[4367, 7.953, 7.889]
[4263, 7.889, 7.744]
[4257, 7.744, 7.997]
[4410, 7.997, 7.801]
[4422, 7.801, 7.947]
[4188, 7.947, 8.003]
[4417, 8.003, 8.305]
[4325, 8.305, 8.417]
[4222, 8.417, 8.357]
[4188, 8.357, 8.657]
[4188, 8.657, 8.651]
[4307, 8.651, 8.647]
[4229, 8.647, 8.574]
[4188, 8.574, 8.724]
[4304, 8.724, 8.647]
[4279, 8.647, 8.521]
[4280, 8.521, 8.513]
[4204, 8.513, 8.438]
[4286, 8.438, 8.252]
[4480, 8.252, 8.498]
[4375, 8.498, 8.415]
[4254, 8.415, 8.363]
[4365, 8.363, 8.59]
[4538, 8.59, 8.613]
[4497, 8.613, 8.624]
[4244, 8.624, 8.382]
[4563, 8.382, 8.329]
[4205, 8.329, 8.407]
[4393, 8.407, 8.535]
[4287, 8.535, 8.58]
[4303, 8.58, 8.796]
[4277, 8.796, 8.939]
[4261, 8.939, 8.837]
[4216, 8.837, 8.696]
[4237, 8.696, 8.712]
[4319, 8.712, 8.839]
[4403, 8.839, 8.726]
[4335, 8.726, 8.566]
[4382, 8.566, 8.683]
[4189, 8.683, 8.676]
[4351, 8.676, 8.566]
[4188, 8.566, 8.579]
[4276, 8.579, 8.746]
[4449, 8.746, 8.607]
[4409, 8.607, 8.067]
[4457, 8.067, 8.194]
[4322, 8.194, 8.39]
[4352, 8.39, 8.225]
[4188, 8.225, 8.035]
[4295, 8.035, 8.37]
[4461, 8.37, 8.524]
[4438, 8.524, 8.447]
[4352, 8.447, 8.194]
[4240, 8.194, 8.311]
[4614, 8.311, 8.595]
[4312, 8.595, 8.482]
[4340, 8.482, 8.271]
[4234, 8.271, 8.735]
[4256, 8.735, 9.524]
[4445, 9.524, 9.572]
[4216, 9.572, 9.277]
[4200, 9.277, 9.326]
[4421, 9.326, 9.332]
[4248, 9.332, 9.47]
[4378, 9.47, 9.332]
[4274, 9.332, 9.4]
[4280, 9.4, 9.71]
[4212, 9.71, 9.816]
[4344, 9.816, 9.717]
[4316, 9.717, 9.497]
[4196, 9.497, 9.347]
[4258, 9.347, 9.497]
[4218, 9.497, 9.677]
[4264, 9.677, 9.518]
[4262, 9.518, 9.506]
[4411, 9.506, 9.478]
[4269, 9.478, 9.565]
[4354, 9.565, 9.73]
[4415, 9.73, 9.576]
[4228, 9.576, 9.45]
[4352, 9.45, 9.537]
[4477, 9.537, 9.649]
[4253, 9.649, 9.851]
[4193, 9.851, 10.115]
[4188, 10.115, 10.613]
[4380, 10.613, 10.325]
[4277, 10.325, 9.847]
