[90480, 100.0, 19.591]
[18792, 19.591, 9.56]
[8531, 9.56, 5.602]
[5045, 5.602, 4.429]
[4395, 4.429, 4.857]
[4237, 4.857, 4.966]
[4640, 4.966, 4.463]
[4275, 4.463, 4.435]
[4409, 4.435, 4.66]
[4516, 4.66, 4.548]
[4448, 4.548, 4.318]
[4353, 4.318, 4.316]
[4272, 4.316, 4.29]
[4478, 4.29, 4.46]
[4622, 4.46, 4.272]
[4344, 4.272, 4.36]
[4242, 4.36, 4.444]
[4330, 4.444, 4.357]
[4273, 4.357, 4.359]
[4387, 4.359, 4.212]
[4270, 4.212, 4.197]
[4319, 4.197, 4.261]
[4231, 4.261, 4.35]
[4426, 4.35, 4.219]
[4568, 4.219, 4.251]
[4322, 4.251, 4.364]
[4210, 4.364, 4.324]
[4385, 4.324, 4.356]
[4237, 4.356, 4.346]
[4256, 4.346, 4.408]
[4403, 4.408, 4.473]
[4450, 4.473, 4.278]
[4277, 4.278, 4.298]
[4470, 4.298, 4.321]
[4355, 4.321, 4.322]
[4414, 4.322, 4.402]
[4639, 4.402, 4.378]
[4356, 4.378, 4.07]
[4382, 4.07, 4.154]
[4241, 4.154, 4.36]
[4471, 4.36, 4.337]
[4306, 4.337, 4.22]
[4200, 4.22, 4.35]
[4256, 4.35, 4.321]
[4343, 4.321, 4.216]
[4318, 4.216, 4.219]
[4202, 4.219, 4.208]
[4232, 4.208, 4.116]
[4353, 4.116, 3.914]
[4366, 3.914, 3.837]
[4322, 3.837, 3.935]
[4206, 3.935, 4.041]
[4188, 4.041, 4.061]
[4259, 4.061, 4.129]
[4438, 4.129, 4.0]
[4307, 4.0, 3.951]
[4403, 3.951, 3.95]
[4233, 3.95, 3.993]
[4188, 3.993, 4.224]
[4223, 4.224, 4.276]
[4325, 4.276, 4.345]
[4321, 4.345, 4.344]
[4188, 4.344, 4.124]
[4487, 4.124, 4.213]
[4425, 4.213, 4.156]
[4524, 4.156, 4.032]
[4188, 4.032, 3.86]
[4188, 3.86, 3.897]
[4240, 3.897, 4.13]
[4250, 4.13, 4.248]
[4431, 4.248, 3.973]
[4633, 3.973, 3.869]
[4317, 3.869, 3.912]
[4474, 3.912, 3.909]
[4301, 3.909, 3.991]
[4188, 3.991, 3.967]
[4427, 3.967, 4.097]
[4188, 4.097, 4.117]
[4188, 4.117, 4.187]
[4289, 4.187, 4.012]
[4286, 4.012, 4.041]
[4458, 4.041, 4.058]
[4278, 4.058, 4.016]
[4235, 4.016, 3.943]
[4329, 3.943, 4.141]
[4255, 4.141, 4.245]
[4361, 4.245, 4.138]
[4419, 4.138, 4.094]
[4296, 4.094, 4.205]
[4558, 4.205, 4.045]
[4213, 4.045, 3.873]
[4395, 3.873, 3.92]
[4254, 3.92, 4.113]
[4346, 4.113, 4.048]
[4188, 4.048, 3.971]
[4491, 3.971, 4.078]
[4376, 4.078, 4.094]
[4427, 4.094, 4.043]
[4201, 4.043, 4.138]
[4397, 4.138, 4.23]
[4401, 4.23, 4.221]
[4304, 4.221, 4.162]
[4342, 4.162, 4.143]
[4279, 4.143, 4.132]
[4558, 4.132, 4.114]
[4520, 4.114, 4.016]
[4317, 4.016, 4.062]
[4362, 4.062, 4.212]
[4464, 4.212, 4.072]
[4380, 4.072, 3.868]
[4404, 3.868, 3.843]
[4266, 3.843, 3.993]
[4436, 3.993, 3.953]
[4373, 3.953, 3.993]
[4400, 3.993, 3.886]
[4262, 3.886, 3.91]
[4217, 3.91, 4.016]
[4188, 4.016, 4.11]
[4409, 4.11, 4.075]
[4306, 4.075, 4.032]
[4336, 4.032, 4.124]
[4760, 4.124, 4.076]
[4375, 4.076, 3.905]
[4270, 3.905, 3.846]
[4247, 3.846, 3.892]
[4471, 3.892, 3.887]
[4327, 3.887, 3.794]
[4188, 3.794, 3.901]
[4377, 3.901, 4.018]
[4198, 4.018, 3.994]
[4530, 3.994, 3.903]
[4188, 3.903, 4.047]
[4188, 4.047, 4.19]
[4486, 4.19, 4.128]
[4375, 4.128, 4.123]
[4436, 4.123, 4.158]
[4206, 4.158, 4.151]
[4286, 4.151, 4.272]
[4319, 4.272, 4.42]
[4402, 4.42, 4.378]
[4301, 4.378, 4.37]
[4500, 4.37, 4.425]
[4188, 4.425, 4.525]
[4247, 4.525, 4.439]
[4206, 4.439, 4.613]
[4502, 4.613, 4.802]
[4515, 4.802, 4.566]
[4218, 4.566, 4.514]
[4419, 4.514, 4.796]
[4277, 4.796, 4.776]
[4353, 4.776, 4.778]
[4313, 4.778, 4.743]
[4346, 4.743, 4.797]
[4260, 4.797, 4.832]
[4500, 4.832, 4.609]
[4665, 4.609, 4.59]
[4263, 4.59, 4.627]
[4416, 4.627, 4.609]
[4263, 4.609, 4.726]
[4245, 4.726, 4.63]
[4289, 4.63, 4.517]
[4211, 4.517, 4.566]
[4312, 4.566, 4.636]
[4188, 4.636, 4.589]
[4422, 4.589, 4.742]
[4846, 4.742, 4.816]
[4618, 4.816, 4.409]
[4188, 4.409, 4.379]
[4189, 4.379, 4.749]
[4445, 4.749, 4.69]
[4267, 4.69, 4.42]
[4491, 4.42, 4.624]
[4332, 4.624, 4.464]
[4395, 4.464, 4.398]
[4708, 4.398, 4.49]
[4743, 4.49, 4.387]
[4188, 4.387, 4.347]
[4558, 4.347, 4.546]
[4500, 4.546, 4.522]
[4353, 4.522, 4.279]
[4292, 4.279, 4.393]
[4188, 4.393, 4.473]
[4391, 4.473, 4.533]
[4629, 4.533, 4.42]
[4272, 4.42, 4.332]
[4565, 4.332, 4.385]
[4417, 4.385, 4.36]
[4286, 4.36, 4.342]
[4390, 4.342, 4.376]
[4545, 4.376, 4.323]
[4241, 4.323, 4.338]
[4243, 4.338, 4.328]
[4361, 4.328, 4.32]
[4229, 4.32, 4.396]
[4315, 4.396, 4.409]
[4381, 4.409, 4.362]
[4462, 4.362, 4.429]
[4308, 4.429, 4.458]
[4192, 4.458, 4.388]
[4497, 4.388, 4.248]
[4188, 4.248, 4.234]
[4215, 4.234, 4.254]
[4381, 4.254, 4.276]
[4366, 4.276, 4.317]
[4321, 4.317, 4.196]
[4193, 4.196, 4.174]
[4258, 4.174, 4.264]
[4188, 4.264, 4.352]
[4273, 4.352, 4.208]
[4304, 4.208, 4.285]
[4351, 4.285, 4.425]
[4386, 4.425, 4.397]
[4445, 4.397, 4.289]
[4403, 4.289, 4.593]
[4403, 4.593, 4.573]
[4346, 4.573, 4.445]
[4448, 4.445, 4.556]
[4400, 4.556, 4.626]
[4258, 4.626, 4.593]
[4244, 4.593, 4.537]
[4259, 4.537, 4.6]
[4447, 4.6, 4.607]
[4188, 4.607, 4.759]
[4355, 4.759, 4.716]
[4189, 4.716, 4.727]
[4583, 4.727, 4.786]
[4544, 4.786, 4.713]
[4273, 4.713, 4.655]
[4441, 4.655, 4.753]
[4725, 4.753, 4.855]
[4559, 4.855, 4.709]
[4222, 4.709, 4.587]
[4259, 4.587, 4.569]
[4510, 4.569, 4.655]
[4347, 4.655, 4.487]
[4188, 4.487, 4.303]
[4188, 4.303, 4.436]
[4496, 4.436, 4.496]
[4265, 4.496, 4.389]
[4342, 4.389, 4.265]
[4361, 4.265, 4.237]
[4424, 4.237, 4.217]
[4542, 4.217, 3.935]
[4259, 3.935, 3.927]
[4332, 3.927, 3.904]
[4544, 3.904, 4.042]
[4467, 4.042, 3.916]
[4254, 3.916, 3.842]
[4328, 3.842, 3.989]
[4336, 3.989, 3.993]
[4297, 3.993, 3.851]
[4247, 3.851, 3.793]
[4276, 3.793, 3.878]
[4527, 3.878, 3.806]
[4281, 3.806, 3.618]
[4413, 3.618, 3.531]
[4188, 3.531, 3.412]
[4249, 3.412, 3.643]
[4272, 3.643, 3.564]
[4535, 3.564, 3.541]
[4293, 3.541, 3.6]
[4278, 3.6, 3.589]
[4195, 3.589, 3.497]
[4188, 3.497, 3.668]
[4376, 3.668, 3.675]
[4626, 3.675, 3.595]
[4188, 3.595, 3.571]
[4480, 3.571, 3.621]
[4285, 3.621, 3.563]
[4343, 3.563, 3.661]
[4238, 3.661, 3.616]
[4188, 3.616, 3.58]
[4215, 3.58, 3.618]
[4315, 3.618, 3.686]
[4434, 3.686, 3.675]
[4188, 3.675, 3.903]
[4211, 3.903, 3.869]
[4431, 3.869, 3.855]
[4473, 3.855, 3.688]
[4188, 3.688, 3.741]
[4427, 3.741, 3.682]
[4315, 3.682, 3.591]
[4324, 3.591, 3.479]
[4230, 3.479, 3.633]
[4367, 3.633, 3.667]
[4284, 3.667, 3.804]
[4303, 3.804, 3.717]
[4347, 3.717, 3.81]
[4322, 3.81, 3.91]
[4255, 3.91, 3.936]
[4666, 3.936, 3.848]
[4200, 3.848, 3.876]
[4252, 3.876, 3.978]
[4256, 3.978, 4.159]
[4573, 4.159, 3.987]
[4211, 3.987, 3.894]
[4330, 3.894, 4.126]
[4188, 4.126, 4.264]
[4332, 4.264, 4.144]
[4271, 4.144, 4.174]
[4244, 4.174, 4.13]
[4497, 4.13, 4.065]
[4304, 4.065, 3.99]
[4229, 3.99, 4.117]
[4217, 4.117, 4.174]
[4593, 4.174, 4.241]
[4345, 4.241, 4.098]
[4501, 4.098, 4.211]
[4410, 4.211, 4.047]
[4439, 4.047, 3.911]
[4421, 3.911, 4.028]
[4421, 4.028, 4.216]
[4669, 4.216, 4.061]
[4259, 4.061, 3.798]
[4516, 3.798, 4.072]
[4538, 4.072, 4.227]
[4594, 4.227, 4.108]
[4232, 4.108, 3.921]
[4309, 3.921, 4.154]
[4339, 4.154, 4.228]
[4399, 4.228, 4.019]
[4388, 4.019, 4.003]
[4259, 4.003, 4.124]
[4238, 4.124, 4.114]
[4636, 4.114, 4.011]
[4188, 4.011, 4.077]
[4211, 4.077, 4.228]
[4374, 4.228, 4.187]
[4401, 4.187, 4.033]
[4337, 4.033, 3.895]
[4188, 3.895, 3.96]
[4263, 3.96, 4.135]
[4298, 4.135, 4.045]
[4542, 4.045, 4.067]
[4326, 4.067, 4.157]
[4385, 4.157, 4.065]
[4433, 4.065, 3.972]
[4215, 3.972, 4.014]
[4567, 4.014, 4.05]
[4301, 4.05, 4.061]
[4195, 4.061, 4.181]
[4188, 4.181, 4.244]
[4327, 4.244, 4.203]
[4302, 4.203, 4.368]
[4418, 4.368, 4.396]
[4188, 4.396, 4.42]
[4374, 4.42, 4.622]
[4499, 4.622, 4.582]
[4282, 4.582, 4.419]
[4352, 4.419, 4.41]
[4510, 4.41, 4.405]
[4347, 4.405, 4.257]
[4421, 4.257, 4.218]
[4541, 4.218, 4.38]
[4551, 4.38, 4.374]
[4338, 4.374, 4.258]
[4219, 4.258, 4.261]
[4333, 4.261, 4.435]
[4475, 4.435, 4.372]
[4256, 4.372, 4.394]
[4496, 4.394, 4.58]
[4188, 4.58, 4.604]
[4377, 4.604, 4.842]
[4293, 4.842, 4.674]
[4237, 4.674, 4.593]
[4266, 4.593, 4.703]
[4556, 4.703, 4.509]
[4326, 4.509, 4.304]
[4218, 4.304, 4.294]
[4245, 4.294, 4.304]
[4321, 4.304, 4.148]
[4282, 4.148, 4.156]
[4362, 4.156, 4.258]
[4489, 4.258, 4.123]
[4637, 4.123, 3.933]
[4327, 3.933, 4.03]
[4217, 4.03, 4.137]
[4270, 4.137, 4.04]
[4314, 4.04, 3.943]
[4412, 3.943, 3.972]
[4427, 3.972, 4.127]
[4666, 4.127, 4.074]
[4287, 4.074, 3.997]
[4469, 3.997, 4.065]
[4335, 4.065, 4.047]
[4335, 4.047, 4.165]
[4509, 4.165, 4.053]
[4188, 4.053, 3.988]
[4188, 3.988, 4.269]
[4188, 4.269, 4.392]
[4204, 4.392, 4.413]
[4350, 4.413, 4.203]
[4210, 4.203, 4.328]
[4261, 4.328, 4.523]
[4485, 4.523, 4.313]
[4221, 4.313, 4.322]
[4347, 4.322, 4.422]
[4232, 4.422, 4.414]
[4262, 4.414, 4.395]
[4598, 4.395, 4.485]
[4547, 4.485, 4.273]
[4237, 4.273, 4.092]
[4230, 4.092, 4.112]
[4388, 4.112, 4.102]
[4262, 4.102, 4.075]
[4427, 4.075, 4.097]
[4459, 4.097, 3.949]
[4348, 3.949, 4.084]
[4576, 4.084, 4.024]
[4231, 4.024, 4.054]
[4327, 4.054, 4.17]
[4373, 4.17, 4.282]
[4694, 4.282, 4.107]
[4390, 4.107, 3.854]
[4544, 3.854, 3.902]
[4313, 3.902, 3.985]
[4188, 3.985, 4.094]
[4244, 4.094, 4.211]
[4267, 4.211, 4.257]
[4564, 4.257, 4.15]
[4555, 4.15, 3.964]
[4547, 3.964, 4.088]
[4188, 4.088, 4.24]
[4688, 4.24, 4.018]
[4481, 4.018, 3.845]
[4404, 3.845, 3.796]
[4301, 3.796, 3.801]
[4293, 3.801, 3.9]
[4304, 3.9, 3.898]
[4205, 3.898, 3.975]
[4475, 3.975, 4.043]
[4298, 4.043, 4.013]
[4242, 4.013, 4.19]
[4259, 4.19, 4.159]
[4444, 4.159, 4.154]
[4264, 4.154, 4.236]
[4537, 4.236, 4.237]
[4217, 4.237, 4.215]
[4272, 4.215, 4.207]
[4360, 4.207, 4.239]
[4689, 4.239, 4.464]
[4400, 4.464, 4.257]
[4447, 4.257, 4.414]
[4308, 4.414, 4.434]
[4410, 4.434, 4.325]
[4264, 4.325, 4.211]
[4319, 4.211, 4.302]
[4383, 4.302, 4.273]
[4246, 4.273, 4.314]
[4807, 4.314, 4.505]
[4334, 4.505, 4.175]
[4188, 4.175, 4.255]
[4267, 4.255, 4.343]
[4365, 4.343, 4.533]
[4259, 4.533, 4.493]
[4600, 4.493, 4.319]
[4387, 4.319, 4.272]
[4415, 4.272, 4.155]
[4324, 4.155, 4.123]
[4188, 4.123, 4.254]
[4300, 4.254, 4.274]
[4283, 4.274, 4.102]
[4367, 4.102, 4.276]
[4579, 4.276, 4.384]
[4527, 4.384, 4.114]
[4310, 4.114, 4.004]
[4620, 4.004, 4.296]
[4305, 4.296, 4.269]
[4492, 4.269, 4.198]
[4302, 4.198, 4.484]
[4628, 4.484, 4.43]
[4673, 4.43, 4.21]
[4421, 4.21, 3.959]
[4357, 3.959, 4.029]
[4745, 4.029, 4.169]
[4461, 4.169, 3.932]
[4188, 3.932, 3.866]
[4233, 3.866, 4.05]
[4566, 4.05, 4.183]
[4537, 4.183, 3.936]
[4188, 3.936, 3.966]
[4188, 3.966, 4.157]
[4267, 4.157, 4.352]
[4465, 4.352, 4.303]
[4402, 4.303, 4.353]
[4331, 4.353, 4.431]
[4372, 4.431, 4.233]
[4313, 4.233, 4.16]
[4408, 4.16, 4.417]
[4456, 4.417, 4.497]
[4308, 4.497, 4.469]
[4509, 4.469, 4.345]
[4571, 4.345, 4.435]
[4330, 4.435, 4.552]
[4351, 4.552, 4.545]
[4372, 4.545, 4.458]
[4188, 4.458, 4.55]
[4313, 4.55, 4.435]
[4217, 4.435, 4.432]
[4562, 4.432, 4.609]
[4513, 4.609, 4.332]
[4188, 4.332, 4.281]
[4201, 4.281, 4.592]
[4265, 4.592, 4.505]
[4491, 4.505, 4.401]
[4517, 4.401, 4.417]
[4293, 4.417, 4.404]
[4280, 4.404, 4.313]
[4667, 4.313, 4.274]
[4355, 4.274, 3.995]
[4345, 3.995, 4.052]
[4240, 4.052, 4.246]
[4378, 4.246, 4.275]
[4411, 4.275, 4.207]
[4271, 4.207, 4.5]
[4391, 4.5, 4.486]
[4270, 4.486, 4.494]
[4388, 4.494, 4.509]
[4450, 4.509, 4.556]
[4188, 4.556, 4.537]
[4493, 4.537, 4.624]
[4692, 4.624, 4.63]
[4472, 4.63, 4.389]
[4272, 4.389, 4.306]
[4321, 4.306, 4.334]
[4519, 4.334, 4.183]
[4332, 4.183, 4.074]
[4393, 4.074, 4.104]
[4385, 4.104, 4.117]
[4309, 4.117, 4.15]
[4419, 4.15, 4.118]
[4409, 4.118, 4.122]
[4431, 4.122, 3.923]
[4337, 3.923, 4.037]
[4290, 4.037, 4.148]
[4188, 4.148, 4.219]
[4317, 4.219, 4.051]
[4208, 4.051, 4.132]
[4295, 4.132, 4.203]
[4355, 4.203, 4.11]
[4199, 4.11, 3.954]
[4245, 3.954, 4.057]
[4491, 4.057, 4.136]
[4439, 4.136, 4.144]
[4336, 4.144, 4.211]
[4194, 4.211, 4.207]
[4188, 4.207, 4.459]
[4399, 4.459, 4.415]
[4353, 4.415, 4.462]
[4234, 4.462, 4.458]
[4215, 4.458, 4.382]
[4352, 4.382, 4.451]
[4313, 4.451, 4.374]
[4257, 4.374, 4.315]
[4317, 4.315, 4.31]
[4269, 4.31, 4.409]
[4212, 4.409, 4.375]
[4275, 4.375, 4.424]
[4397, 4.424, 4.489]
[4311, 4.489, 4.476]
[4211, 4.476, 4.371]
[4188, 4.371, 4.534]
[4547, 4.534, 4.674]
[4399, 4.674, 4.493]
[4195, 4.493, 4.235]
[4479, 4.235, 4.352]
[4271, 4.352, 4.328]
[4206, 4.328, 4.301]
[4188, 4.301, 4.431]
[4595, 4.431, 4.494]
[4478, 4.494, 4.323]
[4188, 4.323, 4.401]
[4328, 4.401, 4.356]
[4253, 4.356, 4.284]
[4550, 4.284, 4.395]
[4352, 4.395, 4.426]
[4491, 4.426, 4.262]
[4521, 4.262, 4.407]
[4496, 4.407, 4.397]
[4457, 4.397, 4.273]
[4355, 4.273, 4.383]
[4227, 4.383, 4.373]
[4282, 4.373, 4.418]
[4481, 4.418, 4.389]
[4188, 4.389, 4.426]
[4452, 4.426, 4.48]
[4319, 4.48, 4.455]
[4188, 4.455, 4.563]
[4479, 4.563, 4.732]
[4222, 4.732, 4.652]
[4341, 4.652, 4.382]
[4394, 4.382, 4.391]
[4552, 4.391, 4.546]
[4287, 4.546, 4.439]
[4255, 4.439, 4.519]
[4445, 4.519, 4.49]
[4332, 4.49, 4.338]
[4294, 4.338, 4.373]
[4549, 4.373, 4.303]
[4355, 4.303, 4.033]
[4603, 4.033, 3.969]
[4245, 3.969, 3.975]
[4201, 3.975, 3.88]
[4524, 3.88, 3.773]
[4378, 3.773, 3.724]
[4188, 3.724, 4.001]
[4538, 4.001, 3.906]
[4242, 3.906, 3.827]
[4281, 3.827, 3.815]
[4188, 3.815, 3.973]
[4345, 3.973, 4.205]
[4476, 4.205, 4.177]
[4764, 4.177, 4.292]
[4280, 4.292, 4.274]
[4188, 4.274, 4.315]
[4302, 4.315, 4.275]
[4323, 4.275, 4.36]
[4188, 4.36, 4.392]
[4573, 4.392, 4.388]
[4342, 4.388, 4.355]
[4336, 4.355, 4.497]
[4345, 4.497, 4.277]
[4334, 4.277, 4.102]
[4460, 4.102, 4.266]
[4332, 4.266, 4.313]
[4386, 4.313, 4.18]
[4264, 4.18, 4.431]
[4188, 4.431, 4.665]
[4383, 4.665, 4.48]
[4188, 4.48, 4.708]
[4443, 4.708, 4.879]
[4405, 4.879, 4.913]
[4544, 4.913, 4.821]
[4454, 4.821, 4.752]
[4268, 4.752, 4.78]
[4189, 4.78, 4.808]
[4362, 4.808, 4.83]
[4421, 4.83, 4.676]
[4188, 4.676, 4.777]
[4333, 4.777, 4.936]
[4254, 4.936, 4.834]
[4374, 4.834, 4.641]
[4291, 4.641, 4.624]
[4324, 4.624, 4.544]
[4244, 4.544, 4.334]
[4188, 4.334, 4.407]
[4291, 4.407, 4.44]
[4188, 4.44, 4.443]
[4346, 4.443, 4.482]
[4332, 4.482, 4.372]
[4456, 4.372, 4.374]
[4188, 4.374, 4.329]
[4555, 4.329, 4.433]
[4222, 4.433, 4.426]
[4270, 4.426, 4.405]
[4241, 4.405, 4.497]
[4325, 4.497, 4.558]
[4205, 4.558, 4.533]
[4297, 4.533, 4.517]
[4270, 4.517, 4.39]
[4231, 4.39, 4.503]
[4425, 4.503, 4.439]
[4261, 4.439, 4.343]
[4481, 4.343, 4.304]
[4289, 4.304, 4.16]
[4331, 4.16, 4.177]
[4198, 4.177, 4.164]
[4460, 4.164, 4.067]
[4261, 4.067, 4.091]
[4316, 4.091, 4.066]
[4419, 4.066, 4.035]
[4285, 4.035, 4.028]
[4215, 4.028, 4.035]
[4267, 4.035, 4.296]
[4690, 4.296, 3.876]
[4235, 3.876, 3.733]
[4188, 3.733, 4.061]
[4296, 4.061, 4.009]
[4355, 4.009, 3.841]
[4517, 3.841, 3.702]
[4281, 3.702, 3.784]
[4305, 3.784, 3.926]
[4393, 3.926, 3.999]
[4245, 3.999, 3.901]
[4446, 3.901, 3.868]
[4504, 3.868, 3.864]
[4373, 3.864, 3.873]
[4236, 3.873, 3.949]
[4421, 3.949, 3.966]
[4290, 3.966, 3.952]
[4188, 3.952, 4.033]
[4223, 4.033, 3.945]
[4359, 3.945, 3.873]
[4308, 3.873, 3.862]
[4188, 3.862, 3.894]
[4269, 3.894, 3.833]
[4188, 3.833, 3.8]
[4188, 3.8, 3.876]
[4290, 3.876, 3.909]
[4241, 3.909, 3.829]
[4330, 3.829, 3.862]
[4192, 3.862, 4.024]
[4222, 4.024, 3.999]
[4205, 3.999, 3.99]
[4545, 3.99, 3.798]
[4390, 3.798, 3.652]
[4194, 3.652, 3.682]
[4198, 3.682, 3.768]
[4188, 3.768, 3.868]
[4495, 3.868, 3.87]
[4212, 3.87, 4.039]
[4342, 4.039, 3.869]
[4456, 3.869, 3.649]
[4199, 3.649, 3.638]
[4446, 3.638, 3.714]
[4188, 3.714, 3.866]
[4366, 3.866, 3.938]
[4302, 3.938, 3.91]
[4481, 3.91, 3.865]
[4188, 3.865, 4.011]
[4190, 4.011, 4.062]
[4347, 4.062, 4.233]
[4284, 4.233, 4.128]
[4310, 4.128, 4.231]
[4561, 4.231, 4.319]
[4212, 4.319, 4.327]
[4269, 4.327, 4.38]
[4362, 4.38, 4.5]
[4341, 4.5, 4.443]
[4251, 4.443, 4.421]
[4347, 4.421, 4.609]
[4503, 4.609, 4.483]
[4300, 4.483, 4.341]
[4507, 4.341, 4.364]
[4564, 4.364, 4.31]
[4468, 4.31, 4.28]
[4434, 4.28, 4.434]
[4463, 4.434, 4.413]
[4227, 4.413, 4.384]
[4188, 4.384, 4.318]
[4320, 4.318, 4.376]
[4382, 4.376, 4.41]
[4201, 4.41, 4.296]
[4384, 4.296, 4.333]
[4298, 4.333, 4.228]
[4188, 4.228, 4.23]
[4356, 4.23, 4.244]
[4303, 4.244, 4.342]
[4188, 4.342, 4.451]
[4331, 4.451, 4.435]
[4337, 4.435, 4.432]
[4420, 4.432, 4.399]
[4270, 4.399, 4.431]
[4480, 4.431, 4.433]
[4277, 4.433, 4.404]
[4320, 4.404, 4.353]
[4235, 4.353, 4.416]
[4209, 4.416, 4.348]
[4238, 4.348, 4.426]
[4263, 4.426, 4.307]
[4370, 4.307, 4.304]
[4302, 4.304, 4.293]
[4280, 4.293, 4.364]
[4388, 4.364, 4.406]
[4643, 4.406, 4.354]
[4188, 4.354, 4.448]
[4188, 4.448, 4.626]
[4480, 4.626, 4.667]
[4357, 4.667, 4.592]
[4345, 4.592, 4.532]
[4363, 4.532, 4.507]
[4346, 4.507, 4.476]
[4568, 4.476, 4.215]
[4188, 4.215, 4.165]
[4510, 4.165, 4.607]
[4369, 4.607, 4.535]
[4501, 4.535, 4.39]
[4298, 4.39, 4.283]
[4188, 4.283, 4.346]
[4304, 4.346, 4.301]
[4539, 4.301, 4.262]
[4349, 4.262, 4.175]
[4413, 4.175, 4.443]
[4515, 4.443, 4.233]
[4289, 4.233, 4.046]
[4217, 4.046, 4.148]
[4390, 4.148, 4.146]
[4188, 4.146, 4.166]
[4451, 4.166, 4.14]
[4292, 4.14, 4.15]
[4506, 4.15, 4.152]
[4188, 4.152, 4.139]
[4459, 4.139, 4.112]
[4300, 4.112, 4.123]
[4332, 4.123, 4.115]
[4397, 4.115, 4.113]
[4226, 4.113, 4.144]
[4574, 4.144, 4.133]
[4608, 4.133, 3.768]
[4545, 3.768, 3.536]
[4188, 3.536, 3.842]
[4356, 3.842, 3.917]
[4213, 3.917, 3.753]
[4523, 3.753, 3.798]
[4342, 3.798, 3.753]
[4316, 3.753, 3.808]
[4371, 3.808, 3.72]
[4188, 3.72, 3.878]
[4188, 3.878, 3.912]
[4188, 3.912, 4.037]
[4616, 4.037, 4.15]
[4402, 4.15, 3.864]
[4188, 3.864, 4.005]
[4371, 4.005, 4.12]
[4301, 4.12, 4.066]
[4188, 4.066, 4.094]
[4308, 4.094, 4.133]
[4313, 4.133, 4.177]
[4265, 4.177, 4.151]
[4419, 4.151, 4.165]
[4462, 4.165, 4.023]
[4284, 4.023, 3.956]
[4188, 3.956, 4.065]
[4377, 4.065, 4.033]
[4343, 4.033, 4.081]
[4313, 4.081, 4.05]
[4188, 4.05, 4.257]
[4359, 4.257, 4.397]
[4360, 4.397, 4.192]
[4460, 4.192, 4.099]
[4506, 4.099, 4.143]
[4518, 4.143, 3.846]
[4263, 3.846, 3.628]
[4188, 3.628, 3.936]
[4334, 3.936, 3.95]
[4220, 3.95, 3.782]
[4383, 3.782, 3.715]
[4308, 3.715, 3.887]
[4442, 3.887, 3.93]
[4454, 3.93, 3.831]
[4459, 3.831, 3.914]
[4188, 3.914, 4.059]
[4331, 4.059, 4.015]
[4346, 4.015, 3.896]
[4375, 3.896, 3.794]
[4273, 3.794, 3.716]
[4394, 3.716, 3.68]
[4470, 3.68, 3.722]
[4243, 3.722, 3.705]
[4188, 3.705, 3.789]
[4209, 3.789, 3.864]
[4442, 3.864, 3.866]
[4294, 3.866, 3.923]
[4265, 3.923, 4.032]
[4310, 4.032, 3.94]
[4188, 3.94, 3.952]
[4511, 3.952, 4.12]
[4344, 4.12, 3.918]
[4343, 3.918, 4.108]
[4684, 4.108, 4.113]
[4402, 4.113, 4.076]
[4291, 4.076, 4.2]
[4493, 4.2, 4.143]
[4426, 4.143, 3.996]
[4315, 3.996, 4.159]
[4558, 4.159, 4.129]
[4256, 4.129, 3.843]
[4243, 3.843, 3.881]
[4508, 3.881, 3.891]
[4335, 3.891, 3.812]
[4330, 3.812, 3.815]
[4445, 3.815, 3.751]
[4417, 3.751, 3.758]
[4410, 3.758, 3.634]
[4241, 3.634, 3.508]
[4193, 3.508, 3.538]
[4411, 3.538, 3.611]
[4188, 3.611, 3.625]
[4622, 3.625, 3.502]
[4211, 3.502, 3.563]
[4329, 3.563, 3.757]
[4239, 3.757, 3.812]
[4315, 3.812, 3.754]
[4284, 3.754, 3.72]
[4248, 3.72, 3.725]
[4234, 3.725, 3.765]
[4253, 3.765, 3.71]
[4280, 3.71, 3.63]
[4411, 3.63, 3.696]
[4272, 3.696, 3.748]
[4504, 3.748, 3.757]
[4188, 3.757, 3.865]
[4385, 3.865, 4.014]
[4567, 4.014, 3.788]
[4337, 3.788, 3.679]
[4330, 3.679, 3.821]
[4247, 3.821, 3.857]
[4419, 3.857, 3.767]
[4364, 3.767, 3.59]
[4423, 3.59, 3.861]
[4385, 3.861, 3.911]
[4663, 3.911, 3.864]
[4309, 3.864, 3.871]
[4391, 3.871, 3.782]
[4457, 3.782, 3.759]
[4233, 3.759, 3.691]
[4401, 3.691, 3.634]
[4463, 3.634, 3.351]
[4224, 3.351, 3.112]
[4188, 3.112, 3.309]
[4389, 3.309, 3.356]
[4224, 3.356, 3.268]
[4210, 3.268, 3.284]
[4470, 3.284, 3.256]
[4191, 3.256, 3.19]
[4354, 3.19, 3.261]
[4188, 3.261, 3.295]
[4336, 3.295, 3.312]
[4254, 3.312, 3.45]
[4242, 3.45, 3.394]
[4522, 3.394, 3.406]
[4662, 3.406, 3.48]
[4261, 3.48, 3.372]
[4396, 3.372, 3.383]
[4303, 3.383, 3.613]
[4309, 3.613, 3.493]
[4351, 3.493, 3.46]
[4345, 3.46, 3.361]
[4240, 3.361, 3.375]
[4361, 3.375, 3.534]
[4229, 3.534, 3.627]
[4224, 3.627, 3.486]
[4376, 3.486, 3.541]
[4535, 3.541, 3.709]
[4427, 3.709, 3.677]
[4312, 3.677, 3.647]
[4374, 3.647, 3.854]
[4568, 3.854, 3.899]
[4449, 3.899, 4.037]
[4373, 4.037, 3.996]
[4494, 3.996, 4.041]
[4263, 4.041, 4.165]
[4318, 4.165, 4.212]
[4335, 4.212, 4.285]
[4443, 4.285, 4.21]
[4600, 4.21, 4.038]
[4188, 4.038, 4.114]
[4655, 4.114, 4.262]
[4266, 4.262, 4.152]
[4312, 4.152, 4.203]
[4347, 4.203, 4.222]
[4193, 4.222, 4.209]
[4357, 4.209, 4.224]
[4299, 4.224, 4.073]
[4419, 4.073, 4.014]
[4385, 4.014, 4.088]
[4334, 4.088, 3.99]
[4210, 3.99, 4.191]
[4188, 4.191, 4.242]
[4195, 4.242, 4.308]
[4497, 4.308, 4.389]
[4326, 4.389, 4.24]
[4334, 4.24, 4.291]
[4290, 4.291, 4.099]
[4265, 4.099, 4.0]
[4335, 4.0, 3.96]
[4377, 3.96, 4.158]
[4311, 4.158, 4.019]
[4252, 4.019, 3.991]
[4289, 3.991, 4.191]
[4358, 4.191, 4.212]
[4380, 4.212, 4.09]
[4356, 4.09, 4.119]
[4640, 4.119, 4.324]
[4690, 4.324, 4.172]
[4403, 4.172, 4.058]
[4348, 4.058, 4.289]
[4188, 4.289, 4.445]
[4416, 4.445, 4.281]
[4249, 4.281, 4.276]
[4287, 4.276, 4.52]
[4188, 4.52, 4.509]
[4389, 4.509, 4.348]
[4465, 4.348, 4.572]
[4268, 4.572, 4.587]
[4343, 4.587, 4.557]
[4405, 4.557, 4.59]
[4612, 4.59, 4.475]
[4416, 4.475, 4.226]
[4340, 4.226, 4.126]
[4376, 4.126, 4.236]
[4324, 4.236, 4.317]
[4316, 4.317, 4.219]
[4293, 4.219, 4.35]
[4188, 4.35, 4.496]
[4240, 4.496, 4.365]
[4359, 4.365, 4.453]
[4482, 4.453, 4.445]
[4530, 4.445, 4.521]
[4499, 4.521, 4.389]
[4225, 4.389, 4.33]
[4269, 4.33, 4.424]
[4241, 4.424, 4.334]
[4227, 4.334, 4.273]
[4243, 4.273, 4.389]
[4188, 4.389, 4.396]
[4297, 4.396, 4.356]
[4188, 4.356, 4.408]
[4426, 4.408, 4.55]
[4370, 4.55, 4.493]
[4367, 4.493, 4.38]
[4471, 4.38, 4.489]
[4282, 4.489, 4.473]
[4416, 4.473, 4.468]
[4315, 4.468, 4.605]
[4319, 4.605, 4.517]
[4198, 4.517, 4.525]
[4527, 4.525, 4.682]
[4431, 4.682, 4.45]
[4361, 4.45, 4.198]
[4264, 4.198, 4.337]
[4292, 4.337, 4.449]
[4452, 4.449, 4.359]
[4206, 4.359, 4.256]
[4326, 4.256, 4.351]
[4188, 4.351, 4.497]
[4278, 4.497, 4.413]
[4345, 4.413, 4.492]
[4201, 4.492, 4.507]
[4397, 4.507, 4.683]
[4344, 4.683, 4.579]
[4242, 4.579, 4.682]
[4237, 4.682, 4.687]
[4534, 4.687, 4.626]
[4267, 4.626, 4.661]
[4359, 4.661, 4.786]
[4233, 4.786, 4.683]
[4410, 4.683, 4.423]
[4286, 4.423, 4.327]
[4402, 4.327, 4.361]
[4422, 4.361, 4.321]
[4442, 4.321, 4.354]
[4226, 4.354, 4.292]
[4325, 4.292, 4.449]
[4329, 4.449, 4.492]
[4252, 4.492, 4.529]
[4252, 4.529, 4.515]
[4611, 4.515, 4.424]
[4412, 4.424, 4.427]
[4368, 4.427, 4.392]
[4605, 4.392, 4.399]
[4204, 4.399, 4.357]
[4300, 4.357, 4.513]
[4527, 4.513, 4.499]
[4314, 4.499, 4.35]
[4257, 4.35, 4.434]
[4210, 4.434, 4.386]
[4431, 4.386, 4.506]
[4375, 4.506, 4.347]
[4536, 4.347, 4.451]
[4404, 4.451, 4.463]
[4257, 4.463, 4.43]
[4625, 4.43, 4.418]
[4422, 4.418, 4.179]
[4479, 4.179, 4.383]
[4393, 4.383, 4.511]
[4241, 4.511, 4.461]
[4665, 4.461, 4.516]
[4323, 4.516, 4.43]
[4590, 4.43, 4.657]
[4214, 4.657, 4.519]
[4486, 4.519, 4.557]
[4329, 4.557, 4.281]
[4293, 4.281, 4.036]
[4188, 4.036, 4.317]
[4245, 4.317, 4.698]
[4543, 4.698, 4.597]
[4259, 4.597, 4.466]
[4385, 4.466, 4.487]
[4423, 4.487, 4.477]
[4811, 4.477, 4.297]
[4471, 4.297, 4.008]
[4209, 4.008, 4.119]
[4246, 4.119, 4.21]
[4375, 4.21, 4.234]
[4284, 4.234, 4.243]
[4433, 4.243, 4.378]
[4353, 4.378, 4.236]
[4188, 4.236, 4.18]
[4365, 4.18, 4.126]
[4667, 4.126, 4.196]
[4204, 4.196, 4.407]
[4370, 4.407, 4.47]
[4272, 4.47, 4.488]
[4347, 4.488, 4.493]
[4429, 4.493, 4.489]
[4320, 4.489, 4.53]
[4273, 4.53, 4.624]
[4411, 4.624, 4.537]
[4188, 4.537, 4.627]
[4299, 4.627, 4.635]
[4388, 4.635, 4.505]
[4312, 4.505, 4.454]
[4305, 4.454, 4.461]
[4323, 4.461, 4.45]
[4650, 4.45, 4.523]
[4285, 4.523, 4.583]
[4321, 4.583, 4.47]
[4482, 4.47, 4.492]
[4572, 4.492, 4.177]
[4188, 4.177, 4.007]
[4314, 4.007, 4.096]
[4490, 4.096, 4.387]
[4220, 4.387, 4.298]
[4374, 4.298, 4.388]
[4378, 4.388, 4.576]
[4188, 4.576, 4.652]
[4408, 4.652, 4.727]
[4510, 4.727, 4.601]
[4430, 4.601, 4.727]
[4549, 4.727, 4.812]
[4477, 4.812, 4.672]
[4204, 4.672, 4.583]
[4231, 4.583, 4.641]
[4434, 4.641, 4.821]
[4585, 4.821, 4.823]
[4481, 4.823, 4.642]
[4363, 4.642, 4.515]
[4342, 4.515, 4.717]
[4505, 4.717, 4.609]
[4382, 4.609, 4.419]
[4298, 4.419, 4.443]
[4211, 4.443, 4.488]
[4349, 4.488, 4.413]
[4335, 4.413, 4.272]
[4393, 4.272, 4.4]
[4223, 4.4, 4.389]
[4398, 4.389, 4.449]
[4295, 4.449, 4.309]
[4474, 4.309, 4.457]
[4415, 4.457, 4.45]
[4224, 4.45, 4.425]
[4188, 4.425, 4.526]
[4214, 4.526, 4.597]
[4511, 4.597, 4.763]
[4493, 4.763, 4.695]
[4431, 4.695, 4.703]
[4530, 4.703, 4.588]
[4294, 4.588, 4.302]
[4188, 4.302, 4.502]
[4455, 4.502, 4.466]
[4422, 4.466, 4.207]
[4329, 4.207, 4.366]
[4455, 4.366, 4.45]
[4268, 4.45, 4.424]
[4408, 4.424, 4.327]
[4435, 4.327, 4.277]
[4459, 4.277, 4.174]
[4619, 4.174, 4.117]
[4348, 4.117, 4.003]
[4474, 4.003, 4.183]
[4571, 4.183, 4.146]
[4322, 4.146, 3.9]
[4442, 3.9, 3.98]
[4279, 3.98, 4.033]
[4206, 4.033, 4.108]
[4328, 4.108, 4.067]
[4358, 4.067, 3.954]
[4253, 3.954, 4.032]
[4611, 4.032, 4.086]
[4331, 4.086, 3.963]
[4314, 3.963, 3.923]
[4708, 3.923, 4.215]
[4259, 4.215, 4.034]
[4265, 4.034, 4.002]
[4328, 4.002, 4.098]
[4242, 4.098, 4.104]
[4211, 4.104, 4.155]
[4243, 4.155, 4.257]
[4188, 4.257, 4.273]
[4257, 4.273, 4.329]
[4428, 4.329, 4.45]
[4258, 4.45, 4.345]
[4301, 4.345, 4.416]
[4204, 4.416, 4.472]
[4486, 4.472, 4.475]
[4309, 4.475, 4.387]
[4470, 4.387, 4.26]
[4487, 4.26, 4.323]
[4380, 4.323, 4.255]
[4203, 4.255, 4.416]
[4260, 4.416, 4.418]
[4188, 4.418, 4.393]
[4328, 4.393, 4.48]
[4188, 4.48, 4.579]
[4512, 4.579, 4.739]
[4532, 4.739, 4.68]
[4397, 4.68, 4.501]
[4380, 4.501, 4.447]
[4188, 4.447, 4.616]
[4376, 4.616, 4.69]
[4508, 4.69, 4.559]
[4484, 4.559, 4.461]
[4400, 4.461, 4.428]
[4188, 4.428, 4.485]
[4516, 4.485, 4.564]
[4493, 4.564, 4.595]
[4188, 4.595, 4.6]
[4288, 4.6, 4.602]
[4328, 4.602, 4.655]
[4189, 4.655, 4.685]
[4227, 4.685, 4.666]
[4313, 4.666, 4.782]
[4349, 4.782, 4.777]
[4569, 4.777, 4.702]
[4337, 4.702, 4.602]
[4460, 4.602, 4.727]
[4332, 4.727, 4.83]
[4499, 4.83, 4.775]
[4283, 4.775, 4.766]
[4419, 4.766, 4.764]
[4366, 4.764, 4.604]
[4365, 4.604, 4.611]
[4429, 4.611, 4.623]
[4343, 4.623, 4.603]
[4233, 4.603, 4.569]
[4295, 4.569, 4.71]
[4293, 4.71, 4.76]
[4356, 4.76, 4.523]
[4318, 4.523, 4.512]
[4203, 4.512, 4.736]
[4353, 4.736, 4.795]
[4294, 4.795, 4.759]
[4336, 4.759, 4.767]
[4304, 4.767, 4.547]
[4471, 4.547, 4.435]
[4291, 4.435, 4.433]
[4582, 4.433, 4.712]
[4275, 4.712, 4.626]
[4293, 4.626, 4.491]
[4323, 4.491, 4.66]
[4403, 4.66, 4.596]
[4323, 4.596, 4.427]
[4252, 4.427, 4.483]
[4249, 4.483, 4.528]
[4252, 4.528, 4.479]
[4466, 4.479, 4.33]
[4312, 4.33, 4.3]
[4402, 4.3, 4.203]
[4451, 4.203, 4.171]
[4613, 4.171, 4.32]
[4393, 4.32, 4.248]
[4228, 4.248, 4.192]
[4284, 4.192, 4.243]
[4188, 4.243, 4.194]
[4394, 4.194, 4.155]
[4250, 4.155, 4.169]
[4190, 4.169, 4.121]
[4214, 4.121, 4.311]
[4188, 4.311, 4.391]
[4532, 4.391, 4.37]
[4382, 4.37, 4.457]
[4200, 4.457, 4.455]
[4191, 4.455, 4.481]
[4268, 4.481, 4.569]
[4299, 4.569, 4.643]
[4415, 4.643, 4.617]
[4423, 4.617, 4.676]
[4192, 4.676, 4.671]
[4188, 4.671, 4.629]
[4400, 4.629, 4.69]
[4371, 4.69, 4.816]
[4465, 4.816, 4.685]
[4368, 4.685, 4.416]
[4457, 4.416, 4.45]
[4244, 4.45, 4.387]
[4475, 4.387, 4.389]
[4303, 4.389, 4.268]
[4188, 4.268, 4.502]
[4269, 4.502, 4.507]
[4245, 4.507, 4.577]
[4518, 4.577, 4.543]
[4495, 4.543, 4.362]
[4437, 4.362, 4.309]
[4452, 4.309, 4.361]
[4310, 4.361, 4.357]
[4244, 4.357, 4.338]
[4238, 4.338, 4.133]
[4424, 4.133, 4.083]
[4245, 4.083, 4.169]
[4214, 4.169, 4.176]
[4408, 4.176, 4.291]
[4385, 4.291, 4.247]
[4266, 4.247, 4.519]
[4253, 4.519, 4.414]
[4382, 4.414, 4.318]
[4437, 4.318, 4.431]
[4491, 4.431, 4.425]
[4320, 4.425, 4.483]
[4742, 4.483, 4.388]
[4300, 4.388, 4.39]
[4614, 4.39, 4.678]
[4493, 4.678, 4.506]
[4188, 4.506, 4.418]
[4365, 4.418, 4.996]
[4374, 4.996, 4.752]
[4376, 4.752, 4.369]
[4241, 4.369, 4.738]
[4314, 4.738, 4.641]
[4559, 4.641, 4.425]
[4494, 4.425, 4.206]
[4188, 4.206, 4.41]
[4535, 4.41, 4.52]
[4273, 4.52, 4.413]
[4255, 4.413, 4.573]
[4188, 4.573, 4.656]
[4514, 4.656, 4.669]
[4219, 4.669, 4.498]
[4216, 4.498, 4.675]
[4267, 4.675, 4.89]
[4312, 4.89, 4.899]
[4468, 4.899, 4.904]
[4188, 4.904, 4.907]
[4697, 4.907, 5.113]
[4424, 5.113, 5.14]
[4312, 5.14, 5.031]
[4203, 5.031, 5.156]
[4448, 5.156, 5.05]
[4188, 5.05, 5.057]
[4521, 5.057, 5.209]
[4531, 5.209, 5.253]
[4326, 5.253, 5.205]
[4324, 5.205, 5.442]
[4533, 5.442, 5.3]
[4395, 5.3, 5.278]
[4706, 5.278, 5.499]
[4447, 5.499, 5.409]
[4253, 5.409, 5.126]
[4404, 5.126, 5.162]
[4315, 5.162, 5.069]
[4424, 5.069, 4.899]
[4369, 4.899, 4.647]
[4188, 4.647, 4.654]
[4584, 4.654, 4.964]
[4342, 4.964, 4.799]
[4495, 4.799, 4.663]
[4363, 4.663, 4.533]
[4325, 4.533, 4.607]
[4455, 4.607, 4.318]
[4237, 4.318, 4.128]
[4395, 4.128, 4.389]
[4290, 4.389, 4.367]
[4354, 4.367, 4.311]
[4374, 4.311, 4.223]
[4422, 4.223, 4.175]
[4416, 4.175, 4.185]
[4411, 4.185, 4.12]
[4402, 4.12, 4.59]
[4204, 4.59, 4.63]
[4531, 4.63, 4.469]
[4640, 4.469, 4.305]
[4188, 4.305, 4.443]
[4188, 4.443, 4.602]
[4471, 4.602, 4.599]
[4314, 4.599, 4.549]
[4188, 4.549, 4.686]
[4242, 4.686, 5.046]
[4302, 5.046, 5.289]
[4188, 5.289, 5.324]
[4428, 5.324, 5.362]
[4220, 5.362, 5.436]
[4188, 5.436, 5.391]
[4392, 5.391, 5.424]
[4319, 5.424, 5.297]
[4638, 5.297, 5.257]
[4344, 5.257, 5.199]
[4250, 5.199, 5.258]
[4525, 5.258, 5.343]
[4368, 5.343, 5.147]
[4188, 5.147, 5.191]
[4334, 5.191, 5.225]
[4262, 5.225, 5.248]
[4386, 5.248, 5.261]
[4261, 5.261, 5.469]
[4273, 5.469, 5.397]
[4531, 5.397, 5.334]
[4255, 5.334, 5.324]
[4444, 5.324, 5.562]
[4723, 5.562, 5.55]
[4382, 5.55, 5.274]
[4294, 5.274, 5.344]
[4263, 5.344, 5.368]
[4341, 5.368, 5.415]
[4313, 5.415, 5.328]
[4302, 5.328, 5.219]
[4420, 5.219, 5.246]
[4417, 5.246, 5.092]
[4339, 5.092, 5.011]
[4519, 5.011, 5.051]
[4213, 5.051, 4.984]
[4414, 4.984, 5.094]
[4282, 5.094, 5.167]
[4421, 5.167, 5.25]
[4271, 5.25, 5.209]
[4553, 5.209, 5.256]
[4188, 5.256, 5.269]
[4253, 5.269, 5.273]
[4344, 5.273, 5.321]
[4538, 5.321, 5.467]
[4313, 5.467, 5.494]
[4620, 5.494, 5.446]
[4443, 5.446, 5.413]
[4230, 5.413, 5.44]
[4268, 5.44, 5.507]
[4289, 5.507, 5.463]
[4188, 5.463, 5.563]
[4523, 5.563, 5.791]
[4372, 5.791, 5.63]
[4306, 5.63, 5.506]
[4188, 5.506, 5.475]
[4241, 5.475, 5.65]
[4188, 5.65, 5.594]
[4188, 5.594, 5.541]
[4247, 5.541, 5.561]
[4453, 5.561, 5.699]
[4195, 5.699, 5.629]
[4264, 5.629, 5.446]
[4278, 5.446, 5.559]
[4427, 5.559, 5.589]
[4286, 5.589, 5.777]
[4397, 5.777, 5.912]
[4344, 5.912, 5.802]
[4498, 5.802, 5.498]
[4223, 5.498, 5.477]
[4306, 5.477, 5.563]
[4233, 5.563, 5.705]
[4258, 5.705, 5.632]
[4240, 5.632, 5.564]
[4395, 5.564, 5.56]
[4266, 5.56, 5.551]
[4487, 5.551, 5.679]
[4286, 5.679, 5.585]
[4345, 5.585, 5.438]
[4473, 5.438, 5.449]
[4188, 5.449, 5.405]
[4405, 5.405, 5.308]
[4291, 5.308, 5.08]
[4450, 5.08, 5.03]
[4325, 5.03, 4.98]
[4343, 4.98, 4.97]
[4195, 4.97, 5.015]
[4348, 5.015, 5.025]
[4188, 5.025, 4.961]
[4269, 4.961, 5.158]
[4243, 5.158, 5.153]
[4188, 5.153, 5.069]
[4230, 5.069, 5.287]
[4369, 5.287, 5.285]
[4478, 5.285, 5.118]
[4367, 5.118, 4.92]
[4397, 4.92, 4.825]
[4202, 4.825, 4.986]
[4446, 4.986, 4.994]
[4333, 4.994, 4.879]
[4422, 4.879, 4.911]
[4302, 4.911, 5.04]
[4202, 5.04, 5.134]
[4418, 5.134, 5.012]
[4312, 5.012, 4.898]
[4319, 4.898, 5.013]
[4273, 5.013, 5.217]
[4477, 5.217, 5.001]
[4275, 5.001, 4.762]
[4188, 4.762, 4.84]
[4303, 4.84, 4.796]
[4240, 4.796, 4.85]
[4376, 4.85, 4.549]
[4277, 4.549, 4.578]
[4239, 4.578, 4.732]
[4242, 4.732, 4.77]
[4188, 4.77, 4.777]
[4273, 4.777, 4.815]
[4193, 4.815, 4.695]
[4306, 4.695, 4.795]
[4188, 4.795, 4.904]
[4357, 4.904, 4.955]
[4332, 4.955, 4.845]
[4337, 4.845, 4.957]
[4188, 4.957, 5.156]
[4267, 5.156, 4.962]
[4221, 4.962, 4.84]
[4188, 4.84, 4.928]
[4400, 4.928, 5.068]
[4269, 5.068, 4.935]
[4358, 4.935, 5.069]
[4188, 5.069, 5.36]
[4337, 5.36, 5.375]
[4297, 5.375, 5.363]
[4580, 5.363, 5.473]
[4311, 5.473, 5.365]
[4268, 5.365, 5.272]
[4241, 5.272, 5.519]
[4294, 5.519, 5.48]
[4303, 5.48, 5.406]
[4491, 5.406, 5.54]
[4306, 5.54, 5.408]
[4188, 5.408, 5.411]
[4188, 5.411, 5.357]
[4234, 5.357, 5.262]
[4378, 5.262, 5.423]
[4251, 5.423, 5.393]
[4419, 5.393, 5.513]
[4358, 5.513, 5.577]
[4470, 5.577, 5.452]
[4214, 5.452, 5.402]
[4188, 5.402, 5.441]
[4398, 5.441, 5.618]
[4385, 5.618, 5.559]
[4223, 5.559, 5.397]
[4261, 5.397, 5.395]
[4198, 5.395, 5.7]
[4434, 5.7, 5.944]
[4415, 5.944, 5.67]
[4653, 5.67, 5.777]
[4195, 5.777, 5.711]
[4454, 5.711, 5.799]
[4223, 5.799, 5.685]
[4221, 5.685, 5.801]
[4300, 5.801, 5.717]
[4373, 5.717, 5.785]
[4188, 5.785, 6.101]
[4290, 6.101, 6.117]
[4293, 6.117, 6.007]
[4237, 6.007, 6.215]
[4421, 6.215, 6.332]
[4287, 6.332, 6.288]
[4396, 6.288, 6.356]
[4221, 6.356, 6.309]
[4399, 6.309, 6.381]
[4361, 6.381, 6.432]
[4223, 6.432, 6.267]
[4188, 6.267, 6.323]
[4315, 6.323, 6.338]
[4351, 6.338, 6.225]
[4263, 6.225, 6.291]
[4452, 6.291, 6.319]
[4323, 6.319, 6.195]
[4299, 6.195, 6.164]
[4263, 6.164, 6.048]
[4220, 6.048, 5.841]
[4188, 5.841, 6.053]
[4468, 6.053, 6.352]
[4513, 6.352, 6.174]
[4217, 6.174, 6.162]
[4228, 6.162, 6.291]
[4402, 6.291, 6.266]
[4466, 6.266, 6.253]
[4469, 6.253, 6.232]
[4346, 6.232, 6.327]
[4387, 6.327, 6.469]
[4267, 6.469, 6.467]
[4424, 6.467, 6.505]
[4335, 6.505, 6.445]
[4479, 6.445, 6.456]
[4480, 6.456, 6.382]
[4320, 6.382, 6.341]
[4300, 6.341, 6.38]
[4188, 6.38, 6.261]
[4303, 6.261, 6.21]
[4475, 6.21, 6.15]
[4381, 6.15, 6.054]
[4194, 6.054, 5.97]
[4188, 5.97, 6.08]
[4230, 6.08, 6.075]
[4365, 6.075, 6.132]
[4510, 6.132, 6.277]
[4328, 6.277, 6.248]
[4267, 6.248, 6.073]
[4512, 6.073, 6.187]
[4254, 6.187, 6.229]
[4503, 6.229, 6.339]
[4269, 6.339, 6.373]
[4327, 6.373, 6.188]
[4392, 6.188, 5.865]
[4418, 5.865, 5.903]
[4188, 5.903, 5.978]
[4403, 5.978, 6.011]
[4418, 6.011, 6.074]
[4346, 6.074, 6.285]
[4192, 6.285, 6.474]
[4366, 6.474, 6.478]
[4213, 6.478, 6.356]
[4300, 6.356, 6.254]
[4254, 6.254, 6.207]
[4327, 6.207, 6.041]
[4307, 6.041, 6.067]
[4461, 6.067, 6.039]
[4406, 6.039, 5.855]
[4284, 5.855, 5.667]
[4290, 5.667, 5.732]
[4438, 5.732, 5.904]
[4566, 5.904, 5.618]
[4477, 5.618, 5.256]
[4282, 5.256, 5.359]
[4192, 5.359, 5.642]
[4404, 5.642, 5.533]
[4329, 5.533, 5.407]
[4304, 5.407, 5.458]
[4188, 5.458, 5.69]
[4555, 5.69, 5.802]
[4386, 5.802, 5.688]
[4344, 5.688, 5.635]
[4188, 5.635, 5.953]
[4278, 5.953, 5.898]
[4305, 5.898, 5.696]
[4192, 5.696, 5.823]
[4188, 5.823, 6.613]
[4400, 6.613, 6.598]
[4190, 6.598, 6.384]
[4229, 6.384, 6.446]
[4188, 6.446, 6.719]
[4293, 6.719, 6.621]
[4578, 6.621, 6.605]
[4244, 6.605, 6.709]
[4188, 6.709, 6.828]
[4247, 6.828, 6.866]
[4410, 6.866, 6.706]
[4369, 6.706, 6.544]
[4188, 6.544, 6.576]
[4396, 6.576, 6.666]
[4188, 6.666, 6.624]
[4370, 6.624, 6.74]
[4235, 6.74, 6.697]
[4417, 6.697, 6.785]
[4188, 6.785, 6.797]
[4188, 6.797, 6.644]
[4429, 6.644, 6.931]
[4277, 6.931, 6.911]
[4415, 6.911, 7.193]
[4299, 7.193, 7.591]
[4392, 7.591, 7.47]
[4357, 7.47, 7.04]
[4188, 7.04, 7.413]
[4281, 7.413, 8.664]
[4201, 8.664, 9.236]
[4512, 9.236, 9.048]
[4439, 9.048, 8.586]
[4270, 8.586, 8.814]
[4323, 8.814, 9.407]
[4358, 9.407, 9.444]
[4429, 9.444, 9.211]
[4249, 9.211, 9.033]
[4195, 9.033, 9.024]
[4305, 9.024, 9.259]
[4351, 9.259, 9.194]
[4349, 9.194, 9.205]
[4227, 9.205, 9.244]
[4358, 9.244, 9.204]
[4293, 9.204, 9.091]
[4480, 9.091, 9.014]
[4430, 9.014, 9.144]
[4238, 9.144, 9.084]
[4225, 9.084, 9.207]
[4211, 9.207, 9.268]
[4334, 9.268, 9.214]
[4195, 9.214, 8.991]
[4291, 8.991, 9.073]
[4260, 9.073, 9.755]
[4252, 9.755, 10.156]
[4299, 10.156, 10.333]
[4188, 10.333, 11.144]
[4227, 11.144, 11.433]
[4417, 11.433, 11.277]
[4188, 11.277, 10.891]
[4317, 10.891, 11.126]
[4213, 11.126, 11.286]
[4425, 11.286, 11.364]
[4281, 11.364, 11.145]
[4477, 11.145, 11.05]
[4244, 11.05, 11.935]
[4311, 11.935, 12.592]
[4409, 12.592, 12.265]
[4271, 12.265, 11.655]
[4188, 11.655, 11.617]
[4256, 11.617, 12.215]
[4330, 12.215, 15.262]
