[90480, 100.0, 19.63]
[18792, 19.63, 9.609]
[8630, 9.609, 5.714]
[5091, 5.714, 4.601]
[4338, 4.601, 5.136]
[4350, 5.136, 5.258]
[4329, 5.258, 5.048]
[4411, 5.048, 5.028]
[4188, 5.028, 5.437]
[4188, 5.437, 5.816]
[4460, 5.816, 5.656]
[4403, 5.656, 5.519]
[4238, 5.519, 5.703]
[4359, 5.703, 5.846]
[4632, 5.846, 5.895]
[4422, 5.895, 5.797]
[4343, 5.797, 5.647]
[4240, 5.647, 5.965]
[4311, 5.965, 6.122]
[4251, 6.122, 6.02]
[4455, 6.02, 6.172]
[4353, 6.172, 6.242]
[4396, 6.242, 6.134]
[4240, 6.134, 6.168]
[4265, 6.168, 6.246]
[4188, 6.246, 6.292]
[4338, 6.292, 6.126]
[4367, 6.126, 6.295]
[4209, 6.295, 6.141]
[4358, 6.141, 6.134]
[4291, 6.134, 6.117]
[4420, 6.117, 6.024]
[4442, 6.024, 6.051]
[4303, 6.051, 5.981]
[4248, 5.981, 6.146]
[4414, 6.146, 6.044]
[4218, 6.044, 5.978]
[4492, 5.978, 6.172]
[4444, 6.172, 6.135]
[4188, 6.135, 6.19]
[4382, 6.19, 6.207]
[4238, 6.207, 6.543]
[4282, 6.543, 6.432]
[4307, 6.432, 6.389]
[4385, 6.389, 6.573]
[4491, 6.573, 6.685]
[4298, 6.685, 6.63]
[4346, 6.63, 6.598]
[4324, 6.598, 6.706]
[4408, 6.706, 6.618]
[4497, 6.618, 6.525]
[4287, 6.525, 6.429]
[4295, 6.429, 6.49]
[4396, 6.49, 6.532]
[4267, 6.532, 6.362]
[4344, 6.362, 6.165]
[4206, 6.165, 6.229]
[4380, 6.229, 6.377]
[4232, 6.377, 6.391]
[4208, 6.391, 6.332]
[4506, 6.332, 6.379]
[4369, 6.379, 6.461]
[4264, 6.461, 6.476]
[4388, 6.476, 6.459]
[4359, 6.459, 6.752]
[4195, 6.752, 6.83]
[4510, 6.83, 6.826]
[4225, 6.826, 6.855]
[4786, 6.855, 6.768]
[4203, 6.768, 6.574]
[4460, 6.574, 6.722]
[4213, 6.722, 6.848]
[4491, 6.848, 6.831]
[4269, 6.831, 7.211]
[4269, 7.211, 7.035]
[4292, 7.035, 7.043]
[4283, 7.043, 7.205]
[4425, 7.205, 7.226]
[4377, 7.226, 6.942]
[4324, 6.942, 6.806]
[4274, 6.806, 7.148]
[4334, 7.148, 7.382]
[4253, 7.382, 7.273]
[4251, 7.273, 7.099]
[4211, 7.099, 7.055]
[4191, 7.055, 7.046]
[4352, 7.046, 7.149]
[4451, 7.149, 7.16]
[4188, 7.16, 6.951]
[4308, 6.951, 6.892]
[4251, 6.892, 6.981]
[4551, 6.981, 7.043]
[4313, 7.043, 6.682]
[4235, 6.682, 6.593]
[4217, 6.593, 6.787]
[4459, 6.787, 6.842]
[4520, 6.842, 6.563]
[4303, 6.563, 6.457]
[4188, 6.457, 6.723]
[4483, 6.723, 6.757]
[4558, 6.757, 6.478]
[4380, 6.478, 6.652]
[4351, 6.652, 6.533]
[4188, 6.533, 6.695]
[4549, 6.695, 6.609]
[4210, 6.609, 6.46]
[4332, 6.46, 6.673]
[4196, 6.673, 6.687]
[4387, 6.687, 6.622]
[4287, 6.622, 6.567]
[4404, 6.567, 6.746]
[4246, 6.746, 6.865]
[4272, 6.865, 6.875]
[4262, 6.875, 6.842]
[4448, 6.842, 6.984]
[4360, 6.984, 6.797]
[4399, 6.797, 7.034]
[4449, 7.034, 7.069]
[4351, 7.069, 7.171]
[4246, 7.171, 7.063]
[4371, 7.063, 7.178]
[4273, 7.178, 7.112]
[4371, 7.112, 6.965]
[4427, 6.965, 6.976]
[4442, 6.976, 7.034]
[4409, 7.034, 7.012]
[4305, 7.012, 6.782]
[4349, 6.782, 6.781]
[4210, 6.781, 6.696]
[4251, 6.696, 6.648]
[4282, 6.648, 6.699]
[4411, 6.699, 6.493]
[4425, 6.493, 6.321]
[4299, 6.321, 6.239]
[4371, 6.239, 6.659]
[4389, 6.659, 6.541]
[4306, 6.541, 6.358]
[4219, 6.358, 6.468]
[4388, 6.468, 6.323]
[4290, 6.323, 6.132]
[4340, 6.132, 6.182]
[4359, 6.182, 6.187]
[4188, 6.187, 6.101]
[4324, 6.101, 6.273]
[4188, 6.273, 6.425]
[4254, 6.425, 6.203]
[4188, 6.203, 6.202]
[4476, 6.202, 6.359]
[4218, 6.359, 6.175]
[4257, 6.175, 6.166]
[4377, 6.166, 6.309]
[4394, 6.309, 6.364]
[4216, 6.364, 6.207]
[4188, 6.207, 6.237]
[4315, 6.237, 6.341]
[4389, 6.341, 6.383]
[4381, 6.383, 6.181]
[4270, 6.181, 6.212]
[4199, 6.212, 6.233]
[4360, 6.233, 6.183]
[4363, 6.183, 5.948]
[4207, 5.948, 5.967]
[4487, 5.967, 6.342]
[4445, 6.342, 6.28]
[4723, 6.28, 6.125]
[4297, 6.125, 6.091]
[4419, 6.091, 6.183]
[4267, 6.183, 6.191]
[4188, 6.191, 5.977]
[4302, 5.977, 5.92]
[4411, 5.92, 5.968]
[4400, 5.968, 6.144]
[4276, 6.144, 6.112]
[4239, 6.112, 5.989]
[4413, 5.989, 5.941]
[4188, 5.941, 5.839]
[4306, 5.839, 5.811]
[4428, 5.811, 5.866]
[4209, 5.866, 5.724]
[4313, 5.724, 5.743]
[4352, 5.743, 6.03]
[4733, 6.03, 6.262]
[4493, 6.262, 5.834]
[4390, 5.834, 6.166]
[4312, 6.166, 6.483]
[4269, 6.483, 6.467]
[4221, 6.467, 6.135]
[4339, 6.135, 6.188]
[4344, 6.188, 6.167]
[4212, 6.167, 6.189]
[4188, 6.189, 6.12]
[4226, 6.12, 6.082]
[4188, 6.082, 6.253]
[4360, 6.253, 6.172]
[4279, 6.172, 6.154]
[4286, 6.154, 6.248]
[4500, 6.248, 6.189]
[4188, 6.189, 6.109]
[4434, 6.109, 6.067]
[4188, 6.067, 6.122]
[4281, 6.122, 5.984]
[4188, 5.984, 5.963]
[4572, 5.963, 6.076]
[4375, 6.076, 6.038]
[4424, 6.038, 6.221]
[4273, 6.221, 6.191]
[4353, 6.191, 6.056]
[4402, 6.056, 6.009]
[4591, 6.009, 6.05]
[4432, 6.05, 6.062]
[4572, 6.062, 6.013]
[4271, 6.013, 6.143]
[4269, 6.143, 6.208]
[4462, 6.208, 6.28]
[4558, 6.28, 6.317]
[4443, 6.317, 6.342]
[4258, 6.342, 6.437]
[4273, 6.437, 6.551]
[4485, 6.551, 6.549]
[4480, 6.549, 6.449]
[4233, 6.449, 6.413]
[4445, 6.413, 6.604]
[4308, 6.604, 6.576]
[4188, 6.576, 6.757]
[4410, 6.757, 6.851]
[4469, 6.851, 6.642]
[4544, 6.642, 6.575]
[4252, 6.575, 6.854]
[4445, 6.854, 7.008]
[4249, 7.008, 6.985]
[4452, 6.985, 6.663]
[4249, 6.663, 6.729]
[4218, 6.729, 6.901]
[4474, 6.901, 6.815]
[4244, 6.815, 6.595]
[4228, 6.595, 6.574]
[4335, 6.574, 6.821]
[4314, 6.821, 6.649]
[4232, 6.649, 6.64]
[4435, 6.64, 6.709]
[4254, 6.709, 6.805]
[4424, 6.805, 6.694]
[4325, 6.694, 6.605]
[4275, 6.605, 6.604]
[4430, 6.604, 6.543]
[4475, 6.543, 6.564]
[4276, 6.564, 6.559]
[4519, 6.559, 6.729]
[4335, 6.729, 6.669]
[4286, 6.669, 6.668]
[4391, 6.668, 6.541]
[4320, 6.541, 6.342]
[4188, 6.342, 6.395]
[4312, 6.395, 6.501]
[4549, 6.501, 6.319]
[4354, 6.319, 6.195]
[4208, 6.195, 6.278]
[4206, 6.278, 6.348]
[4438, 6.348, 6.247]
[4331, 6.247, 6.047]
[4188, 6.047, 6.434]
[4286, 6.434, 6.55]
[4420, 6.55, 6.424]
[4432, 6.424, 6.149]
[4188, 6.149, 6.368]
[4244, 6.368, 6.5]
[4587, 6.5, 6.393]
[4332, 6.393, 6.321]
[4462, 6.321, 6.14]
[4317, 6.14, 6.243]
[4418, 6.243, 6.265]
[4471, 6.265, 6.019]
[4369, 6.019, 5.766]
[4338, 5.766, 5.842]
[4371, 5.842, 6.017]
[4327, 6.017, 5.907]
[4318, 5.907, 5.759]
[4188, 5.759, 5.9]
[4492, 5.9, 6.101]
[4342, 6.101, 6.053]
[4471, 6.053, 6.234]
[4295, 6.234, 6.214]
[4245, 6.214, 6.111]
[4333, 6.111, 5.998]
[4188, 5.998, 6.029]
[4343, 6.029, 6.073]
[4356, 6.073, 5.954]
[4378, 5.954, 5.865]
[4257, 5.865, 6.003]
[4406, 6.003, 6.125]
[4405, 6.125, 6.027]
[4279, 6.027, 5.8]
[4188, 5.8, 6.039]
[4252, 6.039, 6.19]
[4188, 6.19, 6.215]
[4264, 6.215, 6.136]
[4304, 6.136, 6.202]
[4188, 6.202, 6.248]
[4188, 6.248, 6.446]
[4278, 6.446, 6.33]
[4475, 6.33, 6.457]
[4257, 6.457, 6.426]
[4231, 6.426, 6.433]
[4227, 6.433, 6.413]
[4188, 6.413, 6.66]
[4492, 6.66, 6.673]
[4434, 6.673, 6.542]
[4235, 6.542, 6.746]
[4475, 6.746, 6.765]
[4385, 6.765, 6.564]
[4298, 6.564, 6.448]
[4321, 6.448, 6.517]
[4321, 6.517, 6.408]
[4421, 6.408, 6.653]
[4303, 6.653, 6.438]
[4252, 6.438, 6.288]
[4194, 6.288, 6.531]
[4527, 6.531, 6.487]
[4514, 6.487, 6.083]
[4219, 6.083, 6.151]
[4279, 6.151, 6.46]
[4307, 6.46, 6.356]
[4245, 6.356, 6.236]
[4461, 6.236, 6.147]
[4446, 6.147, 6.133]
[4562, 6.133, 6.136]
[4317, 6.136, 5.95]
[4217, 5.95, 5.989]
[4330, 5.989, 6.093]
[4559, 6.093, 6.135]
[4701, 6.135, 5.973]
[4388, 5.973, 5.987]
[4440, 5.987, 6.127]
[4349, 6.127, 6.102]
[4238, 6.102, 5.978]
[4397, 5.978, 6.065]
[4247, 6.065, 6.154]
[4188, 6.154, 6.313]
[4248, 6.313, 6.253]
[4531, 6.253, 5.966]
[4283, 5.966, 6.115]
[4296, 6.115, 6.146]
[4580, 6.146, 5.808]
[4506, 5.808, 5.478]
[4511, 5.478, 5.761]
[4415, 5.761, 5.937]
[4433, 5.937, 5.657]
[4523, 5.657, 5.699]
[4383, 5.699, 5.927]
[4332, 5.927, 5.939]
[4565, 5.939, 5.798]
[4272, 5.798, 5.659]
[4312, 5.659, 5.818]
[4415, 5.818, 6.059]
[4609, 6.059, 5.995]
[4507, 5.995, 5.912]
[4482, 5.912, 5.997]
[4385, 5.997, 6.322]
[4380, 6.322, 6.266]
[4354, 6.266, 6.214]
[4188, 6.214, 6.091]
[4320, 6.091, 6.261]
[4281, 6.261, 6.243]
[4312, 6.243, 6.167]
[4188, 6.167, 6.414]
[4311, 6.414, 6.489]
[4237, 6.489, 6.459]
[4569, 6.459, 6.457]
[4357, 6.457, 6.382]
[4418, 6.382, 6.333]
[4188, 6.333, 6.521]
[4368, 6.521, 6.526]
[4529, 6.526, 6.358]
[4233, 6.358, 6.363]
[4469, 6.363, 6.522]
[4380, 6.522, 6.433]
[4312, 6.433, 6.342]
[4287, 6.342, 6.349]
[4539, 6.349, 6.416]
[4215, 6.416, 6.079]
[4384, 6.079, 5.932]
[4473, 5.932, 6.056]
[4281, 6.056, 6.137]
[4462, 6.137, 5.949]
[4225, 5.949, 5.71]
[4188, 5.71, 5.849]
[4602, 5.849, 5.971]
[4395, 5.971, 5.856]
[4470, 5.856, 5.961]
[4332, 5.961, 5.875]
[4301, 5.875, 5.791]
[4532, 5.791, 5.985]
[4286, 5.985, 5.87]
[4267, 5.87, 5.691]
[4318, 5.691, 5.981]
[4266, 5.981, 6.292]
[4511, 6.292, 5.944]
[4458, 5.944, 5.662]
[4278, 5.662, 5.797]
[4283, 5.797, 6.164]
[4396, 6.164, 6.193]
[4262, 6.193, 5.857]
[4299, 5.857, 5.818]
[4343, 5.818, 5.958]
[4374, 5.958, 6.053]
[4326, 6.053, 5.834]
[4343, 5.834, 5.841]
[4410, 5.841, 5.966]
[4390, 5.966, 5.881]
[4255, 5.881, 5.811]
[4525, 5.811, 5.882]
[4352, 5.882, 5.932]
[4316, 5.932, 5.927]
[4414, 5.927, 5.97]
[4248, 5.97, 5.873]
[4382, 5.873, 5.835]
[4579, 5.835, 5.899]
[4234, 5.899, 5.885]
[4261, 5.885, 6.061]
[4450, 6.061, 6.093]
[4258, 6.093, 6.001]
[4190, 6.001, 5.954]
[4340, 5.954, 5.986]
[4599, 5.986, 6.06]
[4557, 6.06, 5.899]
[4345, 5.899, 6.001]
[4280, 6.001, 6.153]
[4226, 6.153, 6.23]
[4363, 6.23, 6.039]
[4308, 6.039, 6.075]
[4221, 6.075, 6.144]
[4214, 6.144, 6.335]
[4262, 6.335, 6.406]
[4331, 6.406, 6.286]
[4479, 6.286, 6.23]
[4298, 6.23, 6.213]
[4348, 6.213, 5.991]
[4327, 5.991, 6.098]
[4266, 6.098, 6.261]
[4188, 6.261, 6.333]
[4348, 6.333, 6.315]
[4471, 6.315, 6.402]
[4360, 6.402, 6.249]
[4242, 6.249, 6.148]
[4524, 6.148, 6.069]
[4354, 6.069, 5.73]
[4188, 5.73, 5.634]
[4275, 5.634, 5.758]
[4227, 5.758, 5.78]
[4188, 5.78, 5.726]
[4350, 5.726, 5.715]
[4214, 5.715, 5.456]
[4498, 5.456, 5.647]
[4212, 5.647, 5.764]
[4441, 5.764, 5.69]
[4188, 5.69, 5.752]
[4351, 5.752, 5.834]
[4301, 5.834, 6.008]
[4392, 6.008, 5.858]
[4274, 5.858, 5.843]
[4270, 5.843, 5.906]
[4528, 5.906, 5.979]
[4612, 5.979, 6.113]
[4467, 6.113, 5.913]
[4234, 5.913, 5.929]
[4434, 5.929, 6.115]
[4368, 6.115, 6.043]
[4511, 6.043, 5.886]
[4287, 5.886, 5.765]
[4274, 5.765, 5.902]
[4266, 5.902, 6.096]
[4495, 6.096, 5.909]
[4338, 5.909, 5.846]
[4188, 5.846, 6.012]
[4435, 6.012, 6.072]
[4239, 6.072, 6.088]
[4285, 6.088, 5.922]
[4361, 5.922, 6.027]
[4325, 6.027, 5.998]
[4318, 5.998, 5.977]
[4405, 5.977, 5.753]
[4308, 5.753, 5.747]
[4357, 5.747, 6.013]
[4316, 6.013, 6.08]
[4342, 6.08, 5.963]
[4205, 5.963, 5.835]
[4334, 5.835, 5.922]
[4286, 5.922, 5.96]
[4380, 5.96, 5.933]
[4242, 5.933, 5.882]
[4586, 5.882, 5.953]
[4263, 5.953, 5.742]
[4390, 5.742, 5.508]
[4309, 5.508, 5.525]
[4226, 5.525, 5.655]
[4343, 5.655, 5.715]
[4372, 5.715, 5.574]
[4362, 5.574, 5.171]
[4235, 5.171, 4.994]
[4243, 4.994, 5.115]
[4219, 5.115, 5.164]
[4364, 5.164, 5.055]
[4205, 5.055, 5.139]
[4232, 5.139, 5.238]
[4379, 5.238, 5.068]
[4208, 5.068, 5.056]
[4688, 5.056, 5.197]
[4338, 5.197, 5.165]
[4720, 5.165, 5.088]
[4298, 5.088, 5.002]
[4503, 5.002, 5.3]
[4266, 5.3, 5.308]
[4638, 5.308, 5.125]
[4367, 5.125, 5.026]
[4368, 5.026, 5.104]
[4400, 5.104, 5.083]
[4642, 5.083, 4.866]
[4254, 4.866, 4.73]
[4540, 4.73, 4.872]
[4243, 4.872, 4.946]
[4499, 4.946, 4.754]
[4267, 4.754, 4.504]
[4201, 4.504, 4.67]
[4304, 4.67, 4.647]
[4294, 4.647, 4.551]
[4224, 4.551, 4.583]
[4330, 4.583, 4.783]
[4416, 4.783, 4.644]
[4396, 4.644, 4.561]
[4217, 4.561, 4.581]
[4305, 4.581, 4.713]
[4363, 4.713, 4.521]
[4287, 4.521, 4.441]
[4188, 4.441, 4.602]
[4404, 4.602, 4.631]
[4386, 4.631, 4.553]
[4254, 4.553, 4.405]
[4441, 4.405, 4.53]
[4188, 4.53, 4.684]
[4226, 4.684, 4.646]
[4242, 4.646, 4.621]
[4261, 4.621, 4.723]
[4293, 4.723, 4.675]
[4267, 4.675, 4.701]
[4529, 4.701, 4.884]
[4230, 4.884, 4.8]
[4200, 4.8, 4.633]
[4188, 4.633, 4.918]
[4429, 4.918, 4.903]
[4300, 4.903, 4.913]
[4262, 4.913, 4.893]
[4411, 4.893, 4.961]
[4264, 4.961, 4.897]
[4188, 4.897, 4.915]
[4596, 4.915, 4.977]
[4337, 4.977, 4.826]
[4289, 4.826, 4.833]
[4332, 4.833, 4.951]
[4418, 4.951, 4.879]
[4305, 4.879, 4.849]
[4357, 4.849, 4.913]
[4243, 4.913, 4.915]
[4208, 4.915, 4.759]
[4507, 4.759, 4.686]
[4197, 4.686, 4.776]
[4493, 4.776, 4.779]
[4349, 4.779, 4.696]
[4423, 4.696, 4.792]
[4237, 4.792, 4.737]
[4306, 4.737, 4.605]
[4351, 4.605, 4.732]
[4335, 4.732, 4.846]
[4654, 4.846, 4.671]
[4369, 4.671, 4.473]
[4250, 4.473, 4.511]
[4237, 4.511, 4.52]
[4355, 4.52, 4.538]
[4475, 4.538, 4.497]
[4481, 4.497, 4.311]
[4507, 4.311, 4.361]
[4188, 4.361, 4.511]
[4364, 4.511, 4.573]
[4326, 4.573, 4.48]
[4387, 4.48, 4.348]
[4476, 4.348, 4.451]
[4418, 4.451, 4.477]
[4214, 4.477, 4.412]
[4252, 4.412, 4.317]
[4237, 4.317, 4.466]
[4335, 4.466, 4.398]
[4545, 4.398, 4.239]
[4210, 4.239, 4.356]
[4412, 4.356, 4.348]
[4549, 4.348, 4.255]
[4393, 4.255, 4.143]
[4188, 4.143, 4.503]
[4205, 4.503, 4.559]
[4254, 4.559, 4.545]
[4271, 4.545, 4.584]
[4373, 4.584, 4.404]
[4436, 4.404, 4.357]
[4334, 4.357, 4.338]
[4188, 4.338, 4.451]
[4236, 4.451, 4.351]
[4318, 4.351, 4.392]
[4342, 4.392, 4.406]
[4264, 4.406, 4.488]
[4357, 4.488, 4.472]
[4202, 4.472, 4.621]
[4421, 4.621, 4.756]
[4647, 4.756, 4.656]
[4517, 4.656, 4.65]
[4261, 4.65, 4.74]
[4311, 4.74, 4.766]
[4447, 4.766, 4.816]
[4469, 4.816, 4.964]
[4493, 4.964, 4.915]
[4351, 4.915, 4.909]
[4408, 4.909, 4.945]
[4307, 4.945, 4.849]
[4240, 4.849, 4.847]
[4453, 4.847, 4.838]
[4188, 4.838, 4.822]
[4207, 4.822, 4.819]
[4208, 4.819, 4.764]
[4423, 4.764, 4.776]
[4360, 4.776, 4.68]
[4223, 4.68, 4.585]
[4338, 4.585, 4.649]
[4345, 4.649, 4.689]
[4248, 4.689, 4.755]
[4417, 4.755, 4.783]
[4397, 4.783, 4.467]
[4242, 4.467, 4.38]
[4273, 4.38, 4.417]
[4428, 4.417, 4.414]
[4459, 4.414, 4.537]
[4347, 4.537, 4.559]
[4335, 4.559, 4.468]
[4217, 4.468, 4.54]
[4537, 4.54, 4.528]
[4284, 4.528, 4.334]
[4360, 4.334, 4.432]
[4413, 4.432, 4.383]
[4323, 4.383, 4.282]
[4232, 4.282, 4.416]
[4557, 4.416, 4.414]
[4272, 4.414, 4.255]
[4484, 4.255, 4.552]
[4188, 4.552, 4.516]
[4600, 4.516, 4.685]
[4334, 4.685, 4.514]
[4188, 4.514, 4.619]
[4269, 4.619, 4.824]
[4457, 4.824, 4.468]
[4188, 4.468, 4.384]
[4293, 4.384, 4.507]
[4203, 4.507, 4.499]
[4291, 4.499, 4.432]
[4348, 4.432, 4.58]
[4244, 4.58, 4.745]
[4188, 4.745, 4.922]
[4308, 4.922, 4.799]
[4196, 4.799, 4.828]
[4328, 4.828, 4.933]
[4358, 4.933, 4.883]
[4468, 4.883, 4.736]
[4252, 4.736, 4.64]
[4821, 4.64, 4.723]
[4409, 4.723, 4.317]
[4241, 4.317, 4.249]
[4292, 4.249, 4.438]
[4409, 4.438, 4.497]
[4251, 4.497, 4.33]
[4574, 4.33, 4.54]
[4719, 4.54, 4.452]
[4336, 4.452, 4.296]
[4278, 4.296, 4.559]
[4261, 4.559, 4.54]
[4478, 4.54, 4.293]
[4368, 4.293, 4.163]
[4244, 4.163, 4.317]
[4232, 4.317, 4.335]
[4450, 4.335, 4.401]
[4188, 4.401, 4.29]
[4470, 4.29, 4.52]
[4342, 4.52, 4.496]
[4432, 4.496, 4.321]
[4487, 4.321, 4.478]
[4584, 4.478, 4.461]
[4558, 4.461, 4.229]
[4189, 4.229, 4.213]
[4399, 4.213, 4.297]
[4188, 4.297, 4.339]
[4394, 4.339, 4.601]
[4434, 4.601, 4.561]
[4332, 4.561, 4.375]
[4483, 4.375, 4.535]
[4398, 4.535, 4.48]
[4334, 4.48, 4.499]
[4346, 4.499, 4.445]
[4265, 4.445, 4.436]
[4299, 4.436, 4.512]
[4495, 4.512, 4.499]
[4335, 4.499, 4.391]
[4636, 4.391, 4.556]
[4270, 4.556, 4.413]
[4306, 4.413, 4.402]
[4353, 4.402, 4.401]
[4188, 4.401, 4.425]
[4482, 4.425, 4.577]
[4351, 4.577, 4.495]
[4427, 4.495, 4.632]
[4463, 4.632, 4.583]
[4287, 4.583, 4.461]
[4295, 4.461, 4.453]
[4300, 4.453, 4.368]
[4373, 4.368, 4.276]
[4250, 4.276, 4.291]
[4540, 4.291, 4.401]
[4516, 4.401, 4.023]
[4299, 4.023, 3.607]
[4437, 3.607, 3.783]
[4611, 3.783, 4.053]
[4425, 4.053, 3.865]
[4486, 3.865, 3.699]
[4494, 3.699, 3.861]
[4188, 3.861, 4.042]
[4477, 4.042, 4.07]
[4226, 4.07, 3.945]
[4367, 3.945, 3.96]
[4485, 3.96, 3.883]
[4433, 3.883, 3.958]
[4273, 3.958, 4.067]
[4263, 4.067, 4.168]
[4362, 4.168, 4.195]
[4197, 4.195, 4.176]
[4188, 4.176, 4.189]
[4319, 4.189, 4.142]
[4188, 4.142, 4.207]
[4269, 4.207, 4.233]
[4413, 4.233, 4.194]
[4552, 4.194, 4.202]
[4342, 4.202, 4.149]
[4247, 4.149, 4.094]
[4234, 4.094, 4.103]
[4330, 4.103, 4.099]
[4380, 4.099, 4.159]
[4267, 4.159, 4.244]
[4336, 4.244, 4.145]
[4274, 4.145, 4.169]
[4526, 4.169, 4.288]
[4459, 4.288, 4.256]
[4313, 4.256, 3.995]
[4382, 3.995, 4.019]
[4304, 4.019, 4.078]
[4237, 4.078, 4.125]
[4573, 4.125, 4.223]
[4471, 4.223, 4.081]
[4491, 4.081, 3.987]
[4190, 3.987, 3.991]
[4232, 3.991, 4.119]
[4414, 4.119, 4.131]
[4360, 4.131, 3.999]
[4448, 3.999, 4.136]
[4310, 4.136, 4.027]
[4296, 4.027, 3.996]
[4317, 3.996, 3.942]
[4348, 3.942, 4.007]
[4409, 4.007, 3.825]
[4493, 3.825, 3.909]
[4437, 3.909, 4.073]
[4188, 4.073, 4.336]
[4511, 4.336, 4.245]
[4264, 4.245, 4.185]
[4408, 4.185, 4.316]
[4521, 4.316, 4.367]
[4463, 4.367, 4.318]
[4392, 4.318, 4.492]
[4561, 4.492, 4.665]
[4375, 4.665, 4.695]
[4188, 4.695, 4.609]
[4188, 4.609, 4.697]
[4390, 4.697, 4.831]
[4282, 4.831, 4.782]
[4257, 4.782, 4.978]
[4358, 4.978, 4.897]
[4326, 4.897, 4.75]
[4292, 4.75, 4.777]
[4397, 4.777, 4.806]
[4242, 4.806, 4.759]
[4266, 4.759, 4.811]
[4318, 4.811, 4.828]
[4386, 4.828, 4.879]
[4253, 4.879, 4.911]
[4188, 4.911, 4.919]
[4329, 4.919, 4.846]
[4267, 4.846, 4.837]
[4236, 4.837, 4.75]
[4257, 4.75, 4.823]
[4338, 4.823, 4.827]
[4258, 4.827, 4.66]
[4411, 4.66, 4.677]
[4372, 4.677, 4.685]
[4322, 4.685, 4.638]
[4495, 4.638, 4.709]
[4353, 4.709, 4.685]
[4452, 4.685, 4.409]
[4509, 4.409, 4.283]
[4462, 4.283, 4.226]
[4379, 4.226, 4.228]
[4263, 4.228, 4.379]
[4266, 4.379, 4.384]
[4240, 4.384, 4.432]
[4415, 4.432, 4.44]
[4292, 4.44, 4.174]
[4518, 4.174, 3.854]
[4331, 3.854, 4.298]
[4252, 4.298, 4.371]
[4239, 4.371, 4.286]
[4241, 4.286, 4.358]
[4310, 4.358, 4.344]
[4379, 4.344, 4.419]
[4781, 4.419, 4.373]
[4434, 4.373, 4.025]
[4364, 4.025, 4.157]
[4385, 4.157, 4.275]
[4478, 4.275, 4.066]
[4497, 4.066, 4.255]
[4197, 4.255, 4.225]
[4350, 4.225, 4.198]
[4398, 4.198, 4.245]
[4347, 4.245, 4.264]
[4226, 4.264, 4.329]
[4243, 4.329, 4.246]
[4269, 4.246, 4.152]
[4314, 4.152, 4.074]
[4497, 4.074, 3.893]
[4391, 3.893, 3.955]
[4289, 3.955, 3.971]
[4501, 3.971, 4.173]
[4524, 4.173, 3.833]
[4224, 3.833, 3.807]
[4209, 3.807, 4.143]
[4319, 4.143, 4.253]
[4566, 4.253, 4.176]
[4485, 4.176, 4.217]
[4356, 4.217, 4.243]
[4517, 4.243, 4.405]
[4188, 4.405, 4.463]
[4454, 4.463, 4.656]
[4188, 4.656, 4.602]
[4188, 4.602, 4.883]
[4314, 4.883, 4.994]
[4376, 4.994, 4.891]
[4472, 4.891, 4.907]
[4421, 4.907, 5.021]
[4395, 5.021, 4.987]
[4188, 4.987, 5.09]
[4243, 5.09, 5.096]
[4256, 5.096, 5.076]
[4307, 5.076, 4.962]
[4502, 4.962, 5.13]
[4330, 5.13, 5.181]
[4303, 5.181, 4.959]
[4241, 4.959, 4.798]
[4333, 4.798, 4.799]
[4315, 4.799, 4.889]
[4318, 4.889, 4.872]
[4426, 4.872, 4.791]
[4357, 4.791, 4.827]
[4612, 4.827, 5.08]
[4526, 5.08, 4.827]
[4301, 4.827, 4.563]
[4457, 4.563, 4.915]
[4381, 4.915, 5.077]
[4491, 5.077, 4.778]
[4238, 4.778, 4.862]
[4335, 4.862, 5.006]
[4321, 5.006, 4.897]
[4417, 4.897, 5.027]
[4376, 5.027, 4.988]
[4315, 4.988, 4.815]
[4367, 4.815, 4.783]
[4408, 4.783, 4.959]
[4325, 4.959, 5.03]
[4220, 5.03, 4.86]
[4286, 4.86, 4.723]
[4257, 4.723, 4.739]
[4437, 4.739, 4.819]
[4303, 4.819, 4.754]
[4225, 4.754, 4.736]
[4379, 4.736, 4.632]
[4202, 4.632, 4.51]
[4265, 4.51, 4.727]
[4247, 4.727, 4.653]
[4188, 4.653, 4.801]
[4202, 4.801, 4.99]
[4255, 4.99, 4.828]
[4319, 4.828, 4.793]
[4424, 4.793, 5.052]
[4329, 5.052, 4.934]
[4188, 4.934, 4.789]
[4352, 4.789, 4.881]
[4486, 4.881, 5.036]
[4281, 5.036, 4.85]
[4246, 4.85, 4.643]
[4188, 4.643, 4.886]
[4333, 4.886, 4.828]
[4243, 4.828, 4.727]
[4222, 4.727, 4.787]
[4281, 4.787, 4.726]
[4270, 4.726, 4.579]
[4323, 4.579, 4.825]
[4376, 4.825, 4.969]
[4734, 4.969, 4.874]
[4273, 4.874, 4.686]
[4283, 4.686, 4.939]
[4296, 4.939, 4.974]
[4418, 4.974, 4.826]
[4338, 4.826, 4.746]
[4221, 4.746, 4.739]
[4237, 4.739, 4.689]
[4264, 4.689, 4.667]
[4243, 4.667, 4.666]
[4188, 4.666, 4.676]
[4327, 4.676, 4.662]
[4271, 4.662, 4.884]
[4413, 4.884, 4.803]
[4311, 4.803, 4.701]
[4227, 4.701, 4.972]
[4444, 4.972, 4.968]
[4349, 4.968, 4.866]
[4356, 4.866, 4.926]
[4609, 4.926, 5.072]
[4384, 5.072, 5.038]
[4273, 5.038, 4.954]
[4355, 4.954, 4.921]
[4516, 4.921, 4.827]
[4335, 4.827, 4.847]
[4601, 4.847, 5.061]
[4489, 5.061, 5.026]
[4464, 5.026, 4.672]
[4320, 4.672, 4.789]
[4297, 4.789, 4.949]
[4370, 4.949, 4.852]
[4305, 4.852, 4.901]
[4333, 4.901, 4.756]
[4256, 4.756, 4.981]
[4297, 4.981, 4.985]
[4396, 4.985, 4.937]
[4442, 4.937, 4.79]
[4306, 4.79, 4.745]
[4410, 4.745, 4.684]
[4636, 4.684, 4.727]
[4396, 4.727, 4.446]
[4188, 4.446, 4.47]
[4248, 4.47, 4.609]
[4308, 4.609, 4.481]
[4621, 4.481, 4.439]
[4399, 4.439, 4.411]
[4236, 4.411, 4.581]
[4575, 4.581, 4.566]
[4258, 4.566, 4.467]
[4218, 4.467, 4.602]
[4295, 4.602, 4.639]
[4447, 4.639, 4.517]
[4473, 4.517, 4.516]
[4188, 4.516, 4.528]
[4531, 4.528, 4.635]
[4222, 4.635, 4.567]
[4372, 4.567, 4.642]
[4188, 4.642, 4.775]
[4363, 4.775, 4.715]
[4348, 4.715, 4.727]
[4684, 4.727, 4.803]
[4531, 4.803, 4.519]
[4188, 4.519, 4.316]
[4496, 4.316, 4.632]
[4194, 4.632, 4.572]
[4188, 4.572, 4.646]
[4280, 4.646, 4.634]
[4319, 4.634, 4.737]
[4405, 4.737, 4.878]
[4419, 4.878, 4.854]
[4193, 4.854, 4.714]
[4440, 4.714, 4.73]
[4251, 4.73, 4.693]
[4349, 4.693, 4.597]
[4545, 4.597, 4.75]
[4213, 4.75, 4.788]
[4374, 4.788, 4.848]
[4351, 4.848, 4.936]
[4279, 4.936, 4.753]
[4286, 4.753, 4.85]
[4555, 4.85, 4.991]
[4369, 4.991, 4.722]
[4470, 4.722, 4.679]
[4311, 4.679, 4.764]
[4419, 4.764, 4.547]
[4193, 4.547, 4.422]
[4262, 4.422, 4.618]
[4188, 4.618, 4.674]
[4355, 4.674, 4.54]
[4415, 4.54, 4.432]
[4237, 4.432, 4.472]
[4188, 4.472, 4.573]
[4539, 4.573, 4.552]
[4467, 4.552, 4.538]
[4188, 4.538, 4.786]
[4298, 4.786, 4.919]
[4188, 4.919, 4.822]
[4209, 4.822, 4.794]
[4326, 4.794, 5.074]
[4276, 5.074, 4.958]
[4316, 4.958, 4.804]
[4263, 4.804, 4.755]
[4528, 4.755, 4.852]
[4247, 4.852, 4.846]
[4245, 4.846, 4.793]
[4561, 4.793, 4.854]
[4188, 4.854, 4.825]
[4463, 4.825, 4.864]
[4188, 4.864, 4.885]
[4360, 4.885, 4.994]
[4465, 4.994, 4.838]
[4188, 4.838, 4.665]
[4319, 4.665, 4.751]
[4563, 4.751, 4.843]
[4390, 4.843, 4.684]
[4311, 4.684, 4.49]
[4342, 4.49, 4.534]
[4303, 4.534, 4.509]
[4533, 4.509, 4.48]
[4304, 4.48, 4.311]
[4188, 4.311, 4.415]
[4287, 4.415, 4.593]
[4289, 4.593, 4.478]
[4241, 4.478, 4.383]
[4339, 4.383, 4.516]
[4549, 4.516, 4.446]
[4260, 4.446, 4.344]
[4228, 4.344, 4.296]
[4247, 4.296, 4.297]
[4492, 4.297, 4.315]
[4188, 4.315, 4.337]
[4310, 4.337, 4.347]
[4188, 4.347, 4.432]
[4213, 4.432, 4.461]
[4649, 4.461, 4.499]
[4322, 4.499, 4.282]
[4188, 4.282, 4.379]
[4487, 4.379, 4.505]
[4645, 4.505, 4.464]
[4402, 4.464, 4.49]
[4188, 4.49, 4.609]
[4225, 4.609, 4.736]
[4339, 4.736, 4.511]
[4518, 4.511, 4.443]
[4188, 4.443, 4.446]
[4457, 4.446, 4.589]
[4384, 4.589, 4.414]
[4629, 4.414, 4.344]
[4532, 4.344, 4.333]
[4307, 4.333, 4.267]
[4364, 4.267, 4.262]
[4356, 4.262, 4.497]
[4369, 4.497, 4.395]
[4328, 4.395, 4.296]
[4304, 4.296, 4.431]
[4188, 4.431, 4.564]
[4421, 4.564, 4.487]
[4542, 4.487, 4.519]
[4281, 4.519, 4.449]
[4188, 4.449, 4.518]
[4575, 4.518, 4.641]
[4270, 4.641, 4.521]
[4334, 4.521, 4.459]
[4219, 4.459, 4.33]
[4567, 4.33, 4.302]
[4453, 4.302, 4.49]
[4277, 4.49, 4.589]
[4467, 4.589, 4.581]
[4401, 4.581, 4.536]
[4303, 4.536, 4.567]
[4337, 4.567, 4.56]
[4214, 4.56, 4.466]
[4636, 4.466, 4.609]
[4247, 4.609, 4.559]
[4208, 4.559, 4.578]
[4188, 4.578, 4.783]
[4401, 4.783, 4.725]
[4362, 4.725, 4.576]
[4249, 4.576, 4.486]
[4299, 4.486, 4.635]
[4367, 4.635, 4.688]
[4224, 4.688, 4.67]
[4267, 4.67, 4.816]
[4334, 4.816, 4.722]
[4520, 4.722, 4.732]
[4214, 4.732, 4.793]
[4369, 4.793, 4.929]
[4307, 4.929, 4.911]
[4256, 4.911, 4.862]
[4338, 4.862, 4.893]
[4210, 4.893, 4.966]
[4443, 4.966, 4.829]
[4462, 4.829, 4.945]
[4644, 4.945, 4.728]
[4264, 4.728, 4.426]
[4360, 4.426, 4.703]
[4299, 4.703, 4.739]
[4783, 4.739, 4.756]
[4299, 4.756, 4.625]
[4188, 4.625, 4.729]
[4408, 4.729, 4.753]
[4486, 4.753, 4.609]
[4399, 4.609, 4.395]
[4254, 4.395, 4.525]
[4574, 4.525, 4.767]
[4280, 4.767, 4.612]
[4377, 4.612, 4.57]
[4336, 4.57, 4.698]
[4340, 4.698, 4.677]
[4527, 4.677, 4.652]
[4471, 4.652, 4.545]
[4434, 4.545, 4.602]
[4385, 4.602, 4.457]
[4290, 4.457, 4.325]
[4231, 4.325, 4.209]
[4377, 4.209, 4.036]
[4344, 4.036, 4.095]
[4270, 4.095, 4.032]
[4326, 4.032, 4.008]
[4265, 4.008, 3.996]
[4329, 3.996, 3.894]
[4492, 3.894, 3.889]
[4320, 3.889, 3.825]
[4320, 3.825, 3.797]
[4227, 3.797, 3.876]
[4203, 3.876, 3.917]
[4188, 3.917, 3.981]
[4333, 3.981, 4.004]
[4271, 4.004, 4.064]
[4428, 4.064, 4.117]
[4260, 4.117, 3.981]
[4415, 3.981, 4.081]
[4265, 4.081, 4.128]
[4369, 4.128, 3.912]
[4247, 3.912, 4.011]
[4262, 4.011, 4.306]
[4297, 4.306, 4.191]
[4275, 4.191, 4.091]
[4287, 4.091, 4.203]
[4452, 4.203, 4.258]
[4453, 4.258, 4.154]
[4192, 4.154, 4.108]
[4341, 4.108, 4.223]
[4451, 4.223, 4.156]
[4447, 4.156, 4.151]
[4541, 4.151, 4.198]
[4419, 4.198, 4.294]
[4268, 4.294, 4.263]
[4281, 4.263, 4.273]
[4383, 4.273, 4.151]
[4466, 4.151, 4.226]
[4260, 4.226, 4.17]
[4221, 4.17, 4.162]
[4394, 4.162, 4.376]
[4347, 4.376, 4.456]
[4498, 4.456, 4.336]
[4333, 4.336, 4.148]
[4264, 4.148, 4.123]
[4597, 4.123, 4.078]
[4389, 4.078, 3.869]
[4289, 3.869, 3.865]
[4276, 3.865, 3.977]
[4396, 3.977, 3.915]
[4413, 3.915, 3.782]
[4251, 3.782, 3.793]
[4367, 3.793, 3.87]
[4315, 3.87, 3.956]
[4242, 3.956, 3.991]
[4282, 3.991, 3.942]
[4264, 3.942, 4.136]
[4377, 4.136, 4.101]
[4189, 4.101, 3.887]
[4342, 3.887, 4.048]
[4230, 4.048, 4.188]
[4293, 4.188, 4.2]
[4188, 4.2, 4.227]
[4342, 4.227, 4.319]
[4325, 4.319, 4.303]
[4414, 4.303, 4.314]
[4202, 4.314, 4.328]
[4423, 4.328, 4.383]
[4291, 4.383, 4.268]
[4576, 4.268, 4.147]
[4188, 4.147, 4.055]
[4188, 4.055, 4.316]
[4195, 4.316, 4.39]
[4243, 4.39, 4.215]
[4208, 4.215, 4.253]
[4299, 4.253, 4.323]
[4356, 4.323, 4.192]
[4241, 4.192, 4.073]
[4279, 4.073, 4.272]
[4322, 4.272, 4.381]
[4398, 4.381, 4.298]
[4290, 4.298, 4.238]
[4591, 4.238, 4.204]
[4356, 4.204, 4.08]
[4414, 4.08, 3.988]
[4229, 3.988, 4.109]
[4428, 4.109, 4.187]
[4357, 4.187, 4.14]
[4437, 4.14, 4.09]
[4188, 4.09, 4.092]
[4209, 4.092, 4.062]
[4544, 4.062, 4.03]
[4302, 4.03, 3.954]
[4292, 3.954, 4.001]
[4322, 4.001, 4.016]
[4259, 4.016, 4.012]
[4188, 4.012, 4.227]
[4222, 4.227, 4.202]
[4357, 4.202, 4.234]
[4374, 4.234, 4.11]
[4188, 4.11, 4.153]
[4214, 4.153, 4.328]
[4331, 4.328, 4.268]
[4464, 4.268, 4.074]
[4346, 4.074, 3.951]
[4331, 3.951, 4.056]
[4401, 4.056, 3.955]
[4282, 3.955, 3.89]
[4484, 3.89, 3.892]
[4418, 3.892, 3.999]
[4523, 3.999, 3.994]
[4324, 3.994, 3.881]
[4268, 3.881, 4.008]
[4454, 4.008, 3.99]
[4214, 3.99, 4.117]
[4276, 4.117, 4.113]
[4362, 4.113, 4.071]
[4329, 4.071, 4.102]
[4318, 4.102, 4.15]
[4188, 4.15, 4.165]
[4338, 4.165, 4.296]
[4188, 4.296, 4.365]
[4260, 4.365, 4.372]
[4188, 4.372, 4.466]
[4672, 4.466, 4.613]
[4250, 4.613, 4.517]
[4332, 4.517, 4.561]
[4192, 4.561, 4.707]
[4403, 4.707, 4.666]
[4344, 4.666, 4.609]
[4529, 4.609, 4.555]
[4475, 4.555, 4.291]
[4242, 4.291, 4.52]
[4409, 4.52, 4.497]
[4267, 4.497, 4.329]
[4314, 4.329, 4.391]
[4463, 4.391, 4.63]
[4496, 4.63, 4.555]
[4271, 4.555, 4.467]
[4333, 4.467, 4.6]
[4269, 4.6, 4.617]
[4309, 4.617, 4.688]
[4344, 4.688, 4.566]
[4360, 4.566, 4.47]
[4487, 4.47, 4.447]
[4228, 4.447, 4.46]
[4289, 4.46, 4.6]
[4381, 4.6, 4.307]
[4347, 4.307, 3.97]
[4538, 3.97, 4.098]
[4344, 4.098, 4.213]
[4444, 4.213, 4.156]
[4228, 4.156, 4.178]
[4277, 4.178, 4.306]
[4223, 4.306, 4.34]
[4436, 4.34, 4.452]
[4234, 4.452, 4.37]
[4425, 4.37, 4.599]
[4385, 4.599, 4.471]
[4232, 4.471, 4.531]
[4331, 4.531, 4.536]
[4487, 4.536, 4.328]
[4238, 4.328, 4.266]
[4288, 4.266, 4.242]
[4272, 4.242, 4.181]
[4405, 4.181, 4.167]
[4554, 4.167, 4.128]
[4317, 4.128, 4.125]
[4410, 4.125, 4.099]
[4457, 4.099, 3.963]
[4258, 3.963, 4.162]
[4353, 4.162, 4.26]
[4348, 4.26, 4.286]
[4219, 4.286, 4.202]
[4256, 4.202, 4.324]
[4441, 4.324, 4.279]
[4321, 4.279, 4.31]
[4274, 4.31, 4.234]
[4401, 4.234, 4.16]
[4494, 4.16, 4.312]
[4442, 4.312, 4.398]
[4231, 4.398, 4.27]
[4260, 4.27, 4.408]
[4308, 4.408, 4.566]
[4372, 4.566, 4.574]
[4407, 4.574, 4.363]
[4188, 4.363, 4.436]
[4335, 4.436, 4.346]
[4417, 4.346, 4.263]
[4401, 4.263, 4.291]
[4446, 4.291, 4.24]
[4361, 4.24, 4.09]
[4538, 4.09, 4.026]
[4562, 4.026, 3.907]
[4357, 3.907, 3.81]
[4188, 3.81, 3.891]
[4557, 3.891, 3.97]
[4260, 3.97, 4.044]
[4423, 4.044, 4.252]
[4673, 4.252, 4.127]
[4548, 4.127, 4.242]
[4390, 4.242, 3.982]
[4282, 3.982, 4.037]
[4216, 4.037, 4.181]
[4278, 4.181, 4.191]
[4285, 4.191, 4.116]
[4221, 4.116, 4.083]
[4188, 4.083, 4.182]
[4566, 4.182, 4.061]
[4331, 4.061, 3.936]
[4398, 3.936, 3.699]
[4381, 3.699, 3.52]
[4742, 3.52, 3.577]
[4539, 3.577, 3.471]
[4574, 3.471, 3.317]
[4188, 3.317, 3.384]
[4459, 3.384, 3.334]
[4339, 3.334, 3.085]
[4313, 3.085, 3.254]
[4375, 3.254, 3.54]
[4468, 3.54, 3.769]
[4530, 3.769, 3.549]
[4307, 3.549, 3.469]
[4306, 3.469, 3.571]
[4305, 3.571, 3.653]
[4498, 3.653, 3.519]
[4291, 3.519, 3.473]
[4313, 3.473, 3.449]
[4576, 3.449, 3.619]
[4272, 3.619, 3.656]
[4302, 3.656, 3.565]
[4380, 3.565, 3.563]
[4279, 3.563, 3.575]
[4384, 3.575, 3.718]
[4321, 3.718, 3.714]
[4280, 3.714, 3.691]
[4390, 3.691, 3.673]
[4407, 3.673, 3.824]
[4490, 3.824, 3.909]
[4280, 3.909, 3.858]
[4543, 3.858, 3.73]
[4580, 3.73, 3.569]
[4261, 3.569, 3.549]
[4531, 3.549, 3.586]
[4350, 3.586, 3.476]
[4353, 3.476, 3.412]
[4219, 3.412, 3.553]
[4212, 3.553, 3.594]
[4505, 3.594, 3.552]
[4302, 3.552, 3.593]
[4736, 3.593, 3.646]
[4343, 3.646, 3.545]
[4515, 3.545, 3.609]
[4313, 3.609, 3.785]
[4639, 3.785, 4.011]
[4399, 4.011, 3.713]
[4308, 3.713, 3.563]
[4242, 3.563, 3.668]
[4263, 3.668, 3.791]
[4561, 3.791, 3.546]
[4473, 3.546, 3.673]
[4357, 3.673, 3.734]
[4354, 3.734, 3.771]
[4489, 3.771, 3.787]
[4190, 3.787, 3.649]
[4343, 3.649, 3.606]
[4254, 3.606, 3.896]
[4188, 3.896, 3.983]
[4565, 3.983, 3.887]
[4290, 3.887, 3.92]
[4190, 3.92, 4.023]
[4375, 4.023, 4.006]
[4425, 4.006, 3.88]
[4188, 3.88, 4.066]
[4316, 4.066, 4.219]
[4554, 4.219, 4.344]
[4300, 4.344, 4.126]
[4313, 4.126, 4.196]
[4452, 4.196, 4.348]
[4286, 4.348, 4.281]
[4546, 4.281, 4.267]
[4349, 4.267, 4.245]
[4583, 4.245, 4.598]
[4290, 4.598, 4.743]
[4457, 4.743, 4.731]
[4238, 4.731, 4.849]
[4188, 4.849, 4.973]
[4274, 4.973, 5.06]
[4224, 5.06, 5.165]
[4346, 5.165, 5.137]
[4218, 5.137, 4.974]
[4285, 4.974, 5.085]
[4417, 5.085, 5.047]
[4478, 5.047, 4.933]
[4392, 4.933, 4.991]
[4266, 4.991, 4.804]
[4227, 4.804, 4.904]
[4325, 4.904, 4.892]
[4284, 4.892, 4.663]
[4263, 4.663, 4.721]
[4272, 4.721, 4.651]
[4453, 4.651, 4.236]
[4421, 4.236, 4.211]
[4354, 4.211, 4.286]
[4356, 4.286, 4.271]
[4411, 4.271, 4.224]
[4388, 4.224, 4.351]
[4368, 4.351, 4.323]
[4396, 4.323, 4.475]
[4433, 4.475, 4.404]
[4231, 4.404, 4.363]
[4412, 4.363, 4.282]
[4363, 4.282, 4.138]
[4390, 4.138, 4.213]
[4357, 4.213, 4.335]
[4511, 4.335, 4.295]
[4317, 4.295, 4.197]
[4254, 4.197, 4.147]
[4371, 4.147, 4.237]
[4453, 4.237, 4.05]
[4237, 4.05, 4.136]
[4299, 4.136, 4.214]
[4361, 4.214, 4.062]
[4291, 4.062, 4.045]
[4260, 4.045, 4.102]
[4191, 4.102, 4.187]
[4213, 4.187, 4.229]
[4315, 4.229, 4.103]
[4477, 4.103, 4.148]
[4416, 4.148, 4.176]
[4213, 4.176, 4.073]
[4300, 4.073, 4.217]
[4323, 4.217, 4.154]
[4604, 4.154, 3.945]
[4506, 3.945, 3.875]
[4344, 3.875, 3.942]
[4188, 3.942, 4.026]
[4435, 4.026, 4.045]
[4259, 4.045, 4.014]
[4326, 4.014, 4.038]
[4230, 4.038, 4.205]
[4289, 4.205, 4.26]
[4328, 4.26, 4.31]
[4436, 4.31, 4.218]
[4188, 4.218, 4.321]
[4350, 4.321, 4.265]
[4420, 4.265, 4.095]
[4266, 4.095, 4.133]
[4461, 4.133, 4.128]
[4275, 4.128, 3.991]
[4482, 3.991, 4.04]
[4411, 4.04, 4.154]
[4286, 4.154, 4.147]
[4252, 4.147, 4.087]
[4188, 4.087, 4.28]
[4188, 4.28, 4.278]
[4576, 4.278, 4.283]
[4354, 4.283, 4.179]
[4308, 4.179, 4.355]
[4251, 4.355, 4.359]
[4298, 4.359, 4.334]
[4339, 4.334, 4.212]
[4347, 4.212, 4.383]
[4188, 4.383, 4.528]
[4221, 4.528, 4.428]
[4355, 4.428, 4.453]
[4291, 4.453, 4.546]
[4486, 4.546, 4.589]
[4492, 4.589, 4.56]
[4395, 4.56, 4.627]
[4229, 4.627, 4.758]
[4274, 4.758, 4.857]
[4449, 4.857, 4.654]
[4359, 4.654, 4.645]
[4395, 4.645, 4.734]
[4241, 4.734, 4.623]
[4415, 4.623, 4.457]
[4335, 4.457, 4.612]
[4188, 4.612, 4.714]
[4442, 4.714, 4.752]
[4339, 4.752, 4.661]
[4292, 4.661, 4.648]
[4211, 4.648, 4.573]
[4239, 4.573, 4.735]
[4246, 4.735, 4.763]
[4288, 4.763, 4.806]
[4269, 4.806, 4.666]
[4201, 4.666, 4.807]
[4405, 4.807, 4.823]
[4337, 4.823, 4.575]
[4249, 4.575, 4.726]
[4196, 4.726, 4.906]
[4303, 4.906, 4.861]
[4275, 4.861, 4.723]
[4265, 4.723, 4.842]
[4317, 4.842, 4.798]
[4367, 4.798, 4.664]
[4347, 4.664, 4.822]
[4285, 4.822, 4.88]
[4443, 4.88, 4.821]
[4346, 4.821, 5.044]
[4316, 5.044, 4.943]
[4252, 4.943, 5.035]
[4310, 5.035, 5.103]
[4482, 5.103, 5.054]
[4515, 5.054, 4.963]
[4292, 4.963, 4.851]
[4382, 4.851, 5.043]
[4192, 5.043, 5.04]
[4196, 5.04, 4.935]
[4400, 4.935, 4.864]
[4497, 4.864, 4.697]
[4215, 4.697, 4.589]
[4188, 4.589, 4.743]
[4374, 4.743, 4.788]
[4423, 4.788, 4.589]
[4188, 4.589, 4.588]
[4261, 4.588, 4.79]
[4244, 4.79, 4.925]
[4418, 4.925, 4.672]
[4525, 4.672, 4.77]
[4284, 4.77, 4.664]
[4268, 4.664, 4.489]
[4267, 4.489, 4.477]
[4289, 4.477, 4.351]
[4188, 4.351, 4.387]
[4255, 4.387, 4.371]
[4237, 4.371, 4.222]
[4488, 4.222, 4.389]
[4278, 4.389, 4.388]
[4304, 4.388, 4.4]
[4428, 4.4, 4.33]
[4331, 4.33, 4.32]
[4469, 4.32, 4.292]
[4300, 4.292, 4.273]
[4493, 4.273, 4.368]
[4254, 4.368, 4.304]
[4278, 4.304, 4.25]
[4349, 4.25, 4.417]
[4275, 4.417, 4.357]
[4267, 4.357, 4.314]
[4479, 4.314, 4.398]
