[90480, 100.0, 19.679]
[18792, 19.679, 9.728]
[8352, 9.728, 5.7]
[4959, 5.7, 4.277]
[4345, 4.277, 4.623]
[4354, 4.623, 4.571]
[4354, 4.571, 4.291]
[4270, 4.291, 4.332]
[4308, 4.332, 4.571]
[4421, 4.571, 4.521]
[4213, 4.521, 4.353]
[4320, 4.353, 4.54]
[4251, 4.54, 4.597]
[4538, 4.597, 4.573]
[4400, 4.573, 4.42]
[4271, 4.42, 4.475]
[4475, 4.475, 4.731]
[4499, 4.731, 4.662]
[4584, 4.662, 4.694]
[4262, 4.694, 4.796]
[4301, 4.796, 4.764]
[4327, 4.764, 4.736]
[4256, 4.736, 4.735]
[4365, 4.735, 4.686]
[4320, 4.686, 4.563]
[4497, 4.563, 4.585]
[4200, 4.585, 4.482]
[4278, 4.482, 4.537]
[4314, 4.537, 4.532]
[4220, 4.532, 4.551]
[4367, 4.551, 4.572]
[4345, 4.572, 4.611]
[4293, 4.611, 4.508]
[4188, 4.508, 4.425]
[4259, 4.425, 4.698]
[4242, 4.698, 4.652]
[4308, 4.652, 4.653]
[4226, 4.653, 4.63]
[4490, 4.63, 4.626]
[4405, 4.626, 4.418]
[4440, 4.418, 4.548]
[4220, 4.548, 4.556]
[4420, 4.556, 4.456]
[4387, 4.456, 4.291]
[4299, 4.291, 4.495]
[4377, 4.495, 4.411]
[4198, 4.411, 4.453]
[4438, 4.453, 4.528]
[4318, 4.528, 4.562]
[4443, 4.562, 4.64]
[4273, 4.64, 4.663]
[4206, 4.663, 4.594]
[4414, 4.594, 4.605]
[4386, 4.605, 4.602]
[4188, 4.602, 4.607]
[4188, 4.607, 4.666]
[4277, 4.666, 4.637]
[4290, 4.637, 4.716]
[4299, 4.716, 4.659]
[4547, 4.659, 4.769]
[4239, 4.769, 4.748]
[4376, 4.748, 4.727]
[4621, 4.727, 4.728]
[4681, 4.728, 4.633]
[4243, 4.633, 4.543]
[4349, 4.543, 4.76]
[4510, 4.76, 4.784]
[4580, 4.784, 4.869]
[4236, 4.869, 4.606]
[4242, 4.606, 4.663]
[4341, 4.663, 4.766]
[4561, 4.766, 4.551]
[4310, 4.551, 4.185]
[4325, 4.185, 4.128]
[4293, 4.128, 4.131]
[4316, 4.131, 3.967]
[4391, 3.967, 3.976]
[4282, 3.976, 4.076]
[4234, 4.076, 4.122]
[4366, 4.122, 4.144]
[4192, 4.144, 4.042]
[4291, 4.042, 4.123]
[4188, 4.123, 4.311]
[4188, 4.311, 4.44]
[4299, 4.44, 4.245]
[4195, 4.245, 4.397]
[4271, 4.397, 4.558]
[4368, 4.558, 4.568]
[4366, 4.568, 4.387]
[4440, 4.387, 4.405]
[4345, 4.405, 4.528]
[4271, 4.528, 4.408]
[4268, 4.408, 4.309]
[4278, 4.309, 4.319]
[4247, 4.319, 4.483]
[4294, 4.483, 4.416]
[4266, 4.416, 4.46]
[4381, 4.46, 4.557]
[4195, 4.557, 4.584]
[4188, 4.584, 4.627]
[4327, 4.627, 4.739]
[4188, 4.739, 4.741]
[4188, 4.741, 4.777]
[4314, 4.777, 4.782]
[4361, 4.782, 4.777]
[4430, 4.777, 4.657]
[4443, 4.657, 4.729]
[4277, 4.729, 4.674]
[4498, 4.674, 4.815]
[4454, 4.815, 4.924]
[4596, 4.924, 4.928]
[4277, 4.928, 4.872]
[4478, 4.872, 4.927]
[4292, 4.927, 5.07]
[4451, 5.07, 5.044]
[4280, 5.044, 4.956]
[4355, 4.956, 5.046]
[4324, 5.046, 4.991]
[4399, 4.991, 5.066]
[4285, 5.066, 5.127]
[4197, 5.127, 5.07]
[4339, 5.07, 4.967]
[4271, 4.967, 4.984]
[4539, 4.984, 5.24]
[4284, 5.24, 5.285]
[4188, 5.285, 5.222]
[4592, 5.222, 5.624]
[4381, 5.624, 5.884]
[4294, 5.884, 5.779]
[4334, 5.779, 5.615]
[4293, 5.615, 5.724]
[4376, 5.724, 5.803]
[4349, 5.803, 5.587]
[4345, 5.587, 5.425]
[4293, 5.425, 5.375]
[4284, 5.375, 5.485]
[4530, 5.485, 5.557]
[4353, 5.557, 5.291]
[4198, 5.291, 5.245]
[4264, 5.245, 5.346]
[4370, 5.346, 5.172]
[4256, 5.172, 5.139]
[4375, 5.139, 5.225]
[4237, 5.225, 5.197]
[4426, 5.197, 5.07]
[4192, 5.07, 4.989]
[4242, 4.989, 5.109]
[4504, 5.109, 5.325]
[4225, 5.325, 5.29]
[4245, 5.29, 5.291]
[4268, 5.291, 5.455]
[4535, 5.455, 5.764]
[4390, 5.764, 5.373]
[4253, 5.373, 5.162]
[4236, 5.162, 5.43]
[4251, 5.43, 5.506]
[4567, 5.506, 5.285]
[4279, 5.285, 5.159]
[4281, 5.159, 5.131]
[4335, 5.131, 5.266]
[4266, 5.266, 5.342]
[4261, 5.342, 5.242]
[4188, 5.242, 5.307]
[4445, 5.307, 5.165]
[4396, 5.165, 5.306]
[4252, 5.306, 5.389]
[4456, 5.389, 5.394]
[4258, 5.394, 5.448]
[4213, 5.448, 5.385]
[4346, 5.385, 5.387]
[4485, 5.387, 5.401]
[4212, 5.401, 5.272]
[4351, 5.272, 5.316]
[4467, 5.316, 5.528]
[4257, 5.528, 5.587]
[4589, 5.587, 5.166]
[4211, 5.166, 5.005]
[4270, 5.005, 5.259]
[4450, 5.259, 5.215]
[4570, 5.215, 4.961]
[4369, 4.961, 5.063]
[4442, 5.063, 5.2]
[4188, 5.2, 5.195]
[4367, 5.195, 5.212]
[4428, 5.212, 5.234]
[4188, 5.234, 5.347]
[4621, 5.347, 5.34]
[4188, 5.34, 5.317]
[4329, 5.317, 5.466]
[4313, 5.466, 5.551]
[4266, 5.551, 5.502]
[4320, 5.502, 5.405]
[4340, 5.405, 5.583]
[4405, 5.583, 5.664]
[4376, 5.664, 5.656]
[4234, 5.656, 5.617]
[4646, 5.617, 5.775]
[4337, 5.775, 5.601]
[4255, 5.601, 5.6]
[4487, 5.6, 5.67]
[4462, 5.67, 5.708]
[4188, 5.708, 5.81]
[4318, 5.81, 5.827]
[4395, 5.827, 5.837]
[4360, 5.837, 5.833]
[4188, 5.833, 5.902]
[4527, 5.902, 5.762]
[4239, 5.762, 5.887]
[4395, 5.887, 5.923]
[4355, 5.923, 5.986]
[4383, 5.986, 6.057]
[4363, 6.057, 5.887]
[4197, 5.887, 5.824]
[4228, 5.824, 5.832]
[4188, 5.832, 5.933]
[4470, 5.933, 5.961]
[4493, 5.961, 5.975]
[4373, 5.975, 6.062]
[4484, 6.062, 6.287]
[4192, 6.287, 6.27]
[4349, 6.27, 6.364]
[4344, 6.364, 6.372]
[4384, 6.372, 6.179]
[4208, 6.179, 6.019]
[4289, 6.019, 6.141]
[4364, 6.141, 6.175]
[4471, 6.175, 5.977]
[4198, 5.977, 5.84]
[4248, 5.84, 6.166]
[4443, 6.166, 6.333]
[4399, 6.333, 6.132]
[4383, 6.132, 5.981]
[4407, 5.981, 6.311]
[4265, 6.311, 6.396]
[4398, 6.396, 6.28]
[4233, 6.28, 6.171]
[4340, 6.171, 6.312]
[4222, 6.312, 6.229]
[4335, 6.229, 6.12]
[4445, 6.12, 6.114]
[4336, 6.114, 5.972]
[4426, 5.972, 5.799]
[4188, 5.799, 5.836]
[4188, 5.836, 5.846]
[4469, 5.846, 5.845]
[4559, 5.845, 5.825]
[4332, 5.825, 5.699]
[4517, 5.699, 5.919]
[4514, 5.919, 6.135]
[4533, 6.135, 6.123]
[4459, 6.123, 6.033]
[4188, 6.033, 6.198]
[4261, 6.198, 6.435]
[4399, 6.435, 6.409]
[4283, 6.409, 6.154]
[4212, 6.154, 6.328]
[4244, 6.328, 6.406]
[4460, 6.406, 6.352]
[4370, 6.352, 6.146]
[4230, 6.146, 6.325]
[4188, 6.325, 6.615]
[4523, 6.615, 6.572]
[4311, 6.572, 6.612]
[4333, 6.612, 6.414]
[4188, 6.414, 6.816]
[4371, 6.816, 7.007]
[4295, 7.007, 6.917]
[4452, 6.917, 6.684]
[4339, 6.684, 6.399]
[4188, 6.399, 6.646]
[4457, 6.646, 6.708]
[4383, 6.708, 6.668]
[4256, 6.668, 6.567]
[4297, 6.567, 6.901]
[4244, 6.901, 6.897]
[4340, 6.897, 6.614]
[4286, 6.614, 6.867]
[4434, 6.867, 6.767]
[4188, 6.767, 6.98]
[4255, 6.98, 6.918]
[4431, 6.918, 6.77]
[4667, 6.77, 6.986]
[4490, 6.986, 6.864]
[4237, 6.864, 6.745]
[4233, 6.745, 6.836]
[4309, 6.836, 6.786]
[4428, 6.786, 6.385]
[4188, 6.385, 6.493]
[4372, 6.493, 6.641]
[4354, 6.641, 6.602]
[4298, 6.602, 6.522]
[4207, 6.522, 6.421]
[4295, 6.421, 6.361]
[4344, 6.361, 6.316]
[4358, 6.316, 6.219]
[4251, 6.219, 6.195]
[4188, 6.195, 6.253]
[4365, 6.253, 6.456]
[4359, 6.456, 6.44]
[4188, 6.44, 6.434]
[4525, 6.434, 6.496]
[4241, 6.496, 6.434]
[4511, 6.434, 6.512]
[4299, 6.512, 6.607]
[4299, 6.607, 6.444]
[4373, 6.444, 6.336]
[4472, 6.336, 6.443]
[4321, 6.443, 6.51]
[4514, 6.51, 6.452]
[4499, 6.452, 6.465]
[4399, 6.465, 6.395]
[4445, 6.395, 6.722]
[4402, 6.722, 6.605]
[4361, 6.605, 6.28]
[4188, 6.28, 6.038]
[4188, 6.038, 6.336]
[4228, 6.336, 6.555]
[4326, 6.555, 6.415]
[4223, 6.415, 6.352]
[4330, 6.352, 6.438]
[4437, 6.438, 6.209]
[4246, 6.209, 6.142]
[4392, 6.142, 6.073]
[4539, 6.073, 6.253]
[4188, 6.253, 6.43]
[4445, 6.43, 6.426]
[4303, 6.426, 6.171]
[4302, 6.171, 6.573]
[4355, 6.573, 6.665]
[4319, 6.665, 6.371]
[4298, 6.371, 6.495]
[4260, 6.495, 6.685]
[4366, 6.685, 6.761]
[4579, 6.761, 6.295]
[4188, 6.295, 6.209]
[4315, 6.209, 6.31]
[4434, 6.31, 6.56]
[4508, 6.56, 6.143]
[4276, 6.143, 6.157]
[4329, 6.157, 6.607]
[4398, 6.607, 6.671]
[4461, 6.671, 6.335]
[4250, 6.335, 6.312]
[4500, 6.312, 6.671]
[4478, 6.671, 6.524]
[4188, 6.524, 6.269]
[4281, 6.269, 6.315]
[4420, 6.315, 6.515]
[4214, 6.515, 6.363]
[4380, 6.363, 6.115]
[4453, 6.115, 6.029]
[4476, 6.029, 6.315]
[4308, 6.315, 6.228]
[4188, 6.228, 6.237]
[4283, 6.237, 6.232]
[4438, 6.232, 6.221]
[4412, 6.221, 6.176]
[4188, 6.176, 6.143]
[4222, 6.143, 6.238]
[4355, 6.238, 6.346]
[4265, 6.346, 6.25]
[4313, 6.25, 6.172]
[4188, 6.172, 6.236]
[4325, 6.236, 6.326]
[4278, 6.326, 6.319]
[4378, 6.319, 6.261]
[4696, 6.261, 6.325]
[4466, 6.325, 6.219]
[4266, 6.219, 6.353]
[4279, 6.353, 6.191]
[4416, 6.191, 6.194]
[4188, 6.194, 6.602]
[4533, 6.602, 6.473]
[4418, 6.473, 6.372]
[4241, 6.372, 6.545]
[4397, 6.545, 6.563]
[4354, 6.563, 6.374]
[4427, 6.374, 6.376]
[4445, 6.376, 6.487]
[4188, 6.487, 6.712]
[4285, 6.712, 6.588]
[4468, 6.588, 6.61]
[4224, 6.61, 6.808]
[4273, 6.808, 6.647]
[4409, 6.647, 6.426]
[4466, 6.426, 6.377]
[4437, 6.377, 6.129]
[4212, 6.129, 6.094]
[4188, 6.094, 6.277]
[4476, 6.277, 6.191]
[4324, 6.191, 5.895]
[4192, 5.895, 5.986]
[4235, 5.986, 6.47]
[4313, 6.47, 6.449]
[4188, 6.449, 6.212]
[4315, 6.212, 6.342]
[4337, 6.342, 6.528]
[4493, 6.528, 6.395]
[4188, 6.395, 6.377]
[4486, 6.377, 6.458]
[4188, 6.458, 6.556]
[4269, 6.556, 6.493]
[4380, 6.493, 6.497]
[4442, 6.497, 6.502]
[4265, 6.502, 6.351]
[4278, 6.351, 6.281]
[4324, 6.281, 6.268]
[4409, 6.268, 6.353]
[4385, 6.353, 6.527]
[4382, 6.527, 6.397]
[4331, 6.397, 6.222]
[4188, 6.222, 6.568]
[4378, 6.568, 6.564]
[4567, 6.564, 6.39]
[4389, 6.39, 6.103]
[4225, 6.103, 6.249]
[4188, 6.249, 6.597]
[4264, 6.597, 6.463]
[4355, 6.463, 6.141]
[4227, 6.141, 6.263]
[4457, 6.263, 6.453]
[4555, 6.453, 6.403]
[4229, 6.403, 6.223]
[4513, 6.223, 6.178]
[4456, 6.178, 6.161]
[4188, 6.161, 6.173]
[4188, 6.173, 6.283]
[4485, 6.283, 6.411]
[4217, 6.411, 6.434]
[4412, 6.434, 6.381]
[4385, 6.381, 6.419]
[4318, 6.419, 6.251]
[4224, 6.251, 6.081]
[4450, 6.081, 5.999]
[4453, 5.999, 5.678]
[4270, 5.678, 5.56]
[4338, 5.56, 5.717]
[4447, 5.717, 5.762]
[4312, 5.762, 5.691]
[4426, 5.691, 5.509]
[4397, 5.509, 5.48]
[4450, 5.48, 5.646]
[4352, 5.646, 5.731]
[4406, 5.731, 5.55]
[4464, 5.55, 5.59]
[4193, 5.59, 5.635]
[4471, 5.635, 5.681]
[4257, 5.681, 5.501]
[4293, 5.501, 5.391]
[4407, 5.391, 5.451]
[4262, 5.451, 5.502]
[4619, 5.502, 5.685]
[4271, 5.685, 5.528]
[4273, 5.528, 5.327]
[4452, 5.327, 5.365]
[4302, 5.365, 5.234]
[4199, 5.234, 5.32]
[4188, 5.32, 5.407]
[4429, 5.407, 5.273]
[4188, 5.273, 5.355]
[4188, 5.355, 5.497]
[4351, 5.497, 5.663]
[4286, 5.663, 5.534]
[4188, 5.534, 5.528]
[4352, 5.528, 5.531]
[4360, 5.531, 5.569]
[4332, 5.569, 5.373]
[4274, 5.373, 5.219]
[4188, 5.219, 5.326]
[4200, 5.326, 5.329]
[4536, 5.329, 5.354]
[4308, 5.354, 5.128]
[4365, 5.128, 4.843]
[4261, 4.843, 5.048]
[4196, 5.048, 5.183]
[4382, 5.183, 5.2]
[4477, 5.2, 4.955]
[4545, 4.955, 5.051]
[4334, 5.051, 5.171]
[4272, 5.171, 5.105]
[4284, 5.105, 5.036]
[4726, 5.036, 5.317]
[4326, 5.317, 5.057]
[4392, 5.057, 4.956]
[4229, 4.956, 5.167]
[4275, 5.167, 5.227]
[4319, 5.227, 5.194]
[4508, 5.194, 4.899]
[4357, 4.899, 4.78]
[4245, 4.78, 4.828]
[4188, 4.828, 4.889]
[4232, 4.889, 4.859]
[4286, 4.859, 4.974]
[4219, 4.974, 5.002]
[4274, 5.002, 4.91]
[4464, 4.91, 4.965]
[4317, 4.965, 5.094]
[4604, 5.094, 4.956]
[4292, 4.956, 4.709]
[4188, 4.709, 4.761]
[4589, 4.761, 5.02]
[4415, 5.02, 4.884]
[4470, 4.884, 4.859]
[4188, 4.859, 4.951]
[4281, 4.951, 5.108]
[4589, 5.108, 5.001]
[4277, 5.001, 4.832]
[4432, 4.832, 4.938]
[4188, 4.938, 5.123]
[4438, 5.123, 5.11]
[4309, 5.11, 4.977]
[4433, 4.977, 5.093]
[4359, 5.093, 5.272]
[4259, 5.272, 5.192]
[4521, 5.192, 4.906]
[4262, 4.906, 4.87]
[4391, 4.87, 5.064]
[4464, 5.064, 4.909]
[4239, 4.909, 4.79]
[4257, 4.79, 4.904]
[4437, 4.904, 5.15]
[4415, 5.15, 5.022]
[4438, 5.022, 4.903]
[4324, 4.903, 5.038]
[4284, 5.038, 4.973]
[4334, 4.973, 4.804]
[4336, 4.804, 4.953]
[4570, 4.953, 4.944]
[4189, 4.944, 4.918]
[4287, 4.918, 4.999]
[4229, 4.999, 4.96]
[4284, 4.96, 4.903]
[4231, 4.903, 4.805]
[4302, 4.805, 4.834]
[4227, 4.834, 4.842]
[4539, 4.842, 4.917]
[4454, 4.917, 4.743]
[4326, 4.743, 4.544]
[4359, 4.544, 4.873]
[4274, 4.873, 4.798]
[4427, 4.798, 4.722]
[4270, 4.722, 4.487]
[4340, 4.487, 4.527]
[4188, 4.527, 4.579]
[4311, 4.579, 4.811]
[4247, 4.811, 4.913]
[4516, 4.913, 4.787]
[4392, 4.787, 4.863]
[4235, 4.863, 4.959]
[4278, 4.959, 4.876]
[4352, 4.876, 4.812]
[4188, 4.812, 4.92]
[4303, 4.92, 4.938]
[4427, 4.938, 4.777]
[4188, 4.777, 4.749]
[4205, 4.749, 4.724]
[4236, 4.724, 4.714]
[4413, 4.714, 4.648]
[4454, 4.648, 4.769]
[4496, 4.769, 4.698]
[4326, 4.698, 4.659]
[4335, 4.659, 4.666]
[4188, 4.666, 4.794]
[4295, 4.794, 4.761]
[4445, 4.761, 4.65]
[4263, 4.65, 4.662]
[4313, 4.662, 4.73]
[4325, 4.73, 4.752]
[4262, 4.752, 4.892]
[4317, 4.892, 4.729]
[4274, 4.729, 4.846]
[4350, 4.846, 4.794]
[4302, 4.794, 4.974]
[4270, 4.974, 4.998]
[4311, 4.998, 5.013]
[4439, 5.013, 4.942]
[4256, 4.942, 5.092]
[4268, 5.092, 5.289]
[4280, 5.289, 5.22]
[4291, 5.22, 5.041]
[4267, 5.041, 5.069]
[4297, 5.069, 5.088]
[4479, 5.088, 5.09]
[4368, 5.09, 5.119]
[4344, 5.119, 5.128]
[4487, 5.128, 5.093]
[4263, 5.093, 5.117]
[4250, 5.117, 5.032]
[4364, 5.032, 4.997]
[4208, 4.997, 5.046]
[4401, 5.046, 5.026]
[4276, 5.026, 5.057]
[4303, 5.057, 4.951]
[4329, 4.951, 4.847]
[4220, 4.847, 4.902]
[4454, 4.902, 4.99]
[4279, 4.99, 5.042]
[4298, 5.042, 5.009]
[4482, 5.009, 4.971]
[4296, 4.971, 5.018]
[4373, 5.018, 4.967]
[4485, 4.967, 4.81]
[4188, 4.81, 4.77]
[4188, 4.77, 4.891]
[4335, 4.891, 4.974]
[4349, 4.974, 4.87]
[4403, 4.87, 4.756]
[4519, 4.756, 4.824]
[4354, 4.824, 4.828]
[4189, 4.828, 4.785]
[4293, 4.785, 4.873]
[4422, 4.873, 4.971]
[4188, 4.971, 4.946]
[4304, 4.946, 4.906]
[4411, 4.906, 4.913]
[4319, 4.913, 4.879]
[4242, 4.879, 4.816]
[4279, 4.816, 4.818]
[4260, 4.818, 4.895]
[4272, 4.895, 4.85]
[4672, 4.85, 4.966]
[4246, 4.966, 4.984]
[4320, 4.984, 4.974]
[4483, 4.974, 4.815]
[4204, 4.815, 4.791]
[4299, 4.791, 4.8]
[4541, 4.8, 4.855]
[4337, 4.855, 4.728]
[4494, 4.728, 4.481]
[4239, 4.481, 4.397]
[4267, 4.397, 4.407]
[4250, 4.407, 4.614]
[4364, 4.614, 4.633]
[4629, 4.633, 4.461]
[4332, 4.461, 4.286]
[4188, 4.286, 4.452]
[4188, 4.452, 4.522]
[4392, 4.522, 4.403]
[4359, 4.403, 4.431]
[4234, 4.431, 4.453]
[4322, 4.453, 4.477]
[4320, 4.477, 4.564]
[4468, 4.564, 4.62]
[4370, 4.62, 4.508]
[4529, 4.508, 4.591]
[4246, 4.591, 4.456]
[4768, 4.456, 4.653]
[4372, 4.653, 4.564]
[4360, 4.564, 4.66]
[4385, 4.66, 4.861]
[4528, 4.861, 4.528]
[4274, 4.528, 4.308]
[4213, 4.308, 4.418]
[4259, 4.418, 4.416]
[4322, 4.416, 4.292]
[4225, 4.292, 4.241]
[4458, 4.241, 4.299]
[4548, 4.299, 4.384]
[4420, 4.384, 4.314]
[4326, 4.314, 4.491]
[4325, 4.491, 4.582]
[4478, 4.582, 4.69]
[4321, 4.69, 4.511]
[4617, 4.511, 4.618]
[4811, 4.618, 4.573]
[4388, 4.573, 4.405]
[4267, 4.405, 4.579]
[4245, 4.579, 4.678]
[4451, 4.678, 4.564]
[4505, 4.564, 4.761]
[4340, 4.761, 4.689]
[4260, 4.689, 4.497]
[4287, 4.497, 4.654]
[4349, 4.654, 4.717]
[4364, 4.717, 4.758]
[4310, 4.758, 4.527]
[4463, 4.527, 4.517]
[4302, 4.517, 4.5]
[4569, 4.5, 4.453]
[4603, 4.453, 4.195]
[4339, 4.195, 4.104]
[4188, 4.104, 4.272]
[4188, 4.272, 4.347]
[4244, 4.347, 4.177]
[4206, 4.177, 4.233]
[4308, 4.233, 4.258]
[4343, 4.258, 3.955]
[4622, 3.955, 3.965]
[4424, 3.965, 3.767]
[4376, 3.767, 3.608]
[4395, 3.608, 3.843]
[4615, 3.843, 3.833]
[4229, 3.833, 3.678]
[4376, 3.678, 3.77]
[4344, 3.77, 3.734]
[4509, 3.734, 3.618]
[4269, 3.618, 3.626]
[4512, 3.626, 3.703]
[4352, 3.703, 3.593]
[4369, 3.593, 3.723]
[4276, 3.723, 3.641]
[4266, 3.641, 3.734]
[4285, 3.734, 3.68]
[4188, 3.68, 3.939]
[4188, 3.939, 3.882]
[4441, 3.882, 3.821]
[4415, 3.821, 3.899]
[4437, 3.899, 3.876]
[4360, 3.876, 3.867]
[4203, 3.867, 3.965]
[4375, 3.965, 3.915]
[4608, 3.915, 3.793]
[4460, 3.793, 3.725]
[4238, 3.725, 3.647]
[4296, 3.647, 3.614]
[4562, 3.614, 3.806]
[4188, 3.806, 3.793]
[4399, 3.793, 3.742]
[4209, 3.742, 3.798]
[4247, 3.798, 3.843]
[4319, 3.843, 4.065]
[4860, 4.065, 3.686]
[4209, 3.686, 3.474]
[4258, 3.474, 3.756]
[4499, 3.756, 4.053]
[4462, 4.053, 3.892]
[4217, 3.892, 4.098]
[4188, 4.098, 4.297]
[4268, 4.297, 4.464]
[4281, 4.464, 4.3]
[4289, 4.3, 4.183]
[4244, 4.183, 4.194]
[4351, 4.194, 4.165]
[4196, 4.165, 4.226]
[4294, 4.226, 4.339]
[4368, 4.339, 4.465]
[4361, 4.465, 4.461]
[4225, 4.461, 4.416]
[4188, 4.416, 4.378]
[4259, 4.378, 4.401]
[4353, 4.401, 4.421]
[4299, 4.421, 4.419]
[4272, 4.419, 4.489]
[4188, 4.489, 4.455]
[4451, 4.455, 4.469]
[4205, 4.469, 4.531]
[4328, 4.531, 4.522]
[4580, 4.522, 4.577]
[4274, 4.577, 4.613]
[4385, 4.613, 4.541]
[4247, 4.541, 4.524]
[4337, 4.524, 4.634]
[4326, 4.634, 4.472]
[4578, 4.472, 4.344]
[4369, 4.344, 4.054]
[4215, 4.054, 4.002]
[4226, 4.002, 4.102]
[4237, 4.102, 4.224]
[4228, 4.224, 4.198]
[4188, 4.198, 4.121]
[4188, 4.121, 4.131]
[4203, 4.131, 4.102]
[4188, 4.102, 4.28]
[4188, 4.28, 4.366]
[4444, 4.366, 4.217]
[4531, 4.217, 4.247]
[4236, 4.247, 4.155]
[4359, 4.155, 4.116]
[4326, 4.116, 4.26]
[4353, 4.26, 4.087]
[4218, 4.087, 4.017]
[4194, 4.017, 4.289]
[4329, 4.289, 4.368]
[4235, 4.368, 4.202]
[4242, 4.202, 4.186]
[4275, 4.186, 4.326]
[4188, 4.326, 4.416]
[4250, 4.416, 4.396]
[4438, 4.396, 4.45]
[4188, 4.45, 4.606]
[4296, 4.606, 4.556]
[4423, 4.556, 4.542]
[4343, 4.542, 4.477]
[4368, 4.477, 4.609]
[4295, 4.609, 4.557]
[4358, 4.557, 4.779]
[4294, 4.779, 4.783]
[4271, 4.783, 4.654]
[4343, 4.654, 4.623]
[4387, 4.623, 4.603]
[4268, 4.603, 4.634]
[4351, 4.634, 4.633]
[4344, 4.633, 4.592]
[4307, 4.592, 4.638]
[4301, 4.638, 4.646]
[4316, 4.646, 4.684]
[4426, 4.684, 4.669]
[4277, 4.669, 4.535]
[4188, 4.535, 4.626]
[4380, 4.626, 4.622]
[4355, 4.622, 4.673]
[4321, 4.673, 4.648]
[4361, 4.648, 4.609]
[4431, 4.609, 4.612]
[4402, 4.612, 4.567]
[4249, 4.567, 4.677]
[4431, 4.677, 4.471]
[4341, 4.471, 4.318]
[4320, 4.318, 4.172]
[4249, 4.172, 4.131]
[4188, 4.131, 4.085]
[4412, 4.085, 4.155]
[4244, 4.155, 4.136]
[4336, 4.136, 4.121]
[4279, 4.121, 4.076]
[4311, 4.076, 3.842]
[4408, 3.842, 3.651]
[4244, 3.651, 3.643]
[4493, 3.643, 3.656]
[4508, 3.656, 3.499]
[4188, 3.499, 3.549]
[4513, 3.549, 3.557]
[4306, 3.557, 3.644]
[4394, 3.644, 3.718]
[4256, 3.718, 3.901]
[4665, 3.901, 3.691]
[4448, 3.691, 3.552]
[4265, 3.552, 3.887]
[4390, 3.887, 4.028]
[4318, 4.028, 3.855]
[4487, 3.855, 4.064]
[4449, 4.064, 3.963]
[4252, 3.963, 3.997]
[4259, 3.997, 4.125]
[4332, 4.125, 4.175]
[4427, 4.175, 4.164]
[4313, 4.164, 4.169]
[4338, 4.169, 4.16]
[4339, 4.16, 4.182]
[4471, 4.182, 4.011]
[4441, 4.011, 3.814]
[4430, 3.814, 3.8]
[4232, 3.8, 3.857]
[4640, 3.857, 3.955]
[4483, 3.955, 3.709]
[4209, 3.709, 3.611]
[4205, 3.611, 3.875]
[4488, 3.875, 3.986]
[4302, 3.986, 3.863]
[4692, 3.863, 3.877]
[4609, 3.877, 3.878]
[4381, 3.878, 3.774]
[4314, 3.774, 3.692]
[4398, 3.692, 3.816]
[4188, 3.816, 3.804]
[4592, 3.804, 3.789]
[4263, 3.789, 3.599]
[4259, 3.599, 3.525]
[4262, 3.525, 3.758]
[4281, 3.758, 3.72]
[4281, 3.72, 3.686]
[4491, 3.686, 3.654]
[4188, 3.654, 3.596]
[4433, 3.596, 3.606]
[4358, 3.606, 3.686]
[4340, 3.686, 3.774]
[4287, 3.774, 3.748]
[4291, 3.748, 3.57]
[4428, 3.57, 3.483]
[4377, 3.483, 3.712]
[4539, 3.712, 3.64]
[4188, 3.64, 3.647]
[4308, 3.647, 3.522]
[4406, 3.522, 3.676]
[4188, 3.676, 3.778]
[4390, 3.778, 3.829]
[4510, 3.829, 3.644]
[4188, 3.644, 3.743]
[4228, 3.743, 3.8]
[4405, 3.8, 4.083]
[4548, 4.083, 3.806]
[4261, 3.806, 3.794]
[4188, 3.794, 4.12]
[4501, 4.12, 4.257]
[4409, 4.257, 4.05]
[4188, 4.05, 4.191]
[4413, 4.191, 4.297]
[4188, 4.297, 4.325]
[4219, 4.325, 4.231]
[4445, 4.231, 4.417]
[4338, 4.417, 4.285]
[4344, 4.285, 4.185]
[4265, 4.185, 4.349]
[4651, 4.349, 4.404]
[4352, 4.404, 4.476]
[4497, 4.476, 4.363]
[4225, 4.363, 4.451]
[4307, 4.451, 4.509]
[4366, 4.509, 4.553]
[4417, 4.553, 4.679]
[4660, 4.679, 4.561]
[4398, 4.561, 4.608]
[4318, 4.608, 4.615]
[4573, 4.615, 4.743]
[4456, 4.743, 4.733]
[4343, 4.733, 4.434]
[4269, 4.434, 4.423]
[4242, 4.423, 4.602]
[4383, 4.602, 4.413]
[4372, 4.413, 4.434]
[4280, 4.434, 4.514]
[4372, 4.514, 4.465]
[4384, 4.465, 4.234]
[4248, 4.234, 4.343]
[4431, 4.343, 4.571]
[4401, 4.571, 4.542]
[4281, 4.542, 4.541]
[4532, 4.541, 4.679]
[4523, 4.679, 4.622]
[4217, 4.622, 4.457]
[4373, 4.457, 4.505]
[4555, 4.505, 4.54]
[4521, 4.54, 4.093]
[4314, 4.093, 3.951]
[4188, 3.951, 4.058]
[4282, 4.058, 4.108]
[4323, 4.108, 4.072]
[4257, 4.072, 4.065]
[4188, 4.065, 4.145]
[4346, 4.145, 4.124]
[4272, 4.124, 4.035]
[4223, 4.035, 4.092]
[4372, 4.092, 4.095]
[4351, 4.095, 4.183]
[4188, 4.183, 4.239]
[4365, 4.239, 4.116]
[4188, 4.116, 4.052]
[4363, 4.052, 4.115]
[4379, 4.115, 3.93]
[4666, 3.93, 3.698]
[4298, 3.698, 3.71]
[4250, 3.71, 3.856]
[4306, 3.856, 3.786]
[4621, 3.786, 3.761]
[4606, 3.761, 3.754]
[4416, 3.754, 3.605]
[4305, 3.605, 3.557]
[4269, 3.557, 3.531]
[4188, 3.531, 3.992]
[4342, 3.992, 3.871]
[4275, 3.871, 3.856]
[4204, 3.856, 4.06]
[4371, 4.06, 4.213]
[4245, 4.213, 4.194]
[4509, 4.194, 4.296]
[4423, 4.296, 4.106]
[4555, 4.106, 4.095]
[4295, 4.095, 4.127]
[4365, 4.127, 4.116]
[4334, 4.116, 4.214]
[4226, 4.214, 4.285]
[4329, 4.285, 4.35]
[4326, 4.35, 4.152]
[4282, 4.152, 4.145]
[4323, 4.145, 4.138]
[4381, 4.138, 4.068]
[4303, 4.068, 4.196]
[4362, 4.196, 4.076]
[4460, 4.076, 4.268]
[4387, 4.268, 4.095]
[4315, 4.095, 3.884]
[4281, 3.884, 3.879]
[4521, 3.879, 3.966]
[4443, 3.966, 3.755]
[4252, 3.755, 3.727]
[4454, 3.727, 3.704]
[4394, 3.704, 3.776]
[4502, 3.776, 3.734]
[4537, 3.734, 3.552]
[4318, 3.552, 3.577]
[4347, 3.577, 3.514]
[4356, 3.514, 3.449]
[4478, 3.449, 3.634]
[4398, 3.634, 3.61]
[4472, 3.61, 3.556]
[4188, 3.556, 3.601]
[4503, 3.601, 3.784]
[4229, 3.784, 3.731]
[4464, 3.731, 3.833]
[4299, 3.833, 3.772]
[4325, 3.772, 3.711]
[4319, 3.711, 3.702]
[4313, 3.702, 3.724]
[4188, 3.724, 3.807]
[4355, 3.807, 3.68]
[4201, 3.68, 3.546]
[4242, 3.546, 3.667]
[4407, 3.667, 3.82]
[4354, 3.82, 3.735]
[4544, 3.735, 3.892]
[4253, 3.892, 3.839]
[4340, 3.839, 3.818]
[4271, 3.818, 3.881]
[4522, 3.881, 3.734]
[4447, 3.734, 3.593]
[4263, 3.593, 3.779]
[4543, 3.779, 4.013]
[4339, 4.013, 3.754]
[4244, 3.754, 3.667]
[4419, 3.667, 3.805]
[4258, 3.805, 3.939]
[4473, 3.939, 3.861]
[4331, 3.861, 3.688]
[4265, 3.688, 3.867]
[4390, 3.867, 3.84]
[4504, 3.84, 3.883]
[4393, 3.883, 3.91]
[4283, 3.91, 3.889]
[4337, 3.889, 4.023]
[4360, 4.023, 3.878]
[4392, 3.878, 3.666]
[4370, 3.666, 3.684]
[4237, 3.684, 3.85]
[4243, 3.85, 3.961]
[4334, 3.961, 3.86]
[4291, 3.86, 3.812]
[4191, 3.812, 3.887]
[4271, 3.887, 3.964]
[4228, 3.964, 3.848]
[4295, 3.848, 3.764]
[4311, 3.764, 3.748]
[4404, 3.748, 3.719]
[4249, 3.719, 3.803]
[4307, 3.803, 3.749]
[4258, 3.749, 3.791]
[4350, 3.791, 3.874]
[4242, 3.874, 3.942]
[4504, 3.942, 3.761]
[4188, 3.761, 3.794]
[4314, 3.794, 3.986]
[4322, 3.986, 3.988]
[4266, 3.988, 3.868]
[4289, 3.868, 3.951]
[4260, 3.951, 3.864]
[4548, 3.864, 3.789]
[4425, 3.789, 3.627]
[4324, 3.627, 3.744]
[4327, 3.744, 3.831]
[4303, 3.831, 3.791]
[4255, 3.791, 3.893]
[4417, 3.893, 3.771]
[4356, 3.771, 3.6]
[4261, 3.6, 3.704]
[4223, 3.704, 3.937]
[4580, 3.937, 3.897]
[4320, 3.897, 3.844]
[4484, 3.844, 3.966]
[4262, 3.966, 3.974]
[4188, 3.974, 3.919]
[4460, 3.919, 3.9]
[4274, 3.9, 3.913]
[4404, 3.913, 3.993]
[4445, 3.993, 3.885]
[4205, 3.885, 3.807]
[4260, 3.807, 3.821]
[4315, 3.821, 3.797]
[4188, 3.797, 3.859]
[4304, 3.859, 3.822]
[4295, 3.822, 3.894]
[4438, 3.894, 3.879]
[4311, 3.879, 3.889]
[4188, 3.889, 4.079]
[4428, 4.079, 4.271]
[4620, 4.271, 4.185]
[4203, 4.185, 4.116]
[4222, 4.116, 4.205]
[4255, 4.205, 4.296]
[4308, 4.296, 4.22]
[4501, 4.22, 4.109]
[4366, 4.109, 4.065]
[4188, 4.065, 4.203]
[4386, 4.203, 4.221]
[4188, 4.221, 4.271]
[4386, 4.271, 4.243]
[4253, 4.243, 4.088]
[4323, 4.088, 4.008]
[4188, 4.008, 4.29]
[4188, 4.29, 4.302]
[4417, 4.302, 4.19]
[4396, 4.19, 4.195]
[4342, 4.195, 4.221]
[4329, 4.221, 4.281]
[4686, 4.281, 4.207]
[4528, 4.207, 4.212]
[4213, 4.212, 4.064]
[4205, 4.064, 4.233]
[4351, 4.233, 4.308]
[4340, 4.308, 4.248]
[4615, 4.248, 4.408]
[4313, 4.408, 4.318]
[4356, 4.318, 4.434]
[4396, 4.434, 4.401]
[4289, 4.401, 4.481]
[4212, 4.481, 4.486]
[4389, 4.486, 4.463]
[4368, 4.463, 4.403]
[4456, 4.403, 4.237]
[4293, 4.237, 4.341]
[4498, 4.341, 4.263]
[4293, 4.263, 4.068]
[4188, 4.068, 4.229]
[4261, 4.229, 4.31]
[4421, 4.31, 4.288]
[4349, 4.288, 4.024]
[4426, 4.024, 3.971]
[4397, 3.971, 3.902]
[4188, 3.902, 3.806]
[4230, 3.806, 4.015]
[4392, 4.015, 3.901]
[4472, 3.901, 3.637]
[4441, 3.637, 3.667]
[4415, 3.667, 3.819]
[4403, 3.819, 3.853]
[4294, 3.853, 3.922]
[4399, 3.922, 3.739]
[4307, 3.739, 3.671]
[4637, 3.671, 3.913]
[4353, 3.913, 3.737]
[4294, 3.737, 3.574]
[4795, 3.574, 3.819]
[4440, 3.819, 3.688]
[4299, 3.688, 3.569]
[4429, 3.569, 3.811]
[4286, 3.811, 4.038]
[4188, 4.038, 4.057]
[4188, 4.057, 4.069]
[4384, 4.069, 3.925]
[4332, 3.925, 3.965]
[4381, 3.965, 4.136]
[4328, 4.136, 3.895]
[4310, 3.895, 3.712]
[4273, 3.712, 3.863]
[4221, 3.863, 3.972]
[4347, 3.972, 3.898]
[4283, 3.898, 3.793]
[4188, 3.793, 3.883]
[4394, 3.883, 3.881]
[4356, 3.881, 3.926]
[4545, 3.926, 3.734]
[4345, 3.734, 3.651]
[4358, 3.651, 3.66]
[4188, 3.66, 3.704]
[4399, 3.704, 3.597]
[4512, 3.597, 3.458]
[4267, 3.458, 3.497]
[4263, 3.497, 3.601]
[4219, 3.601, 3.611]
[4300, 3.611, 3.575]
[4385, 3.575, 3.594]
[4388, 3.594, 3.667]
[4363, 3.667, 3.693]
[4261, 3.693, 3.881]
[4202, 3.881, 3.853]
[4335, 3.853, 3.88]
[4442, 3.88, 3.902]
[4188, 3.902, 3.998]
[4241, 3.998, 4.087]
[4243, 4.087, 4.142]
[4271, 4.142, 4.118]
[4297, 4.118, 4.183]
[4213, 4.183, 4.148]
[4440, 4.148, 4.276]
[4625, 4.276, 3.955]
[4250, 3.955, 3.788]
[4237, 3.788, 3.97]
[4317, 3.97, 4.212]
[4485, 4.212, 4.037]
[4433, 4.037, 3.857]
[4325, 3.857, 3.953]
[4265, 3.953, 3.976]
[4231, 3.976, 3.94]
[4379, 3.94, 3.802]
[4275, 3.802, 3.733]
[4188, 3.733, 3.821]
[4224, 3.821, 4.095]
[4260, 4.095, 4.074]
[4409, 4.074, 4.086]
[4351, 4.086, 4.1]
[4238, 4.1, 4.18]
[4326, 4.18, 4.165]
[4425, 4.165, 4.305]
[4578, 4.305, 4.326]
[4394, 4.326, 4.332]
[4307, 4.332, 4.3]
[4203, 4.3, 4.308]
[4278, 4.308, 4.392]
[4370, 4.392, 4.382]
[4374, 4.382, 4.232]
[4514, 4.232, 4.284]
[4242, 4.284, 4.451]
[4188, 4.451, 4.454]
[4417, 4.454, 4.394]
[4277, 4.394, 4.553]
[4222, 4.553, 4.495]
[4521, 4.495, 4.404]
[4314, 4.404, 4.409]
[4486, 4.409, 4.599]
[4237, 4.599, 4.604]
[4212, 4.604, 4.724]
[4209, 4.724, 4.693]
[4371, 4.693, 4.574]
[4323, 4.574, 4.762]
[4391, 4.762, 4.775]
[4478, 4.775, 4.557]
[4188, 4.557, 4.676]
[4408, 4.676, 4.883]
[4305, 4.883, 4.813]
[4356, 4.813, 4.7]
[4188, 4.7, 4.887]
[4188, 4.887, 4.952]
[4336, 4.952, 4.868]
[4426, 4.868, 4.733]
[4365, 4.733, 4.529]
[4355, 4.529, 4.645]
[4328, 4.645, 4.716]
[4421, 4.716, 4.558]
[4339, 4.558, 4.602]
[4308, 4.602, 4.699]
[4338, 4.699, 4.646]
[4188, 4.646, 4.621]
[4365, 4.621, 4.639]
[4355, 4.639, 4.685]
[4400, 4.685, 4.571]
[4334, 4.571, 4.503]
[4228, 4.503, 4.724]
[4220, 4.724, 4.707]
[4457, 4.707, 4.544]
[4469, 4.544, 4.621]
[4249, 4.621, 4.72]
[4356, 4.72, 4.731]
[4247, 4.731, 4.744]
[4263, 4.744, 4.684]
[4188, 4.684, 4.686]
[4294, 4.686, 4.719]
[4246, 4.719, 4.705]
[4399, 4.705, 4.804]
[4257, 4.804, 4.944]
[4203, 4.944, 4.975]
[4280, 4.975, 5.002]
[4188, 5.002, 4.951]
[4264, 4.951, 4.887]
[4379, 4.887, 4.938]
[4495, 4.938, 4.796]
[4296, 4.796, 4.775]
[4276, 4.775, 4.863]
[4301, 4.863, 4.669]
[4354, 4.669, 4.67]
[4188, 4.67, 4.654]
[4561, 4.654, 4.799]
[4394, 4.799, 4.827]
[4498, 4.827, 4.631]
[4229, 4.631, 4.544]
[4271, 4.544, 4.51]
[4376, 4.51, 4.624]
[4613, 4.624, 4.74]
[4264, 4.74, 4.504]
[4188, 4.504, 4.527]
[4274, 4.527, 4.687]
[4305, 4.687, 4.63]
[4420, 4.63, 4.736]
[4289, 4.736, 4.813]
[4291, 4.813, 4.891]
[4246, 4.891, 4.861]
[4188, 4.861, 4.997]
[4321, 4.997, 4.981]
[4534, 4.981, 4.993]
[4480, 4.993, 4.996]
[4203, 4.996, 5.035]
[4266, 5.035, 4.933]
[4188, 4.933, 4.862]
[4188, 4.862, 4.98]
[4269, 4.98, 5.057]
[4338, 5.057, 5.041]
[4208, 5.041, 4.895]
[4332, 4.895, 5.004]
[4387, 5.004, 4.925]
[4212, 4.925, 4.731]
[4188, 4.731, 4.986]
[4554, 4.986, 4.985]
[4632, 4.985, 4.818]
[4220, 4.818, 4.656]
[4230, 4.656, 4.744]
[4474, 4.744, 4.653]
[4331, 4.653, 4.408]
[4195, 4.408, 4.468]
[4192, 4.468, 4.587]
[4373, 4.587, 4.567]
[4482, 4.567, 4.529]
[4245, 4.529, 4.514]
[4384, 4.514, 4.679]
[4365, 4.679, 4.584]
[4316, 4.584, 4.596]
[4648, 4.596, 4.946]
[4616, 4.946, 4.802]
[4306, 4.802, 4.673]
[4188, 4.673, 4.896]
[4481, 4.896, 4.689]
[4349, 4.689, 4.531]
[4188, 4.531, 4.691]
[4265, 4.691, 4.7]
[4312, 4.7, 4.681]
[4206, 4.681, 4.823]
[4453, 4.823, 4.943]
[4407, 4.943, 4.978]
[4188, 4.978, 4.894]
[4317, 4.894, 4.908]
[4398, 4.908, 4.92]
[4397, 4.92, 4.745]
[4227, 4.745, 4.722]
[4370, 4.722, 4.897]
[4406, 4.897, 4.801]
[4252, 4.801, 4.725]
[4188, 4.725, 4.79]
[4369, 4.79, 4.691]
[4204, 4.691, 4.629]
[4396, 4.629, 4.668]
[4434, 4.668, 4.568]
[4442, 4.568, 4.557]
[4410, 4.557, 4.692]
[4234, 4.692, 4.679]
[4414, 4.679, 4.621]
[4383, 4.621, 4.708]
[4244, 4.708, 4.76]
[4316, 4.76, 4.635]
[4341, 4.635, 4.592]
[4481, 4.592, 4.611]
[4476, 4.611, 4.524]
[4307, 4.524, 4.546]
[4461, 4.546, 4.67]
[4354, 4.67, 4.638]
[4279, 4.638, 4.529]
[4188, 4.529, 4.591]
[4189, 4.591, 4.579]
[4522, 4.579, 4.524]
[4279, 4.524, 4.457]
[4424, 4.457, 4.741]
[4297, 4.741, 4.628]
[4328, 4.628, 4.614]
[4334, 4.614, 4.575]
[4481, 4.575, 4.65]
[4460, 4.65, 4.472]
[4389, 4.472, 4.546]
[4254, 4.546, 4.584]
[4513, 4.584, 4.688]
[4291, 4.688, 4.797]
[4749, 4.797, 4.891]
[4316, 4.891, 4.717]
[4361, 4.717, 4.752]
[4213, 4.752, 4.759]
[4269, 4.759, 4.776]
[4188, 4.776, 4.876]
[4392, 4.876, 4.854]
[4192, 4.854, 4.765]
[4401, 4.765, 4.852]
[4472, 4.852, 4.657]
[4412, 4.657, 4.644]
[4475, 4.644, 4.657]
[4292, 4.657, 4.656]
[4379, 4.656, 4.702]
[4503, 4.702, 4.825]
[4222, 4.825, 4.734]
[4466, 4.734, 4.947]
[4403, 4.947, 4.733]
[4219, 4.733, 4.646]
[4370, 4.646, 4.851]
[4386, 4.851, 4.824]
[4471, 4.824, 4.602]
[4188, 4.602, 4.632]
[4335, 4.632, 4.866]
[4333, 4.866, 5.059]
[4325, 5.059, 4.796]
[4293, 4.796, 4.754]
[4438, 4.754, 5.099]
[4377, 5.099, 5.035]
[4333, 5.035, 4.76]
[4285, 4.76, 4.745]
[4241, 4.745, 4.815]
[4299, 4.815, 4.887]
[4198, 4.887, 4.793]
[4508, 4.793, 4.795]
[4188, 4.795, 4.866]
[4262, 4.866, 4.732]
[4276, 4.732, 4.646]
[4352, 4.646, 4.672]
[4222, 4.672, 4.661]
[4368, 4.661, 4.663]
[4406, 4.663, 4.685]
[4512, 4.685, 4.705]
[4472, 4.705, 4.812]
[4369, 4.812, 4.677]
[4337, 4.677, 4.565]
[4188, 4.565, 4.72]
[4364, 4.72, 4.598]
[4188, 4.598, 4.508]
[4540, 4.508, 4.579]
[4301, 4.579, 4.441]
[4426, 4.441, 4.444]
[4224, 4.444, 4.497]
[4363, 4.497, 4.578]
[4342, 4.578, 4.458]
[4320, 4.458, 4.372]
[4504, 4.372, 4.606]
[4188, 4.606, 4.532]
[4465, 4.532, 4.424]
[4306, 4.424, 4.545]
[4460, 4.545, 4.6]
[4431, 4.6, 4.443]
[4555, 4.443, 4.318]
[4553, 4.318, 4.545]
[4257, 4.545, 4.617]
[4532, 4.617, 4.375]
[4188, 4.375, 4.386]
[4381, 4.386, 4.499]
[4610, 4.499, 4.518]
[4188, 4.518, 4.448]
[4442, 4.448, 4.793]
[4208, 4.793, 4.87]
[4533, 4.87, 4.747]
[4254, 4.747, 4.614]
[4188, 4.614, 4.77]
[4225, 4.77, 4.952]
[4346, 4.952, 4.807]
[4275, 4.807, 4.818]
[4188, 4.818, 4.824]
[4188, 4.824, 4.959]
[4476, 4.959, 5.143]
[4326, 5.143, 5.053]
[4281, 5.053, 4.856]
[4385, 4.856, 4.854]
[4309, 4.854, 4.819]
[4260, 4.819, 4.876]
[4276, 4.876, 4.948]
[4469, 4.948, 4.979]
[4389, 4.979, 4.913]
[4388, 4.913, 5.023]
[4448, 5.023, 5.054]
[4189, 5.054, 4.916]
[4405, 4.916, 5.039]
[4445, 5.039, 5.251]
[4267, 5.251, 5.165]
[4254, 5.165, 5.258]
[4501, 5.258, 5.166]
[4241, 5.166, 5.168]
[4251, 5.168, 5.144]
[4272, 5.144, 5.153]
[4526, 5.153, 5.163]
[4333, 5.163, 4.968]
[4384, 4.968, 4.959]
[4233, 4.959, 5.26]
[4302, 5.26, 5.313]
[4353, 5.313, 5.273]
[4263, 5.273, 5.172]
[4387, 5.172, 5.323]
[4302, 5.323, 5.299]
[4217, 5.299, 5.333]
[4288, 5.333, 5.2]
[4273, 5.2, 5.119]
[4194, 5.119, 5.124]
[4227, 5.124, 5.178]
[4442, 5.178, 5.101]
[4267, 5.101, 5.177]
[4240, 5.177, 5.089]
[4208, 5.089, 5.118]
[4412, 5.118, 4.907]
[4266, 4.907, 4.829]
[4259, 4.829, 4.955]
[4310, 4.955, 4.904]
[4492, 4.904, 5.055]
[4451, 5.055, 4.908]
[4498, 4.908, 4.788]
[4325, 4.788, 4.914]
[4219, 4.914, 4.877]
[4259, 4.877, 4.796]
[4407, 4.796, 4.797]
[4412, 4.797, 4.662]
[4188, 4.662, 4.506]
[4213, 4.506, 4.518]
[4509, 4.518, 4.706]
[4355, 4.706, 4.557]
[4188, 4.557, 4.604]
[4390, 4.604, 4.72]
[4444, 4.72, 4.737]
[4508, 4.737, 4.682]
[4272, 4.682, 4.713]
[4355, 4.713, 4.866]
[4454, 4.866, 4.963]
[4280, 4.963, 4.913]
[4394, 4.913, 4.756]
[4427, 4.756, 4.701]
[4188, 4.701, 4.821]
[4301, 4.821, 4.782]
[4188, 4.782, 4.786]
[4224, 4.786, 4.75]
[4309, 4.75, 4.875]
[4199, 4.875, 4.867]
[4188, 4.867, 4.771]
[4329, 4.771, 4.788]
[4406, 4.788, 4.908]
[4418, 4.908, 4.827]
[4188, 4.827, 4.868]
[4237, 4.868, 4.884]
[4422, 4.884, 4.851]
[4466, 4.851, 4.866]
[4226, 4.866, 4.917]
[4439, 4.917, 5.057]
[4269, 5.057, 5.032]
[4264, 5.032, 4.986]
[4369, 4.986, 5.163]
[4388, 5.163, 4.913]
[4330, 4.913, 4.903]
[4432, 4.903, 4.807]
[4474, 4.807, 4.783]
[4478, 4.783, 4.63]
[4291, 4.63, 4.544]
[4208, 4.544, 4.693]
[4188, 4.693, 4.932]
[4330, 4.932, 4.636]
[4211, 4.636, 4.666]
[4325, 4.666, 4.706]
[4188, 4.706, 4.803]
[4321, 4.803, 4.605]
[4297, 4.605, 4.688]
[4324, 4.688, 4.905]
[4411, 4.905, 5.019]
[4433, 5.019, 4.798]
[4333, 4.798, 4.647]
[4410, 4.647, 4.707]
[4340, 4.707, 4.744]
[4634, 4.744, 4.698]
[4243, 4.698, 4.534]
[4446, 4.534, 4.832]
[4312, 4.832, 4.9]
[4284, 4.9, 4.763]
[4394, 4.763, 4.913]
[4688, 4.913, 4.798]
[4324, 4.798, 4.618]
[4244, 4.618, 4.682]
[4326, 4.682, 4.759]
[4521, 4.759, 4.803]
[4188, 4.803, 4.775]
[4297, 4.775, 4.92]
[4377, 4.92, 5.124]
[4327, 5.124, 4.98]
[4360, 4.98, 5.179]
[4370, 5.179, 5.264]
[4429, 5.264, 5.202]
[4343, 5.202, 5.026]
[4286, 5.026, 5.211]
[4309, 5.211, 5.173]
[4243, 5.173, 5.08]
[4406, 5.08, 5.065]
[4300, 5.065, 5.344]
[4342, 5.344, 5.329]
[4262, 5.329, 5.422]
[4467, 5.422, 5.598]
[4246, 5.598, 5.548]
[4226, 5.548, 5.647]
[4298, 5.647, 5.727]
[4268, 5.727, 5.725]
[4267, 5.725, 5.919]
[4327, 5.919, 5.843]
[4271, 5.843, 5.871]
[4243, 5.871, 5.942]
[4290, 5.942, 5.812]
[4407, 5.812, 5.848]
[4482, 5.848, 5.868]
[4402, 5.868, 5.67]
[4257, 5.67, 5.52]
[4415, 5.52, 5.677]
[4406, 5.677, 5.751]
[4338, 5.751, 5.622]
[4188, 5.622, 5.513]
[4343, 5.513, 5.495]
[4252, 5.495, 5.805]
[4306, 5.805, 5.993]
[4280, 5.993, 5.767]
[4319, 5.767, 5.978]
[4240, 5.978, 5.873]
[4188, 5.873, 6.007]
[4224, 6.007, 5.975]
[4504, 5.975, 5.852]
[4352, 5.852, 5.7]
[4299, 5.7, 5.74]
[4512, 5.74, 5.891]
[4495, 5.891, 5.841]
[4264, 5.841, 5.666]
[4255, 5.666, 5.715]
[4347, 5.715, 5.738]
[4450, 5.738, 5.559]
[4390, 5.559, 5.621]
[4322, 5.621, 5.755]
[4361, 5.755, 5.802]
[4417, 5.802, 5.906]
[4500, 5.906, 5.838]
[4212, 5.838, 5.68]
[4190, 5.68, 5.743]
[4325, 5.743, 5.758]
[4232, 5.758, 5.741]
[4239, 5.741, 5.713]
[4188, 5.713, 5.896]
[4338, 5.896, 5.932]
[4222, 5.932, 5.789]
[4237, 5.789, 5.852]
[4363, 5.852, 6.027]
[4385, 6.027, 6.033]
[4203, 6.033, 5.998]
[4321, 5.998, 6.257]
[4204, 6.257, 6.315]
[4338, 6.315, 6.207]
[4489, 6.207, 6.331]
[4245, 6.331, 6.218]
[4432, 6.218, 6.1]
[4188, 6.1, 6.252]
[4361, 6.252, 6.349]
[4341, 6.349, 6.389]
[4402, 6.389, 6.403]
[4622, 6.403, 6.395]
[4469, 6.395, 6.298]
[4356, 6.298, 6.122]
[4574, 6.122, 6.192]
[4284, 6.192, 6.193]
[4230, 6.193, 6.115]
[4346, 6.115, 6.208]
[4353, 6.208, 6.178]
[4301, 6.178, 6.301]
[4401, 6.301, 6.25]
[4371, 6.25, 6.191]
[4296, 6.191, 6.171]
[4417, 6.171, 6.07]
[4370, 6.07, 6.125]
[4287, 6.125, 6.077]
[4385, 6.077, 6.252]
[4332, 6.252, 6.382]
[4374, 6.382, 6.294]
[4208, 6.294, 6.195]
[4188, 6.195, 6.329]
[4318, 6.329, 6.381]
[4331, 6.381, 6.345]
[4236, 6.345, 6.221]
[4503, 6.221, 6.172]
[4714, 6.172, 6.065]
[4244, 6.065, 6.148]
[4332, 6.148, 6.276]
[4203, 6.276, 6.35]
