[90480, 100.0, 19.657]
[18792, 19.657, 9.697]
[8439, 9.697, 5.742]
[4959, 5.742, 4.38]
[4393, 4.38, 4.695]
[4406, 4.695, 4.52]
[4315, 4.52, 4.208]
[4237, 4.208, 4.295]
[4343, 4.295, 4.607]
[4417, 4.607, 4.516]
[4396, 4.516, 4.238]
[4401, 4.238, 4.193]
[4302, 4.193, 4.21]
[4626, 4.21, 4.138]
[4398, 4.138, 3.958]
[4188, 3.958, 4.055]
[4280, 4.055, 4.135]
[4334, 4.135, 4.144]
[4478, 4.144, 4.21]
[4564, 4.21, 4.042]
[4408, 4.042, 3.942]
[4362, 3.942, 4.006]
[4188, 4.006, 4.131]
[4436, 4.131, 4.078]
[4371, 4.078, 3.959]
[4573, 3.959, 3.883]
[4402, 3.883, 3.935]
[4211, 3.935, 3.95]
[4420, 3.95, 3.898]
[4316, 3.898, 3.854]
[4491, 3.854, 3.815]
[4366, 3.815, 3.876]
[4297, 3.876, 3.975]
[4431, 3.975, 3.947]
[4188, 3.947, 4.03]
[4450, 4.03, 4.141]
[4223, 4.141, 4.098]
[4223, 4.098, 4.037]
[4241, 4.037, 3.99]
[4326, 3.99, 4.113]
[4435, 4.113, 3.907]
[4299, 3.907, 4.019]
[4567, 4.019, 4.078]
[4431, 4.078, 4.068]
[4363, 4.068, 3.966]
[4319, 3.966, 4.082]
[4432, 4.082, 4.259]
[4527, 4.259, 4.204]
[4454, 4.204, 4.162]
[4193, 4.162, 4.165]
[4220, 4.165, 4.184]
[4574, 4.184, 4.064]
[4333, 4.064, 3.889]
[4323, 3.889, 3.789]
[4367, 3.789, 3.886]
[4249, 3.886, 3.98]
[4384, 3.98, 4.029]
[4499, 4.029, 3.953]
[4270, 3.953, 3.898]
[4309, 3.898, 3.881]
[4453, 3.881, 3.863]
[4313, 3.863, 3.938]
[4435, 3.938, 3.994]
[4229, 3.994, 4.083]
[4188, 4.083, 4.188]
[4188, 4.188, 4.365]
[4446, 4.365, 4.511]
[4267, 4.511, 4.541]
[4244, 4.541, 4.782]
[4535, 4.782, 4.786]
[4471, 4.786, 4.723]
[4253, 4.723, 4.54]
[4188, 4.54, 4.578]
[4441, 4.578, 4.629]
[4672, 4.629, 4.541]
[4424, 4.541, 4.309]
[4414, 4.309, 4.32]
[4192, 4.32, 4.412]
[4352, 4.412, 4.293]
[4257, 4.293, 4.175]
[4296, 4.175, 4.262]
[4300, 4.262, 4.344]
[4447, 4.344, 4.327]
[4221, 4.327, 4.256]
[4341, 4.256, 4.233]
[4574, 4.233, 4.358]
[4289, 4.358, 4.239]
[4214, 4.239, 4.397]
[4459, 4.397, 4.634]
[4217, 4.634, 4.564]
[4382, 4.564, 4.441]
[4188, 4.441, 4.391]
[4271, 4.391, 4.571]
[4302, 4.571, 4.518]
[4414, 4.518, 4.765]
[4301, 4.765, 4.753]
[4188, 4.753, 4.956]
[4406, 4.956, 4.822]
[4306, 4.822, 4.793]
[4456, 4.793, 4.93]
[4484, 4.93, 4.763]
[4188, 4.763, 4.63]
[4331, 4.63, 4.675]
[4344, 4.675, 4.699]
[4274, 4.699, 4.585]
[4274, 4.585, 4.406]
[4341, 4.406, 4.328]
[4346, 4.328, 4.23]
[4188, 4.23, 4.403]
[4188, 4.403, 4.438]
[4188, 4.438, 4.531]
[4287, 4.531, 4.648]
[4284, 4.648, 4.679]
[4267, 4.679, 4.538]
[4274, 4.538, 4.604]
[4430, 4.604, 4.625]
[4312, 4.625, 4.582]
[4450, 4.582, 4.712]
[4296, 4.712, 4.639]
[4285, 4.639, 4.556]
[4291, 4.556, 4.628]
[4279, 4.628, 4.587]
[4392, 4.587, 4.503]
[4520, 4.503, 4.462]
[4524, 4.462, 4.449]
[4427, 4.449, 4.016]
[4201, 4.016, 3.976]
[4354, 3.976, 3.89]
[4427, 3.89, 3.807]
[4312, 3.807, 3.664]
[4323, 3.664, 3.706]
[4408, 3.706, 3.826]
[4228, 3.826, 3.704]
[4367, 3.704, 3.547]
[4266, 3.547, 3.456]
[4281, 3.456, 3.547]
[4574, 3.547, 3.553]
[4257, 3.553, 3.468]
[4263, 3.468, 3.524]
[4576, 3.524, 3.49]
[4270, 3.49, 3.42]
[4284, 3.42, 3.418]
[4372, 3.418, 3.603]
[4511, 3.603, 3.629]
[4373, 3.629, 3.54]
[4225, 3.54, 3.463]
[4366, 3.463, 3.459]
[4468, 3.459, 3.525]
[4336, 3.525, 3.418]
[4188, 3.418, 3.436]
[4318, 3.436, 3.524]
[4229, 3.524, 3.636]
[4293, 3.636, 3.49]
[4413, 3.49, 3.447]
[4188, 3.447, 3.669]
[4399, 3.669, 3.689]
[4385, 3.689, 3.62]
[4450, 3.62, 3.543]
[4241, 3.543, 3.623]
[4228, 3.623, 3.708]
[4361, 3.708, 3.637]
[4394, 3.637, 3.6]
[4563, 3.6, 3.676]
[4280, 3.676, 3.745]
[4280, 3.745, 3.753]
[4410, 3.753, 3.822]
[4381, 3.822, 3.827]
[4390, 3.827, 3.875]
[4262, 3.875, 3.786]
[4188, 3.786, 3.846]
[4399, 3.846, 3.896]
[4317, 3.896, 3.734]
[4188, 3.734, 3.936]
[4226, 3.936, 4.231]
[4606, 4.231, 3.812]
[4195, 3.812, 3.609]
[4350, 3.609, 3.905]
[4355, 3.905, 3.971]
[4350, 3.971, 3.743]
[4239, 3.743, 3.963]
[4571, 3.963, 4.095]
[4368, 4.095, 4.015]
[4261, 4.015, 3.97]
[4188, 3.97, 4.25]
[4507, 4.25, 4.113]
[4378, 4.113, 3.795]
[4320, 3.795, 3.661]
[4431, 3.661, 3.721]
[4338, 3.721, 3.649]
[4194, 3.649, 3.582]
[4265, 3.582, 3.55]
[4212, 3.55, 3.708]
[4434, 3.708, 3.633]
[4371, 3.633, 3.701]
[4242, 3.701, 3.693]
[4525, 3.693, 3.557]
[4426, 3.557, 3.643]
[4383, 3.643, 3.59]
[4402, 3.59, 3.559]
[4388, 3.559, 3.596]
[4328, 3.596, 3.498]
[4188, 3.498, 3.593]
[4375, 3.593, 3.575]
[4538, 3.575, 3.729]
[4482, 3.729, 3.657]
[4243, 3.657, 3.717]
[4290, 3.717, 3.811]
[4188, 3.811, 3.908]
[4529, 3.908, 3.932]
[4452, 3.932, 3.929]
[4188, 3.929, 4.084]
[4222, 4.084, 4.185]
[4298, 4.185, 4.32]
[4252, 4.32, 4.215]
[4400, 4.215, 4.1]
[4418, 4.1, 4.006]
[4247, 4.006, 3.96]
[4188, 3.96, 4.099]
[4420, 4.099, 4.246]
[4408, 4.246, 4.103]
[4228, 4.103, 4.075]
[4415, 4.075, 4.297]
[4211, 4.297, 4.38]
[4240, 4.38, 4.306]
[4188, 4.306, 4.332]
[4495, 4.332, 4.459]
[4479, 4.459, 4.292]
[4323, 4.292, 4.09]
[4306, 4.09, 4.116]
[4283, 4.116, 4.207]
[4302, 4.207, 4.024]
[4345, 4.024, 3.926]
[4188, 3.926, 4.077]
[4243, 4.077, 4.053]
[4362, 4.053, 4.005]
[4349, 4.005, 4.1]
[4217, 4.1, 4.158]
[4302, 4.158, 4.077]
[4434, 4.077, 4.148]
[4343, 4.148, 4.2]
[4194, 4.2, 4.127]
[4382, 4.127, 4.05]
[4263, 4.05, 4.024]
[4248, 4.024, 3.963]
[4337, 3.963, 4.083]
[4282, 4.083, 4.121]
[4288, 4.121, 4.038]
[4311, 4.038, 4.08]
[4305, 4.08, 4.309]
[4479, 4.309, 4.147]
[4310, 4.147, 3.896]
[4320, 3.896, 3.815]
[4223, 3.815, 3.962]
[4520, 3.962, 4.049]
[4471, 4.049, 3.961]
[4249, 3.961, 4.112]
[4402, 4.112, 4.156]
[4199, 4.156, 4.185]
[4371, 4.185, 4.046]
[4210, 4.046, 4.145]
[4188, 4.145, 4.204]
[4366, 4.204, 4.372]
[4229, 4.372, 4.269]
[4409, 4.269, 4.257]
[4188, 4.257, 4.453]
[4342, 4.453, 4.525]
[4227, 4.525, 4.454]
[4191, 4.454, 4.57]
[4415, 4.57, 4.6]
[4329, 4.6, 4.444]
[4624, 4.444, 4.457]
[4228, 4.457, 4.444]
[4421, 4.444, 4.406]
[4245, 4.406, 4.308]
[4209, 4.308, 4.346]
[4270, 4.346, 4.304]
[4327, 4.304, 4.309]
[4260, 4.309, 4.411]
[4284, 4.411, 4.459]
[4487, 4.459, 4.482]
[4243, 4.482, 4.63]
[4320, 4.63, 4.657]
[4243, 4.657, 4.683]
[4331, 4.683, 4.729]
[4486, 4.729, 4.707]
[4250, 4.707, 4.662]
[4380, 4.662, 4.618]
[4332, 4.618, 4.676]
[4318, 4.676, 4.639]
[4466, 4.639, 4.763]
[4426, 4.763, 4.804]
[4290, 4.804, 4.821]
[4402, 4.821, 4.846]
[4200, 4.846, 4.784]
[4309, 4.784, 4.925]
[4188, 4.925, 4.973]
[4240, 4.973, 4.878]
[4366, 4.878, 4.778]
[4354, 4.778, 4.902]
[4188, 4.902, 4.834]
[4480, 4.834, 4.831]
[4194, 4.831, 4.712]
[4188, 4.712, 4.778]
[4312, 4.778, 5.149]
[4312, 5.149, 5.232]
[4448, 5.232, 4.95]
[4316, 4.95, 4.681]
[4436, 4.681, 4.894]
[4258, 4.894, 4.994]
[4388, 4.994, 4.797]
[4324, 4.797, 4.776]
[4335, 4.776, 4.76]
[4327, 4.76, 4.876]
[4326, 4.876, 4.777]
[4341, 4.777, 4.889]
[4312, 4.889, 5.025]
[4636, 5.025, 4.947]
[4340, 4.947, 4.898]
[4388, 4.898, 4.786]
[4188, 4.786, 5.083]
[4461, 5.083, 5.308]
[4222, 5.308, 5.079]
[4215, 5.079, 4.938]
[4269, 4.938, 5.08]
[4384, 5.08, 5.251]
[4558, 5.251, 5.077]
[4188, 5.077, 5.034]
[4204, 5.034, 5.2]
[4394, 5.2, 5.079]
[4392, 5.079, 4.825]
[4456, 4.825, 4.533]
[4195, 4.533, 4.896]
[4220, 4.896, 5.053]
[4405, 5.053, 4.925]
[4188, 4.925, 4.985]
[4188, 4.985, 5.348]
[4311, 5.348, 5.215]
[4431, 5.215, 5.012]
[4188, 5.012, 4.979]
[4188, 4.979, 5.126]
[4350, 5.126, 5.177]
[4542, 5.177, 5.216]
[4465, 5.216, 5.06]
[4334, 5.06, 5.067]
[4336, 5.067, 5.161]
[4261, 5.161, 5.102]
[4387, 5.102, 5.077]
[4298, 5.077, 4.979]
[4242, 4.979, 5.083]
[4188, 5.083, 5.057]
[4367, 5.057, 5.002]
[4426, 5.002, 5.077]
[4306, 5.077, 5.024]
[4395, 5.024, 4.964]
[4501, 4.964, 4.896]
[4212, 4.896, 4.989]
[4188, 4.989, 5.014]
[4269, 5.014, 5.147]
[4576, 5.147, 5.233]
[4218, 5.233, 5.206]
[4295, 5.206, 5.151]
[4335, 5.151, 5.18]
[4310, 5.18, 5.203]
[4575, 5.203, 5.04]
[4220, 5.04, 4.932]
[4336, 4.932, 5.252]
[4430, 5.252, 5.171]
[4401, 5.171, 4.961]
[4246, 4.961, 4.952]
[4301, 4.952, 5.093]
[4575, 5.093, 5.019]
[4287, 5.019, 4.941]
[4188, 4.941, 4.905]
[4386, 4.905, 5.213]
[4188, 5.213, 5.227]
[4343, 5.227, 5.077]
[4290, 5.077, 5.043]
[4536, 5.043, 5.261]
[4516, 5.261, 5.27]
[4281, 5.27, 5.16]
[4196, 5.16, 5.141]
[4466, 5.141, 4.995]
[4506, 4.995, 5.077]
[4218, 5.077, 4.831]
[4188, 4.831, 4.711]
[4231, 4.711, 4.914]
[4257, 4.914, 5.042]
[4373, 5.042, 4.848]
[4197, 4.848, 4.715]
[4333, 4.715, 4.869]
[4384, 4.869, 4.807]
[4574, 4.807, 4.609]
[4188, 4.609, 4.525]
[4196, 4.525, 4.654]
[4330, 4.654, 4.55]
[4229, 4.55, 4.486]
[4261, 4.486, 4.498]
[4188, 4.498, 4.497]
[4449, 4.497, 4.57]
[4262, 4.57, 4.578]
[4423, 4.578, 4.446]
[4332, 4.446, 4.461]
[4346, 4.461, 4.563]
[4387, 4.563, 4.461]
[4298, 4.461, 4.356]
[4367, 4.356, 4.531]
[4496, 4.531, 4.324]
[4340, 4.324, 4.354]
[4377, 4.354, 4.583]
[4451, 4.583, 4.463]
[4471, 4.463, 4.201]
[4264, 4.201, 4.174]
[4256, 4.174, 4.266]
[4375, 4.266, 4.234]
[4270, 4.234, 4.424]
[4199, 4.424, 4.37]
[4266, 4.37, 4.361]
[4200, 4.361, 4.503]
[4328, 4.503, 4.559]
[4324, 4.559, 4.546]
[4308, 4.546, 4.671]
[4383, 4.671, 4.555]
[4392, 4.555, 4.527]
[4188, 4.527, 4.602]
[4516, 4.602, 4.528]
[4264, 4.528, 4.617]
[4300, 4.617, 4.641]
[4258, 4.641, 4.683]
[4349, 4.683, 4.552]
[4275, 4.552, 4.518]
[4240, 4.518, 4.588]
[4483, 4.588, 4.514]
[4508, 4.514, 4.625]
[4483, 4.625, 4.595]
[4395, 4.595, 4.511]
[4334, 4.511, 4.454]
[4251, 4.454, 4.543]
[4283, 4.543, 4.752]
[4245, 4.752, 4.817]
[4334, 4.817, 4.677]
[4242, 4.677, 4.644]
[4358, 4.644, 4.539]
[4387, 4.539, 4.616]
[4263, 4.616, 4.558]
[4362, 4.558, 4.599]
[4355, 4.599, 4.52]
[4338, 4.52, 4.678]
[4247, 4.678, 4.589]
[4296, 4.589, 4.517]
[4319, 4.517, 4.661]
[4552, 4.661, 4.621]
[4440, 4.621, 4.718]
[4385, 4.718, 4.758]
[4287, 4.758, 4.79]
[4443, 4.79, 4.681]
[4581, 4.681, 4.422]
[4319, 4.422, 4.256]
[4404, 4.256, 4.528]
[4522, 4.528, 4.621]
[4357, 4.621, 4.546]
[4376, 4.546, 4.383]
[4360, 4.383, 4.474]
[4341, 4.474, 4.349]
[4338, 4.349, 4.325]
[4598, 4.325, 4.159]
[4329, 4.159, 3.936]
[4188, 3.936, 3.968]
[4446, 3.968, 4.026]
[4306, 4.026, 4.157]
[4649, 4.157, 4.168]
[4207, 4.168, 4.228]
[4333, 4.228, 4.386]
[4396, 4.386, 4.444]
[4502, 4.444, 4.386]
[4263, 4.386, 4.466]
[4404, 4.466, 4.407]
[4379, 4.407, 4.224]
[4434, 4.224, 4.318]
[4642, 4.318, 4.177]
[4779, 4.177, 3.925]
[4218, 3.925, 3.765]
[4188, 3.765, 3.955]
[4394, 3.955, 4.039]
[4188, 4.039, 3.93]
[4405, 3.93, 3.829]
[4273, 3.829, 4.016]
[4374, 4.016, 4.036]
[4501, 4.036, 4.031]
[4223, 4.031, 3.926]
[4188, 3.926, 4.106]
[4252, 4.106, 4.373]
[4218, 4.373, 4.339]
[4243, 4.339, 4.206]
[4300, 4.206, 4.274]
[4341, 4.274, 4.201]
[4440, 4.201, 3.997]
[4245, 3.997, 4.073]
[4382, 4.073, 4.241]
[4247, 4.241, 4.225]
[4252, 4.225, 4.097]
[4268, 4.097, 4.16]
[4353, 4.16, 3.989]
[4501, 3.989, 3.897]
[4188, 3.897, 4.144]
[4555, 4.144, 4.12]
[4340, 4.12, 3.983]
[4478, 3.983, 3.826]
[4400, 3.826, 3.68]
[4345, 3.68, 3.721]
[4453, 3.721, 3.724]
[4188, 3.724, 3.81]
[4416, 3.81, 3.736]
[4618, 3.736, 3.841]
[4464, 3.841, 3.931]
[4329, 3.931, 3.923]
[4252, 3.923, 3.913]
[4340, 3.913, 3.958]
[4303, 3.958, 4.038]
[4595, 4.038, 3.806]
[4188, 3.806, 4.084]
[4319, 4.084, 4.144]
[4188, 4.144, 4.157]
[4434, 4.157, 4.081]
[4419, 4.081, 4.144]
[4425, 4.144, 4.097]
[4244, 4.097, 4.262]
[4399, 4.262, 4.307]
[4291, 4.307, 4.253]
[4188, 4.253, 4.399]
[4424, 4.399, 4.376]
[4303, 4.376, 4.225]
[4355, 4.225, 4.326]
[4293, 4.326, 4.221]
[4443, 4.221, 4.1]
[4236, 4.1, 4.127]
[4273, 4.127, 4.213]
[4346, 4.213, 4.131]
[4429, 4.131, 4.007]
[4259, 4.007, 4.039]
[4324, 4.039, 3.939]
[4352, 3.939, 3.904]
[4272, 3.904, 4.021]
[4275, 4.021, 4.155]
[4242, 4.155, 4.079]
[4420, 4.079, 4.214]
[4188, 4.214, 4.302]
[4348, 4.302, 4.312]
[4188, 4.312, 4.432]
[4370, 4.432, 4.284]
[4507, 4.284, 4.13]
[4188, 4.13, 4.164]
[4384, 4.164, 4.328]
[4243, 4.328, 4.267]
[4188, 4.267, 4.251]
[4292, 4.251, 4.303]
[4368, 4.303, 4.445]
[4570, 4.445, 4.384]
[4188, 4.384, 4.299]
[4253, 4.299, 4.408]
[4243, 4.408, 4.344]
[4333, 4.344, 4.221]
[4306, 4.221, 4.147]
[4222, 4.147, 4.213]
[4686, 4.213, 4.068]
[4383, 4.068, 3.922]
[4333, 3.922, 3.984]
[4188, 3.984, 4.016]
[4240, 4.016, 3.908]
[4325, 3.908, 3.891]
[4233, 3.891, 4.005]
[4245, 4.005, 4.017]
[4293, 4.017, 3.963]
[4188, 3.963, 4.088]
[4188, 4.088, 4.282]
[4262, 4.282, 4.432]
[4204, 4.432, 4.35]
[4231, 4.35, 4.352]
[4209, 4.352, 4.39]
[4430, 4.39, 4.318]
[4188, 4.318, 4.264]
[4246, 4.264, 4.394]
[4332, 4.394, 4.275]
[4526, 4.275, 3.943]
[4614, 3.943, 3.964]
[4375, 3.964, 3.947]
[4291, 3.947, 3.862]
[4287, 3.862, 3.97]
[4386, 3.97, 3.897]
[4207, 3.897, 3.859]
[4321, 3.859, 3.788]
[4430, 3.788, 3.789]
[4467, 3.789, 3.815]
[4359, 3.815, 3.73]
[4356, 3.73, 3.719]
[4368, 3.719, 3.735]
[4505, 3.735, 3.778]
[4188, 3.778, 3.722]
[4427, 3.722, 3.939]
[4299, 3.939, 3.928]
[4188, 3.928, 3.84]
[4389, 3.84, 3.785]
[4551, 3.785, 3.779]
[4200, 3.779, 3.739]
[4188, 3.739, 3.814]
[4233, 3.814, 3.904]
[4403, 3.904, 3.959]
[4188, 3.959, 4.001]
[4296, 4.001, 3.96]
[4188, 3.96, 4.003]
[4356, 4.003, 3.92]
[4208, 3.92, 4.015]
[4396, 4.015, 4.243]
[4457, 4.243, 4.285]
[4348, 4.285, 4.175]
[4260, 4.175, 4.239]
[4223, 4.239, 4.284]
[4375, 4.284, 4.169]
[4258, 4.169, 4.214]
[4200, 4.214, 4.311]
[4540, 4.311, 4.197]
[4239, 4.197, 4.237]
[4385, 4.237, 4.004]
[4402, 4.004, 3.986]
[4258, 3.986, 4.245]
[4188, 4.245, 4.361]
[4496, 4.361, 4.606]
[4402, 4.606, 4.433]
[4248, 4.433, 4.536]
[4437, 4.536, 4.555]
[4541, 4.555, 4.279]
[4294, 4.279, 4.302]
[4230, 4.302, 4.492]
[4491, 4.492, 4.474]
[4268, 4.474, 4.173]
[4270, 4.173, 4.2]
[4271, 4.2, 4.367]
[4361, 4.367, 4.217]
[4515, 4.217, 4.221]
[4283, 4.221, 4.509]
[4470, 4.509, 4.529]
[4339, 4.529, 4.417]
[4188, 4.417, 4.409]
[4959, 4.409, 4.598]
[4530, 4.598, 4.24]
[4447, 4.24, 4.104]
[4307, 4.104, 4.255]
[4308, 4.255, 4.277]
[4361, 4.277, 4.137]
[4291, 4.137, 4.259]
[4299, 4.259, 4.073]
[4195, 4.073, 3.998]
[4346, 3.998, 4.158]
[4188, 4.158, 4.169]
[4375, 4.169, 4.03]
[4331, 4.03, 4.011]
[4392, 4.011, 4.153]
[4188, 4.153, 4.221]
[4448, 4.221, 4.231]
[4411, 4.231, 4.012]
[4308, 4.012, 4.191]
[4355, 4.191, 4.182]
[4188, 4.182, 4.091]
[4443, 4.091, 4.24]
[4535, 4.24, 4.324]
[4406, 4.324, 4.136]
[4522, 4.136, 4.048]
[4484, 4.048, 3.927]
[4275, 3.927, 3.922]
[4257, 3.922, 4.074]
[4376, 4.074, 4.035]
[4188, 4.035, 4.075]
[4437, 4.075, 4.185]
[4503, 4.185, 3.977]
[4386, 3.977, 3.964]
[4188, 3.964, 3.993]
[4241, 3.993, 4.083]
[4535, 4.083, 4.176]
[4214, 4.176, 4.168]
[4272, 4.168, 4.196]
[4246, 4.196, 4.5]
[4493, 4.5, 4.398]
[4494, 4.398, 4.458]
[4521, 4.458, 4.477]
[4308, 4.477, 4.437]
[4447, 4.437, 4.491]
[4188, 4.491, 4.326]
[4188, 4.326, 4.401]
[4547, 4.401, 4.469]
[4244, 4.469, 4.277]
[4310, 4.277, 4.268]
[4370, 4.268, 4.091]
[4339, 4.091, 4.074]
[4311, 4.074, 4.03]
[4499, 4.03, 4.293]
[4742, 4.293, 3.946]
[4550, 3.946, 3.676]
[4370, 3.676, 3.911]
[4694, 3.911, 4.253]
[4424, 4.253, 4.077]
[4199, 4.077, 4.075]
[4194, 4.075, 4.126]
[4368, 4.126, 4.234]
[4534, 4.234, 4.242]
[4188, 4.242, 4.201]
[4447, 4.201, 4.136]
[4261, 4.136, 4.115]
[4276, 4.115, 4.044]
[4345, 4.044, 4.094]
[4253, 4.094, 4.173]
[4340, 4.173, 4.147]
[4339, 4.147, 4.196]
[4428, 4.196, 4.23]
[4217, 4.23, 4.205]
[4441, 4.205, 4.329]
[4287, 4.329, 4.334]
[4212, 4.334, 4.36]
[4375, 4.36, 4.469]
[4302, 4.469, 4.408]
[4286, 4.408, 4.585]
[4259, 4.585, 4.583]
[4564, 4.583, 4.483]
[4331, 4.483, 4.43]
[4587, 4.43, 4.537]
[4321, 4.537, 4.552]
[4188, 4.552, 4.546]
[4239, 4.546, 4.622]
[4548, 4.622, 4.664]
[4188, 4.664, 4.644]
[4272, 4.644, 4.657]
[4394, 4.657, 4.805]
[4369, 4.805, 4.993]
[4615, 4.993, 5.163]
[4223, 5.163, 5.067]
[4421, 5.067, 4.867]
[4323, 4.867, 4.772]
[4227, 4.772, 4.826]
[4354, 4.826, 4.929]
[4485, 4.929, 4.833]
[4429, 4.833, 4.736]
[4289, 4.736, 4.72]
[4460, 4.72, 4.551]
[4276, 4.551, 4.475]
[4262, 4.475, 4.564]
[4277, 4.564, 4.576]
[4266, 4.576, 4.473]
[4328, 4.473, 4.596]
[4506, 4.596, 4.666]
[4220, 4.666, 4.516]
[4237, 4.516, 4.503]
[4457, 4.503, 4.423]
[4376, 4.423, 4.119]
[4188, 4.119, 4.028]
[4188, 4.028, 4.203]
[4311, 4.203, 4.329]
[4352, 4.329, 4.244]
[4445, 4.244, 4.185]
[4356, 4.185, 4.101]
[4542, 4.101, 4.093]
[4471, 4.093, 3.996]
[4275, 3.996, 4.065]
[4489, 4.065, 3.983]
[4550, 3.983, 3.989]
[4568, 3.989, 4.02]
[4229, 4.02, 3.979]
[4188, 3.979, 4.063]
[4188, 4.063, 4.057]
[4289, 4.057, 4.05]
[4270, 4.05, 4.135]
[4394, 4.135, 4.17]
[4395, 4.17, 4.136]
[4459, 4.136, 4.079]
[4252, 4.079, 4.047]
[4434, 4.047, 4.107]
[4407, 4.107, 4.047]
[4188, 4.047, 3.99]
[4334, 3.99, 4.127]
[4286, 4.127, 4.149]
[4276, 4.149, 4.225]
[4333, 4.225, 4.205]
[4521, 4.205, 4.069]
[4344, 4.069, 3.961]
[4188, 3.961, 4.095]
[4253, 4.095, 4.102]
[4316, 4.102, 4.096]
[4313, 4.096, 4.087]
[4318, 4.087, 3.983]
[4512, 3.983, 4.017]
[4344, 4.017, 4.031]
[4377, 4.031, 4.227]
[4542, 4.227, 4.132]
[4351, 4.132, 3.993]
[4432, 3.993, 4.363]
[4354, 4.363, 4.36]
[4188, 4.36, 4.444]
[4220, 4.444, 4.466]
[4382, 4.466, 4.49]
[4487, 4.49, 4.453]
[4321, 4.453, 4.278]
[4235, 4.278, 4.05]
[4209, 4.05, 4.234]
[4252, 4.234, 4.576]
[4281, 4.576, 4.386]
[4261, 4.386, 4.345]
[4323, 4.345, 4.37]
[4342, 4.37, 4.414]
[4411, 4.414, 4.474]
[4392, 4.474, 4.388]
[4218, 4.388, 4.43]
[4383, 4.43, 4.545]
[4488, 4.545, 4.483]
[4443, 4.483, 4.455]
[4581, 4.455, 4.352]
[4346, 4.352, 4.322]
[4290, 4.322, 4.392]
[4374, 4.392, 4.462]
[4443, 4.462, 4.09]
[4336, 4.09, 3.829]
[4269, 3.829, 3.918]
[4241, 3.918, 4.259]
[4277, 4.259, 4.342]
[4196, 4.342, 4.242]
[4188, 4.242, 4.311]
[4296, 4.311, 4.316]
[4264, 4.316, 4.35]
[4211, 4.35, 4.458]
[4395, 4.458, 4.562]
[4453, 4.562, 4.375]
[4343, 4.375, 4.188]
[4218, 4.188, 4.366]
[4223, 4.366, 4.405]
[4351, 4.405, 4.412]
[4290, 4.412, 4.479]
[4272, 4.479, 4.345]
[4410, 4.345, 4.428]
[4188, 4.428, 4.469]
[4586, 4.469, 4.376]
[4188, 4.376, 4.291]
[4460, 4.291, 4.326]
[4402, 4.326, 4.233]
[4520, 4.233, 4.227]
[4424, 4.227, 4.239]
[4266, 4.239, 4.273]
[4329, 4.273, 4.182]
[4247, 4.182, 3.988]
[4457, 3.988, 3.962]
[4807, 3.962, 3.985]
[4427, 3.985, 3.7]
[4299, 3.7, 3.757]
[4520, 3.757, 4.086]
[4384, 4.086, 4.013]
[4188, 4.013, 3.989]
[4387, 3.989, 4.117]
[4371, 4.117, 4.168]
[4270, 4.168, 4.053]
[4212, 4.053, 4.061]
[4367, 4.061, 4.263]
[4387, 4.263, 4.175]
[4262, 4.175, 4.135]
[4523, 4.135, 4.294]
[4283, 4.294, 4.478]
[4426, 4.478, 4.469]
[4501, 4.469, 4.446]
[4253, 4.446, 4.468]
[4383, 4.468, 4.446]
[4448, 4.446, 4.507]
[4378, 4.507, 4.467]
[4574, 4.467, 4.434]
[4552, 4.434, 4.279]
[4242, 4.279, 4.358]
[4485, 4.358, 4.5]
[4475, 4.5, 4.184]
[4288, 4.184, 4.138]
[4283, 4.138, 4.358]
[4315, 4.358, 4.327]
[4347, 4.327, 4.322]
[4239, 4.322, 4.518]
[4271, 4.518, 4.503]
[4386, 4.503, 4.324]
[4228, 4.324, 4.284]
[4239, 4.284, 4.242]
[4359, 4.242, 4.302]
[4337, 4.302, 4.202]
[4239, 4.202, 4.132]
[4515, 4.132, 4.251]
[4391, 4.251, 4.45]
[4333, 4.45, 4.151]
[4279, 4.151, 3.849]
[4188, 3.849, 4.085]
[4322, 4.085, 4.239]
[4404, 4.239, 4.245]
[4262, 4.245, 4.19]
[4190, 4.19, 4.228]
[4387, 4.228, 4.316]
[4257, 4.316, 4.257]
[4378, 4.257, 4.284]
[4293, 4.284, 4.39]
[4368, 4.39, 4.312]
[4458, 4.312, 4.339]
[4442, 4.339, 4.19]
[4376, 4.19, 4.196]
[4470, 4.196, 4.34]
[4267, 4.34, 4.244]
[4587, 4.244, 4.326]
[4539, 4.326, 4.392]
[4188, 4.392, 4.468]
[4218, 4.468, 4.416]
[4582, 4.416, 4.502]
[4237, 4.502, 4.458]
[4331, 4.458, 4.478]
[4366, 4.478, 4.912]
[4594, 4.912, 4.7]
[4215, 4.7, 4.589]
[4188, 4.589, 5.127]
[4323, 5.127, 5.029]
[4396, 5.029, 4.998]
[4489, 4.998, 5.035]
[4277, 5.035, 4.969]
[4644, 4.969, 5.17]
[4519, 5.17, 5.143]
[4309, 5.143, 5.206]
[4188, 5.206, 5.132]
[4381, 5.132, 5.165]
[4324, 5.165, 5.174]
[4524, 5.174, 5.167]
[4483, 5.167, 4.927]
[4211, 4.927, 4.73]
[4250, 4.73, 4.85]
[4629, 4.85, 4.88]
[4322, 4.88, 4.702]
[4259, 4.702, 4.579]
[4309, 4.579, 4.605]
[4298, 4.605, 4.842]
[4438, 4.842, 4.727]
[4270, 4.727, 4.524]
[4334, 4.524, 4.479]
[4452, 4.479, 4.463]
[4260, 4.463, 4.415]
[4596, 4.415, 4.382]
[4376, 4.382, 4.263]
[4573, 4.263, 4.254]
[4518, 4.254, 4.121]
[4298, 4.121, 4.225]
[4483, 4.225, 4.348]
[4293, 4.348, 4.345]
[4188, 4.345, 4.617]
[4395, 4.617, 4.772]
[4201, 4.772, 4.774]
[4297, 4.774, 4.905]
[4254, 4.905, 4.912]
[4346, 4.912, 4.877]
[4282, 4.877, 4.904]
[4434, 4.904, 4.914]
[4188, 4.914, 4.892]
[4343, 4.892, 4.94]
[4257, 4.94, 4.913]
[4514, 4.913, 4.827]
[4330, 4.827, 4.901]
[4323, 4.901, 4.906]
[4395, 4.906, 4.9]
[4567, 4.9, 5.056]
[4229, 5.056, 4.961]
[4244, 4.961, 4.855]
[4491, 4.855, 4.982]
[4381, 4.982, 4.805]
[4438, 4.805, 4.818]
[4574, 4.818, 4.983]
[4373, 4.983, 4.807]
[4464, 4.807, 4.664]
[4188, 4.664, 4.904]
[4320, 4.904, 4.986]
[4307, 4.986, 4.925]
[4188, 4.925, 4.877]
[4227, 4.877, 4.95]
[4286, 4.95, 5.011]
[4188, 5.011, 4.916]
[4309, 4.916, 4.995]
[4315, 4.995, 5.212]
[4704, 5.212, 5.276]
[4530, 5.276, 4.942]
[4437, 4.942, 4.836]
[4272, 4.836, 4.977]
[4460, 4.977, 5.137]
[4341, 5.137, 4.947]
[4261, 4.947, 4.916]
[4355, 4.916, 5.032]
[4393, 5.032, 5.055]
[4460, 5.055, 5.069]
[4446, 5.069, 4.914]
[4224, 4.914, 4.968]
[4188, 4.968, 5.066]
[4188, 5.066, 5.071]
[4415, 5.071, 5.2]
[4601, 5.2, 5.261]
[4429, 5.261, 5.148]
[4295, 5.148, 4.936]
[4342, 4.936, 4.914]
[4402, 4.914, 5.222]
[4564, 5.222, 5.281]
[4425, 5.281, 5.098]
[4218, 5.098, 5.01]
[4491, 5.01, 5.182]
[4470, 5.182, 5.062]
[4364, 5.062, 4.803]
[4269, 4.803, 4.9]
[4303, 4.9, 4.954]
[4534, 4.954, 4.914]
[4403, 4.914, 4.768]
[4245, 4.768, 4.689]
[4330, 4.689, 4.965]
[4286, 4.965, 4.778]
[4438, 4.778, 4.785]
[4260, 4.785, 4.821]
[4391, 4.821, 4.76]
[4307, 4.76, 4.727]
[4251, 4.727, 4.722]
[4334, 4.722, 4.778]
[4191, 4.778, 4.706]
[4366, 4.706, 4.708]
[4188, 4.708, 4.961]
[4359, 4.961, 4.879]
[4406, 4.879, 4.865]
[4305, 4.865, 4.758]
[4463, 4.758, 4.615]
[4481, 4.615, 4.408]
[4482, 4.408, 4.494]
[4188, 4.494, 4.583]
[4219, 4.583, 4.627]
[4313, 4.627, 4.564]
[4279, 4.564, 4.629]
[4320, 4.629, 4.702]
[4424, 4.702, 4.481]
[4290, 4.481, 4.504]
[4419, 4.504, 4.552]
[4389, 4.552, 4.687]
[4469, 4.687, 4.573]
[4390, 4.573, 4.348]
[4327, 4.348, 4.309]
[4215, 4.309, 4.269]
[4355, 4.269, 4.268]
[4188, 4.268, 4.492]
[4302, 4.492, 4.407]
[4274, 4.407, 4.236]
[4188, 4.236, 4.373]
[4247, 4.373, 4.412]
[4553, 4.412, 4.28]
[4623, 4.28, 4.219]
[4392, 4.219, 4.028]
[4320, 4.028, 4.095]
[4208, 4.095, 4.234]
[4469, 4.234, 4.156]
[4434, 4.156, 4.146]
[4259, 4.146, 4.084]
[4274, 4.084, 4.098]
[4409, 4.098, 4.047]
[4251, 4.047, 4.136]
[4332, 4.136, 4.153]
[4332, 4.153, 4.127]
[4300, 4.127, 4.19]
[4268, 4.19, 4.157]
[4503, 4.157, 4.218]
[4251, 4.218, 4.154]
[4293, 4.154, 4.191]
[4442, 4.191, 4.29]
[4375, 4.29, 4.223]
[4299, 4.223, 4.137]
[4188, 4.137, 4.186]
[4188, 4.186, 4.397]
[4343, 4.397, 4.202]
[4380, 4.202, 4.27]
[4491, 4.27, 4.074]
[4303, 4.074, 3.794]
[4480, 3.794, 3.941]
[4188, 3.941, 4.037]
[4188, 4.037, 4.286]
[4489, 4.286, 4.266]
[4452, 4.266, 4.085]
[4272, 4.085, 4.135]
[4342, 4.135, 4.141]
[4427, 4.141, 4.059]
[4402, 4.059, 4.398]
[4773, 4.398, 4.007]
[4390, 4.007, 3.871]
[4371, 3.871, 3.869]
[4299, 3.869, 3.8]
[4313, 3.8, 3.826]
[4271, 3.826, 3.669]
[4282, 3.669, 3.708]
[4374, 3.708, 3.757]
[4697, 3.757, 3.927]
[4524, 3.927, 3.595]
[4397, 3.595, 3.423]
[4188, 3.423, 3.625]
[4229, 3.625, 3.704]
[4188, 3.704, 3.772]
[4375, 3.772, 3.65]
[4188, 3.65, 3.552]
[4502, 3.552, 3.751]
[4188, 3.751, 3.77]
[4449, 3.77, 3.727]
[4188, 3.727, 3.836]
[4391, 3.836, 3.818]
[4251, 3.818, 3.915]
[4248, 3.915, 3.909]
[4461, 3.909, 3.861]
[4426, 3.861, 3.732]
[4231, 3.732, 3.735]
[4483, 3.735, 3.771]
[4394, 3.771, 3.725]
[4421, 3.725, 3.627]
[4303, 3.627, 3.788]
[4314, 3.788, 3.72]
[4188, 3.72, 3.719]
[4400, 3.719, 3.755]
[4271, 3.755, 3.668]
[4364, 3.668, 3.639]
[4420, 3.639, 3.756]
[4319, 3.756, 3.744]
[4428, 3.744, 3.707]
[4298, 3.707, 3.779]
[4303, 3.779, 3.754]
[4188, 3.754, 3.73]
[4213, 3.73, 3.755]
[4188, 3.755, 3.809]
[4307, 3.809, 3.911]
[4560, 3.911, 3.879]
[4306, 3.879, 3.559]
[4188, 3.559, 3.733]
[4416, 3.733, 4.048]
[4188, 4.048, 3.942]
[4642, 3.942, 3.955]
[4237, 3.955, 3.988]
[4396, 3.988, 4.107]
[4303, 4.107, 4.037]
[4423, 4.037, 3.861]
[4336, 3.861, 3.869]
[4345, 3.869, 3.932]
[4586, 3.932, 4.066]
[4372, 4.066, 4.061]
[4308, 4.061, 4.08]
[4262, 4.08, 4.131]
[4275, 4.131, 4.234]
[4735, 4.234, 4.209]
[4652, 4.209, 4.013]
[4279, 4.013, 4.08]
[4311, 4.08, 4.377]
[4375, 4.377, 4.127]
[4395, 4.127, 4.079]
[4248, 4.079, 4.195]
[4375, 4.195, 4.292]
[4493, 4.292, 4.157]
[4395, 4.157, 4.002]
[4235, 4.002, 4.14]
[4234, 4.14, 4.282]
[4496, 4.282, 4.085]
[4294, 4.085, 3.887]
[4196, 3.887, 4.085]
[4347, 4.085, 4.355]
[4410, 4.355, 4.254]
[4434, 4.254, 4.185]
[4244, 4.185, 4.201]
[4355, 4.201, 4.294]
[4385, 4.294, 4.266]
[4188, 4.266, 4.369]
[4462, 4.369, 4.217]
[4352, 4.217, 4.012]
[4188, 4.012, 4.22]
[4351, 4.22, 4.286]
[4512, 4.286, 4.266]
[4367, 4.266, 4.148]
[4188, 4.148, 4.265]
[4380, 4.265, 4.388]
[4439, 4.388, 4.167]
[4188, 4.167, 4.268]
[4188, 4.268, 4.392]
[4188, 4.392, 4.377]
[4374, 4.377, 4.414]
[4237, 4.414, 4.339]
[4207, 4.339, 4.603]
[4397, 4.603, 4.499]
[4250, 4.499, 4.28]
[4191, 4.28, 4.364]
[4330, 4.364, 4.385]
[4427, 4.385, 4.273]
[4221, 4.273, 4.191]
[4198, 4.191, 4.288]
[4229, 4.288, 4.451]
[4243, 4.451, 4.333]
[4188, 4.333, 4.368]
[4462, 4.368, 4.317]
[4244, 4.317, 4.112]
[4299, 4.112, 4.264]
[4196, 4.264, 4.373]
[4272, 4.373, 4.365]
[4385, 4.365, 4.33]
[4189, 4.33, 4.286]
[4249, 4.286, 4.359]
[4354, 4.359, 4.382]
[4300, 4.382, 4.139]
[4243, 4.139, 4.251]
[4274, 4.251, 4.204]
[4188, 4.204, 4.157]
[4528, 4.157, 4.259]
[4347, 4.259, 4.236]
[4610, 4.236, 4.238]
[4509, 4.238, 4.224]
[4464, 4.224, 4.17]
[4599, 4.17, 4.132]
[4464, 4.132, 4.118]
[4266, 4.118, 4.111]
[4446, 4.111, 4.22]
[4281, 4.22, 4.129]
[4354, 4.129, 4.035]
[4424, 4.035, 4.118]
[4445, 4.118, 4.117]
[4540, 4.117, 4.115]
[4655, 4.115, 3.895]
[4273, 3.895, 3.884]
[4188, 3.884, 3.956]
[4370, 3.956, 3.922]
[4290, 3.922, 3.872]
[4264, 3.872, 3.848]
[4297, 3.848, 3.775]
[4315, 3.775, 3.734]
[4291, 3.734, 3.709]
[4361, 3.709, 3.743]
[4188, 3.743, 3.89]
[4243, 3.89, 3.864]
[4527, 3.864, 3.849]
[4630, 3.849, 3.916]
[4188, 3.916, 4.025]
[4600, 4.025, 4.113]
[4252, 4.113, 4.057]
[4198, 4.057, 4.104]
[4188, 4.104, 4.207]
[4366, 4.207, 4.153]
[4423, 4.153, 4.203]
[4603, 4.203, 3.978]
[4444, 3.978, 3.898]
[4193, 3.898, 4.147]
[4458, 4.147, 4.241]
[4319, 4.241, 3.982]
[4225, 3.982, 4.031]
[4346, 4.031, 4.373]
[4513, 4.373, 4.125]
[4336, 4.125, 4.04]
[4357, 4.04, 4.05]
[4291, 4.05, 4.114]
[4573, 4.114, 4.138]
[4354, 4.138, 4.037]
[4293, 4.037, 3.944]
[4525, 3.944, 3.859]
[4211, 3.859, 3.98]
[4188, 3.98, 4.088]
[4206, 4.088, 4.314]
[4566, 4.314, 4.132]
[4480, 4.132, 4.271]
[4446, 4.271, 4.354]
[4539, 4.354, 4.268]
[4313, 4.268, 4.39]
[4406, 4.39, 4.391]
[4439, 4.391, 4.405]
[4188, 4.405, 4.559]
[4269, 4.559, 4.69]
[4384, 4.69, 4.674]
[4395, 4.674, 4.438]
[4316, 4.438, 4.487]
[4188, 4.487, 4.383]
[4407, 4.383, 4.376]
[4258, 4.376, 4.498]
[4529, 4.498, 4.516]
[4414, 4.516, 4.432]
[4425, 4.432, 4.471]
[4312, 4.471, 4.367]
[4335, 4.367, 4.428]
[4288, 4.428, 4.397]
[4650, 4.397, 4.364]
[4383, 4.364, 4.263]
[4240, 4.263, 4.413]
[4228, 4.413, 4.428]
[4378, 4.428, 4.383]
[4387, 4.383, 4.411]
[4255, 4.411, 4.53]
[4319, 4.53, 4.479]
[4503, 4.479, 4.477]
[4324, 4.477, 4.554]
[4390, 4.554, 4.365]
[4328, 4.365, 4.444]
[4258, 4.444, 4.652]
[4343, 4.652, 4.448]
[4244, 4.448, 4.5]
[4248, 4.5, 4.618]
[4436, 4.618, 4.598]
[4233, 4.598, 4.431]
[4321, 4.431, 4.493]
[4370, 4.493, 4.515]
[4247, 4.515, 4.403]
[4227, 4.403, 4.466]
[4333, 4.466, 4.554]
[4188, 4.554, 4.531]
[4305, 4.531, 4.55]
[4590, 4.55, 4.531]
[4345, 4.531, 4.45]
[4188, 4.45, 4.487]
[4199, 4.487, 4.56]
[4272, 4.56, 4.393]
[4497, 4.393, 4.43]
[4327, 4.43, 4.269]
[4188, 4.269, 4.289]
[4188, 4.289, 4.472]
[4316, 4.472, 4.429]
[4431, 4.429, 4.558]
[4348, 4.558, 4.442]
[4356, 4.442, 4.381]
[4468, 4.381, 4.333]
[4188, 4.333, 4.394]
[4584, 4.394, 4.248]
[4404, 4.248, 3.956]
[4188, 3.956, 4.321]
[4272, 4.321, 4.389]
[4277, 4.389, 4.162]
[4188, 4.162, 4.366]
[4376, 4.366, 4.331]
[4336, 4.331, 4.145]
[4366, 4.145, 4.326]
[4246, 4.326, 4.54]
[4400, 4.54, 4.447]
[4349, 4.447, 4.177]
[4274, 4.177, 4.38]
[4394, 4.38, 4.439]
[4194, 4.439, 4.286]
[4203, 4.286, 4.352]
[4431, 4.352, 4.445]
[4474, 4.445, 4.438]
[4469, 4.438, 4.304]
[4269, 4.304, 4.337]
[4341, 4.337, 4.441]
[4428, 4.441, 4.375]
[4238, 4.375, 4.258]
[4314, 4.258, 4.363]
[4368, 4.363, 4.219]
[4340, 4.219, 4.053]
[4544, 4.053, 4.039]
[4428, 4.039, 3.959]
[4536, 3.959, 4.032]
[4227, 4.032, 4.034]
[4448, 4.034, 4.091]
[4505, 4.091, 4.146]
[4222, 4.146, 3.997]
[4222, 3.997, 3.996]
[4224, 3.996, 4.194]
[4407, 4.194, 4.158]
[4411, 4.158, 4.225]
[4236, 4.225, 4.269]
[4423, 4.269, 4.274]
[4188, 4.274, 4.231]
[4255, 4.231, 4.349]
[4265, 4.349, 4.395]
[4368, 4.395, 4.3]
[4246, 4.3, 4.466]
[4325, 4.466, 4.539]
[4667, 4.539, 4.672]
[4493, 4.672, 4.402]
[4287, 4.402, 4.316]
[4368, 4.316, 4.464]
[4382, 4.464, 4.505]
[4540, 4.505, 4.349]
[4340, 4.349, 4.315]
[4275, 4.315, 4.313]
[4227, 4.313, 4.216]
[4252, 4.216, 4.332]
[4298, 4.332, 4.539]
[4569, 4.539, 4.544]
[4313, 4.544, 4.189]
[4343, 4.189, 4.143]
[4452, 4.143, 4.21]
[4262, 4.21, 4.177]
[4427, 4.177, 4.133]
[4248, 4.133, 4.211]
[4295, 4.211, 4.559]
[4379, 4.559, 4.678]
[4387, 4.678, 4.635]
[4415, 4.635, 4.672]
[4354, 4.672, 4.698]
[4405, 4.698, 4.785]
[4294, 4.785, 4.888]
[4684, 4.888, 4.928]
[4397, 4.928, 4.872]
[4206, 4.872, 5.06]
[4221, 5.06, 5.136]
[4339, 5.136, 4.997]
[4340, 4.997, 5.038]
[4415, 5.038, 5.251]
[4271, 5.251, 5.112]
[4265, 5.112, 5.167]
[4317, 5.167, 5.339]
[4432, 5.339, 5.298]
[4401, 5.298, 5.292]
[4347, 5.292, 5.338]
[4316, 5.338, 5.536]
[4694, 5.536, 5.401]
[4302, 5.401, 5.138]
[4188, 5.138, 5.366]
[4188, 5.366, 5.635]
[4503, 5.635, 5.643]
[4445, 5.643, 5.426]
[4188, 5.426, 5.39]
[4617, 5.39, 5.489]
[4334, 5.489, 5.319]
[4434, 5.319, 5.167]
[4443, 5.167, 5.115]
[4224, 5.115, 5.023]
[4391, 5.023, 5.157]
[4316, 5.157, 5.088]
[4253, 5.088, 5.038]
[4339, 5.038, 5.033]
[4366, 5.033, 4.963]
[4577, 4.963, 4.96]
[4299, 4.96, 4.871]
[4388, 4.871, 4.878]
[4403, 4.878, 4.872]
[4325, 4.872, 4.779]
[4238, 4.779, 4.572]
[4319, 4.572, 4.43]
[4391, 4.43, 4.466]
[4329, 4.466, 4.418]
[4306, 4.418, 4.383]
[4270, 4.383, 4.58]
[4531, 4.58, 4.377]
[4435, 4.377, 4.185]
[4339, 4.185, 4.439]
[4300, 4.439, 4.568]
[4246, 4.568, 4.478]
[4274, 4.478, 4.504]
[4470, 4.504, 4.574]
[4188, 4.574, 4.432]
[4373, 4.432, 4.343]
[4207, 4.343, 4.316]
[4315, 4.316, 4.421]
[4398, 4.421, 4.427]
[4502, 4.427, 4.293]
[4238, 4.293, 4.414]
[4228, 4.414, 4.486]
[4223, 4.486, 4.397]
[4221, 4.397, 4.329]
[4253, 4.329, 4.411]
[4188, 4.411, 4.617]
[4449, 4.617, 4.76]
[4454, 4.76, 4.566]
[4406, 4.566, 4.674]
[4462, 4.674, 4.779]
[4188, 4.779, 4.843]
[4465, 4.843, 4.916]
[4318, 4.916, 5.008]
[4293, 5.008, 4.958]
[4245, 4.958, 4.933]
[4287, 4.933, 5.04]
[4314, 5.04, 5.113]
[4330, 5.113, 4.959]
[4329, 4.959, 5.072]
[4373, 5.072, 5.076]
[4311, 5.076, 4.981]
[4424, 4.981, 5.154]
[4188, 5.154, 5.187]
[4367, 5.187, 4.942]
[4450, 4.942, 4.721]
[4229, 4.721, 4.689]
[4188, 4.689, 4.827]
[4265, 4.827, 5.042]
[4274, 5.042, 4.93]
[4188, 4.93, 5.087]
[4375, 5.087, 5.14]
[4355, 5.14, 5.208]
[4383, 5.208, 4.909]
[4267, 4.909, 4.707]
[4269, 4.707, 4.875]
[4407, 4.875, 4.954]
[4251, 4.954, 4.91]
[4246, 4.91, 4.835]
[4188, 4.835, 4.968]
[4188, 4.968, 5.119]
[4729, 5.119, 5.133]
[4236, 5.133, 4.957]
[4410, 4.957, 5.0]
[4201, 5.0, 5.032]
[4577, 5.032, 5.045]
[4394, 5.045, 4.976]
[4335, 4.976, 4.971]
[4444, 4.971, 4.747]
[4263, 4.747, 4.682]
[4308, 4.682, 4.805]
[4300, 4.805, 4.809]
[4356, 4.809, 4.672]
[4306, 4.672, 4.593]
[4507, 4.593, 4.719]
[4375, 4.719, 4.664]
[4218, 4.664, 4.572]
[4318, 4.572, 4.585]
[4631, 4.585, 4.466]
[4188, 4.466, 4.276]
[4333, 4.276, 4.384]
[4364, 4.384, 4.212]
[4343, 4.212, 4.094]
[4298, 4.094, 4.145]
[4430, 4.145, 4.118]
[4255, 4.118, 4.323]
[4511, 4.323, 4.375]
[4263, 4.375, 4.28]
[4444, 4.28, 4.465]
[4188, 4.465, 4.498]
[4567, 4.498, 4.47]
[4193, 4.47, 4.373]
[4414, 4.373, 4.484]
[4424, 4.484, 4.387]
[4302, 4.387, 4.326]
[4452, 4.326, 4.374]
[4392, 4.374, 4.228]
[4364, 4.228, 4.269]
[4572, 4.269, 4.387]
[4271, 4.387, 4.298]
[4194, 4.298, 4.324]
[4188, 4.324, 4.563]
[4343, 4.563, 4.597]
[4263, 4.597, 4.416]
[4348, 4.416, 4.645]
[4263, 4.645, 4.785]
[4206, 4.785, 4.834]
[4188, 4.834, 4.973]
[4207, 4.973, 4.886]
[4263, 4.886, 4.953]
[4281, 4.953, 4.831]
[4188, 4.831, 4.789]
[4368, 4.789, 4.906]
[4252, 4.906, 4.863]
[4276, 4.863, 4.668]
[4539, 4.668, 4.635]
[4199, 4.635, 4.483]
[4282, 4.483, 4.522]
[4398, 4.522, 4.538]
[4239, 4.538, 4.504]
[4204, 4.504, 4.63]
[4432, 4.63, 4.664]
[4304, 4.664, 4.56]
[4230, 4.56, 4.761]
[4310, 4.761, 4.736]
[4300, 4.736, 4.633]
[4436, 4.633, 4.622]
[4496, 4.622, 4.585]
[4188, 4.585, 4.617]
[4516, 4.617, 4.947]
[4188, 4.947, 4.951]
[4235, 4.951, 4.862]
[4188, 4.862, 5.235]
[4329, 5.235, 5.476]
[4192, 5.476, 5.404]
[4385, 5.404, 5.402]
[4341, 5.402, 5.537]
[4252, 5.537, 5.539]
[4241, 5.539, 5.575]
[4309, 5.575, 5.482]
[4416, 5.482, 5.584]
[4398, 5.584, 5.362]
[4421, 5.362, 5.244]
[4364, 5.244, 5.248]
[4188, 5.248, 5.153]
[4196, 5.153, 5.093]
[4194, 5.093, 5.198]
[4219, 5.198, 5.251]
[4306, 5.251, 5.461]
[4463, 5.461, 5.425]
[4230, 5.425, 5.37]
[4445, 5.37, 5.301]
[4200, 5.301, 5.167]
[4444, 5.167, 5.079]
[4292, 5.079, 5.049]
[4259, 5.049, 4.995]
[4370, 4.995, 5.073]
[4311, 5.073, 5.013]
[4237, 5.013, 4.976]
[4326, 4.976, 5.066]
[4399, 5.066, 5.031]
[4342, 5.031, 4.945]
[4356, 4.945, 4.818]
[4262, 4.818, 4.684]
[4411, 4.684, 4.742]
[4188, 4.742, 4.637]
[4440, 4.637, 4.62]
[4477, 4.62, 4.779]
[4377, 4.779, 4.83]
[4254, 4.83, 5.208]
[4282, 5.208, 5.31]
[4406, 5.31, 5.334]
[4323, 5.334, 5.249]
[4188, 5.249, 5.288]
[4435, 5.288, 5.458]
[4372, 5.458, 5.479]
[4330, 5.479, 5.495]
[4414, 5.495, 5.489]
[4293, 5.489, 5.649]
[4478, 5.649, 5.727]
[4390, 5.727, 5.67]
[4319, 5.67, 5.808]
[4188, 5.808, 6.054]
[4446, 6.054, 6.106]
[4234, 6.106, 5.894]
[4256, 5.894, 6.3]
[4351, 6.3, 6.538]
[4414, 6.538, 6.446]
[4340, 6.446, 6.304]
[4201, 6.304, 6.425]
[4430, 6.425, 6.429]
[4335, 6.429, 6.129]
[4256, 6.129, 5.999]
[4388, 5.999, 6.266]
[4273, 6.266, 6.135]
[4197, 6.135, 6.016]
[4393, 6.016, 6.183]
[4374, 6.183, 6.806]
[4214, 6.806, 6.805]
[4227, 6.805, 6.51]
[4188, 6.51, 6.587]
[4409, 6.587, 6.734]
[4384, 6.734, 6.42]
[4462, 6.42, 6.277]
[4189, 6.277, 6.379]
[4225, 6.379, 6.497]
[4188, 6.497, 6.537]
[4473, 6.537, 6.454]
[4389, 6.454, 6.364]
[4255, 6.364, 6.353]
[4429, 6.353, 6.244]
[4337, 6.244, 6.122]
[4274, 6.122, 6.057]
[4188, 6.057, 6.045]
[4407, 6.045, 5.977]
[4286, 5.977, 5.879]
[4188, 5.879, 5.727]
[4327, 5.727, 5.967]
[4368, 5.967, 6.066]
[4350, 6.066, 6.231]
[4188, 6.231, 6.578]
[4361, 6.578, 6.506]
[4277, 6.506, 6.236]
[4337, 6.236, 6.919]
[4188, 6.919, 8.155]
[4336, 8.155, 8.362]
[4563, 8.362, 7.879]
[4188, 7.879, 7.485]
[4365, 7.485, 7.94]
[4304, 7.94, 8.32]
[4188, 8.32, 8.334]
[4290, 8.334, 7.923]
[4305, 7.923, 7.872]
[4436, 7.872, 8.1]
[4355, 8.1, 8.089]
[4188, 8.089, 8.18]
[4274, 8.18, 8.318]
[4359, 8.318, 8.229]
[4188, 8.229, 8.366]
[4224, 8.366, 8.341]
[4307, 8.341, 8.434]
[4222, 8.434, 8.377]
[4379, 8.377, 8.422]
[4447, 8.422, 8.537]
[4433, 8.537, 8.389]
[4304, 8.389, 8.094]
[4396, 8.094, 8.526]
[4341, 8.526, 8.828]
[4294, 8.828, 8.811]
[4188, 8.811, 9.304]
[4332, 9.304, 9.673]
[4309, 9.673, 9.677]
[4353, 9.677, 9.366]
[4263, 9.366, 9.564]
[4188, 9.564, 9.877]
[4312, 9.877, 10.027]
[4188, 10.027, 10.132]
[4275, 10.132, 9.982]
[4262, 9.982, 10.254]
[4317, 10.254, 11.065]
[4480, 11.065, 11.56]
[4322, 11.56, 11.187]
[4349, 11.187, 10.958]
[4316, 10.958, 11.346]
[4232, 11.346, 13.832]
[4188, 13.832, 16.876]
[4301, 16.876, 18.698]
[4309, 18.698, 18.648]
[4188, 18.648, 17.898]
[4188, 17.898, 18.072]
[4260, 18.072, 18.538]
[4358, 18.538, 18.556]
[4210, 18.556, 18.011]
