[90480, 100.0, 19.723]
[18792, 19.723, 9.785]
[8700, 9.785, 5.829]
[4959, 5.829, 4.617]
[4582, 4.617, 5.027]
[4286, 5.027, 5.256]
[4573, 5.256, 4.843]
[4278, 4.843, 4.635]
[4354, 4.635, 4.858]
[4304, 4.858, 5.01]
[4188, 5.01, 4.904]
[4323, 4.904, 4.878]
[4309, 4.878, 4.959]
[4294, 4.959, 4.91]
[4711, 4.91, 4.842]
[4188, 4.842, 4.653]
[4188, 4.653, 4.784]
[4335, 4.784, 4.931]
[4458, 4.931, 4.845]
[4188, 4.845, 4.989]
[4481, 4.989, 5.163]
[4508, 5.163, 5.039]
[4243, 5.039, 5.075]
[4387, 5.075, 5.156]
[4376, 5.156, 5.105]
[4405, 5.105, 4.881]
[4391, 4.881, 4.996]
[4270, 4.996, 4.762]
[4188, 4.762, 4.797]
[4580, 4.797, 4.885]
[4507, 4.885, 4.921]
[4341, 4.921, 4.993]
[4239, 4.993, 4.956]
[4433, 4.956, 5.088]
[4266, 5.088, 4.971]
[4476, 4.971, 4.827]
[4243, 4.827, 5.109]
[4290, 5.109, 5.117]
[4223, 5.117, 5.09]
[4323, 5.09, 5.184]
[4380, 5.184, 5.249]
[4310, 5.249, 5.176]
[4262, 5.176, 4.996]
[4192, 4.996, 5.049]
[4476, 5.049, 5.06]
[4266, 5.06, 4.999]
[4299, 4.999, 4.869]
[4373, 4.869, 5.029]
[4384, 5.029, 5.007]
[4463, 5.007, 4.784]
[4259, 4.784, 4.841]
[4196, 4.841, 4.84]
[4270, 4.84, 4.884]
[4415, 4.884, 4.927]
[4588, 4.927, 4.966]
[4283, 4.966, 4.817]
[4454, 4.817, 4.851]
[4363, 4.851, 4.817]
[4188, 4.817, 4.775]
[4340, 4.775, 4.803]
[4440, 4.803, 4.726]
[4400, 4.726, 4.613]
[4297, 4.613, 4.446]
[4250, 4.446, 4.466]
[4312, 4.466, 4.57]
[4368, 4.57, 4.589]
[4500, 4.589, 4.415]
[4681, 4.415, 4.209]
[4345, 4.209, 4.142]
[4381, 4.142, 4.39]
[4516, 4.39, 4.498]
[4658, 4.498, 4.439]
[4470, 4.439, 4.181]
[4188, 4.181, 4.259]
[4265, 4.259, 4.433]
[4481, 4.433, 4.306]
[4405, 4.306, 4.001]
[4449, 4.001, 4.011]
[4511, 4.011, 4.114]
[4261, 4.114, 3.946]
[4202, 3.946, 3.876]
[4258, 3.876, 3.974]
[4188, 3.974, 4.038]
[4188, 4.038, 4.16]
[4279, 4.16, 4.115]
[4350, 4.115, 4.02]
[4226, 4.02, 4.139]
[4269, 4.139, 4.138]
[4513, 4.138, 3.945]
[4188, 3.945, 3.936]
[4342, 3.936, 4.179]
[4318, 4.179, 4.229]
[4272, 4.229, 4.132]
[4349, 4.132, 4.198]
[4208, 4.198, 4.337]
[4452, 4.337, 4.206]
[4549, 4.206, 4.036]
[4329, 4.036, 4.023]
[4556, 4.023, 4.025]
[4436, 4.025, 3.923]
[4374, 3.923, 3.891]
[4428, 3.891, 3.965]
[4198, 3.965, 3.993]
[4268, 3.993, 3.948]
[4465, 3.948, 3.921]
[4188, 3.921, 4.082]
[4280, 4.082, 4.173]
[4265, 4.173, 4.14]
[4204, 4.14, 4.153]
[4215, 4.153, 4.171]
[4252, 4.171, 4.131]
[4260, 4.131, 4.257]
[4367, 4.257, 4.127]
[4310, 4.127, 4.02]
[4519, 4.02, 4.102]
[4358, 4.102, 4.191]
[4302, 4.191, 4.041]
[4328, 4.041, 4.064]
[4379, 4.064, 4.024]
[4232, 4.024, 3.989]
[4460, 3.989, 3.922]
[4380, 3.922, 3.814]
[4361, 3.814, 3.843]
[4300, 3.843, 3.857]
[4431, 3.857, 3.793]
[4188, 3.793, 3.84]
[4322, 3.84, 3.773]
[4351, 3.773, 3.81]
[4714, 3.81, 3.892]
[4466, 3.892, 3.808]
[4244, 3.808, 3.654]
[4537, 3.654, 3.867]
[4299, 3.867, 3.979]
[4475, 3.979, 3.914]
[4302, 3.914, 3.897]
[4256, 3.897, 3.997]
[4363, 3.997, 4.03]
[4364, 4.03, 4.005]
[4304, 4.005, 4.029]
[4378, 4.029, 4.092]
[4403, 4.092, 4.08]
[4371, 4.08, 4.021]
[4192, 4.021, 4.437]
[4464, 4.437, 4.364]
[4446, 4.364, 4.278]
[4341, 4.278, 4.414]
[4326, 4.414, 4.472]
[4245, 4.472, 4.389]
[4188, 4.389, 4.443]
[4308, 4.443, 4.469]
[4348, 4.469, 4.296]
[4230, 4.296, 4.178]
[4347, 4.178, 4.156]
[4453, 4.156, 4.404]
[4481, 4.404, 4.145]
[4265, 4.145, 4.208]
[4491, 4.208, 4.412]
[4498, 4.412, 4.364]
[4191, 4.364, 4.385]
[4453, 4.385, 4.568]
[4445, 4.568, 4.748]
[4438, 4.748, 4.641]
[4224, 4.641, 4.586]
[4369, 4.586, 4.703]
[4371, 4.703, 4.921]
[4255, 4.921, 4.897]
[4486, 4.897, 4.935]
[4473, 4.935, 4.916]
[4200, 4.916, 4.832]
[4430, 4.832, 4.884]
[4426, 4.884, 4.698]
[4267, 4.698, 4.568]
[4212, 4.568, 4.682]
[4719, 4.682, 4.926]
[4756, 4.926, 4.652]
[4257, 4.652, 4.904]
[4212, 4.904, 5.445]
[4379, 5.445, 5.37]
[4351, 5.37, 5.106]
[4509, 5.106, 5.272]
[4307, 5.272, 5.287]
[4415, 5.287, 5.223]
[4307, 5.223, 5.201]
[4244, 5.201, 5.245]
[4188, 5.245, 5.397]
[4515, 5.397, 5.335]
[4527, 5.335, 5.234]
[4229, 5.234, 5.277]
[4400, 5.277, 5.342]
[4540, 5.342, 5.208]
[4232, 5.208, 5.071]
[4188, 5.071, 5.3]
[4369, 5.3, 5.258]
[4588, 5.258, 5.157]
[4250, 5.157, 5.088]
[4303, 5.088, 5.007]
[4512, 5.007, 4.941]
[4216, 4.941, 5.009]
[4279, 5.009, 5.026]
[4410, 5.026, 5.015]
[4262, 5.015, 4.971]
[4598, 4.971, 5.031]
[4461, 5.031, 4.938]
[4212, 4.938, 4.84]
[4321, 4.84, 4.705]
[4188, 4.705, 4.677]
[4355, 4.677, 4.685]
[4519, 4.685, 4.59]
[4545, 4.59, 4.478]
[4465, 4.478, 4.547]
[4388, 4.547, 4.528]
[4268, 4.528, 4.549]
[4188, 4.549, 4.57]
[4275, 4.57, 4.617]
[4416, 4.617, 4.738]
[4263, 4.738, 4.652]
[4252, 4.652, 4.781]
[4573, 4.781, 4.788]
[4422, 4.788, 4.543]
[4203, 4.543, 4.625]
[4413, 4.625, 4.812]
[4571, 4.812, 4.884]
[4208, 4.884, 4.666]
[4188, 4.666, 4.732]
[4506, 4.732, 4.899]
[4318, 4.899, 4.718]
[4426, 4.718, 4.594]
[4325, 4.594, 4.913]
[4188, 4.913, 5.087]
[4412, 5.087, 4.983]
[4238, 4.983, 4.876]
[4357, 4.876, 4.957]
[4208, 4.957, 4.866]
[4255, 4.866, 4.873]
[4329, 4.873, 4.877]
[4228, 4.877, 4.876]
[4433, 4.876, 4.896]
[4374, 4.896, 5.067]
[4188, 5.067, 5.22]
[4491, 5.22, 5.259]
[4516, 5.259, 5.331]
[4411, 5.331, 5.292]
[4281, 5.292, 5.183]
[4264, 5.183, 5.167]
[4484, 5.167, 5.275]
[4224, 5.275, 5.237]
[4428, 5.237, 5.096]
[4407, 5.096, 5.077]
[4377, 5.077, 5.176]
[4244, 5.176, 5.189]
[4463, 5.189, 5.159]
[4268, 5.159, 4.915]
[4481, 4.915, 5.106]
[4450, 5.106, 5.225]
[4440, 5.225, 5.169]
[4367, 5.169, 5.041]
[4350, 5.041, 5.203]
[4302, 5.203, 5.206]
[4330, 5.206, 5.236]
[4623, 5.236, 5.299]
[4426, 5.299, 5.106]
[4323, 5.106, 5.3]
[4244, 5.3, 5.489]
[4330, 5.489, 5.437]
[4398, 5.437, 5.195]
[4290, 5.195, 5.015]
[4275, 5.015, 5.198]
[4303, 5.198, 5.166]
[4314, 5.166, 5.009]
[4257, 5.009, 4.881]
[4248, 4.881, 4.951]
[4188, 4.951, 5.1]
[4266, 5.1, 4.963]
[4370, 4.963, 5.02]
[4373, 5.02, 5.025]
[4612, 5.025, 5.164]
[4213, 5.164, 4.983]
[4392, 4.983, 4.948]
[4188, 4.948, 5.261]
[4307, 5.261, 5.2]
[4214, 5.2, 5.175]
[4259, 5.175, 5.197]
[4337, 5.197, 5.199]
[4327, 5.199, 5.005]
[4390, 5.005, 5.079]
[4397, 5.079, 5.26]
[4272, 5.26, 5.207]
[4429, 5.207, 5.099]
[4450, 5.099, 5.071]
[4247, 5.071, 5.138]
[4295, 5.138, 5.25]
[4383, 5.25, 5.344]
[4430, 5.344, 5.218]
[4292, 5.218, 5.303]
[4305, 5.303, 5.114]
[4209, 5.114, 5.011]
[4366, 5.011, 5.008]
[4205, 5.008, 4.996]
[4220, 4.996, 5.059]
[4292, 5.059, 4.942]
[4557, 4.942, 5.008]
[4233, 5.008, 4.981]
[4233, 4.981, 4.906]
[4366, 4.906, 4.84]
[4379, 4.84, 4.947]
[4188, 4.947, 4.898]
[4526, 4.898, 4.882]
[4241, 4.882, 4.764]
[4188, 4.764, 4.808]
[4509, 4.808, 5.205]
[4350, 5.205, 5.262]
[4368, 5.262, 5.047]
[4204, 5.047, 4.756]
[4248, 4.756, 5.07]
[4188, 5.07, 5.243]
[4275, 5.243, 5.071]
[4383, 5.071, 5.059]
[4238, 5.059, 5.131]
[4308, 5.131, 4.944]
[4418, 4.944, 4.745]
[4267, 4.745, 4.788]
[4405, 4.788, 4.979]
[4398, 4.979, 4.978]
[4358, 4.978, 4.871]
[4374, 4.871, 4.755]
[4188, 4.755, 4.869]
[4365, 4.869, 5.172]
[4448, 5.172, 4.919]
[4270, 4.919, 4.786]
[4259, 4.786, 4.937]
[4188, 4.937, 5.284]
[4493, 5.284, 5.145]
[4250, 5.145, 5.015]
[4258, 5.015, 5.166]
[4343, 5.166, 5.188]
[4509, 5.188, 4.974]
[4234, 4.974, 4.769]
[4577, 4.769, 5.113]
[4492, 5.113, 5.32]
[4342, 5.32, 5.108]
[4239, 5.108, 4.854]
[4409, 4.854, 5.085]
[4550, 5.085, 4.959]
[4487, 4.959, 4.634]
[4339, 4.634, 4.51]
[4227, 4.51, 4.553]
[4223, 4.553, 4.502]
[4411, 4.502, 4.381]
[4380, 4.381, 4.398]
[4218, 4.398, 4.429]
[4388, 4.429, 4.411]
[4378, 4.411, 4.321]
[4291, 4.321, 4.252]
[4515, 4.252, 4.283]
[4317, 4.283, 4.319]
[4192, 4.319, 4.341]
[4532, 4.341, 4.355]
[4584, 4.355, 4.289]
[4450, 4.289, 4.093]
[4278, 4.093, 4.029]
[4344, 4.029, 4.129]
[4380, 4.129, 3.97]
[4379, 3.97, 3.942]
[4230, 3.942, 3.83]
[4188, 3.83, 4.03]
[4237, 4.03, 4.402]
[4188, 4.402, 4.336]
[4216, 4.336, 4.368]
[4629, 4.368, 4.649]
[4352, 4.649, 4.506]
[4401, 4.506, 4.404]
[4210, 4.404, 4.532]
[4199, 4.532, 4.632]
[4342, 4.632, 4.465]
[4359, 4.465, 4.275]
[4503, 4.275, 4.42]
[4467, 4.42, 4.404]
[4327, 4.404, 4.185]
[4190, 4.185, 4.284]
[4245, 4.284, 4.314]
[4253, 4.314, 4.318]
[4564, 4.318, 4.223]
[4329, 4.223, 3.951]
[4188, 3.951, 4.036]
[4329, 4.036, 4.109]
[4429, 4.109, 3.884]
[4321, 3.884, 3.953]
[4313, 3.953, 4.039]
[4376, 4.039, 3.971]
[4304, 3.971, 3.856]
[4258, 3.856, 3.852]
[4332, 3.852, 3.988]
[4550, 3.988, 3.901]
[4659, 3.901, 3.752]
[4305, 3.752, 3.742]
[4201, 3.742, 3.842]
[4270, 3.842, 3.849]
[4188, 3.849, 3.855]
[4325, 3.855, 3.877]
[4231, 3.877, 3.946]
[4300, 3.946, 3.891]
[4342, 3.891, 3.903]
[4188, 3.903, 3.892]
[4431, 3.892, 3.981]
[4547, 3.981, 3.946]
[4188, 3.946, 3.951]
[4439, 3.951, 4.154]
[4385, 4.154, 4.058]
[4305, 4.058, 3.974]
[4518, 3.974, 4.199]
[4433, 4.199, 4.114]
[4536, 4.114, 3.826]
[4344, 3.826, 3.678]
[4256, 3.678, 3.81]
[4372, 3.81, 3.815]
[4201, 3.815, 3.75]
[4315, 3.75, 3.653]
[4452, 3.653, 3.671]
[4188, 3.671, 3.86]
[4280, 3.86, 3.863]
[4406, 3.863, 3.945]
[4271, 3.945, 3.991]
[4272, 3.991, 3.962]
[4645, 3.962, 3.681]
[4282, 3.681, 3.537]
[4314, 3.537, 3.585]
[4296, 3.585, 3.664]
[4236, 3.664, 3.702]
[4431, 3.702, 3.598]
[4235, 3.598, 3.587]
[4419, 3.587, 3.578]
[4275, 3.578, 3.459]
[4188, 3.459, 3.496]
[4404, 3.496, 3.457]
[4436, 3.457, 3.286]
[4188, 3.286, 3.247]
[4413, 3.247, 3.38]
[4289, 3.38, 3.381]
[4383, 3.381, 3.28]
[4354, 3.28, 3.187]
[4269, 3.187, 3.226]
[4285, 3.226, 3.509]
[4471, 3.509, 3.433]
[4393, 3.433, 3.473]
[4254, 3.473, 3.452]
[4618, 3.452, 3.532]
[4385, 3.532, 3.465]
[4332, 3.465, 3.366]
[4283, 3.366, 3.394]
[4347, 3.394, 3.468]
[4188, 3.468, 3.604]
[4525, 3.604, 3.501]
[4333, 3.501, 3.488]
[4364, 3.488, 3.624]
[4455, 3.624, 3.736]
[4235, 3.736, 3.688]
[4188, 3.688, 3.808]
[4468, 3.808, 3.825]
[4493, 3.825, 3.673]
[4261, 3.673, 3.729]
[4528, 3.729, 3.719]
[4279, 3.719, 3.556]
[4343, 3.556, 3.533]
[4360, 3.533, 3.519]
[4299, 3.519, 3.581]
[4396, 3.581, 3.639]
[4358, 3.639, 3.575]
[4188, 3.575, 3.685]
[4409, 3.685, 3.735]
[4188, 3.735, 3.942]
[4315, 3.942, 3.783]
[4300, 3.783, 3.579]
[4411, 3.579, 3.731]
[4294, 3.731, 3.901]
[4188, 3.901, 4.073]
[4505, 4.073, 4.063]
[4188, 4.063, 4.147]
[4364, 4.147, 4.226]
[4211, 4.226, 4.211]
[4188, 4.211, 4.26]
[4255, 4.26, 4.383]
[4315, 4.383, 4.179]
[4235, 4.179, 4.276]
[4223, 4.276, 4.434]
[4236, 4.434, 4.398]
[4195, 4.398, 4.267]
[4264, 4.267, 4.527]
[4225, 4.527, 4.603]
[4216, 4.603, 4.538]
[4188, 4.538, 4.529]
[4253, 4.529, 4.789]
[4275, 4.789, 4.623]
[4188, 4.623, 4.518]
[4398, 4.518, 4.668]
[4374, 4.668, 4.544]
[4358, 4.544, 4.435]
[4393, 4.435, 4.556]
[4199, 4.556, 4.812]
[4493, 4.812, 4.676]
[4360, 4.676, 4.552]
[4463, 4.552, 4.769]
[4382, 4.769, 4.821]
[4801, 4.821, 4.647]
[4270, 4.647, 4.389]
[4188, 4.389, 4.53]
[4531, 4.53, 4.686]
[4388, 4.686, 4.504]
[4250, 4.504, 4.444]
[4363, 4.444, 4.615]
[4423, 4.615, 4.596]
[4449, 4.596, 4.259]
[4217, 4.259, 4.424]
[4188, 4.424, 4.632]
[4469, 4.632, 4.598]
[4365, 4.598, 4.725]
[4354, 4.725, 4.742]
[4477, 4.742, 4.672]
[4280, 4.672, 4.519]
[4311, 4.519, 4.71]
[4335, 4.71, 4.668]
[4305, 4.668, 4.476]
[4428, 4.476, 4.619]
[4388, 4.619, 4.644]
[4411, 4.644, 4.739]
[4327, 4.739, 4.69]
[4324, 4.69, 4.467]
[4222, 4.467, 4.659]
[4380, 4.659, 4.682]
[4447, 4.682, 4.658]
[4268, 4.658, 4.815]
[4610, 4.815, 4.867]
[4272, 4.867, 4.681]
[4524, 4.681, 4.803]
[4309, 4.803, 4.95]
[4353, 4.95, 4.881]
[4437, 4.881, 4.735]
[4188, 4.735, 4.808]
[4480, 4.808, 4.835]
[4299, 4.835, 4.752]
[4491, 4.752, 4.826]
[4381, 4.826, 4.808]
[4266, 4.808, 4.731]
[4239, 4.731, 4.998]
[4328, 4.998, 4.978]
[4209, 4.978, 4.749]
[4298, 4.749, 4.674]
[4269, 4.674, 4.736]
[4298, 4.736, 4.634]
[4559, 4.634, 4.629]
[4257, 4.629, 4.759]
[4222, 4.759, 4.835]
[4260, 4.835, 4.888]
[4488, 4.888, 4.83]
[4389, 4.83, 4.828]
[4371, 4.828, 4.834]
[4438, 4.834, 4.828]
[4337, 4.828, 4.917]
[4463, 4.917, 5.132]
[4294, 5.132, 4.998]
[4458, 4.998, 4.84]
[4403, 4.84, 4.89]
[4420, 4.89, 5.029]
[4188, 5.029, 5.079]
[4516, 5.079, 5.102]
[4486, 5.102, 5.002]
[4287, 5.002, 4.881]
[4272, 4.881, 4.82]
[4442, 4.82, 4.931]
[4398, 4.931, 4.982]
[4380, 4.982, 4.884]
[4326, 4.884, 4.788]
[4314, 4.788, 4.73]
[4595, 4.73, 4.803]
[4416, 4.803, 4.626]
[4201, 4.626, 4.79]
[4253, 4.79, 4.86]
[4375, 4.86, 4.837]
[4296, 4.837, 4.707]
[4273, 4.707, 4.597]
[4353, 4.597, 4.68]
[4598, 4.68, 4.733]
[4386, 4.733, 4.434]
[4527, 4.434, 4.421]
[4442, 4.421, 4.362]
[4340, 4.362, 4.294]
[4491, 4.294, 4.366]
[4374, 4.366, 4.338]
[4366, 4.338, 4.197]
[4346, 4.197, 4.195]
[4408, 4.195, 4.059]
[4188, 4.059, 3.894]
[4207, 3.894, 3.895]
[4410, 3.895, 3.967]
[4206, 3.967, 3.984]
[4386, 3.984, 3.939]
[4268, 3.939, 4.03]
[4328, 4.03, 4.157]
[4273, 4.157, 4.23]
[4411, 4.23, 4.103]
[4407, 4.103, 4.308]
[4299, 4.308, 4.278]
[4296, 4.278, 4.229]
[4481, 4.229, 4.304]
[4316, 4.304, 4.337]
[4331, 4.337, 4.309]
[4606, 4.309, 4.358]
[4268, 4.358, 4.532]
[4240, 4.532, 4.483]
[4419, 4.483, 4.592]
[4510, 4.592, 4.612]
[4427, 4.612, 4.501]
[4627, 4.501, 4.641]
[4364, 4.641, 4.785]
[4338, 4.785, 4.653]
[4269, 4.653, 4.59]
[4227, 4.59, 4.615]
[4275, 4.615, 4.592]
[4331, 4.592, 4.611]
[4606, 4.611, 4.54]
[4368, 4.54, 4.429]
[4188, 4.429, 4.422]
[4273, 4.422, 4.577]
[4289, 4.577, 4.539]
[4270, 4.539, 4.427]
[4300, 4.427, 4.373]
[4326, 4.373, 4.435]
[4500, 4.435, 4.398]
[4613, 4.398, 4.364]
[4188, 4.364, 4.422]
[4701, 4.422, 4.544]
[4575, 4.544, 4.499]
[4294, 4.499, 4.265]
[4368, 4.265, 4.467]
[4353, 4.467, 4.189]
[4409, 4.189, 4.272]
[4442, 4.272, 4.161]
[4438, 4.161, 3.98]
[4522, 3.98, 4.045]
[4399, 4.045, 4.138]
[4646, 4.138, 4.133]
[4540, 4.133, 3.944]
[4188, 3.944, 3.987]
[4446, 3.987, 4.088]
[4340, 4.088, 4.137]
[4249, 4.137, 3.963]
[4421, 3.963, 3.854]
[4188, 3.854, 3.984]
[4511, 3.984, 4.087]
[4382, 4.087, 4.05]
[4188, 4.05, 4.203]
[4299, 4.203, 4.193]
[4492, 4.193, 4.275]
[4397, 4.275, 4.296]
[4432, 4.296, 4.424]
[4767, 4.424, 4.207]
[4518, 4.207, 4.017]
[4279, 4.017, 4.19]
[4486, 4.19, 4.294]
[4461, 4.294, 4.166]
[4588, 4.166, 4.201]
[4321, 4.201, 3.816]
[4201, 3.816, 3.718]
[4258, 3.718, 3.818]
[4300, 3.818, 4.007]
[4315, 4.007, 3.973]
[4267, 3.973, 3.998]
[4355, 3.998, 3.91]
[4188, 3.91, 3.99]
[4234, 3.99, 4.056]
[4461, 4.056, 4.127]
[4509, 4.127, 4.008]
[4360, 4.008, 3.859]
[4188, 3.859, 3.917]
[4343, 3.917, 4.054]
[4418, 4.054, 3.969]
[4333, 3.969, 4.047]
[4188, 4.047, 4.187]
[4244, 4.187, 4.24]
[4460, 4.24, 4.02]
[4571, 4.02, 4.011]
[4221, 4.011, 3.958]
[4278, 3.958, 3.98]
[4230, 3.98, 4.124]
[4517, 4.124, 4.163]
[4231, 4.163, 4.033]
[4273, 4.033, 4.14]
[4220, 4.14, 4.231]
[4310, 4.231, 4.2]
[4308, 4.2, 4.211]
[4243, 4.211, 4.223]
[4340, 4.223, 4.196]
[4188, 4.196, 4.31]
[4210, 4.31, 4.396]
[4419, 4.396, 4.663]
[4304, 4.663, 4.506]
[4188, 4.506, 4.592]
[4232, 4.592, 4.621]
[4329, 4.621, 4.633]
[4362, 4.633, 4.713]
[4272, 4.713, 4.595]
[4272, 4.595, 4.543]
[4398, 4.543, 4.518]
[4426, 4.518, 4.501]
[4394, 4.501, 4.51]
[4392, 4.51, 4.421]
[4500, 4.421, 4.399]
[4306, 4.399, 4.374]
[4305, 4.374, 4.556]
[4797, 4.556, 4.367]
[4308, 4.367, 4.053]
[4270, 4.053, 4.289]
[4243, 4.289, 4.501]
[4331, 4.501, 4.357]
[4537, 4.357, 4.018]
[4188, 4.018, 4.062]
[4294, 4.062, 4.185]
[4453, 4.185, 4.135]
[4250, 4.135, 4.101]
[4407, 4.101, 4.063]
[4583, 4.063, 3.964]
[4355, 3.964, 4.055]
[4188, 4.055, 4.145]
[4188, 4.145, 4.243]
[4399, 4.243, 4.316]
[4320, 4.316, 4.311]
[4403, 4.311, 4.23]
[4212, 4.23, 4.221]
[4291, 4.221, 4.299]
[4188, 4.299, 4.236]
[4279, 4.236, 4.225]
[4234, 4.225, 4.358]
[4262, 4.358, 4.197]
[4196, 4.197, 4.21]
[4459, 4.21, 4.106]
[4276, 4.106, 4.017]
[4603, 4.017, 3.868]
[4381, 3.868, 3.717]
[4292, 3.717, 3.696]
[4188, 3.696, 3.789]
[4188, 3.789, 3.892]
[4399, 3.892, 3.985]
[4245, 3.985, 4.044]
[4188, 4.044, 4.191]
[4188, 4.191, 4.287]
[4370, 4.287, 4.389]
[4188, 4.389, 4.544]
[4544, 4.544, 4.686]
[4379, 4.686, 4.461]
[4329, 4.461, 4.333]
[4323, 4.333, 4.361]
[4217, 4.361, 4.505]
[4490, 4.505, 4.471]
[4359, 4.471, 4.312]
[4666, 4.312, 4.374]
[4230, 4.374, 4.292]
[4410, 4.292, 4.253]
[4237, 4.253, 4.364]
[4305, 4.364, 4.393]
[4519, 4.393, 4.178]
[4452, 4.178, 4.298]
[4292, 4.298, 4.394]
[4307, 4.394, 4.405]
[4625, 4.405, 4.623]
[4479, 4.623, 4.465]
[4258, 4.465, 4.288]
[4232, 4.288, 4.303]
[4342, 4.303, 4.449]
[4263, 4.449, 4.419]
[4501, 4.419, 4.435]
[4321, 4.435, 4.479]
[4321, 4.479, 4.467]
[4293, 4.467, 4.35]
[4188, 4.35, 4.3]
[4352, 4.3, 4.408]
[4298, 4.408, 4.362]
[4487, 4.362, 4.305]
[4322, 4.305, 4.203]
[4188, 4.203, 4.218]
[4356, 4.218, 4.279]
[4344, 4.279, 4.283]
[4409, 4.283, 4.28]
[4450, 4.28, 4.254]
[4237, 4.254, 4.269]
[4487, 4.269, 4.184]
[4353, 4.184, 4.092]
[4235, 4.092, 4.24]
[4373, 4.24, 4.226]
[4331, 4.226, 4.296]
[4305, 4.296, 4.313]
[4399, 4.313, 4.2]
[4580, 4.2, 4.214]
[4259, 4.214, 4.139]
[4381, 4.139, 4.282]
[4284, 4.282, 4.293]
[4304, 4.293, 4.374]
[4188, 4.374, 4.443]
[4332, 4.443, 4.444]
[4320, 4.444, 4.376]
[4315, 4.376, 4.399]
[4382, 4.399, 4.264]
[4261, 4.264, 4.209]
[4294, 4.209, 4.213]
[4341, 4.213, 4.163]
[4275, 4.163, 4.084]
[4598, 4.084, 4.113]
[4284, 4.113, 4.208]
[4423, 4.208, 4.374]
[4636, 4.374, 4.268]
[4481, 4.268, 3.921]
[4377, 3.921, 3.987]
[4410, 3.987, 4.108]
[4338, 4.108, 3.943]
[4563, 3.943, 4.007]
[4281, 4.007, 4.052]
[4272, 4.052, 3.951]
[4279, 3.951, 3.978]
[4373, 3.978, 3.939]
[4188, 3.939, 3.933]
[4365, 3.933, 3.992]
[4231, 3.992, 3.938]
[4627, 3.938, 3.93]
[4188, 3.93, 4.141]
[4188, 4.141, 4.221]
[4231, 4.221, 4.223]
[4228, 4.223, 4.275]
[4386, 4.275, 4.318]
[4188, 4.318, 4.336]
[4403, 4.336, 4.063]
[4334, 4.063, 4.229]
[4474, 4.229, 4.565]
[4426, 4.565, 4.518]
[4475, 4.518, 4.334]
[4188, 4.334, 4.336]
[4342, 4.336, 4.28]
[4246, 4.28, 4.274]
[4339, 4.274, 4.385]
[4526, 4.385, 4.464]
[4465, 4.464, 4.332]
[4341, 4.332, 4.146]
[4200, 4.146, 4.347]
[4358, 4.347, 4.312]
[4376, 4.312, 4.289]
[4240, 4.289, 4.246]
[4485, 4.246, 4.234]
[4345, 4.234, 4.269]
[4465, 4.269, 4.298]
[4303, 4.298, 4.191]
[4342, 4.191, 4.111]
[4450, 4.111, 4.063]
[4375, 4.063, 3.895]
[4206, 3.895, 3.891]
[4374, 3.891, 3.956]
[4245, 3.956, 4.079]
[4370, 4.079, 4.136]
[4244, 4.136, 4.132]
[4275, 4.132, 4.159]
[4311, 4.159, 4.388]
[4373, 4.388, 4.105]
[4379, 4.105, 4.175]
[4551, 4.175, 4.353]
[4446, 4.353, 4.188]
[4188, 4.188, 4.051]
[4188, 4.051, 4.188]
[4188, 4.188, 4.351]
[4362, 4.351, 4.357]
[4259, 4.357, 4.314]
[4541, 4.314, 4.534]
[4472, 4.534, 4.517]
[4277, 4.517, 4.398]
[4188, 4.398, 4.39]
[4642, 4.39, 4.402]
[4279, 4.402, 4.418]
[4295, 4.418, 4.421]
[4315, 4.421, 4.379]
[4264, 4.379, 4.438]
[4449, 4.438, 4.558]
[4486, 4.558, 4.515]
[4213, 4.515, 4.547]
[4282, 4.547, 4.492]
[4485, 4.492, 4.681]
[4496, 4.681, 4.665]
[4472, 4.665, 4.397]
[4207, 4.397, 4.376]
[4426, 4.376, 4.503]
[4567, 4.503, 4.351]
[4486, 4.351, 4.29]
[4403, 4.29, 4.354]
[4349, 4.354, 4.434]
[4289, 4.434, 4.199]
[4535, 4.199, 4.205]
[4188, 4.205, 4.118]
[4278, 4.118, 4.058]
[4283, 4.058, 4.157]
[4458, 4.157, 4.148]
[4227, 4.148, 4.056]
[4312, 4.056, 4.198]
[4401, 4.198, 4.354]
[4478, 4.354, 4.297]
[4382, 4.297, 4.271]
[4394, 4.271, 4.516]
[4188, 4.516, 4.666]
[4397, 4.666, 4.571]
[4188, 4.571, 4.517]
[4269, 4.517, 4.565]
[4461, 4.565, 4.602]
[4403, 4.602, 4.519]
[4266, 4.519, 4.567]
[4354, 4.567, 4.542]
[4275, 4.542, 4.476]
[4549, 4.476, 4.439]
[4638, 4.439, 4.249]
[4262, 4.249, 4.099]
[4554, 4.099, 4.202]
[4525, 4.202, 4.286]
[4432, 4.286, 4.125]
[4451, 4.125, 4.059]
[4417, 4.059, 4.009]
[4644, 4.009, 3.906]
[4554, 3.906, 3.914]
[4352, 3.914, 3.882]
[4518, 3.882, 3.862]
[4664, 3.862, 4.014]
[4667, 4.014, 4.089]
[4473, 4.089, 3.769]
[4274, 3.769, 3.82]
[4434, 3.82, 4.184]
[4285, 4.184, 4.012]
[4239, 4.012, 3.977]
[4347, 3.977, 4.143]
[4198, 4.143, 4.072]
[4261, 4.072, 4.163]
[4188, 4.163, 4.195]
[4370, 4.195, 4.079]
[4302, 4.079, 4.081]
[4566, 4.081, 4.079]
[4450, 4.079, 4.089]
[4291, 4.089, 3.878]
[4310, 3.878, 3.964]
[4193, 3.964, 4.021]
[4249, 4.021, 4.143]
[4466, 4.143, 3.807]
[4188, 3.807, 3.687]
[4456, 3.687, 3.782]
[4417, 3.782, 3.945]
[4408, 3.945, 3.766]
[4265, 3.766, 3.785]
[4188, 3.785, 3.923]
[4582, 3.923, 4.057]
[4330, 4.057, 4.063]
[4324, 4.063, 4.079]
[4220, 4.079, 4.155]
[4536, 4.155, 4.208]
[4208, 4.208, 4.163]
[4224, 4.163, 4.127]
[4397, 4.127, 4.204]
[4320, 4.204, 4.173]
[4188, 4.173, 4.176]
[4328, 4.176, 4.259]
[4490, 4.259, 4.245]
[4188, 4.245, 4.125]
[4261, 4.125, 4.249]
[4211, 4.249, 4.222]
[4327, 4.222, 4.198]
[4210, 4.198, 4.206]
[4234, 4.206, 4.221]
[4218, 4.221, 4.246]
[4482, 4.246, 4.169]
[4303, 4.169, 4.133]
[4188, 4.133, 4.276]
[4364, 4.276, 4.452]
[4327, 4.452, 4.359]
[4480, 4.359, 4.437]
[4275, 4.437, 4.403]
[4188, 4.403, 4.538]
[4330, 4.538, 4.517]
[4412, 4.517, 4.59]
[4477, 4.59, 4.879]
[4455, 4.879, 4.741]
[4408, 4.741, 4.688]
[4312, 4.688, 4.862]
[4394, 4.862, 4.938]
[4405, 4.938, 4.781]
[4239, 4.781, 4.685]
[4221, 4.685, 4.739]
[4459, 4.739, 4.66]
[4188, 4.66, 4.484]
[4199, 4.484, 4.48]
[4188, 4.48, 4.784]
[4328, 4.784, 4.731]
[4388, 4.731, 4.524]
[4188, 4.524, 4.897]
[4321, 4.897, 4.937]
[4376, 4.937, 4.743]
[4369, 4.743, 4.64]
[4198, 4.64, 4.711]
[4356, 4.711, 4.74]
[4188, 4.74, 4.836]
[4369, 4.836, 4.68]
[4188, 4.68, 4.702]
[4531, 4.702, 4.735]
[4231, 4.735, 4.639]
[4452, 4.639, 4.652]
[4457, 4.652, 4.637]
[4477, 4.637, 4.456]
[4350, 4.456, 4.442]
[4377, 4.442, 4.575]
[4369, 4.575, 4.486]
[4188, 4.486, 4.411]
[4221, 4.411, 4.539]
[4277, 4.539, 4.564]
[4555, 4.564, 4.46]
[4398, 4.46, 4.498]
[4266, 4.498, 4.559]
[4388, 4.559, 4.6]
[4516, 4.6, 4.377]
[4224, 4.377, 4.171]
[4295, 4.171, 4.297]
[4421, 4.297, 4.353]
[4341, 4.353, 4.161]
[4389, 4.161, 4.291]
[4300, 4.291, 4.321]
[4321, 4.321, 4.125]
[4398, 4.125, 4.045]
[4188, 4.045, 4.047]
[4411, 4.047, 4.19]
[4462, 4.19, 4.119]
[4194, 4.119, 4.044]
[4390, 4.044, 4.282]
[4325, 4.282, 4.265]
[4259, 4.265, 4.197]
[4274, 4.197, 4.3]
[4201, 4.3, 4.217]
[4265, 4.217, 4.242]
[4313, 4.242, 4.448]
[4306, 4.448, 4.525]
[4366, 4.525, 4.467]
[4210, 4.467, 4.518]
[4210, 4.518, 4.47]
[4372, 4.47, 4.384]
[4346, 4.384, 4.396]
[4266, 4.396, 4.41]
[4498, 4.41, 4.489]
[4373, 4.489, 4.413]
[4271, 4.413, 4.407]
[4317, 4.407, 4.501]
[4356, 4.501, 4.471]
[4188, 4.471, 4.356]
[4531, 4.356, 4.649]
[4320, 4.649, 4.574]
[4264, 4.574, 4.391]
[4188, 4.391, 4.524]
[4188, 4.524, 4.666]
[4684, 4.666, 4.607]
[4459, 4.607, 4.476]
[4619, 4.476, 4.32]
[4402, 4.32, 4.165]
[4366, 4.165, 4.163]
[4226, 4.163, 4.199]
[4188, 4.199, 4.272]
[4410, 4.272, 4.074]
[4347, 4.074, 4.059]
[4473, 4.059, 4.088]
[4526, 4.088, 4.149]
[4267, 4.149, 4.154]
[4458, 4.154, 4.141]
[4468, 4.141, 4.073]
[4445, 4.073, 4.006]
[4188, 4.006, 4.089]
[4188, 4.089, 4.35]
[4254, 4.35, 4.317]
[4241, 4.317, 4.357]
[4246, 4.357, 4.56]
[4250, 4.56, 4.506]
[4554, 4.506, 4.428]
[4339, 4.428, 4.326]
[4388, 4.326, 4.437]
[4424, 4.437, 4.304]
[4188, 4.304, 4.381]
[4365, 4.381, 4.454]
[4382, 4.454, 4.256]
[4444, 4.256, 4.396]
[4201, 4.396, 4.472]
[4373, 4.472, 4.485]
[4267, 4.485, 4.44]
[4227, 4.44, 4.484]
[4230, 4.484, 4.611]
[4438, 4.611, 4.53]
[4260, 4.53, 4.654]
[4469, 4.654, 4.525]
[4615, 4.525, 4.379]
[4256, 4.379, 4.61]
[4245, 4.61, 4.502]
[4339, 4.502, 4.265]
[4327, 4.265, 4.108]
[4485, 4.108, 4.199]
[4511, 4.199, 4.07]
[4274, 4.07, 3.866]
[4314, 3.866, 4.154]
[4283, 4.154, 4.376]
[4322, 4.376, 4.326]
[4408, 4.326, 4.188]
[4394, 4.188, 4.229]
[4188, 4.229, 4.446]
[4625, 4.446, 4.323]
[4573, 4.323, 4.145]
[4260, 4.145, 4.113]
[4269, 4.113, 4.318]
[4315, 4.318, 4.357]
[4188, 4.357, 4.524]
[4273, 4.524, 4.551]
[4343, 4.551, 4.598]
[4447, 4.598, 4.647]
[4303, 4.647, 4.673]
[4188, 4.673, 4.854]
[4440, 4.854, 4.811]
[4433, 4.811, 4.85]
[4314, 4.85, 4.782]
[4294, 4.782, 4.806]
[4314, 4.806, 4.826]
[4430, 4.826, 4.973]
[4349, 4.973, 4.938]
[4347, 4.938, 4.901]
[4393, 4.901, 4.87]
[4281, 4.87, 4.905]
[4236, 4.905, 5.006]
[4605, 5.006, 5.17]
[4456, 5.17, 5.067]
[4480, 5.067, 4.811]
[4266, 4.811, 4.914]
[4252, 4.914, 5.041]
[4239, 5.041, 4.943]
[4456, 4.943, 4.978]
[4300, 4.978, 5.044]
[4345, 5.044, 5.221]
[4188, 5.221, 5.227]
[4285, 5.227, 5.089]
[4315, 5.089, 4.897]
[4280, 4.897, 4.867]
[4315, 4.867, 5.077]
[4298, 5.077, 4.991]
[4307, 4.991, 4.974]
[4360, 4.974, 5.013]
[4293, 5.013, 5.28]
[4188, 5.28, 5.375]
[4516, 5.375, 5.198]
[4286, 5.198, 5.296]
[4188, 5.296, 5.37]
[4293, 5.37, 5.67]
[4254, 5.67, 5.563]
[4312, 5.563, 5.407]
[4239, 5.407, 5.375]
[4188, 5.375, 5.482]
[4298, 5.482, 5.621]
[4568, 5.621, 5.566]
[4436, 5.566, 5.51]
[4489, 5.51, 5.641]
[4235, 5.641, 5.853]
[4240, 5.853, 6.054]
[4536, 6.054, 6.016]
[4280, 6.016, 5.867]
[4331, 5.867, 6.021]
[4412, 6.021, 5.9]
[4515, 5.9, 5.853]
[4412, 5.853, 5.894]
[4379, 5.894, 5.765]
[4226, 5.765, 5.791]
[4419, 5.791, 5.969]
[4292, 5.969, 5.856]
[4216, 5.856, 5.81]
[4188, 5.81, 5.888]
[4458, 5.888, 5.67]
[4188, 5.67, 5.444]
[4455, 5.444, 5.779]
[4351, 5.779, 5.798]
[4188, 5.798, 5.617]
[4249, 5.617, 5.54]
[4331, 5.54, 5.566]
[4255, 5.566, 5.554]
[4319, 5.554, 5.518]
[4333, 5.518, 5.356]
[4217, 5.356, 5.539]
[4320, 5.539, 5.589]
[4341, 5.589, 5.543]
[4302, 5.543, 5.482]
[4378, 5.482, 5.363]
[4197, 5.363, 5.361]
[4348, 5.361, 5.508]
[4316, 5.508, 5.463]
[4402, 5.463, 5.213]
[4188, 5.213, 5.239]
[4293, 5.239, 5.451]
[4310, 5.451, 5.458]
[4369, 5.458, 5.249]
[4241, 5.249, 5.124]
[4408, 5.124, 5.193]
[4344, 5.193, 5.214]
[4409, 5.214, 5.187]
[4489, 5.187, 5.085]
[4321, 5.085, 4.979]
[4239, 4.979, 5.057]
[4578, 5.057, 4.811]
[4290, 4.811, 4.865]
[4396, 4.865, 4.91]
[4400, 4.91, 4.857]
[4530, 4.857, 4.708]
[4327, 4.708, 4.649]
[4314, 4.649, 4.644]
[4392, 4.644, 4.835]
[4554, 4.835, 4.698]
[4204, 4.698, 4.469]
[4276, 4.469, 4.536]
[4217, 4.536, 4.597]
[4459, 4.597, 4.67]
[4418, 4.67, 4.553]
[4275, 4.553, 4.561]
[4188, 4.561, 4.737]
[4493, 4.737, 4.753]
[4227, 4.753, 4.717]
[4420, 4.717, 4.847]
[4479, 4.847, 4.669]
[4472, 4.669, 4.592]
[4262, 4.592, 4.479]
[4243, 4.479, 4.624]
[4333, 4.624, 4.747]
[4285, 4.747, 4.708]
[4429, 4.708, 4.649]
[4188, 4.649, 4.711]
[4188, 4.711, 4.781]
[4714, 4.781, 4.789]
[4352, 4.789, 4.619]
[4322, 4.619, 4.621]
[4212, 4.621, 4.874]
[4380, 4.874, 4.837]
[4385, 4.837, 4.944]
[4453, 4.944, 4.965]
[4280, 4.965, 5.005]
[4380, 5.005, 5.043]
[4314, 5.043, 4.976]
[4628, 4.976, 4.958]
[4257, 4.958, 4.815]
[4346, 4.815, 4.912]
[4195, 4.912, 5.057]
[4277, 5.057, 5.137]
[4423, 5.137, 5.262]
[4327, 5.262, 5.299]
[4333, 5.299, 5.439]
[4243, 5.439, 5.559]
[4188, 5.559, 5.451]
[4218, 5.451, 5.463]
[4354, 5.463, 5.707]
[4672, 5.707, 5.587]
[4397, 5.587, 5.317]
[4336, 5.317, 5.404]
[4246, 5.404, 5.494]
[4621, 5.494, 5.249]
[4326, 5.249, 5.071]
[4278, 5.071, 5.147]
[4515, 5.147, 5.233]
[4366, 5.233, 5.169]
[4188, 5.169, 5.2]
[4310, 5.2, 5.362]
[4268, 5.362, 5.495]
[4349, 5.495, 5.539]
[4415, 5.539, 5.403]
[4213, 5.403, 5.284]
[4328, 5.284, 5.184]
[4418, 5.184, 5.058]
[4319, 5.058, 4.914]
[4320, 4.914, 4.982]
[4269, 4.982, 5.051]
[4354, 5.051, 4.927]
[4317, 4.927, 4.874]
[4342, 4.874, 5.095]
[4391, 5.095, 4.906]
[4318, 4.906, 4.699]
[4295, 4.699, 4.767]
[4290, 4.767, 4.92]
[4458, 4.92, 4.924]
[4501, 4.924, 4.68]
[4273, 4.68, 4.799]
[4450, 4.799, 4.934]
[4374, 4.934, 4.859]
[4385, 4.859, 4.807]
[4200, 4.807, 4.906]
[4311, 4.906, 4.746]
[4242, 4.746, 4.787]
[4323, 4.787, 4.968]
[4294, 4.968, 4.877]
[4465, 4.877, 4.872]
[4545, 4.872, 4.806]
[4296, 4.806, 4.709]
[4468, 4.709, 4.65]
[4314, 4.65, 4.748]
[4296, 4.748, 4.65]
[4374, 4.65, 4.491]
[4297, 4.491, 4.597]
[4258, 4.597, 4.647]
[4517, 4.647, 4.685]
[4245, 4.685, 4.645]
[4312, 4.645, 4.665]
[4188, 4.665, 4.625]
[4367, 4.625, 4.51]
[4188, 4.51, 4.545]
[4384, 4.545, 4.527]
[4302, 4.527, 4.51]
[4285, 4.51, 4.546]
[4472, 4.546, 4.668]
[4325, 4.668, 4.533]
[4221, 4.533, 4.629]
[4189, 4.629, 4.669]
[4424, 4.669, 4.68]
[4329, 4.68, 4.556]
[4443, 4.556, 4.442]
[4294, 4.442, 4.376]
[4435, 4.376, 4.291]
[4236, 4.291, 4.409]
[4299, 4.409, 4.42]
[4541, 4.42, 4.163]
[4578, 4.163, 4.193]
[4500, 4.193, 4.054]
[4249, 4.054, 4.139]
[4219, 4.139, 4.144]
[4374, 4.144, 4.274]
[4509, 4.274, 4.343]
[4718, 4.343, 4.229]
[4462, 4.229, 4.181]
[4188, 4.181, 4.081]
[4202, 4.081, 4.158]
[4251, 4.158, 4.423]
[4335, 4.423, 4.422]
[4527, 4.422, 4.409]
[4442, 4.409, 4.344]
[4592, 4.344, 4.359]
[4413, 4.359, 4.43]
[4215, 4.43, 4.349]
[4189, 4.349, 4.374]
[4506, 4.374, 4.492]
[4519, 4.492, 4.294]
[4248, 4.294, 4.321]
[4285, 4.321, 4.494]
[4353, 4.494, 4.277]
[4326, 4.277, 4.192]
[4219, 4.192, 4.386]
[4750, 4.386, 4.372]
[4349, 4.372, 4.062]
[4213, 4.062, 4.255]
[4188, 4.255, 4.597]
[4551, 4.597, 4.469]
[4639, 4.469, 4.278]
[4507, 4.278, 4.189]
[4417, 4.189, 4.395]
[4574, 4.395, 4.185]
[4329, 4.185, 4.225]
[4188, 4.225, 4.269]
[4188, 4.269, 4.325]
[4497, 4.325, 4.348]
[4226, 4.348, 4.367]
[4462, 4.367, 4.375]
[4390, 4.375, 4.208]
[4188, 4.208, 4.29]
[4389, 4.29, 4.289]
[4205, 4.289, 4.334]
[4344, 4.334, 4.506]
[4534, 4.506, 4.574]
[4397, 4.574, 4.758]
[4223, 4.758, 4.805]
[4241, 4.805, 4.748]
[4340, 4.748, 4.864]
[4318, 4.864, 4.943]
[4290, 4.943, 4.824]
[4208, 4.824, 4.895]
[4263, 4.895, 5.078]
[4631, 5.078, 4.977]
[4189, 4.977, 4.842]
[4296, 4.842, 4.871]
[4456, 4.871, 5.23]
[4597, 5.23, 5.108]
[4339, 5.108, 4.79]
[4290, 4.79, 4.646]
[4411, 4.646, 4.633]
[4188, 4.633, 4.8]
[4307, 4.8, 4.539]
[4188, 4.539, 4.588]
[4361, 4.588, 4.821]
[4493, 4.821, 4.891]
[4359, 4.891, 4.666]
[4188, 4.666, 4.772]
[4196, 4.772, 4.862]
[4465, 4.862, 4.929]
[4300, 4.929, 4.732]
[4507, 4.732, 5.171]
[4530, 5.171, 5.416]
[4553, 5.416, 5.163]
[4404, 5.163, 4.768]
[4295, 4.768, 4.763]
[4292, 4.763, 4.911]
[4295, 4.911, 4.843]
[4266, 4.843, 4.677]
[4188, 4.677, 4.667]
[4318, 4.667, 4.914]
[4557, 4.914, 5.329]
[4410, 5.329, 5.395]
[4488, 5.395, 5.36]
[4188, 5.36, 5.425]
[4363, 5.425, 5.338]
[4344, 5.338, 5.246]
[4298, 5.246, 5.346]
[4308, 5.346, 5.311]
[4287, 5.311, 5.3]
[4208, 5.3, 5.341]
[4361, 5.341, 5.454]
[4188, 5.454, 5.58]
[4321, 5.58, 5.52]
[4414, 5.52, 5.466]
[4375, 5.466, 5.412]
[4188, 5.412, 5.451]
[4302, 5.451, 5.419]
[4426, 5.419, 5.471]
[4341, 5.471, 5.459]
[4205, 5.459, 5.424]
[4543, 5.424, 5.743]
[4521, 5.743, 5.88]
[4308, 5.88, 5.718]
[4341, 5.718, 5.75]
[4305, 5.75, 5.959]
[4260, 5.959, 6.018]
[4394, 6.018, 5.858]
[4412, 5.858, 5.8]
[4376, 5.8, 6.012]
[4335, 6.012, 5.987]
[4318, 5.987, 5.998]
[4452, 5.998, 6.103]
[4287, 6.103, 6.031]
[4422, 6.031, 6.13]
[4502, 6.13, 6.149]
[4352, 6.149, 6.144]
[4270, 6.144, 6.239]
[4444, 6.239, 6.25]
[4405, 6.25, 6.021]
[4193, 6.021, 6.028]
[4528, 6.028, 6.172]
[4188, 6.172, 6.176]
[4640, 6.176, 6.362]
[4606, 6.362, 6.32]
[4188, 6.32, 6.362]
[4194, 6.362, 6.377]
[4340, 6.377, 6.33]
[4290, 6.33, 6.198]
[4253, 6.198, 6.331]
[4271, 6.331, 6.369]
[4378, 6.369, 6.157]
[4273, 6.157, 6.14]
[4188, 6.14, 6.331]
[4315, 6.331, 6.3]
[4188, 6.3, 6.146]
[4279, 6.146, 6.116]
[4508, 6.116, 6.343]
[4226, 6.343, 6.255]
[4528, 6.255, 6.263]
[4482, 6.263, 6.226]
[4311, 6.226, 6.24]
[4641, 6.24, 6.434]
[4425, 6.434, 6.332]
[4463, 6.332, 6.147]
[4188, 6.147, 6.233]
[4228, 6.233, 6.228]
[4241, 6.228, 6.32]
[4332, 6.32, 6.213]
[4231, 6.213, 6.271]
[4388, 6.271, 6.379]
[4206, 6.379, 6.366]
[4378, 6.366, 6.117]
[4235, 6.117, 6.011]
[4188, 6.011, 6.243]
[4258, 6.243, 6.17]
[4341, 6.17, 6.162]
[4281, 6.162, 6.172]
[4223, 6.172, 6.237]
[4275, 6.237, 6.257]
[4188, 6.257, 6.399]
[4468, 6.399, 6.619]
[4469, 6.619, 6.533]
[4259, 6.533, 6.459]
[4557, 6.459, 6.603]
[4341, 6.603, 6.384]
[4335, 6.384, 6.376]
[4228, 6.376, 6.424]
[4486, 6.424, 6.493]
[4500, 6.493, 6.443]
[4327, 6.443, 6.325]
[4262, 6.325, 6.454]
[4282, 6.454, 6.447]
[4413, 6.447, 6.123]
[4322, 6.123, 6.029]
[4332, 6.029, 6.069]
[4478, 6.069, 6.23]
[4422, 6.23, 5.963]
[4303, 5.963, 5.874]
[4299, 5.874, 5.987]
[4314, 5.987, 6.148]
[4346, 6.148, 5.999]
[4444, 5.999, 5.826]
[4188, 5.826, 5.781]
[4528, 5.781, 5.979]
[4188, 5.979, 5.898]
[4315, 5.898, 5.811]
[4351, 5.811, 5.551]
[4291, 5.551, 5.635]
[4201, 5.635, 5.86]
[4459, 5.86, 5.816]
[4325, 5.816, 5.758]
[4506, 5.758, 5.717]
[4271, 5.717, 5.7]
[4284, 5.7, 5.639]
[4188, 5.639, 5.666]
[4280, 5.666, 5.73]
[4402, 5.73, 5.933]
[4373, 5.933, 5.799]
[4196, 5.799, 5.698]
[4350, 5.698, 5.814]
[4261, 5.814, 6.078]
[4466, 6.078, 5.822]
[4354, 5.822, 6.007]
[4351, 6.007, 6.161]
[4339, 6.161, 6.123]
[4188, 6.123, 5.865]
[4270, 5.865, 5.884]
[4244, 5.884, 6.115]
[4435, 6.115, 5.869]
[4289, 5.869, 5.842]
[4418, 5.842, 5.879]
[4256, 5.879, 5.794]
[4506, 5.794, 5.866]
[4348, 5.866, 5.776]
[4308, 5.776, 5.697]
[4342, 5.697, 5.708]
[4349, 5.708, 5.829]
[4234, 5.829, 5.853]
[4432, 5.853, 6.058]
[4343, 6.058, 5.818]
[4202, 5.818, 5.654]
[4379, 5.654, 5.92]
[4415, 5.92, 5.782]
[4348, 5.782, 5.608]
[4417, 5.608, 5.785]
[4612, 5.785, 5.693]
[4212, 5.693, 5.54]
[4261, 5.54, 5.592]
[4264, 5.592, 5.578]
[4341, 5.578, 5.617]
[4291, 5.617, 5.428]
[4220, 5.428, 5.421]
[4188, 5.421, 5.635]
[4398, 5.635, 6.131]
[4474, 6.131, 5.991]
[4403, 5.991, 6.198]
[4269, 6.198, 6.233]
[4188, 6.233, 6.359]
[4321, 6.359, 6.37]
[4522, 6.37, 6.186]
[4302, 6.186, 6.166]
[4188, 6.166, 6.186]
[4305, 6.186, 6.207]
[4261, 6.207, 6.083]
[4267, 6.083, 6.06]
[4368, 6.06, 6.008]
[4313, 6.008, 5.904]
[4345, 5.904, 5.993]
[4358, 5.993, 6.071]
[4251, 6.071, 6.048]
[4251, 6.048, 6.314]
[4294, 6.314, 6.428]
[4337, 6.428, 6.404]
[4320, 6.404, 6.626]
[4302, 6.626, 6.583]
[4267, 6.583, 6.402]
[4283, 6.402, 6.568]
[4350, 6.568, 6.569]
[4408, 6.569, 6.631]
[4330, 6.631, 6.873]
[4326, 6.873, 6.971]
[4324, 6.971, 6.991]
[4313, 6.991, 7.208]
[4197, 7.208, 7.418]
[4216, 7.418, 7.372]
[4243, 7.372, 7.184]
[4549, 7.184, 7.332]
[4491, 7.332, 7.218]
[4345, 7.218, 7.169]
[4383, 7.169, 7.141]
[4393, 7.141, 7.084]
[4260, 7.084, 7.184]
[4190, 7.184, 7.32]
[4357, 7.32, 7.25]
[4583, 7.25, 7.312]
[4214, 7.312, 7.172]
[4286, 7.172, 7.128]
[4357, 7.128, 7.099]
[4381, 7.099, 6.946]
[4443, 6.946, 6.864]
[4363, 6.864, 7.145]
[4402, 7.145, 7.161]
[4395, 7.161, 7.166]
[4526, 7.166, 7.405]
[4270, 7.405, 7.47]
[4417, 7.47, 7.406]
[4516, 7.406, 7.497]
[4432, 7.497, 7.563]
[4188, 7.563, 7.506]
[4419, 7.506, 7.523]
[4188, 7.523, 7.448]
[4360, 7.448, 7.359]
[4188, 7.359, 7.482]
[4330, 7.482, 7.375]
[4301, 7.375, 7.414]
[4351, 7.414, 7.328]
[4258, 7.328, 7.233]
[4502, 7.233, 7.381]
[4305, 7.381, 7.491]
[4458, 7.491, 7.515]
[4235, 7.515, 7.41]
[4554, 7.41, 7.386]
[4309, 7.386, 7.549]
[4316, 7.549, 7.615]
[4188, 7.615, 7.716]
[4234, 7.716, 7.975]
[4188, 7.975, 8.34]
[4257, 8.34, 8.502]
[4305, 8.502, 8.263]
[4240, 8.263, 8.069]
[4337, 8.069, 8.063]
[4402, 8.063, 8.117]
[4332, 8.117, 8.015]
[4278, 8.015, 7.968]
[4475, 7.968, 7.987]
[4221, 7.987, 7.973]
[4264, 7.973, 7.892]
[4270, 7.892, 7.862]
[4301, 7.862, 7.968]
[4366, 7.968, 8.217]
[4433, 8.217, 7.805]
[4265, 7.805, 8.165]
[4339, 8.165, 8.234]
[4458, 8.234, 7.899]
[4247, 7.899, 8.018]
[4203, 8.018, 8.361]
[4362, 8.361, 8.351]
[4392, 8.351, 8.173]
[4266, 8.173, 8.09]
[4467, 8.09, 8.382]
[4255, 8.382, 8.202]
[4316, 8.202, 8.112]
