[90405, 100.0, 19.705]
[18792, 19.705, 9.184]
[8178, 9.184, 5.086]
[4757, 5.086, 3.821]
[4188, 3.821, 4.161]
[4472, 4.161, 4.516]
[4580, 4.516, 4.146]
[4446, 4.146, 3.871]
[4316, 3.871, 4.062]
[4246, 4.062, 4.425]
[4400, 4.425, 4.204]
[4440, 4.204, 4.089]
[4188, 4.089, 4.182]
[4289, 4.182, 4.181]
[4606, 4.181, 4.193]
[4228, 4.193, 4.083]
[4259, 4.083, 4.24]
[4272, 4.24, 4.272]
[4280, 4.272, 4.182]
[4315, 4.182, 4.18]
[4473, 4.18, 4.15]
[4307, 4.15, 4.159]
[4397, 4.159, 4.236]
[4348, 4.236, 4.334]
[4288, 4.334, 4.225]
[4395, 4.225, 4.297]
[4407, 4.297, 4.388]
[4188, 4.388, 4.417]
[4399, 4.417, 4.386]
[4493, 4.386, 4.409]
[4327, 4.409, 4.499]
[4244, 4.499, 4.526]
[4400, 4.526, 4.252]
[4188, 4.252, 4.302]
[4239, 4.302, 4.432]
[4390, 4.432, 4.273]
[4246, 4.273, 4.201]
[4213, 4.201, 4.387]
[4451, 4.387, 4.17]
[4301, 4.17, 4.151]
[4250, 4.151, 4.149]
[4341, 4.149, 4.286]
[4366, 4.286, 4.108]
[4188, 4.108, 4.194]
[4524, 4.194, 4.393]
[4230, 4.393, 4.385]
[4529, 4.385, 4.298]
[4253, 4.298, 4.222]
[4188, 4.222, 4.232]
[4251, 4.232, 4.276]
[4281, 4.276, 4.247]
[4349, 4.247, 4.342]
[4258, 4.342, 4.444]
[4267, 4.444, 4.446]
[4188, 4.446, 4.464]
[4327, 4.464, 4.498]
[4276, 4.498, 4.467]
[4265, 4.467, 4.547]
[4478, 4.547, 4.398]
[4517, 4.398, 4.359]
[4493, 4.359, 4.276]
[4440, 4.276, 4.109]
[4549, 4.109, 3.918]
[4225, 3.918, 3.888]
[4209, 3.888, 4.102]
[4188, 4.102, 4.141]
[4291, 4.141, 4.278]
[4300, 4.278, 3.96]
[4188, 3.96, 4.044]
[4213, 4.044, 4.106]
[4548, 4.106, 4.086]
[4188, 4.086, 3.932]
[4230, 3.932, 4.107]
[4284, 4.107, 4.323]
[4252, 4.323, 4.366]
[4267, 4.366, 4.311]
[4188, 4.311, 4.319]
[4211, 4.319, 4.386]
[4294, 4.386, 4.412]
[4517, 4.412, 4.286]
[4188, 4.286, 4.304]
[4320, 4.304, 4.503]
[4606, 4.503, 4.543]
[4309, 4.543, 4.284]
[4371, 4.284, 4.399]
[4326, 4.399, 4.518]
[4531, 4.518, 4.395]
[4248, 4.395, 4.399]
[4323, 4.399, 4.436]
[4555, 4.436, 4.531]
[4291, 4.531, 4.323]
[4335, 4.323, 4.515]
[4315, 4.515, 4.496]
[4295, 4.496, 4.464]
[4323, 4.464, 4.372]
[4303, 4.372, 4.476]
[4605, 4.476, 4.398]
[4429, 4.398, 4.175]
[4348, 4.175, 4.137]
[4397, 4.137, 4.163]
[4338, 4.163, 4.123]
[4271, 4.123, 4.098]
[4260, 4.098, 4.035]
[4292, 4.035, 3.967]
[4466, 3.967, 3.842]
[4460, 3.842, 3.775]
[4348, 3.775, 3.78]
[4295, 3.78, 3.837]
[4220, 3.837, 3.984]
[4352, 3.984, 4.071]
[4311, 4.071, 4.127]
[4475, 4.127, 4.136]
[4386, 4.136, 4.202]
[4230, 4.202, 4.332]
[4372, 4.332, 4.418]
[4234, 4.418, 4.264]
[4329, 4.264, 4.291]
[4388, 4.291, 4.429]
[4385, 4.429, 4.275]
[4313, 4.275, 4.111]
[4188, 4.111, 4.231]
[4412, 4.231, 4.448]
[4428, 4.448, 4.227]
[4188, 4.227, 4.234]
[4291, 4.234, 4.376]
[4332, 4.376, 4.347]
[4328, 4.347, 4.263]
[4275, 4.263, 4.371]
[4369, 4.371, 4.332]
[4287, 4.332, 4.33]
[4385, 4.33, 4.4]
[4244, 4.4, 4.499]
[4399, 4.499, 4.455]
[4188, 4.455, 4.517]
[4289, 4.517, 4.634]
[4421, 4.634, 4.397]
[4233, 4.397, 4.469]
[4283, 4.469, 4.537]
[4613, 4.537, 4.465]
[4382, 4.465, 4.397]
[4213, 4.397, 4.55]
[4403, 4.55, 4.672]
[4489, 4.672, 4.608]
[4345, 4.608, 4.567]
[4388, 4.567, 4.729]
[4471, 4.729, 4.599]
[4193, 4.599, 4.495]
[4319, 4.495, 4.714]
[4378, 4.714, 4.804]
[4436, 4.804, 4.594]
[4291, 4.594, 4.552]
[4422, 4.552, 4.666]
[4202, 4.666, 4.75]
[4244, 4.75, 4.712]
[4345, 4.712, 4.647]
[4188, 4.647, 4.655]
[4292, 4.655, 4.571]
[4336, 4.571, 4.575]
[4239, 4.575, 4.624]
[4295, 4.624, 4.543]
[4351, 4.543, 4.53]
[4409, 4.53, 4.587]
[4222, 4.587, 4.453]
[4297, 4.453, 4.566]
[4825, 4.566, 4.549]
[4544, 4.549, 4.145]
[4400, 4.145, 4.365]
[4198, 4.365, 4.619]
[4327, 4.619, 4.568]
[4234, 4.568, 4.372]
[4348, 4.372, 4.395]
[4245, 4.395, 4.283]
[4334, 4.283, 4.328]
[4257, 4.328, 4.361]
[4590, 4.361, 4.233]
[4458, 4.233, 3.866]
[4188, 3.866, 4.01]
[4368, 4.01, 4.087]
[4396, 4.087, 3.947]
[4310, 3.947, 3.896]
[4305, 3.896, 4.051]
[4240, 4.051, 4.08]
[4314, 4.08, 4.102]
[4752, 4.102, 4.1]
[4189, 4.1, 4.106]
[4229, 4.106, 4.261]
[4341, 4.261, 4.228]
[4254, 4.228, 4.295]
[4381, 4.295, 4.366]
[4317, 4.366, 4.402]
[4560, 4.402, 4.283]
[4378, 4.283, 4.058]
[4300, 4.058, 3.916]
[4199, 3.916, 3.856]
[4477, 3.856, 3.813]
[4434, 3.813, 3.802]
[4316, 3.802, 3.827]
[4231, 3.827, 3.695]
[4306, 3.695, 3.643]
[4300, 3.643, 3.776]
[4366, 3.776, 3.684]
[4312, 3.684, 3.675]
[4228, 3.675, 3.808]
[4558, 3.808, 3.802]
[4382, 3.802, 3.665]
[4266, 3.665, 3.711]
[4344, 3.711, 3.674]
[4324, 3.674, 3.714]
[4326, 3.714, 3.536]
[4296, 3.536, 3.546]
[4258, 3.546, 3.644]
[4188, 3.644, 3.677]
[4324, 3.677, 3.657]
[4287, 3.657, 3.554]
[4234, 3.554, 3.68]
[4188, 3.68, 3.94]
[4640, 3.94, 3.743]
[4413, 3.743, 3.546]
[4303, 3.546, 3.568]
[4255, 3.568, 3.797]
[4357, 3.797, 3.721]
[4433, 3.721, 3.606]
[4239, 3.606, 3.724]
[4291, 3.724, 3.762]
[4403, 3.762, 3.816]
[4188, 3.816, 3.85]
[4407, 3.85, 3.944]
[4234, 3.944, 3.931]
[4371, 3.931, 3.959]
[4188, 3.959, 4.015]
[4366, 4.015, 3.983]
[4188, 3.983, 4.065]
[4188, 4.065, 4.114]
[4190, 4.114, 4.166]
[4348, 4.166, 4.111]
[4368, 4.111, 4.07]
[4188, 4.07, 4.241]
[4284, 4.241, 4.374]
[4519, 4.374, 4.219]
[4419, 4.219, 4.091]
[4188, 4.091, 4.243]
[4466, 4.243, 4.19]
[4562, 4.19, 4.023]
[4297, 4.023, 3.893]
[4361, 3.893, 3.993]
[4413, 3.993, 4.131]
[4273, 4.131, 4.063]
[4251, 4.063, 3.968]
[4366, 3.968, 4.186]
[4269, 4.186, 4.257]
[4310, 4.257, 4.364]
[4191, 4.364, 4.257]
[4423, 4.257, 4.456]
[4448, 4.456, 4.6]
[4482, 4.6, 4.363]
[4202, 4.363, 4.282]
[4188, 4.282, 4.346]
[4256, 4.346, 4.39]
[4188, 4.39, 4.295]
[4250, 4.295, 4.231]
[4447, 4.231, 4.335]
[4399, 4.335, 4.084]
[4553, 4.084, 4.225]
[4379, 4.225, 4.343]
[4330, 4.343, 4.499]
[4226, 4.499, 4.415]
[4406, 4.415, 4.387]
[4612, 4.387, 4.278]
[4344, 4.278, 4.098]
[4215, 4.098, 4.164]
[4428, 4.164, 4.063]
[4452, 4.063, 4.039]
[4375, 4.039, 4.049]
[4508, 4.049, 4.074]
[4188, 4.074, 4.145]
[4308, 4.145, 4.093]
[4188, 4.093, 4.22]
[4340, 4.22, 4.26]
[4376, 4.26, 4.232]
[4347, 4.232, 4.305]
[4322, 4.305, 4.203]
[4442, 4.203, 4.308]
[4247, 4.308, 4.301]
[4334, 4.301, 4.304]
[4299, 4.304, 4.282]
[4220, 4.282, 4.228]
[4219, 4.228, 4.342]
[4188, 4.342, 4.329]
[4257, 4.329, 4.272]
[4321, 4.272, 4.289]
[4316, 4.289, 4.334]
[4188, 4.334, 4.506]
[4359, 4.506, 4.294]
[4188, 4.294, 4.327]
[4431, 4.327, 4.568]
[4431, 4.568, 4.577]
[4312, 4.577, 4.371]
[4190, 4.371, 4.565]
[4231, 4.565, 4.648]
[4410, 4.648, 4.468]
[4309, 4.468, 4.505]
[4419, 4.505, 4.345]
[4303, 4.345, 4.481]
[4249, 4.481, 4.408]
[4302, 4.408, 4.376]
[4293, 4.376, 4.434]
[4203, 4.434, 4.558]
[4317, 4.558, 4.478]
[4336, 4.478, 4.599]
[4546, 4.599, 4.813]
[4382, 4.813, 4.549]
[4188, 4.549, 4.661]
[4368, 4.661, 4.772]
[4191, 4.772, 4.827]
[4407, 4.827, 4.614]
[4218, 4.614, 4.608]
[4390, 4.608, 4.866]
[4575, 4.866, 4.73]
[4492, 4.73, 4.403]
[4405, 4.403, 4.773]
[4258, 4.773, 4.892]
[4434, 4.892, 4.612]
[4475, 4.612, 4.64]
[4258, 4.64, 4.81]
[4353, 4.81, 4.651]
[4324, 4.651, 4.394]
[4303, 4.394, 4.427]
[4338, 4.427, 4.55]
[4277, 4.55, 4.481]
[4542, 4.481, 4.286]
[4339, 4.286, 4.313]
[4258, 4.313, 4.269]
[4258, 4.269, 4.246]
[4350, 4.246, 4.268]
[4312, 4.268, 4.327]
[4346, 4.327, 4.288]
[4273, 4.288, 4.448]
[4188, 4.448, 4.428]
[4307, 4.428, 4.322]
[4515, 4.322, 4.419]
[4328, 4.419, 4.451]
[4332, 4.451, 4.471]
[4642, 4.471, 4.431]
[4652, 4.431, 4.168]
[4307, 4.168, 4.048]
[4305, 4.048, 4.199]
[4296, 4.199, 4.041]
[4454, 4.041, 4.016]
[4225, 4.016, 4.24]
[4262, 4.24, 4.246]
[4325, 4.246, 4.17]
[4269, 4.17, 4.137]
[4229, 4.137, 4.249]
[4340, 4.249, 4.204]
[4347, 4.204, 4.119]
[4270, 4.119, 4.373]
[4256, 4.373, 4.39]
[4290, 4.39, 4.237]
[4188, 4.237, 4.274]
[4188, 4.274, 4.272]
[4261, 4.272, 4.328]
[4425, 4.328, 4.191]
[4372, 4.191, 4.041]
[4188, 4.041, 4.217]
[4518, 4.217, 4.087]
[4246, 4.087, 3.864]
[4188, 3.864, 4.088]
[4188, 4.088, 4.502]
[4513, 4.502, 4.441]
[4363, 4.441, 4.379]
[4342, 4.379, 4.607]
[4210, 4.607, 4.626]
[4619, 4.626, 4.466]
[4270, 4.466, 4.454]
[4188, 4.454, 4.671]
[4462, 4.671, 4.6]
[4208, 4.6, 4.517]
[4263, 4.517, 4.649]
[4379, 4.649, 4.58]
[4368, 4.58, 4.497]
[4459, 4.497, 4.433]
[4536, 4.433, 4.29]
[4286, 4.29, 4.251]
[4390, 4.251, 4.515]
[4437, 4.515, 4.38]
[4188, 4.38, 4.375]
[4188, 4.375, 4.471]
[4261, 4.471, 4.701]
[4188, 4.701, 4.598]
[4361, 4.598, 4.699]
[4345, 4.699, 4.896]
[4465, 4.896, 4.722]
[4237, 4.722, 4.466]
[4189, 4.466, 4.641]
[4284, 4.641, 4.787]
[4188, 4.787, 4.841]
[4300, 4.841, 4.797]
[4485, 4.797, 4.661]
[4268, 4.661, 4.707]
[4292, 4.707, 4.615]
[4262, 4.615, 4.715]
[4353, 4.715, 4.675]
[4428, 4.675, 4.576]
[4332, 4.576, 4.509]
[4515, 4.509, 4.513]
[4344, 4.513, 4.408]
[4234, 4.408, 4.368]
[4658, 4.368, 4.402]
[4314, 4.402, 4.421]
[4188, 4.421, 4.583]
[4481, 4.583, 4.612]
[4454, 4.612, 4.462]
[4279, 4.462, 4.231]
[4343, 4.231, 4.435]
[4382, 4.435, 4.325]
[4296, 4.325, 4.202]
[4188, 4.202, 4.288]
[4479, 4.288, 4.258]
[4400, 4.258, 4.049]
[4188, 4.049, 4.167]
[4278, 4.167, 4.123]
[4303, 4.123, 4.22]
[4340, 4.22, 4.143]
[4249, 4.143, 4.144]
[4278, 4.144, 4.441]
[4231, 4.441, 4.532]
[4520, 4.532, 4.676]
[4221, 4.676, 4.496]
[4361, 4.496, 4.523]
[4570, 4.523, 4.543]
[4412, 4.543, 4.389]
[4497, 4.389, 4.378]
[4289, 4.378, 4.481]
[4254, 4.481, 4.663]
[4486, 4.663, 4.606]
[4435, 4.606, 4.646]
[4233, 4.646, 4.665]
[4264, 4.665, 4.706]
[4474, 4.706, 4.521]
[4321, 4.521, 4.304]
[4411, 4.304, 4.534]
[4221, 4.534, 4.62]
[4188, 4.62, 4.626]
[4188, 4.626, 4.595]
[4251, 4.595, 4.731]
[4188, 4.731, 4.744]
[4262, 4.744, 4.753]
[4270, 4.753, 5.072]
[4372, 5.072, 4.747]
[4346, 4.747, 4.728]
[4227, 4.728, 4.769]
[4562, 4.769, 4.929]
[4188, 4.929, 4.999]
[4520, 4.999, 4.679]
[4337, 4.679, 4.781]
[4248, 4.781, 4.826]
[4282, 4.826, 4.857]
[4310, 4.857, 4.707]
[4205, 4.707, 4.83]
[4556, 4.83, 4.828]
[4265, 4.828, 4.726]
[4404, 4.726, 4.967]
[4418, 4.967, 4.895]
[4399, 4.895, 4.778]
[4265, 4.778, 4.652]
[4356, 4.652, 5.128]
[4236, 5.128, 5.059]
[4522, 5.059, 4.789]
[4334, 4.789, 4.562]
[4415, 4.562, 4.558]
[4464, 4.558, 4.602]
[4676, 4.602, 4.202]
[4508, 4.202, 4.071]
[4458, 4.071, 4.264]
[4266, 4.264, 4.104]
[4341, 4.104, 3.936]
[4227, 3.936, 4.032]
[4234, 4.032, 4.315]
[4298, 4.315, 4.231]
[4340, 4.231, 4.196]
[4255, 4.196, 4.348]
[4421, 4.348, 4.288]
[4480, 4.288, 4.119]
[4302, 4.119, 4.22]
[4693, 4.22, 4.233]
[4367, 4.233, 4.001]
[4472, 4.001, 4.103]
[4400, 4.103, 4.074]
[4545, 4.074, 4.062]
[4365, 4.062, 3.93]
[4238, 3.93, 3.89]
[4208, 3.89, 3.996]
[4441, 3.996, 3.918]
[4382, 3.918, 3.912]
[4260, 3.912, 3.985]
[4271, 3.985, 4.085]
[4274, 4.085, 4.036]
[4271, 4.036, 4.03]
[4408, 4.03, 4.17]
[4409, 4.17, 3.972]
[4188, 3.972, 4.025]
[4188, 4.025, 4.144]
[4263, 4.144, 4.064]
[4423, 4.064, 4.125]
[4554, 4.125, 4.145]
[4255, 4.145, 4.082]
[4188, 4.082, 4.175]
[4222, 4.175, 4.324]
[4419, 4.324, 4.268]
[4270, 4.268, 4.515]
[4399, 4.515, 4.681]
[4276, 4.681, 4.536]
[4297, 4.536, 4.519]
[4720, 4.519, 4.723]
[4352, 4.723, 4.703]
[4301, 4.703, 4.615]
[4364, 4.615, 4.573]
[4258, 4.573, 4.637]
[4303, 4.637, 4.574]
[4392, 4.574, 4.616]
[4188, 4.616, 4.764]
[4188, 4.764, 4.825]
[4374, 4.825, 4.748]
[4393, 4.748, 4.798]
[4310, 4.798, 4.843]
[4273, 4.843, 4.68]
[4320, 4.68, 4.655]
[4262, 4.655, 4.794]
[4188, 4.794, 4.957]
[4459, 4.957, 4.872]
[4555, 4.872, 4.798]
[4544, 4.798, 4.71]
[4269, 4.71, 4.624]
[4378, 4.624, 4.741]
[4456, 4.741, 4.895]
[4403, 4.895, 4.831]
[4291, 4.831, 4.663]
[4336, 4.663, 4.64]
[4421, 4.64, 4.815]
[4395, 4.815, 4.758]
[4221, 4.758, 4.584]
[4345, 4.584, 4.701]
[4356, 4.701, 4.717]
[4193, 4.717, 4.694]
[4422, 4.694, 4.751]
[4211, 4.751, 4.774]
[4194, 4.774, 4.761]
[4371, 4.761, 4.663]
[4306, 4.663, 4.57]
[4188, 4.57, 4.635]
[4340, 4.635, 4.63]
[4316, 4.63, 4.579]
[4532, 4.579, 4.739]
[4326, 4.739, 4.569]
[4188, 4.569, 4.584]
[4431, 4.584, 4.624]
[4482, 4.624, 4.692]
[4188, 4.692, 4.551]
[4258, 4.551, 4.43]
[4328, 4.43, 4.481]
[4478, 4.481, 4.469]
[4372, 4.469, 4.32]
[4257, 4.32, 4.581]
[4588, 4.581, 4.668]
[4559, 4.668, 4.574]
[4316, 4.574, 4.226]
[4553, 4.226, 4.244]
[4383, 4.244, 4.07]
[4234, 4.07, 4.11]
[4281, 4.11, 4.129]
[4327, 4.129, 4.227]
[4406, 4.227, 4.217]
[4323, 4.217, 4.245]
[4348, 4.245, 4.417]
[4243, 4.417, 4.323]
[4503, 4.323, 4.289]
[4531, 4.289, 4.126]
[4336, 4.126, 4.021]
[4379, 4.021, 4.23]
[4188, 4.23, 4.302]
[4434, 4.302, 4.303]
[4282, 4.303, 4.348]
[4514, 4.348, 4.298]
[4231, 4.298, 4.305]
[4188, 4.305, 4.414]
[4462, 4.414, 4.307]
[4448, 4.307, 4.198]
[4291, 4.198, 4.025]
[4338, 4.025, 4.073]
[4353, 4.073, 4.021]
[4188, 4.021, 4.078]
[4350, 4.078, 3.917]
[4432, 3.917, 4.089]
[4426, 4.089, 3.963]
[4275, 3.963, 3.966]
[4317, 3.966, 3.985]
[4188, 3.985, 4.18]
[4504, 4.18, 4.199]
[4335, 4.199, 4.05]
[4540, 4.05, 4.074]
[4383, 4.074, 3.908]
[4289, 3.908, 4.289]
[4368, 4.289, 4.205]
[4317, 4.205, 4.075]
[4199, 4.075, 3.978]
[4195, 3.978, 3.977]
[4212, 3.977, 4.329]
[4418, 4.329, 4.365]
[4347, 4.365, 4.075]
[4264, 4.075, 4.057]
[4308, 4.057, 4.292]
[4188, 4.292, 4.322]
[4462, 4.322, 4.153]
[4303, 4.153, 4.101]
[4188, 4.101, 4.147]
[4211, 4.147, 4.185]
[4282, 4.185, 4.152]
[4206, 4.152, 4.206]
[4316, 4.206, 4.258]
[4413, 4.258, 4.235]
[4634, 4.235, 4.266]
[4309, 4.266, 4.294]
[4248, 4.294, 4.374]
[4200, 4.374, 4.212]
[4266, 4.212, 4.427]
[4188, 4.427, 4.615]
[4430, 4.615, 4.42]
[4369, 4.42, 4.613]
[4313, 4.613, 4.584]
[4234, 4.584, 4.321]
[4323, 4.321, 4.4]
[4299, 4.4, 4.486]
[4374, 4.486, 4.398]
[4188, 4.398, 4.283]
[4247, 4.283, 4.579]
[4532, 4.579, 4.679]
[4360, 4.679, 4.554]
[4297, 4.554, 4.435]
[4188, 4.435, 4.429]
[4461, 4.429, 4.639]
[4380, 4.639, 4.519]
[4257, 4.519, 4.397]
[4311, 4.397, 4.547]
[4280, 4.547, 4.542]
[4277, 4.542, 4.301]
[4728, 4.301, 4.345]
[4339, 4.345, 4.297]
[4303, 4.297, 4.386]
[4552, 4.386, 4.458]
[4246, 4.458, 4.241]
[4272, 4.241, 4.215]
[4400, 4.215, 4.189]
[4265, 4.189, 4.17]
[4535, 4.17, 4.126]
[4296, 4.126, 4.135]
[4283, 4.135, 4.199]
[4289, 4.199, 4.102]
[4238, 4.102, 4.139]
[4359, 4.139, 4.364]
[4210, 4.364, 4.315]
[4384, 4.315, 4.412]
[4358, 4.412, 4.497]
[4522, 4.497, 4.57]
[4366, 4.57, 4.629]
[4197, 4.629, 4.556]
[4491, 4.556, 4.635]
[4451, 4.635, 4.73]
[4236, 4.73, 4.849]
[4363, 4.849, 4.857]
[4236, 4.857, 4.682]
[4248, 4.682, 4.657]
[4207, 4.657, 4.596]
[4334, 4.596, 4.71]
[4852, 4.71, 4.764]
[4481, 4.764, 4.423]
[4263, 4.423, 4.37]
[4610, 4.37, 4.677]
[4498, 4.677, 4.565]
[4454, 4.565, 4.303]
[4234, 4.303, 4.335]
[4228, 4.335, 4.332]
[4549, 4.332, 4.058]
[4290, 4.058, 4.111]
[4335, 4.111, 4.166]
[4251, 4.166, 4.14]
[4293, 4.14, 4.237]
[4250, 4.237, 4.335]
[4314, 4.335, 4.328]
[4366, 4.328, 4.26]
[4299, 4.26, 4.23]
[4188, 4.23, 4.179]
[4188, 4.179, 4.244]
[4307, 4.244, 4.221]
[4446, 4.221, 4.048]
[4414, 4.048, 4.101]
[4188, 4.101, 4.081]
[4329, 4.081, 4.042]
[4458, 4.042, 4.14]
[4409, 4.14, 3.965]
[4531, 3.965, 3.789]
[4530, 3.789, 3.809]
[4362, 3.809, 3.798]
[4338, 3.798, 3.813]
[4275, 3.813, 3.845]
[4344, 3.845, 3.963]
[4321, 3.963, 3.811]
[4188, 3.811, 3.96]
[4392, 3.96, 3.863]
[4494, 3.863, 3.647]
[4285, 3.647, 3.693]
[4325, 3.693, 3.839]
[4188, 3.839, 3.885]
[4299, 3.885, 4.005]
[4255, 4.005, 3.934]
[4452, 3.934, 3.882]
[4335, 3.882, 3.858]
[4312, 3.858, 3.935]
[4432, 3.935, 4.047]
[4296, 4.047, 3.954]
[4332, 3.954, 3.967]
[4427, 3.967, 3.981]
[4461, 3.981, 3.754]
[4671, 3.754, 3.784]
[4456, 3.784, 3.756]
[4251, 3.756, 3.851]
[4440, 3.851, 3.802]
[4329, 3.802, 3.869]
[4445, 3.869, 4.072]
[4242, 4.072, 4.199]
[4196, 4.199, 4.234]
[4267, 4.234, 4.184]
[4251, 4.184, 4.345]
[4447, 4.345, 4.433]
[4336, 4.433, 4.348]
[4308, 4.348, 4.521]
[4549, 4.521, 4.604]
[4289, 4.604, 4.529]
[4195, 4.529, 4.432]
[4252, 4.432, 4.606]
[4357, 4.606, 4.693]
[4408, 4.693, 4.617]
[4347, 4.617, 4.783]
[4342, 4.783, 4.808]
[4346, 4.808, 4.669]
[4478, 4.669, 4.75]
[4308, 4.75, 4.634]
[4274, 4.634, 4.494]
[4188, 4.494, 4.496]
[4398, 4.496, 4.494]
[4298, 4.494, 4.519]
[4459, 4.519, 4.506]
[4237, 4.506, 4.537]
[4441, 4.537, 4.524]
[4269, 4.524, 4.391]
[4374, 4.391, 4.504]
[4358, 4.504, 4.421]
[4404, 4.421, 4.252]
[4417, 4.252, 4.173]
[4209, 4.173, 4.147]
[4525, 4.147, 4.183]
[4375, 4.183, 4.05]
[4238, 4.05, 4.114]
[4438, 4.114, 4.033]
[4534, 4.033, 4.125]
[4344, 4.125, 4.048]
[4305, 4.048, 3.84]
[4473, 3.84, 3.842]
[4231, 3.842, 3.798]
[4362, 3.798, 3.92]
[4188, 3.92, 4.009]
[4407, 4.009, 4.236]
[4440, 4.236, 4.189]
[4441, 4.189, 4.105]
[4537, 4.105, 4.594]
[4408, 4.594, 4.605]
[4579, 4.605, 4.607]
[4241, 4.607, 4.498]
[4315, 4.498, 4.53]
[4294, 4.53, 4.495]
[4482, 4.495, 4.298]
[4228, 4.298, 4.036]
[4397, 4.036, 4.247]
[4518, 4.247, 4.312]
[4370, 4.312, 4.128]
[4343, 4.128, 4.248]
[4188, 4.248, 4.282]
[4310, 4.282, 4.233]
[4271, 4.233, 4.312]
[4300, 4.312, 4.413]
[4233, 4.413, 4.396]
[4188, 4.396, 4.462]
[4275, 4.462, 4.31]
[4392, 4.31, 4.21]
[4486, 4.21, 3.935]
[4332, 3.935, 3.92]
[4188, 3.92, 3.956]
[4437, 3.956, 4.115]
[4687, 4.115, 3.751]
[4545, 3.751, 3.543]
[4291, 3.543, 3.858]
[4394, 3.858, 3.981]
[4346, 3.981, 3.861]
[4426, 3.861, 3.945]
[4188, 3.945, 4.021]
[4544, 4.021, 4.036]
[4394, 4.036, 4.128]
[4447, 4.128, 4.306]
[4345, 4.306, 4.39]
[4438, 4.39, 4.231]
[4387, 4.231, 4.053]
[4287, 4.053, 4.162]
[4203, 4.162, 4.344]
[4218, 4.344, 4.3]
[4271, 4.3, 4.398]
[4479, 4.398, 4.495]
[4263, 4.495, 4.402]
[4368, 4.402, 4.46]
[4393, 4.46, 4.571]
[4393, 4.571, 4.491]
[4212, 4.491, 4.505]
[4314, 4.505, 4.565]
[4317, 4.565, 4.375]
[4347, 4.375, 4.128]
[4307, 4.128, 4.197]
[4345, 4.197, 4.379]
[4245, 4.379, 4.404]
[4485, 4.404, 4.525]
[4517, 4.525, 4.633]
[4892, 4.633, 4.609]
[4315, 4.609, 4.353]
[4188, 4.353, 4.735]
[4315, 4.735, 4.85]
[4426, 4.85, 4.596]
[4188, 4.596, 4.716]
[4370, 4.716, 4.898]
[4308, 4.898, 4.731]
[4323, 4.731, 4.55]
[4254, 4.55, 4.699]
[4249, 4.699, 4.77]
[4315, 4.77, 4.666]
[4332, 4.666, 4.829]
[4330, 4.829, 4.764]
[4485, 4.764, 4.685]
[4422, 4.685, 4.675]
[4436, 4.675, 4.58]
[4448, 4.58, 4.575]
[4188, 4.575, 4.619]
[4282, 4.619, 4.629]
[4220, 4.629, 4.847]
[4456, 4.847, 4.808]
[4274, 4.808, 4.774]
[4300, 4.774, 4.845]
[4271, 4.845, 4.672]
[4527, 4.672, 4.793]
[4518, 4.793, 4.631]
[4355, 4.631, 4.512]
[4285, 4.512, 4.545]
[4486, 4.545, 4.465]
[4259, 4.465, 4.215]
[4392, 4.215, 4.25]
[4259, 4.25, 4.398]
[4297, 4.398, 4.232]
[4516, 4.232, 4.186]
[4491, 4.186, 4.086]
[4309, 4.086, 4.02]
[4188, 4.02, 4.053]
[4214, 4.053, 4.196]
[4473, 4.196, 4.046]
[4318, 4.046, 3.924]
[4352, 3.924, 4.029]
[4349, 4.029, 4.223]
[4635, 4.223, 3.81]
[4188, 3.81, 3.813]
[4336, 3.813, 3.987]
[4316, 3.987, 3.945]
[4188, 3.945, 3.932]
[4245, 3.932, 3.903]
[4232, 3.903, 3.91]
[4392, 3.91, 3.951]
[4198, 3.951, 3.945]
[4324, 3.945, 4.043]
[4356, 4.043, 4.015]
[4331, 4.015, 4.118]
[4297, 4.118, 4.092]
[4446, 4.092, 3.736]
[4200, 3.736, 3.626]
[4388, 3.626, 3.807]
[4266, 3.807, 3.781]
[4475, 3.781, 3.532]
[4330, 3.532, 3.415]
[4554, 3.415, 3.594]
[4470, 3.594, 3.538]
[4220, 3.538, 3.584]
[4440, 3.584, 3.667]
[4475, 3.667, 3.832]
[4328, 3.832, 3.854]
[4446, 3.854, 3.82]
[4188, 3.82, 4.018]
[4464, 4.018, 4.165]
[4460, 4.165, 3.902]
[4188, 3.902, 3.997]
[4270, 3.997, 4.299]
[4314, 4.299, 4.125]
[4188, 4.125, 4.267]
[4315, 4.267, 4.165]
[4307, 4.165, 3.963]
[4515, 3.963, 4.001]
[4272, 4.001, 3.995]
[4489, 3.995, 3.984]
[4331, 3.984, 3.997]
[4188, 3.997, 4.079]
[4188, 4.079, 4.189]
[4602, 4.189, 4.212]
[4239, 4.212, 4.102]
[4339, 4.102, 4.186]
[4188, 4.186, 4.261]
[4465, 4.261, 4.147]
[4367, 4.147, 4.028]
[4320, 4.028, 4.14]
[4298, 4.14, 4.278]
[4413, 4.278, 4.052]
[4279, 4.052, 4.123]
[4422, 4.123, 4.158]
[4305, 4.158, 4.112]
[4319, 4.112, 4.014]
[4204, 4.014, 4.132]
[4284, 4.132, 4.229]
[4422, 4.229, 4.135]
[4329, 4.135, 3.895]
[4262, 3.895, 3.73]
[4260, 3.73, 3.843]
[4368, 3.843, 3.759]
[4413, 3.759, 3.779]
[4255, 3.779, 3.856]
[4599, 3.856, 3.761]
[4188, 3.761, 3.658]
[4192, 3.658, 3.569]
[4244, 3.569, 3.889]
[4260, 3.889, 3.82]
[4250, 3.82, 3.818]
[4202, 3.818, 3.848]
[4283, 3.848, 3.817]
[4244, 3.817, 3.869]
[4188, 3.869, 3.853]
[4277, 3.853, 3.934]
[4410, 3.934, 3.86]
[4585, 3.86, 3.606]
[4360, 3.606, 3.625]
[4257, 3.625, 3.609]
[4395, 3.609, 3.559]
[4212, 3.559, 3.489]
[4350, 3.489, 3.561]
[4337, 3.561, 3.668]
[4263, 3.668, 3.663]
[4280, 3.663, 3.495]
[4244, 3.495, 3.586]
[4521, 3.586, 3.856]
[4580, 3.856, 3.673]
[4356, 3.673, 3.427]
[4189, 3.427, 3.556]
[4305, 3.556, 3.634]
[4370, 3.634, 3.637]
[4300, 3.637, 3.468]
[4188, 3.468, 3.572]
[4239, 3.572, 3.494]
[4323, 3.494, 3.501]
[4439, 3.501, 3.38]
[4351, 3.38, 3.474]
[4188, 3.474, 3.619]
[4363, 3.619, 3.507]
[4404, 3.507, 3.273]
[4212, 3.273, 3.274]
[4188, 3.274, 3.529]
[4293, 3.529, 3.577]
[4397, 3.577, 3.498]
[4405, 3.498, 3.416]
[4252, 3.416, 3.534]
[4421, 3.534, 3.446]
[4409, 3.446, 3.215]
[4256, 3.215, 3.02]
[4506, 3.02, 3.086]
[4262, 3.086, 3.049]
[4383, 3.049, 3.006]
[4272, 3.006, 3.14]
[4348, 3.14, 3.165]
[4349, 3.165, 3.15]
[4232, 3.15, 3.045]
[4367, 3.045, 3.161]
[4497, 3.161, 3.045]
[4272, 3.045, 2.986]
[4338, 2.986, 3.091]
[4321, 3.091, 3.235]
[4407, 3.235, 3.21]
[4269, 3.21, 3.061]
[4341, 3.061, 3.17]
[4316, 3.17, 3.161]
[4546, 3.161, 3.239]
[4489, 3.239, 3.216]
[4231, 3.216, 3.201]
[4543, 3.201, 3.41]
[4359, 3.41, 3.442]
[4290, 3.442, 3.286]
[4235, 3.286, 3.329]
[4336, 3.329, 3.367]
[4368, 3.367, 3.266]
[4218, 3.266, 3.158]
[4336, 3.158, 3.245]
[4290, 3.245, 3.403]
[4432, 3.403, 3.228]
[4304, 3.228, 3.159]
[4352, 3.159, 3.259]
[4476, 3.259, 3.214]
[4559, 3.214, 3.224]
[4431, 3.224, 3.272]
[4674, 3.272, 3.41]
[4298, 3.41, 3.305]
[4188, 3.305, 3.33]
[4467, 3.33, 3.502]
[4337, 3.502, 3.393]
[4512, 3.393, 3.185]
[4411, 3.185, 3.198]
[4188, 3.198, 3.309]
[4276, 3.309, 3.411]
[4339, 3.411, 3.297]
[4188, 3.297, 3.333]
[4279, 3.333, 3.393]
[4274, 3.393, 3.374]
[4428, 3.374, 3.464]
[4483, 3.464, 3.312]
[4431, 3.312, 3.333]
[4308, 3.333, 3.436]
[4430, 3.436, 3.225]
[4188, 3.225, 3.181]
[4656, 3.181, 3.391]
[4421, 3.391, 3.408]
[4452, 3.408, 3.276]
[4272, 3.276, 3.274]
[4368, 3.274, 3.494]
[4347, 3.494, 3.417]
[4553, 3.417, 3.357]
[4524, 3.357, 3.468]
[4489, 3.468, 3.448]
[4290, 3.448, 3.46]
[4276, 3.46, 3.531]
[4504, 3.531, 3.412]
[4291, 3.412, 3.411]
[4283, 3.411, 3.398]
[4441, 3.398, 3.336]
[4393, 3.336, 3.357]
[4428, 3.357, 3.275]
[4188, 3.275, 3.246]
[4357, 3.246, 3.254]
[4339, 3.254, 3.166]
[4291, 3.166, 3.167]
[4188, 3.167, 3.289]
[4263, 3.289, 3.273]
[4475, 3.273, 3.248]
[4303, 3.248, 3.454]
[4450, 3.454, 3.343]
[4188, 3.343, 3.392]
[4350, 3.392, 3.461]
[4260, 3.461, 3.463]
[4498, 3.463, 3.491]
[4328, 3.491, 3.373]
[4330, 3.373, 3.393]
[4369, 3.393, 3.426]
[4282, 3.426, 3.392]
[4274, 3.392, 3.426]
[4647, 3.426, 3.487]
[4399, 3.487, 3.407]
[4205, 3.407, 3.414]
[4244, 3.414, 3.45]
[4352, 3.45, 3.415]
[4376, 3.415, 3.405]
[4275, 3.405, 3.381]
[4356, 3.381, 3.403]
[4364, 3.403, 3.644]
[4272, 3.644, 3.582]
[4408, 3.582, 3.508]
[4817, 3.508, 3.568]
[4435, 3.568, 3.402]
[4423, 3.402, 3.271]
[4279, 3.271, 3.434]
[4200, 3.434, 3.498]
[4273, 3.498, 3.614]
[4353, 3.614, 3.557]
[4455, 3.557, 3.618]
[4353, 3.618, 3.652]
[4846, 3.652, 3.77]
[4611, 3.77, 3.511]
[4188, 3.511, 3.434]
[4282, 3.434, 3.558]
[4298, 3.558, 3.679]
[4419, 3.679, 3.717]
[4493, 3.717, 3.475]
[4363, 3.475, 3.528]
[4310, 3.528, 3.671]
[4353, 3.671, 3.647]
[4565, 3.647, 3.76]
[4454, 3.76, 3.678]
[4253, 3.678, 3.746]
[4613, 3.746, 3.868]
[4268, 3.868, 4.006]
[4268, 4.006, 4.003]
[4497, 4.003, 4.024]
[4278, 4.024, 4.01]
[4255, 4.01, 4.009]
[4253, 4.009, 4.025]
[4246, 4.025, 4.099]
[4274, 4.099, 4.199]
[4351, 4.199, 4.13]
[4290, 4.13, 4.026]
[4362, 4.026, 4.043]
[4414, 4.043, 3.978]
[4188, 3.978, 4.014]
[4259, 4.014, 4.082]
[4394, 4.082, 4.206]
[4281, 4.206, 4.131]
[4188, 4.131, 4.104]
[4247, 4.104, 4.186]
[4402, 4.186, 4.19]
[4792, 4.19, 4.146]
[4724, 4.146, 3.916]
[4188, 3.916, 3.965]
[4232, 3.965, 4.411]
[4395, 4.411, 4.327]
[4340, 4.327, 4.217]
[4378, 4.217, 4.306]
[4195, 4.306, 4.269]
[4386, 4.269, 4.37]
[4376, 4.37, 4.281]
[4336, 4.281, 4.431]
[4581, 4.431, 4.478]
[4569, 4.478, 4.438]
[4219, 4.438, 4.488]
[4490, 4.488, 4.51]
[4421, 4.51, 4.528]
[4348, 4.528, 4.4]
[4355, 4.4, 4.347]
[4450, 4.347, 4.431]
[4412, 4.431, 4.382]
[4323, 4.382, 4.353]
[4350, 4.353, 4.392]
[4216, 4.392, 4.489]
[4256, 4.489, 4.506]
[4254, 4.506, 4.404]
[4214, 4.404, 4.671]
[4469, 4.671, 4.706]
[4384, 4.706, 4.626]
[4361, 4.626, 4.412]
[4250, 4.412, 4.597]
[4292, 4.597, 4.573]
[4600, 4.573, 4.644]
[4243, 4.644, 4.588]
[4243, 4.588, 4.612]
[4334, 4.612, 4.689]
[4250, 4.689, 4.684]
[4249, 4.684, 4.654]
[4661, 4.654, 4.821]
[4302, 4.821, 4.532]
[4188, 4.532, 4.565]
[4188, 4.565, 4.767]
[4271, 4.767, 4.77]
[4309, 4.77, 4.57]
[4196, 4.57, 4.627]
[4304, 4.627, 4.633]
[4421, 4.633, 4.684]
[4278, 4.684, 4.676]
[4188, 4.676, 4.826]
[4404, 4.826, 4.8]
[4188, 4.8, 4.848]
[4275, 4.848, 4.703]
[4220, 4.703, 4.805]
[4633, 4.805, 5.168]
[4340, 5.168, 4.869]
[4188, 4.869, 4.676]
[4437, 4.676, 4.941]
[4374, 4.941, 4.983]
[4311, 4.983, 4.826]
[4283, 4.826, 4.808]
[4437, 4.808, 4.812]
[4188, 4.812, 4.839]
[4436, 4.839, 4.793]
[4356, 4.793, 4.7]
[4385, 4.7, 4.964]
[4188, 4.964, 5.022]
[4274, 5.022, 4.863]
[4244, 4.863, 4.971]
[4360, 4.971, 5.098]
[4272, 5.098, 5.007]
[4215, 5.007, 4.891]
[4461, 4.891, 4.962]
[4199, 4.962, 4.906]
[4520, 4.906, 4.979]
[4415, 4.979, 4.804]
[4201, 4.804, 4.597]
[4218, 4.597, 4.641]
[4463, 4.641, 4.742]
[4223, 4.742, 4.71]
[4351, 4.71, 4.847]
[4484, 4.847, 4.806]
[4426, 4.806, 4.732]
[4405, 4.732, 4.477]
[4450, 4.477, 4.438]
[4612, 4.438, 4.428]
[4302, 4.428, 4.34]
[4188, 4.34, 4.453]
[4359, 4.453, 4.37]
[4307, 4.37, 4.423]
[4323, 4.423, 4.54]
[4430, 4.54, 4.682]
[4188, 4.682, 4.731]
[4309, 4.731, 4.817]
[4214, 4.817, 4.898]
[4503, 4.898, 4.993]
[4387, 4.993, 4.88]
[4298, 4.88, 4.803]
[4188, 4.803, 5.035]
[4365, 5.035, 5.069]
[4476, 5.069, 5.099]
[4271, 5.099, 4.812]
[4205, 4.812, 4.861]
[4368, 4.861, 4.89]
[4331, 4.89, 4.826]
[4404, 4.826, 4.759]
[4249, 4.759, 4.531]
[4388, 4.531, 4.436]
[4343, 4.436, 4.109]
[4188, 4.109, 4.1]
[4248, 4.1, 4.041]
[4443, 4.041, 4.047]
[4449, 4.047, 4.171]
[4341, 4.171, 4.093]
[4208, 4.093, 4.172]
[4349, 4.172, 4.308]
[4431, 4.308, 4.201]
[4188, 4.201, 4.375]
[4416, 4.375, 4.429]
[4220, 4.429, 4.364]
[4258, 4.364, 4.43]
[4544, 4.43, 4.702]
[4539, 4.702, 4.541]
[4188, 4.541, 4.526]
[4266, 4.526, 4.568]
[4278, 4.568, 4.528]
[4517, 4.528, 4.563]
[4360, 4.563, 4.508]
[4284, 4.508, 4.578]
[4606, 4.578, 4.456]
[4188, 4.456, 4.368]
[4258, 4.368, 4.581]
[4333, 4.581, 4.461]
[4329, 4.461, 4.22]
[4400, 4.22, 4.507]
[4235, 4.507, 4.504]
[4381, 4.504, 4.535]
[4190, 4.535, 4.669]
[4339, 4.669, 4.799]
[4343, 4.799, 4.692]
[4533, 4.692, 4.522]
[4588, 4.522, 4.529]
[4448, 4.529, 4.483]
[4188, 4.483, 4.385]
[4491, 4.385, 4.463]
[4385, 4.463, 4.381]
[4279, 4.381, 4.336]
[4503, 4.336, 4.486]
[4496, 4.486, 4.545]
[4283, 4.545, 4.524]
[4266, 4.524, 4.641]
[4343, 4.641, 4.564]
[4300, 4.564, 4.513]
[4257, 4.513, 4.581]
[4245, 4.581, 4.484]
[4339, 4.484, 4.4]
[4319, 4.4, 4.59]
[4222, 4.59, 4.577]
[4245, 4.577, 4.544]
[4188, 4.544, 4.51]
[4188, 4.51, 4.65]
[4239, 4.65, 4.565]
[4326, 4.565, 4.514]
[4522, 4.514, 4.556]
[4188, 4.556, 4.504]
[4251, 4.504, 4.503]
[4378, 4.503, 4.568]
[4335, 4.568, 4.543]
[4462, 4.543, 4.3]
[4420, 4.3, 4.27]
[4307, 4.27, 4.281]
[4336, 4.281, 4.321]
[4411, 4.321, 4.287]
[4488, 4.287, 4.382]
[4229, 4.382, 4.277]
[4291, 4.277, 4.349]
[4198, 4.349, 4.31]
[4330, 4.31, 4.38]
[4224, 4.38, 4.417]
[4199, 4.417, 4.423]
[4316, 4.423, 4.384]
[4398, 4.384, 4.381]
[4206, 4.381, 4.293]
[4274, 4.293, 4.536]
[4296, 4.536, 4.618]
[4318, 4.618, 4.616]
[4677, 4.616, 4.661]
[4325, 4.661, 4.648]
[4354, 4.648, 4.796]
[4271, 4.796, 4.723]
[4188, 4.723, 4.776]
[4260, 4.776, 4.78]
[4349, 4.78, 4.825]
[4510, 4.825, 4.838]
[4188, 4.838, 4.783]
[4512, 4.783, 4.886]
[4379, 4.886, 4.793]
[4517, 4.793, 5.006]
[4341, 5.006, 4.801]
[4232, 4.801, 4.684]
[4366, 4.684, 4.884]
[4411, 4.884, 4.844]
[4501, 4.844, 4.561]
[4262, 4.561, 4.532]
[4188, 4.532, 4.852]
[4612, 4.852, 4.797]
[4395, 4.797, 4.482]
[4250, 4.482, 4.521]
[4542, 4.521, 4.85]
[4600, 4.85, 4.696]
[4340, 4.696, 4.567]
[4246, 4.567, 4.452]
[4544, 4.452, 4.593]
[4467, 4.593, 4.465]
[4188, 4.465, 4.379]
[4222, 4.379, 4.474]
[4408, 4.474, 4.629]
[4278, 4.629, 4.554]
[4231, 4.554, 4.518]
[4336, 4.518, 4.564]
[4333, 4.564, 4.464]
[4347, 4.464, 4.362]
[4504, 4.362, 4.323]
[4304, 4.323, 4.199]
[4372, 4.199, 4.259]
[4289, 4.259, 4.059]
[4405, 4.059, 4.085]
[4334, 4.085, 4.129]
[4402, 4.129, 4.091]
[4342, 4.091, 4.173]
[4369, 4.173, 4.241]
[4333, 4.241, 4.096]
[4423, 4.096, 4.288]
[4613, 4.288, 4.443]
[4351, 4.443, 4.158]
[4222, 4.158, 4.132]
[4278, 4.132, 4.382]
[4231, 4.382, 4.392]
[4269, 4.392, 4.246]
[4409, 4.246, 4.293]
[4200, 4.293, 4.328]
[4317, 4.328, 4.439]
[4337, 4.439, 4.266]
[4196, 4.266, 4.489]
[4383, 4.489, 4.462]
[4289, 4.462, 4.305]
[4369, 4.305, 4.323]
[4225, 4.323, 4.578]
[4375, 4.578, 4.607]
[4306, 4.607, 4.557]
[4188, 4.557, 4.885]
[4407, 4.885, 5.096]
[4450, 5.096, 4.993]
[4405, 4.993, 4.564]
[4374, 4.564, 4.617]
[4227, 4.617, 4.794]
[4335, 4.794, 4.667]
[4403, 4.667, 4.503]
[4380, 4.503, 4.555]
[4188, 4.555, 4.573]
[4302, 4.573, 4.944]
[4426, 4.944, 4.82]
[4275, 4.82, 4.716]
[4188, 4.716, 4.864]
[4332, 4.864, 4.81]
[4210, 4.81, 4.932]
[4295, 4.932, 4.877]
[4282, 4.877, 4.988]
[4349, 4.988, 5.045]
[4287, 5.045, 5.174]
[4589, 5.174, 5.149]
[4273, 5.149, 5.017]
[4249, 5.017, 5.08]
[4404, 5.08, 5.185]
[4188, 5.185, 5.094]
[4393, 5.094, 4.952]
[4635, 4.952, 5.032]
[4496, 5.032, 4.837]
[4489, 4.837, 4.697]
[4599, 4.697, 4.863]
[4614, 4.863, 4.68]
[4264, 4.68, 4.304]
[4217, 4.304, 4.379]
[4410, 4.379, 4.557]
[4255, 4.557, 4.454]
[4401, 4.454, 4.344]
[4227, 4.344, 4.567]
[4194, 4.567, 4.503]
[4403, 4.503, 4.598]
[4357, 4.598, 4.459]
[4188, 4.459, 4.428]
[4396, 4.428, 4.344]
[4301, 4.344, 4.226]
[4458, 4.226, 4.305]
[4476, 4.305, 4.434]
[4293, 4.434, 4.335]
[4284, 4.335, 4.283]
[4212, 4.283, 4.335]
[4461, 4.335, 4.481]
[4482, 4.481, 4.414]
[4267, 4.414, 4.292]
[4244, 4.292, 4.402]
[4343, 4.402, 4.279]
[4188, 4.279, 4.399]
[4337, 4.399, 4.438]
[4391, 4.438, 4.234]
[4188, 4.234, 4.341]
[4312, 4.341, 4.431]
[4294, 4.431, 4.478]
[4286, 4.478, 4.445]
[4326, 4.445, 4.715]
[4263, 4.715, 4.658]
[4368, 4.658, 4.666]
[4258, 4.666, 4.729]
[4308, 4.729, 4.887]
[4460, 4.887, 4.963]
[4286, 4.963, 4.841]
[4486, 4.841, 4.811]
[4362, 4.811, 4.782]
[4274, 4.782, 4.894]
[4408, 4.894, 4.913]
[4298, 4.913, 4.744]
[4374, 4.744, 4.669]
[4188, 4.669, 4.831]
[4259, 4.831, 4.818]
[4344, 4.818, 4.798]
[4439, 4.798, 4.826]
[4238, 4.826, 5.106]
[4213, 5.106, 5.013]
[4594, 5.013, 4.988]
[4298, 4.988, 4.937]
[4271, 4.937, 4.993]
[4188, 4.993, 5.054]
[4239, 5.054, 5.042]
[4260, 5.042, 5.068]
[4233, 5.068, 5.052]
[4308, 5.052, 4.933]
[4474, 4.933, 5.019]
[4353, 5.019, 4.823]
[4188, 4.823, 4.866]
[4353, 4.866, 4.944]
[4352, 4.944, 4.842]
[4492, 4.842, 4.797]
[4403, 4.797, 4.731]
[4218, 4.731, 4.752]
[4327, 4.752, 4.969]
[4311, 4.969, 4.907]
[4296, 4.907, 4.833]
[4206, 4.833, 4.88]
[4325, 4.88, 4.96]
[4395, 4.96, 4.905]
[4330, 4.905, 4.894]
[4188, 4.894, 4.922]
[4188, 4.922, 5.031]
[4408, 5.031, 5.137]
[4309, 5.137, 4.872]
[4258, 4.872, 4.744]
[4377, 4.744, 4.87]
[4278, 4.87, 4.846]
[4347, 4.846, 4.649]
[4336, 4.649, 4.461]
[4309, 4.461, 4.591]
[4249, 4.591, 4.631]
[4262, 4.631, 4.67]
[4291, 4.67, 4.733]
[4403, 4.733, 4.515]
[4393, 4.515, 4.322]
[4340, 4.322, 4.4]
[4258, 4.4, 4.498]
[4485, 4.498, 4.411]
[4390, 4.411, 4.388]
[4379, 4.388, 4.605]
[4370, 4.605, 4.353]
[4419, 4.353, 4.534]
[4266, 4.534, 4.522]
[4415, 4.522, 4.327]
[4289, 4.327, 4.434]
[4424, 4.434, 4.618]
[4403, 4.618, 4.446]
[4231, 4.446, 4.369]
[4461, 4.369, 4.38]
[4188, 4.38, 4.329]
[4593, 4.329, 4.337]
[4313, 4.337, 4.254]
[4272, 4.254, 4.33]
[4202, 4.33, 4.263]
[4525, 4.263, 4.367]
[4262, 4.367, 4.314]
[4427, 4.314, 4.54]
[4290, 4.54, 4.487]
[4225, 4.487, 4.503]
[4397, 4.503, 4.399]
[4410, 4.399, 4.305]
[4480, 4.305, 4.4]
[4389, 4.4, 4.469]
[4555, 4.469, 4.295]
[4460, 4.295, 4.343]
[4188, 4.343, 4.505]
[4412, 4.505, 4.706]
[4257, 4.706, 4.538]
[4473, 4.538, 4.735]
[4204, 4.735, 4.612]
[4341, 4.612, 4.481]
[4416, 4.481, 4.517]
[4188, 4.517, 4.407]
[4220, 4.407, 4.492]
[4320, 4.492, 4.381]
[4215, 4.381, 4.308]
[4275, 4.308, 4.402]
[4475, 4.402, 4.451]
[4223, 4.451, 4.379]
[4251, 4.379, 4.541]
[4325, 4.541, 4.526]
[4328, 4.526, 4.6]
[4188, 4.6, 4.511]
[4397, 4.511, 4.583]
[4313, 4.583, 4.643]
[4211, 4.643, 4.679]
[4188, 4.679, 4.785]
[4552, 4.785, 4.802]
[4233, 4.802, 4.732]
[4267, 4.732, 4.774]
[4358, 4.774, 4.928]
[4324, 4.928, 4.889]
[4265, 4.889, 5.045]
[4282, 5.045, 5.197]
[4313, 5.197, 5.127]
[4188, 5.127, 5.118]
[4581, 5.118, 5.105]
[4700, 5.105, 5.091]
[4550, 5.091, 4.902]
[4307, 4.902, 4.97]
[4332, 4.97, 5.142]
[4188, 5.142, 5.324]
[4297, 5.324, 5.323]
[4438, 5.323, 5.348]
[4329, 5.348, 5.214]
[4657, 5.214, 5.161]
[4300, 5.161, 5.12]
[4391, 5.12, 5.068]
[4272, 5.068, 4.952]
[4252, 4.952, 5.058]
[4451, 5.058, 4.919]
[4456, 4.919, 4.822]
[4221, 4.822, 4.939]
[4263, 4.939, 4.942]
[4188, 4.942, 5.026]
[4188, 5.026, 5.215]
[4330, 5.215, 5.123]
[4399, 5.123, 5.294]
[4366, 5.294, 5.158]
[4358, 5.158, 5.216]
[4327, 5.216, 5.334]
[4188, 5.334, 5.299]
[4409, 5.299, 5.254]
[4377, 5.254, 5.127]
[4270, 5.127, 5.079]
[4227, 5.079, 5.12]
[4235, 5.12, 5.041]
[4552, 5.041, 5.098]
[4262, 5.098, 4.973]
[4462, 4.973, 5.035]
[4222, 5.035, 5.043]
[4298, 5.043, 4.937]
[4365, 4.937, 5.09]
[4279, 5.09, 5.328]
[4331, 5.328, 5.319]
[4269, 5.319, 5.328]
[4296, 5.328, 5.255]
[4395, 5.255, 5.482]
[4230, 5.482, 5.467]
[4406, 5.467, 5.382]
[4294, 5.382, 5.3]
[4213, 5.3, 5.546]
[4464, 5.546, 5.353]
[4288, 5.353, 5.24]
[4266, 5.24, 5.19]
[4188, 5.19, 5.36]
[4632, 5.36, 5.212]
[4436, 5.212, 4.921]
[4304, 4.921, 4.95]
[4265, 4.95, 5.123]
[4361, 5.123, 4.974]
[4272, 4.974, 4.819]
[4276, 4.819, 4.978]
[4188, 4.978, 5.052]
[4289, 5.052, 4.965]
[4277, 4.965, 4.821]
[4271, 4.821, 5.12]
[4411, 5.12, 4.944]
[4411, 4.944, 4.833]
[4428, 4.833, 4.952]
[4383, 4.952, 5.444]
[4373, 5.444, 5.417]
[4300, 5.417, 5.197]
[4327, 5.197, 5.281]
[4188, 5.281, 5.4]
[4425, 5.4, 5.463]
[4279, 5.463, 5.302]
[4484, 5.302, 5.273]
[4336, 5.273, 5.419]
[4238, 5.419, 5.476]
[4287, 5.476, 5.493]
[4358, 5.493, 5.548]
[4323, 5.548, 5.622]
[4320, 5.622, 5.655]
[4554, 5.655, 5.564]
[4217, 5.564, 5.451]
[4433, 5.451, 5.415]
[4340, 5.415, 5.454]
[4273, 5.454, 5.708]
[4461, 5.708, 5.599]
[4404, 5.599, 5.499]
[4528, 5.499, 5.465]
[4308, 5.465, 5.598]
[4400, 5.598, 5.69]
[4188, 5.69, 5.943]
[4478, 5.943, 6.09]
[4406, 6.09, 5.91]
[4249, 5.91, 6.043]
[4269, 6.043, 6.766]
[4380, 6.766, 7.5]
[4325, 7.5, 7.283]
[4287, 7.283, 6.785]
[4263, 6.785, 6.663]
[4311, 6.663, 7.193]
[4256, 7.193, 7.139]
[4462, 7.139, 6.985]
[4443, 6.985, 6.842]
[4261, 6.842, 6.964]
[4264, 6.964, 7.121]
[4382, 7.121, 7.052]
[4392, 7.052, 7.093]
[4188, 7.093, 7.077]
[4283, 7.077, 7.09]
[4544, 7.09, 7.187]
[4188, 7.187, 7.164]
[4472, 7.164, 7.143]
[4222, 7.143, 7.026]
[4357, 7.026, 7.033]
[4246, 7.033, 7.388]
[4188, 7.388, 7.346]
[4296, 7.346, 7.114]
[4302, 7.114, 7.725]
[4240, 7.725, 8.121]
[4350, 8.121, 8.103]
[4271, 8.103, 8.394]
[4322, 8.394, 8.796]
[4333, 8.796, 8.69]
[4277, 8.69, 8.287]
[4270, 8.287, 8.328]
[4229, 8.328, 8.5]
[4387, 8.5, 8.37]
[4188, 8.37, 8.246]
[4370, 8.246, 8.195]
[4188, 8.195, 9.124]
[4259, 9.124, 9.731]
[4366, 9.731, 9.537]
[4347, 9.537, 9.285]
[4354, 9.285, 9.695]
[4295, 9.695, 11.216]
[4348, 11.216, 13.52]
[4250, 13.52, 15.486]
[4245, 15.486, 15.66]
[4261, 15.66, 15.03]
[4205, 15.03, 14.891]
[4191, 14.891, 15.329]
[4259, 15.329, 15.436]
[4284, 15.436, 15.151]
[4273, 15.151, 15.633]
[4188, 15.633, 18.615]
[4244, 18.615, 20.33]
[4513, 20.33, 19.73]
[4548, 19.73, 18.231]
[4188, 18.231, 18.189]
[4194, 18.189, 19.353]
[4263, 19.353, 19.531]
[4245, 19.531, 18.879]
[4188, 18.879, 18.462]
[4235, 18.462, 18.757]
[4206, 18.757, 19.074]
[4267, 19.074, 19.205]
[4256, 19.205, 18.846]
