[90480, 100.0, 19.699]
[18792, 19.699, 9.239]
[8193, 9.239, 5.162]
[4791, 5.162, 3.908]
[4239, 3.908, 4.302]
[4260, 4.302, 4.816]
[4459, 4.816, 4.511]
[4188, 4.511, 4.444]
[4188, 4.444, 4.72]
[4235, 4.72, 5.016]
[4315, 5.016, 4.849]
[4361, 4.849, 4.783]
[4373, 4.783, 4.888]
[4188, 4.888, 4.878]
[4709, 4.878, 4.823]
[4611, 4.823, 4.542]
[4221, 4.542, 4.544]
[4188, 4.544, 4.729]
[4350, 4.729, 4.707]
[4372, 4.707, 4.696]
[4494, 4.696, 4.562]
[4188, 4.562, 4.507]
[4235, 4.507, 4.624]
[4188, 4.624, 4.808]
[4404, 4.808, 4.789]
[4512, 4.789, 4.705]
[4225, 4.705, 4.557]
[4423, 4.557, 4.59]
[4205, 4.59, 4.575]
[4404, 4.575, 4.589]
[4238, 4.589, 4.503]
[4188, 4.503, 4.49]
[4448, 4.49, 4.6]
[4342, 4.6, 4.509]
[4273, 4.509, 4.426]
[4188, 4.426, 4.446]
[4324, 4.446, 4.426]
[4272, 4.426, 4.454]
[4476, 4.454, 4.555]
[4502, 4.555, 4.388]
[4188, 4.388, 4.344]
[4357, 4.344, 4.455]
[4351, 4.455, 4.504]
[4290, 4.504, 4.384]
[4232, 4.384, 4.556]
[4258, 4.556, 4.73]
[4378, 4.73, 4.663]
[4246, 4.663, 4.731]
[4295, 4.731, 4.72]
[4216, 4.72, 4.706]
[4252, 4.706, 4.768]
[4266, 4.768, 4.776]
[4440, 4.776, 4.694]
[4271, 4.694, 4.977]
[4262, 4.977, 5.091]
[4504, 5.091, 5.036]
[4188, 5.036, 4.959]
[4529, 4.959, 4.888]
[4318, 4.888, 4.844]
[4546, 4.844, 4.872]
[4366, 4.872, 4.859]
[4363, 4.859, 4.719]
[4348, 4.719, 4.512]
[4491, 4.512, 4.243]
[4440, 4.243, 4.244]
[4188, 4.244, 4.265]
[4377, 4.265, 4.271]
[4439, 4.271, 3.972]
[4191, 3.972, 3.839]
[4412, 3.839, 4.041]
[4500, 4.041, 4.157]
[4432, 4.157, 3.967]
[4309, 3.967, 3.989]
[4220, 3.989, 4.17]
[4263, 4.17, 4.207]
[4281, 4.207, 4.102]
[4398, 4.102, 4.123]
[4355, 4.123, 4.169]
[4399, 4.169, 4.25]
[4422, 4.25, 4.268]
[4428, 4.268, 4.158]
[4349, 4.158, 4.294]
[4635, 4.294, 4.192]
[4269, 4.192, 3.993]
[4188, 3.993, 4.142]
[4224, 4.142, 4.305]
[4313, 4.305, 4.271]
[4348, 4.271, 4.073]
[4258, 4.073, 4.061]
[4188, 4.061, 4.258]
[4229, 4.258, 4.261]
[4241, 4.261, 4.136]
[4294, 4.136, 4.095]
[4428, 4.095, 4.219]
[4427, 4.219, 4.22]
[4210, 4.22, 4.349]
[4295, 4.349, 4.432]
[4263, 4.432, 4.464]
[4262, 4.464, 4.508]
[4379, 4.508, 4.645]
[4456, 4.645, 4.728]
[4368, 4.728, 4.579]
[4398, 4.579, 4.597]
[4257, 4.597, 4.608]
[4195, 4.608, 4.598]
[4534, 4.598, 4.61]
[4431, 4.61, 4.542]
[4188, 4.542, 4.51]
[4547, 4.51, 4.684]
[4294, 4.684, 4.555]
[4262, 4.555, 4.568]
[4230, 4.568, 4.573]
[4266, 4.573, 4.718]
[4317, 4.718, 4.674]
[4198, 4.674, 4.694]
[4392, 4.694, 4.692]
[4252, 4.692, 4.687]
[4493, 4.687, 4.785]
[4410, 4.785, 4.812]
[4410, 4.812, 4.639]
[4273, 4.639, 4.741]
[4341, 4.741, 4.719]
[4321, 4.719, 4.648]
[4334, 4.648, 4.583]
[4477, 4.583, 4.728]
[4278, 4.728, 4.594]
[4209, 4.594, 4.518]
[4332, 4.518, 4.69]
[4257, 4.69, 4.64]
[4461, 4.64, 4.418]
[4432, 4.418, 4.419]
[4433, 4.419, 4.374]
[4308, 4.374, 4.276]
[4367, 4.276, 4.277]
[4419, 4.277, 4.382]
[4256, 4.382, 4.381]
[4270, 4.381, 4.54]
[4203, 4.54, 4.575]
[4433, 4.575, 4.517]
[4368, 4.517, 4.493]
[4229, 4.493, 4.561]
[4537, 4.561, 4.683]
[4279, 4.683, 4.585]
[4333, 4.585, 4.672]
[4579, 4.672, 4.816]
[4437, 4.816, 4.509]
[4258, 4.509, 4.391]
[4435, 4.391, 4.657]
[4497, 4.657, 4.556]
[4621, 4.556, 4.333]
[4346, 4.333, 4.254]
[4337, 4.254, 4.499]
[4429, 4.499, 4.391]
[4188, 4.391, 4.379]
[4358, 4.379, 4.342]
[4436, 4.342, 4.457]
[4284, 4.457, 4.458]
[4443, 4.458, 4.401]
[4188, 4.401, 4.447]
[4188, 4.447, 4.542]
[4525, 4.542, 4.457]
[4263, 4.457, 4.176]
[4343, 4.176, 4.302]
[4849, 4.302, 4.297]
[4778, 4.297, 4.001]
[4188, 4.001, 4.368]
[4274, 4.368, 4.729]
[4331, 4.729, 4.606]
[4334, 4.606, 4.384]
[4262, 4.384, 4.42]
[4243, 4.42, 4.521]
[4345, 4.521, 4.389]
[4316, 4.389, 4.445]
[4568, 4.445, 4.352]
[4525, 4.352, 4.103]
[4336, 4.103, 4.14]
[4360, 4.14, 4.374]
[4358, 4.374, 4.202]
[4354, 4.202, 4.287]
[4445, 4.287, 4.389]
[4188, 4.389, 4.335]
[4295, 4.335, 4.419]
[4324, 4.419, 4.287]
[4467, 4.287, 4.267]
[4433, 4.267, 4.184]
[4300, 4.184, 4.175]
[4289, 4.175, 4.182]
[4408, 4.182, 4.246]
[4207, 4.246, 4.312]
[4266, 4.312, 4.371]
[4210, 4.371, 4.444]
[4271, 4.444, 4.43]
[4438, 4.43, 4.474]
[4256, 4.474, 4.419]
[4212, 4.419, 4.311]
[4320, 4.311, 4.348]
[4410, 4.348, 4.361]
[4625, 4.361, 4.334]
[4442, 4.334, 4.252]
[4476, 4.252, 4.191]
[4188, 4.191, 4.128]
[4435, 4.128, 4.182]
[4188, 4.182, 4.327]
[4420, 4.327, 4.171]
[4320, 4.171, 4.291]
[4496, 4.291, 4.379]
[4433, 4.379, 4.142]
[4508, 4.142, 4.049]
[4227, 4.049, 4.214]
[4518, 4.214, 4.077]
[4368, 4.077, 3.829]
[4249, 3.829, 3.849]
[4387, 3.849, 3.969]
[4266, 3.969, 3.904]
[4188, 3.904, 3.899]
[4322, 3.899, 4.024]
[4301, 4.024, 4.171]
[4195, 4.171, 4.159]
[4316, 4.159, 4.123]
[4403, 4.123, 4.081]
[4448, 4.081, 3.987]
[4393, 3.987, 3.873]
[4309, 3.873, 3.877]
[4188, 3.877, 3.816]
[4323, 3.816, 3.895]
[4363, 3.895, 3.85]
[4448, 3.85, 3.968]
[4395, 3.968, 3.943]
[4325, 3.943, 4.032]
[4422, 4.032, 4.055]
[4489, 4.055, 3.944]
[4290, 3.944, 3.85]
[4353, 3.85, 3.956]
[4261, 3.956, 4.122]
[4206, 4.122, 4.236]
[4575, 4.236, 4.117]
[4199, 4.117, 4.122]
[4313, 4.122, 4.326]
[4242, 4.326, 4.441]
[4331, 4.441, 4.172]
[4193, 4.172, 4.296]
[4324, 4.296, 4.322]
[4220, 4.322, 4.371]
[4312, 4.371, 4.356]
[4343, 4.356, 4.248]
[4268, 4.248, 4.275]
[4323, 4.275, 4.259]
[4458, 4.259, 3.954]
[4325, 3.954, 3.932]
[4202, 3.932, 4.135]
[4313, 4.135, 4.17]
[4445, 4.17, 4.215]
[4250, 4.215, 4.308]
[4188, 4.308, 4.496]
[4328, 4.496, 4.414]
[4447, 4.414, 4.481]
[4547, 4.481, 4.509]
[4373, 4.509, 4.665]
[4221, 4.665, 4.643]
[4188, 4.643, 4.651]
[4244, 4.651, 4.631]
[4222, 4.631, 4.542]
[4333, 4.542, 4.753]
[4540, 4.753, 4.855]
[4471, 4.855, 4.669]
[4486, 4.669, 4.544]
[4454, 4.544, 4.571]
[4215, 4.571, 4.522]
[4495, 4.522, 4.539]
[4356, 4.539, 4.581]
[4247, 4.581, 4.619]
[4245, 4.619, 4.652]
[4221, 4.652, 4.624]
[4263, 4.624, 4.776]
[4188, 4.776, 4.691]
[4279, 4.691, 4.766]
[4188, 4.766, 4.795]
[4275, 4.795, 4.965]
[4468, 4.965, 5.038]
[4292, 5.038, 4.925]
[4205, 4.925, 5.107]
[4510, 5.107, 5.142]
[4432, 5.142, 5.074]
[4189, 5.074, 5.053]
[4188, 5.053, 5.088]
[4439, 5.088, 5.091]
[4412, 5.091, 5.079]
[4432, 5.079, 4.96]
[4206, 4.96, 4.97]
[4233, 4.97, 5.319]
[4304, 5.319, 5.416]
[4618, 5.416, 5.211]
[4304, 5.211, 5.016]
[4242, 5.016, 5.229]
[4319, 5.229, 5.454]
[4315, 5.454, 5.322]
[4450, 5.322, 5.214]
[4504, 5.214, 5.442]
[4387, 5.442, 5.389]
[4188, 5.389, 5.526]
[4311, 5.526, 5.454]
[4461, 5.454, 5.582]
[4188, 5.582, 5.707]
[4254, 5.707, 5.678]
[4274, 5.678, 5.639]
[4585, 5.639, 5.463]
[4434, 5.463, 5.617]
[4415, 5.617, 5.909]
[4402, 5.909, 5.81]
[4353, 5.81, 5.739]
[4298, 5.739, 5.933]
[4333, 5.933, 6.106]
[4282, 6.106, 6.198]
[4275, 6.198, 5.921]
[4275, 5.921, 5.916]
[4240, 5.916, 6.01]
[4707, 6.01, 6.159]
[4485, 6.159, 5.696]
[4224, 5.696, 5.419]
[4307, 5.419, 5.844]
[4461, 5.844, 6.038]
[4203, 6.038, 5.787]
[4219, 5.787, 5.744]
[4333, 5.744, 5.991]
[4188, 5.991, 6.172]
[4349, 6.172, 6.022]
[4348, 6.022, 5.907]
[4327, 5.907, 6.161]
[4240, 6.161, 6.31]
[4316, 6.31, 6.139]
[4351, 6.139, 5.932]
[4461, 5.932, 5.857]
[4310, 5.857, 5.934]
[4297, 5.934, 6.048]
[4345, 6.048, 5.876]
[4309, 5.876, 5.781]
[4263, 5.781, 5.702]
[4465, 5.702, 5.743]
[4190, 5.743, 5.718]
[4362, 5.718, 5.738]
[4269, 5.738, 5.583]
[4266, 5.583, 5.865]
[4188, 5.865, 5.858]
[4421, 5.858, 5.717]
[4295, 5.717, 5.679]
[4433, 5.679, 5.62]
[4298, 5.62, 5.66]
[4199, 5.66, 5.756]
[4239, 5.756, 5.826]
[4381, 5.826, 5.744]
[4452, 5.744, 5.583]
[4268, 5.583, 5.521]
[4236, 5.521, 5.583]
[4279, 5.583, 5.755]
[4464, 5.755, 5.608]
[4462, 5.608, 5.652]
[4188, 5.652, 5.687]
[4560, 5.687, 5.845]
[4611, 5.845, 5.644]
[4188, 5.644, 5.678]
[4314, 5.678, 5.883]
[4212, 5.883, 5.897]
[4302, 5.897, 5.769]
[4569, 5.769, 5.515]
[4190, 5.515, 5.371]
[4188, 5.371, 5.731]
[4413, 5.731, 5.758]
[4537, 5.758, 5.577]
[4188, 5.577, 5.532]
[4370, 5.532, 5.633]
[4271, 5.633, 5.553]
[4422, 5.553, 5.401]
[4558, 5.401, 5.599]
[4369, 5.599, 5.665]
[4204, 5.665, 5.509]
[4269, 5.509, 5.834]
[4421, 5.834, 6.034]
[4611, 6.034, 5.802]
[4511, 5.802, 5.867]
[4301, 5.867, 6.034]
[4305, 6.034, 6.11]
[4408, 6.11, 5.859]
[4188, 5.859, 5.788]
[4257, 5.788, 6.095]
[4326, 6.095, 6.22]
[4456, 6.22, 6.03]
[4320, 6.03, 5.933]
[4254, 5.933, 6.107]
[4206, 6.107, 6.113]
[4301, 6.113, 6.004]
[4398, 6.004, 5.966]
[4317, 5.966, 6.107]
[4425, 6.107, 6.361]
[4271, 6.361, 6.212]
[4293, 6.212, 6.177]
[4343, 6.177, 6.114]
[4188, 6.114, 5.97]
[4268, 5.97, 5.943]
[4496, 5.943, 6.108]
[4409, 6.108, 5.969]
[4353, 5.969, 5.839]
[4331, 5.839, 5.893]
[4188, 5.893, 6.059]
[4424, 6.059, 6.243]
[4370, 6.243, 6.035]
[4194, 6.035, 6.126]
[4304, 6.126, 6.469]
[4372, 6.469, 6.425]
[4394, 6.425, 6.102]
[4323, 6.102, 6.231]
[4421, 6.231, 6.456]
[4368, 6.456, 6.328]
[4225, 6.328, 6.304]
[4454, 6.304, 6.587]
[4431, 6.587, 6.58]
[4443, 6.58, 6.359]
[4337, 6.359, 6.376]
[4197, 6.376, 6.62]
[4388, 6.62, 6.557]
[4238, 6.557, 6.498]
[4199, 6.498, 6.349]
[4331, 6.349, 6.403]
[4188, 6.403, 6.31]
[4188, 6.31, 6.613]
[4489, 6.613, 6.625]
[4519, 6.625, 6.587]
[4334, 6.587, 6.735]
[4329, 6.735, 6.718]
[4442, 6.718, 6.855]
[4438, 6.855, 6.65]
[4405, 6.65, 6.602]
[4344, 6.602, 6.67]
[4463, 6.67, 6.65]
[4188, 6.65, 6.406]
[4293, 6.406, 6.484]
[4661, 6.484, 6.724]
[4465, 6.724, 6.623]
[4435, 6.623, 6.526]
[4188, 6.526, 6.798]
[4260, 6.798, 7.08]
[4379, 7.08, 7.074]
[4248, 7.074, 6.917]
[4529, 6.917, 6.958]
[4271, 6.958, 7.271]
[4252, 7.271, 7.506]
[4350, 7.506, 7.473]
[4402, 7.473, 7.392]
[4188, 7.392, 7.401]
[4326, 7.401, 7.29]
[4220, 7.29, 7.431]
[4653, 7.431, 7.57]
[4368, 7.57, 7.319]
[4188, 7.319, 7.367]
[4391, 7.367, 7.561]
[4426, 7.561, 7.515]
[4392, 7.515, 7.323]
[4191, 7.323, 7.029]
[4253, 7.029, 7.055]
[4188, 7.055, 7.072]
[4526, 7.072, 7.023]
[4534, 7.023, 6.924]
[4244, 6.924, 6.571]
[4344, 6.571, 6.762]
[4196, 6.762, 7.01]
[4312, 7.01, 7.005]
[4343, 7.005, 6.881]
[4188, 6.881, 7.174]
[4474, 7.174, 7.216]
[4242, 7.216, 7.125]
[4301, 7.125, 6.983]
[4414, 6.983, 6.985]
[4382, 6.985, 6.916]
[4551, 6.916, 6.683]
[4229, 6.683, 6.748]
[4188, 6.748, 6.825]
[4321, 6.825, 6.773]
[4725, 6.773, 6.694]
[4592, 6.694, 6.651]
[4188, 6.651, 6.988]
[4271, 6.988, 7.049]
[4492, 7.049, 6.986]
[4188, 6.986, 6.874]
[4485, 6.874, 6.985]
[4324, 6.985, 6.937]
[4236, 6.937, 6.703]
[4188, 6.703, 7.082]
[4441, 7.082, 7.199]
[4341, 7.199, 7.057]
[4583, 7.057, 6.769]
[4221, 6.769, 7.114]
[4487, 7.114, 7.46]
[4371, 7.46, 7.302]
[4339, 7.302, 7.223]
[4201, 7.223, 7.108]
[4348, 7.108, 7.104]
[4221, 7.104, 7.017]
[4821, 7.017, 6.865]
[4346, 6.865, 6.748]
[4379, 6.748, 6.912]
[4331, 6.912, 7.064]
[4259, 7.064, 6.981]
[4291, 6.981, 6.678]
[4374, 6.678, 6.883]
[4300, 6.883, 7.281]
[4674, 7.281, 7.196]
[4322, 7.196, 6.954]
[4352, 6.954, 7.071]
[4372, 7.071, 7.205]
[4399, 7.205, 7.158]
[4312, 7.158, 6.973]
[4460, 6.973, 7.097]
[4339, 7.097, 7.06]
[4277, 7.06, 7.018]
[4319, 7.018, 6.628]
[4193, 6.628, 6.79]
[4352, 6.79, 6.951]
[4361, 6.951, 6.827]
[4245, 6.827, 6.626]
[4380, 6.626, 6.452]
[4188, 6.452, 6.395]
[4188, 6.395, 6.517]
[4375, 6.517, 6.385]
[4188, 6.385, 6.327]
[4308, 6.327, 6.378]
[4398, 6.378, 6.312]
[4376, 6.312, 6.234]
[4188, 6.234, 6.425]
[4469, 6.425, 6.385]
[4339, 6.385, 6.13]
[4459, 6.13, 6.198]
[4349, 6.198, 6.299]
[4283, 6.299, 6.12]
[4188, 6.12, 6.086]
[4332, 6.086, 5.99]
[4331, 5.99, 6.064]
[4388, 6.064, 5.94]
[4219, 5.94, 6.026]
[4188, 6.026, 6.217]
[4263, 6.217, 6.015]
[4222, 6.015, 6.168]
[4404, 6.168, 6.303]
[4299, 6.303, 6.305]
[4256, 6.305, 6.164]
[4191, 6.164, 6.148]
[4420, 6.148, 6.151]
[4188, 6.151, 6.001]
[4309, 6.001, 5.919]
[4267, 5.919, 5.794]
[4188, 5.794, 5.842]
[4329, 5.842, 5.93]
[4416, 5.93, 5.887]
[4425, 5.887, 5.822]
[4422, 5.822, 5.717]
[4527, 5.717, 5.749]
[4369, 5.749, 5.689]
[4490, 5.689, 5.958]
[4307, 5.958, 6.097]
[4545, 6.097, 6.356]
[4444, 6.356, 6.128]
[4260, 6.128, 6.256]
[4326, 6.256, 6.194]
[4363, 6.194, 6.246]
[4193, 6.246, 6.19]
[4520, 6.19, 6.257]
[4523, 6.257, 6.227]
[4588, 6.227, 6.332]
[4254, 6.332, 6.339]
[4337, 6.339, 6.54]
[4324, 6.54, 6.5]
[4527, 6.5, 6.453]
[4260, 6.453, 6.495]
[4308, 6.495, 6.59]
[4362, 6.59, 6.69]
[4364, 6.69, 6.428]
[4474, 6.428, 6.7]
[4274, 6.7, 6.696]
[4284, 6.696, 6.612]
[4258, 6.612, 6.408]
[4319, 6.408, 6.239]
[4253, 6.239, 6.248]
[4607, 6.248, 6.432]
[4328, 6.432, 6.273]
[4206, 6.273, 6.099]
[4616, 6.099, 6.283]
[4238, 6.283, 6.315]
[4229, 6.315, 6.178]
[4415, 6.178, 6.236]
[4396, 6.236, 6.067]
[4394, 6.067, 5.965]
[4256, 5.965, 5.966]
[4381, 5.966, 6.058]
[4270, 6.058, 6.082]
[4379, 6.082, 6.015]
[4298, 6.015, 6.021]
[4188, 6.021, 6.004]
[4360, 6.004, 5.915]
[4267, 5.915, 5.666]
[4311, 5.666, 5.642]
[4244, 5.642, 5.823]
[4610, 5.823, 5.855]
[4628, 5.855, 5.688]
[4374, 5.688, 5.501]
[4188, 5.501, 5.716]
[4188, 5.716, 5.905]
[4308, 5.905, 5.841]
[4342, 5.841, 5.912]
[4351, 5.912, 5.995]
[4188, 5.995, 5.962]
[4386, 5.962, 5.819]
[4318, 5.819, 5.85]
[4456, 5.85, 5.9]
[4273, 5.9, 5.885]
[4189, 5.885, 5.675]
[4188, 5.675, 5.853]
[4359, 5.853, 5.878]
[4455, 5.878, 5.871]
[4188, 5.871, 5.7]
[4188, 5.7, 5.828]
[4425, 5.828, 5.805]
[4342, 5.805, 5.704]
[4244, 5.704, 5.629]
[4636, 5.629, 5.706]
[4291, 5.706, 5.696]
[4188, 5.696, 5.72]
[4269, 5.72, 5.856]
[4498, 5.856, 5.848]
[4264, 5.848, 5.833]
[4394, 5.833, 5.88]
[4258, 5.88, 6.028]
[4249, 6.028, 6.058]
[4306, 6.058, 6.101]
[4457, 6.101, 6.304]
[4660, 6.304, 6.369]
[4248, 6.369, 6.193]
[4352, 6.193, 6.109]
[4210, 6.109, 6.065]
[4188, 6.065, 6.264]
[4356, 6.264, 6.145]
[4289, 6.145, 6.165]
[4290, 6.165, 6.156]
[4485, 6.156, 6.059]
[4406, 6.059, 6.13]
[4586, 6.13, 6.402]
[4426, 6.402, 6.141]
[4190, 6.141, 6.048]
[4354, 6.048, 6.394]
[4188, 6.394, 6.372]
[4429, 6.372, 6.294]
[4294, 6.294, 6.104]
[4453, 6.104, 6.135]
[4635, 6.135, 6.278]
[4280, 6.278, 5.974]
[4275, 5.974, 5.843]
[4212, 5.843, 5.931]
[4279, 5.931, 6.399]
[4327, 6.399, 6.33]
[4320, 6.33, 6.071]
[4216, 6.071, 6.017]
[4236, 6.017, 6.137]
[4478, 6.137, 6.244]
[4246, 6.244, 6.018]
[4442, 6.018, 6.117]
[4435, 6.117, 6.108]
[4188, 6.108, 6.168]
[4507, 6.168, 5.981]
[4309, 5.981, 5.781]
[4333, 5.781, 6.015]
[4714, 6.015, 6.034]
[4549, 6.034, 5.775]
[4512, 5.775, 6.027]
[4426, 6.027, 6.361]
[4285, 6.361, 6.29]
[4334, 6.29, 6.008]
[4594, 6.008, 6.118]
[4360, 6.118, 5.882]
[4327, 5.882, 5.777]
[4207, 5.777, 6.078]
[4188, 6.078, 6.229]
[4256, 6.229, 6.383]
[4449, 6.383, 6.218]
[4352, 6.218, 6.138]
[4401, 6.138, 6.129]
[4463, 6.129, 6.084]
[4433, 6.084, 6.105]
[4476, 6.105, 5.929]
[4444, 5.929, 6.177]
[4338, 6.177, 6.2]
[4255, 6.2, 6.054]
[4268, 6.054, 6.025]
[4247, 6.025, 5.992]
[4522, 5.992, 5.977]
[4239, 5.977, 5.809]
[4540, 5.809, 5.846]
[4613, 5.846, 6.004]
[4370, 6.004, 6.06]
[4378, 6.06, 6.265]
[4280, 6.265, 6.268]
[4218, 6.268, 6.031]
[4396, 6.031, 6.053]
[4483, 6.053, 6.102]
[4395, 6.102, 6.31]
[4398, 6.31, 6.231]
[4410, 6.231, 6.145]
[4337, 6.145, 6.077]
[4233, 6.077, 6.002]
[4262, 6.002, 5.917]
[4188, 5.917, 5.912]
[4576, 5.912, 6.185]
[4322, 6.185, 5.965]
[4398, 5.965, 5.921]
[4250, 5.921, 5.848]
[4188, 5.848, 5.818]
[4257, 5.818, 5.8]
[4386, 5.8, 5.871]
[4188, 5.871, 5.74]
[4239, 5.74, 5.81]
[4394, 5.81, 5.795]
[4318, 5.795, 5.941]
[4190, 5.941, 5.815]
[4255, 5.815, 5.785]
[4209, 5.785, 5.856]
[4479, 5.856, 5.786]
[4188, 5.786, 5.815]
[4331, 5.815, 5.729]
[4188, 5.729, 5.961]
[4717, 5.961, 6.214]
[4550, 6.214, 5.812]
[4424, 5.812, 5.66]
[4262, 5.66, 5.921]
[4537, 5.921, 6.116]
[4511, 6.116, 5.729]
[4422, 5.729, 5.351]
[4253, 5.351, 5.222]
[4188, 5.222, 5.402]
[4279, 5.402, 5.463]
[4258, 5.463, 5.254]
[4296, 5.254, 5.178]
[4305, 5.178, 5.169]
[4257, 5.169, 5.146]
[4270, 5.146, 5.354]
[4386, 5.354, 5.45]
[4489, 5.45, 5.494]
[4344, 5.494, 5.59]
[4371, 5.59, 5.622]
[4290, 5.622, 5.592]
[4480, 5.592, 5.711]
[4188, 5.711, 5.674]
[4246, 5.674, 5.68]
[4387, 5.68, 5.736]
[4423, 5.736, 5.642]
[4350, 5.642, 5.612]
[4443, 5.612, 5.815]
[4371, 5.815, 5.832]
[4294, 5.832, 5.778]
[4212, 5.778, 5.693]
[4563, 5.693, 5.802]
[4429, 5.802, 5.797]
[4281, 5.797, 5.721]
[4293, 5.721, 5.641]
[4244, 5.641, 5.69]
[4255, 5.69, 5.705]
[4216, 5.705, 5.72]
[4257, 5.72, 5.71]
[4435, 5.71, 5.809]
[4372, 5.809, 5.695]
[4557, 5.695, 5.711]
[4297, 5.711, 5.657]
[4188, 5.657, 5.669]
[4303, 5.669, 5.778]
[4204, 5.778, 5.779]
[4356, 5.779, 5.732]
[4482, 5.732, 5.57]
[4461, 5.57, 5.32]
[4297, 5.32, 5.131]
[4188, 5.131, 5.129]
[4253, 5.129, 5.222]
[4407, 5.222, 5.323]
[4384, 5.323, 5.169]
[4270, 5.169, 5.065]
[4355, 5.065, 5.116]
[4335, 5.116, 5.035]
[4350, 5.035, 5.131]
[4305, 5.131, 5.149]
[4586, 5.149, 5.382]
[4262, 5.382, 5.17]
[4188, 5.17, 5.05]
[4527, 5.05, 5.192]
[4630, 5.192, 5.209]
[4516, 5.209, 5.109]
[4188, 5.109, 5.133]
[4612, 5.133, 5.196]
[4283, 5.196, 5.074]
[4459, 5.074, 4.951]
[4333, 4.951, 4.865]
[4449, 4.865, 4.908]
[4366, 4.908, 4.837]
[4499, 4.837, 4.781]
[4474, 4.781, 4.666]
[4329, 4.666, 4.754]
[4436, 4.754, 4.831]
[4456, 4.831, 4.707]
[4466, 4.707, 4.837]
[4344, 4.837, 4.86]
[4365, 4.86, 4.741]
[4490, 4.741, 4.607]
[4266, 4.607, 4.558]
[4328, 4.558, 4.562]
[4232, 4.562, 4.63]
[4259, 4.63, 4.644]
[4188, 4.644, 4.696]
[4281, 4.696, 4.68]
[4401, 4.68, 4.665]
[4352, 4.665, 4.672]
[4403, 4.672, 4.579]
[4188, 4.579, 4.726]
[4422, 4.726, 4.807]
[4461, 4.807, 4.831]
[4203, 4.831, 4.876]
[4265, 4.876, 4.855]
[4301, 4.855, 4.92]
[4277, 4.92, 4.869]
[4372, 4.869, 4.79]
[4210, 4.79, 4.66]
[4341, 4.66, 4.88]
[4518, 4.88, 4.974]
[4270, 4.974, 5.07]
[4485, 5.07, 5.109]
[4330, 5.109, 4.969]
[4464, 4.969, 5.021]
[4318, 5.021, 4.99]
[4478, 4.99, 5.141]
[4445, 5.141, 4.998]
[4358, 4.998, 4.787]
[4262, 4.787, 4.841]
[4269, 4.841, 4.951]
[4454, 4.951, 4.791]
[4251, 4.791, 4.862]
[4189, 4.862, 4.823]
[4193, 4.823, 4.839]
[4381, 4.839, 4.831]
[4473, 4.831, 4.598]
[4406, 4.598, 4.379]
[4188, 4.379, 4.601]
[4322, 4.601, 4.714]
[4376, 4.714, 4.536]
[4621, 4.536, 4.652]
[4275, 4.652, 4.593]
[4260, 4.593, 4.556]
[4257, 4.556, 4.603]
[4349, 4.603, 4.512]
[4296, 4.512, 4.479]
[4203, 4.479, 4.448]
[4200, 4.448, 4.528]
[4311, 4.528, 4.642]
[4415, 4.642, 4.627]
[4369, 4.627, 4.64]
[4290, 4.64, 4.643]
[4399, 4.643, 4.719]
[4306, 4.719, 4.739]
[4426, 4.739, 4.479]
[4249, 4.479, 4.499]
[4273, 4.499, 4.622]
[4353, 4.622, 4.407]
[4467, 4.407, 4.302]
[4188, 4.302, 4.208]
[4352, 4.208, 4.113]
[4348, 4.113, 4.205]
[4206, 4.205, 4.223]
[4188, 4.223, 4.278]
[4212, 4.278, 4.349]
[4228, 4.349, 4.286]
[4377, 4.286, 4.41]
[4271, 4.41, 4.459]
[4401, 4.459, 4.36]
[4461, 4.36, 4.333]
[4317, 4.333, 4.305]
[4264, 4.305, 4.357]
[4506, 4.357, 4.457]
[4265, 4.457, 4.288]
[4260, 4.288, 4.29]
[4284, 4.29, 4.359]
[4307, 4.359, 4.212]
[4384, 4.212, 4.085]
[4259, 4.085, 4.063]
[4331, 4.063, 3.989]
[4497, 3.989, 3.803]
[4419, 3.803, 3.684]
[4289, 3.684, 3.654]
[4339, 3.654, 3.932]
[4530, 3.932, 3.643]
[4398, 3.643, 3.411]
[4455, 3.411, 3.64]
[4188, 3.64, 3.806]
[4533, 3.806, 3.693]
[4210, 3.693, 3.806]
[4188, 3.806, 3.978]
[4324, 3.978, 4.011]
[4288, 4.011, 3.875]
[4271, 3.875, 3.848]
[4549, 3.848, 3.954]
[4283, 3.954, 3.888]
[4468, 3.888, 3.886]
[4426, 3.886, 3.869]
[4439, 3.869, 3.786]
[4371, 3.786, 3.761]
[4224, 3.761, 3.997]
[4425, 3.997, 3.941]
[4423, 3.941, 3.928]
[4397, 3.928, 3.844]
[4405, 3.844, 3.939]
[4283, 3.939, 3.925]
[4254, 3.925, 3.961]
[4507, 3.961, 3.933]
[4515, 3.933, 3.904]
[4217, 3.904, 3.915]
[4526, 3.915, 4.075]
[4263, 4.075, 4.204]
[4406, 4.204, 4.107]
[4390, 4.107, 4.034]
[4231, 4.034, 4.129]
[4402, 4.129, 4.254]
[4234, 4.254, 4.166]
[4289, 4.166, 4.254]
[4485, 4.254, 4.349]
[4580, 4.349, 4.119]
[4306, 4.119, 4.199]
[4424, 4.199, 4.373]
[4427, 4.373, 4.441]
[4238, 4.441, 4.493]
[4439, 4.493, 4.64]
[4394, 4.64, 4.495]
[4259, 4.495, 4.379]
[4294, 4.379, 4.458]
[4555, 4.458, 4.479]
[4264, 4.479, 4.387]
[4370, 4.387, 4.336]
[4345, 4.336, 4.592]
[4188, 4.592, 4.624]
[4346, 4.624, 4.559]
[4418, 4.559, 4.619]
[4301, 4.619, 4.639]
[4422, 4.639, 4.459]
[4272, 4.459, 4.475]
[4348, 4.475, 4.454]
[4398, 4.454, 4.442]
[4188, 4.442, 4.603]
[4333, 4.603, 4.626]
[4565, 4.626, 4.628]
[4466, 4.628, 4.702]
[4416, 4.702, 4.938]
[4549, 4.938, 4.978]
[4270, 4.978, 4.674]
[4273, 4.674, 4.896]
[4533, 4.896, 4.905]
[4188, 4.905, 4.971]
[4387, 4.971, 4.868]
[4311, 4.868, 4.917]
[4359, 4.917, 4.804]
[4220, 4.804, 4.738]
[4619, 4.738, 4.894]
[4433, 4.894, 4.553]
[4205, 4.553, 4.411]
[4591, 4.411, 4.755]
[4435, 4.755, 4.588]
[4287, 4.588, 4.525]
[4364, 4.525, 4.505]
[4195, 4.505, 4.391]
[4312, 4.391, 4.409]
[4436, 4.409, 4.373]
[4189, 4.373, 4.359]
[4420, 4.359, 4.364]
[4423, 4.364, 4.401]
[4311, 4.401, 4.223]
[4188, 4.223, 4.161]
[4328, 4.161, 4.218]
[4188, 4.218, 4.402]
[4538, 4.402, 4.243]
[4410, 4.243, 4.026]
[4229, 4.026, 4.071]
[4429, 4.071, 4.234]
[4374, 4.234, 4.391]
[4349, 4.391, 4.187]
[4357, 4.187, 4.216]
[4439, 4.216, 4.205]
[4528, 4.205, 4.056]
[4382, 4.056, 4.164]
[4192, 4.164, 4.219]
[4449, 4.219, 4.284]
[4436, 4.284, 4.426]
[4188, 4.426, 4.47]
[4506, 4.47, 4.445]
[4342, 4.445, 4.403]
[4702, 4.403, 4.54]
[4748, 4.54, 4.354]
[4432, 4.354, 4.139]
[4188, 4.139, 4.514]
[4378, 4.514, 4.381]
[4342, 4.381, 4.377]
[4351, 4.377, 4.326]
[4235, 4.326, 4.392]
[4408, 4.392, 4.518]
[4340, 4.518, 4.389]
[4194, 4.389, 4.293]
[4188, 4.293, 4.555]
[4631, 4.555, 4.667]
[4253, 4.667, 4.546]
[4416, 4.546, 4.625]
[4268, 4.625, 4.631]
[4413, 4.631, 4.603]
[4536, 4.603, 4.467]
[4188, 4.467, 4.441]
[4306, 4.441, 4.653]
[4430, 4.653, 4.495]
[4420, 4.495, 4.312]
[4322, 4.312, 4.479]
[4203, 4.479, 4.403]
[4282, 4.403, 4.222]
[4406, 4.222, 4.333]
[4332, 4.333, 4.295]
[4333, 4.295, 4.244]
[4255, 4.244, 4.199]
[4348, 4.199, 4.368]
[4241, 4.368, 4.217]
[4299, 4.217, 3.832]
[4335, 3.832, 3.818]
[4275, 3.818, 3.937]
[4447, 3.937, 4.099]
[4264, 4.099, 3.923]
[4230, 3.923, 3.836]
[4248, 3.836, 3.979]
[4300, 3.979, 4.051]
[4379, 4.051, 3.952]
[4266, 3.952, 3.956]
[4405, 3.956, 3.984]
[4364, 3.984, 4.046]
[4188, 4.046, 4.007]
[4446, 4.007, 4.071]
[4582, 4.071, 4.014]
[4392, 4.014, 3.885]
[4311, 3.885, 3.844]
[4188, 3.844, 3.963]
[4436, 3.963, 4.147]
[4479, 4.147, 4.014]
[4222, 4.014, 4.171]
[4302, 4.171, 4.212]
[4369, 4.212, 4.287]
[4295, 4.287, 4.171]
[4375, 4.171, 4.304]
[4210, 4.304, 4.282]
[4584, 4.282, 4.171]
[4475, 4.171, 3.928]
[4296, 3.928, 3.952]
[4316, 3.952, 4.038]
[4360, 4.038, 3.918]
[4188, 3.918, 3.889]
[4215, 3.889, 3.988]
[4371, 3.988, 3.959]
[4400, 3.959, 3.787]
[4188, 3.787, 3.783]
[4189, 3.783, 3.834]
[4441, 3.834, 3.967]
[4271, 3.967, 3.966]
[4426, 3.966, 3.907]
[4188, 3.907, 4.025]
[4197, 4.025, 4.08]
[4240, 4.08, 3.988]
[4320, 3.988, 3.891]
[4411, 3.891, 3.961]
[4593, 3.961, 3.921]
[4188, 3.921, 3.858]
[4370, 3.858, 3.747]
[4513, 3.747, 3.818]
[4312, 3.818, 3.738]
[4487, 3.738, 3.755]
[4188, 3.755, 3.775]
[4341, 3.775, 3.881]
[4371, 3.881, 3.91]
[4372, 3.91, 3.903]
[4241, 3.903, 3.88]
[4504, 3.88, 3.885]
[4250, 3.885, 3.83]
[4468, 3.83, 4.004]
[4504, 4.004, 3.902]
[4188, 3.902, 4.024]
[4199, 4.024, 4.272]
[4254, 4.272, 4.175]
[4233, 4.175, 4.235]
[4365, 4.235, 4.297]
[4432, 4.297, 4.374]
[4400, 4.374, 4.514]
[4188, 4.514, 4.524]
[4522, 4.524, 4.351]
[4486, 4.351, 4.096]
[4433, 4.096, 4.141]
[4343, 4.141, 4.214]
[4322, 4.214, 4.047]
[4314, 4.047, 4.029]
[4328, 4.029, 4.103]
[4195, 4.103, 4.051]
[4399, 4.051, 4.041]
[4584, 4.041, 4.106]
[4521, 4.106, 4.199]
[4333, 4.199, 4.11]
[4188, 4.11, 4.149]
[4262, 4.149, 4.188]
[4550, 4.188, 4.181]
[4409, 4.181, 4.037]
[4539, 4.037, 4.039]
[4300, 4.039, 3.867]
[4308, 3.867, 3.859]
[4313, 3.859, 4.018]
[4324, 4.018, 4.057]
[4381, 4.057, 4.041]
[4372, 4.041, 4.065]
[4333, 4.065, 4.112]
[4407, 4.112, 4.0]
[4188, 4.0, 4.085]
[4218, 4.085, 4.218]
[4399, 4.218, 4.187]
[4407, 4.187, 4.243]
[4322, 4.243, 4.45]
[4331, 4.45, 4.402]
[4308, 4.402, 4.419]
[4582, 4.419, 4.548]
[4273, 4.548, 4.407]
[4533, 4.407, 4.442]
[4573, 4.442, 4.174]
[4188, 4.174, 4.032]
[4497, 4.032, 4.214]
[4334, 4.214, 4.241]
[4488, 4.241, 4.252]
[4348, 4.252, 4.16]
[4267, 4.16, 4.337]
[4624, 4.337, 4.519]
[4397, 4.519, 4.131]
[4611, 4.131, 4.367]
[4285, 4.367, 4.537]
[4515, 4.537, 4.441]
[4342, 4.441, 4.338]
[4283, 4.338, 4.342]
[4242, 4.342, 4.381]
[4474, 4.381, 4.516]
[4314, 4.516, 4.44]
[4444, 4.44, 4.528]
[4352, 4.528, 4.409]
[4372, 4.409, 4.399]
[4188, 4.399, 4.374]
[4351, 4.374, 4.266]
[4193, 4.266, 4.251]
[4318, 4.251, 4.195]
[4188, 4.195, 4.333]
[4386, 4.333, 4.308]
[4300, 4.308, 4.266]
[4236, 4.266, 4.182]
[4188, 4.182, 4.214]
[4428, 4.214, 4.166]
[4316, 4.166, 4.168]
[4297, 4.168, 4.14]
[4357, 4.14, 4.215]
[4237, 4.215, 4.245]
[4468, 4.245, 4.273]
[4853, 4.273, 4.285]
[4515, 4.285, 4.011]
[4377, 4.011, 4.07]
[4309, 4.07, 4.368]
[4310, 4.368, 4.332]
[4273, 4.332, 4.392]
[4272, 4.392, 4.435]
[4269, 4.435, 4.517]
[4241, 4.517, 4.692]
[4387, 4.692, 4.615]
[4431, 4.615, 4.675]
[4219, 4.675, 4.81]
[4193, 4.81, 4.764]
[4294, 4.764, 4.637]
[4340, 4.637, 4.598]
[4482, 4.598, 4.7]
[4191, 4.7, 4.74]
[4384, 4.74, 4.647]
[4541, 4.647, 4.638]
[4340, 4.638, 4.782]
[4397, 4.782, 4.937]
[4555, 4.937, 4.843]
[4441, 4.843, 4.818]
[4303, 4.818, 4.897]
[4188, 4.897, 4.977]
[4417, 4.977, 4.973]
[4451, 4.973, 4.815]
[4383, 4.815, 4.787]
[4296, 4.787, 4.951]
[4463, 4.951, 4.9]
[4267, 4.9, 4.71]
[4451, 4.71, 4.746]
[4228, 4.746, 4.671]
[4754, 4.671, 4.746]
[4315, 4.746, 4.685]
[4188, 4.685, 4.728]
[4332, 4.728, 4.847]
[4193, 4.847, 4.848]
[4303, 4.848, 4.666]
[4234, 4.666, 4.873]
[4264, 4.873, 4.764]
[4188, 4.764, 4.782]
[4318, 4.782, 4.923]
[4300, 4.923, 4.8]
[4503, 4.8, 4.954]
[4346, 4.954, 4.982]
[4385, 4.982, 4.896]
[4200, 4.896, 4.762]
[4410, 4.762, 4.988]
[4188, 4.988, 5.187]
[4478, 5.187, 5.087]
[4641, 5.087, 4.841]
[4311, 4.841, 4.663]
[4254, 4.663, 4.91]
[4593, 4.91, 5.011]
[4293, 5.011, 4.72]
[4271, 4.72, 4.772]
[4268, 4.772, 4.965]
[4318, 4.965, 4.973]
[4343, 4.973, 4.896]
[4407, 4.896, 4.795]
[4237, 4.795, 4.785]
[4213, 4.785, 4.923]
[4512, 4.923, 4.811]
[4202, 4.811, 4.771]
[4702, 4.771, 4.9]
[4392, 4.9, 4.579]
[4284, 4.579, 4.548]
[4188, 4.548, 4.761]
[4317, 4.761, 4.697]
[4273, 4.697, 4.673]
[4188, 4.673, 4.621]
[4370, 4.621, 4.611]
[4509, 4.611, 4.732]
[4500, 4.732, 4.491]
[4440, 4.491, 4.313]
[4352, 4.313, 4.488]
[4188, 4.488, 4.538]
[4346, 4.538, 4.592]
[4356, 4.592, 4.549]
[4474, 4.549, 4.447]
[4584, 4.447, 4.431]
[4188, 4.431, 4.424]
[4369, 4.424, 4.42]
[4381, 4.42, 4.386]
[4464, 4.386, 4.452]
[4386, 4.452, 4.45]
[4341, 4.45, 4.579]
[4381, 4.579, 4.578]
[4411, 4.578, 4.459]
[4303, 4.459, 4.536]
[4239, 4.536, 4.696]
[4440, 4.696, 4.675]
[4508, 4.675, 4.403]
[4330, 4.403, 4.273]
[4325, 4.273, 4.161]
[4203, 4.161, 4.22]
[4456, 4.22, 4.312]
[4294, 4.312, 4.334]
[4397, 4.334, 4.322]
[4192, 4.322, 4.371]
[4439, 4.371, 4.205]
[4320, 4.205, 4.107]
[4292, 4.107, 4.042]
[4431, 4.042, 4.099]
[4412, 4.099, 4.071]
[4417, 4.071, 4.023]
[4323, 4.023, 4.038]
[4238, 4.038, 4.064]
[4234, 4.064, 3.962]
[4317, 3.962, 3.929]
[4375, 3.929, 4.077]
[4491, 4.077, 3.943]
[4295, 3.943, 3.72]
[4188, 3.72, 3.795]
[4419, 3.795, 3.803]
[4421, 3.803, 3.626]
[4245, 3.626, 3.573]
[4460, 3.573, 3.709]
[4584, 3.709, 4.036]
[4423, 4.036, 3.991]
[4309, 3.991, 3.805]
[4312, 3.805, 3.927]
[4188, 3.927, 4.078]
[4188, 4.078, 4.107]
[4385, 4.107, 4.153]
[4273, 4.153, 4.094]
[4345, 4.094, 4.013]
[4348, 4.013, 4.092]
[4280, 4.092, 4.09]
[4398, 4.09, 4.215]
[4672, 4.215, 4.03]
[4210, 4.03, 3.992]
[4320, 3.992, 4.256]
[4265, 4.256, 4.208]
[4321, 4.208, 4.115]
[4388, 4.115, 4.237]
[4440, 4.237, 4.165]
[4471, 4.165, 4.022]
[4235, 4.022, 3.923]
[4214, 3.923, 3.922]
[4326, 3.922, 3.906]
[4455, 3.906, 3.825]
[4188, 3.825, 3.879]
[4351, 3.879, 3.995]
[4245, 3.995, 3.999]
[4188, 3.999, 4.061]
[4411, 4.061, 4.188]
[4394, 4.188, 4.15]
[4425, 4.15, 4.116]
[4401, 4.116, 4.182]
[4467, 4.182, 4.036]
[4316, 4.036, 3.965]
[4268, 3.965, 3.956]
[4375, 3.956, 3.917]
[4333, 3.917, 3.918]
[4417, 3.918, 4.024]
[4418, 4.024, 4.162]
[4521, 4.162, 4.192]
[4262, 4.192, 4.122]
[4265, 4.122, 4.168]
[4341, 4.168, 4.061]
[4254, 4.061, 4.101]
[4383, 4.101, 4.111]
[4295, 4.111, 3.931]
[4203, 3.931, 3.99]
[4188, 3.99, 4.111]
[4442, 4.111, 4.257]
[4405, 4.257, 3.999]
[4188, 3.999, 4.103]
[4274, 4.103, 4.194]
[4362, 4.194, 4.175]
[4488, 4.175, 4.061]
[4188, 4.061, 4.379]
[4244, 4.379, 4.375]
[4390, 4.375, 4.245]
[4277, 4.245, 4.28]
[4385, 4.28, 4.306]
[4295, 4.306, 4.112]
[4419, 4.112, 4.074]
[4297, 4.074, 4.055]
[4188, 4.055, 4.148]
[4188, 4.148, 4.215]
[4322, 4.215, 4.239]
[4388, 4.239, 4.293]
[4586, 4.293, 4.175]
[4389, 4.175, 3.952]
[4319, 3.952, 3.969]
[4188, 3.969, 3.859]
[4377, 3.859, 3.862]
[4374, 3.862, 4.118]
[4583, 4.118, 4.037]
[4320, 4.037, 4.111]
[4613, 4.111, 4.16]
[4455, 4.16, 4.175]
[4565, 4.175, 4.183]
[4597, 4.183, 4.211]
[4411, 4.211, 4.175]
[4591, 4.175, 4.319]
[4572, 4.319, 4.124]
[4323, 4.124, 4.139]
[4884, 4.139, 4.562]
[4290, 4.562, 4.33]
[4338, 4.33, 4.181]
[4188, 4.181, 4.466]
[4601, 4.466, 4.476]
[4458, 4.476, 4.184]
[4324, 4.184, 4.127]
[4265, 4.127, 4.337]
[4400, 4.337, 4.42]
[4417, 4.42, 4.065]
[4482, 4.065, 4.084]
[4520, 4.084, 4.374]
[4578, 4.374, 4.274]
[4405, 4.274, 4.23]
[4242, 4.23, 4.151]
[4449, 4.151, 4.147]
[4288, 4.147, 4.052]
[4340, 4.052, 4.039]
[4360, 4.039, 4.113]
[4315, 4.113, 4.016]
[4194, 4.016, 4.125]
[4334, 4.125, 4.1]
[4345, 4.1, 4.08]
[4501, 4.08, 4.014]
[4326, 4.014, 3.955]
[4327, 3.955, 4.115]
[4244, 4.115, 4.228]
[4188, 4.228, 4.197]
[4188, 4.197, 4.311]
[4718, 4.311, 4.271]
[4385, 4.271, 3.911]
[4384, 3.911, 3.891]
[4300, 3.891, 4.039]
[4228, 4.039, 4.105]
[4449, 4.105, 4.027]
[4306, 4.027, 4.082]
[4677, 4.082, 4.166]
[4554, 4.166, 3.869]
[4581, 3.869, 3.942]
[4188, 3.942, 4.052]
[4188, 4.052, 4.173]
[4218, 4.173, 4.31]
[4473, 4.31, 4.018]
[4412, 4.018, 4.199]
[4344, 4.199, 4.291]
[4311, 4.291, 4.209]
[4375, 4.209, 4.176]
[4306, 4.176, 4.216]
[4188, 4.216, 4.256]
[4211, 4.256, 4.181]
[4331, 4.181, 4.35]
[4459, 4.35, 4.54]
[4546, 4.54, 4.262]
[4220, 4.262, 4.184]
[4449, 4.184, 4.255]
[4414, 4.255, 4.418]
[4325, 4.418, 4.399]
[4293, 4.399, 4.469]
[4188, 4.469, 4.518]
[4188, 4.518, 4.65]
[4291, 4.65, 5.111]
[4346, 5.111, 5.105]
[4353, 5.105, 5.126]
[4377, 5.126, 5.175]
[4324, 5.175, 5.139]
[4277, 5.139, 5.15]
[4438, 5.15, 5.051]
[4594, 5.051, 5.211]
[4303, 5.211, 5.321]
[4283, 5.321, 5.535]
[4359, 5.535, 5.669]
[4415, 5.669, 5.551]
[4188, 5.551, 5.516]
[4365, 5.516, 5.634]
[4392, 5.634, 5.617]
[4188, 5.617, 5.587]
[4390, 5.587, 5.546]
[4302, 5.546, 5.541]
[4421, 5.541, 5.441]
[4249, 5.441, 5.388]
[4332, 5.388, 5.398]
[4334, 5.398, 5.643]
[4339, 5.643, 5.522]
[4188, 5.522, 5.578]
[4226, 5.578, 5.932]
[4188, 5.932, 6.234]
[4412, 6.234, 6.218]
[4191, 6.218, 6.029]
[4188, 6.029, 6.092]
[4491, 6.092, 6.12]
[4330, 6.12, 5.974]
[4388, 5.974, 6.017]
[4471, 6.017, 6.047]
[4280, 6.047, 5.918]
[4500, 5.918, 6.023]
[4369, 6.023, 6.041]
[4289, 6.041, 5.981]
[4339, 5.981, 6.077]
[4365, 6.077, 6.231]
[4365, 6.231, 6.13]
[4235, 6.13, 6.094]
[4275, 6.094, 6.315]
[4193, 6.315, 6.383]
[4260, 6.383, 6.748]
[4188, 6.748, 6.781]
[4518, 6.781, 6.775]
[4229, 6.775, 6.752]
[4243, 6.752, 6.691]
[4443, 6.691, 6.541]
[4457, 6.541, 6.632]
[4643, 6.632, 6.88]
[4270, 6.88, 6.855]
[4188, 6.855, 6.712]
[4188, 6.712, 7.029]
[4304, 7.029, 7.134]
[4278, 7.134, 6.936]
[4267, 6.936, 6.947]
[4457, 6.947, 7.195]
[4269, 7.195, 7.08]
[4336, 7.08, 6.948]
[4625, 6.948, 6.996]
[4425, 6.996, 7.014]
[4211, 7.014, 7.018]
[4303, 7.018, 7.254]
[4386, 7.254, 7.097]
[4236, 7.097, 6.78]
[4362, 6.78, 6.778]
[4324, 6.778, 6.916]
[4378, 6.916, 6.884]
[4376, 6.884, 6.721]
[4217, 6.721, 6.676]
[4379, 6.676, 6.875]
[4346, 6.875, 6.861]
[4329, 6.861, 6.757]
[4374, 6.757, 6.644]
[4413, 6.644, 6.738]
[4418, 6.738, 6.685]
[4250, 6.685, 6.628]
[4454, 6.628, 6.762]
[4432, 6.762, 6.775]
[4293, 6.775, 6.788]
[4472, 6.788, 6.772]
[4226, 6.772, 6.823]
[4308, 6.823, 6.884]
[4227, 6.884, 6.765]
[4196, 6.765, 6.738]
[4295, 6.738, 6.774]
[4256, 6.774, 6.524]
[4251, 6.524, 6.493]
[4388, 6.493, 6.497]
[4369, 6.497, 6.464]
[4349, 6.464, 6.357]
[4402, 6.357, 6.415]
[4188, 6.415, 6.517]
[4559, 6.517, 6.674]
[4528, 6.674, 6.419]
[4273, 6.419, 6.336]
[4228, 6.336, 6.43]
[4188, 6.43, 6.573]
[4506, 6.573, 6.337]
[4368, 6.337, 6.252]
[4333, 6.252, 6.469]
[4254, 6.469, 6.567]
[4246, 6.567, 6.487]
[4273, 6.487, 6.443]
[4188, 6.443, 6.669]
[4390, 6.669, 6.755]
[4464, 6.755, 6.719]
[4330, 6.719, 6.386]
[4188, 6.386, 6.426]
[4305, 6.426, 6.672]
[4188, 6.672, 6.661]
[4330, 6.661, 6.507]
[4240, 6.507, 6.466]
[4345, 6.466, 6.307]
[4320, 6.307, 6.254]
[4388, 6.254, 6.286]
[4390, 6.286, 6.377]
[4467, 6.377, 6.186]
[4294, 6.186, 6.331]
[4388, 6.331, 6.643]
[4489, 6.643, 6.462]
[4297, 6.462, 6.295]
[4325, 6.295, 6.456]
[4230, 6.456, 6.411]
[4330, 6.411, 6.264]
[4253, 6.264, 6.488]
[4188, 6.488, 6.806]
[4249, 6.806, 6.663]
[4325, 6.663, 6.507]
[4346, 6.507, 6.704]
[4390, 6.704, 6.669]
[4438, 6.669, 6.702]
[4452, 6.702, 6.797]
[4257, 6.797, 6.716]
[4436, 6.716, 6.728]
[4235, 6.728, 6.617]
[4209, 6.617, 6.511]
[4191, 6.511, 6.417]
[4188, 6.417, 6.374]
[4374, 6.374, 6.382]
[4201, 6.382, 6.198]
[4216, 6.198, 6.409]
[4516, 6.409, 6.415]
[4318, 6.415, 6.224]
[4306, 6.224, 6.342]
[4351, 6.342, 6.524]
[4572, 6.524, 6.391]
[4286, 6.391, 6.165]
