[90480, 100.0, 19.68]
[18792, 19.68, 9.26]
[8198, 9.26, 5.201]
[4812, 5.201, 3.966]
[4272, 3.966, 4.349]
[4523, 4.349, 4.176]
[4287, 4.176, 3.789]
[4604, 3.789, 3.645]
[4275, 3.645, 3.998]
[4389, 3.998, 4.188]
[4397, 4.188, 4.073]
[4264, 4.073, 4.103]
[4262, 4.103, 4.22]
[4188, 4.22, 4.193]
[4573, 4.193, 4.009]
[4299, 4.009, 3.828]
[4246, 3.828, 4.03]
[4277, 4.03, 4.209]
[4292, 4.209, 4.153]
[4309, 4.153, 4.145]
[4269, 4.145, 4.181]
[4304, 4.181, 4.118]
[4319, 4.118, 4.071]
[4405, 4.071, 4.218]
[4238, 4.218, 4.119]
[4226, 4.119, 4.351]
[4373, 4.351, 4.357]
[4374, 4.357, 4.434]
[4209, 4.434, 4.435]
[4344, 4.435, 4.417]
[4485, 4.417, 4.42]
[4420, 4.42, 4.271]
[4705, 4.271, 4.139]
[4198, 4.139, 3.974]
[4397, 3.974, 4.06]
[4299, 4.06, 4.106]
[4350, 4.106, 4.087]
[4267, 4.087, 4.097]
[4614, 4.097, 4.204]
[4342, 4.204, 4.066]
[4204, 4.066, 4.237]
[4532, 4.237, 4.154]
[4523, 4.154, 4.018]
[4452, 4.018, 4.148]
[4509, 4.148, 4.038]
[4340, 4.038, 4.102]
[4311, 4.102, 4.184]
[4289, 4.184, 4.196]
[4350, 4.196, 4.306]
[4318, 4.306, 4.178]
[4397, 4.178, 4.156]
[4272, 4.156, 4.185]
[4358, 4.185, 4.216]
[4420, 4.216, 4.146]
[4445, 4.146, 3.969]
[4379, 3.969, 4.095]
[4342, 4.095, 4.12]
[4297, 4.12, 4.122]
[4418, 4.122, 4.211]
[4494, 4.211, 4.078]
[4528, 4.078, 4.047]
[4454, 4.047, 3.995]
[4264, 3.995, 4.027]
[4363, 4.027, 4.104]
[4421, 4.104, 4.004]
[4576, 4.004, 3.945]
[4329, 3.945, 3.792]
[4329, 3.792, 3.77]
[4214, 3.77, 3.862]
[4494, 3.862, 3.829]
[4350, 3.829, 3.648]
[4403, 3.648, 3.676]
[4373, 3.676, 3.769]
[4479, 3.769, 3.821]
[4480, 3.821, 3.913]
[4355, 3.913, 3.945]
[4231, 3.945, 4.071]
[4235, 4.071, 4.003]
[4334, 4.003, 4.041]
[4447, 4.041, 4.006]
[4197, 4.006, 3.926]
[4266, 3.926, 4.054]
[4188, 4.054, 4.198]
[4467, 4.198, 4.026]
[4188, 4.026, 3.901]
[4226, 3.901, 4.009]
[4393, 4.009, 4.165]
[4297, 4.165, 3.984]
[4315, 3.984, 3.932]
[4307, 3.932, 3.917]
[4267, 3.917, 4.036]
[4401, 4.036, 4.013]
[4236, 4.013, 3.883]
[4325, 3.883, 3.961]
[4188, 3.961, 3.996]
[4188, 3.996, 4.102]
[4234, 4.102, 4.0]
[4243, 4.0, 4.1]
[4198, 4.1, 4.209]
[4356, 4.209, 4.271]
[4204, 4.271, 4.218]
[4188, 4.218, 4.24]
[4191, 4.24, 4.287]
[4364, 4.287, 4.336]
[4370, 4.336, 4.491]
[4568, 4.491, 4.356]
[4538, 4.356, 4.196]
[4414, 4.196, 3.979]
[4394, 3.979, 3.909]
[4188, 3.909, 4.025]
[4322, 4.025, 4.06]
[4363, 4.06, 3.911]
[4360, 3.911, 3.837]
[4188, 3.837, 3.87]
[4513, 3.87, 3.983]
[4188, 3.983, 4.086]
[4269, 4.086, 4.113]
[4209, 4.113, 4.166]
[4300, 4.166, 4.244]
[4325, 4.244, 4.296]
[4443, 4.296, 4.281]
[4493, 4.281, 4.207]
[4292, 4.207, 4.179]
[4664, 4.179, 3.949]
[4228, 3.949, 3.882]
[4238, 3.882, 3.954]
[4408, 3.954, 3.947]
[4352, 3.947, 3.952]
[4188, 3.952, 4.081]
[4483, 4.081, 4.084]
[4188, 4.084, 4.041]
[4251, 4.041, 4.063]
[4221, 4.063, 4.169]
[4494, 4.169, 4.094]
[4323, 4.094, 3.928]
[4263, 3.928, 3.84]
[4321, 3.84, 4.02]
[4515, 4.02, 4.038]
[4338, 4.038, 4.017]
[4328, 4.017, 4.09]
[4480, 4.09, 4.221]
[4274, 4.221, 4.108]
[4271, 4.108, 4.089]
[4298, 4.089, 4.193]
[4266, 4.193, 4.305]
[4206, 4.305, 4.224]
[4369, 4.224, 4.304]
[4504, 4.304, 4.425]
[4471, 4.425, 4.252]
[4188, 4.252, 4.321]
[4296, 4.321, 4.545]
[4388, 4.545, 4.416]
[4328, 4.416, 4.172]
[4379, 4.172, 4.275]
[4302, 4.275, 4.341]
[4281, 4.341, 4.156]
[4277, 4.156, 4.155]
[4336, 4.155, 4.204]
[4188, 4.204, 4.282]
[4300, 4.282, 4.303]
[4466, 4.303, 4.297]
[4341, 4.297, 4.328]
[4371, 4.328, 4.465]
[4326, 4.465, 4.274]
[4447, 4.274, 4.277]
[4658, 4.277, 4.327]
[4691, 4.327, 3.948]
[4188, 3.948, 3.757]
[4188, 3.757, 4.114]
[4395, 4.114, 4.285]
[4299, 4.285, 4.089]
[4519, 4.089, 4.163]
[4264, 4.163, 4.1]
[4420, 4.1, 4.037]
[4192, 4.037, 4.108]
[4703, 4.108, 4.216]
[4664, 4.216, 4.016]
[4303, 4.016, 3.973]
[4188, 3.973, 4.236]
[4349, 4.236, 4.325]
[4195, 4.325, 4.26]
[4272, 4.26, 4.304]
[4311, 4.304, 4.49]
[4313, 4.49, 4.463]
[4429, 4.463, 4.452]
[4259, 4.452, 4.373]
[4317, 4.373, 4.357]
[4413, 4.357, 4.217]
[4381, 4.217, 4.134]
[4324, 4.134, 4.035]
[4625, 4.035, 3.992]
[4316, 3.992, 4.058]
[4316, 4.058, 4.008]
[4556, 4.008, 3.98]
[4386, 3.98, 3.929]
[4418, 3.929, 4.031]
[4517, 4.031, 3.993]
[4188, 3.993, 3.988]
[4252, 3.988, 3.956]
[4306, 3.956, 3.921]
[4194, 3.921, 3.902]
[4494, 3.902, 3.929]
[4366, 3.929, 3.98]
[4425, 3.98, 3.863]
[4385, 3.863, 3.73]
[4289, 3.73, 3.616]
[4446, 3.616, 3.627]
[4392, 3.627, 3.71]
[4474, 3.71, 3.471]
[4417, 3.471, 3.378]
[4252, 3.378, 3.538]
[4261, 3.538, 3.61]
[4526, 3.61, 3.591]
[4319, 3.591, 3.485]
[4292, 3.485, 3.564]
[4410, 3.564, 3.602]
[4419, 3.602, 3.665]
[4300, 3.665, 3.55]
[4425, 3.55, 3.508]
[4188, 3.508, 3.755]
[4200, 3.755, 3.832]
[4371, 3.832, 3.833]
[4410, 3.833, 3.779]
[4396, 3.779, 3.947]
[4350, 3.947, 3.983]
[4241, 3.983, 3.978]
[4263, 3.978, 3.967]
[4476, 3.967, 4.002]
[4567, 4.002, 3.97]
[4755, 3.97, 3.937]
[4278, 3.937, 3.85]
[4444, 3.85, 3.918]
[4271, 3.918, 3.819]
[4386, 3.819, 3.836]
[4262, 3.836, 3.899]
[4305, 3.899, 3.734]
[4260, 3.734, 3.659]
[4365, 3.659, 3.71]
[4263, 3.71, 3.779]
[4498, 3.779, 3.659]
[4361, 3.659, 3.574]
[4188, 3.574, 3.632]
[4224, 3.632, 3.785]
[4539, 3.785, 3.774]
[4378, 3.774, 3.668]
[4272, 3.668, 3.713]
[4258, 3.713, 3.843]
[4374, 3.843, 3.983]
[4289, 3.983, 3.878]
[4286, 3.878, 3.805]
[4309, 3.805, 4.018]
[4261, 4.018, 4.008]
[4331, 4.008, 3.995]
[4545, 3.995, 3.69]
[4425, 3.69, 3.631]
[4215, 3.631, 3.584]
[4323, 3.584, 3.735]
[4520, 3.735, 3.646]
[4257, 3.646, 3.572]
[4323, 3.572, 3.733]
[4302, 3.733, 3.74]
[4322, 3.74, 3.692]
[4276, 3.692, 3.572]
[4312, 3.572, 3.629]
[4188, 3.629, 3.829]
[4484, 3.829, 3.671]
[4188, 3.671, 3.839]
[4307, 3.839, 3.845]
[4675, 3.845, 3.93]
[4420, 3.93, 3.926]
[4285, 3.926, 3.848]
[4300, 3.848, 4.094]
[4306, 4.094, 3.935]
[4455, 3.935, 3.846]
[4358, 3.846, 3.922]
[4373, 3.922, 3.974]
[4296, 3.974, 3.939]
[4245, 3.939, 3.953]
[4264, 3.953, 4.069]
[4206, 4.069, 4.075]
[4380, 4.075, 4.053]
[4330, 4.053, 4.075]
[4370, 4.075, 4.067]
[4271, 4.067, 4.122]
[4245, 4.122, 4.028]
[4193, 4.028, 4.003]
[4399, 4.003, 3.924]
[4442, 3.924, 3.938]
[4357, 3.938, 3.855]
[4295, 3.855, 3.894]
[4274, 3.894, 3.966]
[4287, 3.966, 3.932]
[4359, 3.932, 3.821]
[4517, 3.821, 3.792]
[4282, 3.792, 3.798]
[4428, 3.798, 3.793]
[4316, 3.793, 3.737]
[4306, 3.737, 3.847]
[4400, 3.847, 3.933]
[4262, 3.933, 3.782]
[4596, 3.782, 3.6]
[4314, 3.6, 3.494]
[4300, 3.494, 3.569]
[4188, 3.569, 3.72]
[4476, 3.72, 3.79]
[4441, 3.79, 3.557]
[4298, 3.557, 3.486]
[4206, 3.486, 3.78]
[4363, 3.78, 3.816]
[4191, 3.816, 3.706]
[4305, 3.706, 3.7]
[4460, 3.7, 3.828]
[4383, 3.828, 3.782]
[4475, 3.782, 3.985]
[4276, 3.985, 3.929]
[4309, 3.929, 4.098]
[4352, 4.098, 4.191]
[4464, 4.191, 4.132]
[4530, 4.132, 3.76]
[4251, 3.76, 3.839]
[4188, 3.839, 4.157]
[4260, 4.157, 4.162]
[4335, 4.162, 4.023]
[4388, 4.023, 4.141]
[4188, 4.141, 4.209]
[4270, 4.209, 4.478]
[4326, 4.478, 4.348]
[4188, 4.348, 4.382]
[4510, 4.382, 4.694]
[4488, 4.694, 4.617]
[4365, 4.617, 4.409]
[4188, 4.409, 4.756]
[4188, 4.756, 4.863]
[4398, 4.863, 4.644]
[4252, 4.644, 4.646]
[4207, 4.646, 4.79]
[4227, 4.79, 4.797]
[4401, 4.797, 4.723]
[4188, 4.723, 4.82]
[4261, 4.82, 5.027]
[4431, 5.027, 5.046]
[4395, 5.046, 4.904]
[4337, 4.904, 4.927]
[4188, 4.927, 4.925]
[4470, 4.925, 5.065]
[4188, 5.065, 4.977]
[4291, 4.977, 4.997]
[4378, 4.997, 4.897]
[4390, 4.897, 4.941]
[4471, 4.941, 4.886]
[4355, 4.886, 4.82]
[4188, 4.82, 5.031]
[4442, 5.031, 5.092]
[4332, 5.092, 5.023]
[4388, 5.023, 5.039]
[4273, 5.039, 5.11]
[4335, 5.11, 5.177]
[4281, 5.177, 5.221]
[4575, 5.221, 5.102]
[4299, 5.102, 4.912]
[4300, 4.912, 4.776]
[4328, 4.776, 5.091]
[4480, 5.091, 4.894]
[4442, 4.894, 4.713]
[4275, 4.713, 4.706]
[4212, 4.706, 4.753]
[4188, 4.753, 4.694]
[4380, 4.694, 4.822]
[4333, 4.822, 4.961]
[4671, 4.961, 4.965]
[4293, 4.965, 4.87]
[4288, 4.87, 4.822]
[4397, 4.822, 5.001]
[4383, 5.001, 4.959]
[4188, 4.959, 4.776]
[4226, 4.776, 4.851]
[4266, 4.851, 4.919]
[4395, 4.919, 4.782]
[4595, 4.782, 4.917]
[4414, 4.917, 4.652]
[4280, 4.652, 4.523]
[4569, 4.523, 4.676]
[4492, 4.676, 4.552]
[4354, 4.552, 4.365]
[4267, 4.365, 4.434]
[4321, 4.434, 4.461]
[4410, 4.461, 4.284]
[4311, 4.284, 4.243]
[4515, 4.243, 4.332]
[4411, 4.332, 4.066]
[4479, 4.066, 3.957]
[4188, 3.957, 4.073]
[4355, 4.073, 4.164]
[4376, 4.164, 4.089]
[4363, 4.089, 4.078]
[4188, 4.078, 4.12]
[4343, 4.12, 4.071]
[4306, 4.071, 4.176]
[4453, 4.176, 4.125]
[4395, 4.125, 4.141]
[4390, 4.141, 4.171]
[4427, 4.171, 4.303]
[4325, 4.303, 4.263]
[4258, 4.263, 4.186]
[4284, 4.186, 4.296]
[4465, 4.296, 4.414]
[4367, 4.414, 4.278]
[4334, 4.278, 4.422]
[4309, 4.422, 4.61]
[4307, 4.61, 4.477]
[4208, 4.477, 4.365]
[4318, 4.365, 4.486]
[4430, 4.486, 4.49]
[4286, 4.49, 4.428]
[4188, 4.428, 4.636]
[4233, 4.636, 4.615]
[4354, 4.615, 4.519]
[4188, 4.519, 4.678]
[4277, 4.678, 4.756]
[4328, 4.756, 4.733]
[4306, 4.733, 4.736]
[4498, 4.736, 5.023]
[4481, 5.023, 5.002]
[4322, 5.002, 5.141]
[4426, 5.141, 5.4]
[4488, 5.4, 5.368]
[4457, 5.368, 5.37]
[4223, 5.37, 5.475]
[4228, 5.475, 5.481]
[4261, 5.481, 5.476]
[4188, 5.476, 5.602]
[4307, 5.602, 5.335]
[4541, 5.335, 5.538]
[4188, 5.538, 5.727]
[4600, 5.727, 5.635]
[4200, 5.635, 5.465]
[4284, 5.465, 5.376]
[4603, 5.376, 5.67]
[4256, 5.67, 5.514]
[4466, 5.514, 5.515]
[4294, 5.515, 5.534]
[4247, 5.534, 5.618]
[4348, 5.618, 5.692]
[4188, 5.692, 5.651]
[4427, 5.651, 5.457]
[4478, 5.457, 5.515]
[4251, 5.515, 5.397]
[4300, 5.397, 5.389]
[4433, 5.389, 5.446]
[4460, 5.446, 5.494]
[4363, 5.494, 5.377]
[4328, 5.377, 5.226]
[4188, 5.226, 5.478]
[4416, 5.478, 5.453]
[4235, 5.453, 5.44]
[4253, 5.44, 5.543]
[4330, 5.543, 5.628]
[4188, 5.628, 5.633]
[4467, 5.633, 5.585]
[4188, 5.585, 5.716]
[4249, 5.716, 5.775]
[4288, 5.775, 5.791]
[4789, 5.791, 5.937]
[4437, 5.937, 5.737]
[4417, 5.737, 5.712]
[4480, 5.712, 5.949]
[4256, 5.949, 6.008]
[4408, 6.008, 5.892]
[4188, 5.892, 5.777]
[4218, 5.777, 6.009]
[4271, 6.009, 6.021]
[4254, 6.021, 6.014]
[4920, 6.014, 6.326]
[4479, 6.326, 6.025]
[4264, 6.025, 5.846]
[4339, 5.846, 5.972]
[4391, 5.972, 6.055]
[4482, 6.055, 6.042]
[4213, 6.042, 5.797]
[4374, 5.797, 5.738]
[4371, 5.738, 5.765]
[4390, 5.765, 5.871]
[4421, 5.871, 5.81]
[4320, 5.81, 5.882]
[4265, 5.882, 5.976]
[4439, 5.976, 5.981]
[4370, 5.981, 5.778]
[4381, 5.778, 6.07]
[4461, 6.07, 6.228]
[4215, 6.228, 6.154]
[4188, 6.154, 6.007]
[4361, 6.007, 6.25]
[4266, 6.25, 6.762]
[4356, 6.762, 6.594]
[4586, 6.594, 6.544]
[4344, 6.544, 6.593]
[4434, 6.593, 6.737]
[4379, 6.737, 6.663]
[4534, 6.663, 6.445]
[4294, 6.445, 6.644]
[4433, 6.644, 6.796]
[4453, 6.796, 6.931]
[4527, 6.931, 6.755]
[4292, 6.755, 6.825]
[4211, 6.825, 7.245]
[4390, 7.245, 7.257]
[4326, 7.257, 6.997]
[4529, 6.997, 6.899]
[4403, 6.899, 6.93]
[4277, 6.93, 7.185]
[4188, 7.185, 7.135]
[4188, 7.135, 6.984]
[4188, 6.984, 7.176]
[4386, 7.176, 7.456]
[4315, 7.456, 7.131]
[4201, 7.131, 6.981]
[4384, 6.981, 7.305]
[4411, 7.305, 7.239]
[4346, 7.239, 6.931]
[4205, 6.931, 6.824]
[4259, 6.824, 6.773]
[4323, 6.773, 6.965]
[4403, 6.965, 7.13]
[4541, 7.13, 7.195]
[4479, 7.195, 7.237]
[4325, 7.237, 7.291]
[4279, 7.291, 7.201]
[4188, 7.201, 7.142]
[4267, 7.142, 7.191]
[4269, 7.191, 7.461]
[4558, 7.461, 7.397]
[4331, 7.397, 7.14]
[4355, 7.14, 7.105]
[4306, 7.105, 7.286]
[4340, 7.286, 7.124]
[4406, 7.124, 7.201]
[4448, 7.201, 7.344]
[4360, 7.344, 7.436]
[4249, 7.436, 7.227]
[4366, 7.227, 7.129]
[4244, 7.129, 7.147]
[4272, 7.147, 6.916]
[4320, 6.916, 6.697]
[4188, 6.697, 7.009]
[4254, 7.009, 7.22]
[4361, 7.22, 7.123]
[4338, 7.123, 7.102]
[4321, 7.102, 7.566]
[4282, 7.566, 7.549]
[4239, 7.549, 7.291]
[4242, 7.291, 7.283]
[4237, 7.283, 7.359]
[4333, 7.359, 7.358]
[4374, 7.358, 7.275]
[4240, 7.275, 7.269]
[4269, 7.269, 7.373]
[4660, 7.373, 7.242]
[4198, 7.242, 7.161]
[4312, 7.161, 7.111]
[4188, 7.111, 7.248]
[4213, 7.248, 7.619]
[4354, 7.619, 7.341]
[4188, 7.341, 7.225]
[4188, 7.225, 7.223]
[4292, 7.223, 7.218]
[4188, 7.218, 7.325]
[4293, 7.325, 7.307]
[4346, 7.307, 7.331]
[4464, 7.331, 7.366]
[4587, 7.366, 7.273]
[4188, 7.273, 7.19]
[4188, 7.19, 7.471]
[4383, 7.471, 7.557]
[4529, 7.557, 7.588]
[4344, 7.588, 7.435]
[4234, 7.435, 7.398]
[4250, 7.398, 7.604]
[4439, 7.604, 7.575]
[4478, 7.575, 7.35]
[4343, 7.35, 7.139]
[4234, 7.139, 7.409]
[4376, 7.409, 7.507]
[4307, 7.507, 7.311]
[4351, 7.311, 7.374]
[4310, 7.374, 7.504]
[4329, 7.504, 7.45]
[4422, 7.45, 7.756]
[4490, 7.756, 7.387]
[4352, 7.387, 6.959]
[4367, 6.959, 6.922]
[4188, 6.922, 6.928]
[4335, 6.928, 6.757]
[4491, 6.757, 6.883]
[4341, 6.883, 6.835]
[4388, 6.835, 6.865]
[4212, 6.865, 6.76]
[4207, 6.76, 6.782]
[4233, 6.782, 6.703]
[4219, 6.703, 6.586]
[4392, 6.586, 6.55]
[4243, 6.55, 6.68]
[4188, 6.68, 6.614]
[4363, 6.614, 6.467]
[4308, 6.467, 6.44]
[4214, 6.44, 6.588]
[4366, 6.588, 6.581]
[4831, 6.581, 6.438]
[4240, 6.438, 6.553]
[4405, 6.553, 6.674]
[4309, 6.674, 6.677]
[4266, 6.677, 6.518]
[4407, 6.518, 6.598]
[4406, 6.598, 6.505]
[4345, 6.505, 6.412]
[4536, 6.412, 6.418]
[4217, 6.418, 6.56]
[4188, 6.56, 6.545]
[4351, 6.545, 6.611]
[4432, 6.611, 6.547]
[4420, 6.547, 6.661]
[4305, 6.661, 6.415]
[4451, 6.415, 6.666]
[4358, 6.666, 6.822]
[4382, 6.822, 6.753]
[4376, 6.753, 6.646]
[4297, 6.646, 6.493]
[4370, 6.493, 6.442]
[4468, 6.442, 6.499]
[4276, 6.499, 6.562]
[4357, 6.562, 6.51]
[4327, 6.51, 6.484]
[4220, 6.484, 6.469]
[4281, 6.469, 6.506]
[4188, 6.506, 6.612]
[4190, 6.612, 6.784]
[4387, 6.784, 6.565]
[4378, 6.565, 6.575]
[4329, 6.575, 6.676]
[4345, 6.676, 6.639]
[4264, 6.639, 6.451]
[4214, 6.451, 6.368]
[4276, 6.368, 6.301]
[4518, 6.301, 6.11]
[4235, 6.11, 6.295]
[4455, 6.295, 6.564]
[4367, 6.564, 6.384]
[4356, 6.384, 6.411]
[4732, 6.411, 6.506]
[4291, 6.506, 6.445]
[4427, 6.445, 6.471]
[4254, 6.471, 6.31]
[4400, 6.31, 6.408]
[4481, 6.408, 6.585]
[4611, 6.585, 6.244]
[4460, 6.244, 6.277]
[4334, 6.277, 6.475]
[4461, 6.475, 6.519]
[4188, 6.519, 6.419]
[4333, 6.419, 6.655]
[4395, 6.655, 6.736]
[4386, 6.736, 6.838]
[4372, 6.838, 6.701]
[4269, 6.701, 6.635]
[4229, 6.635, 6.762]
[4325, 6.762, 6.767]
[4575, 6.767, 6.79]
[4410, 6.79, 6.837]
[4331, 6.837, 6.883]
[4362, 6.883, 7.062]
[4587, 7.062, 6.776]
[4386, 6.776, 6.799]
[4332, 6.799, 7.008]
[4258, 7.008, 7.174]
[4314, 7.174, 6.924]
[4287, 6.924, 6.772]
[4205, 6.772, 6.715]
[4441, 6.715, 6.386]
[4279, 6.386, 6.241]
[4208, 6.241, 6.386]
[4188, 6.386, 6.426]
[4389, 6.426, 6.223]
[4364, 6.223, 6.059]
[4494, 6.059, 6.335]
[4440, 6.335, 6.449]
[4331, 6.449, 6.44]
[4262, 6.44, 6.279]
[4277, 6.279, 6.208]
[4223, 6.208, 6.406]
[4361, 6.406, 6.475]
[4240, 6.475, 6.374]
[4335, 6.374, 6.391]
[4307, 6.391, 6.421]
[4418, 6.421, 6.212]
[4355, 6.212, 6.133]
[4199, 6.133, 6.499]
[4198, 6.499, 6.559]
[4359, 6.559, 6.616]
[4378, 6.616, 6.593]
[4371, 6.593, 6.422]
[4526, 6.422, 6.337]
[4328, 6.337, 6.388]
[4188, 6.388, 6.385]
[4194, 6.385, 6.306]
[4252, 6.306, 6.251]
[4188, 6.251, 6.274]
[4354, 6.274, 6.29]
[4281, 6.29, 6.272]
[4416, 6.272, 6.172]
[4342, 6.172, 6.064]
[4397, 6.064, 5.909]
[4464, 5.909, 6.008]
[4343, 6.008, 6.011]
[4391, 6.011, 5.919]
[4393, 5.919, 6.063]
[4271, 6.063, 5.939]
[4582, 5.939, 6.044]
[4247, 6.044, 6.055]
[4472, 6.055, 6.087]
[4188, 6.087, 6.193]
[4246, 6.193, 6.242]
[4285, 6.242, 6.181]
[4515, 6.181, 6.177]
[4356, 6.177, 6.196]
[4507, 6.196, 6.35]
[4473, 6.35, 6.428]
[4327, 6.428, 5.903]
[4190, 5.903, 5.724]
[4290, 5.724, 6.18]
[4545, 6.18, 6.3]
[4396, 6.3, 5.955]
[4622, 5.955, 5.988]
[4575, 5.988, 6.254]
[4445, 6.254, 6.232]
[4410, 6.232, 6.092]
[4254, 6.092, 6.074]
[4384, 6.074, 6.321]
[4565, 6.321, 6.387]
[4229, 6.387, 6.225]
[4319, 6.225, 6.27]
[4188, 6.27, 6.33]
[4269, 6.33, 6.253]
[4382, 6.253, 6.189]
[4441, 6.189, 6.141]
[4188, 6.141, 6.098]
[4218, 6.098, 6.071]
[4475, 6.071, 6.259]
[4327, 6.259, 6.13]
[4414, 6.13, 6.011]
[4435, 6.011, 6.136]
[4323, 6.136, 6.014]
[4341, 6.014, 5.988]
[4256, 5.988, 6.027]
[4283, 6.027, 5.957]
[4324, 5.957, 6.035]
[4269, 6.035, 6.022]
[4332, 6.022, 6.03]
[4510, 6.03, 5.936]
[4298, 5.936, 5.897]
[4388, 5.897, 5.893]
[4235, 5.893, 6.003]
[4537, 6.003, 6.041]
[4430, 6.041, 6.071]
[4226, 6.071, 6.239]
[4242, 6.239, 6.373]
[4692, 6.373, 6.461]
[4397, 6.461, 6.4]
[4365, 6.4, 6.19]
[4274, 6.19, 6.003]
[4221, 6.003, 6.011]
[4188, 6.011, 6.333]
[4357, 6.333, 6.405]
[4281, 6.405, 6.297]
[4188, 6.297, 6.683]
[4273, 6.683, 6.731]
[4287, 6.731, 6.804]
[4338, 6.804, 6.685]
[4397, 6.685, 6.725]
[4265, 6.725, 6.767]
[4222, 6.767, 6.554]
[4390, 6.554, 6.549]
[4406, 6.549, 6.687]
[4385, 6.687, 6.409]
[4289, 6.409, 6.156]
[4576, 6.156, 6.511]
[4220, 6.511, 6.44]
[4416, 6.44, 6.304]
[4359, 6.304, 6.186]
[4211, 6.186, 6.251]
[4276, 6.251, 6.257]
[4367, 6.257, 6.31]
[4309, 6.31, 6.231]
[4463, 6.231, 6.418]
[4479, 6.418, 6.354]
[4249, 6.354, 6.134]
[4450, 6.134, 6.28]
[4496, 6.28, 6.182]
[4365, 6.182, 5.924]
[4369, 5.924, 5.865]
[4311, 5.865, 5.751]
[4188, 5.751, 5.64]
[4334, 5.64, 5.611]
[4188, 5.611, 5.625]
[4382, 5.625, 5.561]
[4215, 5.561, 5.563]
[4486, 5.563, 5.662]
[4350, 5.662, 5.601]
[4243, 5.601, 5.565]
[4376, 5.565, 5.577]
[4234, 5.577, 5.47]
[4411, 5.47, 5.637]
[4295, 5.637, 5.598]
[4282, 5.598, 5.515]
[4262, 5.515, 5.342]
[4413, 5.342, 5.273]
[4454, 5.273, 5.41]
[4310, 5.41, 5.389]
[4242, 5.389, 5.522]
[4460, 5.522, 5.454]
[4232, 5.454, 5.484]
[4188, 5.484, 5.431]
[4457, 5.431, 5.546]
[4279, 5.546, 5.622]
[4308, 5.622, 5.509]
[4267, 5.509, 5.376]
[4475, 5.376, 5.431]
[4259, 5.431, 5.277]
[4188, 5.277, 5.393]
[4432, 5.393, 5.489]
[4414, 5.489, 5.732]
[4426, 5.732, 5.565]
[4262, 5.565, 5.426]
[4235, 5.426, 5.379]
[4205, 5.379, 5.767]
[4250, 5.767, 5.812]
[4437, 5.812, 5.729]
[4224, 5.729, 5.708]
[4188, 5.708, 5.729]
[4202, 5.729, 5.74]
[4298, 5.74, 5.777]
[4300, 5.777, 5.921]
[4441, 5.921, 5.774]
[4399, 5.774, 5.766]
[4456, 5.766, 6.068]
[4276, 6.068, 6.1]
[4232, 6.1, 5.905]
[4383, 5.905, 5.909]
[4234, 5.909, 5.926]
[4252, 5.926, 5.877]
[4381, 5.877, 5.833]
[4377, 5.833, 5.899]
[4233, 5.899, 5.959]
[4353, 5.959, 5.912]
[4357, 5.912, 6.019]
[4363, 6.019, 6.024]
[4291, 6.024, 5.959]
[4437, 5.959, 6.063]
[4366, 6.063, 6.07]
[4346, 6.07, 5.999]
[4215, 5.999, 6.133]
[4525, 6.133, 6.386]
[4834, 6.386, 6.384]
[4570, 6.384, 6.002]
[4188, 6.002, 6.133]
[4291, 6.133, 6.707]
[4245, 6.707, 6.757]
[4203, 6.757, 6.511]
[4272, 6.511, 6.577]
[4516, 6.577, 6.443]
[4227, 6.443, 6.376]
[4264, 6.376, 6.479]
[4326, 6.479, 6.357]
[4295, 6.357, 6.274]
[4561, 6.274, 5.958]
[4378, 5.958, 5.711]
[4254, 5.711, 6.008]
[4340, 6.008, 6.268]
[4297, 6.268, 6.137]
[4188, 6.137, 6.266]
[4387, 6.266, 6.187]
[4241, 6.187, 6.167]
[4188, 6.167, 6.197]
[4188, 6.197, 6.501]
[4355, 6.501, 6.652]
[4235, 6.652, 6.461]
[4271, 6.461, 6.383]
[4309, 6.383, 6.64]
[4293, 6.64, 6.67]
[4503, 6.67, 6.648]
[4270, 6.648, 6.615]
[4270, 6.615, 6.496]
[4188, 6.496, 6.729]
[4546, 6.729, 6.626]
[4188, 6.626, 6.558]
[4249, 6.558, 6.535]
[4241, 6.535, 7.168]
[4541, 7.168, 6.761]
[4288, 6.761, 6.345]
[4256, 6.345, 6.73]
[4532, 6.73, 6.829]
[4473, 6.829, 6.476]
[4373, 6.476, 6.485]
[4392, 6.485, 6.764]
[4188, 6.764, 6.809]
[4346, 6.809, 6.631]
[4277, 6.631, 6.784]
[4222, 6.784, 6.747]
[4329, 6.747, 6.456]
[4356, 6.456, 6.289]
[4188, 6.289, 6.438]
[4372, 6.438, 6.293]
[4469, 6.293, 6.282]
[4323, 6.282, 6.31]
[4488, 6.31, 6.203]
[4261, 6.203, 6.432]
[4301, 6.432, 6.402]
[4220, 6.402, 6.338]
[4479, 6.338, 6.328]
[4298, 6.328, 6.222]
[4394, 6.222, 6.14]
[4285, 6.14, 6.041]
[4277, 6.041, 5.985]
[4301, 5.985, 6.198]
[4597, 6.198, 6.315]
[4542, 6.315, 6.097]
[4400, 6.097, 6.221]
[4373, 6.221, 6.606]
[4188, 6.606, 6.566]
[4252, 6.566, 6.499]
[4287, 6.499, 6.711]
[4390, 6.711, 6.869]
[4369, 6.869, 6.671]
[4188, 6.671, 6.546]
[4451, 6.546, 6.854]
[4319, 6.854, 6.841]
[4292, 6.841, 6.715]
[4298, 6.715, 6.883]
[4236, 6.883, 6.938]
[4335, 6.938, 6.756]
[4232, 6.756, 6.572]
[4188, 6.572, 6.619]
[4672, 6.619, 6.868]
[4188, 6.868, 6.748]
[4308, 6.748, 6.524]
[4272, 6.524, 6.648]
[4207, 6.648, 6.826]
[4286, 6.826, 6.732]
[4387, 6.732, 6.661]
[4188, 6.661, 6.799]
[4336, 6.799, 6.961]
[4188, 6.961, 6.839]
[4435, 6.839, 6.715]
[4431, 6.715, 6.857]
[4271, 6.857, 6.881]
[4323, 6.881, 6.723]
[4546, 6.723, 6.67]
[4188, 6.67, 6.593]
[4592, 6.593, 6.524]
[4273, 6.524, 6.815]
[4253, 6.815, 7.132]
[4366, 7.132, 7.013]
[4390, 7.013, 6.774]
[4188, 6.774, 7.297]
[4371, 7.297, 7.422]
[4574, 7.422, 7.268]
[4237, 7.268, 6.947]
[4268, 6.947, 6.973]
[4411, 6.973, 7.217]
[4420, 7.217, 7.27]
[4474, 7.27, 7.604]
[4796, 7.604, 7.705]
[4389, 7.705, 7.199]
[4391, 7.199, 6.997]
[4250, 6.997, 7.678]
[4276, 7.678, 7.679]
[4301, 7.679, 7.363]
[4437, 7.363, 7.671]
[4475, 7.671, 7.645]
[4471, 7.645, 7.439]
[4327, 7.439, 7.615]
[4352, 7.615, 7.596]
[4346, 7.596, 7.704]
[4347, 7.704, 7.548]
[4449, 7.548, 7.501]
[4188, 7.501, 7.58]
[4234, 7.58, 7.804]
[4492, 7.804, 7.805]
[4396, 7.805, 7.551]
[4291, 7.551, 7.5]
[4499, 7.5, 7.885]
[4377, 7.885, 7.857]
[4672, 7.857, 7.653]
[4381, 7.653, 7.426]
[4246, 7.426, 7.669]
[4415, 7.669, 7.901]
[4385, 7.901, 7.924]
[4306, 7.924, 7.581]
[4435, 7.581, 7.521]
[4188, 7.521, 7.743]
[4315, 7.743, 7.639]
[4188, 7.639, 7.594]
[4460, 7.594, 7.635]
[4273, 7.635, 7.575]
[4362, 7.575, 7.508]
[4405, 7.508, 7.253]
[4188, 7.253, 7.05]
[4318, 7.05, 6.917]
[4188, 6.917, 7.173]
[4342, 7.173, 7.143]
[4340, 7.143, 6.983]
[4359, 6.983, 6.9]
[4262, 6.9, 7.009]
[4378, 7.009, 6.858]
[4197, 6.858, 6.67]
[4495, 6.67, 7.09]
[4260, 7.09, 6.861]
[4439, 6.861, 7.011]
[4233, 7.011, 6.816]
[4225, 6.816, 6.752]
[4280, 6.752, 6.725]
[4564, 6.725, 6.618]
[4421, 6.618, 6.567]
[4395, 6.567, 6.35]
[4294, 6.35, 6.364]
[4188, 6.364, 6.411]
[4431, 6.411, 6.406]
[4292, 6.406, 6.617]
[4457, 6.617, 6.621]
[4288, 6.621, 6.67]
[4301, 6.67, 6.716]
[4215, 6.716, 6.576]
[4188, 6.576, 6.73]
[4737, 6.73, 7.139]
[4456, 7.139, 6.959]
[4328, 6.959, 6.853]
[4188, 6.853, 7.106]
[4188, 7.106, 7.375]
[4263, 7.375, 7.198]
[4273, 7.198, 6.871]
[4372, 6.871, 6.98]
[4290, 6.98, 7.074]
[4375, 7.074, 7.171]
[4333, 7.171, 6.96]
[4269, 6.96, 6.881]
[4226, 6.881, 6.957]
[4356, 6.957, 7.003]
[4518, 7.003, 6.704]
[4226, 6.704, 6.547]
[4439, 6.547, 6.767]
[4536, 6.767, 6.917]
[4341, 6.917, 6.643]
[4258, 6.643, 6.495]
[4198, 6.495, 6.73]
[4563, 6.73, 6.804]
[4573, 6.804, 6.855]
[4192, 6.855, 6.723]
[4316, 6.723, 6.866]
[4240, 6.866, 6.991]
[4424, 6.991, 6.855]
[4350, 6.855, 7.062]
[4388, 7.062, 6.959]
[4364, 6.959, 6.815]
[4375, 6.815, 6.649]
[4322, 6.649, 6.65]
[4477, 6.65, 7.16]
[4405, 7.16, 7.141]
[4223, 7.141, 6.974]
[4296, 6.974, 6.951]
[4525, 6.951, 7.244]
[4447, 7.244, 7.254]
[4325, 7.254, 7.036]
[4423, 7.036, 6.993]
[4343, 6.993, 7.033]
[4507, 7.033, 7.044]
[4343, 7.044, 6.998]
[4309, 6.998, 6.771]
[4223, 6.771, 6.641]
[4297, 6.641, 6.845]
[4193, 6.845, 6.747]
[4188, 6.747, 6.513]
[4336, 6.513, 6.55]
[4188, 6.55, 6.629]
[4237, 6.629, 6.56]
[4418, 6.56, 6.479]
[4283, 6.479, 6.568]
[4317, 6.568, 6.686]
[4242, 6.686, 6.595]
[4660, 6.595, 6.513]
[4288, 6.513, 6.548]
[4189, 6.548, 6.569]
[4253, 6.569, 6.502]
[4236, 6.502, 6.495]
[4515, 6.495, 6.744]
[4324, 6.744, 6.578]
[4188, 6.578, 6.65]
[4487, 6.65, 6.842]
[4350, 6.842, 6.678]
[4263, 6.678, 6.519]
[4188, 6.519, 6.637]
[4383, 6.637, 6.869]
[4372, 6.869, 6.86]
[4414, 6.86, 6.608]
[4391, 6.608, 6.513]
[4281, 6.513, 6.441]
[4299, 6.441, 6.404]
[4576, 6.404, 6.555]
[4362, 6.555, 6.538]
[4273, 6.538, 6.522]
[4349, 6.522, 6.553]
[4188, 6.553, 6.424]
[4220, 6.424, 6.339]
[4380, 6.339, 6.417]
[4188, 6.417, 6.34]
[4262, 6.34, 6.145]
[4402, 6.145, 6.216]
[4441, 6.216, 6.254]
[4687, 6.254, 6.294]
[4601, 6.294, 6.258]
[4499, 6.258, 6.495]
[4224, 6.495, 6.474]
[4218, 6.474, 6.554]
[4428, 6.554, 6.484]
[4445, 6.484, 6.442]
[4188, 6.442, 6.755]
[4188, 6.755, 6.685]
[4356, 6.685, 6.658]
[4386, 6.658, 6.911]
[4378, 6.911, 6.965]
[4364, 6.965, 6.819]
[4284, 6.819, 6.84]
[4419, 6.84, 6.766]
[4198, 6.766, 6.723]
[4343, 6.723, 6.737]
[4250, 6.737, 6.706]
[4337, 6.706, 6.876]
[4249, 6.876, 6.818]
[4347, 6.818, 6.804]
[4319, 6.804, 6.902]
[4188, 6.902, 6.935]
[4275, 6.935, 7.047]
[4363, 7.047, 6.744]
[4322, 6.744, 6.64]
[4455, 6.64, 6.956]
[4257, 6.956, 6.87]
[4204, 6.87, 6.737]
[4188, 6.737, 7.114]
[4391, 7.114, 6.965]
[4368, 6.965, 6.73]
[4287, 6.73, 6.814]
[4188, 6.814, 7.03]
[4292, 7.03, 6.988]
[4442, 6.988, 6.905]
[4196, 6.905, 6.724]
[4457, 6.724, 6.747]
[4232, 6.747, 6.677]
[4321, 6.677, 6.528]
[4728, 6.528, 6.938]
[4332, 6.938, 6.786]
[4469, 6.786, 6.635]
[4357, 6.635, 6.83]
[4284, 6.83, 6.822]
[4188, 6.822, 7.023]
[4307, 7.023, 6.929]
[4294, 6.929, 6.983]
[4255, 6.983, 6.982]
[4484, 6.982, 7.086]
[4423, 7.086, 6.603]
[4234, 6.603, 6.329]
[4196, 6.329, 6.731]
[4260, 6.731, 6.91]
[4421, 6.91, 6.64]
[4392, 6.64, 6.385]
[4207, 6.385, 6.463]
[4224, 6.463, 6.469]
[4244, 6.469, 6.716]
[4454, 6.716, 6.574]
[4348, 6.574, 6.485]
[4253, 6.485, 6.616]
[4322, 6.616, 6.743]
[4555, 6.743, 6.713]
[4245, 6.713, 6.548]
[4293, 6.548, 6.757]
[4322, 6.757, 6.81]
[4342, 6.81, 6.737]
[4271, 6.737, 6.724]
[4398, 6.724, 6.773]
[4371, 6.773, 6.681]
[4344, 6.681, 6.851]
[4188, 6.851, 6.854]
[4191, 6.854, 6.649]
[4324, 6.649, 6.609]
[4362, 6.609, 6.661]
[4300, 6.661, 6.638]
[4267, 6.638, 6.564]
[4285, 6.564, 6.462]
[4188, 6.462, 6.46]
[4364, 6.46, 6.484]
[4551, 6.484, 6.482]
[4725, 6.482, 6.469]
[4351, 6.469, 6.061]
[4212, 6.061, 6.245]
[4329, 6.245, 6.354]
[4212, 6.354, 6.164]
[4408, 6.164, 6.118]
[4188, 6.118, 6.383]
[4188, 6.383, 6.527]
[4194, 6.527, 6.518]
[4192, 6.518, 6.315]
[4283, 6.315, 6.15]
[4307, 6.15, 6.281]
[4188, 6.281, 6.312]
[4419, 6.312, 6.296]
[4349, 6.296, 6.383]
[4273, 6.383, 6.411]
[4262, 6.411, 6.496]
[4491, 6.496, 6.313]
[4703, 6.313, 6.03]
[4384, 6.03, 6.066]
[4307, 6.066, 6.258]
[4236, 6.258, 6.242]
[4319, 6.242, 6.052]
[4226, 6.052, 6.146]
[4326, 6.146, 6.291]
[4352, 6.291, 6.271]
[4410, 6.271, 6.101]
[4515, 6.101, 6.04]
[4188, 6.04, 6.207]
[4188, 6.207, 6.444]
[4447, 6.444, 6.317]
[4256, 6.317, 6.155]
[4362, 6.155, 6.213]
[4269, 6.213, 6.045]
[4334, 6.045, 5.95]
[4218, 5.95, 5.941]
[4191, 5.941, 5.904]
[4191, 5.904, 5.907]
[4256, 5.907, 6.241]
[4366, 6.241, 6.169]
[4277, 6.169, 6.07]
[4188, 6.07, 6.448]
[4372, 6.448, 6.281]
[4211, 6.281, 6.094]
[4272, 6.094, 6.324]
[4188, 6.324, 6.506]
[4301, 6.506, 6.244]
[4362, 6.244, 6.152]
[4342, 6.152, 6.212]
[4420, 6.212, 6.187]
[4426, 6.187, 6.123]
[4409, 6.123, 6.084]
[4278, 6.084, 6.183]
[4395, 6.183, 6.13]
[4552, 6.13, 6.111]
[4189, 6.111, 5.888]
[4188, 5.888, 5.997]
[4262, 5.997, 6.186]
[4341, 6.186, 5.987]
[4390, 5.987, 5.676]
[4233, 5.676, 5.718]
[4318, 5.718, 5.908]
[4270, 5.908, 5.938]
[4377, 5.938, 5.807]
[4188, 5.807, 5.726]
[4188, 5.726, 5.89]
[4292, 5.89, 5.982]
[4553, 5.982, 6.073]
[4332, 6.073, 5.922]
[4369, 5.922, 5.812]
[4211, 5.812, 5.984]
[4493, 5.984, 5.867]
[4188, 5.867, 5.617]
[4267, 5.617, 5.813]
[4204, 5.813, 6.044]
[4334, 6.044, 6.054]
[4314, 6.054, 5.926]
[4310, 5.926, 5.915]
[4412, 5.915, 5.868]
[4359, 5.868, 5.931]
[4269, 5.931, 5.916]
[4389, 5.916, 5.824]
[4299, 5.824, 5.679]
[4348, 5.679, 5.791]
[4257, 5.791, 5.914]
[4195, 5.914, 5.919]
[4194, 5.919, 5.915]
[4351, 5.915, 5.879]
[4398, 5.879, 5.838]
[4435, 5.838, 5.839]
[4291, 5.839, 5.714]
[4439, 5.714, 5.658]
[4356, 5.658, 5.673]
[4246, 5.673, 5.744]
[4342, 5.744, 5.69]
[4426, 5.69, 5.519]
[4224, 5.519, 5.516]
[4287, 5.516, 5.521]
[4419, 5.521, 5.648]
[4492, 5.648, 5.692]
[4361, 5.692, 5.52]
[4393, 5.52, 5.308]
[4261, 5.308, 5.36]
[4328, 5.36, 5.488]
[4265, 5.488, 5.355]
[4188, 5.355, 5.282]
[4574, 5.282, 5.212]
[4250, 5.212, 5.134]
[4219, 5.134, 5.173]
[4294, 5.173, 5.226]
[4254, 5.226, 5.097]
[4263, 5.097, 5.057]
[4326, 5.057, 5.115]
[4242, 5.115, 5.08]
[4188, 5.08, 5.065]
[4339, 5.065, 5.019]
[4266, 5.019, 5.066]
[4481, 5.066, 4.992]
[4203, 4.992, 4.965]
[4314, 4.965, 5.129]
[4292, 5.129, 5.144]
[4188, 5.144, 5.232]
[4188, 5.232, 5.316]
[4330, 5.316, 5.274]
[4469, 5.274, 5.303]
[4502, 5.303, 5.477]
[4526, 5.477, 5.564]
[4281, 5.564, 5.245]
[4191, 5.245, 5.202]
[4432, 5.202, 5.21]
[4435, 5.21, 4.913]
[4432, 4.913, 4.68]
[4196, 4.68, 4.77]
[4188, 4.77, 4.949]
[4391, 4.949, 4.864]
[4375, 4.864, 4.784]
[4304, 4.784, 4.855]
[4239, 4.855, 4.883]
[4385, 4.883, 4.966]
[4421, 4.966, 4.964]
[4447, 4.964, 4.989]
[4425, 4.989, 5.041]
[4275, 5.041, 4.855]
[4269, 4.855, 4.77]
[4592, 4.77, 5.03]
[4368, 5.03, 4.673]
[4305, 4.673, 4.446]
[4188, 4.446, 4.574]
[4597, 4.574, 4.525]
[4204, 4.525, 4.473]
[4485, 4.473, 4.616]
[4275, 4.616, 4.595]
[4188, 4.595, 4.567]
[4268, 4.567, 4.435]
[4188, 4.435, 4.459]
[4188, 4.459, 4.4]
[4326, 4.4, 4.411]
[4188, 4.411, 4.49]
[4483, 4.49, 4.444]
[4530, 4.444, 4.502]
[4399, 4.502, 4.634]
[4295, 4.634, 4.654]
[4514, 4.654, 4.599]
[4517, 4.599, 4.564]
[4223, 4.564, 4.53]
[4292, 4.53, 4.514]
[4340, 4.514, 4.542]
[4579, 4.542, 4.453]
[4396, 4.453, 4.435]
[4223, 4.435, 4.543]
[4218, 4.543, 4.522]
[4369, 4.522, 4.467]
[4241, 4.467, 4.551]
[4300, 4.551, 4.627]
[4259, 4.627, 4.609]
[4279, 4.609, 4.691]
[4293, 4.691, 4.59]
[4518, 4.59, 4.396]
[4370, 4.396, 4.411]
[4345, 4.411, 4.601]
[4379, 4.601, 4.474]
[4261, 4.474, 4.62]
[4347, 4.62, 4.673]
[4408, 4.673, 4.814]
[4378, 4.814, 4.762]
[4252, 4.762, 4.623]
[4340, 4.623, 4.814]
[4445, 4.814, 4.696]
[4386, 4.696, 4.645]
[4248, 4.645, 4.791]
[4269, 4.791, 4.763]
[4566, 4.763, 4.636]
[4312, 4.636, 4.629]
[4334, 4.629, 4.638]
[4319, 4.638, 4.781]
[4322, 4.781, 4.835]
[4188, 4.835, 5.027]
[4265, 5.027, 4.916]
[4268, 4.916, 4.966]
[4578, 4.966, 4.941]
[4347, 4.941, 4.999]
[4505, 4.999, 4.912]
[4385, 4.912, 4.802]
[4218, 4.802, 4.814]
[4477, 4.814, 5.025]
[4419, 5.025, 4.845]
[4418, 4.845, 4.611]
[4188, 4.611, 4.715]
[4405, 4.715, 4.75]
[4598, 4.75, 4.695]
[4188, 4.695, 4.736]
[4392, 4.736, 5.074]
[4558, 5.074, 5.137]
[4581, 5.137, 4.969]
[4321, 4.969, 4.993]
[4818, 4.993, 5.54]
[4454, 5.54, 5.327]
[4390, 5.327, 4.958]
[4389, 4.958, 5.156]
[4436, 5.156, 5.466]
[4274, 5.466, 5.584]
[4484, 5.584, 5.403]
[4204, 5.403, 5.281]
[4267, 5.281, 5.538]
[4452, 5.538, 5.764]
[4188, 5.764, 5.72]
[4517, 5.72, 5.551]
[4382, 5.551, 5.543]
[4188, 5.543, 5.763]
[4188, 5.763, 5.75]
[4488, 5.75, 5.584]
[4250, 5.584, 5.569]
[4268, 5.569, 5.6]
[4296, 5.6, 5.811]
[4198, 5.811, 5.755]
[4352, 5.755, 5.636]
[4311, 5.636, 5.589]
[4317, 5.589, 5.746]
[4587, 5.746, 5.773]
[4407, 5.773, 5.534]
[4421, 5.534, 5.524]
[4365, 5.524, 5.474]
[4247, 5.474, 5.354]
[4430, 5.354, 5.47]
[4421, 5.47, 5.449]
[4471, 5.449, 5.44]
[4188, 5.44, 5.566]
[4579, 5.566, 5.728]
[4430, 5.728, 5.528]
[4218, 5.528, 5.546]
[4460, 5.546, 5.734]
[4680, 5.734, 5.708]
[4502, 5.708, 5.455]
[4361, 5.455, 5.488]
[4275, 5.488, 5.568]
[4594, 5.568, 5.402]
[4395, 5.402, 5.177]
[4188, 5.177, 5.148]
[4476, 5.148, 5.415]
[4354, 5.415, 5.346]
[4596, 5.346, 5.149]
[4393, 5.149, 5.26]
[4454, 5.26, 5.34]
[4511, 5.34, 5.424]
[4452, 5.424, 5.211]
[4402, 5.211, 4.912]
[4269, 4.912, 5.189]
[4341, 5.189, 5.257]
[4245, 5.257, 5.342]
[4321, 5.342, 5.209]
[4332, 5.209, 5.152]
[4188, 5.152, 5.395]
[4360, 5.395, 5.424]
[4290, 5.424, 5.147]
