[90480, 100.0, 19.665]
[18792, 19.665, 9.32]
[8214, 9.32, 5.28]
[4945, 5.28, 3.993]
[4287, 3.993, 4.355]
[4782, 4.355, 4.514]
[4520, 4.514, 4.109]
[4384, 4.109, 3.839]
[4297, 3.839, 3.859]
[4436, 3.859, 4.11]
[4366, 4.11, 3.958]
[4246, 3.958, 3.919]
[4188, 3.919, 4.123]
[4188, 4.123, 4.191]
[4310, 4.191, 4.397]
[4558, 4.397, 4.176]
[4289, 4.176, 4.234]
[4302, 4.234, 4.24]
[4188, 4.24, 4.193]
[4356, 4.193, 4.095]
[4254, 4.095, 4.112]
[4353, 4.112, 4.183]
[4262, 4.183, 4.213]
[4311, 4.213, 4.136]
[4375, 4.136, 4.058]
[4194, 4.058, 3.887]
[4407, 3.887, 3.995]
[4351, 3.995, 3.978]
[4255, 3.978, 3.982]
[4264, 3.982, 4.048]
[4402, 4.048, 4.122]
[4248, 4.122, 4.097]
[4630, 4.097, 4.018]
[4238, 4.018, 3.871]
[4493, 3.871, 3.907]
[4247, 3.907, 3.953]
[4354, 3.953, 3.904]
[4338, 3.904, 3.787]
[4188, 3.787, 3.737]
[4315, 3.737, 3.942]
[4454, 3.942, 3.701]
[4404, 3.701, 3.616]
[4188, 3.616, 3.743]
[4371, 3.743, 3.819]
[4401, 3.819, 3.714]
[4367, 3.714, 3.492]
[4240, 3.492, 3.573]
[4188, 3.573, 3.733]
[4207, 3.733, 3.675]
[4404, 3.675, 3.666]
[4264, 3.666, 3.667]
[4346, 3.667, 3.753]
[4245, 3.753, 3.904]
[4393, 3.904, 3.817]
[4475, 3.817, 3.631]
[4188, 3.631, 3.704]
[4343, 3.704, 3.843]
[4321, 3.843, 3.83]
[4245, 3.83, 3.845]
[4218, 3.845, 3.912]
[4188, 3.912, 3.995]
[4417, 3.995, 3.979]
[4332, 3.979, 4.054]
[4316, 4.054, 3.98]
[4244, 3.98, 4.211]
[4479, 4.211, 4.082]
[4404, 4.082, 3.982]
[4572, 3.982, 3.852]
[4312, 3.852, 3.749]
[4524, 3.749, 3.739]
[4379, 3.739, 3.735]
[4374, 3.735, 3.724]
[4383, 3.724, 3.771]
[4471, 3.771, 3.607]
[4194, 3.607, 3.721]
[4443, 3.721, 3.984]
[4610, 3.984, 3.802]
[4283, 3.802, 3.792]
[4188, 3.792, 4.03]
[4188, 4.03, 4.191]
[4316, 4.191, 4.097]
[4264, 4.097, 4.081]
[4309, 4.081, 4.211]
[4279, 4.211, 4.228]
[4188, 4.228, 4.193]
[4301, 4.193, 4.123]
[4188, 4.123, 4.246]
[4222, 4.246, 4.369]
[4463, 4.369, 4.232]
[4282, 4.232, 4.075]
[4222, 4.075, 4.18]
[4313, 4.18, 4.343]
[4349, 4.343, 4.277]
[4299, 4.277, 4.219]
[4378, 4.219, 4.188]
[4438, 4.188, 4.35]
[4597, 4.35, 4.149]
[4475, 4.149, 4.29]
[4188, 4.29, 4.306]
[4391, 4.306, 4.135]
[4209, 4.135, 3.961]
[4188, 3.961, 4.053]
[4188, 4.053, 4.2]
[4462, 4.2, 4.114]
[4334, 4.114, 3.999]
[4232, 3.999, 4.121]
[4342, 4.121, 4.196]
[4420, 4.196, 4.132]
[4188, 4.132, 4.166]
[4269, 4.166, 4.175]
[4389, 4.175, 4.163]
[4654, 4.163, 4.239]
[4352, 4.239, 4.024]
[4424, 4.024, 3.92]
[4336, 3.92, 4.032]
[4329, 4.032, 4.139]
[4331, 4.139, 3.992]
[4242, 3.992, 4.005]
[4304, 4.005, 4.065]
[4188, 4.065, 4.248]
[4330, 4.248, 4.158]
[4409, 4.158, 4.045]
[4188, 4.045, 4.072]
[4263, 4.072, 4.145]
[4254, 4.145, 4.208]
[4548, 4.208, 4.199]
[4420, 4.199, 4.222]
[4442, 4.222, 4.391]
[4494, 4.391, 4.17]
[4380, 4.17, 4.177]
[4614, 4.177, 4.373]
[4337, 4.373, 4.324]
[4397, 4.324, 4.27]
[4188, 4.27, 4.455]
[4301, 4.455, 4.406]
[4502, 4.406, 4.315]
[4456, 4.315, 4.126]
[4542, 4.126, 4.058]
[4300, 4.058, 3.971]
[4246, 3.971, 4.207]
[4507, 4.207, 4.234]
[4285, 4.234, 4.023]
[4188, 4.023, 4.059]
[4188, 4.059, 4.231]
[4396, 4.231, 4.352]
[4371, 4.352, 4.178]
[4276, 4.178, 4.358]
[4329, 4.358, 4.486]
[4504, 4.486, 4.285]
[4222, 4.285, 4.262]
[4392, 4.262, 4.28]
[4345, 4.28, 4.25]
[4370, 4.25, 4.139]
[4275, 4.139, 4.381]
[4414, 4.381, 4.256]
[4315, 4.256, 4.039]
[4236, 4.039, 4.003]
[4293, 4.003, 4.136]
[4188, 4.136, 4.215]
[4306, 4.215, 4.217]
[4468, 4.217, 4.223]
[4330, 4.223, 4.232]
[4205, 4.232, 4.227]
[4361, 4.227, 4.237]
[4339, 4.237, 4.159]
[4188, 4.159, 4.132]
[4368, 4.132, 4.308]
[4464, 4.308, 4.142]
[4491, 4.142, 4.346]
[4544, 4.346, 4.081]
[4250, 4.081, 4.038]
[4254, 4.038, 4.43]
[4275, 4.43, 4.419]
[4342, 4.419, 4.244]
[4188, 4.244, 4.351]
[4192, 4.351, 4.318]
[4346, 4.318, 4.363]
[4229, 4.363, 4.433]
[4402, 4.433, 4.362]
[4442, 4.362, 4.195]
[4333, 4.195, 4.196]
[4408, 4.196, 4.281]
[4533, 4.281, 4.119]
[4225, 4.119, 4.096]
[4370, 4.096, 4.22]
[4348, 4.22, 4.17]
[4229, 4.17, 4.204]
[4428, 4.204, 3.991]
[4479, 3.991, 3.888]
[4252, 3.888, 4.04]
[4221, 4.04, 4.158]
[4223, 4.158, 4.266]
[4256, 4.266, 4.3]
[4236, 4.3, 4.331]
[4587, 4.331, 4.276]
[4599, 4.276, 4.195]
[4385, 4.195, 4.13]
[4191, 4.13, 4.087]
[4444, 4.087, 4.189]
[4244, 4.189, 4.05]
[4335, 4.05, 3.991]
[4305, 3.991, 4.126]
[4230, 4.126, 4.242]
[4473, 4.242, 4.269]
[4188, 4.269, 4.319]
[4238, 4.319, 4.341]
[4218, 4.341, 4.454]
[4657, 4.454, 4.594]
[4478, 4.594, 4.408]
[4455, 4.408, 4.344]
[4222, 4.344, 4.588]
[4335, 4.588, 4.621]
[4188, 4.621, 4.533]
[4274, 4.533, 4.557]
[4258, 4.557, 4.724]
[4215, 4.724, 4.601]
[4285, 4.601, 4.402]
[4196, 4.402, 4.47]
[4553, 4.47, 4.534]
[4188, 4.534, 4.535]
[4213, 4.535, 4.473]
[4420, 4.473, 4.531]
[4267, 4.531, 4.526]
[4287, 4.526, 4.432]
[4188, 4.432, 4.557]
[4246, 4.557, 4.585]
[4586, 4.585, 4.586]
[4188, 4.586, 4.541]
[4403, 4.541, 4.61]
[4260, 4.61, 4.551]
[4498, 4.551, 4.633]
[4259, 4.633, 4.559]
[4214, 4.559, 4.511]
[4262, 4.511, 4.635]
[4188, 4.635, 4.691]
[4243, 4.691, 4.597]
[4292, 4.597, 4.589]
[4416, 4.589, 4.56]
[4204, 4.56, 4.527]
[4237, 4.527, 4.38]
[4233, 4.38, 4.564]
[4322, 4.564, 4.739]
[4322, 4.739, 4.526]
[4248, 4.526, 4.391]
[4253, 4.391, 4.538]
[4494, 4.538, 4.53]
[4535, 4.53, 4.23]
[4344, 4.23, 4.01]
[4462, 4.01, 4.16]
[4328, 4.16, 4.4]
[4323, 4.4, 4.352]
[4279, 4.352, 4.248]
[4345, 4.248, 4.512]
[4252, 4.512, 4.603]
[4428, 4.603, 4.655]
[4188, 4.655, 4.651]
[4266, 4.651, 4.734]
[4479, 4.734, 4.505]
[4434, 4.505, 4.559]
[4334, 4.559, 4.444]
[4299, 4.444, 4.549]
[4280, 4.549, 4.374]
[4188, 4.374, 4.385]
[4396, 4.385, 4.584]
[4288, 4.584, 4.533]
[4240, 4.533, 4.79]
[4431, 4.79, 5.049]
[4479, 5.049, 4.905]
[4312, 4.905, 4.789]
[4381, 4.789, 4.944]
[4418, 4.944, 4.916]
[4337, 4.916, 4.912]
[4299, 4.912, 4.88]
[4393, 4.88, 4.879]
[4408, 4.879, 4.819]
[4380, 4.819, 4.744]
[4527, 4.744, 4.788]
[4474, 4.788, 4.695]
[4457, 4.695, 4.691]
[4313, 4.691, 4.781]
[4259, 4.781, 4.833]
[4316, 4.833, 4.819]
[4397, 4.819, 4.877]
[4269, 4.877, 4.768]
[4386, 4.768, 4.767]
[4277, 4.767, 4.716]
[4225, 4.716, 4.704]
[4459, 4.704, 4.744]
[4357, 4.744, 4.613]
[4272, 4.613, 4.636]
[4188, 4.636, 4.585]
[4270, 4.585, 4.586]
[4535, 4.586, 4.853]
[4406, 4.853, 4.871]
[4299, 4.871, 4.585]
[4257, 4.585, 4.419]
[4188, 4.419, 4.708]
[4355, 4.708, 4.659]
[4244, 4.659, 4.579]
[4391, 4.579, 4.71]
[4471, 4.71, 4.605]
[4399, 4.605, 4.587]
[4232, 4.587, 4.551]
[4188, 4.551, 4.789]
[4320, 4.789, 4.756]
[4590, 4.756, 4.57]
[4188, 4.57, 4.409]
[4197, 4.409, 4.526]
[4492, 4.526, 4.714]
[4540, 4.714, 4.558]
[4317, 4.558, 4.638]
[4460, 4.638, 4.733]
[4387, 4.733, 4.552]
[4407, 4.552, 4.299]
[4453, 4.299, 4.548]
[4270, 4.548, 4.601]
[4242, 4.601, 4.453]
[4336, 4.453, 4.279]
[4499, 4.279, 4.434]
[4429, 4.434, 4.304]
[4188, 4.304, 4.15]
[4234, 4.15, 4.229]
[4515, 4.229, 4.337]
[4675, 4.337, 4.34]
[4246, 4.34, 4.215]
[4238, 4.215, 4.277]
[4359, 4.277, 4.192]
[4504, 4.192, 3.946]
[4387, 3.946, 3.826]
[4279, 3.826, 3.893]
[4370, 3.893, 4.051]
[4249, 4.051, 4.063]
[4390, 4.063, 4.042]
[4493, 4.042, 4.046]
[4188, 4.046, 4.003]
[4465, 4.003, 3.856]
[4287, 3.856, 3.886]
[4248, 3.886, 3.958]
[4404, 3.958, 3.859]
[4305, 3.859, 3.825]
[4283, 3.825, 3.916]
[4263, 3.916, 3.842]
[4328, 3.842, 3.945]
[4188, 3.945, 4.097]
[4766, 4.097, 4.009]
[4216, 4.009, 3.895]
[4334, 3.895, 4.038]
[4530, 4.038, 4.314]
[4641, 4.314, 4.148]
[4256, 4.148, 4.06]
[4555, 4.06, 4.016]
[4541, 4.016, 3.857]
[4252, 3.857, 3.933]
[4246, 3.933, 4.079]
[4578, 4.079, 4.053]
[4314, 4.053, 4.118]
[4235, 4.118, 4.124]
[4444, 4.124, 4.355]
[4486, 4.355, 4.35]
[4338, 4.35, 4.171]
[4401, 4.171, 4.137]
[4360, 4.137, 4.038]
[4455, 4.038, 3.897]
[4294, 3.897, 3.918]
[4255, 3.918, 3.861]
[4217, 3.861, 4.113]
[4266, 4.113, 4.332]
[4529, 4.332, 4.108]
[4379, 4.108, 4.105]
[4227, 4.105, 4.283]
[4199, 4.283, 4.307]
[4236, 4.307, 4.147]
[4215, 4.147, 4.213]
[4237, 4.213, 4.247]
[4318, 4.247, 4.293]
[4351, 4.293, 4.204]
[4407, 4.204, 4.302]
[4335, 4.302, 4.285]
[4450, 4.285, 4.177]
[4367, 4.177, 4.243]
[4412, 4.243, 4.15]
[4239, 4.15, 4.255]
[4366, 4.255, 4.224]
[4543, 4.224, 4.231]
[4363, 4.231, 4.273]
[4272, 4.273, 4.409]
[4452, 4.409, 4.261]
[4237, 4.261, 4.143]
[4273, 4.143, 4.259]
[4279, 4.259, 4.36]
[4256, 4.36, 4.302]
[4188, 4.302, 4.467]
[4188, 4.467, 4.642]
[4351, 4.642, 4.635]
[4318, 4.635, 4.486]
[4294, 4.486, 4.517]
[4206, 4.517, 4.619]
[4294, 4.619, 4.674]
[4463, 4.674, 4.661]
[4288, 4.661, 4.544]
[4357, 4.544, 4.406]
[4315, 4.406, 4.582]
[4418, 4.582, 4.593]
[4241, 4.593, 4.567]
[4257, 4.567, 4.513]
[4327, 4.513, 4.797]
[4416, 4.797, 4.776]
[4451, 4.776, 4.857]
[4449, 4.857, 4.961]
[4225, 4.961, 4.946]
[4334, 4.946, 4.907]
[4242, 4.907, 5.03]
[4500, 5.03, 5.145]
[4434, 5.145, 5.144]
[4499, 5.144, 4.991]
[4358, 4.991, 4.914]
[4368, 4.914, 4.976]
[4212, 4.976, 4.955]
[4443, 4.955, 4.789]
[4376, 4.789, 4.83]
[4188, 4.83, 4.922]
[4351, 4.922, 4.692]
[4476, 4.692, 4.639]
[4296, 4.639, 4.596]
[4348, 4.596, 4.564]
[4401, 4.564, 4.562]
[4191, 4.562, 4.459]
[4341, 4.459, 4.575]
[4331, 4.575, 4.658]
[4234, 4.658, 4.745]
[4379, 4.745, 4.827]
[4281, 4.827, 4.701]
[4608, 4.701, 4.631]
[4414, 4.631, 4.569]
[4251, 4.569, 4.479]
[4246, 4.479, 4.442]
[4285, 4.442, 4.484]
[4221, 4.484, 4.467]
[4210, 4.467, 4.442]
[4353, 4.442, 4.554]
[4188, 4.554, 4.761]
[4212, 4.761, 4.818]
[4439, 4.818, 4.612]
[4470, 4.612, 4.806]
[4269, 4.806, 4.963]
[4522, 4.963, 5.061]
[4259, 5.061, 4.931]
[4335, 4.931, 5.143]
[4502, 5.143, 5.241]
[4286, 5.241, 5.178]
[4298, 5.178, 5.162]
[4226, 5.162, 5.391]
[4475, 5.391, 5.236]
[4213, 5.236, 5.049]
[4456, 5.049, 5.348]
[4231, 5.348, 5.468]
[4444, 5.468, 5.367]
[4451, 5.367, 5.175]
[4188, 5.175, 5.022]
[4334, 5.022, 5.106]
[4449, 5.106, 5.19]
[4373, 5.19, 5.18]
[4191, 5.18, 5.041]
[4399, 5.041, 5.106]
[4483, 5.106, 5.063]
[4242, 5.063, 4.906]
[4328, 4.906, 5.134]
[4597, 5.134, 5.21]
[4539, 5.21, 4.983]
[4290, 4.983, 4.784]
[4381, 4.784, 5.039]
[4296, 5.039, 5.189]
[4340, 5.189, 5.035]
[4401, 5.035, 4.95]
[4519, 4.95, 5.16]
[4279, 5.16, 5.164]
[4704, 5.164, 5.13]
[4247, 5.13, 4.951]
[4375, 4.951, 5.004]
[4229, 5.004, 5.404]
[4614, 5.404, 5.396]
[4366, 5.396, 5.155]
[4243, 5.155, 5.261]
[4298, 5.261, 5.483]
[4475, 5.483, 5.444]
[4188, 5.444, 5.251]
[4375, 5.251, 5.242]
[4265, 5.242, 5.26]
[4308, 5.26, 5.314]
[4274, 5.314, 5.265]
[4342, 5.265, 5.192]
[4350, 5.192, 5.389]
[4501, 5.389, 5.469]
[4481, 5.469, 5.275]
[4330, 5.275, 5.267]
[4238, 5.267, 5.469]
[4432, 5.469, 5.394]
[4303, 5.394, 5.197]
[4267, 5.197, 5.269]
[4188, 5.269, 5.211]
[4468, 5.211, 5.299]
[4495, 5.299, 5.393]
[4407, 5.393, 5.406]
[4386, 5.406, 5.416]
[4361, 5.416, 5.35]
[4480, 5.35, 5.2]
[4243, 5.2, 5.184]
[4526, 5.184, 5.334]
[4515, 5.334, 5.331]
[4287, 5.331, 5.064]
[4203, 5.064, 5.458]
[4361, 5.458, 5.514]
[4238, 5.514, 5.428]
[4341, 5.428, 5.424]
[4313, 5.424, 5.481]
[4235, 5.481, 5.446]
[4358, 5.446, 5.364]
[4188, 5.364, 5.417]
[4530, 5.417, 5.571]
[4429, 5.571, 5.319]
[4188, 5.319, 5.364]
[4476, 5.364, 5.53]
[4270, 5.53, 5.565]
[4403, 5.565, 5.39]
[4272, 5.39, 5.331]
[4286, 5.331, 5.618]
[4261, 5.618, 5.602]
[4188, 5.602, 5.471]
[4301, 5.471, 5.455]
[4304, 5.455, 5.526]
[4405, 5.526, 5.495]
[4303, 5.495, 5.503]
[4188, 5.503, 5.526]
[4259, 5.526, 5.544]
[4654, 5.544, 5.352]
[4249, 5.352, 5.196]
[4450, 5.196, 5.124]
[4188, 5.124, 5.3]
[4547, 5.3, 5.376]
[4330, 5.376, 5.163]
[4367, 5.163, 5.038]
[4277, 5.038, 5.045]
[4321, 5.045, 5.072]
[4329, 5.072, 5.008]
[4188, 5.008, 5.081]
[4408, 5.081, 5.051]
[4308, 5.051, 4.99]
[4278, 4.99, 4.917]
[4335, 4.917, 5.012]
[4398, 5.012, 5.091]
[4676, 5.091, 5.103]
[4217, 5.103, 4.936]
[4330, 4.936, 5.078]
[4317, 5.078, 5.202]
[4353, 5.202, 5.043]
[4253, 5.043, 4.804]
[4188, 4.804, 4.988]
[4256, 4.988, 5.134]
[4452, 5.134, 5.157]
[4432, 5.157, 5.223]
[4386, 5.223, 5.278]
[4201, 5.278, 5.397]
[4648, 5.397, 5.563]
[4203, 5.563, 5.403]
[4299, 5.403, 5.367]
[4293, 5.367, 5.748]
[4376, 5.748, 5.621]
[4336, 5.621, 5.458]
[4317, 5.458, 5.552]
[4292, 5.552, 5.509]
[4246, 5.509, 5.355]
[4364, 5.355, 5.367]
[4224, 5.367, 5.432]
[4336, 5.432, 5.581]
[4345, 5.581, 5.573]
[4311, 5.573, 5.475]
[4288, 5.475, 5.601]
[4293, 5.601, 5.61]
[4429, 5.61, 5.556]
[4430, 5.556, 5.396]
[4188, 5.396, 5.352]
[4329, 5.352, 5.463]
[4216, 5.463, 5.627]
[4606, 5.627, 5.49]
[4253, 5.49, 5.245]
[4529, 5.245, 5.404]
[4526, 5.404, 5.583]
[4409, 5.583, 5.521]
[4189, 5.521, 5.555]
[4188, 5.555, 5.618]
[4419, 5.618, 5.773]
[4442, 5.773, 5.546]
[4366, 5.546, 5.383]
[4242, 5.383, 5.415]
[4333, 5.415, 5.564]
[4188, 5.564, 5.533]
[4300, 5.533, 5.549]
[4273, 5.549, 5.508]
[4490, 5.508, 5.472]
[4214, 5.472, 5.368]
[4188, 5.368, 5.69]
[4414, 5.69, 5.749]
[4298, 5.749, 5.584]
[4408, 5.584, 5.386]
[4383, 5.386, 5.405]
[4188, 5.405, 5.417]
[4241, 5.417, 5.43]
[4290, 5.43, 5.441]
[4574, 5.441, 5.365]
[4232, 5.365, 5.312]
[4498, 5.312, 5.256]
[4385, 5.256, 5.319]
[4420, 5.319, 5.455]
[4240, 5.455, 5.481]
[4378, 5.481, 5.429]
[4410, 5.429, 5.405]
[4311, 5.405, 5.132]
[4322, 5.132, 5.027]
[4438, 5.027, 5.086]
[4383, 5.086, 5.102]
[4388, 5.102, 4.946]
[4363, 4.946, 4.929]
[4188, 4.929, 4.914]
[4260, 4.914, 4.903]
[4433, 4.903, 4.957]
[4215, 4.957, 5.164]
[4478, 5.164, 4.974]
[4225, 4.974, 5.035]
[4246, 5.035, 5.168]
[4352, 5.168, 5.078]
[4290, 5.078, 5.028]
[4338, 5.028, 4.899]
[4359, 4.899, 5.001]
[4414, 5.001, 5.047]
[4461, 5.047, 4.606]
[4277, 4.606, 4.51]
[4188, 4.51, 4.797]
[4360, 4.797, 4.883]
[4343, 4.883, 4.685]
[4641, 4.685, 4.764]
[4334, 4.764, 4.808]
[4341, 4.808, 4.871]
[4293, 4.871, 4.749]
[4330, 4.749, 4.74]
[4558, 4.74, 4.958]
[4402, 4.958, 4.987]
[4428, 4.987, 4.869]
[4255, 4.869, 4.769]
[4650, 4.769, 4.828]
[4188, 4.828, 4.869]
[4236, 4.869, 4.701]
[4323, 4.701, 4.935]
[4278, 4.935, 5.084]
[4283, 5.084, 5.039]
[4208, 5.039, 4.88]
[4680, 4.88, 5.028]
[4286, 5.028, 4.892]
[4280, 4.892, 4.787]
[4311, 4.787, 4.973]
[4188, 4.973, 5.005]
[4284, 5.005, 4.818]
[4385, 4.818, 4.619]
[4321, 4.619, 4.777]
[4262, 4.777, 4.724]
[4489, 4.724, 4.691]
[4504, 4.691, 4.428]
[4247, 4.428, 4.368]
[4328, 4.368, 4.462]
[4507, 4.462, 4.5]
[4216, 4.5, 4.4]
[4217, 4.4, 4.418]
[4188, 4.418, 4.536]
[4260, 4.536, 4.43]
[4398, 4.43, 4.45]
[4614, 4.45, 4.439]
[4389, 4.439, 4.4]
[4309, 4.4, 4.385]
[4264, 4.385, 4.303]
[4560, 4.303, 4.525]
[4188, 4.525, 4.529]
[4369, 4.529, 4.498]
[4425, 4.498, 4.622]
[4409, 4.622, 4.803]
[4229, 4.803, 4.666]
[4224, 4.666, 4.708]
[4237, 4.708, 4.698]
[4265, 4.698, 4.727]
[4413, 4.727, 4.9]
[4256, 4.9, 4.695]
[4299, 4.695, 4.764]
[4505, 4.764, 4.817]
[4214, 4.817, 4.749]
[4268, 4.749, 4.839]
[4324, 4.839, 4.755]
[4225, 4.755, 4.776]
[4277, 4.776, 4.782]
[4350, 4.782, 4.806]
[4216, 4.806, 4.8]
[4672, 4.8, 4.893]
[4561, 4.893, 4.901]
[4327, 4.901, 4.793]
[4291, 4.793, 4.784]
[4392, 4.784, 4.934]
[4658, 4.934, 4.672]
[4261, 4.672, 4.402]
[4193, 4.402, 4.595]
[4341, 4.595, 4.734]
[4543, 4.734, 4.423]
[4261, 4.423, 4.355]
[4236, 4.355, 4.505]
[4328, 4.505, 4.742]
[4249, 4.742, 4.537]
[4544, 4.537, 4.476]
[4295, 4.476, 4.507]
[4310, 4.507, 4.388]
[4395, 4.388, 4.398]
[4255, 4.398, 4.478]
[4208, 4.478, 4.557]
[4188, 4.557, 4.58]
[4258, 4.58, 4.613]
[4197, 4.613, 4.578]
[4311, 4.578, 4.628]
[4540, 4.628, 4.612]
[4373, 4.612, 4.436]
[4334, 4.436, 4.415]
[4428, 4.415, 4.469]
[4188, 4.469, 4.398]
[4396, 4.398, 4.464]
[4352, 4.464, 4.378]
[4257, 4.378, 4.434]
[4246, 4.434, 4.396]
[4374, 4.396, 4.387]
[4388, 4.387, 4.352]
[4278, 4.352, 4.482]
[4244, 4.482, 4.418]
[4800, 4.418, 4.348]
[4543, 4.348, 4.185]
[4188, 4.185, 4.138]
[4251, 4.138, 4.231]
[4229, 4.231, 4.263]
[4195, 4.263, 4.288]
[4291, 4.288, 4.116]
[4302, 4.116, 4.068]
[4382, 4.068, 4.059]
[4342, 4.059, 4.071]
[4300, 4.071, 4.077]
[4416, 4.077, 4.026]
[4457, 4.026, 3.974]
[4643, 3.974, 3.947]
[4470, 3.947, 4.054]
[4255, 4.054, 4.094]
[4384, 4.094, 3.996]
[4199, 3.996, 4.031]
[4188, 4.031, 4.286]
[4256, 4.286, 4.246]
[4279, 4.246, 4.292]
[4189, 4.292, 4.347]
[4455, 4.347, 4.418]
[4477, 4.418, 4.497]
[4440, 4.497, 4.697]
[4494, 4.697, 4.635]
[4227, 4.635, 4.627]
[4296, 4.627, 4.607]
[4303, 4.607, 4.618]
[4429, 4.618, 4.646]
[4188, 4.646, 4.573]
[4449, 4.573, 4.768]
[4199, 4.768, 4.788]
[4309, 4.788, 4.583]
[4637, 4.583, 4.532]
[4188, 4.532, 4.459]
[4268, 4.459, 4.43]
[4188, 4.43, 4.515]
[4327, 4.515, 4.529]
[4311, 4.529, 4.466]
[4328, 4.466, 4.489]
[4313, 4.489, 4.452]
[4375, 4.452, 4.46]
[4241, 4.46, 4.292]
[4188, 4.292, 4.387]
[4387, 4.387, 4.378]
[4274, 4.378, 4.296]
[4262, 4.296, 4.473]
[4443, 4.473, 4.368]
[4450, 4.368, 4.37]
[4341, 4.37, 4.34]
[4511, 4.34, 4.305]
[4295, 4.305, 4.238]
[4225, 4.238, 4.251]
[4297, 4.251, 4.187]
[4232, 4.187, 4.145]
[4264, 4.145, 4.146]
[4259, 4.146, 4.173]
[4316, 4.173, 4.172]
[4723, 4.172, 4.154]
[4711, 4.154, 4.089]
[4331, 4.089, 4.105]
[4262, 4.105, 4.189]
[4327, 4.189, 4.113]
[4244, 4.113, 4.155]
[4339, 4.155, 4.043]
[4272, 4.043, 4.086]
[4230, 4.086, 4.091]
[4257, 4.091, 4.112]
[4242, 4.112, 3.888]
[4429, 3.888, 4.041]
[4412, 4.041, 4.225]
[4438, 4.225, 4.085]
[4188, 4.085, 4.272]
[4322, 4.272, 4.245]
[4315, 4.245, 4.258]
[4317, 4.258, 4.27]
[4342, 4.27, 4.26]
[4297, 4.26, 4.271]
[4319, 4.271, 4.366]
[4188, 4.366, 4.396]
[4347, 4.396, 4.438]
[4188, 4.438, 4.414]
[4391, 4.414, 4.517]
[4188, 4.517, 4.748]
[4774, 4.748, 4.66]
[4491, 4.66, 4.329]
[4268, 4.329, 4.453]
[4276, 4.453, 4.636]
[4333, 4.636, 4.513]
[4305, 4.513, 4.641]
[4355, 4.641, 4.608]
[4260, 4.608, 4.525]
[4431, 4.525, 4.58]
[4297, 4.58, 4.581]
[4501, 4.581, 4.544]
[4441, 4.544, 4.349]
[4393, 4.349, 4.168]
[4188, 4.168, 4.374]
[4272, 4.374, 4.484]
[4255, 4.484, 4.44]
[4295, 4.44, 4.455]
[4334, 4.455, 4.405]
[4256, 4.405, 4.38]
[4283, 4.38, 4.525]
[4468, 4.525, 4.518]
[4451, 4.518, 4.495]
[4188, 4.495, 4.72]
[4447, 4.72, 4.864]
[4188, 4.864, 4.738]
[4404, 4.738, 4.684]
[4408, 4.684, 4.811]
[4397, 4.811, 4.849]
[4455, 4.849, 4.762]
[4263, 4.762, 4.691]
[4289, 4.691, 4.711]
[4335, 4.711, 4.974]
[4450, 4.974, 4.766]
[4188, 4.766, 4.752]
[4333, 4.752, 5.109]
[4362, 5.109, 5.009]
[4324, 5.009, 4.754]
[4188, 4.754, 4.855]
[4261, 4.855, 5.083]
[4254, 5.083, 5.097]
[4223, 5.097, 5.061]
[4317, 5.061, 5.148]
[4271, 5.148, 5.17]
[4379, 5.17, 5.046]
[4414, 5.046, 5.175]
[4505, 5.175, 5.265]
[4188, 5.265, 5.302]
[4197, 5.302, 5.238]
[4333, 5.238, 5.254]
[4390, 5.254, 5.136]
[4391, 5.136, 5.227]
[4274, 5.227, 5.273]
[4188, 5.273, 5.362]
[4424, 5.362, 5.509]
[4346, 5.509, 5.514]
[4470, 5.514, 5.279]
[4188, 5.279, 5.607]
[4472, 5.607, 5.506]
[4504, 5.506, 5.717]
[4316, 5.717, 5.762]
[4364, 5.762, 5.605]
[4315, 5.605, 5.413]
[4188, 5.413, 5.433]
[4427, 5.433, 5.663]
[4325, 5.663, 5.594]
[4301, 5.594, 5.39]
[4234, 5.39, 5.307]
[4366, 5.307, 5.468]
[4421, 5.468, 5.444]
[4430, 5.444, 5.209]
[4448, 5.209, 5.266]
[4424, 5.266, 5.474]
[4363, 5.474, 5.544]
[4238, 5.544, 5.463]
[4282, 5.463, 5.593]
[4543, 5.593, 5.584]
[4415, 5.584, 5.36]
[4268, 5.36, 5.217]
[4296, 5.217, 5.354]
[4471, 5.354, 5.405]
[4450, 5.405, 5.317]
[4520, 5.317, 5.079]
[4267, 5.079, 5.008]
[4284, 5.008, 5.147]
[4263, 5.147, 5.104]
[4266, 5.104, 5.046]
[4333, 5.046, 5.084]
[4188, 5.084, 5.211]
[4242, 5.211, 5.291]
[4447, 5.291, 5.187]
[4307, 5.187, 5.189]
[4434, 5.189, 5.13]
[4332, 5.13, 5.036]
[4310, 5.036, 4.946]
[4533, 4.946, 4.957]
[4349, 4.957, 4.813]
[4353, 4.813, 4.749]
[4374, 4.749, 4.838]
[4269, 4.838, 4.809]
[4347, 4.809, 4.656]
[4188, 4.656, 4.713]
[4321, 4.713, 4.758]
[4462, 4.758, 4.837]
[4316, 4.837, 4.685]
[4483, 4.685, 4.734]
[4549, 4.734, 4.795]
[4341, 4.795, 4.787]
[4692, 4.787, 5.011]
[4285, 5.011, 4.917]
[4416, 4.917, 4.698]
[4446, 4.698, 4.97]
[4251, 4.97, 4.942]
[4351, 4.942, 4.798]
[4492, 4.798, 4.891]
[4484, 4.891, 4.669]
[4272, 4.669, 4.73]
[4188, 4.73, 4.766]
[4236, 4.766, 4.866]
[4261, 4.866, 4.788]
[4444, 4.788, 4.761]
[4522, 4.761, 4.848]
[4304, 4.848, 4.836]
[4375, 4.836, 4.743]
[4362, 4.743, 4.756]
[4278, 4.756, 4.864]
[4381, 4.864, 4.761]
[4188, 4.761, 4.647]
[4313, 4.647, 4.568]
[4220, 4.568, 4.647]
[4438, 4.647, 4.873]
[4253, 4.873, 4.791]
[4318, 4.791, 4.818]
[4191, 4.818, 4.927]
[4277, 4.927, 4.813]
[4496, 4.813, 4.629]
[4532, 4.629, 4.671]
[4288, 4.671, 4.541]
[4386, 4.541, 4.591]
[4189, 4.591, 4.553]
[4252, 4.553, 4.559]
[4312, 4.559, 4.646]
[4256, 4.646, 4.633]
[4290, 4.633, 4.598]
[4589, 4.598, 4.592]
[4502, 4.592, 4.279]
[4271, 4.279, 4.051]
[4188, 4.051, 4.151]
[4277, 4.151, 4.212]
[4541, 4.212, 4.269]
[4235, 4.269, 4.229]
[4195, 4.229, 4.228]
[4485, 4.228, 4.234]
[4600, 4.234, 4.182]
[4384, 4.182, 4.016]
[4361, 4.016, 4.104]
[4607, 4.104, 4.198]
[4228, 4.198, 4.11]
[4377, 4.11, 4.017]
[4240, 4.017, 3.979]
[4188, 3.979, 4.126]
[4192, 4.126, 4.077]
[4252, 4.077, 4.03]
[4280, 4.03, 4.169]
[4201, 4.169, 4.1]
[4272, 4.1, 4.084]
[4188, 4.084, 4.177]
[4378, 4.177, 4.196]
[4545, 4.196, 4.03]
[4320, 4.03, 3.921]
[4227, 3.921, 4.112]
[4369, 4.112, 4.095]
[4242, 4.095, 4.078]
[4361, 4.078, 4.077]
[4315, 4.077, 4.276]
[4299, 4.276, 4.178]
[4524, 4.178, 3.888]
[4501, 3.888, 4.12]
[4188, 4.12, 4.166]
[4496, 4.166, 3.988]
[4333, 3.988, 3.978]
[4188, 3.978, 4.295]
[4417, 4.295, 4.386]
[4610, 4.386, 4.336]
[4264, 4.336, 4.364]
[4328, 4.364, 4.478]
[4326, 4.478, 4.455]
[4188, 4.455, 4.468]
[4335, 4.468, 4.577]
[4478, 4.577, 4.499]
[4442, 4.499, 4.347]
[4212, 4.347, 4.429]
[4416, 4.429, 4.36]
[4258, 4.36, 4.183]
[4461, 4.183, 4.208]
[4692, 4.208, 4.386]
[4188, 4.386, 4.428]
[4301, 4.428, 4.308]
[4337, 4.308, 4.385]
[4324, 4.385, 4.497]
[4332, 4.497, 4.256]
[4389, 4.256, 4.08]
[4244, 4.08, 4.374]
[4388, 4.374, 4.339]
[4294, 4.339, 4.169]
[4252, 4.169, 4.227]
[4270, 4.227, 4.358]
[4325, 4.358, 4.241]
[4400, 4.241, 4.27]
[4506, 4.27, 4.384]
[4281, 4.384, 4.293]
[4188, 4.293, 4.296]
[4303, 4.296, 4.557]
[4366, 4.557, 4.549]
[4349, 4.549, 4.518]
[4577, 4.518, 4.604]
[4416, 4.604, 4.518]
[4233, 4.518, 4.493]
[4539, 4.493, 4.731]
[4291, 4.731, 4.569]
[4188, 4.569, 4.406]
[4188, 4.406, 4.48]
[4259, 4.48, 4.626]
[4344, 4.626, 4.668]
[4427, 4.668, 4.626]
[4270, 4.626, 4.663]
[4296, 4.663, 4.719]
[4347, 4.719, 4.725]
[4337, 4.725, 4.669]
[4350, 4.669, 4.587]
[4289, 4.587, 4.623]
[4237, 4.623, 4.509]
[4333, 4.509, 4.434]
[4408, 4.434, 4.347]
[4188, 4.347, 4.373]
[4231, 4.373, 4.25]
[4289, 4.25, 4.299]
[4405, 4.299, 4.255]
[4268, 4.255, 4.259]
[4242, 4.259, 4.329]
[4290, 4.329, 4.393]
[4458, 4.393, 4.558]
[4396, 4.558, 4.486]
[4365, 4.486, 4.491]
[4446, 4.491, 4.609]
[4273, 4.609, 4.47]
[4328, 4.47, 4.449]
[4226, 4.449, 4.351]
[4509, 4.351, 4.452]
[4463, 4.452, 4.365]
[4267, 4.365, 4.313]
[4254, 4.313, 4.371]
[4276, 4.371, 4.338]
[4556, 4.338, 4.443]
[4312, 4.443, 4.535]
[4219, 4.535, 4.376]
[4218, 4.376, 4.447]
[4425, 4.447, 4.408]
[4238, 4.408, 4.165]
[4214, 4.165, 4.299]
[4547, 4.299, 4.212]
[4381, 4.212, 4.175]
[4582, 4.175, 4.237]
[4564, 4.237, 4.098]
[4491, 4.098, 4.146]
[4252, 4.146, 4.241]
[4243, 4.241, 4.376]
[4461, 4.376, 4.222]
[4409, 4.222, 4.178]
[4637, 4.178, 4.147]
[4287, 4.147, 4.065]
[4209, 4.065, 4.169]
[4387, 4.169, 4.28]
[4236, 4.28, 4.086]
[4332, 4.086, 4.289]
[4226, 4.289, 4.286]
[4420, 4.286, 4.271]
[4428, 4.271, 4.112]
[4425, 4.112, 4.158]
[4431, 4.158, 4.057]
[4275, 4.057, 3.908]
[4516, 3.908, 4.172]
[4259, 4.172, 4.24]
[4544, 4.24, 4.137]
[4534, 4.137, 4.075]
[4219, 4.075, 4.285]
[4300, 4.285, 4.278]
[4262, 4.278, 4.246]
[4375, 4.246, 4.252]
[4305, 4.252, 4.375]
[4421, 4.375, 4.317]
[4536, 4.317, 4.308]
[4219, 4.308, 4.092]
[4188, 4.092, 4.206]
[4321, 4.206, 4.203]
[4287, 4.203, 4.134]
[4480, 4.134, 4.148]
[4280, 4.148, 4.268]
[4212, 4.268, 4.245]
[4188, 4.245, 4.351]
[4301, 4.351, 4.403]
[4329, 4.403, 4.517]
[4321, 4.517, 4.533]
[4271, 4.533, 4.492]
[4271, 4.492, 4.452]
[4401, 4.452, 4.506]
[4188, 4.506, 4.706]
[4435, 4.706, 4.716]
[4254, 4.716, 4.532]
[4239, 4.532, 4.992]
[4359, 4.992, 5.041]
[4300, 5.041, 4.826]
[4224, 4.826, 4.697]
[4188, 4.697, 4.917]
[4344, 4.917, 5.001]
[4315, 5.001, 4.97]
[4455, 4.97, 4.783]
[4479, 4.783, 4.905]
[4354, 4.905, 5.036]
[4319, 5.036, 4.956]
[4484, 4.956, 4.8]
[4426, 4.8, 4.738]
[4310, 4.738, 4.812]
[4188, 4.812, 4.824]
[4504, 4.824, 4.697]
[4522, 4.697, 4.61]
[4570, 4.61, 4.638]
[4518, 4.638, 4.758]
[4415, 4.758, 4.53]
[4329, 4.53, 4.399]
[4309, 4.399, 4.41]
[4323, 4.41, 4.397]
[4484, 4.397, 4.253]
[4296, 4.253, 4.438]
[4353, 4.438, 4.372]
[4560, 4.372, 4.112]
[4305, 4.112, 4.166]
[4408, 4.166, 4.25]
[4415, 4.25, 4.338]
[4296, 4.338, 4.33]
[4349, 4.33, 4.427]
[4195, 4.427, 4.51]
[4305, 4.51, 4.459]
[4308, 4.459, 4.577]
[4433, 4.577, 4.447]
[4332, 4.447, 4.251]
[4214, 4.251, 4.472]
[4360, 4.472, 4.46]
[4431, 4.46, 4.304]
[4267, 4.304, 4.529]
[4401, 4.529, 4.675]
[4507, 4.675, 4.609]
[4279, 4.609, 4.44]
[4260, 4.44, 4.514]
[4362, 4.514, 4.66]
[4425, 4.66, 4.512]
[4351, 4.512, 4.44]
[4301, 4.44, 4.441]
[4445, 4.441, 4.736]
[4396, 4.736, 4.46]
[4285, 4.46, 4.34]
[4292, 4.34, 4.456]
[4364, 4.456, 4.329]
[4397, 4.329, 4.207]
[4259, 4.207, 4.239]
[4324, 4.239, 4.157]
[4565, 4.157, 4.137]
[4381, 4.137, 4.043]
[4269, 4.043, 4.198]
[4357, 4.198, 4.097]
[4188, 4.097, 3.919]
[4254, 3.919, 4.128]
[4372, 4.128, 4.293]
[4371, 4.293, 4.262]
[4336, 4.262, 4.227]
[4343, 4.227, 4.332]
[4326, 4.332, 4.32]
[4505, 4.32, 4.213]
[4244, 4.213, 4.128]
[4217, 4.128, 4.142]
[4357, 4.142, 4.148]
[4366, 4.148, 4.184]
[4363, 4.184, 4.307]
[4191, 4.307, 4.418]
[4222, 4.418, 4.558]
[4453, 4.558, 4.524]
[4426, 4.524, 4.486]
[4350, 4.486, 4.452]
[4387, 4.452, 4.518]
[4260, 4.518, 4.64]
[4242, 4.64, 4.611]
[4358, 4.611, 4.83]
[4188, 4.83, 4.803]
[4568, 4.803, 4.885]
[4232, 4.885, 4.858]
[4283, 4.858, 4.997]
[4269, 4.997, 5.079]
[4610, 5.079, 5.133]
[4198, 5.133, 4.986]
[4445, 4.986, 4.998]
[4327, 4.998, 5.012]
[4226, 5.012, 5.058]
[4413, 5.058, 5.055]
[4327, 5.055, 4.882]
[4269, 4.882, 4.86]
[4242, 4.86, 4.922]
[4252, 4.922, 4.781]
[4379, 4.781, 4.683]
[4395, 4.683, 4.579]
[4327, 4.579, 4.603]
[4748, 4.603, 4.527]
[4381, 4.527, 4.428]
[4267, 4.428, 4.478]
[4396, 4.478, 4.526]
[4341, 4.526, 4.513]
[4254, 4.513, 4.463]
[4383, 4.463, 4.494]
[4615, 4.494, 4.614]
[4443, 4.614, 4.262]
[4310, 4.262, 4.236]
[4624, 4.236, 4.417]
[4507, 4.417, 4.255]
[4408, 4.255, 4.065]
[4269, 4.065, 4.153]
[4414, 4.153, 4.166]
[4540, 4.166, 3.92]
[4318, 3.92, 3.831]
[4325, 3.831, 3.991]
[4255, 3.991, 3.911]
[4274, 3.911, 3.902]
[4410, 3.902, 3.865]
[4335, 3.865, 3.834]
[4329, 3.834, 3.807]
[4432, 3.807, 3.723]
[4487, 3.723, 3.862]
[4260, 3.862, 4.052]
[4553, 4.052, 3.895]
[4412, 3.895, 3.635]
[4220, 3.635, 3.825]
[4430, 3.825, 3.818]
[4517, 3.818, 3.644]
[4188, 3.644, 3.588]
[4398, 3.588, 3.666]
[4250, 3.666, 3.692]
[4543, 3.692, 3.797]
[4250, 3.797, 3.864]
[4311, 3.864, 3.861]
[4404, 3.861, 3.86]
[4380, 3.86, 3.769]
[4335, 3.769, 3.8]
[4284, 3.8, 3.855]
[4269, 3.855, 3.756]
[4352, 3.756, 3.582]
[4290, 3.582, 3.607]
[4315, 3.607, 3.802]
[4602, 3.802, 3.8]
[4440, 3.8, 3.747]
[4323, 3.747, 3.871]
[4379, 3.871, 3.75]
[4501, 3.75, 3.607]
[4255, 3.607, 3.556]
[4188, 3.556, 3.793]
[4492, 3.793, 3.765]
[4461, 3.765, 3.6]
[4552, 3.6, 3.696]
[4461, 3.696, 3.926]
[4286, 3.926, 3.895]
[4318, 3.895, 3.795]
[4188, 3.795, 3.774]
[4225, 3.774, 3.872]
[4505, 3.872, 3.935]
[4360, 3.935, 3.889]
[4337, 3.889, 3.925]
[4484, 3.925, 3.812]
[4388, 3.812, 3.801]
[4188, 3.801, 3.965]
[4330, 3.965, 4.108]
[4340, 4.108, 4.073]
[4504, 4.073, 4.04]
[4264, 4.04, 4.208]
[4188, 4.208, 4.315]
[4261, 4.315, 4.178]
[4207, 4.178, 4.221]
[4279, 4.221, 4.192]
[4287, 4.192, 4.145]
[4253, 4.145, 4.06]
[4188, 4.06, 4.137]
[4275, 4.137, 4.119]
[4344, 4.119, 4.111]
[4188, 4.111, 4.233]
[4262, 4.233, 4.372]
[4463, 4.372, 4.304]
[4415, 4.304, 4.147]
[4437, 4.147, 4.129]
[4242, 4.129, 4.174]
[4418, 4.174, 4.264]
[4430, 4.264, 4.213]
[4526, 4.213, 4.158]
[4294, 4.158, 4.278]
[4351, 4.278, 4.214]
[4378, 4.214, 4.216]
[4188, 4.216, 4.313]
[4248, 4.313, 4.206]
[4371, 4.206, 4.072]
[4407, 4.072, 3.944]
[4345, 3.944, 3.905]
[4289, 3.905, 4.296]
[4480, 4.296, 4.253]
[4209, 4.253, 4.026]
[4337, 4.026, 4.054]
[4859, 4.054, 4.414]
[4552, 4.414, 4.087]
[4481, 4.087, 3.989]
[4296, 3.989, 4.189]
[4188, 4.189, 4.233]
[4391, 4.233, 4.165]
[4353, 4.165, 4.086]
[4247, 4.086, 4.274]
[4329, 4.274, 4.361]
[4374, 4.361, 4.178]
[4524, 4.178, 4.056]
[4233, 4.056, 4.184]
[4433, 4.184, 4.217]
[4487, 4.217, 3.908]
[4336, 3.908, 3.862]
[4441, 3.862, 3.971]
[4255, 3.971, 3.798]
[4455, 3.798, 3.646]
[4253, 3.646, 3.521]
[4339, 3.521, 3.569]
[4505, 3.569, 3.583]
[4331, 3.583, 3.605]
[4266, 3.605, 3.645]
[4414, 3.645, 3.668]
[4233, 3.668, 3.654]
[4188, 3.654, 3.81]
[4563, 3.81, 3.779]
[4338, 3.779, 3.756]
[4285, 3.756, 3.836]
[4472, 3.836, 3.965]
[4447, 3.965, 3.937]
[4231, 3.937, 4.02]
[4319, 4.02, 4.147]
[4506, 4.147, 3.86]
[4291, 3.86, 3.862]
[4425, 3.862, 4.055]
[4642, 4.055, 4.249]
[4282, 4.249, 4.073]
[4361, 4.073, 4.002]
[4551, 4.002, 4.12]
[4539, 4.12, 3.791]
[4434, 3.791, 3.692]
[4343, 3.692, 3.667]
[4335, 3.667, 3.643]
[4747, 3.643, 3.706]
[4485, 3.706, 3.492]
[4440, 3.492, 3.442]
[4311, 3.442, 3.784]
[4188, 3.784, 3.763]
[4400, 3.763, 3.802]
[4364, 3.802, 3.769]
[4404, 3.769, 3.686]
[4259, 3.686, 3.911]
[4288, 3.911, 3.975]
[4311, 3.975, 3.824]
[4305, 3.824, 3.732]
[4444, 3.732, 4.083]
[4238, 4.083, 4.324]
[4489, 4.324, 4.152]
[4353, 4.152, 3.975]
[4379, 3.975, 3.977]
[4291, 3.977, 4.093]
[4356, 4.093, 4.065]
[4215, 4.065, 3.973]
[4188, 3.973, 4.088]
[4465, 4.088, 4.254]
[4529, 4.254, 4.435]
[4340, 4.435, 4.389]
[4365, 4.389, 4.298]
[4417, 4.298, 4.282]
[4188, 4.282, 4.317]
[4188, 4.317, 4.464]
[4256, 4.464, 4.477]
[4368, 4.477, 4.326]
[4305, 4.326, 4.394]
[4303, 4.394, 4.542]
[4188, 4.542, 4.527]
[4352, 4.527, 4.611]
[4188, 4.611, 4.549]
[4272, 4.549, 4.461]
[4378, 4.461, 4.449]
[4188, 4.449, 4.522]
[4454, 4.522, 4.524]
[4603, 4.524, 4.357]
[4568, 4.357, 3.989]
[4256, 3.989, 3.998]
[4188, 3.998, 4.218]
[4357, 4.218, 4.245]
[4382, 4.245, 4.108]
[4253, 4.108, 4.111]
[4380, 4.111, 4.192]
[4256, 4.192, 4.179]
[4217, 4.179, 4.217]
[4384, 4.217, 4.086]
[4330, 4.086, 4.137]
[4355, 4.137, 4.122]
[4322, 4.122, 4.156]
[4206, 4.156, 4.15]
[4507, 4.15, 4.208]
[4388, 4.208, 4.078]
[4439, 4.078, 4.149]
[4251, 4.149, 4.082]
[4378, 4.082, 4.183]
[4331, 4.183, 3.984]
[4325, 3.984, 3.966]
[4509, 3.966, 4.006]
[4390, 4.006, 3.945]
[4318, 3.945, 3.973]
[4421, 3.973, 4.235]
[4582, 4.235, 4.159]
[4313, 4.159, 4.113]
[4470, 4.113, 4.318]
[4486, 4.318, 4.257]
[4298, 4.257, 4.171]
[4286, 4.171, 4.337]
[4363, 4.337, 4.207]
[4453, 4.207, 3.938]
[4471, 3.938, 3.852]
[4409, 3.852, 3.857]
[4188, 3.857, 3.958]
[4519, 3.958, 3.951]
[4403, 3.951, 3.846]
[4188, 3.846, 3.815]
[4290, 3.815, 3.901]
[4278, 3.901, 3.917]
[4357, 3.917, 3.925]
[4213, 3.925, 3.906]
[4433, 3.906, 3.855]
[4308, 3.855, 3.977]
[4329, 3.977, 4.048]
[4265, 4.048, 4.212]
[4188, 4.212, 4.171]
[4260, 4.171, 4.129]
[4264, 4.129, 4.13]
[4394, 4.13, 4.09]
[4255, 4.09, 4.052]
[4465, 4.052, 4.098]
[4341, 4.098, 4.214]
[4272, 4.214, 4.321]
[4479, 4.321, 4.32]
[4236, 4.32, 4.305]
[4344, 4.305, 4.433]
[4280, 4.433, 4.335]
[4284, 4.335, 4.354]
[4410, 4.354, 4.38]
[4453, 4.38, 4.173]
[4369, 4.173, 4.184]
[4188, 4.184, 4.206]
[4261, 4.206, 4.438]
[4301, 4.438, 4.222]
[4214, 4.222, 4.164]
[4188, 4.164, 4.269]
[4402, 4.269, 4.408]
[4230, 4.408, 4.289]
[4307, 4.289, 4.095]
[4217, 4.095, 4.263]
[4464, 4.263, 4.259]
[4478, 4.259, 4.15]
[4216, 4.15, 4.153]
[4384, 4.153, 4.199]
[4535, 4.199, 4.273]
[4377, 4.273, 4.1]
[4492, 4.1, 4.388]
[4231, 4.388, 4.469]
[4263, 4.469, 4.304]
[4375, 4.304, 4.414]
[4407, 4.414, 4.288]
[4373, 4.288, 4.165]
[4374, 4.165, 4.185]
[4569, 4.185, 4.219]
[4238, 4.219, 4.1]
[4235, 4.1, 4.228]
[4384, 4.228, 4.269]
[4328, 4.269, 4.234]
[4334, 4.234, 4.262]
[4539, 4.262, 4.241]
[4201, 4.241, 4.087]
[4375, 4.087, 4.08]
[4291, 4.08, 4.195]
[4188, 4.195, 4.098]
[4470, 4.098, 4.031]
[4275, 4.031, 4.114]
[4226, 4.114, 4.069]
[4188, 4.069, 4.188]
[4368, 4.188, 4.196]
[4188, 4.196, 4.303]
[4223, 4.303, 4.318]
[4207, 4.318, 4.294]
[4266, 4.294, 4.215]
[4227, 4.215, 4.249]
[4230, 4.249, 4.231]
[4285, 4.231, 4.157]
[4454, 4.157, 4.092]
[4354, 4.092, 3.993]
[4376, 3.993, 4.32]
[4272, 4.32, 4.301]
[4268, 4.301, 4.219]
[4323, 4.219, 4.074]
[4188, 4.074, 4.206]
[4311, 4.206, 4.646]
[4316, 4.646, 4.656]
[4188, 4.656, 4.541]
[4457, 4.541, 4.542]
[4416, 4.542, 4.548]
[4366, 4.548, 4.563]
[4312, 4.563, 4.71]
[4583, 4.71, 4.752]
[4461, 4.752, 4.984]
[4267, 4.984, 5.033]
[4316, 5.033, 4.935]
[4429, 4.935, 5.166]
[4467, 5.166, 5.113]
[4319, 5.113, 5.037]
[4240, 5.037, 5.065]
[4217, 5.065, 5.031]
[4337, 5.031, 4.95]
[4496, 4.95, 4.945]
[4329, 4.945, 4.903]
[4188, 4.903, 5.085]
[4367, 5.085, 5.147]
[4434, 5.147, 5.007]
[4188, 5.007, 5.108]
[4374, 5.108, 5.14]
[4279, 5.14, 4.937]
[4250, 4.937, 4.9]
[4434, 4.9, 4.965]
[4241, 4.965, 5.145]
[4188, 5.145, 5.311]
[4390, 5.311, 5.646]
[4512, 5.646, 5.645]
[4380, 5.645, 5.501]
[4281, 5.501, 5.594]
[4266, 5.594, 5.639]
[4530, 5.639, 5.52]
[4539, 5.52, 5.348]
[4406, 5.348, 5.204]
[4351, 5.204, 5.317]
[4188, 5.317, 5.46]
[4365, 5.46, 5.472]
[4597, 5.472, 5.451]
[4268, 5.451, 5.351]
[4479, 5.351, 5.344]
[4421, 5.344, 5.406]
[4465, 5.406, 5.455]
[4252, 5.455, 5.374]
[4316, 5.374, 5.585]
[4467, 5.585, 5.541]
[4263, 5.541, 5.445]
[4188, 5.445, 5.471]
[4466, 5.471, 5.442]
[4252, 5.442, 5.484]
[4254, 5.484, 5.449]
[4349, 5.449, 5.58]
[4267, 5.58, 5.433]
[4188, 5.433, 5.398]
[4343, 5.398, 5.364]
[4435, 5.364, 5.532]
[4404, 5.532, 5.519]
[4200, 5.519, 5.559]
[4652, 5.559, 5.622]
[4461, 5.622, 5.521]
[4255, 5.521, 5.545]
[4188, 5.545, 5.542]
[4600, 5.542, 5.586]
[4259, 5.586, 5.634]
[4514, 5.634, 5.468]
[4518, 5.468, 5.256]
[4315, 5.256, 5.408]
[4329, 5.408, 5.519]
[4290, 5.519, 5.405]
[4188, 5.405, 5.652]
[4188, 5.652, 5.91]
[4328, 5.91, 5.986]
[4462, 5.986, 5.829]
[4344, 5.829, 5.728]
[4335, 5.728, 5.956]
[4292, 5.956, 5.953]
[4230, 5.953, 5.867]
[4263, 5.867, 5.793]
[4244, 5.793, 6.042]
[4188, 6.042, 6.091]
[4236, 6.091, 6.066]
[4474, 6.066, 6.048]
[4508, 6.048, 6.282]
[4538, 6.282, 5.884]
[4338, 5.884, 5.569]
[4362, 5.569, 5.847]
[4545, 5.847, 6.105]
[4415, 6.105, 5.861]
[4188, 5.861, 5.858]
[4284, 5.858, 6.19]
[4274, 6.19, 6.254]
[4421, 6.254, 5.946]
[4262, 5.946, 5.823]
[4360, 5.823, 6.136]
[4425, 6.136, 6.052]
[4419, 6.052, 5.884]
[4318, 5.884, 5.996]
[4188, 5.996, 6.585]
[4388, 6.585, 6.664]
[4205, 6.664, 6.392]
[4188, 6.392, 6.403]
[4204, 6.403, 6.486]
[4452, 6.486, 6.283]
[4374, 6.283, 5.982]
[4318, 5.982, 6.149]
[4188, 6.149, 6.312]
[4236, 6.312, 6.391]
[4217, 6.391, 6.273]
[4282, 6.273, 6.157]
[4188, 6.157, 6.209]
[4334, 6.209, 6.317]
[4435, 6.317, 6.118]
[4444, 6.118, 6.041]
[4197, 6.041, 6.112]
[4438, 6.112, 6.11]
[4199, 6.11, 6.046]
[4202, 6.046, 5.85]
[4188, 5.85, 6.098]
[4501, 6.098, 6.114]
[4188, 6.114, 6.21]
[4188, 6.21, 6.58]
[4323, 6.58, 6.897]
[4454, 6.897, 6.609]
[4254, 6.609, 6.978]
[4273, 6.978, 8.306]
[4358, 8.306, 8.997]
[4394, 8.997, 8.793]
[4372, 8.793, 8.085]
[4188, 8.085, 8.231]
[4188, 8.231, 8.666]
[4188, 8.666, 8.76]
[4501, 8.76, 8.478]
[4362, 8.478, 8.249]
[4303, 8.249, 8.315]
[4319, 8.315, 8.463]
[4188, 8.463, 8.332]
[4332, 8.332, 8.219]
[4409, 8.219, 8.385]
[4394, 8.385, 8.216]
[4432, 8.216, 8.031]
[4188, 8.031, 8.018]
[4305, 8.018, 8.173]
[4327, 8.173, 8.212]
[4244, 8.212, 8.243]
[4309, 8.243, 8.189]
[4373, 8.189, 7.851]
[4465, 7.851, 8.289]
[4188, 8.289, 8.899]
[4188, 8.899, 9.114]
[4265, 9.114, 9.249]
[4298, 9.249, 9.737]
[4210, 9.737, 9.951]
[4288, 9.951, 9.754]
[4315, 9.754, 9.447]
[4300, 9.447, 9.64]
[4188, 9.64, 9.747]
[4325, 9.747, 9.845]
[4338, 9.845, 9.817]
[4285, 9.817, 9.619]
