[90480, 100.0, 19.646]
[18792, 19.646, 9.353]
[8223, 9.353, 5.329]
[4884, 5.329, 4.043]
[4401, 4.043, 4.376]
[4604, 4.376, 4.408]
[4464, 4.408, 4.039]
[4255, 4.039, 3.955]
[4220, 3.955, 4.151]
[4479, 4.151, 4.424]
[4519, 4.424, 4.217]
[4471, 4.217, 4.094]
[4367, 4.094, 4.219]
[4599, 4.219, 4.112]
[4363, 4.112, 3.875]
[4391, 3.875, 3.807]
[4226, 3.807, 3.886]
[4334, 3.886, 3.864]
[4346, 3.864, 3.807]
[4280, 3.807, 3.858]
[4574, 3.858, 3.775]
[4439, 3.775, 3.693]
[4286, 3.693, 3.767]
[4303, 3.767, 3.766]
[4403, 3.766, 3.837]
[4425, 3.837, 3.685]
[4423, 3.685, 3.91]
[4290, 3.91, 3.71]
[4464, 3.71, 3.697]
[4249, 3.697, 3.647]
[4188, 3.647, 3.694]
[4326, 3.694, 3.643]
[4219, 3.643, 3.785]
[4479, 3.785, 3.835]
[4546, 3.835, 3.873]
[4310, 3.873, 3.912]
[4223, 3.912, 3.854]
[4188, 3.854, 4.064]
[4356, 4.064, 4.035]
[4337, 4.035, 4.09]
[4298, 4.09, 4.081]
[4319, 4.081, 4.225]
[4588, 4.225, 4.041]
[4280, 4.041, 4.022]
[4188, 4.022, 4.05]
[4189, 4.05, 4.136]
[4687, 4.136, 4.06]
[4230, 4.06, 4.04]
[4418, 4.04, 4.148]
[4417, 4.148, 3.974]
[4354, 3.974, 3.852]
[4376, 3.852, 3.747]
[4188, 3.747, 3.805]
[4319, 3.805, 3.886]
[4214, 3.886, 3.964]
[4338, 3.964, 4.068]
[4412, 4.068, 3.901]
[4296, 3.901, 3.906]
[4224, 3.906, 3.874]
[4301, 3.874, 3.896]
[4221, 3.896, 3.922]
[4440, 3.922, 3.935]
[4188, 3.935, 4.067]
[4327, 4.067, 4.034]
[4242, 4.034, 3.972]
[4480, 3.972, 4.031]
[4367, 4.031, 3.998]
[4469, 3.998, 3.989]
[4311, 3.989, 4.162]
[4269, 4.162, 3.924]
[4711, 3.924, 3.964]
[4504, 3.964, 3.98]
[4226, 3.98, 4.096]
[4292, 4.096, 4.088]
[4357, 4.088, 4.152]
[4338, 4.152, 4.409]
[4465, 4.409, 4.194]
[4512, 4.194, 4.049]
[4381, 4.049, 4.133]
[4252, 4.133, 4.284]
[4410, 4.284, 4.174]
[4446, 4.174, 4.204]
[4398, 4.204, 4.284]
[4420, 4.284, 4.339]
[4471, 4.339, 4.228]
[4252, 4.228, 4.089]
[4282, 4.089, 4.097]
[4489, 4.097, 4.062]
[4366, 4.062, 3.93]
[4188, 3.93, 3.915]
[4234, 3.915, 4.145]
[4309, 4.145, 4.235]
[4400, 4.235, 4.1]
[4366, 4.1, 4.014]
[4250, 4.014, 4.025]
[4402, 4.025, 4.017]
[4440, 4.017, 3.884]
[4409, 3.884, 4.052]
[4370, 4.052, 4.06]
[4527, 4.06, 4.1]
[4413, 4.1, 3.949]
[4360, 3.949, 3.871]
[4405, 3.871, 3.982]
[4383, 3.982, 4.001]
[4257, 4.001, 4.096]
[4280, 4.096, 4.1]
[4443, 4.1, 4.172]
[4215, 4.172, 4.259]
[4286, 4.259, 4.239]
[4474, 4.239, 4.373]
[4388, 4.373, 4.285]
[4588, 4.285, 4.177]
[4410, 4.177, 3.979]
[4298, 3.979, 3.96]
[4296, 3.96, 4.112]
[4563, 4.112, 3.978]
[4428, 3.978, 3.874]
[4316, 3.874, 3.879]
[4386, 3.879, 3.928]
[4261, 3.928, 3.888]
[4384, 3.888, 3.969]
[4373, 3.969, 3.962]
[4188, 3.962, 4.117]
[4313, 4.117, 4.14]
[4291, 4.14, 4.182]
[4374, 4.182, 4.04]
[4271, 4.04, 4.063]
[4188, 4.063, 4.435]
[4332, 4.435, 4.412]
[4280, 4.412, 4.384]
[4241, 4.384, 4.545]
[4584, 4.545, 4.456]
[4260, 4.456, 4.421]
[4188, 4.421, 4.628]
[4253, 4.628, 4.548]
[4411, 4.548, 4.43]
[4276, 4.43, 4.42]
[4452, 4.42, 4.315]
[4237, 4.315, 4.234]
[4267, 4.234, 4.151]
[4493, 4.151, 4.206]
[4310, 4.206, 4.118]
[4289, 4.118, 4.168]
[4436, 4.168, 4.199]
[4292, 4.199, 4.007]
[4411, 4.007, 4.159]
[4282, 4.159, 4.172]
[4459, 4.172, 3.997]
[4335, 3.997, 3.981]
[4188, 3.981, 4.109]
[4404, 4.109, 4.366]
[4369, 4.366, 4.082]
[4356, 4.082, 4.039]
[4188, 4.039, 4.411]
[4394, 4.411, 4.361]
[4589, 4.361, 4.253]
[4290, 4.253, 4.23]
[4494, 4.23, 4.49]
[4436, 4.49, 4.381]
[4363, 4.381, 4.281]
[4238, 4.281, 4.112]
[4312, 4.112, 4.157]
[4320, 4.157, 4.131]
[4323, 4.131, 4.162]
[4266, 4.162, 4.099]
[4438, 4.099, 4.093]
[4285, 4.093, 4.023]
[4329, 4.023, 4.102]
[4406, 4.102, 4.249]
[4853, 4.249, 4.035]
[4505, 4.035, 3.712]
[4188, 3.712, 4.061]
[4440, 4.061, 4.383]
[4391, 4.383, 4.219]
[4484, 4.219, 4.098]
[4446, 4.098, 4.238]
[4332, 4.238, 4.119]
[4257, 4.119, 4.083]
[4479, 4.083, 4.254]
[4482, 4.254, 3.933]
[4388, 3.933, 3.86]
[4479, 3.86, 3.948]
[4464, 3.948, 3.905]
[4379, 3.905, 3.748]
[4188, 3.748, 3.838]
[4261, 3.838, 3.893]
[4356, 3.893, 3.828]
[4464, 3.828, 3.835]
[4188, 3.835, 3.859]
[4489, 3.859, 3.698]
[4188, 3.698, 3.755]
[4562, 3.755, 3.847]
[4346, 3.847, 3.829]
[4262, 3.829, 3.841]
[4188, 3.841, 3.96]
[4424, 3.96, 4.036]
[4244, 4.036, 3.997]
[4188, 3.997, 4.035]
[4352, 4.035, 4.169]
[4374, 4.169, 4.199]
[4370, 4.199, 4.24]
[4271, 4.24, 4.308]
[4368, 4.308, 4.377]
[4260, 4.377, 4.338]
[4188, 4.338, 4.486]
[4258, 4.486, 4.467]
[4190, 4.467, 4.434]
[4220, 4.434, 4.547]
[4407, 4.547, 4.486]
[4476, 4.486, 4.507]
[4441, 4.507, 4.564]
[4486, 4.564, 4.404]
[4197, 4.404, 4.379]
[4274, 4.379, 4.577]
[4396, 4.577, 4.503]
[4369, 4.503, 4.164]
[4309, 4.164, 4.115]
[4188, 4.115, 4.255]
[4488, 4.255, 4.218]
[4188, 4.218, 4.176]
[4265, 4.176, 4.214]
[4188, 4.214, 4.555]
[4304, 4.555, 4.383]
[4303, 4.383, 4.289]
[4363, 4.289, 4.38]
[4353, 4.38, 4.381]
[4365, 4.381, 4.247]
[4389, 4.247, 4.127]
[4523, 4.127, 3.978]
[4462, 3.978, 4.033]
[4270, 4.033, 4.137]
[4365, 4.137, 4.096]
[4256, 4.096, 4.211]
[4338, 4.211, 4.349]
[4320, 4.349, 4.123]
[4397, 4.123, 4.268]
[4582, 4.268, 4.114]
[4633, 4.114, 3.919]
[4284, 3.919, 3.999]
[4188, 3.999, 4.154]
[4228, 4.154, 4.184]
[4361, 4.184, 4.278]
[4188, 4.278, 4.247]
[4198, 4.247, 4.29]
[4272, 4.29, 4.234]
[4335, 4.234, 4.231]
[4188, 4.231, 4.327]
[4379, 4.327, 4.309]
[4637, 4.309, 4.376]
[4416, 4.376, 4.265]
[4411, 4.265, 4.397]
[4271, 4.397, 4.502]
[4297, 4.502, 4.664]
[4372, 4.664, 4.593]
[4188, 4.593, 4.75]
[4347, 4.75, 4.85]
[4335, 4.85, 4.736]
[4192, 4.736, 4.66]
[4269, 4.66, 4.684]
[4280, 4.684, 4.65]
[4279, 4.65, 4.429]
[4235, 4.429, 4.442]
[4266, 4.442, 4.407]
[4434, 4.407, 4.432]
[4198, 4.432, 4.486]
[4526, 4.486, 4.492]
[4399, 4.492, 4.394]
[4397, 4.394, 4.343]
[4281, 4.343, 4.558]
[4361, 4.558, 4.403]
[4471, 4.403, 4.279]
[4416, 4.279, 4.395]
[4222, 4.395, 4.4]
[4227, 4.4, 4.292]
[4188, 4.292, 4.363]
[4270, 4.363, 4.451]
[4280, 4.451, 4.477]
[4293, 4.477, 4.511]
[4418, 4.511, 4.609]
[4222, 4.609, 4.529]
[4280, 4.529, 4.526]
[4227, 4.526, 4.447]
[4404, 4.447, 4.572]
[4362, 4.572, 4.463]
[4188, 4.463, 4.358]
[4377, 4.358, 4.407]
[4255, 4.407, 4.307]
[4188, 4.307, 4.331]
[4276, 4.331, 4.442]
[4392, 4.442, 4.477]
[4596, 4.477, 4.61]
[4410, 4.61, 4.379]
[4274, 4.379, 4.406]
[4496, 4.406, 4.475]
[4340, 4.475, 4.288]
[4243, 4.288, 4.099]
[4215, 4.099, 4.3]
[4422, 4.3, 4.494]
[4394, 4.494, 4.406]
[4300, 4.406, 4.371]
[4543, 4.371, 4.351]
[4222, 4.351, 4.281]
[4502, 4.281, 4.318]
[4446, 4.318, 4.351]
[4354, 4.351, 4.335]
[4632, 4.335, 4.186]
[4359, 4.186, 3.843]
[4357, 3.843, 3.826]
[4250, 3.826, 4.058]
[4365, 4.058, 4.266]
[4355, 4.266, 4.276]
[4226, 4.276, 4.297]
[4509, 4.297, 4.236]
[4480, 4.236, 4.05]
[4447, 4.05, 3.944]
[4257, 3.944, 3.987]
[4487, 3.987, 4.153]
[4333, 4.153, 3.779]
[4338, 3.779, 3.64]
[4476, 3.64, 3.791]
[4330, 3.791, 3.859]
[4319, 3.859, 3.723]
[4227, 3.723, 3.792]
[4188, 3.792, 3.989]
[4198, 3.989, 4.024]
[4361, 4.024, 4.074]
[4210, 4.074, 4.034]
[4272, 4.034, 4.213]
[4699, 4.213, 4.416]
[4525, 4.416, 4.379]
[4623, 4.379, 4.318]
[4280, 4.318, 4.293]
[4188, 4.293, 4.469]
[4219, 4.469, 4.511]
[4256, 4.511, 4.461]
[4263, 4.461, 4.548]
[4490, 4.548, 4.474]
[4347, 4.474, 4.401]
[4404, 4.401, 4.639]
[4481, 4.639, 4.629]
[4188, 4.629, 4.548]
[4395, 4.548, 4.61]
[4375, 4.61, 4.58]
[4255, 4.58, 4.566]
[4293, 4.566, 4.506]
[4341, 4.506, 4.415]
[4314, 4.415, 4.318]
[4432, 4.318, 4.468]
[4468, 4.468, 4.335]
[4519, 4.335, 4.146]
[4253, 4.146, 4.363]
[4278, 4.363, 4.38]
[4188, 4.38, 4.331]
[4246, 4.331, 4.322]
[4210, 4.322, 4.444]
[4383, 4.444, 4.267]
[4512, 4.267, 4.184]
[4375, 4.184, 4.199]
[4298, 4.199, 4.192]
[4273, 4.192, 3.996]
[4272, 3.996, 4.044]
[4247, 4.044, 4.03]
[4188, 4.03, 4.078]
[4643, 4.078, 4.107]
[4470, 4.107, 3.999]
[4400, 3.999, 4.09]
[4635, 4.09, 4.143]
[4289, 4.143, 4.056]
[4266, 4.056, 4.185]
[4581, 4.185, 4.352]
[4383, 4.352, 4.278]
[4444, 4.278, 4.127]
[4406, 4.127, 4.36]
[4625, 4.36, 4.385]
[4412, 4.385, 4.154]
[4265, 4.154, 4.12]
[4392, 4.12, 4.234]
[4311, 4.234, 4.291]
[4322, 4.291, 4.38]
[4291, 4.38, 4.469]
[4333, 4.469, 4.437]
[4348, 4.437, 4.299]
[4531, 4.299, 4.206]
[4222, 4.206, 4.139]
[4277, 4.139, 4.187]
[4428, 4.187, 4.186]
[4650, 4.186, 4.043]
[4248, 4.043, 4.289]
[4206, 4.289, 4.402]
[4237, 4.402, 4.351]
[4321, 4.351, 4.148]
[4385, 4.148, 4.299]
[4406, 4.299, 4.461]
[4339, 4.461, 4.158]
[4368, 4.158, 4.263]
[4248, 4.263, 4.194]
[4325, 4.194, 4.105]
[4331, 4.105, 4.169]
[4414, 4.169, 4.027]
[4443, 4.027, 4.151]
[4275, 4.151, 4.181]
[4235, 4.181, 4.252]
[4188, 4.252, 4.312]
[4379, 4.312, 4.273]
[4400, 4.273, 4.276]
[4505, 4.276, 4.366]
[4280, 4.366, 4.388]
[4383, 4.388, 4.337]
[4340, 4.337, 4.426]
[4198, 4.426, 4.386]
[4188, 4.386, 4.501]
[4497, 4.501, 4.554]
[4388, 4.554, 4.557]
[4447, 4.557, 4.554]
[4532, 4.554, 4.392]
[4358, 4.392, 4.478]
[4260, 4.478, 4.485]
[4424, 4.485, 4.403]
[4319, 4.403, 4.399]
[4188, 4.399, 4.472]
[4264, 4.472, 4.572]
[4419, 4.572, 4.424]
[4461, 4.424, 4.344]
[4188, 4.344, 4.473]
[4268, 4.473, 4.387]
[4335, 4.387, 4.332]
[4563, 4.332, 4.179]
[4397, 4.179, 3.972]
[4288, 3.972, 4.028]
[4431, 4.028, 4.083]
[4648, 4.083, 3.94]
[4602, 3.94, 4.079]
[4290, 4.079, 4.065]
[4401, 4.065, 4.053]
[4312, 4.053, 4.119]
[4188, 4.119, 4.158]
[4467, 4.158, 4.028]
[4192, 4.028, 3.848]
[4371, 3.848, 3.701]
[4332, 3.701, 3.881]
[4419, 3.881, 4.038]
[4236, 4.038, 4.012]
[4350, 4.012, 3.906]
[4283, 3.906, 4.05]
[4271, 4.05, 4.083]
[4225, 4.083, 4.133]
[4236, 4.133, 4.168]
[4504, 4.168, 4.402]
[4411, 4.402, 4.257]
[4188, 4.257, 4.264]
[4188, 4.264, 4.409]
[4564, 4.409, 4.448]
[4566, 4.448, 4.383]
[4320, 4.383, 4.224]
[4551, 4.224, 4.183]
[4425, 4.183, 4.06]
[4239, 4.06, 4.001]
[4237, 4.001, 4.192]
[4388, 4.192, 4.419]
[4327, 4.419, 4.325]
[4387, 4.325, 4.364]
[4309, 4.364, 4.295]
[4699, 4.295, 3.976]
[4228, 3.976, 3.757]
[4301, 3.757, 3.987]
[4189, 3.987, 4.162]
[4284, 4.162, 4.013]
[4221, 4.013, 3.917]
[4250, 3.917, 4.125]
[4188, 4.125, 4.217]
[4709, 4.217, 3.949]
[4352, 3.949, 3.712]
[4314, 3.712, 3.782]
[4430, 3.782, 3.978]
[4269, 3.978, 3.96]
[4364, 3.96, 3.846]
[4188, 3.846, 3.936]
[4274, 3.936, 4.208]
[4324, 4.208, 4.255]
[4306, 4.255, 4.082]
[4188, 4.082, 4.096]
[4278, 4.096, 4.306]
[4370, 4.306, 4.237]
[4281, 4.237, 3.948]
[4286, 3.948, 4.021]
[4255, 4.021, 4.044]
[4421, 4.044, 4.032]
[4479, 4.032, 4.096]
[4188, 4.096, 4.259]
[4267, 4.259, 4.176]
[4387, 4.176, 4.114]
[4380, 4.114, 4.068]
[4222, 4.068, 4.209]
[4298, 4.209, 4.254]
[4326, 4.254, 4.115]
[4627, 4.115, 4.238]
[4211, 4.238, 4.218]
[4188, 4.218, 4.189]
[4188, 4.189, 4.192]
[4374, 4.192, 4.175]
[4489, 4.175, 3.933]
[4720, 3.933, 4.124]
[4474, 4.124, 4.015]
[4630, 4.015, 3.939]
[4325, 3.939, 4.012]
[4303, 4.012, 4.103]
[4316, 4.103, 3.983]
[4580, 3.983, 3.868]
[4344, 3.868, 3.716]
[4188, 3.716, 3.722]
[4266, 3.722, 3.932]
[4296, 3.932, 3.975]
[4423, 3.975, 3.841]
[4218, 3.841, 3.796]
[4547, 3.796, 3.963]
[4379, 3.963, 3.883]
[4305, 3.883, 3.745]
[4225, 3.745, 3.807]
[4330, 3.807, 3.877]
[4379, 3.877, 3.951]
[4436, 3.951, 3.84]
[4381, 3.84, 3.703]
[4817, 3.703, 3.732]
[4271, 3.732, 3.746]
[4634, 3.746, 3.563]
[4500, 3.563, 3.739]
[4338, 3.739, 3.798]
[4564, 3.798, 3.811]
[4235, 3.811, 3.67]
[4297, 3.67, 3.667]
[4354, 3.667, 3.672]
[4189, 3.672, 3.755]
[4237, 3.755, 3.808]
[4188, 3.808, 3.855]
[4461, 3.855, 3.829]
[4442, 3.829, 3.642]
[4484, 3.642, 3.498]
[4264, 3.498, 3.653]
[4302, 3.653, 3.836]
[4188, 3.836, 3.824]
[4350, 3.824, 3.754]
[4356, 3.754, 3.624]
[4188, 3.624, 3.746]
[4276, 3.746, 3.871]
[4316, 3.871, 3.851]
[4445, 3.851, 3.695]
[4280, 3.695, 3.852]
[4225, 3.852, 3.931]
[4227, 3.931, 3.922]
[4369, 3.922, 3.824]
[4430, 3.824, 3.866]
[4569, 3.866, 3.893]
[4188, 3.893, 4.005]
[4532, 4.005, 4.213]
[4369, 4.213, 4.076]
[4300, 4.076, 4.151]
[4233, 4.151, 4.138]
[4250, 4.138, 4.011]
[4494, 4.011, 4.048]
[4262, 4.048, 4.037]
[4495, 4.037, 4.083]
[4310, 4.083, 4.124]
[4270, 4.124, 4.313]
[4360, 4.313, 4.261]
[4310, 4.261, 4.193]
[4213, 4.193, 4.288]
[4197, 4.288, 4.337]
[4188, 4.337, 4.276]
[4272, 4.276, 4.428]
[4367, 4.428, 4.613]
[4209, 4.613, 4.575]
[4271, 4.575, 4.543]
[4423, 4.543, 4.725]
[4474, 4.725, 4.724]
[4395, 4.724, 4.701]
[4420, 4.701, 4.828]
[4193, 4.828, 4.888]
[4437, 4.888, 4.836]
[4214, 4.836, 4.975]
[4235, 4.975, 4.979]
[4387, 4.979, 4.959]
[4188, 4.959, 5.084]
[4317, 5.084, 5.12]
[4478, 5.12, 5.057]
[4329, 5.057, 4.923]
[4493, 4.923, 5.202]
[4298, 5.202, 5.328]
[4522, 5.328, 5.224]
[4388, 5.224, 5.156]
[4392, 5.156, 5.214]
[4322, 5.214, 5.156]
[4524, 5.156, 5.21]
[4373, 5.21, 5.11]
[4302, 5.11, 5.036]
[4216, 5.036, 5.048]
[4364, 5.048, 5.082]
[4257, 5.082, 5.161]
[4219, 5.161, 5.159]
[4302, 5.159, 5.102]
[4266, 5.102, 4.845]
[4188, 4.845, 4.771]
[4236, 4.771, 4.88]
[4450, 4.88, 4.932]
[4256, 4.932, 4.973]
[4188, 4.973, 5.137]
[4333, 5.137, 5.173]
[4204, 5.173, 5.147]
[4366, 5.147, 5.275]
[4506, 5.275, 5.223]
[4553, 5.223, 4.987]
[4273, 4.987, 5.049]
[4327, 5.049, 5.161]
[4466, 5.161, 5.112]
[4365, 5.112, 5.063]
[4207, 5.063, 4.929]
[4294, 4.929, 4.993]
[4188, 4.993, 5.148]
[4416, 5.148, 4.831]
[4272, 4.831, 4.775]
[4188, 4.775, 4.991]
[4340, 4.991, 5.115]
[4606, 5.115, 5.092]
[4277, 5.092, 4.913]
[4275, 4.913, 4.874]
[4204, 4.874, 4.931]
[4480, 4.931, 5.075]
[4308, 5.075, 4.993]
[4333, 4.993, 5.093]
[4200, 5.093, 5.129]
[4393, 5.129, 5.003]
[4460, 5.003, 4.856]
[4188, 4.856, 4.886]
[4188, 4.886, 5.168]
[4364, 5.168, 5.18]
[4633, 5.18, 5.089]
[4280, 5.089, 5.218]
[4254, 5.218, 5.401]
[4481, 5.401, 5.319]
[4248, 5.319, 5.118]
[4300, 5.118, 5.362]
[4442, 5.362, 5.253]
[4274, 5.253, 5.039]
[4301, 5.039, 5.19]
[4371, 5.19, 5.352]
[4459, 5.352, 5.516]
[4586, 5.516, 5.35]
[4233, 5.35, 5.376]
[4367, 5.376, 5.605]
[4299, 5.605, 5.783]
[4541, 5.783, 5.89]
[4539, 5.89, 5.78]
[4267, 5.78, 5.752]
[4379, 5.752, 6.052]
[4272, 6.052, 6.08]
[4413, 6.08, 5.825]
[4273, 5.825, 5.777]
[4209, 5.777, 5.894]
[4188, 5.894, 6.035]
[4415, 6.035, 5.968]
[4188, 5.968, 5.992]
[4188, 5.992, 6.307]
[4254, 6.307, 6.232]
[4294, 6.232, 6.296]
[4457, 6.296, 6.302]
[4263, 6.302, 6.097]
[4388, 6.097, 6.14]
[4188, 6.14, 6.278]
[4388, 6.278, 6.242]
[4420, 6.242, 6.144]
[4293, 6.144, 6.039]
[4470, 6.039, 6.024]
[4425, 6.024, 6.16]
[4280, 6.16, 6.225]
[4251, 6.225, 6.291]
[4267, 6.291, 6.216]
[4236, 6.216, 6.127]
[4319, 6.127, 5.965]
[4287, 5.965, 5.984]
[4284, 5.984, 6.029]
[4293, 6.029, 6.024]
[4304, 6.024, 6.086]
[4449, 6.086, 6.079]
[4345, 6.079, 5.92]
[4537, 5.92, 5.886]
[4492, 5.886, 5.752]
[4265, 5.752, 5.795]
[4286, 5.795, 5.87]
[4312, 5.87, 5.921]
[4272, 5.921, 5.969]
[4552, 5.969, 5.97]
[4282, 5.97, 5.897]
[4340, 5.897, 5.926]
[4271, 5.926, 6.215]
[4314, 6.215, 6.291]
[4351, 6.291, 5.814]
[4369, 5.814, 5.624]
[4188, 5.624, 5.877]
[4437, 5.877, 6.103]
[4540, 6.103, 5.703]
[4504, 5.703, 5.569]
[4206, 5.569, 5.788]
[4188, 5.788, 5.991]
[4215, 5.991, 6.061]
[4392, 6.061, 5.9]
[4188, 5.9, 5.956]
[4258, 5.956, 6.012]
[4260, 6.012, 6.076]
[4222, 6.076, 5.973]
[4188, 5.973, 6.065]
[4385, 6.065, 6.09]
[4530, 6.09, 6.118]
[4345, 6.118, 6.122]
[4434, 6.122, 6.044]
[4370, 6.044, 6.023]
[4390, 6.023, 6.071]
[4188, 6.071, 6.221]
[4242, 6.221, 6.124]
[4343, 6.124, 6.033]
[4496, 6.033, 6.232]
[4282, 6.232, 6.144]
[4378, 6.144, 6.149]
[4295, 6.149, 6.262]
[4430, 6.262, 6.263]
[4344, 6.263, 6.339]
[4302, 6.339, 6.272]
[4264, 6.272, 6.294]
[4262, 6.294, 6.296]
[4188, 6.296, 6.387]
[4408, 6.387, 6.407]
[4609, 6.407, 6.409]
[4188, 6.409, 6.427]
[4241, 6.427, 6.408]
[4340, 6.408, 6.599]
[4254, 6.599, 6.838]
[4389, 6.838, 7.054]
[4416, 7.054, 7.014]
[4355, 7.014, 6.764]
[4370, 6.764, 6.65]
[4293, 6.65, 6.698]
[4549, 6.698, 6.96]
[4299, 6.96, 6.852]
[4388, 6.852, 6.77]
[4468, 6.77, 7.052]
[4518, 7.052, 6.968]
[4356, 6.968, 6.765]
[4362, 6.765, 6.67]
[4241, 6.67, 6.624]
[4314, 6.624, 6.532]
[4457, 6.532, 6.321]
[4467, 6.321, 6.637]
[4402, 6.637, 6.758]
[4418, 6.758, 6.448]
[4188, 6.448, 6.43]
[4188, 6.43, 6.767]
[4422, 6.767, 6.686]
[4188, 6.686, 6.586]
[4304, 6.586, 6.537]
[4188, 6.537, 6.627]
[4207, 6.627, 6.645]
[4496, 6.645, 6.724]
[4383, 6.724, 6.595]
[4417, 6.595, 6.604]
[4188, 6.604, 6.821]
[4389, 6.821, 6.776]
[4201, 6.776, 6.628]
[4418, 6.628, 6.894]
[4188, 6.894, 6.809]
[4188, 6.809, 6.673]
[4531, 6.673, 6.716]
[4188, 6.716, 6.776]
[4188, 6.776, 6.979]
[4249, 6.979, 7.091]
[4282, 7.091, 6.941]
[4361, 6.941, 6.826]
[4327, 6.826, 6.776]
[4243, 6.776, 6.739]
[4387, 6.739, 6.625]
[4327, 6.625, 6.571]
[4246, 6.571, 6.462]
[4201, 6.462, 6.554]
[4382, 6.554, 6.555]
[4218, 6.555, 6.511]
[4432, 6.511, 6.528]
[4473, 6.528, 6.64]
[4188, 6.64, 6.704]
[4312, 6.704, 6.815]
[4377, 6.815, 6.938]
[4292, 6.938, 6.812]
[4188, 6.812, 6.648]
[4570, 6.648, 6.908]
[4297, 6.908, 6.884]
[4321, 6.884, 7.019]
[4559, 7.019, 7.01]
[4207, 7.01, 6.869]
[4426, 6.869, 6.812]
[4279, 6.812, 6.701]
[4343, 6.701, 7.111]
[4486, 7.111, 6.918]
[4188, 6.918, 6.791]
[4201, 6.791, 6.717]
[4478, 6.717, 6.876]
[4486, 6.876, 6.822]
[4387, 6.822, 6.843]
[4265, 6.843, 6.894]
[4188, 6.894, 6.96]
[4397, 6.96, 7.224]
[4547, 7.224, 7.252]
[4222, 7.252, 7.082]
[4386, 7.082, 6.87]
[4210, 6.87, 7.039]
[4473, 7.039, 7.328]
[4312, 7.328, 7.048]
[4645, 7.048, 6.979]
[4313, 6.979, 7.072]
[4253, 7.072, 6.992]
[4188, 6.992, 6.973]
[4417, 6.973, 7.011]
[4204, 7.011, 6.957]
[4330, 6.957, 6.881]
[4450, 6.881, 6.989]
[4294, 6.989, 7.095]
[4235, 7.095, 7.013]
[4290, 7.013, 6.953]
[4329, 6.953, 6.965]
[4188, 6.965, 6.917]
[4233, 6.917, 6.982]
[4562, 6.982, 7.19]
[4234, 7.19, 7.351]
[4506, 7.351, 7.025]
[4188, 7.025, 6.715]
[4318, 6.715, 7.016]
[4247, 7.016, 7.247]
[4317, 7.247, 6.982]
[4454, 6.982, 7.122]
[4355, 7.122, 6.985]
[4465, 6.985, 6.949]
[4342, 6.949, 7.032]
[4401, 7.032, 7.078]
[4329, 7.078, 7.079]
[4307, 7.079, 7.133]
[4459, 7.133, 6.954]
[4353, 6.954, 6.657]
[4188, 6.657, 6.75]
[4302, 6.75, 6.951]
[4190, 6.951, 6.874]
[4188, 6.874, 6.864]
[4532, 6.864, 6.82]
[4197, 6.82, 6.558]
[4323, 6.558, 6.723]
[4377, 6.723, 6.802]
[4554, 6.802, 6.714]
[4371, 6.714, 6.64]
[4265, 6.64, 6.568]
[4224, 6.568, 6.737]
[4315, 6.737, 6.51]
[4629, 6.51, 6.624]
[4357, 6.624, 6.696]
[4427, 6.696, 6.735]
[4272, 6.735, 6.817]
[4713, 6.817, 6.722]
[4495, 6.722, 6.897]
[4389, 6.897, 7.09]
[4522, 7.09, 7.338]
[4302, 7.338, 6.985]
[4211, 6.985, 6.892]
[4394, 6.892, 7.526]
[4463, 7.526, 7.53]
[4188, 7.53, 7.311]
[4246, 7.311, 7.375]
[4312, 7.375, 7.613]
[4364, 7.613, 7.637]
[4319, 7.637, 7.318]
[4249, 7.318, 7.344]
[4303, 7.344, 7.712]
[4248, 7.712, 7.654]
[4188, 7.654, 7.505]
[4359, 7.505, 7.5]
[4399, 7.5, 7.667]
[4294, 7.667, 7.455]
[4241, 7.455, 7.384]
[4393, 7.384, 7.678]
[4428, 7.678, 7.556]
[4293, 7.556, 7.531]
[4188, 7.531, 7.696]
[4231, 7.696, 7.666]
[4202, 7.666, 7.604]
[4408, 7.604, 7.777]
[4354, 7.777, 7.737]
[4220, 7.737, 7.444]
[4484, 7.444, 7.797]
[4501, 7.797, 7.642]
[4271, 7.642, 7.862]
[4423, 7.862, 7.823]
[4481, 7.823, 7.715]
[4486, 7.715, 7.33]
[4268, 7.33, 7.308]
[4351, 7.308, 7.663]
[4356, 7.663, 7.58]
[4232, 7.58, 7.545]
[4275, 7.545, 7.576]
[4351, 7.576, 7.595]
[4445, 7.595, 7.238]
[4552, 7.238, 7.393]
[4400, 7.393, 7.511]
[4188, 7.511, 7.543]
[4280, 7.543, 7.492]
[4367, 7.492, 7.611]
[4258, 7.611, 7.832]
[4460, 7.832, 7.676]
[4376, 7.676, 7.593]
[4268, 7.593, 7.814]
[4516, 7.814, 7.974]
[4528, 7.974, 7.773]
[4188, 7.773, 7.71]
[4246, 7.71, 7.527]
[4262, 7.527, 7.922]
[4254, 7.922, 8.18]
[4396, 8.18, 8.048]
[4280, 8.048, 7.857]
[4219, 7.857, 7.961]
[4328, 7.961, 8.054]
[4219, 8.054, 7.932]
[4335, 7.932, 7.718]
[4387, 7.718, 7.644]
[4350, 7.644, 7.637]
[4303, 7.637, 7.603]
[4254, 7.603, 7.58]
[4381, 7.58, 7.585]
[4507, 7.585, 7.563]
[4439, 7.563, 7.565]
[4287, 7.565, 7.55]
[4368, 7.55, 8.006]
[4341, 8.006, 7.843]
[4632, 7.843, 7.763]
[4210, 7.763, 7.762]
[4188, 7.762, 7.991]
[4285, 7.991, 7.848]
[4479, 7.848, 7.911]
[4490, 7.911, 7.811]
[4188, 7.811, 7.777]
[4229, 7.777, 7.775]
[4343, 7.775, 7.708]
[4188, 7.708, 7.964]
[4443, 7.964, 7.856]
[4483, 7.856, 7.28]
[4287, 7.28, 7.33]
[4521, 7.33, 7.775]
[4357, 7.775, 7.569]
[4501, 7.569, 7.365]
[4225, 7.365, 7.83]
[4398, 7.83, 7.679]
[4288, 7.679, 7.468]
[4426, 7.468, 7.398]
[4219, 7.398, 7.277]
[4398, 7.277, 7.364]
[4241, 7.364, 7.247]
[4301, 7.247, 7.119]
[4492, 7.119, 7.162]
[4335, 7.162, 7.124]
[4442, 7.124, 7.008]
[4209, 7.008, 6.958]
[4307, 6.958, 7.136]
[4363, 7.136, 7.374]
[4335, 7.374, 7.329]
[4513, 7.329, 7.405]
[4212, 7.405, 7.252]
[4303, 7.252, 7.579]
[4268, 7.579, 7.861]
[4449, 7.861, 7.813]
[4471, 7.813, 7.536]
[4349, 7.536, 7.458]
[4466, 7.458, 7.599]
[4456, 7.599, 7.378]
[4302, 7.378, 7.18]
[4464, 7.18, 7.291]
[4299, 7.291, 7.181]
[4503, 7.181, 7.114]
[4358, 7.114, 7.046]
[4511, 7.046, 7.26]
[4376, 7.26, 7.367]
[4409, 7.367, 7.353]
[4323, 7.353, 7.235]
[4188, 7.235, 7.198]
[4484, 7.198, 7.408]
[4263, 7.408, 7.567]
[4429, 7.567, 7.296]
[4423, 7.296, 7.341]
[4413, 7.341, 7.482]
[4356, 7.482, 7.159]
[4429, 7.159, 7.085]
[4236, 7.085, 7.068]
[4289, 7.068, 7.062]
[4281, 7.062, 6.989]
[4507, 6.989, 6.96]
[4188, 6.96, 6.999]
[4514, 6.999, 6.855]
[4422, 6.855, 6.976]
[4363, 6.976, 6.929]
[4425, 6.929, 6.911]
[4254, 6.911, 6.787]
[4209, 6.787, 6.909]
[4227, 6.909, 6.818]
[4531, 6.818, 6.805]
[4359, 6.805, 6.649]
[4202, 6.649, 6.476]
[4188, 6.476, 6.83]
[4718, 6.83, 6.718]
[4407, 6.718, 6.38]
[4453, 6.38, 6.575]
[4310, 6.575, 6.837]
[4188, 6.837, 6.846]
[4235, 6.846, 6.58]
[4268, 6.58, 6.687]
[4290, 6.687, 6.584]
[4317, 6.584, 6.499]
[4188, 6.499, 6.441]
[4229, 6.441, 6.406]
[4189, 6.406, 6.523]
[4570, 6.523, 6.477]
[4210, 6.477, 6.151]
[4456, 6.151, 6.128]
[4265, 6.128, 6.365]
[4289, 6.365, 6.291]
[4326, 6.291, 6.102]
[4188, 6.102, 6.239]
[4333, 6.239, 6.311]
[4248, 6.311, 6.161]
[4370, 6.161, 5.927]
[4282, 5.927, 5.842]
[4300, 5.842, 6.026]
[4241, 6.026, 6.087]
[4272, 6.087, 6.082]
[4342, 6.082, 6.056]
[4389, 6.056, 6.159]
[4445, 6.159, 6.124]
[4323, 6.124, 5.912]
[4366, 5.912, 5.818]
[4490, 5.818, 6.259]
[4598, 6.259, 6.164]
[4268, 6.164, 5.968]
[4271, 5.968, 5.828]
[4343, 5.828, 6.099]
[4526, 6.099, 6.308]
[4400, 6.308, 6.145]
[4421, 6.145, 6.392]
[4265, 6.392, 6.358]
[4412, 6.358, 6.557]
[4276, 6.557, 6.45]
[4445, 6.45, 6.352]
[4271, 6.352, 6.854]
[4331, 6.854, 6.871]
[4251, 6.871, 6.655]
[4228, 6.655, 6.593]
[4355, 6.593, 6.703]
[4196, 6.703, 6.717]
[4330, 6.717, 6.658]
[4394, 6.658, 6.958]
[4365, 6.958, 7.0]
[4330, 7.0, 6.924]
[4189, 6.924, 6.802]
[4188, 6.802, 6.701]
[4484, 6.701, 6.811]
[4331, 6.811, 6.758]
[4287, 6.758, 6.713]
[4245, 6.713, 6.603]
[4351, 6.603, 6.496]
[4558, 6.496, 6.26]
[4188, 6.26, 6.526]
[4188, 6.526, 7.088]
[4469, 7.088, 6.99]
[4373, 6.99, 6.878]
[4358, 6.878, 6.852]
[4466, 6.852, 7.049]
[4420, 7.049, 7.081]
[4469, 7.081, 6.871]
[4398, 6.871, 6.805]
[4299, 6.805, 6.83]
[4322, 6.83, 6.717]
[4421, 6.717, 6.855]
[4494, 6.855, 6.756]
[4528, 6.756, 6.955]
[4262, 6.955, 7.111]
[4386, 7.111, 6.966]
[4279, 6.966, 6.769]
[4234, 6.769, 7.019]
[4293, 7.019, 7.062]
[4433, 7.062, 7.093]
[4333, 7.093, 6.933]
[4443, 6.933, 7.015]
[4368, 7.015, 7.204]
[4320, 7.204, 7.234]
[4417, 7.234, 7.068]
[4556, 7.068, 6.996]
[4217, 6.996, 6.799]
[4539, 6.799, 6.96]
[4285, 6.96, 7.099]
[4188, 7.099, 7.062]
[4362, 7.062, 7.182]
[4354, 7.182, 7.198]
[4435, 7.198, 7.173]
[4298, 7.173, 7.102]
[4446, 7.102, 7.302]
[4372, 7.302, 7.377]
[4290, 7.377, 7.344]
[4188, 7.344, 7.357]
[4304, 7.357, 7.299]
[4188, 7.299, 7.328]
[4537, 7.328, 7.388]
[4255, 7.388, 7.307]
[4188, 7.307, 7.499]
[4406, 7.499, 7.533]
[4336, 7.533, 7.387]
[4307, 7.387, 7.288]
[4306, 7.288, 7.245]
[4377, 7.245, 7.296]
[4385, 7.296, 7.386]
[4360, 7.386, 7.022]
[4300, 7.022, 6.81]
[4241, 6.81, 7.08]
[4381, 7.08, 6.992]
[4421, 6.992, 6.889]
[4402, 6.889, 6.976]
[4383, 6.976, 6.892]
[4371, 6.892, 6.547]
[4325, 6.547, 6.527]
[4235, 6.527, 6.601]
[4310, 6.601, 6.526]
[4459, 6.526, 6.483]
[4188, 6.483, 6.463]
[4296, 6.463, 6.897]
[4417, 6.897, 6.836]
[4190, 6.836, 6.683]
[4560, 6.683, 7.136]
[4598, 7.136, 6.813]
[4289, 6.813, 6.595]
[4188, 6.595, 6.912]
[4307, 6.912, 7.038]
[4872, 7.038, 7.116]
[4305, 7.116, 6.912]
[4482, 6.912, 6.953]
[4188, 6.953, 7.084]
[4500, 7.084, 7.386]
[4388, 7.386, 6.929]
[4339, 6.929, 6.709]
[4266, 6.709, 7.242]
[4639, 7.242, 7.496]
[4315, 7.496, 7.334]
[4269, 7.334, 7.262]
[4212, 7.262, 7.349]
[4529, 7.349, 7.482]
[4218, 7.482, 7.381]
[4390, 7.381, 7.353]
[4188, 7.353, 7.313]
[4397, 7.313, 7.127]
[4353, 7.127, 7.198]
[4427, 7.198, 7.219]
[4341, 7.219, 7.176]
[4229, 7.176, 7.279]
[4208, 7.279, 7.244]
[4262, 7.244, 7.37]
[4348, 7.37, 7.439]
[4307, 7.439, 7.227]
[4200, 7.227, 7.131]
[4353, 7.131, 6.994]
[4191, 6.994, 6.937]
[4487, 6.937, 7.089]
[4470, 7.089, 7.068]
[4188, 7.068, 7.072]
[4252, 7.072, 6.957]
[4326, 6.957, 6.993]
[4444, 6.993, 6.923]
[4467, 6.923, 6.782]
[4293, 6.782, 6.756]
[4512, 6.756, 6.747]
[4252, 6.747, 6.651]
[4188, 6.651, 6.884]
[4815, 6.884, 6.911]
[4361, 6.911, 6.59]
[4310, 6.59, 6.692]
[4425, 6.692, 7.186]
[4207, 7.186, 7.042]
[4528, 7.042, 6.864]
[4220, 6.864, 6.694]
[4323, 6.694, 6.933]
[4251, 6.933, 7.016]
[4413, 7.016, 6.987]
[4246, 6.987, 6.859]
[4483, 6.859, 6.792]
[4254, 6.792, 6.684]
[4508, 6.684, 6.718]
[4423, 6.718, 6.554]
[4338, 6.554, 6.512]
[4427, 6.512, 6.606]
[4476, 6.606, 6.368]
[4395, 6.368, 6.08]
[4502, 6.08, 6.151]
[4335, 6.151, 6.451]
[4445, 6.451, 6.274]
[4249, 6.274, 6.161]
[4286, 6.161, 6.128]
[4242, 6.128, 6.216]
[4489, 6.216, 6.225]
[4188, 6.225, 6.177]
[4375, 6.177, 6.184]
[4224, 6.184, 6.096]
[4237, 6.096, 6.196]
[4429, 6.196, 6.088]
[4348, 6.088, 5.855]
[4250, 5.855, 5.997]
[4350, 5.997, 5.938]
[4678, 5.938, 5.919]
[4438, 5.919, 5.893]
[4421, 5.893, 5.809]
[4288, 5.809, 5.821]
[4362, 5.821, 5.851]
[4189, 5.851, 5.756]
[4240, 5.756, 5.602]
[4407, 5.602, 5.643]
[4525, 5.643, 5.452]
[4248, 5.452, 5.178]
[4378, 5.178, 5.388]
[4199, 5.388, 5.541]
[4492, 5.541, 5.503]
[4351, 5.503, 5.287]
[4402, 5.287, 5.432]
[4317, 5.432, 5.659]
[4382, 5.659, 5.738]
[4360, 5.738, 5.64]
[4282, 5.64, 5.572]
[4326, 5.572, 5.663]
[4430, 5.663, 5.759]
[4391, 5.759, 5.629]
[4237, 5.629, 5.556]
[4292, 5.556, 5.346]
[4472, 5.346, 5.487]
[4596, 5.487, 5.758]
[4324, 5.758, 5.648]
[4249, 5.648, 5.378]
[4449, 5.378, 5.519]
[4188, 5.519, 5.651]
[4419, 5.651, 5.712]
[4406, 5.712, 5.572]
[4317, 5.572, 5.435]
[4353, 5.435, 5.425]
[4457, 5.425, 5.479]
[4286, 5.479, 5.455]
[4263, 5.455, 5.314]
[4188, 5.314, 5.308]
[4709, 5.308, 5.672]
[4405, 5.672, 5.584]
[4206, 5.584, 5.422]
[4206, 5.422, 5.633]
[4368, 5.633, 5.708]
[4339, 5.708, 5.654]
[4456, 5.654, 5.586]
[4349, 5.586, 5.617]
[4372, 5.617, 5.576]
[4275, 5.576, 5.527]
[4188, 5.527, 5.632]
[4343, 5.632, 5.631]
[4301, 5.631, 5.455]
[4188, 5.455, 5.553]
[4249, 5.553, 5.587]
[4245, 5.587, 5.493]
[4272, 5.493, 5.42]
[4381, 5.42, 5.331]
[4270, 5.331, 5.4]
[4644, 5.4, 5.404]
[4261, 5.404, 5.171]
[4188, 5.171, 5.169]
[4656, 5.169, 5.329]
[4389, 5.329, 5.295]
[4406, 5.295, 5.193]
[4273, 5.193, 5.191]
[4392, 5.191, 5.128]
[4360, 5.128, 5.278]
[4188, 5.278, 5.231]
[4336, 5.231, 5.236]
[4508, 5.236, 5.185]
[4188, 5.185, 5.157]
[4243, 5.157, 5.391]
[4297, 5.391, 5.406]
[4275, 5.406, 5.451]
[4466, 5.451, 5.299]
[4368, 5.299, 5.279]
[4244, 5.279, 5.358]
[4188, 5.358, 5.486]
[4263, 5.486, 5.551]
[4262, 5.551, 5.431]
[4257, 5.431, 5.334]
[4207, 5.334, 5.426]
[4363, 5.426, 5.39]
[4338, 5.39, 5.438]
[4519, 5.438, 5.515]
[4485, 5.515, 5.445]
[4327, 5.445, 5.43]
[4188, 5.43, 5.428]
[4450, 5.428, 5.402]
[4483, 5.402, 5.465]
[4273, 5.465, 5.455]
[4221, 5.455, 5.458]
[4229, 5.458, 5.392]
[4334, 5.392, 5.363]
[4278, 5.363, 5.235]
[4188, 5.235, 5.346]
[4393, 5.346, 5.457]
[4449, 5.457, 5.32]
[4295, 5.32, 5.389]
[4390, 5.389, 5.79]
[4369, 5.79, 5.712]
[4476, 5.712, 5.445]
[4395, 5.445, 5.388]
[4356, 5.388, 5.427]
[4245, 5.427, 5.483]
[4443, 5.483, 5.298]
[4522, 5.298, 5.277]
[4188, 5.277, 5.447]
[4367, 5.447, 5.499]
[4461, 5.499, 5.448]
[4275, 5.448, 5.359]
[4312, 5.359, 5.383]
[4266, 5.383, 5.431]
[4543, 5.431, 5.443]
[4414, 5.443, 5.353]
[4256, 5.353, 5.42]
[4584, 5.42, 5.767]
[4188, 5.767, 5.656]
[4366, 5.656, 5.404]
[4188, 5.404, 5.656]
[4384, 5.656, 5.862]
[4266, 5.862, 5.802]
[4333, 5.802, 5.751]
[4458, 5.751, 5.945]
[4361, 5.945, 5.944]
[4458, 5.944, 5.81]
[4493, 5.81, 5.884]
[4440, 5.884, 6.04]
[4521, 6.04, 6.29]
[4433, 6.29, 6.188]
[4288, 6.188, 6.291]
[4188, 6.291, 6.482]
[4316, 6.482, 6.298]
[4224, 6.298, 6.265]
[4188, 6.265, 6.625]
[4538, 6.625, 6.653]
[4188, 6.653, 6.6]
[4442, 6.6, 6.706]
[4454, 6.706, 6.575]
[4375, 6.575, 6.486]
[4250, 6.486, 7.071]
[4355, 7.071, 7.177]
[4463, 7.177, 7.157]
[4381, 7.157, 6.926]
[4458, 6.926, 7.12]
[4393, 7.12, 7.076]
[4335, 7.076, 6.967]
[4254, 6.967, 6.847]
[4242, 6.847, 7.038]
[4397, 7.038, 7.127]
[4444, 7.127, 6.993]
[4328, 6.993, 7.064]
[4244, 7.064, 7.022]
[4365, 7.022, 6.967]
[4271, 6.967, 6.828]
[4268, 6.828, 6.976]
[4404, 6.976, 7.307]
[4237, 7.307, 6.888]
[4624, 6.888, 6.988]
[4330, 6.988, 7.236]
[4253, 7.236, 7.223]
[4322, 7.223, 7.274]
[4449, 7.274, 7.088]
[4196, 7.088, 7.145]
[4422, 7.145, 7.152]
[4489, 7.152, 6.98]
[4188, 6.98, 7.078]
[4273, 7.078, 7.273]
[4321, 7.273, 7.241]
[4260, 7.241, 7.111]
[4245, 7.111, 7.202]
[4407, 7.202, 7.103]
[4224, 7.103, 7.158]
[4252, 7.158, 7.257]
[4339, 7.257, 7.26]
[4382, 7.26, 7.425]
[4188, 7.425, 7.187]
[4584, 7.187, 7.209]
[4270, 7.209, 7.097]
[4409, 7.097, 6.973]
[4631, 6.973, 7.069]
[4431, 7.069, 7.031]
[4253, 7.031, 6.956]
[4260, 6.956, 7.192]
[4522, 7.192, 7.105]
[4268, 7.105, 7.044]
[4188, 7.044, 7.216]
[4444, 7.216, 7.388]
[4379, 7.388, 7.245]
[4340, 7.245, 7.238]
[4687, 7.238, 7.331]
[4527, 7.331, 7.225]
[4188, 7.225, 7.275]
[4188, 7.275, 7.651]
[4442, 7.651, 7.509]
[4202, 7.509, 7.207]
[4206, 7.207, 7.301]
[4469, 7.301, 7.704]
[4627, 7.704, 7.15]
[4361, 7.15, 6.814]
[4277, 6.814, 7.16]
[4345, 7.16, 7.293]
[4753, 7.293, 7.471]
[4365, 7.471, 7.114]
[4248, 7.114, 6.972]
[4319, 6.972, 7.216]
[4422, 7.216, 7.286]
[4725, 7.286, 7.188]
[4192, 7.188, 7.138]
[4410, 7.138, 7.253]
[4317, 7.253, 7.599]
[4441, 7.599, 7.58]
[4246, 7.58, 7.444]
[4393, 7.444, 7.519]
[4284, 7.519, 7.569]
[4225, 7.569, 7.836]
[4294, 7.836, 7.729]
[4405, 7.729, 7.798]
[4258, 7.798, 7.739]
[4346, 7.739, 7.762]
[4261, 7.762, 7.689]
[4339, 7.689, 7.478]
[4650, 7.478, 7.545]
[4512, 7.545, 7.751]
[4291, 7.751, 7.577]
[4478, 7.577, 7.703]
[4322, 7.703, 7.748]
[4371, 7.748, 7.742]
[4219, 7.742, 7.748]
[4400, 7.748, 7.66]
[4401, 7.66, 7.497]
[4237, 7.497, 7.355]
[4561, 7.355, 7.449]
[4337, 7.449, 7.601]
[4455, 7.601, 7.289]
[4503, 7.289, 7.165]
[4384, 7.165, 7.285]
[4676, 7.285, 7.669]
[4563, 7.669, 7.513]
[4456, 7.513, 7.235]
[4225, 7.235, 7.372]
[4441, 7.372, 7.866]
[4602, 7.866, 7.831]
[4341, 7.831, 7.592]
[4188, 7.592, 7.895]
[4302, 7.895, 7.834]
[4467, 7.834, 7.87]
[4300, 7.87, 7.533]
[4188, 7.533, 7.157]
[4322, 7.157, 7.686]
[4360, 7.686, 7.966]
[4423, 7.966, 7.844]
[4188, 7.844, 7.73]
[4245, 7.73, 7.711]
[4188, 7.711, 7.965]
[4190, 7.965, 7.829]
[4307, 7.829, 7.689]
[4188, 7.689, 7.473]
[4188, 7.473, 8.244]
[4342, 8.244, 8.762]
[4489, 8.762, 8.714]
[4439, 8.714, 8.244]
[4626, 8.244, 8.5]
[4188, 8.5, 8.828]
[4188, 8.828, 9.361]
[4338, 9.361, 9.056]
[4531, 9.056, 9.008]
[4188, 9.008, 9.037]
